#           k/h    CDM            baryon         photon         nu             mass_nu        total          no_nu          total_de       Weyl           v_CDM          v_b            v_b-v_c     
   1.1521562E-05   1.1804087E+07   1.1804087E+07   1.5732072E+07   -2.2701098E+05   -7.6189420E+06   1.1804095E+07   1.1804087E+07   7.1413142E+06   0.0000000E+00   0.0000000E+00   0.0000000E+00   0.0000000E+00
   1.2381161E-05   1.1804088E+07   1.1804088E+07   1.5731035E+07   -2.2700785E+05   -7.6188003E+06   1.1804096E+07   1.1804088E+07   7.1413148E+06   0.0000000E+00   0.0000000E+00   0.0000000E+00   0.0000000E+00
   1.3304892E-05   1.1804090E+07   1.1804090E+07   1.5729839E+07   -2.2700423E+05   -7.6186368E+06   1.1804098E+07   1.1804090E+07   7.1413155E+06   0.0000000E+00   0.0000000E+00   0.0000000E+00   0.0000000E+00
   1.4297541E-05   1.1804092E+07   1.1804092E+07   1.5728457E+07   -2.2700005E+05   -7.6184479E+06   1.1804100E+07   1.1804092E+07   7.1413163E+06   0.0000000E+00   0.0000000E+00   0.0000000E+00   0.0000000E+00
   1.5364250E-05   1.1804094E+07   1.1804094E+07   1.5726861E+07   -2.2699523E+05   -7.6182299E+06   1.1804102E+07   1.1804094E+07   7.1413173E+06   0.0000000E+00   0.0000000E+00   0.0000000E+00   0.0000000E+00
   1.6510543E-05   1.1804096E+07   1.1804096E+07   1.5725019E+07   -2.2698965E+05   -7.6179780E+06   1.1804105E+07   1.1804096E+07   7.1413184E+06   0.0000000E+00   0.0000000E+00   0.0000000E+00   0.0000000E+00
   1.7742359E-05   1.1804099E+07   1.1804099E+07   1.5722891E+07   -2.2698322E+05   -7.6176872E+06   1.1804107E+07   1.1804099E+07   7.1413196E+06   0.0000000E+00   0.0000000E+00   0.0000000E+00   0.0000000E+00
   1.9066078E-05   1.1804103E+07   1.1804103E+07   1.5720435E+07   -2.2697579E+05   -7.6173514E+06   1.1804111E+07   1.1804103E+07   7.1413211E+06   0.0000000E+00   0.0000000E+00   0.0000000E+00   0.0000000E+00
   2.0488556E-05   1.1804107E+07   1.1804107E+07   1.5717599E+07   -2.2696721E+05   -7.6169637E+06   1.1804115E+07   1.1804107E+07   7.1413228E+06   0.0000000E+00   0.0000000E+00   0.0000000E+00   0.0000000E+00
   2.2017163E-05   1.1804112E+07   1.1804112E+07   1.5714325E+07   -2.2695730E+05   -7.6165160E+06   1.1804119E+07   1.1804112E+07   7.1413248E+06   0.0000000E+00   0.0000000E+00   0.0000000E+00   0.0000000E+00
   2.3659816E-05   1.1804117E+07   1.1804117E+07   1.5710544E+07   -2.2694586E+05   -7.6159990E+06   1.1804124E+07   1.1804117E+07   7.1413270E+06   0.0000000E+00   0.0000000E+00   0.0000000E+00   0.0000000E+00
   2.5425023E-05   1.1804123E+07   1.1804123E+07   1.5706180E+07   -2.2693265E+05   -7.6154021E+06   1.1804130E+07   1.1804123E+07   7.1413296E+06   0.0000000E+00   0.0000000E+00   0.0000000E+00   0.0000000E+00
   2.7321929E-05   1.1804130E+07   1.1804130E+07   1.5701141E+07   -2.2691740E+05   -7.6147129E+06   1.1804137E+07   1.1804130E+07   7.1413327E+06   0.0000000E+00   0.0000000E+00   0.0000000E+00   0.0000000E+00
   2.9360359E-05   1.1804138E+07   1.1804138E+07   1.5695324E+07   -2.2689978E+05   -7.6139171E+06   1.1804145E+07   1.1804138E+07   7.1413361E+06   0.0000000E+00   0.0000000E+00   0.0000000E+00   0.0000000E+00
   3.1550871E-05   1.1804148E+07   1.1804148E+07   1.5688610E+07   -2.2687944E+05   -7.6129982E+06   1.1804154E+07   1.1804148E+07   7.1413402E+06   0.0000000E+00   0.0000000E+00   0.0000000E+00   0.0000000E+00
   3.3904813E-05   1.1804159E+07   1.1804159E+07   1.5680859E+07   -2.2685596E+05   -7.6119373E+06   1.1804164E+07   1.1804159E+07   7.1413448E+06   0.0000000E+00   0.0000000E+00   0.0000000E+00   0.0000000E+00
   3.6434378E-05   1.1804171E+07   1.1804171E+07   1.5671913E+07   -2.2682885E+05   -7.6107125E+06   1.1804176E+07   1.1804171E+07   7.1413502E+06   0.0000000E+00   0.0000000E+00   0.0000000E+00   0.0000000E+00
   3.9152667E-05   1.1804186E+07   1.1804186E+07   1.5661589E+07   -2.2679755E+05   -7.6092984E+06   1.1804190E+07   1.1804186E+07   7.1413563E+06   0.0000000E+00   0.0000000E+00   0.0000000E+00   0.0000000E+00
   4.2073763E-05   1.1804203E+07   1.1804203E+07   1.5649674E+07   -2.2676140E+05   -7.6076659E+06   1.1804206E+07   1.1804203E+07   7.1413635E+06   0.0000000E+00   0.0000000E+00   0.0000000E+00   0.0000000E+00
   4.5212795E-05   1.1804222E+07   1.1804222E+07   1.5635926E+07   -2.2671968E+05   -7.6057812E+06   1.1804225E+07   1.1804222E+07   7.1413717E+06   0.0000000E+00   0.0000000E+00   0.0000000E+00   0.0000000E+00
   4.8586023E-05   1.1804245E+07   1.1804245E+07   1.5620064E+07   -2.2667151E+05   -7.6036057E+06   1.1804246E+07   1.1804245E+07   7.1413812E+06   0.0000000E+00   0.0000000E+00   0.0000000E+00   0.0000000E+00
   5.2210921E-05   1.1804271E+07   1.1804271E+07   1.5601766E+07   -2.2661589E+05   -7.6010944E+06   1.1804271E+07   1.1804271E+07   7.1413922E+06   0.0000000E+00   0.0000000E+00   0.0000000E+00   0.0000000E+00
   5.6106264E-05   1.1804301E+07   1.1804301E+07   1.5580660E+07   -2.2655170E+05   -7.5981959E+06   1.1804300E+07   1.1804301E+07   7.1414048E+06   0.0000000E+00   0.0000000E+00   0.0000000E+00   0.0000000E+00
   6.0292231E-05   1.1804335E+07   1.1804335E+07   1.5556320E+07   -2.2647759E+05   -7.5948506E+06   1.1804332E+07   1.1804335E+07   7.1414194E+06   0.0000000E+00   0.0000000E+00   0.0000000E+00   0.0000000E+00
   6.4790503E-05   1.1804375E+07   1.1804375E+07   1.5528257E+07   -2.2639206E+05   -7.5909900E+06   1.1804370E+07   1.1804375E+07   7.1414362E+06   0.0000000E+00   0.0000000E+00   0.0000000E+00   0.0000000E+00
   6.9624382E-05   1.1804421E+07   1.1804421E+07   1.5495909E+07   -2.2629334E+05   -7.5865351E+06   1.1804414E+07   1.1804421E+07   7.1414556E+06   0.0000000E+00   0.0000000E+00   0.0000000E+00   0.0000000E+00
   7.4818906E-05   1.1804474E+07   1.1804474E+07   1.5458633E+07   -2.2617941E+05   -7.5813950E+06   1.1804465E+07   1.1804474E+07   7.1414780E+06   0.0000000E+00   0.0000000E+00   0.0000000E+00   0.0000000E+00
   8.0400982E-05   1.1804535E+07   1.1804535E+07   1.5415691E+07   -2.2604795E+05   -7.5754653E+06   1.1804523E+07   1.1804535E+07   7.1415038E+06   0.0000000E+00   0.0000000E+00   0.0000000E+00   0.0000000E+00
   8.6399525E-05   1.1804606E+07   1.1804606E+07   1.5366241E+07   -2.2589626E+05   -7.5686255E+06   1.1804591E+07   1.1804606E+07   7.1415335E+06   0.0000000E+00   0.0000000E+00   0.0000000E+00   0.0000000E+00
   9.2845606E-05   1.1804687E+07   1.1804687E+07   1.5309322E+07   -2.2572126E+05   -7.5607375E+06   1.1804668E+07   1.1804687E+07   7.1415677E+06   0.0000000E+00   0.0000000E+00   0.0000000E+00   0.0000000E+00
   9.9772615E-05   1.1804781E+07   1.1804781E+07   1.5243838E+07   -2.2551940E+05   -7.5516424E+06   1.1804758E+07   1.1804781E+07   7.1416071E+06   0.0000000E+00   0.0000000E+00   0.0000000E+00   0.0000000E+00
   1.0721643E-04   1.1804889E+07   1.1804889E+07   1.5168543E+07   -2.2528659E+05   -7.5411580E+06   1.1804861E+07   1.1804889E+07   7.1416525E+06   0.0000000E+00   0.0000000E+00   0.0000000E+00   0.0000000E+00
   1.1521562E-04   1.1805013E+07   1.1805013E+07   1.5082026E+07   -2.2501815E+05   -7.5290753E+06   1.1804979E+07   1.1805013E+07   7.1417046E+06   0.0000000E+00   0.0000000E+00   0.0000000E+00   0.0000000E+00
   1.2381161E-04   1.1805156E+07   1.1805156E+07   1.4982693E+07   -2.2470868E+05   -7.5151550E+06   1.1805116E+07   1.1805156E+07   7.1417646E+06   0.0000000E+00   0.0000000E+00   0.0000000E+00   0.0000000E+00
   1.3304892E-04   1.1805321E+07   1.1805321E+07   1.4868745E+07   -2.2435202E+05   -7.4991236E+06   1.1805273E+07   1.1805321E+07   7.1418335E+06   0.0000000E+00   0.0000000E+00   0.0000000E+00   0.0000000E+00
   1.4297541E-04   1.1805511E+07   1.1805511E+07   1.4738170E+07   -2.2394110E+05   -7.4806685E+06   1.1805454E+07   1.1805511E+07   7.1419125E+06   0.0000000E+00   0.0000000E+00   0.0000000E+00   0.0000000E+00
   1.5364250E-04   1.1805729E+07   1.1805729E+07   1.4588719E+07   -2.2346781E+05   -7.4594335E+06   1.1805662E+07   1.1805729E+07   7.1420032E+06   0.0000000E+00   0.0000000E+00   0.0000000E+00   0.0000000E+00
   1.6510543E-04   1.1805979E+07   1.1805979E+07   1.4417902E+07   -2.2292293E+05   -7.4350136E+06   1.1805900E+07   1.1805979E+07   7.1421070E+06   0.0000000E+00   0.0000000E+00   0.0000000E+00   0.0000000E+00
   1.7742359E-04   1.1806267E+07   1.1806267E+07   1.4222978E+07   -2.2229592E+05   -7.4069490E+06   1.1806175E+07   1.1806267E+07   7.1422258E+06   0.0000000E+00   0.0000000E+00   0.0000000E+00   0.0000000E+00
   1.9066078E-04   1.1806596E+07   1.1806596E+07   1.4000958E+07   -2.2157479E+05   -7.3747198E+06   1.1806489E+07   1.1806596E+07   7.1423615E+06   0.0000000E+00   0.0000000E+00   0.0000000E+00   0.0000000E+00
   2.0488556E-04   1.1806974E+07   1.1806974E+07   1.3748622E+07   -2.2074593E+05   -7.3377396E+06   1.1806849E+07   1.1806974E+07   7.1425162E+06   0.0000000E+00   0.0000000E+00   0.0000000E+00   0.0000000E+00
   2.2017163E-04   1.1807406E+07   1.1807406E+07   1.3462547E+07   -2.1979394E+05   -7.2953499E+06   1.1807260E+07   1.1807406E+07   7.1426922E+06   0.0000000E+00   0.0000000E+00   0.0000000E+00   0.0000000E+00
   2.3659816E-04   1.1807900E+07   1.1807900E+07   1.3139161E+07   -2.1870143E+05   -7.2468147E+06   1.1807731E+07   1.1807900E+07   7.1428920E+06   0.0000000E+00   0.0000000E+00   0.0000000E+00   0.0000000E+00
   2.5425023E-04   1.1808464E+07   1.1808464E+07   1.2774829E+07   -2.1744889E+05   -7.1913160E+06   1.1808267E+07   1.1808464E+07   7.1431181E+06   0.0000000E+00   0.0000000E+00   0.0000000E+00   0.0000000E+00
   2.7321929E-04   1.1809105E+07   1.1809105E+07   1.2365970E+07   -2.1601446E+05   -7.1279509E+06   1.1808876E+07   1.1809105E+07   7.1433731E+06   0.0000000E+00   0.0000000E+00   0.0000000E+00   0.0000000E+00
   2.9360359E-04   1.1809833E+07   1.1809833E+07   1.1909229E+07   -2.1437385E+05   -7.0557305E+06   1.1809569E+07   1.1809833E+07   7.1436597E+06   0.0000000E+00   0.0000000E+00   0.0000000E+00   0.0000000E+00
   3.1550871E-04   1.1810658E+07   1.1810658E+07   1.1401696E+07   -2.1250021E+05   -6.9735830E+06   1.1810352E+07   1.1810658E+07   7.1439801E+06   0.0000000E+00   0.0000000E+00   0.0000000E+00   0.0000000E+00
   3.3904813E-04   1.1811590E+07   1.1811590E+07   1.0841203E+07   -2.1036409E+05   -6.8803601E+06   1.1811235E+07   1.1811590E+07   7.1443363E+06   0.0000000E+00   0.0000000E+00   0.0000000E+00   0.0000000E+00
   3.6434378E-04   1.1812637E+07   1.1812637E+07   1.0226680E+07   -2.0793354E+05   -6.7748509E+06   1.1812228E+07   1.1812637E+07   7.1447297E+06   0.0000000E+00   0.0000000E+00   0.0000000E+00   0.0000000E+00
   3.9152667E-04   1.1813810E+07   1.1813810E+07   9.5585916E+06   -2.0517429E+05   -6.6558023E+06   1.1813338E+07   1.1813810E+07   7.1451605E+06   0.0000000E+00   0.0000000E+00   0.0000000E+00   0.0000000E+00
   4.2073763E-04   1.1815116E+07   1.1815116E+07   8.8394397E+06   -2.0205011E+05   -6.5219510E+06   1.1814573E+07   1.1815116E+07   7.1456275E+06   0.0000000E+00   0.0000000E+00   0.0000000E+00   0.0000000E+00
   4.5212795E-04   1.1816563E+07   1.1816563E+07   8.0743011E+06   -1.9852345E+05   -6.3720661E+06   1.1815937E+07   1.1816563E+07   7.1461272E+06   0.0000000E+00   0.0000000E+00   0.0000000E+00   0.0000000E+00
   4.8586023E-04   1.1818151E+07   1.1818151E+07   7.2713657E+06   -1.9455637E+05   -6.2050077E+06   1.1817431E+07   1.1818151E+07   7.1466533E+06   0.0000000E+00   0.0000000E+00   0.0000000E+00   0.0000000E+00
   5.2210921E-04   1.1819881E+07   1.1819881E+07   6.4423957E+06   -1.9011178E+05   -6.0198000E+06   1.1819054E+07   1.1819881E+07   7.1471956E+06   0.0000000E+00   0.0000000E+00   0.0000000E+00   0.0000000E+00
   5.6106264E-04   1.1821742E+07   1.1821742E+07   5.6029937E+06   -1.8515522E+05   -5.8157228E+06   1.1820793E+07   1.1821742E+07   7.1477388E+06   0.0000000E+00   0.0000000E+00   0.0000000E+00   0.0000000E+00
   6.0292231E-04   1.1823718E+07   1.1823718E+07   4.7725331E+06   -1.7965705E+05   -5.5924172E+06   1.1822631E+07   1.1823718E+07   7.1482609E+06   0.0000000E+00   0.0000000E+00   0.0000000E+00   0.0000000E+00
   6.4790503E-04   1.1825778E+07   1.1825778E+07   3.9735684E+06   -1.7359523E+05   -5.3500050E+06   1.1824535E+07   1.1825778E+07   7.1487321E+06   0.0000000E+00   0.0000000E+00   0.0000000E+00   0.0000000E+00
   6.9624382E-04   1.1827879E+07   1.1827879E+07   3.2305394E+06   -1.6695854E+05   -5.0892118E+06   1.1826458E+07   1.1827879E+07   7.1491127E+06   0.0000000E+00   0.0000000E+00   0.0000000E+00   0.0000000E+00
   7.4818906E-04   1.1829955E+07   1.1829955E+07   2.5676248E+06   -1.5975020E+05   -4.8114821E+06   1.1828336E+07   1.1829955E+07   7.1493516E+06   0.0000000E+00   0.0000000E+00   0.0000000E+00   0.0000000E+00
   8.0400982E-04   1.1831921E+07   1.1831921E+07   2.0057302E+06   -1.5199175E+05   -4.5190691E+06   1.1830079E+07   1.1831921E+07   7.1493847E+06   0.0000000E+00   0.0000000E+00   0.0000000E+00   0.0000000E+00
   8.6399525E-04   1.1833661E+07   1.1833661E+07   1.5588385E+06   -1.4372653E+05   -4.2150744E+06   1.1831571E+07   1.1833661E+07   7.1491336E+06   0.0000000E+00   0.0000000E+00   0.0000000E+00   0.0000000E+00
   9.2845606E-04   1.1835034E+07   1.1835034E+07   1.2303152E+06   -1.3502252E+05   -3.9034116E+06   1.1832667E+07   1.1835034E+07   7.1485054E+06   0.0000000E+00   0.0000000E+00   0.0000000E+00   0.0000000E+00
   9.9772615E-04   1.1835863E+07   1.1835863E+07   1.0102039E+06   -1.2597354E+05   -3.5886688E+06   1.1833191E+07   1.1835863E+07   7.1473931E+06   0.0000000E+00   0.0000000E+00   0.0000000E+00   0.0000000E+00
   1.0721643E-03   1.1835941E+07   1.1835941E+07   8.7490137E+05   -1.1669800E+05   -3.2758554E+06   1.1832935E+07   1.1835941E+07   7.1456777E+06   0.0000000E+00   0.0000000E+00   0.0000000E+00   0.0000000E+00
   1.1521562E-03   1.1835035E+07   1.1835035E+07   7.9058460E+05   -1.0733453E+05   -2.9700403E+06   1.1831663E+07   1.1835035E+07   7.1432314E+06   0.0000000E+00   0.0000000E+00   0.0000000E+00   0.0000000E+00
   1.2381161E-03   1.1832886E+07   1.1832886E+07   7.2098220E+05   -9.8033892E+04   -2.6759197E+06   1.1829120E+07   1.1832886E+07   7.1399224E+06   0.0000000E+00   0.0000000E+00   0.0000000E+00   0.0000000E+00
   1.3304892E-03   1.1829225E+07   1.1829225E+07   6.3826569E+05   -8.8947497E+04   -2.3973931E+06   1.1825036E+07   1.1829225E+07   7.1356207E+06   0.0000000E+00   0.0000000E+00   0.0000000E+00   0.0000000E+00
   1.4297541E-03   1.1823784E+07   1.1823784E+07   5.3322444E+05   -8.0214042E+04   -2.1372487E+06   1.1819144E+07   1.1823784E+07   7.1302028E+06   0.0000000E+00   0.0000000E+00   0.0000000E+00   0.0000000E+00
   1.5364250E-03   1.1816302E+07   1.1816302E+07   4.1877640E+05   -7.1946775E+04   -1.8970575E+06   1.1811189E+07   1.1816302E+07   7.1235556E+06   0.0000000E+00   0.0000000E+00   0.0000000E+00   0.0000000E+00
   1.6510543E-03   1.1806541E+07   1.1806541E+07   3.2168204E+05   -6.4224835E+04   -1.6773121E+06   1.1800934E+07   1.1806541E+07   7.1155768E+06   0.0000000E+00   0.0000000E+00   0.0000000E+00   0.0000000E+00
   1.7742359E-03   1.1794287E+07   1.1794287E+07   2.6338031E+05   -5.7091511E+04   -1.4777460E+06   1.1788168E+07   1.1794287E+07   7.1061718E+06   0.0000000E+00   0.0000000E+00   0.0000000E+00   0.0000000E+00
   1.9066078E-03   1.1779343E+07   1.1779343E+07   2.4109779E+05   -5.0559946E+04   -1.2976663E+06   1.1772700E+07   1.1779343E+07   7.0952481E+06   0.0000000E+00   0.0000000E+00   0.0000000E+00   0.0000000E+00
   2.0488556E-03   1.1761527E+07   1.1761527E+07   2.2689846E+05   -4.4623246E+04   -1.1361371E+06   1.1754351E+07   1.1761527E+07   7.0827097E+06   0.0000000E+00   0.0000000E+00   0.0000000E+00   0.0000000E+00
   2.2017163E-03   1.1740659E+07   1.1740659E+07   1.9272386E+05   -3.9263426E+04   -9.9199679E+05   1.1732942E+07   1.1740659E+07   7.0684542E+06   0.0000000E+00   0.0000000E+00   0.0000000E+00   0.0000000E+00
   2.3659816E-03   1.1716559E+07   1.1716559E+07   1.4146896E+05   -3.4454934E+04   -8.6388049E+05   1.1708295E+07   1.1716559E+07   7.0523733E+06   0.0000000E+00   0.0000000E+00   0.0000000E+00   0.0000000E+00
   2.5425023E-03   1.1689043E+07   1.1689043E+07   1.0457146E+05   -3.0164123E+04   -7.5039981E+05   1.1680227E+07   1.1689043E+07   7.0343542E+06   0.0000000E+00   0.0000000E+00   0.0000000E+00   0.0000000E+00
   2.7321929E-03   1.1657926E+07   1.1657926E+07   9.7898906E+04   -2.6350556E+04   -6.5032320E+05   1.1648549E+07   1.1657926E+07   7.0142789E+06   0.0000000E+00   0.0000000E+00   0.0000000E+00   0.0000000E+00
   2.9360359E-03   1.1623010E+07   1.1623010E+07   9.5633704E+04   -2.2972694E+04   -5.6246066E+05   1.1613061E+07   1.1623010E+07   6.9920210E+06   0.0000000E+00   0.0000000E+00   0.0000000E+00   0.0000000E+00
   3.1550871E-03   1.1584082E+07   1.1584082E+07   7.4591819E+04   -1.9992038E+04   -4.8545205E+05   1.1573550E+07   1.1584082E+07   6.9674437E+06   0.0000000E+00   0.0000000E+00   0.0000000E+00   0.0000000E+00
   3.3904813E-03   1.1540917E+07   1.1540917E+07   5.5888246E+04   -1.7370913E+04   -4.1800641E+05   1.1529790E+07   1.1540917E+07   6.9404028E+06   0.0000000E+00   0.0000000E+00   0.0000000E+00   0.0000000E+00
   3.6434378E-03   1.1493278E+07   1.1493278E+07   5.3301927E+04   -1.5070887E+04   -3.5920488E+05   1.1481543E+07   1.1493278E+07   6.9107474E+06   0.0000000E+00   0.0000000E+00   0.0000000E+00   0.0000000E+00
   3.9152667E-03   1.1440910E+07   1.1440910E+07   4.3485292E+04   -1.3057007E+04   -3.0809198E+05   1.1428558E+07   1.1440910E+07   6.8783177E+06   0.0000000E+00   0.0000000E+00   0.0000000E+00   0.0000000E+00
   4.2073763E-03   1.1383543E+07   1.1383543E+07   3.4059648E+04   -1.1298140E+04   -2.6361154E+05   1.1370566E+07   1.1383543E+07   6.8429448E+06   0.0000000E+00   0.0000000E+00   0.0000000E+00   0.0000000E+00
   4.5212795E-03   1.1320892E+07   1.1320892E+07   3.3930692E+04   -9.7640463E+03   -2.2512785E+05   1.1307287E+07   1.1320892E+07   6.8044519E+06   0.0000000E+00   0.0000000E+00   0.0000000E+00   0.0000000E+00
   4.8586023E-03   1.1252656E+07   1.1252656E+07   2.3552288E+04   -8.4285247E+03   -1.9182631E+05   1.1238423E+07   1.1252656E+07   6.7626538E+06   0.0000000E+00   0.0000000E+00   0.0000000E+00   0.0000000E+00
   5.2210921E-03   1.1178517E+07   1.1178517E+07   2.2883510E+04   -7.2678166E+03   -1.6301583E+05   1.1163666E+07   1.1178517E+07   6.7173590E+06   0.0000000E+00   0.0000000E+00   0.0000000E+00   0.0000000E+00
   5.6106264E-03   1.1098148E+07   1.1098148E+07   1.8003931E+04   -6.2599578E+03   -1.3825664E+05   1.1082698E+07   1.1098148E+07   6.6683696E+06   0.0000000E+00   0.0000000E+00   0.0000000E+00   0.0000000E+00
   6.0292231E-03   1.1011209E+07   1.1011209E+07   1.6115154E+04   -5.3862581E+03   -1.1688014E+05   1.0995178E+07   1.1011209E+07   6.6154771E+06   0.0000000E+00   0.0000000E+00   0.0000000E+00   0.0000000E+00
   6.4790503E-03   1.0917347E+07   1.0917347E+07   1.2244620E+04   -4.6294109E+03   -9.8577610E+04   1.0900754E+07   1.0917347E+07   6.5584633E+06   0.0000000E+00   0.0000000E+00   0.0000000E+00   0.0000000E+00
   6.9624382E-03   1.0816193E+07   1.0816193E+07   1.2098149E+04   -3.9747052E+03   -8.2894517E+04   1.0799053E+07   1.0816193E+07   6.4971009E+06   0.0000000E+00   0.0000000E+00   0.0000000E+00   0.0000000E+00
   7.4818906E-03   1.0707356E+07   1.0707356E+07   8.8661007E+03   -3.4089994E+03   -6.9467060E+04   1.0689696E+07   1.0707356E+07   6.4311588E+06   0.0000000E+00   0.0000000E+00   0.0000000E+00   0.0000000E+00
   8.0400982E-03   1.0590431E+07   1.0590431E+07   7.5591479E+03   -2.9205338E+03   -5.8050775E+04   1.0572293E+07   1.0590431E+07   6.3603978E+06   0.0000000E+00   0.0000000E+00   0.0000000E+00   0.0000000E+00
   8.6399525E-03   1.0465006E+07   1.0465006E+07   7.0729334E+03   -2.4992120E+03   -4.8307549E+04   1.0446428E+07   1.0465006E+07   6.2845656E+06   0.0000000E+00   0.0000000E+00   0.0000000E+00   0.0000000E+00
   9.2845606E-03   1.0330654E+07   1.0330654E+07   6.0650942E+03   -2.1361533E+03   -4.0038030E+04   1.0311675E+07   1.0330654E+07   6.2034034E+06   0.0000000E+00   0.0000000E+00   0.0000000E+00   0.0000000E+00
   9.9772615E-03   1.0186936E+07   1.0186936E+07   4.8162810E+03   -1.8235905E+03   -3.3041406E+04   1.0167601E+07   1.0186936E+07   6.1166489E+06   0.0000000E+00   0.0000000E+00   0.0000000E+00   0.0000000E+00
   1.0721643E-02   1.0033395E+07   1.0033395E+07   3.8506131E+03   -1.5547272E+03   -2.7145016E+04   1.0013756E+07   1.0033395E+07   6.0240294E+06   0.0000000E+00   0.0000000E+00   0.0000000E+00   0.0000000E+00
   1.1521562E-02   9.8695680E+06   9.8695680E+06   3.2977816E+03   -1.3236752E+03   -2.2185075E+04   9.8496785E+06   9.8695680E+06   5.9252653E+06   0.0000000E+00   0.0000000E+00   0.0000000E+00   0.0000000E+00
   1.2381161E-02   9.6949914E+06   9.6949914E+06   2.8688701E+03   -1.1253082E+03   -1.8029003E+04   9.6749071E+06   9.6949914E+06   5.8200778E+06   0.0000000E+00   0.0000000E+00   0.0000000E+00   0.0000000E+00
   1.3304892E-02   9.5092023E+06   9.5092023E+06   2.5438737E+03   -9.5517222E+02   -1.4561036E+04   9.4889862E+06   9.5092023E+06   5.7081916E+06   0.0000000E+00   0.0000000E+00   0.0000000E+00   0.0000000E+00
   1.4297541E-02   9.3117513E+06   9.3117513E+06   2.1014823E+03   -8.0938150E+02   -1.1685091E+04   9.2914654E+06   9.3117513E+06   5.5893347E+06   0.0000000E+00   0.0000000E+00   0.0000000E+00   0.0000000E+00
   1.5364250E-02   9.1022209E+06   9.1022209E+06   1.5424761E+03   -6.8461149E+02   -9.2954971E+03   9.0819314E+06   9.1022209E+06   5.4632575E+06   0.0000000E+00   0.0000000E+00   0.0000000E+00   0.0000000E+00
   1.6510543E-02   8.8802412E+06   8.8802412E+06   1.4970466E+03   -5.7793775E+02   -7.3273318E+03   8.8600168E+06   8.8802412E+06   5.3297382E+06   0.0000000E+00   0.0000000E+00   0.0000000E+00   0.0000000E+00
   1.7742359E-02   8.6455233E+06   8.6455233E+06   1.0926642E+03   -4.8685502E+02   -5.7237185E+03   8.6254335E+06   8.6455233E+06   5.1886027E+06   0.0000000E+00   0.0000000E+00   0.0000000E+00   0.0000000E+00
   1.9066078E-02   8.3978934E+06   8.3978934E+06   1.0511275E+03   -4.0919176E+02   -4.4162194E+03   8.3780092E+06   8.3978934E+06   5.0397469E+06   0.0000000E+00   0.0000000E+00   0.0000000E+00   0.0000000E+00
   2.0488556E-02   8.1373402E+06   8.1373402E+06   8.6296613E+02   -3.4307587E+02   -3.3566981E+03   8.1177329E+06   8.1373402E+06   4.8831636E+06   0.0000000E+00   0.0000000E+00   0.0000000E+00   0.0000000E+00
   2.2017162E-02   7.8640742E+06   7.8640742E+06   6.9052617E+02   -2.8688387E+02   -2.5118321E+03   7.8448141E+06   7.8640742E+06   4.7189782E+06   0.0000000E+00   0.0000000E+00   0.0000000E+00   0.0000000E+00
   2.3659808E-02   7.5785950E+06   7.5785950E+06   5.8069975E+02   -2.3922373E+02   -1.8416077E+03   7.5597515E+06   7.5785950E+06   4.5474905E+06   0.0000000E+00   0.0000000E+00   0.0000000E+00   0.0000000E+00
   2.5424980E-02   7.2817718E+06   7.2817718E+06   5.0424190E+02   -1.9889251E+02   -1.3176239E+03   7.2634109E+06   7.2817718E+06   4.3692208E+06   0.0000000E+00   0.0000000E+00   0.0000000E+00   0.0000000E+00
   2.7321717E-02   6.9749351E+06   6.9749351E+06   3.7126472E+02   -1.6485450E+02   -9.1111324E+02   6.9571183E+06   6.9749351E+06   4.1849666E+06   0.0000000E+00   0.0000000E+00   0.0000000E+00   0.0000000E+00
   2.9359448E-02   6.6599834E+06   6.6599834E+06   3.3475440E+02   -1.3621959E+02   -5.9781037E+02   6.6427665E+06   6.6599834E+06   3.9958660E+06   0.0000000E+00   0.0000000E+00   0.0000000E+00   0.0000000E+00
   3.1547448E-02   6.3395199E+06   6.3395199E+06   2.5120143E+02   -1.1222454E+02   -3.6425822E+02   6.3229498E+06   6.3395199E+06   3.8034795E+06   0.0000000E+00   0.0000000E+00   0.0000000E+00   0.0000000E+00
   3.3893437E-02   6.0170295E+06   6.0170295E+06   2.0346595E+02   -9.2219434E+01   -1.9338581E+02   6.0011424E+06   6.0170295E+06   3.6098967E+06   0.0000000E+00   0.0000000E+00   0.0000000E+00   0.0000000E+00
   3.6400742E-02   5.6970778E+06   5.6970778E+06   1.7100592E+02   -7.5653969E+01   -7.0577621E+01   5.6818957E+06   5.6970778E+06   3.4178553E+06   0.0000000E+00   0.0000000E+00   0.0000000E+00   0.0000000E+00
   3.9063742E-02   5.3854042E+06   5.3854042E+06   1.5065796E+02   -6.2060634E+01   1.3102036E+01   5.3709317E+06   5.3854042E+06   3.2307970E+06   0.0000000E+00   0.0000000E+00   0.0000000E+00   0.0000000E+00
   4.1862899E-02   5.0886204E+06   5.0886204E+06   1.1231515E+02   -5.1033275E+01   6.8500022E+01   5.0748419E+06   5.0886204E+06   3.0526867E+06   0.0000000E+00   0.0000000E+00   0.0000000E+00   0.0000000E+00
   4.4763114E-02   4.8132055E+06   4.8132055E+06   1.0085243E+02   -4.2198198E+01   1.0276708E+02   4.8000853E+06   4.8132055E+06   2.8874096E+06   0.0000000E+00   0.0000000E+00   0.0000000E+00   0.0000000E+00
   4.7719589E-02   4.5639366E+06   4.5639366E+06   8.1505297E+01   -3.5193173E+01   1.2312927E+02   4.5514225E+06   4.5639366E+06   2.7378293E+06   0.0000000E+00   0.0000000E+00   0.0000000E+00   0.0000000E+00
   5.0690004E-02   4.3426231E+06   4.3426231E+06   6.5166532E+01   -2.9665707E+01   1.3256767E+02   4.3306546E+06   4.3426231E+06   2.6050291E+06   0.0000000E+00   0.0000000E+00   0.0000000E+00   0.0000000E+00
   5.3645158E-02   4.1480171E+06   4.1480171E+06   5.8948457E+01   -2.5291974E+01   1.3599971E+02   4.1365341E+06   4.1480171E+06   2.4882584E+06   0.0000000E+00   0.0000000E+00   0.0000000E+00   0.0000000E+00
   5.6571930E-02   3.9767785E+06   3.9767785E+06   5.0776458E+01   -2.1797528E+01   1.3626521E+02   3.9657270E+06   3.9767785E+06   2.3855117E+06   0.0000000E+00   0.0000000E+00   0.0000000E+00   0.0000000E+00
   5.9469853E-02   3.8246724E+06   3.8246724E+06   4.1804084E+01   -1.8965629E+01   1.3350352E+02   3.8140074E+06   3.8246724E+06   2.2942470E+06   0.0000000E+00   0.0000000E+00   0.0000000E+00   0.0000000E+00
   6.2345951E-02   3.6874225E+06   3.6874225E+06   3.8952293E+01   -1.6633131E+01   1.2940737E+02   3.6771094E+06   3.6874225E+06   2.2118980E+06   0.0000000E+00   0.0000000E+00   0.0000000E+00   0.0000000E+00
   6.5210664E-02   3.5611472E+06   3.5611472E+06   3.3002526E+01   -1.4680180E+01   1.2482268E+02   3.5511607E+06   3.5611472E+06   2.1361354E+06   0.0000000E+00   0.0000000E+00   0.0000000E+00   0.0000000E+00
   6.8075408E-02   3.4425239E+06   3.4425239E+06   2.9414618E+01   -1.3019464E+01   1.1904757E+02   3.4328468E+06   3.4425239E+06   2.0649655E+06   0.0000000E+00   0.0000000E+00   0.0000000E+00   0.0000000E+00
   7.0951370E-02   3.3288248E+06   3.3288248E+06   2.7070566E+01   -1.1587514E+01   1.1365447E+02   3.3194470E+06   3.3288248E+06   1.9967517E+06   0.0000000E+00   0.0000000E+00   0.0000000E+00   0.0000000E+00
   7.3849011E-02   3.2179092E+06   3.2179092E+06   2.2345291E+01   -1.0337932E+01   1.0752299E+02   3.2088259E+06   3.2179092E+06   1.9302093E+06   0.0000000E+00   0.0000000E+00   0.0000000E+00   0.0000000E+00
   7.6777937E-02   3.1082046E+06   3.1082046E+06   2.1813085E+01   -9.2367213E+00   1.0139011E+02   3.0994150E+06   3.1082046E+06   1.8643950E+06   0.0000000E+00   0.0000000E+00   0.0000000E+00   0.0000000E+00
   7.9746932E-02   2.9986891E+06   2.9986891E+06   1.8960357E+01   -8.2588563E+00   9.5605233E+01   2.9901950E+06   2.9986891E+06   1.7986956E+06   0.0000000E+00   0.0000000E+00   0.0000000E+00   0.0000000E+00
   8.2764067E-02   2.8888720E+06   2.8888720E+06   1.5833476E+01   -7.3858170E+00   8.9415100E+01   2.8806762E+06   2.8888720E+06   1.7328164E+06   0.0000000E+00   0.0000000E+00   0.0000000E+00   0.0000000E+00
   8.5836809E-02   2.7787657E+06   2.7787657E+06   1.4469589E+01   -6.6038616E+00   8.3292162E+01   2.7708709E+06   2.7787657E+06   1.6667650E+06   0.0000000E+00   0.0000000E+00   0.0000000E+00   0.0000000E+00
   8.8972145E-02   2.6688429E+06   2.6688429E+06   1.3354279E+01   -5.9026854E+00   7.7464010E+01   2.6612502E+06   2.6688429E+06   1.6008246E+06   0.0000000E+00   0.0000000E+00   0.0000000E+00   0.0000000E+00
   9.2176673E-02   2.5599698E+06   2.5599698E+06   1.1954880E+01   -5.2743843E+00   7.1872679E+01   2.5526777E+06   2.5599698E+06   1.5355148E+06   0.0000000E+00   0.0000000E+00   0.0000000E+00   0.0000000E+00
   9.5456696E-02   2.4533121E+06   2.4533121E+06   1.0396143E+01   -4.7126549E+00   6.6552274E+01   2.4463157E+06   2.4533121E+06   1.4715346E+06   0.0000000E+00   0.0000000E+00   0.0000000E+00   0.0000000E+00
   9.8818289E-02   2.3502120E+06   2.3502120E+06   9.1329551E+00   -4.2121877E+00   6.1602951E+01   2.3435021E+06   2.3502120E+06   1.4096890E+06   0.0000000E+00   0.0000000E+00   0.0000000E+00   0.0000000E+00
   1.0226736E-01   2.2520375E+06   2.2520375E+06   8.7377745E+00   -3.7681687E+00   5.6907817E+01   2.2456012E+06   2.2520375E+06   1.3507985E+06   0.0000000E+00   0.0000000E+00   0.0000000E+00   0.0000000E+00
   1.0580970E-01   2.1600145E+06   2.1600145E+06   7.5201782E+00   -3.3759165E+00   5.2404735E+01   2.1538352E+06   2.1600145E+06   1.2955983E+06   0.0000000E+00   0.0000000E+00   0.0000000E+00   0.0000000E+00
   1.0945101E-01   2.0750543E+06   2.0750543E+06   6.9731659E+00   -3.0306666E+00   4.8534173E+01   2.0691126E+06   2.0750543E+06   1.2446350E+06   0.0000000E+00   0.0000000E+00   0.0000000E+00   0.0000000E+00
   1.1319697E-01   1.9975963E+06   1.9975963E+06   5.8843696E+00   -2.7274251E+00   4.4823302E+01   1.9918715E+06   1.9975963E+06   1.1981721E+06   0.0000000E+00   0.0000000E+00   0.0000000E+00   0.0000000E+00
   1.1705322E-01   1.9274914E+06   1.9274914E+06   5.4648416E+00   -2.4609997E+00   4.1449567E+01   1.9219630E+06   1.9274914E+06   1.1561199E+06   0.0000000E+00   0.0000000E+00   0.0000000E+00   0.0000000E+00
   1.2102541E-01   1.8639497E+06   1.8639497E+06   5.0117725E+00   -2.2260855E+00   3.8430873E+01   1.8585994E+06   1.8639497E+06   1.1180047E+06   0.0000000E+00   0.0000000E+00   0.0000000E+00   0.0000000E+00
   1.2511919E-01   1.8055766E+06   1.8055766E+06   4.4397776E+00   -2.0174674E+00   3.5678502E+01   1.8003901E+06   1.8055766E+06   1.0829900E+06   0.0000000E+00   0.0000000E+00   0.0000000E+00   0.0000000E+00
   1.2934027E-01   1.7505115E+06   1.7505115E+06   4.0039009E+00   -1.8302712E+00   3.3182342E+01   1.7454797E+06   1.7505115E+06   1.0499596E+06   0.0000000E+00   0.0000000E+00   0.0000000E+00   0.0000000E+00
   1.3369439E-01   1.6966657E+06   1.6966657E+06   3.8422988E+00   -1.6602272E+00   3.0726172E+01   1.6917855E+06   1.6966657E+06   1.0176609E+06   0.0000000E+00   0.0000000E+00   0.0000000E+00   0.0000000E+00
   1.3818732E-01   1.6420411E+06   1.6420411E+06   3.3367089E+00   -1.5039174E+00   2.8472298E+01   1.6373151E+06   1.6420411E+06   9.8489523E+05   0.0000000E+00   0.0000000E+00   0.0000000E+00   0.0000000E+00
   1.4282493E-01   1.5850830E+06   1.5850830E+06   2.9444373E+00   -1.3589296E+00   2.6219776E+01   1.5805183E+06   1.5850830E+06   9.5073019E+05   0.0000000E+00   0.0000000E+00   0.0000000E+00   0.0000000E+00
   1.4761312E-01   1.5250023E+06   1.5250023E+06   2.6537401E+00   -1.2239061E+00   2.4073581E+01   1.5206081E+06   1.5250023E+06   9.1469237E+05   0.0000000E+00   0.0000000E+00   0.0000000E+00   0.0000000E+00
   1.5255788E-01   1.4619882E+06   1.4619882E+06   2.3966397E+00   -1.0984356E+00   2.2044710E+01   1.4577735E+06   1.4619882E+06   8.7689537E+05   0.0000000E+00   0.0000000E+00   0.0000000E+00   0.0000000E+00
   1.5766526E-01   1.3972397E+06   1.3972397E+06   2.2744122E+00   -9.8281131E-01   2.0074324E+01   1.3932096E+06   1.3972397E+06   8.3805821E+05   0.0000000E+00   0.0000000E+00   0.0000000E+00   0.0000000E+00
   1.6294140E-01   1.3327655E+06   1.3327655E+06   1.9071694E+00   -8.7767488E-01   1.8244279E+01   1.3289196E+06   1.3327655E+06   7.9938578E+05   0.0000000E+00   0.0000000E+00   0.0000000E+00   0.0000000E+00
   1.6839253E-01   1.2709573E+06   1.2709573E+06   1.7290941E+00   -7.8361357E-01   1.6544801E+01   1.2672881E+06   1.2709573E+06   7.6231254E+05   0.0000000E+00   0.0000000E+00   0.0000000E+00   0.0000000E+00
   1.7402497E-01   1.2140029E+06   1.2140029E+06   1.5367362E+00   -7.0079556E-01   1.5044047E+01   1.2104967E+06   1.2140029E+06   7.2815073E+05   0.0000000E+00   0.0000000E+00   0.0000000E+00   0.0000000E+00
   1.7984515E-01   1.1632766E+06   1.1632766E+06   1.3886128E+00   -6.2872895E-01   1.3737001E+01   1.1599155E+06   1.1632766E+06   6.9772464E+05   0.0000000E+00   0.0000000E+00   0.0000000E+00   0.0000000E+00
   1.8585962E-01   1.1188870E+06   1.1188870E+06   1.2833212E+00   -5.6621656E-01   1.2533945E+01   1.1156531E+06   1.1188870E+06   6.7109939E+05   0.0000000E+00   0.0000000E+00   0.0000000E+00   0.0000000E+00
   1.9207504E-01   1.0795582E+06   1.0795582E+06   1.1695736E+00   -5.1152009E-01   1.1510346E+01   1.0764368E+06   1.0795582E+06   6.4750960E+05   0.0000000E+00   0.0000000E+00   0.0000000E+00   0.0000000E+00
   1.9849825E-01   1.0429467E+06   1.0429467E+06   1.0563708E+00   -4.6270120E-01   1.0560561E+01   1.0399302E+06   1.0429467E+06   6.2554975E+05   0.0000000E+00   0.0000000E+00   0.0000000E+00   0.0000000E+00
   2.0513624E-01   1.0063626E+06   1.0063626E+06   9.4149354E-01   -4.1803554E-01   9.6586170E+00   1.0034509E+06   1.0063626E+06   6.0360635E+05   0.0000000E+00   0.0000000E+00   0.0000000E+00   0.0000000E+00
   2.1199622E-01   9.6769316E+05   9.6769316E+05   8.4350232E-01   -3.7636845E-01   8.8295990E+00   9.6489257E+05   9.6769316E+05   5.8041231E+05   0.0000000E+00   0.0000000E+00   0.0000000E+00   0.0000000E+00
   2.1908560E-01   9.2620047E+05   9.2620047E+05   7.4358739E-01   -3.3728213E-01   8.0141502E+00   9.2351921E+05   9.2620047E+05   5.5552497E+05   0.0000000E+00   0.0000000E+00   0.0000000E+00   0.0000000E+00
   2.2641208E-01   8.8283832E+05   8.8283832E+05   6.7455405E-01   -3.0100906E-01   7.2433401E+00   8.8028191E+05   8.8283832E+05   5.2951641E+05   0.0000000E+00   0.0000000E+00   0.0000000E+00   0.0000000E+00
   2.3398366E-01   8.3987673E+05   8.3987673E+05   6.0135982E-01   -2.6811663E-01   6.5182840E+00   8.3744412E+05   8.3987673E+05   5.0374816E+05   0.0000000E+00   0.0000000E+00   0.0000000E+00   0.0000000E+00
   2.4180870E-01   7.9990505E+05   7.9990505E+05   5.4277260E-01   -2.3908860E-01   5.8878430E+00   7.9758766E+05   7.9990505E+05   4.7977329E+05   0.0000000E+00   0.0000000E+00   0.0000000E+00   0.0000000E+00
   2.4989597E-01   7.6461218E+05   7.6461218E+05   4.8434664E-01   -2.1398193E-01   5.3265931E+00   7.6239654E+05   7.6461218E+05   4.5860475E+05   0.0000000E+00   0.0000000E+00   0.0000000E+00   0.0000000E+00
   2.5825475E-01   7.3393892E+05   7.3393892E+05   4.2253355E-01   -1.9231494E-01   4.8425269E+00   7.3181172E+05   7.3393892E+05   4.4020705E+05   0.0000000E+00   0.0000000E+00   0.0000000E+00   0.0000000E+00
   2.6689484E-01   7.0610453E+05   7.0610453E+05   3.8464181E-01   -1.7323498E-01   4.4043783E+00   7.0405761E+05   7.0610453E+05   4.2351210E+05   0.0000000E+00   0.0000000E+00   0.0000000E+00   0.0000000E+00
   2.7582673E-01   6.7859147E+05   6.7859147E+05   3.4348012E-01   -1.5587570E-01   4.0141216E+00   6.7662394E+05   6.7859147E+05   4.0700990E+05   0.0000000E+00   0.0000000E+00   0.0000000E+00   0.0000000E+00
   2.8506162E-01   6.4959992E+05   6.4959992E+05   3.1498365E-01   -1.3970207E-01   3.6268104E+00   6.4771611E+05   6.4959992E+05   3.8962096E+05   0.0000000E+00   0.0000000E+00   0.0000000E+00   0.0000000E+00
   2.9461159E-01   6.1910169E+05   6.1910169E+05   2.8053319E-01   -1.2464786E-01   3.2679984E+00   6.1730602E+05   6.1910169E+05   3.7132837E+05   0.0000000E+00   0.0000000E+00   0.0000000E+00   0.0000000E+00
   3.0448973E-01   5.8876003E+05   5.8876003E+05   2.4753281E-01   -1.1096946E-01   2.9346829E+00   5.8705210E+05   5.8876003E+05   3.5312971E+05   0.0000000E+00   0.0000000E+00   0.0000000E+00   0.0000000E+00
   3.1471025E-01   5.6068359E+05   5.6068359E+05   2.2246087E-01   -9.8922966E-02   2.6425665E+00   5.5905686E+05   5.6068359E+05   3.3628972E+05   0.0000000E+00   0.0000000E+00   0.0000000E+00   0.0000000E+00
   3.2528871E-01   5.3585266E+05   5.3585266E+05   1.9782345E-01   -8.8492048E-02   2.3827954E+00   5.3429776E+05   5.3585266E+05   3.2139637E+05   0.0000000E+00   0.0000000E+00   0.0000000E+00   0.0000000E+00
   3.3624219E-01   5.1342092E+05   5.1342092E+05   1.7780743E-01   -7.9353108E-02   2.1584263E+00   5.1193091E+05   5.1342092E+05   3.0794202E+05   0.0000000E+00   0.0000000E+00   0.0000000E+00   0.0000000E+00
   3.4758953E-01   4.9150850E+05   4.9150850E+05   1.5934939E-01   -7.1086813E-02   1.9481685E+00   4.9008192E+05   4.9150850E+05   2.9479919E+05   0.0000000E+00   0.0000000E+00   0.0000000E+00   0.0000000E+00
   3.5935165E-01   4.6886113E+05   4.6886113E+05   1.4104916E-01   -6.3443896E-02   1.7534602E+00   4.6750011E+05   4.6886113E+05   2.8121554E+05   0.0000000E+00   0.0000000E+00   0.0000000E+00   0.0000000E+00
   3.7155186E-01   4.4588629E+05   4.4588629E+05   1.2631110E-01   -5.6436743E-02   1.5715826E+00   4.4459182E+05   4.4588629E+05   2.6743551E+05   0.0000000E+00   0.0000000E+00   0.0000000E+00   0.0000000E+00
   3.8421624E-01   4.2405262E+05   4.2405262E+05   1.1180907E-01   -5.0192390E-02   1.4081019E+00   4.2282140E+05   4.2405262E+05   2.5433994E+05   0.0000000E+00   0.0000000E+00   0.0000000E+00   0.0000000E+00
   3.9737416E-01   4.0424603E+05   4.0424603E+05   9.9712172E-02   -4.4731394E-02   1.2644310E+00   4.0307221E+05   4.0424603E+05   2.4246020E+05   0.0000000E+00   0.0000000E+00   0.0000000E+00   0.0000000E+00
   4.1105887E-01   3.8585729E+05   3.8585729E+05   8.8682759E-02   -3.9900939E-02   1.1371179E+00   3.8473676E+05   3.8585729E+05   2.3143086E+05   0.0000000E+00   0.0000000E+00   0.0000000E+00   0.0000000E+00
   4.2530817E-01   3.6763974E+05   3.6763974E+05   7.9214579E-02   -3.5512023E-02   1.0180128E+00   3.6657202E+05   3.6763974E+05   2.2050422E+05   0.0000000E+00   0.0000000E+00   0.0000000E+00   0.0000000E+00
   4.4016530E-01   3.4926354E+05   3.4926354E+05   6.9939559E-02   -3.1497526E-02   9.1005179E-01   3.4824911E+05   3.4926354E+05   2.0948243E+05   0.0000000E+00   0.0000000E+00   0.0000000E+00   0.0000000E+00
   4.5568006E-01   3.3154337E+05   3.3154337E+05   6.2184792E-02   -2.7897828E-02   8.1053207E-01   3.3058033E+05   3.3154337E+05   1.9885412E+05   0.0000000E+00   0.0000000E+00   0.0000000E+00   0.0000000E+00
   4.7191012E-01   3.1508259E+05   3.1508259E+05   5.4960750E-02   -2.4720257E-02   7.2346319E-01   3.1416729E+05   3.1508259E+05   1.8898118E+05   0.0000000E+00   0.0000000E+00   0.0000000E+00   0.0000000E+00
   4.8892274E-01   2.9939167E+05   2.9939167E+05   4.8583170E-02   -2.1882871E-02   6.4427706E-01   2.9852190E+05   2.9939167E+05   1.7957000E+05   0.0000000E+00   0.0000000E+00   0.0000000E+00   0.0000000E+00
   5.0679690E-01   2.8381414E+05   2.8381414E+05   4.2951974E-02   -1.9306664E-02   5.7232480E-01   2.8298957E+05   2.8381414E+05   1.7022683E+05   0.0000000E+00   0.0000000E+00   0.0000000E+00   0.0000000E+00
   5.2562608E-01   2.6858207E+05   2.6858207E+05   3.7727377E-02   -1.6984808E-02   5.0640315E-01   2.6780170E+05   2.6858207E+05   1.6109087E+05   0.0000000E+00   0.0000000E+00   0.0000000E+00   0.0000000E+00
   5.4552173E-01   2.5413195E+05   2.5413195E+05   3.3165706E-02   -1.4920034E-02   4.4767018E-01   2.5339352E+05   2.5413195E+05   1.5242391E+05   0.0000000E+00   0.0000000E+00   0.0000000E+00   0.0000000E+00
   5.6661784E-01   2.4017452E+05   2.4017452E+05   2.9029176E-02   -1.3070103E-02   3.9468145E-01   2.3947661E+05   2.4017452E+05   1.4405246E+05   0.0000000E+00   0.0000000E+00   0.0000000E+00   0.0000000E+00
   5.8907674E-01   2.2641253E+05   2.2641253E+05   2.5320247E-02   -1.1399507E-02   3.4624074E-01   2.2575457E+05   2.2641253E+05   1.3579824E+05   0.0000000E+00   0.0000000E+00   0.0000000E+00   0.0000000E+00
   6.1309660E-01   2.1309124E+05   2.1309124E+05   2.1999696E-02   -9.9045413E-03   3.0269894E-01   2.1247196E+05   2.1309124E+05   1.2780834E+05   0.0000000E+00   0.0000000E+00   0.0000000E+00   0.0000000E+00
   6.3892109E-01   2.0017634E+05   2.0017634E+05   1.9034281E-02   -8.5672796E-03   2.6337355E-01   1.9959456E+05   2.0017634E+05   1.2006220E+05   0.0000000E+00   0.0000000E+00   0.0000000E+00   0.0000000E+00
   6.6685133E-01   1.8746835E+05   1.8746835E+05   1.6359078E-02   -7.3653198E-03   2.2764358E-01   1.8692348E+05   1.8746835E+05   1.1244015E+05   0.0000000E+00   0.0000000E+00   0.0000000E+00   0.0000000E+00
   6.9726036E-01   1.7507502E+05   1.7507502E+05   1.3972092E-02   -6.2914954E-03   1.9552997E-01   1.7456614E+05   1.7507502E+05   1.0500684E+05   0.0000000E+00   0.0000000E+00   0.0000000E+00   0.0000000E+00
   7.3060913E-01   1.6290234E+05   1.6290234E+05   1.1838190E-02   -5.3318052E-03   1.6669883E-01   1.6242883E+05   1.6290234E+05   9.7705878E+04   0.0000000E+00   0.0000000E+00   0.0000000E+00   0.0000000E+00
   7.6746102E-01   1.5094148E+05   1.5094148E+05   9.9397416E-03   -4.4772471E-03   1.4086948E-01   1.5050272E+05   1.5094148E+05   9.0531958E+04   0.0000000E+00   0.0000000E+00   0.0000000E+00   0.0000000E+00
   8.0848796E-01   1.3918484E+05   1.3918484E+05   8.2581792E-03   -3.7201254E-03   1.1768958E-01   1.3878023E+05   1.3918484E+05   8.3480526E+04   0.0000000E+00   0.0000000E+00   0.0000000E+00   0.0000000E+00
   8.5445520E-01   1.2764837E+05   1.2764837E+05   6.7795132E-03   -3.0545507E-03   9.7236867E-02   1.2727729E+05   1.2764837E+05   7.6561156E+04   0.0000000E+00   0.0000000E+00   0.0000000E+00   0.0000000E+00
   9.0616644E-01   1.1637961E+05   1.1637961E+05   5.5463950E-03   -2.4761081E-03   7.9360625E-02   1.1604128E+05   1.1637961E+05   6.9802354E+04   0.0000000E+00   0.0000000E+00   0.0000000E+00   0.0000000E+00
   9.6435792E-01   1.0547397E+05   1.0547397E+05   4.3983519E-03   -1.9814146E-03   6.3898504E-02   1.0516733E+05   1.0547397E+05   6.3261343E+04   0.0000000E+00   0.0000000E+00   0.0000000E+00   0.0000000E+00
   1.0295637E+00   9.5057528E+04   9.5057528E+04   3.4765186E-03   -1.5666957E-03   5.0818140E-02   9.4781158E+04   9.5057528E+04   5.7013747E+04   0.0000000E+00   0.0000000E+00   0.0000000E+00   0.0000000E+00
   1.1020281E+00   8.5268003E+04   8.5268003E+04   2.7211816E-03   -1.2266009E-03   4.0023570E-02   8.5020088E+04   8.5268003E+04   5.1142167E+04   0.0000000E+00   0.0000000E+00   0.0000000E+00   0.0000000E+00
   1.1817496E+00   7.6218677E+04   7.6218677E+04   2.1150159E-03   -9.5347893E-04   3.1267164E-02   7.5997067E+04   7.6218677E+04   4.5714545E+04   0.0000000E+00   0.0000000E+00   0.0000000E+00   0.0000000E+00
   1.2686455E+00   6.7968061E+04   6.7968061E+04   1.6365647E-03   -7.3777393E-04   2.4337934E-02   6.7770435E+04   6.7968061E+04   4.0765976E+04   0.0000000E+00   0.0000000E+00   0.0000000E+00   0.0000000E+00
   1.3627234E+00   6.0517711E+04   6.0517711E+04   1.2632506E-03   -5.6933007E-04   1.8857836E-02   6.0341745E+04   6.0517711E+04   3.6297393E+04   0.0000000E+00   0.0000000E+00   0.0000000E+00   0.0000000E+00
   1.4641650E+00   5.3830321E+04   5.3830321E+04   9.7311636E-04   -4.3867447E-04   1.4612779E-02   5.3673796E+04   5.3830321E+04   3.2286420E+04   0.0000000E+00   0.0000000E+00   0.0000000E+00   0.0000000E+00
   1.5733232E+00   4.7846864E+04   4.7846864E+04   7.4893756E-04   -3.3768463E-04   1.1296722E-02   4.7707735E+04   4.7846864E+04   2.8697653E+04   0.0000000E+00   0.0000000E+00   0.0000000E+00   0.0000000E+00
   1.6906808E+00   4.2503165E+04   4.2503165E+04   5.7604107E-04   -2.5977047E-04   8.7253690E-03   4.2379573E+04   4.2503165E+04   2.5492601E+04   0.0000000E+00   0.0000000E+00   0.0000000E+00   0.0000000E+00
   1.8168123E+00   3.7735813E+04   3.7735813E+04   4.4393851E-04   -1.9972089E-04   6.7336829E-03   3.7626083E+04   3.7735813E+04   2.2633232E+04   0.0000000E+00   0.0000000E+00   0.0000000E+00   0.0000000E+00
   1.9523592E+00   3.3486216E+04   3.3486216E+04   3.4028219E-04   -1.5347392E-04   5.1977337E-03   3.3388842E+04   3.3486216E+04   2.0084403E+04   0.0000000E+00   0.0000000E+00   0.0000000E+00   0.0000000E+00
   2.0980202E+00   2.9700595E+04   2.9700595E+04   2.6132576E-04   -1.1787763E-04   4.0010270E-03   2.9614228E+04   2.9700595E+04   1.7813858E+04   0.0000000E+00   0.0000000E+00   0.0000000E+00   0.0000000E+00
   2.2545489E+00   2.6330528E+04   2.6330528E+04   2.0060409E-04   -9.0494761E-05   3.0803971E-03   2.6253960E+04   2.6330528E+04   1.5792555E+04   0.0000000E+00   0.0000000E+00   0.0000000E+00   0.0000000E+00
   2.4227559E+00   2.3332192E+04   2.3332192E+04   1.5392297E-04   -6.9441124E-05   2.3686162E-03   2.3264343E+04   2.3332192E+04   1.3994209E+04   0.0000000E+00   0.0000000E+00   0.0000000E+00   0.0000000E+00
   2.6035124E+00   2.0666130E+04   2.0666130E+04   1.1770131E-04   -5.3262005E-05   1.8257205E-03   2.0606034E+04   2.0666130E+04   1.2395156E+04   0.0000000E+00   0.0000000E+00   0.0000000E+00   0.0000000E+00
   2.7977549E+00   1.8296868E+04   1.8296868E+04   9.0552976E-05   -4.0834919E-05   1.4020566E-03   1.8243661E+04   1.8296868E+04   1.0974116E+04   0.0000000E+00   0.0000000E+00   0.0000000E+00   0.0000000E+00
   3.0064893E+00   1.6192511E+04   1.6192511E+04   6.9374696E-05   -3.1294305E-05   1.0779302E-03   1.6145423E+04   1.6192511E+04   9.7119623E+03   0.0000000E+00   0.0000000E+00   0.0000000E+00   0.0000000E+00
   3.2307969E+00   1.4324419E+04   1.4324419E+04   5.3139334E-05   -2.3973076E-05   8.2685182E-04   1.4282764E+04   1.4324419E+04   8.5915164E+03   0.0000000E+00   0.0000000E+00   0.0000000E+00   0.0000000E+00
   3.4718396E+00   1.2666909E+04   1.2666909E+04   4.0689834E-05   -1.8357453E-05   6.3440041E-04   1.2630073E+04   1.2666909E+04   7.5973727E+03   0.0000000E+00   0.0000000E+00   0.0000000E+00   0.0000000E+00
   3.7308661E+00   1.1196962E+04   1.1196962E+04   3.1150126E-05   -1.4051940E-05   4.8603703E-04   1.1164401E+04   1.1196962E+04   6.7157265E+03   0.0000000E+00   0.0000000E+00   0.0000000E+00   0.0000000E+00
   4.0092179E+00   9.8939725E+03   9.8939725E+03   2.3832901E-05   -1.0752274E-05   3.7315090E-04   9.8652004E+03   9.8939725E+03   5.9342178E+03   0.0000000E+00   0.0000000E+00   0.0000000E+00   0.0000000E+00
   4.3083369E+00   8.7395059E+03   8.7395059E+03   1.8231202E-05   -8.2244898E-06   2.8534934E-04   8.7140909E+03   8.7395059E+03   5.2417905E+03   0.0000000E+00   0.0000000E+00   0.0000000E+00   0.0000000E+00
   4.6297726E+00   7.7170860E+03   7.7170860E+03   1.3943607E-05   -6.2887870E-06   2.1917565E-04   7.6946443E+03   7.7170860E+03   4.6285624E+03   0.0000000E+00   0.0000000E+00   0.0000000E+00   0.0000000E+00
   4.9751898E+00   6.8119978E+03   6.8119978E+03   1.0655421E-05   -4.8070435E-06   1.6719071E-04   6.7921881E+03   6.8119978E+03   4.0857075E+03   0.0000000E+00   0.0000000E+00   0.0000000E+00   0.0000000E+00
   5.3463780E+00   6.0111086E+03   6.0111086E+03   8.1420191E-06   -3.6732181E-06   1.2808130E-04   5.9936279E+03   6.0111086E+03   3.6053493E+03   0.0000000E+00   0.0000000E+00   0.0000000E+00   0.0000000E+00
   5.7452596E+00   5.3027071E+03   5.3027071E+03   6.2204371E-06   -2.8059285E-06   9.7905245E-05   5.2872864E+03   5.3027071E+03   3.1804635E+03   0.0000000E+00   0.0000000E+00   0.0000000E+00   0.0000000E+00
   6.1739009E+00   4.6763563E+03   4.6763563E+03   4.7500289E-06   -2.1427491E-06   7.4761289E-05   4.6627572E+03   4.6763563E+03   2.8047901E+03   0.0000000E+00   0.0000000E+00   0.0000000E+00   0.0000000E+00
   6.6345223E+00   4.1227615E+03   4.1227615E+03   3.6263928E-06   -1.6358159E-06   5.7324963E-05   4.1107722E+03   4.1227615E+03   2.4727544E+03   0.0000000E+00   0.0000000E+00   0.0000000E+00   0.0000000E+00
   7.1295096E+00   3.6336498E+03   3.6336498E+03   2.7678913E-06   -1.2484439E-06   4.3820465E-05   3.6230829E+03   3.6336498E+03   2.1793944E+03   0.0000000E+00   0.0000000E+00   0.0000000E+00   0.0000000E+00
   7.6614268E+00   3.2016632E+03   3.2016632E+03   2.1118231E-06   -9.5252902E-07   3.3382288E-05   3.1923525E+03   3.2016632E+03   1.9202970E+03   0.0000000E+00   0.0000000E+00   0.0000000E+00   0.0000000E+00
   8.2330292E+00   2.8202607E+03   2.8202607E+03   1.6113475E-06   -7.2654891E-07   2.5591957E-05   2.8120591E+03   2.8202607E+03   1.6915390E+03   0.0000000E+00   0.0000000E+00   0.0000000E+00   0.0000000E+00
   8.8472777E+00   2.4836311E+03   2.4836311E+03   1.2286229E-06   -5.5402779E-07   1.9449073E-05   2.4764085E+03   2.4836311E+03   1.4896350E+03   0.0000000E+00   0.0000000E+00   0.0000000E+00   0.0000000E+00
   9.5073538E+00   2.1866144E+03   2.1866144E+03   9.3674059E-07   -4.2235797E-07   1.4864613E-05   2.1802555E+03   2.1866144E+03   1.3114900E+03   0.0000000E+00   0.0000000E+00   0.0000000E+00   0.0000000E+00
   1.0216677E+01   1.9246312E+03   1.9246312E+03   7.1398780E-07   -3.2189520E-07   1.1333571E-05   1.9190342E+03   1.9246312E+03   1.1543574E+03   0.0000000E+00   0.0000000E+00   0.0000000E+00   0.0000000E+00
