#           k/h    CDM            baryon         photon         nu             mass_nu        total          no_nu          total_de       Weyl           v_CDM          v_b            v_b-v_c     
   1.0588776E-05   3.1497304E+06   3.1497304E+06   4.1992972E+06   1.6277492E+04   5.8650977E+04   3.1499511E+06   3.1497304E+06   3.0774587E+06   0.0000000E+00   0.0000000E+00   0.0000000E+00   0.0000000E+00
   1.1378782E-05   3.1497299E+06   3.1497299E+06   4.1992434E+06   1.6277386E+04   5.8650618E+04   3.1499506E+06   3.1497299E+06   3.0774582E+06   0.0000000E+00   0.0000000E+00   0.0000000E+00   0.0000000E+00
   1.2227728E-05   3.1497293E+06   3.1497293E+06   4.1991813E+06   1.6277265E+04   5.8650203E+04   3.1499499E+06   3.1497293E+06   3.0774575E+06   0.0000000E+00   0.0000000E+00   0.0000000E+00   0.0000000E+00
   1.3140012E-05   3.1497287E+06   3.1497287E+06   4.1991096E+06   1.6277124E+04   5.8649725E+04   3.1499492E+06   3.1497287E+06   3.0774568E+06   0.0000000E+00   0.0000000E+00   0.0000000E+00   0.0000000E+00
   1.4120360E-05   3.1497279E+06   3.1497279E+06   4.1990267E+06   1.6276962E+04   5.8649172E+04   3.1499484E+06   3.1497279E+06   3.0774560E+06   0.0000000E+00   0.0000000E+00   0.0000000E+00   0.0000000E+00
   1.5173850E-05   3.1497271E+06   3.1497271E+06   4.1989311E+06   1.6276775E+04   5.8648533E+04   3.1499474E+06   3.1497271E+06   3.0774551E+06   0.0000000E+00   0.0000000E+00   0.0000000E+00   0.0000000E+00
   1.6305937E-05   3.1497260E+06   3.1497260E+06   4.1988206E+06   1.6276558E+04   5.8647796E+04   3.1499463E+06   3.1497260E+06   3.0774540E+06   0.0000000E+00   0.0000000E+00   0.0000000E+00   0.0000000E+00
   1.7522488E-05   3.1497249E+06   3.1497249E+06   4.1986931E+06   1.6276308E+04   5.8646944E+04   3.1499450E+06   3.1497249E+06   3.0774527E+06   0.0000000E+00   0.0000000E+00   0.0000000E+00   0.0000000E+00
   1.8829803E-05   3.1497235E+06   3.1497235E+06   4.1985458E+06   1.6276020E+04   5.8645961E+04   3.1499435E+06   3.1497235E+06   3.0774513E+06   0.0000000E+00   0.0000000E+00   0.0000000E+00   0.0000000E+00
   2.0234654E-05   3.1497220E+06   3.1497220E+06   4.1983757E+06   1.6275686E+04   5.8644826E+04   3.1499418E+06   3.1497220E+06   3.0774496E+06   0.0000000E+00   0.0000000E+00   0.0000000E+00   0.0000000E+00
   2.1744317E-05   3.1497202E+06   3.1497202E+06   4.1981793E+06   1.6275302E+04   5.8643515E+04   3.1499399E+06   3.1497202E+06   3.0774477E+06   0.0000000E+00   0.0000000E+00   0.0000000E+00   0.0000000E+00
   2.3366613E-05   3.1497181E+06   3.1497181E+06   4.1979525E+06   1.6274857E+04   5.8642001E+04   3.1499376E+06   3.1497181E+06   3.0774454E+06   0.0000000E+00   0.0000000E+00   0.0000000E+00   0.0000000E+00
   2.5109946E-05   3.1497157E+06   3.1497157E+06   4.1976906E+06   1.6274344E+04   5.8640253E+04   3.1499350E+06   3.1497157E+06   3.0774428E+06   0.0000000E+00   0.0000000E+00   0.0000000E+00   0.0000000E+00
   2.6983344E-05   3.1497129E+06   3.1497129E+06   4.1973882E+06   1.6273752E+04   5.8638234E+04   3.1499319E+06   3.1497129E+06   3.0774399E+06   0.0000000E+00   0.0000000E+00   0.0000000E+00   0.0000000E+00
   2.8996513E-05   3.1497097E+06   3.1497097E+06   4.1970391E+06   1.6273068E+04   5.8635903E+04   3.1499284E+06   3.1497097E+06   3.0774364E+06   0.0000000E+00   0.0000000E+00   0.0000000E+00   0.0000000E+00
   3.1159880E-05   3.1497060E+06   3.1497060E+06   4.1966359E+06   1.6272278E+04   5.8633212E+04   3.1499244E+06   3.1497060E+06   3.0774324E+06   0.0000000E+00   0.0000000E+00   0.0000000E+00   0.0000000E+00
   3.3484651E-05   3.1497018E+06   3.1497018E+06   4.1961703E+06   1.6271365E+04   5.8630104E+04   3.1499197E+06   3.1497018E+06   3.0774279E+06   0.0000000E+00   0.0000000E+00   0.0000000E+00   0.0000000E+00
   3.5982868E-05   3.1496969E+06   3.1496969E+06   4.1956328E+06   1.6270312E+04   5.8626515E+04   3.1499143E+06   3.1496969E+06   3.0774226E+06   0.0000000E+00   0.0000000E+00   0.0000000E+00   0.0000000E+00
   3.8667471E-05   3.1496912E+06   3.1496912E+06   4.1950121E+06   1.6269096E+04   5.8622372E+04   3.1499081E+06   3.1496912E+06   3.0774164E+06   0.0000000E+00   0.0000000E+00   0.0000000E+00   0.0000000E+00
   4.1552367E-05   3.1496846E+06   3.1496846E+06   4.1942955E+06   1.6267692E+04   5.8617588E+04   3.1499009E+06   3.1496846E+06   3.0774094E+06   0.0000000E+00   0.0000000E+00   0.0000000E+00   0.0000000E+00
   4.4652499E-05   3.1496770E+06   3.1496770E+06   4.1934681E+06   1.6266070E+04   5.8612064E+04   3.1498925E+06   3.1496770E+06   3.0774012E+06   0.0000000E+00   0.0000000E+00   0.0000000E+00   0.0000000E+00
   4.7983925E-05   3.1496683E+06   3.1496683E+06   4.1925129E+06   1.6264198E+04   5.8605687E+04   3.1498829E+06   3.1496683E+06   3.0773918E+06   0.0000000E+00   0.0000000E+00   0.0000000E+00   0.0000000E+00
   5.1563902E-05   3.1496582E+06   3.1496582E+06   4.1914100E+06   1.6262036E+04   5.8598324E+04   3.1498719E+06   3.1496582E+06   3.0773809E+06   0.0000000E+00   0.0000000E+00   0.0000000E+00   0.0000000E+00
   5.5410973E-05   3.1496465E+06   3.1496465E+06   4.1901368E+06   1.6259540E+04   5.8589823E+04   3.1498591E+06   3.1496465E+06   3.0773683E+06   0.0000000E+00   0.0000000E+00   0.0000000E+00   0.0000000E+00
   5.9545065E-05   3.1496330E+06   3.1496330E+06   4.1886669E+06   1.6256658E+04   5.8580010E+04   3.1498443E+06   3.1496330E+06   3.0773538E+06   0.0000000E+00   0.0000000E+00   0.0000000E+00   0.0000000E+00
   6.3987593E-05   3.1496174E+06   3.1496174E+06   4.1869702E+06   1.6253332E+04   5.8568681E+04   3.1498272E+06   3.1496174E+06   3.0773370E+06   0.0000000E+00   0.0000000E+00   0.0000000E+00   0.0000000E+00
   6.8761568E-05   3.1495995E+06   3.1495995E+06   4.1850116E+06   1.6249491E+04   5.8555604E+04   3.1498075E+06   3.1495995E+06   3.0773177E+06   0.0000000E+00   0.0000000E+00   0.0000000E+00   0.0000000E+00
   7.3891719E-05   3.1495787E+06   3.1495787E+06   4.1827510E+06   1.6245057E+04   5.8540509E+04   3.1497848E+06   3.1495787E+06   3.0772953E+06   0.0000000E+00   0.0000000E+00   0.0000000E+00   0.0000000E+00
   7.9404620E-05   3.1495548E+06   3.1495548E+06   4.1801419E+06   1.6239939E+04   5.8523086E+04   3.1497585E+06   3.1495548E+06   3.0772695E+06   0.0000000E+00   0.0000000E+00   0.0000000E+00   0.0000000E+00
   8.5328826E-05   3.1495271E+06   3.1495271E+06   4.1771308E+06   1.6234031E+04   5.8502978E+04   3.1497282E+06   3.1495271E+06   3.0772398E+06   0.0000000E+00   0.0000000E+00   0.0000000E+00   0.0000000E+00
   9.1695025E-05   3.1494952E+06   3.1494952E+06   4.1736563E+06   1.6227212E+04   5.8479774E+04   3.1496931E+06   3.1494952E+06   3.0772054E+06   0.0000000E+00   0.0000000E+00   0.0000000E+00   0.0000000E+00
   9.8536192E-05   3.1494583E+06   3.1494583E+06   4.1696474E+06   1.6219342E+04   5.8452998E+04   3.1496527E+06   3.1494583E+06   3.0771657E+06   0.0000000E+00   0.0000000E+00   0.0000000E+00   0.0000000E+00
   1.0588776E-04   3.1494157E+06   3.1494157E+06   4.1650225E+06   1.6210260E+04   5.8422105E+04   3.1496060E+06   3.1494157E+06   3.0771198E+06   0.0000000E+00   0.0000000E+00   0.0000000E+00   0.0000000E+00
   1.1378782E-04   3.1493666E+06   3.1493666E+06   4.1596878E+06   1.6199780E+04   5.8386468E+04   3.1495522E+06   3.1493666E+06   3.0770669E+06   0.0000000E+00   0.0000000E+00   0.0000000E+00   0.0000000E+00
   1.2227728E-04   3.1493098E+06   3.1493098E+06   4.1535355E+06   1.6187688E+04   5.8345363E+04   3.1494900E+06   3.1493098E+06   3.0770058E+06   0.0000000E+00   0.0000000E+00   0.0000000E+00   0.0000000E+00
   1.3140012E-04   3.1492444E+06   3.1492444E+06   4.1464416E+06   1.6173739E+04   5.8297961E+04   3.1494182E+06   3.1492444E+06   3.0769353E+06   0.0000000E+00   0.0000000E+00   0.0000000E+00   0.0000000E+00
   1.4120360E-04   3.1491688E+06   3.1491688E+06   4.1382640E+06   1.6157649E+04   5.8243309E+04   3.1493353E+06   3.1491688E+06   3.0768540E+06   0.0000000E+00   0.0000000E+00   0.0000000E+00   0.0000000E+00
   1.5173850E-04   3.1490815E+06   3.1490815E+06   4.1288396E+06   1.6139094E+04   5.8180312E+04   3.1492396E+06   3.1490815E+06   3.0767600E+06   0.0000000E+00   0.0000000E+00   0.0000000E+00   0.0000000E+00
   1.6305937E-04   3.1489808E+06   3.1489808E+06   4.1179819E+06   1.6117700E+04   5.8107718E+04   3.1491293E+06   3.1489808E+06   3.0766516E+06   0.0000000E+00   0.0000000E+00   0.0000000E+00   0.0000000E+00
   1.7522488E-04   3.1488646E+06   3.1488646E+06   4.1054772E+06   1.6093039E+04   5.8024092E+04   3.1490019E+06   3.1488646E+06   3.0765266E+06   0.0000000E+00   0.0000000E+00   0.0000000E+00   0.0000000E+00
   1.8829803E-04   3.1487305E+06   3.1487305E+06   4.0910819E+06   1.6064620E+04   5.7927792E+04   3.1488549E+06   3.1487305E+06   3.0763822E+06   0.0000000E+00   0.0000000E+00   0.0000000E+00   0.0000000E+00
   2.0234654E-04   3.1485758E+06   3.1485758E+06   4.0745179E+06   1.6031879E+04   5.7816948E+04   3.1486854E+06   3.1485758E+06   3.0762158E+06   0.0000000E+00   0.0000000E+00   0.0000000E+00   0.0000000E+00
   2.1744317E-04   3.1483973E+06   3.1483973E+06   4.0554693E+06   1.5994176E+04   5.7689425E+04   3.1484898E+06   3.1483973E+06   3.0760237E+06   0.0000000E+00   0.0000000E+00   0.0000000E+00   0.0000000E+00
   2.3366613E-04   3.1481915E+06   3.1481915E+06   4.0335776E+06   1.5950774E+04   5.7542799E+04   3.1482642E+06   3.1481915E+06   3.0758022E+06   0.0000000E+00   0.0000000E+00   0.0000000E+00   0.0000000E+00
   2.5109946E-04   3.1479541E+06   3.1479541E+06   4.0084369E+06   1.5900839E+04   5.7374320E+04   3.1480041E+06   3.1479541E+06   3.0755469E+06   0.0000000E+00   0.0000000E+00   0.0000000E+00   0.0000000E+00
   2.6983344E-04   3.1476804E+06   3.1476804E+06   3.9795902E+06   1.5843418E+04   5.7180880E+04   3.1477043E+06   3.1476804E+06   3.0752525E+06   0.0000000E+00   0.0000000E+00   0.0000000E+00   0.0000000E+00
   2.8996513E-04   3.1473649E+06   3.1473649E+06   3.9465240E+06   1.5777434E+04   5.6958978E+04   3.1473588E+06   3.1473649E+06   3.0749132E+06   0.0000000E+00   0.0000000E+00   0.0000000E+00   0.0000000E+00
   3.1159880E-04   3.1470013E+06   3.1470013E+06   3.9086649E+06   1.5701667E+04   5.6704686E+04   3.1469606E+06   3.1470013E+06   3.0745224E+06   0.0000000E+00   0.0000000E+00   0.0000000E+00   0.0000000E+00
   3.3484651E-04   3.1465825E+06   3.1465825E+06   3.8653760E+06   1.5614741E+04   5.6413618E+04   3.1465021E+06   3.1465825E+06   3.0740722E+06   0.0000000E+00   0.0000000E+00   0.0000000E+00   0.0000000E+00
   3.5982868E-04   3.1461002E+06   3.1461002E+06   3.8159550E+06   1.5515116E+04   5.6080906E+04   3.1459741E+06   3.1461002E+06   3.0735539E+06   0.0000000E+00   0.0000000E+00   0.0000000E+00   0.0000000E+00
   3.8667471E-04   3.1455450E+06   3.1455450E+06   3.7596343E+06   1.5401069E+04   5.5701187E+04   3.1453666E+06   3.1455450E+06   3.0729576E+06   0.0000000E+00   0.0000000E+00   0.0000000E+00   0.0000000E+00
   4.1552367E-04   3.1449062E+06   3.1449062E+06   3.6955838E+06   1.5270688E+04   5.5268596E+04   3.1446678E+06   3.1449062E+06   3.0722717E+06   0.0000000E+00   0.0000000E+00   0.0000000E+00   0.0000000E+00
   4.4652499E-04   3.1441717E+06   3.1441717E+06   3.6229177E+06   1.5121866E+04   5.4776787E+04   3.1438646E+06   3.1441717E+06   3.0714834E+06   0.0000000E+00   0.0000000E+00   0.0000000E+00   0.0000000E+00
   4.7983925E-04   3.1433276E+06   3.1433276E+06   3.5407069E+06   1.4952300E+04   5.4218979E+04   3.1429420E+06   3.1433276E+06   3.0705779E+06   0.0000000E+00   0.0000000E+00   0.0000000E+00   0.0000000E+00
   5.1563902E-04   3.1423582E+06   3.1423582E+06   3.4479991E+06   1.4759501E+04   5.3588036E+04   3.1418831E+06   3.1423582E+06   3.0695388E+06   0.0000000E+00   0.0000000E+00   0.0000000E+00   0.0000000E+00
   5.5410973E-04   3.1412460E+06   3.1412460E+06   3.3438473E+06   1.4540812E+04   5.2876593E+04   3.1406687E+06   3.1412460E+06   3.0683473E+06   0.0000000E+00   0.0000000E+00   0.0000000E+00   0.0000000E+00
   5.9545065E-04   3.1399710E+06   3.1399710E+06   3.2273509E+06   1.4293442E+04   5.2077240E+04   3.1392777E+06   3.1399710E+06   3.0669827E+06   0.0000000E+00   0.0000000E+00   0.0000000E+00   0.0000000E+00
   6.3987593E-04   3.1385111E+06   3.1385111E+06   3.0977110E+06   1.4014526E+04   5.1182773E+04   3.1376861E+06   3.1385111E+06   3.0654215E+06   0.0000000E+00   0.0000000E+00   0.0000000E+00   0.0000000E+00
   6.8761568E-04   3.1368413E+06   3.1368413E+06   2.9543022E+06   1.3701203E+04   5.0186516E+04   3.1358674E+06   3.1368413E+06   3.0636378E+06   0.0000000E+00   0.0000000E+00   0.0000000E+00   0.0000000E+00
   7.3891719E-04   3.1349343E+06   3.1349343E+06   2.7967634E+06   1.3350730E+04   4.9082725E+04   3.1337923E+06   3.1349343E+06   3.0616033E+06   0.0000000E+00   0.0000000E+00   0.0000000E+00   0.0000000E+00
   7.9404620E-04   3.1327596E+06   3.1327596E+06   2.6251087E+06   1.2960630E+04   4.7867069E+04   3.1314290E+06   3.1327596E+06   3.0592865E+06   0.0000000E+00   0.0000000E+00   0.0000000E+00   0.0000000E+00
   8.5328826E-04   3.1302840E+06   3.1302840E+06   2.4398558E+06   1.2528890E+04   4.6537156E+04   3.1287423E+06   3.1302840E+06   3.0566535E+06   0.0000000E+00   0.0000000E+00   0.0000000E+00   0.0000000E+00
   9.1695025E-04   3.1274714E+06   3.1274714E+06   2.2421691E+06   1.2054193E+04   4.5093086E+04   3.1256948E+06   3.1274714E+06   3.0536676E+06   0.0000000E+00   0.0000000E+00   0.0000000E+00   0.0000000E+00
   9.8536192E-04   3.1242828E+06   3.1242828E+06   2.0340052E+06   1.1536200E+04   4.3537944E+04   3.1222461E+06   3.1242828E+06   3.0502899E+06   0.0000000E+00   0.0000000E+00   0.0000000E+00   0.0000000E+00
   1.0588776E-03   3.1206766E+06   3.1206766E+06   1.8182447E+06   1.0975870E+04   4.1878147E+04   3.1183540E+06   3.1206766E+06   3.0464792E+06   0.0000000E+00   0.0000000E+00   0.0000000E+00   0.0000000E+00
   1.1378782E-03   3.1166087E+06   3.1166087E+06   1.5987831E+06   1.0375786E+04   4.0123515E+04   3.1139741E+06   3.1166087E+06   3.0421927E+06   0.0000000E+00   0.0000000E+00   0.0000000E+00   0.0000000E+00
   1.2227728E-03   3.1120330E+06   3.1120330E+06   1.3805430E+06   9.7404719E+03   3.8286903E+04   3.1090610E+06   3.1120330E+06   3.0373864E+06   0.0000000E+00   0.0000000E+00   0.0000000E+00   0.0000000E+00
   1.3140012E-03   3.1069017E+06   3.1069017E+06   1.1693601E+06   9.0766376E+03   3.6383270E+04   3.1035684E+06   3.1069017E+06   3.0320157E+06   0.0000000E+00   0.0000000E+00   0.0000000E+00   0.0000000E+00
   1.4120360E-03   3.1011656E+06   3.1011656E+06   9.7169181E+05   8.3932850E+03   3.4428102E+04   3.0974500E+06   3.1011656E+06   3.0260363E+06   0.0000000E+00   0.0000000E+00   0.0000000E+00   0.0000000E+00
   1.5173850E-03   3.0947749E+06   3.0947749E+06   7.9410028E+05   7.7015911E+03   3.2435282E+04   3.0906600E+06   3.0947749E+06   3.0194041E+06   0.0000000E+00   0.0000000E+00   0.0000000E+00   0.0000000E+00
   1.6305937E-03   3.0876787E+06   3.0876787E+06   6.4249025E+05   7.0144731E+03   3.0414780E+04   3.0831531E+06   3.0876787E+06   3.0120756E+06   0.0000000E+00   0.0000000E+00   0.0000000E+00   0.0000000E+00
   1.7522488E-03   3.0798254E+06   3.0798254E+06   5.2113700E+05   6.3457640E+03   2.8370926E+04   3.0748847E+06   3.0798254E+06   3.0040081E+06   0.0000000E+00   0.0000000E+00   0.0000000E+00   0.0000000E+00
   1.8829803E-03   3.0711622E+06   3.0711622E+06   4.3163014E+05   5.7089741E+03   2.6302440E+04   3.0658099E+06   3.0711622E+06   2.9951584E+06   0.0000000E+00   0.0000000E+00   0.0000000E+00   0.0000000E+00
   2.0234654E-03   3.0616342E+06   3.0616342E+06   3.7198118E+05   5.1157220E+03   2.4205607E+04   3.0558823E+06   3.0616342E+06   2.9854817E+06   0.0000000E+00   0.0000000E+00   0.0000000E+00   0.0000000E+00
   2.1744317E-03   3.0511833E+06   3.0511833E+06   3.3626330E+05   4.5740646E+03   2.2081585E+04   3.0450522E+06   3.0511833E+06   2.9749293E+06   0.0000000E+00   0.0000000E+00   0.0000000E+00   0.0000000E+00
   2.3366613E-03   3.0397472E+06   3.0397472E+06   3.1520371E+05   4.0871341E+03   1.9947304E+04   3.0332646E+06   3.0397472E+06   2.9634471E+06   0.0000000E+00   0.0000000E+00   0.0000000E+00   0.0000000E+00
   2.5109946E-03   3.0272586E+06   3.0272586E+06   2.9802755E+05   3.6526180E+03   1.7846557E+04   3.0204571E+06   3.0272586E+06   2.9509731E+06   0.0000000E+00   0.0000000E+00   0.0000000E+00   0.0000000E+00
   2.6983344E-03   3.0136454E+06   3.0136454E+06   2.7544790E+05   3.2635847E+03   1.5854101E+04   3.0065589E+06   3.0136454E+06   2.9374369E+06   0.0000000E+00   0.0000000E+00   0.0000000E+00   0.0000000E+00
   2.8996513E-03   2.9988317E+06   2.9988317E+06   2.4299302E+05   2.9108330E+03   1.4063433E+04   2.9914919E+06   2.9988317E+06   2.9227604E+06   0.0000000E+00   0.0000000E+00   0.0000000E+00   0.0000000E+00
   3.1159880E-03   2.9827399E+06   2.9827399E+06   2.0308625E+05   2.5862643E+03   1.2552467E+04   2.9751726E+06   2.9827399E+06   2.9068603E+06   0.0000000E+00   0.0000000E+00   0.0000000E+00   0.0000000E+00
   3.3484651E-03   2.9652926E+06   2.9652926E+06   1.6403738E+05   2.2859307E+03   1.1335027E+04   2.9575161E+06   2.9652926E+06   2.8896520E+06   0.0000000E+00   0.0000000E+00   0.0000000E+00   0.0000000E+00
   3.5982868E-03   2.9464135E+06   2.9464135E+06   1.3517858E+05   2.0109347E+03   1.0327930E+04   2.9384381E+06   2.9464135E+06   2.8710523E+06   0.0000000E+00   0.0000000E+00   0.0000000E+00   0.0000000E+00
   3.8667471E-03   2.9260249E+06   2.9260249E+06   1.2010926E+05   1.7650224E+03   9.3770430E+03   2.9178561E+06   2.9260249E+06   2.8509802E+06   0.0000000E+00   0.0000000E+00   0.0000000E+00   0.0000000E+00
   4.1552367E-03   2.9040445E+06   2.9040445E+06   1.1306002E+05   1.5498875E+03   8.3606319E+03   2.8956876E+06   2.9040445E+06   2.8293546E+06   0.0000000E+00   0.0000000E+00   0.0000000E+00   0.0000000E+00
   4.4652499E-03   2.8803824E+06   2.8803824E+06   1.0323730E+05   1.3618018E+03   7.3086319E+03   2.8718463E+06   2.8803824E+06   2.8060914E+06   0.0000000E+00   0.0000000E+00   0.0000000E+00   0.0000000E+00
   4.7983925E-03   2.8549430E+06   2.8549430E+06   8.5537581E+04   1.1933738E+03   6.3986193E+03   2.8462429E+06   2.8549430E+06   2.7811032E+06   0.0000000E+00   0.0000000E+00   0.0000000E+00   0.0000000E+00
   5.1563902E-03   2.8276309E+06   2.8276309E+06   6.6670379E+04   1.0397229E+03   5.7553001E+03   2.8187874E+06   2.8276309E+06   2.7543019E+06   0.0000000E+00   0.0000000E+00   0.0000000E+00   0.0000000E+00
   5.5410973E-03   2.7983556E+06   2.7983556E+06   5.6396316E+04   9.0213730E+02   5.2494063E+03   2.7893921E+06   2.7983556E+06   2.7256021E+06   0.0000000E+00   0.0000000E+00   0.0000000E+00   0.0000000E+00
   5.9545065E-03   2.7670293E+06   2.7670293E+06   5.2625155E+04   7.8339683E+02   4.6480062E+03   2.7579693E+06   2.7670293E+06   2.6949184E+06   0.0000000E+00   0.0000000E+00   0.0000000E+00   0.0000000E+00
   6.3987593E-03   2.7335580E+06   2.7335580E+06   4.4666872E+04   6.8077432E+02   4.0115344E+03   2.7244232E+06   2.7335580E+06   2.6621571E+06   0.0000000E+00   0.0000000E+00   0.0000000E+00   0.0000000E+00
   6.8761568E-03   2.6978418E+06   2.6978418E+06   3.3374878E+04   5.8884007E+02   3.6025977E+03   2.6886504E+06   2.6978418E+06   2.6272176E+06   0.0000000E+00   0.0000000E+00   0.0000000E+00   0.0000000E+00
   7.3891719E-03   2.6597818E+06   2.6597818E+06   2.8854591E+04   5.0746569E+02   3.2997474E+03   2.6505498E+06   2.6597818E+06   2.5900013E+06   0.0000000E+00   0.0000000E+00   0.0000000E+00   0.0000000E+00
   7.9404620E-03   2.6192795E+06   2.6192795E+06   2.6570765E+04   4.3794910E+02   2.8406765E+03   2.6100269E+06   2.6192795E+06   2.5504160E+06   0.0000000E+00   0.0000000E+00   0.0000000E+00   0.0000000E+00
   8.5328826E-03   2.5762328E+06   2.5762328E+06   1.9829435E+04   3.7652630E+02   2.5087155E+03   2.5669882E+06   2.5762328E+06   2.5083705E+06   0.0000000E+00   0.0000000E+00   0.0000000E+00   0.0000000E+00
   9.1695025E-03   2.5305395E+06   2.5305395E+06   1.7668146E+04   3.2244637E+02   2.3118137E+03   2.5213310E+06   2.5305395E+06   2.4637649E+06   0.0000000E+00   0.0000000E+00   0.0000000E+00   0.0000000E+00
   9.8536192E-03   2.4820966E+06   2.4820966E+06   1.5902890E+04   2.7696782E+02   1.9451276E+03   2.4729419E+06   2.4820966E+06   2.4164882E+06   0.0000000E+00   0.0000000E+00   0.0000000E+00   0.0000000E+00
   1.0588776E-02   2.4307971E+06   2.4307971E+06   1.2285324E+04   2.3644995E+02   1.7657240E+03   2.4217152E+06   2.4307971E+06   2.3664374E+06   0.0000000E+00   0.0000000E+00   0.0000000E+00   0.0000000E+00
   1.1378782E-02   2.3765374E+06   2.3765374E+06   1.2015928E+04   2.0170559E+02   1.5069307E+03   2.3675577E+06   2.3765374E+06   2.3135217E+06   0.0000000E+00   0.0000000E+00   0.0000000E+00   0.0000000E+00
   1.2227728E-02   2.3192145E+06   2.3192145E+06   8.9570238E+03   1.7176103E+02   1.3267932E+03   2.3103595E+06   2.3192145E+06   2.2576338E+06   0.0000000E+00   0.0000000E+00   0.0000000E+00   0.0000000E+00
   1.3140012E-02   2.2587324E+06   2.2587324E+06   8.5416983E+03   1.4584996E+02   1.1240537E+03   2.2500228E+06   2.2587324E+06   2.1986780E+06   0.0000000E+00   0.0000000E+00   0.0000000E+00   0.0000000E+00
   1.4120360E-02   2.1950041E+06   2.1950041E+06   6.3716389E+03   1.2341564E+02   1.0101076E+03   2.1864669E+06   2.1950041E+06   2.1365758E+06   0.0000000E+00   0.0000000E+00   0.0000000E+00   0.0000000E+00
   1.5173850E-02   2.1279599E+06   2.1279599E+06   5.5201316E+03   1.0434018E+02   8.3083653E+02   2.1196150E+06   2.1279599E+06   2.0712523E+06   0.0000000E+00   0.0000000E+00   0.0000000E+00   0.0000000E+00
   1.6305937E-02   2.0575546E+06   2.0575546E+06   4.8450835E+03   8.7745121E+01   7.5203140E+02   2.0494263E+06   2.0575546E+06   2.0026675E+06   0.0000000E+00   0.0000000E+00   0.0000000E+00   0.0000000E+00
   1.7522488E-02   1.9837804E+06   1.9837804E+06   3.6812487E+03   7.3648147E+01   6.5427588E+02   1.9758912E+06   1.9837804E+06   1.9308122E+06   0.0000000E+00   0.0000000E+00   0.0000000E+00   0.0000000E+00
   1.8829803E-02   1.9066814E+06   1.9066814E+06   3.1100565E+03   6.1639805E+01   5.3355890E+02   1.8990518E+06   1.9066814E+06   1.8557275E+06   0.0000000E+00   0.0000000E+00   0.0000000E+00   0.0000000E+00
   2.0234653E-02   1.8263712E+06   1.8263712E+06   2.7544479E+03   5.1394433E+01   4.4587809E+02   1.8190228E+06   1.8263712E+06   1.7775257E+06   0.0000000E+00   0.0000000E+00   0.0000000E+00   0.0000000E+00
   2.1744313E-02   1.7430557E+06   1.7430557E+06   2.3223684E+03   4.2652641E+01   3.8366342E+02   1.7360074E+06   1.7430557E+06   1.6964053E+06   0.0000000E+00   0.0000000E+00   0.0000000E+00   0.0000000E+00
   2.3366590E-02   1.6570581E+06   1.6570581E+06   1.9046292E+03   3.5269983E+01   3.2778452E+02   1.6503267E+06   1.6570581E+06   1.6126801E+06   0.0000000E+00   0.0000000E+00   0.0000000E+00   0.0000000E+00
   2.5109824E-02   1.5688468E+06   1.5688468E+06   1.5625623E+03   2.9046338E+01   2.7483494E+02   1.5624481E+06   1.5688468E+06   1.5268069E+06   0.0000000E+00   0.0000000E+00   0.0000000E+00   0.0000000E+00
   2.6982799E-02   1.4790670E+06   1.4790670E+06   1.2630631E+03   2.3814129E+01   2.2532095E+02   1.4730122E+06   1.4790670E+06   1.4394118E+06   0.0000000E+00   0.0000000E+00   0.0000000E+00   0.0000000E+00
   2.8994374E-02   1.3885760E+06   1.3885760E+06   9.7937404E+02   1.9441823E+01   1.8511556E+02   1.3828727E+06   1.3885760E+06   1.3513290E+06   0.0000000E+00   0.0000000E+00   0.0000000E+00   0.0000000E+00
   3.1152492E-02   1.2984852E+06   1.2984852E+06   7.6464177E+02   1.5805453E+01   1.5891116E+02   1.2931361E+06   1.2984852E+06   1.2636398E+06   0.0000000E+00   0.0000000E+00   0.0000000E+00   0.0000000E+00
   3.3461990E-02   1.2102011E+06   1.2102011E+06   6.6328380E+02   1.2811287E+01   1.3298152E+02   1.2052025E+06   1.2102011E+06   1.1777122E+06   0.0000000E+00   0.0000000E+00   0.0000000E+00   0.0000000E+00
   3.5920807E-02   1.1254345E+06   1.1254345E+06   5.1626511E+02   1.0372406E+01   1.0329805E+02   1.1207752E+06   1.1254345E+06   1.0952109E+06   0.0000000E+00   0.0000000E+00   0.0000000E+00   0.0000000E+00
   3.8515156E-02   1.0461074E+06   1.0461074E+06   4.2547910E+02   8.4036919E+00   9.0809388E+01   1.0417675E+06   1.0461074E+06   1.0180056E+06   0.0000000E+00   0.0000000E+00   0.0000000E+00   0.0000000E+00
   4.1216483E-02   9.7407196E+05   9.7407196E+05   3.3135954E+02   6.8456554E+00   7.0365374E+01   9.7002368E+05   9.7407196E+05   9.4789837E+05   0.0000000E+00   0.0000000E+00   0.0000000E+00   0.0000000E+00
   4.3984505E-02   9.1066403E+05   9.1066403E+05   2.9354028E+02   5.6228573E+00   6.0283771E+01   9.0687342E+05   9.1066403E+05   8.8618864E+05   0.0000000E+00   0.0000000E+00   0.0000000E+00   0.0000000E+00
   4.6777350E-02   8.5631732E+05   8.5631732E+05   2.2588748E+02   4.6732408E+00   5.2581270E+01   8.5274823E+05   8.5631732E+05   8.3329809E+05   0.0000000E+00   0.0000000E+00   0.0000000E+00   0.0000000E+00
   4.9562937E-02   8.1051064E+05   8.1051064E+05   1.9590500E+02   3.9372381E+00   4.1346693E+01   8.0712867E+05   8.1051064E+05   7.8871914E+05   0.0000000E+00   0.0000000E+00   0.0000000E+00   0.0000000E+00
   5.2324252E-02   7.7205537E+05   7.7205537E+05   1.7317038E+02   3.3593571E+00   3.8395560E+01   7.6883076E+05   7.7205537E+05   7.5129482E+05   0.0000000E+00   0.0000000E+00   0.0000000E+00   0.0000000E+00
   5.5057587E-02   7.3948102E+05   7.3948102E+05   1.3985358E+02   2.9009656E+00   3.2812127E+01   7.3638993E+05   7.3948102E+05   7.1959398E+05   0.0000000E+00   0.0000000E+00   0.0000000E+00   0.0000000E+00
   5.7767793E-02   7.1131865E+05   7.1131865E+05   1.3033378E+02   2.5302096E+00   2.7893693E+01   7.0834315E+05   7.1131865E+05   6.9218694E+05   0.0000000E+00   0.0000000E+00   0.0000000E+00   0.0000000E+00
   6.0463978E-02   6.8624457E+05   6.8624457E+05   1.1091935E+02   2.2238633E+00   2.6551693E+01   6.8337214E+05   6.8624457E+05   6.6778552E+05   0.0000000E+00   0.0000000E+00   0.0000000E+00   0.0000000E+00
   6.3156754E-02   6.6313156E+05   6.6313156E+05   9.7522070E+01   1.9668297E+00   2.1841900E+01   6.6035432E+05   6.6313156E+05   6.4529274E+05   0.0000000E+00   0.0000000E+00   0.0000000E+00   0.0000000E+00
   6.5856785E-02   6.4105721E+05   6.4105721E+05   9.0920420E+01   1.7465107E+00   2.0857807E+01   6.3837110E+05   6.4105721E+05   6.2381094E+05   0.0000000E+00   0.0000000E+00   0.0000000E+00   0.0000000E+00
   6.8574150E-02   6.1929862E+05   6.1929862E+05   7.5023723E+01   1.5551912E+00   1.8280725E+01   6.1670251E+05   6.1929862E+05   6.0263660E+05   0.0000000E+00   0.0000000E+00   0.0000000E+00   0.0000000E+00
   7.1318140E-02   5.9732537E+05   5.9732537E+05   7.2197435E+01   1.3866691E+00   1.5658567E+01   5.9482035E+05   5.9732537E+05   5.8125355E+05   0.0000000E+00   0.0000000E+00   0.0000000E+00   0.0000000E+00
   7.4097253E-02   5.7479394E+05   5.7479394E+05   6.2229128E+01   1.2365469E+00   1.5653906E+01   5.7238252E+05   5.7479394E+05   5.5932751E+05   0.0000000E+00   0.0000000E+00   0.0000000E+00   0.0000000E+00
   7.6919281E-02   5.5154262E+05   5.5154262E+05   5.3296047E+01   1.1023150E+00   1.2551001E+01   5.4922797E+05   5.5154262E+05   5.3670108E+05   0.0000000E+00   0.0000000E+00   0.0000000E+00   0.0000000E+00
   7.9791416E-02   5.2758418E+05   5.2758418E+05   5.1393548E+01   9.8133679E-01   1.1364065E+01   5.2536939E+05   5.2758418E+05   5.1338669E+05   0.0000000E+00   0.0000000E+00   0.0000000E+00   0.0000000E+00
   8.2720359E-02   5.0309366E+05   5.0309366E+05   4.4211578E+01   8.7235759E-01   1.1181920E+01   5.0098108E+05   5.0309366E+05   4.8955464E+05   0.0000000E+00   0.0000000E+00   0.0000000E+00   0.0000000E+00
   8.5712425E-02   4.7838840E+05   4.7838840E+05   3.7128634E+01   7.7446753E-01   9.4894274E+00   4.7637903E+05   4.7838840E+05   4.6551373E+05   0.0000000E+00   0.0000000E+00   0.0000000E+00   0.0000000E+00
   8.8773619E-02   4.5389856E+05   4.5389856E+05   3.3624978E+01   6.8680629E-01   7.7906274E+00   4.5199159E+05   4.5389856E+05   4.4168253E+05   0.0000000E+00   0.0000000E+00   0.0000000E+00   0.0000000E+00
   9.1909718E-02   4.3012701E+05   4.3012701E+05   3.0836338E+01   6.0867151E-01   6.9667330E+00   4.2831949E+05   4.3012701E+05   4.1855035E+05   0.0000000E+00   0.0000000E+00   0.0000000E+00   0.0000000E+00
   9.5126320E-02   4.0759921E+05   4.0759921E+05   2.7632673E+01   5.3959636E-01   6.4541029E+00   4.0588600E+05   4.0759921E+05   3.9662853E+05   0.0000000E+00   0.0000000E+00   0.0000000E+00   0.0000000E+00
   9.8428901E-02   3.8680545E+05   3.8680545E+05   2.4488026E+01   4.7907244E-01   5.9485117E+00   3.8517932E+05   3.8680545E+05   3.7639414E+05   0.0000000E+00   0.0000000E+00   0.0000000E+00   0.0000000E+00
   1.0182285E-01   3.6813965E+05   3.6813965E+05   2.1789003E+01   4.2647863E-01   5.3250787E+00   3.6659170E+05   3.6813965E+05   3.5823047E+05   0.0000000E+00   0.0000000E+00   0.0000000E+00   0.0000000E+00
   1.0531352E-01   3.5184125E+05   3.5184125E+05   1.9582570E+01   3.8100296E-01   4.7629376E+00   3.5036158E+05   3.5184125E+05   3.4237053E+05   0.0000000E+00   0.0000000E+00   0.0000000E+00   0.0000000E+00
   1.0890620E-01   3.3794824E+05   3.3794824E+05   1.7611234E+01   3.4189636E-01   4.0932942E+00   3.3652677E+05   3.3794824E+05   3.2885127E+05   0.0000000E+00   0.0000000E+00   0.0000000E+00   0.0000000E+00
   1.1260621E-01   3.2627018E+05   3.2627018E+05   1.5434901E+01   3.0819095E-01   3.4781439E+00   3.2489761E+05   3.2627018E+05   3.1748735E+05   0.0000000E+00   0.0000000E+00   0.0000000E+00   0.0000000E+00
   1.1641887E-01   3.1638983E+05   3.1638983E+05   1.3364156E+01   2.7891895E-01   3.3523404E+00   3.1505865E+05   3.1638983E+05   3.0787280E+05   0.0000000E+00   0.0000000E+00   0.0000000E+00   0.0000000E+00
   1.2034952E-01   3.0769947E+05   3.0769947E+05   1.2663878E+01   2.5313848E-01   3.3787029E+00   3.0640468E+05   3.0769947E+05   2.9941621E+05   0.0000000E+00   0.0000000E+00   0.0000000E+00   0.0000000E+00
   1.2440355E-01   2.9947354E+05   2.9947354E+05   1.1706448E+01   2.3002778E-01   2.6804726E+00   2.9821320E+05   2.9947354E+05   2.9141157E+05   0.0000000E+00   0.0000000E+00   0.0000000E+00   0.0000000E+00
   1.2858638E-01   2.9097282E+05   2.9097282E+05   1.0221162E+01   2.0879011E-01   2.7597433E+00   2.8974811E+05   2.9097282E+05   2.8313955E+05   0.0000000E+00   0.0000000E+00   0.0000000E+00   0.0000000E+00
   1.3290350E-01   2.8156746E+05   2.8156746E+05   9.6072581E+00   1.8896882E-01   2.2042313E+00   2.8038220E+05   2.8156746E+05   2.7398726E+05   0.0000000E+00   0.0000000E+00   0.0000000E+00   0.0000000E+00
   1.3736044E-01   2.7085824E+05   2.7085824E+05   8.6119256E+00   1.7020134E-01   2.3096382E+00   2.6971795E+05   2.7085824E+05   2.6356624E+05   0.0000000E+00   0.0000000E+00   0.0000000E+00   0.0000000E+00
   1.4196281E-01   2.5876999E+05   2.5876999E+05   7.3793106E+00   1.5243473E-01   1.9494903E+00   2.5768048E+05   2.5876999E+05   2.5180333E+05   0.0000000E+00   0.0000000E+00   0.0000000E+00   0.0000000E+00
   1.4671628E-01   2.4559003E+05   2.4559003E+05   6.7104672E+00   1.3575861E-01   1.5976741E+00   2.4455592E+05   2.4559003E+05   2.3897811E+05   0.0000000E+00   0.0000000E+00   0.0000000E+00   0.0000000E+00
   1.5162661E-01   2.3193060E+05   2.3193060E+05   6.0584107E+00   1.2037558E-01   1.4193976E+00   2.3095392E+05   2.3193060E+05   2.2568634E+05   0.0000000E+00   0.0000000E+00   0.0000000E+00   0.0000000E+00
   1.5669961E-01   2.1860858E+05   2.1860858E+05   5.3676017E+00   1.0652148E-01   1.2953471E+00   2.1768793E+05   2.1860858E+05   2.1272292E+05   0.0000000E+00   0.0000000E+00   0.0000000E+00   0.0000000E+00
   1.6194121E-01   2.0645702E+05   2.0645702E+05   4.7230730E+00   9.4383368E-02   1.1178720E+00   2.0558747E+05   2.0645702E+05   2.0089845E+05   0.0000000E+00   0.0000000E+00   0.0000000E+00   0.0000000E+00
   1.6735741E-01   1.9610720E+05   1.9610720E+05   4.1033516E+00   8.3996466E-02   9.9950303E-01   1.9528118E+05   1.9610720E+05   1.9082723E+05   0.0000000E+00   0.0000000E+00   0.0000000E+00   0.0000000E+00
   1.7295434E-01   1.8779959E+05   1.8779959E+05   3.6425877E+00   7.5245714E-02   1.0119021E+00   1.8700852E+05   1.8779959E+05   1.8274325E+05   0.0000000E+00   0.0000000E+00   0.0000000E+00   0.0000000E+00
   1.7873823E-01   1.8128811E+05   1.8128811E+05   3.4580248E+00   6.7861978E-02   8.6695381E-01   1.8052442E+05   1.8128811E+05   1.7640704E+05   0.0000000E+00   0.0000000E+00   0.0000000E+00   0.0000000E+00
   1.8471546E-01   1.7588660E+05   1.7588660E+05   2.9867581E+00   6.1476025E-02   7.9058874E-01   1.7514562E+05   1.7588660E+05   1.7115092E+05   0.0000000E+00   0.0000000E+00   0.0000000E+00   0.0000000E+00
   1.9089254E-01   1.7066749E+05   1.7066749E+05   2.8169924E+00   5.5723218E-02   6.6874239E-01   1.6994845E+05   1.7066749E+05   1.6607229E+05   0.0000000E+00   0.0000000E+00   0.0000000E+00   0.0000000E+00
   1.9727619E-01   1.6476692E+05   1.6476692E+05   2.5586544E+00   5.0309286E-02   6.7400624E-01   1.6407270E+05   1.6476692E+05   1.6033055E+05   0.0000000E+00   0.0000000E+00   0.0000000E+00   0.0000000E+00
   2.0387332E-01   1.5769727E+05   1.5769727E+05   2.2677039E+00   4.5103606E-02   6.2586096E-01   1.5703281E+05   1.5769727E+05   1.5345123E+05   0.0000000E+00   0.0000000E+00   0.0000000E+00   0.0000000E+00
   2.1069107E-01   1.4954179E+05   1.4954179E+05   2.0168260E+00   4.0119965E-02   5.5775384E-01   1.4891167E+05   1.4954179E+05   1.4551531E+05   0.0000000E+00   0.0000000E+00   0.0000000E+00   0.0000000E+00
   2.1773687E-01   1.4093003E+05   1.4093003E+05   1.7902690E+00   3.5491983E-02   4.6429444E-01   1.4033616E+05   1.4093003E+05   1.3713539E+05   0.0000000E+00   0.0000000E+00   0.0000000E+00   0.0000000E+00
   2.2501848E-01   1.3277268E+05   1.3277268E+05   1.5649143E+00   3.1375157E-02   3.9064788E-01   1.3221316E+05   1.3277268E+05   1.2919766E+05   0.0000000E+00   0.0000000E+00   0.0000000E+00   0.0000000E+00
   2.3254401E-01   1.2584752E+05   1.2584752E+05   1.3610156E+00   2.7865346E-02   3.6885272E-01   1.2531717E+05   1.2584752E+05   1.2245896E+05   0.0000000E+00   0.0000000E+00   0.0000000E+00   0.0000000E+00
   2.4032202E-01   1.2042279E+05   1.2042279E+05   1.2522305E+00   2.4940765E-02   3.0933048E-01   1.1991529E+05   1.2042279E+05   1.1718028E+05   0.0000000E+00   0.0000000E+00   0.0000000E+00   0.0000000E+00
   2.4836157E-01   1.1612025E+05   1.1612025E+05   1.1265823E+00   2.2469708E-02   3.1262649E-01   1.1563085E+05   1.1612025E+05   1.1299356E+05   0.0000000E+00   0.0000000E+00   0.0000000E+00   0.0000000E+00
   2.5667230E-01   1.1212138E+05   1.1212138E+05   1.0100120E+00   2.0274466E-02   2.8264355E-01   1.1164883E+05   1.1212138E+05   1.0910236E+05   0.0000000E+00   0.0000000E+00   0.0000000E+00   0.0000000E+00
   2.6526452E-01   1.0763372E+05   1.0763372E+05   9.1222222E-01   1.8210548E-02   2.4937384E-01   1.0718007E+05   1.0763372E+05   1.0473552E+05   0.0000000E+00   0.0000000E+00   0.0000000E+00   0.0000000E+00
   2.7414932E-01   1.0235709E+05   1.0235709E+05   8.1604120E-01   1.6228112E-02   2.0827594E-01   1.0192566E+05   1.0235709E+05   9.9600959E+04   0.0000000E+00   0.0000000E+00   0.0000000E+00   0.0000000E+00
   2.8333869E-01   9.6648604E+04   9.6648604E+04   7.0892434E-01   1.4371170E-02   1.9028122E-01   9.6241228E+04   9.6648604E+04   9.4046173E+04   0.0000000E+00   0.0000000E+00   0.0000000E+00   0.0000000E+00
   2.9284564E-01   9.1249460E+04   9.1249460E+04   6.3663008E-01   1.2719972E-02   1.6510922E-01   9.0864832E+04   9.1249460E+04   8.8792401E+04   0.0000000E+00   0.0000000E+00   0.0000000E+00   0.0000000E+00
   3.0268437E-01   8.6737502E+04   8.6737502E+04   5.6115846E-01   1.1317759E-02   1.5293163E-01   8.6371884E+04   8.6737502E+04   8.4401927E+04   0.0000000E+00   0.0000000E+00   0.0000000E+00   0.0000000E+00
   3.1287047E-01   8.3102441E+04   8.3102441E+04   5.0280089E-01   1.0135953E-02   1.3795990E-01   8.2752138E+04   8.3102441E+04   8.0864741E+04   0.0000000E+00   0.0000000E+00   0.0000000E+00   0.0000000E+00
   3.2342110E-01   7.9789936E+04   7.9789936E+04   4.5549694E-01   9.0951786E-03   1.1934437E-01   7.9453589E+04   7.9789936E+04   7.7641424E+04   0.0000000E+00   0.0000000E+00   0.0000000E+00   0.0000000E+00
   3.3435528E-01   7.6199319E+04   7.6199319E+04   4.0244718E-01   8.1249194E-03   1.0489198E-01   7.5878101E+04   7.6199319E+04   7.4147486E+04   0.0000000E+00   0.0000000E+00   0.0000000E+00   0.0000000E+00
   3.4569417E-01   7.2208768E+04   7.2208768E+04   3.5992388E-01   7.2093212E-03   9.5499704E-02   7.1904367E+04   7.2208768E+04   7.0264384E+04   0.0000000E+00   0.0000000E+00   0.0000000E+00   0.0000000E+00
   3.5746142E-01   6.8234192E+04   6.8234192E+04   3.1803232E-01   6.3781552E-03   8.7217789E-02   6.7946542E+04   6.8234192E+04   6.6396828E+04   0.0000000E+00   0.0000000E+00   0.0000000E+00   0.0000000E+00
   3.6968361E-01   6.4753918E+04   6.4753918E+04   2.8228762E-01   5.6596399E-03   7.4819375E-02   6.4480935E+04   6.4753918E+04   6.3010264E+04   0.0000000E+00   0.0000000E+00   0.0000000E+00   0.0000000E+00
   3.8239078E-01   6.1794569E+04   6.1794569E+04   2.4983974E-01   5.0437441E-03   6.9303146E-02   6.1534057E+04   6.1794569E+04   6.0130599E+04   0.0000000E+00   0.0000000E+00   0.0000000E+00   0.0000000E+00
   3.9561702E-01   5.8952265E+04   5.8952265E+04   2.2297887E-01   4.4927330E-03   5.9722968E-02   5.8703732E+04   5.8952265E+04   5.7364827E+04   0.0000000E+00   0.0000000E+00   0.0000000E+00   0.0000000E+00
   4.0940126E-01   5.5919423E+04   5.5919423E+04   1.9750518E-01   3.9807243E-03   5.3535732E-02   5.5683672E+04   5.5919423E+04   5.4413648E+04   0.0000000E+00   0.0000000E+00   0.0000000E+00   0.0000000E+00
   4.2378826E-01   5.2845505E+04   5.2845505E+04   1.7482722E-01   3.5130623E-03   4.7462593E-02   5.2622711E+04   5.2845505E+04   5.1422501E+04   0.0000000E+00   0.0000000E+00   0.0000000E+00   0.0000000E+00
   4.3882971E-01   5.0054866E+04   5.0054866E+04   1.5407728E-01   3.1034955E-03   4.3849163E-02   4.9843835E+04   5.0054866E+04   4.8707005E+04   0.0000000E+00   0.0000000E+00   0.0000000E+00   0.0000000E+00
   4.5458579E-01   4.7548911E+04   4.7548911E+04   1.3672173E-01   2.7457887E-03   3.8407731E-02   4.7348444E+04   4.7548911E+04   4.6268528E+04   0.0000000E+00   0.0000000E+00   0.0000000E+00   0.0000000E+00
   4.7112701E-01   4.5056956E+04   4.5056956E+04   1.2042091E-01   2.4223510E-03   3.0610817E-02   4.4866992E+04   4.5056956E+04   4.3843673E+04   0.0000000E+00   0.0000000E+00   0.0000000E+00   0.0000000E+00
   4.8853660E-01   4.2516523E+04   4.2516523E+04   1.0576540E-01   2.1263481E-03   3.0156689E-02   4.2337268E+04   4.2516523E+04   4.1371647E+04   0.0000000E+00   0.0000000E+00   0.0000000E+00   0.0000000E+00
   5.0691358E-01   4.0121473E+04   4.0121473E+04   9.2592261E-02   1.8638473E-03   2.5979340E-02   3.9952314E+04   4.0121473E+04   3.9041089E+04   0.0000000E+00   0.0000000E+00   0.0000000E+00   0.0000000E+00
   5.2637664E-01   3.7893944E+04   3.7893944E+04   8.1139899E-02   1.6321917E-03   2.1556257E-02   3.7734175E+04   3.7893944E+04   3.6873541E+04   0.0000000E+00   0.0000000E+00   0.0000000E+00   0.0000000E+00
   5.4706925E-01   3.5677098E+04   3.5677098E+04   7.0694387E-02   1.4227590E-03   1.9374835E-02   3.5526675E+04   3.5677098E+04   3.4716388E+04   0.0000000E+00   0.0000000E+00   0.0000000E+00   0.0000000E+00
   5.6916614E-01   3.3500204E+04   3.3500204E+04   6.1331725E-02   1.2343495E-03   1.8597518E-02   3.3358958E+04   3.3500204E+04   3.2598113E+04   0.0000000E+00   0.0000000E+00   0.0000000E+00   0.0000000E+00
   5.9288168E-01   3.1437639E+04   3.1437639E+04   5.3043517E-02   1.0674817E-03   1.3255974E-02   3.1305087E+04   3.1437639E+04   3.0591086E+04   0.0000000E+00   0.0000000E+00   0.0000000E+00   0.0000000E+00
   6.1848043E-01   2.9407032E+04   2.9407032E+04   4.5595875E-02   9.1758729E-04   1.1944521E-02   2.9283042E+04   2.9407032E+04   2.8615159E+04   0.0000000E+00   0.0000000E+00   0.0000000E+00   0.0000000E+00
   6.4629003E-01   2.7421035E+04   2.7421035E+04   3.8934775E-02   7.8361426E-04   1.1013821E-02   2.7305418E+04   2.7421035E+04   2.6682641E+04   0.0000000E+00   0.0000000E+00   0.0000000E+00   0.0000000E+00
   6.7671593E-01   2.5494315E+04   2.5494315E+04   3.3017098E-02   6.6446363E-04   9.5101650E-03   2.5386820E+04   2.5494315E+04   2.4807802E+04   0.0000000E+00   0.0000000E+00   0.0000000E+00   0.0000000E+00
   7.1025600E-01   2.3595780E+04   2.3595780E+04   2.7741594E-02   5.5830844E-04   7.8426309E-03   2.3496290E+04   2.3595780E+04   2.2960391E+04   0.0000000E+00   0.0000000E+00   0.0000000E+00   0.0000000E+00
   7.4750983E-01   2.1743241E+04   2.1743241E+04   2.3079058E-02   4.6444390E-04   7.3474447E-03   2.1651562E+04   2.1743241E+04   2.1157737E+04   0.0000000E+00   0.0000000E+00   0.0000000E+00   0.0000000E+00
   7.8917252E-01   1.9925983E+04   1.9925983E+04   1.8975388E-02   3.8189214E-04   5.7399495E-03   1.9841965E+04   1.9925983E+04   1.9389413E+04   0.0000000E+00   0.0000000E+00   0.0000000E+00   0.0000000E+00
   8.3599683E-01   1.8155037E+04   1.8155037E+04   1.5406204E-02   3.1007101E-04   3.6161698E-03   1.8078486E+04   1.8155037E+04   1.7666155E+04   0.0000000E+00   0.0000000E+00   0.0000000E+00   0.0000000E+00
   8.8870878E-01   1.6441400E+04   1.6441400E+04   1.2345801E-02   2.4847508E-04   3.5709562E-03   1.6372074E+04   1.6441400E+04   1.5998663E+04   0.0000000E+00   0.0000000E+00   0.0000000E+00   0.0000000E+00
   9.4788421E-01   1.4802850E+04   1.4802850E+04   9.7707318E-03   1.9665367E-04   2.4877874E-03   1.4740433E+04   1.4802850E+04   1.4404236E+04   0.0000000E+00   0.0000000E+00   0.0000000E+00   0.0000000E+00
   1.0138422E+00   1.3260451E+04   1.3260451E+04   7.6507193E-03   1.5399127E-04   2.0478752E-03   1.3204537E+04   1.3260451E+04   1.2903371E+04   0.0000000E+00   0.0000000E+00   0.0000000E+00   0.0000000E+00
   1.0866422E+00   1.1832562E+04   1.1832562E+04   5.9426872E-03   1.1961310E-04   1.7304829E-03   1.1782668E+04   1.1832562E+04   1.1513931E+04   0.0000000E+00   0.0000000E+00   0.0000000E+00   0.0000000E+00
   1.1662109E+00   1.0530284E+04   1.0530284E+04   4.5915184E-03   9.2419315E-05   1.1251144E-03   1.0485882E+04   1.0530284E+04   1.0246722E+04   0.0000000E+00   0.0000000E+00   0.0000000E+00   0.0000000E+00
   1.2525151E+00   9.3554819E+03   9.3554819E+03   3.5364239E-03   7.1183856E-05   9.0128706E-04   9.3160333E+03   9.3554819E+03   9.1035549E+03   0.0000000E+00   0.0000000E+00   0.0000000E+00   0.0000000E+00
   1.3456708E+00   8.3028704E+03   8.3028704E+03   2.7189971E-03   5.4731235E-05   8.4487440E-04   8.2678602E+03   8.3028704E+03   8.0792883E+03   0.0000000E+00   0.0000000E+00   0.0000000E+00   0.0000000E+00
   1.4459617E+00   7.3634947E+03   7.3634947E+03   2.0884444E-03   4.2039711E-05   5.7105141E-04   7.3324455E+03   7.3634947E+03   7.1652084E+03   0.0000000E+00   0.0000000E+00   0.0000000E+00   0.0000000E+00
   1.5538076E+00   6.5267862E+03   6.5267862E+03   1.6030689E-03   3.2269840E-05   4.3474712E-04   6.4992650E+03   6.5267862E+03   6.3510309E+03   0.0000000E+00   0.0000000E+00   0.0000000E+00   0.0000000E+00
   1.6697243E+00   5.7824345E+03   5.7824345E+03   1.2298816E-03   2.4758054E-05   3.4946773E-04   5.7580520E+03   5.7824345E+03   5.6267234E+03   0.0000000E+00   0.0000000E+00   0.0000000E+00   0.0000000E+00
   1.7942965E+00   5.1206986E+03   5.1206986E+03   9.4314620E-04   1.8986973E-05   1.3742761E-04   5.0991063E+03   5.1206986E+03   4.9828068E+03   0.0000000E+00   0.0000000E+00   0.0000000E+00   0.0000000E+00
   1.9281646E+00   4.5327968E+03   4.5327968E+03   7.2308855E-04   1.4554347E-05   2.9623878E-04   4.5136835E+03   4.5327968E+03   4.4107362E+03   0.0000000E+00   0.0000000E+00   0.0000000E+00   0.0000000E+00
   2.0720206E+00   4.0107478E+03   4.0107478E+03   5.5413244E-04   1.1152296E-05   1.5821619E-04   3.9938358E+03   4.0107478E+03   3.9027451E+03   0.0000000E+00   0.0000000E+00   0.0000000E+00   0.0000000E+00
   2.2266096E+00   3.5474308E+03   3.5474308E+03   4.2432637E-04   8.5421326E-06   1.6288904E-04   3.5324724E+03   3.5474308E+03   3.4519044E+03   0.0000000E+00   0.0000000E+00   0.0000000E+00   0.0000000E+00
   2.3927321E+00   3.1364377E+03   3.1364377E+03   3.2486209E-04   6.5402879E-06   1.6413937E-04   3.1232123E+03   3.1364377E+03   3.0519787E+03   0.0000000E+00   0.0000000E+00   0.0000000E+00   0.0000000E+00
   2.5712486E+00   2.7720314E+03   2.7720314E+03   2.4862711E-04   5.0058654E-06   8.5332372E-05   2.7603426E+03   2.7720314E+03   2.6973852E+03   0.0000000E+00   0.0000000E+00   0.0000000E+00   0.0000000E+00
   2.7630839E+00   2.4490831E+03   2.4490831E+03   1.9021565E-04   3.8301055E-06   2.6373138E-05   2.4387561E+03   2.4490831E+03   2.3831334E+03   0.0000000E+00   0.0000000E+00   0.0000000E+00   0.0000000E+00
   2.9692316E+00   2.1630048E+03   2.1630048E+03   1.4547699E-04   2.9294463E-06   3.5821527E-05   2.1538841E+03   2.1630048E+03   2.1047587E+03   0.0000000E+00   0.0000000E+00   0.0000000E+00   0.0000000E+00
   3.1907595E+00   1.9096968E+03   1.9096968E+03   1.1122360E-04   2.2398332E-06   3.0915373E-05   1.9016441E+03   1.9096968E+03   1.8582718E+03   0.0000000E+00   0.0000000E+00   0.0000000E+00   0.0000000E+00
   3.4288152E+00   1.6854993E+03   1.6854993E+03   8.5007747E-05   1.7120128E-06   3.8453400E-05   1.6783920E+03   1.6854993E+03   1.6401116E+03   0.0000000E+00   0.0000000E+00   0.0000000E+00   0.0000000E+00
   3.6846316E+00   1.4871476E+03   1.4871476E+03   6.4950402E-05   1.3082079E-06   -7.8593496E-06   1.4808767E+03   1.4871476E+03   1.4471012E+03   0.0000000E+00   0.0000000E+00   0.0000000E+00   0.0000000E+00
   3.9595340E+00   1.3117313E+03   1.3117313E+03   4.9640888E-05   9.9930605E-07   3.4761082E-05   1.3062001E+03   1.3117313E+03   1.2764085E+03   0.0000000E+00   0.0000000E+00   0.0000000E+00   0.0000000E+00
   4.2549462E+00   1.1566576E+03   1.1566576E+03   3.7884429E-05   7.6315015E-07   5.1918012E-06   1.1517803E+03   1.1566576E+03   1.1255107E+03   0.0000000E+00   0.0000000E+00   0.0000000E+00   0.0000000E+00
   4.5723985E+00   1.0196181E+03   1.0196181E+03   2.8918565E-05   5.8263422E-07   -5.4272182E-06   1.0153186E+03   1.0196181E+03   9.9216142E+02   0.0000000E+00   0.0000000E+00   0.0000000E+00   0.0000000E+00
   4.9135352E+00   8.9855892E+02   8.9855892E+02   2.2068716E-05   4.4469548E-07   1.4421402E-05   8.9476996E+02   8.9855892E+02   8.7436220E+02   0.0000000E+00   0.0000000E+00   0.0000000E+00   0.0000000E+00
   5.2801234E+00   7.9165382E+02   7.9165382E+02   1.6836809E-05   3.3933373E-07   -1.8476082E-06   7.8831565E+02   7.9165382E+02   7.7033589E+02   0.0000000E+00   0.0000000E+00   0.0000000E+00   0.0000000E+00
   5.6740620E+00   6.9727977E+02   6.9727977E+02   1.2841806E-05   2.5887264E-07   -1.1385891E-05   6.9433954E+02   6.9727977E+02   6.7850317E+02   0.0000000E+00   0.0000000E+00   0.0000000E+00   0.0000000E+00
   6.0973914E+00   6.1399517E+02   6.1399517E+02   9.7931222E-06   1.9744129E-07   -3.4116359E-06   6.1140613E+02   6.1399517E+02   5.9746129E+02   0.0000000E+00   0.0000000E+00   0.0000000E+00   0.0000000E+00
   6.5523046E+00   5.4052031E+02   5.4052031E+02   7.4655157E-06   1.5055487E-07   7.2633662E-07   5.3824109E+02   5.4052031E+02   5.2596498E+02   0.0000000E+00   0.0000000E+00   0.0000000E+00   0.0000000E+00
   7.0411578E+00   4.7571972E+02   4.7571972E+02   5.6889068E-06   1.1477938E-07   -5.8503587E-06   4.7371375E+02   4.7571972E+02   4.6290937E+02   0.0000000E+00   0.0000000E+00   0.0000000E+00   0.0000000E+00
   7.5664833E+00   4.1858646E+02   4.1858646E+02   4.3336561E-06   8.7487294E-08   -6.4710961E-06   4.1682140E+02   4.1858646E+02   4.0731461E+02   0.0000000E+00   0.0000000E+00   0.0000000E+00   0.0000000E+00
   8.1310021E+00   3.6822797E+02   3.6822797E+02   3.3005471E-06   6.6672321E-08   -1.8137139E-06   3.6667526E+02   3.6822797E+02   3.5831219E+02   0.0000000E+00   0.0000000E+00   0.0000000E+00   0.0000000E+00
   8.7376386E+00   3.2385346E+02   3.2385346E+02   2.5147835E-06   5.0801367E-08   -4.8157179E-07   3.2248786E+02   3.2385346E+02   3.1513261E+02   0.0000000E+00   0.0000000E+00   0.0000000E+00   0.0000000E+00
   9.3895348E+00   2.8476260E+02   2.8476260E+02   1.9152770E-06   3.8702514E-08   -2.4181269E-06   2.8356184E+02   2.8476260E+02   2.7709441E+02   0.0000000E+00   0.0000000E+00   0.0000000E+00   0.0000000E+00
   1.0090068E+01   2.5033547E+02   2.5033547E+02   1.4580840E-06   2.9480671E-08   2.6846630E-06   2.4927988E+02   2.5033547E+02   2.4359435E+02   0.0000000E+00   0.0000000E+00   0.0000000E+00   0.0000000E+00
