#           k/h    CDM            baryon         photon         nu             mass_nu        total          no_nu          total_de       Weyl           v_CDM          v_b            v_b-v_c     
   1.1301115E-05   2.0823965E+06   2.0823965E+06   2.7764013E+06   1.2617876E+04   9.6556927E+03   2.0827668E+06   2.0823965E+06   2.0818070E+06   0.0000000E+00   0.0000000E+00   0.0000000E+00   0.0000000E+00
   1.2144267E-05   2.0823962E+06   2.0823962E+06   2.7763812E+06   1.2617819E+04   9.6555951E+03   2.0827665E+06   2.0823962E+06   2.0818068E+06   0.0000000E+00   0.0000000E+00   0.0000000E+00   0.0000000E+00
   1.3050324E-05   2.0823959E+06   2.0823959E+06   2.7763581E+06   1.2617753E+04   9.6554825E+03   2.0827662E+06   2.0823959E+06   2.0818064E+06   0.0000000E+00   0.0000000E+00   0.0000000E+00   0.0000000E+00
   1.4023980E-05   2.0823956E+06   2.0823956E+06   2.7763313E+06   1.2617677E+04   9.6553524E+03   2.0827658E+06   2.0823956E+06   2.0818060E+06   0.0000000E+00   0.0000000E+00   0.0000000E+00   0.0000000E+00
   1.5070279E-05   2.0823952E+06   2.0823952E+06   2.7763004E+06   1.2617589E+04   9.6552021E+03   2.0827654E+06   2.0823952E+06   2.0818056E+06   0.0000000E+00   0.0000000E+00   0.0000000E+00   0.0000000E+00
   1.6194640E-05   2.0823947E+06   2.0823947E+06   2.7762647E+06   1.2617487E+04   9.6550286E+03   2.0827648E+06   2.0823947E+06   2.0818051E+06   0.0000000E+00   0.0000000E+00   0.0000000E+00   0.0000000E+00
   1.7402887E-05   2.0823942E+06   2.0823942E+06   2.7762236E+06   1.2617370E+04   9.6548283E+03   2.0827642E+06   2.0823942E+06   2.0818045E+06   0.0000000E+00   0.0000000E+00   0.0000000E+00   0.0000000E+00
   1.8701278E-05   2.0823936E+06   2.0823936E+06   2.7761760E+06   1.2617235E+04   9.6545970E+03   2.0827636E+06   2.0823936E+06   2.0818038E+06   0.0000000E+00   0.0000000E+00   0.0000000E+00   0.0000000E+00
   2.0096540E-05   2.0823929E+06   2.0823929E+06   2.7761211E+06   1.2617078E+04   9.6543299E+03   2.0827628E+06   2.0823929E+06   2.0818030E+06   0.0000000E+00   0.0000000E+00   0.0000000E+00   0.0000000E+00
   2.1595899E-05   2.0823920E+06   2.0823920E+06   2.7760576E+06   1.2616897E+04   9.6540214E+03   2.0827618E+06   2.0823920E+06   2.0818021E+06   0.0000000E+00   0.0000000E+00   0.0000000E+00   0.0000000E+00
   2.3207122E-05   2.0823911E+06   2.0823911E+06   2.7759844E+06   1.2616689E+04   9.6536652E+03   2.0827608E+06   2.0823911E+06   2.0818010E+06   0.0000000E+00   0.0000000E+00   0.0000000E+00   0.0000000E+00
   2.4938555E-05   2.0823900E+06   2.0823900E+06   2.7758998E+06   1.2616448E+04   9.6532539E+03   2.0827596E+06   2.0823900E+06   2.0817998E+06   0.0000000E+00   0.0000000E+00   0.0000000E+00   0.0000000E+00
   2.6799167E-05   2.0823887E+06   2.0823887E+06   2.7758021E+06   1.2616170E+04   9.6527789E+03   2.0827581E+06   2.0823887E+06   2.0817984E+06   0.0000000E+00   0.0000000E+00   0.0000000E+00   0.0000000E+00
   2.8798594E-05   2.0823873E+06   2.0823873E+06   2.7756894E+06   1.2615848E+04   9.6522305E+03   2.0827565E+06   2.0823873E+06   2.0817967E+06   0.0000000E+00   0.0000000E+00   0.0000000E+00   0.0000000E+00
   3.0947195E-05   2.0823856E+06   2.0823856E+06   2.7755591E+06   1.2615478E+04   9.6515973E+03   2.0827546E+06   2.0823856E+06   2.0817948E+06   0.0000000E+00   0.0000000E+00   0.0000000E+00   0.0000000E+00
   3.3256098E-05   2.0823836E+06   2.0823836E+06   2.7754087E+06   1.2615049E+04   9.6508661E+03   2.0827524E+06   2.0823836E+06   2.0817927E+06   0.0000000E+00   0.0000000E+00   0.0000000E+00   0.0000000E+00
   3.5737263E-05   2.0823814E+06   2.0823814E+06   2.7752351E+06   1.2614554E+04   9.6500218E+03   2.0827499E+06   2.0823814E+06   2.0817902E+06   0.0000000E+00   0.0000000E+00   0.0000000E+00   0.0000000E+00
   3.8403543E-05   2.0823788E+06   2.0823788E+06   2.7750346E+06   1.2613983E+04   9.6490469E+03   2.0827470E+06   2.0823788E+06   2.0817873E+06   0.0000000E+00   0.0000000E+00   0.0000000E+00   0.0000000E+00
   4.1268748E-05   2.0823758E+06   2.0823758E+06   2.7748030E+06   1.2613324E+04   9.6479213E+03   2.0827437E+06   2.0823758E+06   2.0817839E+06   0.0000000E+00   0.0000000E+00   0.0000000E+00   0.0000000E+00
   4.4347719E-05   2.0823723E+06   2.0823723E+06   2.7745357E+06   1.2612562E+04   9.6466217E+03   2.0827398E+06   2.0823723E+06   2.0817800E+06   0.0000000E+00   0.0000000E+00   0.0000000E+00   0.0000000E+00
   4.7656406E-05   2.0823683E+06   2.0823683E+06   2.7742270E+06   1.2611683E+04   9.6451213E+03   2.0827353E+06   2.0823683E+06   2.0817756E+06   0.0000000E+00   0.0000000E+00   0.0000000E+00   0.0000000E+00
   5.1211947E-05   2.0823637E+06   2.0823637E+06   2.7738705E+06   1.2610667E+04   9.6433889E+03   2.0827302E+06   2.0823637E+06   2.0817704E+06   0.0000000E+00   0.0000000E+00   0.0000000E+00   0.0000000E+00
   5.5032759E-05   2.0823583E+06   2.0823583E+06   2.7734590E+06   1.2609495E+04   9.6413889E+03   2.0827242E+06   2.0823583E+06   2.0817644E+06   0.0000000E+00   0.0000000E+00   0.0000000E+00   0.0000000E+00
   5.9138634E-05   2.0823522E+06   2.0823522E+06   2.7729838E+06   1.2608141E+04   9.6390800E+03   2.0827173E+06   2.0823522E+06   2.0817575E+06   0.0000000E+00   0.0000000E+00   0.0000000E+00   0.0000000E+00
   6.3550839E-05   2.0823450E+06   2.0823450E+06   2.7724351E+06   1.2606578E+04   9.6364147E+03   2.0827094E+06   2.0823450E+06   2.0817496E+06   0.0000000E+00   0.0000000E+00   0.0000000E+00   0.0000000E+00
   6.8292229E-05   2.0823368E+06   2.0823368E+06   2.7718016E+06   1.2604773E+04   9.6333379E+03   2.0827002E+06   2.0823368E+06   2.0817404E+06   0.0000000E+00   0.0000000E+00   0.0000000E+00   0.0000000E+00
   7.3387364E-05   2.0823273E+06   2.0823273E+06   2.7710703E+06   1.2602689E+04   9.6297865E+03   2.0826896E+06   2.0823273E+06   2.0817298E+06   0.0000000E+00   0.0000000E+00   0.0000000E+00   0.0000000E+00
   7.8862636E-05   2.0823164E+06   2.0823164E+06   2.7702260E+06   1.2600283E+04   9.6256874E+03   2.0826773E+06   2.0823164E+06   2.0817176E+06   0.0000000E+00   0.0000000E+00   0.0000000E+00   0.0000000E+00
   8.4746406E-05   2.0823037E+06   2.0823037E+06   2.7692513E+06   1.2597505E+04   9.6209567E+03   2.0826632E+06   2.0823037E+06   2.0817034E+06   0.0000000E+00   0.0000000E+00   0.0000000E+00   0.0000000E+00
   9.1069151E-05   2.0822891E+06   2.0822891E+06   2.7681261E+06   1.2594298E+04   9.6154975E+03   2.0826469E+06   2.0822891E+06   2.0816871E+06   0.0000000E+00   0.0000000E+00   0.0000000E+00   0.0000000E+00
   9.7863623E-05   2.0822722E+06   2.0822722E+06   2.7668273E+06   1.2590595E+04   9.6091983E+03   2.0826280E+06   2.0822722E+06   2.0816683E+06   0.0000000E+00   0.0000000E+00   0.0000000E+00   0.0000000E+00
   1.0516502E-04   2.0822527E+06   2.0822527E+06   2.7653282E+06   1.2586321E+04   9.6019306E+03   2.0826062E+06   2.0822527E+06   2.0816465E+06   0.0000000E+00   0.0000000E+00   0.0000000E+00   0.0000000E+00
   1.1301115E-04   2.0822302E+06   2.0822302E+06   2.7635980E+06   1.2581388E+04   9.5935468E+03   2.0825811E+06   2.0822302E+06   2.0816214E+06   0.0000000E+00   0.0000000E+00   0.0000000E+00   0.0000000E+00
   1.2144267E-04   2.0822043E+06   2.0822043E+06   2.7616012E+06   1.2575693E+04   9.5838770E+03   2.0825521E+06   2.0822043E+06   2.0815924E+06   0.0000000E+00   0.0000000E+00   0.0000000E+00   0.0000000E+00
   1.3050324E-04   2.0821743E+06   2.0821743E+06   2.7592970E+06   1.2569121E+04   9.5727261E+03   2.0825186E+06   2.0821743E+06   2.0815589E+06   0.0000000E+00   0.0000000E+00   0.0000000E+00   0.0000000E+00
   1.4023980E-04   2.0821397E+06   2.0821397E+06   2.7566384E+06   1.2561535E+04   9.5598701E+03   2.0824799E+06   2.0821397E+06   2.0815203E+06   0.0000000E+00   0.0000000E+00   0.0000000E+00   0.0000000E+00
   1.5070279E-04   2.0820997E+06   2.0820997E+06   2.7535712E+06   1.2552782E+04   9.5450518E+03   2.0824353E+06   2.0820997E+06   2.0814757E+06   0.0000000E+00   0.0000000E+00   0.0000000E+00   0.0000000E+00
   1.6194640E-04   2.0820535E+06   2.0820535E+06   2.7500332E+06   1.2542682E+04   9.5279768E+03   2.0823838E+06   2.0820535E+06   2.0814242E+06   0.0000000E+00   0.0000000E+00   0.0000000E+00   0.0000000E+00
   1.7402887E-04   2.0820003E+06   2.0820003E+06   2.7459528E+06   1.2531029E+04   9.5083079E+03   2.0823243E+06   2.0820003E+06   2.0813647E+06   0.0000000E+00   0.0000000E+00   0.0000000E+00   0.0000000E+00
   1.8701278E-04   2.0819388E+06   2.0819388E+06   2.7412478E+06   1.2517587E+04   9.4856599E+03   2.0822556E+06   2.0819388E+06   2.0812961E+06   0.0000000E+00   0.0000000E+00   0.0000000E+00   0.0000000E+00
   2.0096540E-04   2.0818678E+06   2.0818678E+06   2.7358239E+06   1.2502084E+04   9.4595933E+03   2.0821764E+06   2.0818678E+06   2.0812169E+06   0.0000000E+00   0.0000000E+00   0.0000000E+00   0.0000000E+00
   2.1595899E-04   2.0817859E+06   2.0817859E+06   2.7295728E+06   1.2484207E+04   9.4296077E+03   2.0820849E+06   2.0817859E+06   2.0811254E+06   0.0000000E+00   0.0000000E+00   0.0000000E+00   0.0000000E+00
   2.3207122E-04   2.0816914E+06   2.0816914E+06   2.7223706E+06   1.2463597E+04   9.3951344E+03   2.0819794E+06   2.0816914E+06   2.0810200E+06   0.0000000E+00   0.0000000E+00   0.0000000E+00   0.0000000E+00
   2.4938555E-04   2.0815823E+06   2.0815823E+06   2.7140756E+06   1.2439842E+04   9.3555295E+03   2.0818576E+06   2.0815823E+06   2.0808982E+06   0.0000000E+00   0.0000000E+00   0.0000000E+00   0.0000000E+00
   2.6799167E-04   2.0814564E+06   2.0814564E+06   2.7045257E+06   1.2412471E+04   9.3100658E+03   2.0817171E+06   2.0814564E+06   2.0807578E+06   0.0000000E+00   0.0000000E+00   0.0000000E+00   0.0000000E+00
   2.8798594E-04   2.0813112E+06   2.0813112E+06   2.6935365E+06   1.2380944E+04   9.2579252E+03   2.0815550E+06   2.0813112E+06   2.0805958E+06   0.0000000E+00   0.0000000E+00   0.0000000E+00   0.0000000E+00
   3.0947195E-04   2.0811437E+06   2.0811437E+06   2.6808978E+06   1.2344643E+04   9.1981920E+03   2.0813681E+06   2.0811437E+06   2.0804090E+06   0.0000000E+00   0.0000000E+00   0.0000000E+00   0.0000000E+00
   3.3256098E-04   2.0809506E+06   2.0809506E+06   2.6663714E+06   1.2302866E+04   9.1298465E+03   2.0811526E+06   2.0809506E+06   2.0801936E+06   0.0000000E+00   0.0000000E+00   0.0000000E+00   0.0000000E+00
   3.5737263E-04   2.0807278E+06   2.0807278E+06   2.6496873E+06   1.2254811E+04   9.0517611E+03   2.0809041E+06   2.0807278E+06   2.0799453E+06   0.0000000E+00   0.0000000E+00   0.0000000E+00   0.0000000E+00
   3.8403543E-04   2.0804710E+06   2.0804710E+06   2.6305414E+06   1.2199568E+04   8.9626991E+03   2.0806178E+06   2.0804710E+06   2.0796590E+06   0.0000000E+00   0.0000000E+00   0.0000000E+00   0.0000000E+00
   4.1268748E-04   2.0801751E+06   2.0801751E+06   2.6085918E+06   1.2136108E+04   8.8613179E+03   2.0802878E+06   2.0801751E+06   2.0793292E+06   0.0000000E+00   0.0000000E+00   0.0000000E+00   0.0000000E+00
   4.4347719E-04   2.0798341E+06   2.0798341E+06   2.5834566E+06   1.2063267E+04   8.7461788E+03   2.0799077E+06   2.0798341E+06   2.0789493E+06   0.0000000E+00   0.0000000E+00   0.0000000E+00   0.0000000E+00
   4.7656406E-04   2.0794413E+06   2.0794413E+06   2.5547109E+06   1.1979737E+04   8.6157655E+03   2.0794702E+06   2.0794413E+06   2.0785120E+06   0.0000000E+00   0.0000000E+00   0.0000000E+00   0.0000000E+00
   5.1211947E-04   2.0789891E+06   2.0789891E+06   2.5218860E+06   1.1884053E+04   8.4685152E+03   2.0789666E+06   2.0789891E+06   2.0780086E+06   0.0000000E+00   0.0000000E+00   0.0000000E+00   0.0000000E+00
   5.5032759E-04   2.0784687E+06   2.0784687E+06   2.4844689E+06   1.1774583E+04   8.3028646E+03   2.0783873E+06   2.0784687E+06   2.0774297E+06   0.0000000E+00   0.0000000E+00   0.0000000E+00   0.0000000E+00
   5.9138634E-04   2.0778701E+06   2.0778701E+06   2.4419039E+06   1.1649524E+04   8.1173183E+03   2.0777214E+06   2.0778701E+06   2.0767641E+06   0.0000000E+00   0.0000000E+00   0.0000000E+00   0.0000000E+00
   6.3550839E-04   2.0771821E+06   2.0771821E+06   2.3935970E+06   1.1506894E+04   7.9105427E+03   2.0769565E+06   2.0771821E+06   2.0759995E+06   0.0000000E+00   0.0000000E+00   0.0000000E+00   0.0000000E+00
   6.8292229E-04   2.0763917E+06   2.0763917E+06   2.3389236E+06   1.1344540E+04   7.6814929E+03   2.0760784E+06   2.0763917E+06   2.0751219E+06   0.0000000E+00   0.0000000E+00   0.0000000E+00   0.0000000E+00
   7.3387364E-04   2.0754844E+06   2.0754844E+06   2.2772414E+06   1.1160149E+04   7.4295794E+03   2.0750714E+06   2.0754844E+06   2.0741153E+06   0.0000000E+00   0.0000000E+00   0.0000000E+00   0.0000000E+00
   7.8862636E-04   2.0744439E+06   2.0744439E+06   2.2079088E+06   1.0951273E+04   7.1548800E+03   2.0739177E+06   2.0744439E+06   2.0729622E+06   0.0000000E+00   0.0000000E+00   0.0000000E+00   0.0000000E+00
   8.4746406E-04   2.0732519E+06   2.0732519E+06   2.1303120E+06   1.0715371E+04   6.8584018E+03   2.0725975E+06   2.0732519E+06   2.0716426E+06   0.0000000E+00   0.0000000E+00   0.0000000E+00   0.0000000E+00
   9.1069151E-04   2.0718879E+06   2.0718879E+06   2.0439004E+06   1.0449873E+04   6.5423930E+03   2.0710888E+06   2.0718879E+06   2.0701346E+06   0.0000000E+00   0.0000000E+00   0.0000000E+00   0.0000000E+00
   9.7863623E-04   2.0703291E+06   2.0703291E+06   1.9482345E+06   1.0152268E+04   6.2106990E+03   2.0693672E+06   2.0703291E+06   2.0684139E+06   0.0000000E+00   0.0000000E+00   0.0000000E+00   0.0000000E+00
   1.0516502E-03   2.0685505E+06   2.0685505E+06   1.8430458E+06   9.8202325E+03   5.8691425E+03   2.0674063E+06   2.0685505E+06   2.0664539E+06   0.0000000E+00   0.0000000E+00   0.0000000E+00   0.0000000E+00
   1.1301115E-03   2.0665243E+06   2.0665243E+06   1.7283100E+06   9.4517868E+03   5.5258928E+03   2.0651769E+06   2.0665243E+06   2.0642256E+06   0.0000000E+00   0.0000000E+00   0.0000000E+00   0.0000000E+00
   1.2144267E-03   2.0642206E+06   2.0642206E+06   1.6043339E+06   9.0455052E+03   5.1917603E+03   2.0626479E+06   2.0642206E+06   2.0616978E+06   0.0000000E+00   0.0000000E+00   0.0000000E+00   0.0000000E+00
   1.3050324E-03   2.0616069E+06   2.0616069E+06   1.4718513E+06   8.6007669E+03   4.8803223E+03   2.0597862E+06   2.0616069E+06   2.0588375E+06   0.0000000E+00   0.0000000E+00   0.0000000E+00   0.0000000E+00
   1.4023980E-03   2.0586486E+06   2.0586486E+06   1.3321237E+06   8.1180517E+03   4.6077405E+03   2.0565567E+06   2.0586486E+06   2.0556095E+06   0.0000000E+00   0.0000000E+00   0.0000000E+00   0.0000000E+00
   1.5070279E-03   2.0553091E+06   2.0553091E+06   1.1870327E+06   7.5992688E+03   4.3920914E+03   2.0529233E+06   2.0553091E+06   2.0519778E+06   0.0000000E+00   0.0000000E+00   0.0000000E+00   0.0000000E+00
   1.6194640E-03   2.0515499E+06   2.0515499E+06   1.0391487E+06   7.0480975E+03   4.2519939E+03   2.0488490E+06   2.0515499E+06   2.0479054E+06   0.0000000E+00   0.0000000E+00   0.0000000E+00   0.0000000E+00
   1.7402887E-03   2.0473318E+06   2.0473318E+06   8.9174953E+05   6.4703020E+03   4.2043194E+03   2.0442967E+06   2.0473318E+06   2.0433553E+06   0.0000000E+00   0.0000000E+00   0.0000000E+00   0.0000000E+00
   1.8701278E-03   2.0426146E+06   2.0426146E+06   7.4875876E+05   5.8739633E+03   4.2608320E+03   2.0392301E+06   2.0426146E+06   2.0382911E+06   0.0000000E+00   0.0000000E+00   0.0000000E+00   0.0000000E+00
   2.0096540E-03   2.0373579E+06   2.0373579E+06   6.1456685E+05   5.2695500E+03   4.4237921E+03   2.0336140E+06   2.0373579E+06   2.0326776E+06   0.0000000E+00   0.0000000E+00   0.0000000E+00   0.0000000E+00
   2.1595899E-03   2.0315219E+06   2.0315219E+06   4.9370139E+05   4.6697314E+03   4.6809148E+03   2.0274149E+06   2.0315219E+06   2.0264813E+06   0.0000000E+00   0.0000000E+00   0.0000000E+00   0.0000000E+00
   2.3207122E-03   2.0250670E+06   2.0250670E+06   3.9032780E+05   4.0888289E+03   5.0006471E+03   2.0206011E+06   2.0250670E+06   2.0196707E+06   0.0000000E+00   0.0000000E+00   0.0000000E+00   0.0000000E+00
   2.4938555E-03   2.0179542E+06   2.0179542E+06   3.0759567E+05   3.5418177E+03   5.3295002E+03   2.0131425E+06   2.0179542E+06   2.0122155E+06   0.0000000E+00   0.0000000E+00   0.0000000E+00   0.0000000E+00
   2.6799167E-03   2.0101448E+06   2.0101448E+06   2.4690509E+05   3.0428517E+03   5.5939583E+03   2.0050089E+06   2.0101448E+06   2.0040856E+06   0.0000000E+00   0.0000000E+00   0.0000000E+00   0.0000000E+00
   2.8798594E-03   2.0015987E+06   2.0015987E+06   2.0724898E+05   2.6033958E+03   5.7098688E+03   1.9961686E+06   2.0015987E+06   1.9952494E+06   0.0000000E+00   0.0000000E+00   0.0000000E+00   0.0000000E+00
   3.0947195E-03   1.9922738E+06   1.9922738E+06   1.8487527E+05   2.2302258E+03   5.6014322E+03   1.9865860E+06   1.9922738E+06   1.9856710E+06   0.0000000E+00   0.0000000E+00   0.0000000E+00   0.0000000E+00
   3.3256098E-03   1.9821246E+06   1.9821246E+06   1.7356387E+05   1.9237673E+03   5.2289870E+03   1.9762182E+06   1.9821246E+06   1.9753080E+06   0.0000000E+00   0.0000000E+00   0.0000000E+00   0.0000000E+00
   3.5737263E-03   1.9711003E+06   1.9711003E+06   1.6575949E+05   1.6774201E+03   4.6190474E+03   1.9650140E+06   1.9711003E+06   1.9641087E+06   0.0000000E+00   0.0000000E+00   0.0000000E+00   0.0000000E+00
   3.8403543E-03   1.9591456E+06   1.9591456E+06   1.5456065E+05   1.4785221E+03   3.8823036E+03   1.9529125E+06   1.9591456E+06   1.9520126E+06   0.0000000E+00   0.0000000E+00   0.0000000E+00   0.0000000E+00
   4.1268748E-03   1.9462014E+06   1.9462014E+06   1.3610481E+05   1.3112809E+03   3.1995092E+03   1.9398457E+06   1.9462014E+06   1.9389518E+06   0.0000000E+00   0.0000000E+00   0.0000000E+00   0.0000000E+00
   4.4347719E-03   1.9322074E+06   1.9322074E+06   1.1132306E+05   1.1612353E+03   2.7594231E+03   1.9257434E+06   1.9322074E+06   1.9248557E+06   0.0000000E+00   0.0000000E+00   0.0000000E+00   0.0000000E+00
   4.7656406E-03   1.9171055E+06   1.9171055E+06   8.5729304E+04   1.0197367E+03   2.6566213E+03   1.9105385E+06   1.9171055E+06   1.9096577E+06   0.0000000E+00   0.0000000E+00   0.0000000E+00   0.0000000E+00
   5.1211947E-03   1.9008413E+06   1.9008413E+06   6.6430145E+04   8.8613063E+02   2.8003703E+03   1.8941733E+06   1.9008413E+06   1.8932998E+06   0.0000000E+00   0.0000000E+00   0.0000000E+00   0.0000000E+00
   5.5032759E-03   1.8833644E+06   1.8833644E+06   5.7272506E+04   7.6570970E+02   2.9233492E+03   1.8765993E+06   1.8833644E+06   1.8757338E+06   0.0000000E+00   0.0000000E+00   0.0000000E+00   0.0000000E+00
   5.9138634E-03   1.8646240E+06   1.8646240E+06   5.5362065E+04   6.6382372E+02   2.7530960E+03   1.8577731E+06   1.8646240E+06   1.8569161E+06   0.0000000E+00   0.0000000E+00   0.0000000E+00   0.0000000E+00
   6.3550839E-03   1.8445656E+06   1.8445656E+06   5.2857184E+04   5.8001154E+02   2.2707204E+03   1.8376477E+06   1.8445656E+06   1.8367999E+06   0.0000000E+00   0.0000000E+00   0.0000000E+00   0.0000000E+00
   6.8292229E-03   1.8231311E+06   1.8231311E+06   4.4312880E+04   5.0757907E+02   1.7981138E+03   1.8161688E+06   1.8231311E+06   1.8153308E+06   0.0000000E+00   0.0000000E+00   0.0000000E+00   0.0000000E+00
   7.3387364E-03   1.8002629E+06   1.8002629E+06   3.2881704E+04   4.4006992E+02   1.6840505E+03   1.7932763E+06   1.8002629E+06   1.7924486E+06   0.0000000E+00   0.0000000E+00   0.0000000E+00   0.0000000E+00
   7.8862636E-03   1.7759086E+06   1.7759086E+06   2.6471795E+04   3.7787624E+02   1.8220128E+03   1.7689123E+06   1.7759086E+06   1.7680958E+06   0.0000000E+00   0.0000000E+00   0.0000000E+00   0.0000000E+00
   8.4746406E-03   1.7500196E+06   1.7500196E+06   2.6160089E+04   3.2568880E+02   1.7211722E+03   1.7430250E+06   1.7500196E+06   1.7422204E+06   0.0000000E+00   0.0000000E+00   0.0000000E+00   0.0000000E+00
   9.1069151E-03   1.7225445E+06   1.7225445E+06   2.4092107E+04   2.8320489E+02   1.2997712E+03   1.7155638E+06   1.7225445E+06   1.7147718E+06   0.0000000E+00   0.0000000E+00   0.0000000E+00   0.0000000E+00
   9.7863623E-03   1.6934278E+06   1.6934278E+06   1.7655690E+04   2.4444583E+02   1.1140623E+03   1.6864771E+06   1.6934278E+06   1.6856984E+06   0.0000000E+00   0.0000000E+00   0.0000000E+00   0.0000000E+00
   1.0516502E-02   1.6626190E+06   1.6626190E+06   1.4467129E+04   2.0825299E+02   1.2374941E+03   1.6557175E+06   1.6626190E+06   1.6549530E+06   0.0000000E+00   0.0000000E+00   0.0000000E+00   0.0000000E+00
   1.1301115E-02   1.6300734E+06   1.6300734E+06   1.4730381E+04   1.7873966E+02   1.0416786E+03   1.6232402E+06   1.6300734E+06   1.6224906E+06   0.0000000E+00   0.0000000E+00   0.0000000E+00   0.0000000E+00
   1.2144267E-02   1.5957446E+06   1.5957446E+06   1.1257931E+04   1.5400548E+02   7.8251594E+02   1.5889927E+06   1.5957446E+06   1.5882589E+06   0.0000000E+00   0.0000000E+00   0.0000000E+00   0.0000000E+00
   1.3050324E-02   1.5595871E+06   1.5595871E+06   9.0070118E+03   1.3079965E+02   8.7943369E+02   1.5529275E+06   1.5595871E+06   1.5522103E+06   0.0000000E+00   0.0000000E+00   0.0000000E+00   0.0000000E+00
   1.4023980E-02   1.5215646E+06   1.5215646E+06   9.0233542E+03   1.1160318E+02   6.7379002E+02   1.5150156E+06   1.5215646E+06   1.5143158E+06   0.0000000E+00   0.0000000E+00   0.0000000E+00   0.0000000E+00
   1.5070279E-02   1.4816448E+06   1.4816448E+06   6.2873823E+03   9.4976763E+01   6.0601988E+02   1.4752242E+06   1.4816448E+06   1.4745428E+06   0.0000000E+00   0.0000000E+00   0.0000000E+00   0.0000000E+00
   1.6194640E-02   1.4398065E+06   1.4398065E+06   6.3147430E+03   8.0451331E+01   5.7341894E+02   1.4335243E+06   1.4398065E+06   1.4328621E+06   0.0000000E+00   0.0000000E+00   0.0000000E+00   0.0000000E+00
   1.7402887E-02   1.3960421E+06   1.3960421E+06   4.5942202E+03   6.8141062E+01   4.4379313E+02   1.3899154E+06   1.3960421E+06   1.3892733E+06   0.0000000E+00   0.0000000E+00   0.0000000E+00   0.0000000E+00
   1.8701278E-02   1.3503632E+06   1.3503632E+06   4.4699297E+03   5.7455916E+01   4.3336292E+02   1.3444050E+06   1.3503632E+06   1.3437840E+06   0.0000000E+00   0.0000000E+00   0.0000000E+00   0.0000000E+00
   2.0096540E-02   1.3028079E+06   1.3028079E+06   3.1945793E+03   4.8332397E+01   3.5903718E+02   1.2970312E+06   1.3028079E+06   1.2964320E+06   0.0000000E+00   0.0000000E+00   0.0000000E+00   0.0000000E+00
   2.1595899E-02   1.2534490E+06   1.2534490E+06   3.1368926E+03   4.0624017E+01   2.8132387E+02   1.2478675E+06   1.2534490E+06   1.2472910E+06   0.0000000E+00   0.0000000E+00   0.0000000E+00   0.0000000E+00
   2.3207120E-02   1.2024039E+06   1.2024039E+06   2.4152870E+03   3.3863831E+01   3.0453227E+02   1.1970279E+06   1.2024039E+06   1.1964749E+06   0.0000000E+00   0.0000000E+00   0.0000000E+00   0.0000000E+00
   2.4938541E-02   1.1498469E+06   1.1498469E+06   1.9022645E+03   2.8307719E+01   2.1543488E+02   1.1446881E+06   1.1498469E+06   1.1441593E+06   0.0000000E+00   0.0000000E+00   0.0000000E+00   0.0000000E+00
   2.6799088E-02   1.0960210E+06   1.0960210E+06   1.7347545E+03   2.3519076E+01   1.6705151E+02   1.0910879E+06   1.0960210E+06   1.0905838E+06   0.0000000E+00   0.0000000E+00   0.0000000E+00   0.0000000E+00
   2.8798224E-02   1.0412529E+06   1.0412529E+06   1.4874675E+03   1.9457361E+01   1.6026265E+02   1.0365528E+06   1.0412529E+06   1.0360739E+06   0.0000000E+00   0.0000000E+00   0.0000000E+00   0.0000000E+00
   3.0945681E-02   9.8596847E+05   9.8596847E+05   1.2062146E+03   1.6040613E+01   1.4853552E+02   9.8150681E+05   9.8596847E+05   9.8105335E+05   0.0000000E+00   0.0000000E+00   0.0000000E+00   0.0000000E+00
   3.3250652E-02   9.3071329E+05   9.3071329E+05   9.7766526E+02   1.3183985E+01   1.2766794E+02   9.2649197E+05   9.3071329E+05   9.2606392E+05   0.0000000E+00   0.0000000E+00   0.0000000E+00   0.0000000E+00
   3.5719906E-02   8.7617564E+05   8.7617564E+05   8.0541967E+02   1.0813828E+01   1.0409178E+02   8.7219350E+05   8.7617564E+05   8.7179053E+05   0.0000000E+00   0.0000000E+00   0.0000000E+00   0.0000000E+00
   3.8354229E-02   8.2320429E+05   8.2320429E+05   6.6837749E+02   8.8535116E+00   8.0716319E+01   8.1945629E+05   8.2320429E+05   8.1907769E+05   0.0000000E+00   0.0000000E+00   0.0000000E+00   0.0000000E+00
   4.1143317E-02   7.7278958E+05   7.7278958E+05   5.4228617E+02   7.2471746E+00   5.9538429E+01   7.6926559E+05   7.7278958E+05   7.6891018E+05   0.0000000E+00   0.0000000E+00   0.0000000E+00   0.0000000E+00
   4.4061314E-02   7.2595837E+05   7.2595837E+05   4.2604334E+02   5.9452981E+00   4.9824413E+01   7.2264346E+05   7.2595837E+05   7.2230958E+05   0.0000000E+00   0.0000000E+00   0.0000000E+00   0.0000000E+00
   4.7067501E-02   6.8356124E+05   6.8356124E+05   3.5252544E+02   4.9033636E+00   4.9733643E+01   6.8043627E+05   6.8356124E+05   6.8012190E+05   0.0000000E+00   0.0000000E+00   0.0000000E+00   0.0000000E+00
   5.0115192E-02   6.4603167E+05   6.4603167E+05   3.1063403E+02   4.0819738E+00   4.0616247E+01   6.4307530E+05   6.4603167E+05   6.4277818E+05   0.0000000E+00   0.0000000E+00   0.0000000E+00   0.0000000E+00
   5.3164747E-02   6.1327790E+05   6.1327790E+05   2.5766448E+02   3.4356361E+00   2.7836895E+01   6.1046904E+05   6.1327790E+05   6.1018698E+05   0.0000000E+00   0.0000000E+00   0.0000000E+00   0.0000000E+00
   5.6192070E-02   5.8477958E+05   5.8477958E+05   2.0855812E+02   2.9216893E+00   2.6275586E+01   5.8209931E+05   5.8477958E+05   5.8183036E+05   0.0000000E+00   0.0000000E+00   0.0000000E+00   0.0000000E+00
   5.9188850E-02   5.5979352E+05   5.5979352E+05   1.8456910E+02   2.5099996E+00   2.8048021E+01   5.5722616E+05   5.5979352E+05   5.5696870E+05   0.0000000E+00   0.0000000E+00   0.0000000E+00   0.0000000E+00
   6.2157902E-02   5.3753544E+05   5.3753544E+05   1.7046704E+02   2.1773104E+00   2.3489612E+01   5.3506883E+05   5.3753544E+05   5.3482161E+05   0.0000000E+00   0.0000000E+00   0.0000000E+00   0.0000000E+00
   6.5108070E-02   5.1728541E+05   5.1728541E+05   1.4950930E+02   1.9037530E+00   1.6325301E+01   5.1491062E+05   5.1728541E+05   5.1467272E+05   0.0000000E+00   0.0000000E+00   0.0000000E+00   0.0000000E+00
   6.8050644E-02   4.9843120E+05   4.9843120E+05   1.2455897E+02   1.6744766E+00   1.3653169E+01   4.9614201E+05   4.9843120E+05   4.9591278E+05   0.0000000E+00   0.0000000E+00   0.0000000E+00   0.0000000E+00
   7.0997367E-02   4.8047840E+05   4.8047840E+05   1.0682876E+02   1.4795799E+00   1.5898828E+01   4.7827086E+05   4.8047840E+05   4.7804988E+05   0.0000000E+00   0.0000000E+00   0.0000000E+00   0.0000000E+00
   7.3959506E-02   4.6304747E+05   4.6304747E+05   9.9700592E+01   1.3124072E+00   1.7230586E+01   4.6091932E+05   4.6304747E+05   4.6070636E+05   0.0000000E+00   0.0000000E+00   0.0000000E+00   0.0000000E+00
   7.6947504E-02   4.4586712E+05   4.4586712E+05   9.4691242E+01   1.1679941E+00   1.3238591E+01   4.4381733E+05   4.4586712E+05   4.4361227E+05   0.0000000E+00   0.0000000E+00   0.0000000E+00   0.0000000E+00
   7.9970925E-02   4.2876736E+05   4.2876736E+05   8.2464907E+01   1.0417672E+00   7.5510607E+00   4.2679565E+05   4.2876736E+05   4.2659846E+05   0.0000000E+00   0.0000000E+00   0.0000000E+00   0.0000000E+00
   8.3038525E-02   4.1167233E+05   4.1167233E+05   6.7135685E+01   9.2979616E-01   7.4882134E+00   4.0977878E+05   4.1167233E+05   4.0958945E+05   0.0000000E+00   0.0000000E+00   0.0000000E+00   0.0000000E+00
   8.6158365E-02   3.9459215E+05   3.9459215E+05   6.0820979E+01   8.3007214E-01   1.1044328E+01   3.9277675E+05   3.9459215E+05   3.9259527E+05   0.0000000E+00   0.0000000E+00   0.0000000E+00   0.0000000E+00
   8.9337932E-02   3.7761244E+05   3.7761244E+05   5.9686500E+01   7.4180371E-01   8.6811280E+00   3.7587480E+05   3.7761244E+05   3.7570113E+05   0.0000000E+00   0.0000000E+00   0.0000000E+00   0.0000000E+00
   9.2584254E-02   3.6088053E+05   3.6088053E+05   5.0137817E+01   6.6319862E-01   4.5759347E+00   3.5921958E+05   3.6088053E+05   3.5905361E+05   0.0000000E+00   0.0000000E+00   0.0000000E+00   0.0000000E+00
   9.5903996E-02   3.4458770E+05   3.4458770E+05   4.2562987E+01   5.9248057E-01   7.3478735E+00   3.4300146E+05   3.4458770E+05   3.4284298E+05   0.0000000E+00   0.0000000E+00   0.0000000E+00   0.0000000E+00
   9.9303542E-02   3.2894729E+05   3.2894729E+05   4.1919775E+01   5.2968659E-01   5.5109895E+00   3.2743280E+05   3.2894729E+05   3.2728151E+05   0.0000000E+00   0.0000000E+00   0.0000000E+00   0.0000000E+00
   1.0278907E-01   3.1416950E+05   3.1416950E+05   3.3913368E+01   4.7368530E-01   4.2237204E+00   3.1272283E+05   3.1416950E+05   3.1257834E+05   0.0000000E+00   0.0000000E+00   0.0000000E+00   0.0000000E+00
   1.0636661E-01   3.0043439E+05   3.0043439E+05   3.2850222E+01   4.2376904E-01   5.5298381E+00   2.9905077E+05   3.0043439E+05   2.9891260E+05   0.0000000E+00   0.0000000E+00   0.0000000E+00   0.0000000E+00
   1.1004206E-01   2.8786538E+05   2.8786538E+05   2.7343949E+01   3.7974642E-01   2.8351274E+00   2.8653948E+05   2.8786538E+05   2.8640709E+05   0.0000000E+00   0.0000000E+00   0.0000000E+00   0.0000000E+00
   1.1382129E-01   2.7650665E+05   2.7650665E+05   2.6673801E+01   3.4047769E-01   4.3270610E+00   2.7523291E+05   2.7650665E+05   2.7510574E+05   0.0000000E+00   0.0000000E+00   0.0000000E+00   0.0000000E+00
   1.1771010E-01   2.6630799E+05   2.6630799E+05   2.1744787E+01   3.0588698E-01   3.1000695E+00   2.6508108E+05   2.6630799E+05   2.6495860E+05   0.0000000E+00   0.0000000E+00   0.0000000E+00   0.0000000E+00
   1.2171429E-01   2.5712079E+05   2.5712079E+05   2.1510527E+01   2.7519197E-01   2.2155169E+00   2.5593608E+05   2.5712079E+05   2.5581783E+05   0.0000000E+00   0.0000000E+00   0.0000000E+00   0.0000000E+00
   1.2583968E-01   2.4870823E+05   2.4870823E+05   1.9113159E+01   2.4788958E-01   3.3789876E+00   2.4756217E+05   2.4870823E+05   2.4744779E+05   0.0000000E+00   0.0000000E+00   0.0000000E+00   0.0000000E+00
   1.3009208E-01   2.4077073E+05   2.4077073E+05   1.6514352E+01   2.2355699E-01   2.8279661E+00   2.3966114E+05   2.4077073E+05   2.3955041E+05   0.0000000E+00   0.0000000E+00   0.0000000E+00   0.0000000E+00
   1.3447737E-01   2.3298582E+05   2.3298582E+05   1.5125351E+01   2.0172986E-01   1.9095878E+00   2.3191201E+05   2.3298582E+05   2.3180486E+05   0.0000000E+00   0.0000000E+00   0.0000000E+00   0.0000000E+00
   1.3900146E-01   2.2505784E+05   2.2505784E+05   1.3796448E+01   1.8195312E-01   1.6776454E+00   2.2402049E+05   2.2505784E+05   2.2391698E+05   0.0000000E+00   0.0000000E+00   0.0000000E+00   0.0000000E+00
   1.4367033E-01   2.1677017E+05   2.1677017E+05   1.2415747E+01   1.6393481E-01   1.5632218E+00   2.1577094E+05   2.1677017E+05   2.1567124E+05   0.0000000E+00   0.0000000E+00   0.0000000E+00   0.0000000E+00
   1.4849000E-01   2.0802941E+05   2.0802941E+05   1.1112245E+01   1.4749169E-01   1.2164051E+00   2.0707039E+05   2.0802941E+05   2.0697472E+05   0.0000000E+00   0.0000000E+00   0.0000000E+00   0.0000000E+00
   1.5346657E-01   1.9889052E+05   1.9889052E+05   9.8609152E+00   1.3242432E-01   1.0302930E+00   1.9797358E+05   1.9889052E+05   1.9788211E+05   0.0000000E+00   0.0000000E+00   0.0000000E+00   0.0000000E+00
   1.5860623E-01   1.8955310E+05   1.8955310E+05   8.6820111E+00   1.1865418E-01   1.1110546E+00   1.8867914E+05   1.8955310E+05   1.8859197E+05   0.0000000E+00   0.0000000E+00   0.0000000E+00   0.0000000E+00
   1.6391522E-01   1.8032384E+05   1.8032384E+05   7.7957407E+00   1.0615992E-01   1.3603931E+00   1.7949239E+05   1.8032384E+05   1.7940946E+05   0.0000000E+00   0.0000000E+00   0.0000000E+00   0.0000000E+00
   1.6939988E-01   1.7154844E+05   1.7154844E+05   7.3234607E+00   9.4909856E-02   1.3135182E+00   1.7075741E+05   1.7154844E+05   1.7067851E+05   0.0000000E+00   0.0000000E+00   0.0000000E+00   0.0000000E+00
   1.7506664E-01   1.6352523E+05   1.6352523E+05   6.5563829E+00   8.4889616E-02   6.2845233E-01   1.6277115E+05   1.6352523E+05   1.6269595E+05   0.0000000E+00   0.0000000E+00   0.0000000E+00   0.0000000E+00
   1.8092205E-01   1.5642190E+05   1.5642190E+05   5.5350262E+00   7.6002183E-02   9.2372082E-01   1.5570054E+05   1.5642190E+05   1.5562860E+05   0.0000000E+00   0.0000000E+00   0.0000000E+00   0.0000000E+00
   1.8697274E-01   1.5022081E+05   1.5022081E+05   5.3477889E+00   6.8172436E-02   8.1402907E-01   1.4952801E+05   1.5022081E+05   1.4945892E+05   0.0000000E+00   0.0000000E+00   0.0000000E+00   0.0000000E+00
   1.9322548E-01   1.4471510E+05   1.4471510E+05   4.5041919E+00   6.1256931E-02   7.3397435E-01   1.4404767E+05   1.4471510E+05   1.4398112E+05   0.0000000E+00   0.0000000E+00   0.0000000E+00   0.0000000E+00
   1.9968720E-01   1.3956527E+05   1.3956527E+05   4.2773905E+00   5.5096891E-02   4.1912116E-01   1.3892156E+05   1.3956527E+05   1.3885737E+05   0.0000000E+00   0.0000000E+00   0.0000000E+00   0.0000000E+00
   2.0636496E-01   1.3440576E+05   1.3440576E+05   3.8855831E+00   4.9535553E-02   7.1041820E-01   1.3378582E+05   1.3440576E+05   1.3372401E+05   0.0000000E+00   0.0000000E+00   0.0000000E+00   0.0000000E+00
   2.1326602E-01   1.2896981E+05   1.2896981E+05   3.3956263E+00   4.4476814E-02   6.8171668E-01   1.2837492E+05   1.2896981E+05   1.2831561E+05   0.0000000E+00   0.0000000E+00   0.0000000E+00   0.0000000E+00
   2.2039786E-01   1.2318627E+05   1.2318627E+05   3.0209920E+00   3.9847308E-02   5.2749597E-01   1.2261804E+05   1.2318627E+05   1.2256139E+05   0.0000000E+00   0.0000000E+00   0.0000000E+00   0.0000000E+00
   2.2776821E-01   1.1720511E+05   1.1720511E+05   2.7201745E+00   3.5611277E-02   4.7183164E-01   1.1666445E+05   1.1720511E+05   1.1661055E+05   0.0000000E+00   0.0000000E+00   0.0000000E+00   0.0000000E+00
   2.3538506E-01   1.1133166E+05   1.1133166E+05   2.4486363E+00   3.1779242E-02   3.8057070E-01   1.1081808E+05   1.1133166E+05   1.1076688E+05   0.0000000E+00   0.0000000E+00   0.0000000E+00   0.0000000E+00
   2.4325678E-01   1.0588910E+05   1.0588910E+05   2.1525168E+00   2.8362212E-02   2.4074010E-01   1.0540061E+05   1.0588910E+05   1.0535191E+05   0.0000000E+00   0.0000000E+00   0.0000000E+00   0.0000000E+00
   2.5139209E-01   1.0106725E+05   1.0106725E+05   1.8886540E+00   2.5339918E-02   3.3547588E-01   1.0060100E+05   1.0106725E+05   1.0055452E+05   0.0000000E+00   0.0000000E+00   0.0000000E+00   0.0000000E+00
   2.5980018E-01   9.6832496E+04   9.6832496E+04   1.7627605E+00   2.2684384E-02   2.6592575E-01   9.6385769E+04   9.6832496E+04   9.6341235E+04   0.0000000E+00   0.0000000E+00   0.0000000E+00   0.0000000E+00
   2.6849077E-01   9.2951465E+04   9.2951465E+04   1.5248338E+00   2.0333433E-02   2.0735910E-01   9.2522633E+04   9.2951465E+04   9.2479884E+04   0.0000000E+00   0.0000000E+00   0.0000000E+00   0.0000000E+00
   2.7747416E-01   8.9123953E+04   8.9123953E+04   1.4052345E+00   1.8220739E-02   1.5610390E-01   8.8712770E+04   8.9123953E+04   8.8671781E+04   0.0000000E+00   0.0000000E+00   0.0000000E+00   0.0000000E+00
   2.8676138E-01   8.5154135E+04   8.5154135E+04   1.2672956E+00   1.6300920E-02   1.9088264E-01   8.4761260E+04   8.5154135E+04   8.4722097E+04   0.0000000E+00   0.0000000E+00   0.0000000E+00   0.0000000E+00
   2.9636425E-01   8.1056722E+04   8.1056722E+04   1.1251268E+00   1.4552562E-02   1.9179455E-01   8.0682743E+04   8.1056722E+04   8.0645465E+04   0.0000000E+00   0.0000000E+00   0.0000000E+00   0.0000000E+00
   3.0629553E-01   7.7026439E+04   7.7026439E+04   1.0016033E+00   1.2974288E-02   1.2524838E-01   7.6671048E+04   7.7026439E+04   7.6635623E+04   0.0000000E+00   0.0000000E+00   0.0000000E+00   0.0000000E+00
   3.1656906E-01   7.3287374E+04   7.3287374E+04   8.8254813E-01   1.1566243E-02   1.1089232E-01   7.2949229E+04   7.3287374E+04   7.2915523E+04   0.0000000E+00   0.0000000E+00   0.0000000E+00   0.0000000E+00
   3.2719990E-01   6.9927985E+04   6.9927985E+04   7.8787706E-01   1.0322117E-02   1.4203871E-01   6.9605335E+04   6.9927985E+04   6.9573174E+04   0.0000000E+00   0.0000000E+00   0.0000000E+00   0.0000000E+00
   3.3820457E-01   6.6846512E+04   6.6846512E+04   7.0349281E-01   9.2220655E-03   7.9615636E-02   6.6538076E+04   6.6846512E+04   6.6507332E+04   0.0000000E+00   0.0000000E+00   0.0000000E+00   0.0000000E+00
   3.4960123E-01   6.3850113E+04   6.3850113E+04   6.3509483E-01   8.2353292E-03   9.4677074E-02   6.3555498E+04   6.3850113E+04   6.3526133E+04   0.0000000E+00   0.0000000E+00   0.0000000E+00   0.0000000E+00
   3.6140996E-01   6.0822347E+04   6.0822347E+04   5.6112432E-01   7.3429678E-03   1.0652968E-01   6.0541698E+04   6.0822347E+04   6.0513725E+04   0.0000000E+00   0.0000000E+00   0.0000000E+00   0.0000000E+00
   3.7365309E-01   5.7808917E+04   5.7808917E+04   4.9886408E-01   6.5369299E-03   7.9030663E-02   5.7542170E+04   5.7808917E+04   5.7515583E+04   0.0000000E+00   0.0000000E+00   0.0000000E+00   0.0000000E+00
   3.8635550E-01   5.4944527E+04   5.4944527E+04   4.4661611E-01   5.8149199E-03   7.1613627E-02   5.4690994E+04   5.4944527E+04   5.4665725E+04   0.0000000E+00   0.0000000E+00   0.0000000E+00   0.0000000E+00
   3.9954515E-01   5.2300735E+04   5.2300735E+04   3.9454808E-01   5.1737518E-03   5.5877194E-02   5.2059399E+04   5.2300735E+04   5.2035346E+04   0.0000000E+00   0.0000000E+00   0.0000000E+00   0.0000000E+00
   4.1325355E-01   4.9818155E+04   4.9818155E+04   3.5273048E-01   4.6032994E-03   4.1571143E-02   4.9588272E+04   4.9818155E+04   4.9565360E+04   0.0000000E+00   0.0000000E+00   0.0000000E+00   0.0000000E+00
   4.2751641E-01   4.7391456E+04   4.7391456E+04   3.1392543E-01   4.0907971E-03   4.5195381E-02   4.7172769E+04   4.7391456E+04   4.7150973E+04   0.0000000E+00   0.0000000E+00   0.0000000E+00   0.0000000E+00
   4.4237444E-01   4.4994979E+04   4.4994979E+04   2.7845141E-01   3.6291799E-03   4.5737229E-02   4.4787348E+04   4.4994979E+04   4.4766654E+04   0.0000000E+00   0.0000000E+00   0.0000000E+00   0.0000000E+00
   4.5787432E-01   4.2690086E+04   4.2690086E+04   2.4537015E-01   3.2151625E-03   3.9554091E-02   4.2493090E+04   4.2690086E+04   4.2473456E+04   0.0000000E+00   0.0000000E+00   0.0000000E+00   0.0000000E+00
   4.7406990E-01   4.0518177E+04   4.0518177E+04   2.1828145E-01   2.8460550E-03   3.8356063E-02   4.0331202E+04   4.0518177E+04   4.0312567E+04   0.0000000E+00   0.0000000E+00   0.0000000E+00   0.0000000E+00
   4.9102369E-01   3.8442169E+04   3.8442169E+04   1.9288332E-01   2.5161729E-03   3.5717681E-02   3.8264772E+04   3.8442169E+04   3.8247092E+04   0.0000000E+00   0.0000000E+00   0.0000000E+00   0.0000000E+00
   5.0880878E-01   3.6415240E+04   3.6415240E+04   1.6981974E-01   2.2202578E-03   2.1468640E-02   3.6247195E+04   3.6415240E+04   3.6230447E+04   0.0000000E+00   0.0000000E+00   0.0000000E+00   0.0000000E+00
   5.2751123E-01   3.4448874E+04   3.4448874E+04   1.4963800E-01   1.9543731E-03   1.5999022E-02   3.4289902E+04   3.4448874E+04   3.4274059E+04   0.0000000E+00   0.0000000E+00   0.0000000E+00   0.0000000E+00
   5.4723315E-01   3.2567722E+04   3.2567722E+04   1.3144354E-01   1.7165480E-03   2.4601971E-02   3.2417430E+04   3.2567722E+04   3.2402452E+04   0.0000000E+00   0.0000000E+00   0.0000000E+00   0.0000000E+00
   5.6809666E-01   3.0753828E+04   3.0753828E+04   1.1514241E-01   1.5038977E-03   2.1813633E-02   3.0611906E+04   3.0753828E+04   3.0597762E+04   0.0000000E+00   0.0000000E+00   0.0000000E+00   0.0000000E+00
   5.9024893E-01   2.8986725E+04   2.8986725E+04   1.0057152E-01   1.3134339E-03   1.2132187E-02   2.8852957E+04   2.8986725E+04   2.8839626E+04   0.0000000E+00   0.0000000E+00   0.0000000E+00   0.0000000E+00
   6.1386880E-01   2.7275201E+04   2.7275201E+04   8.7484299E-02   1.1425753E-03   1.5366394E-02   2.7149331E+04   2.7275201E+04   2.7136787E+04   0.0000000E+00   0.0000000E+00   0.0000000E+00   0.0000000E+00
   6.3917515E-01   2.5616710E+04   2.5616710E+04   7.5810579E-02   9.8972138E-04   1.0159866E-02   2.5498493E+04   2.5616710E+04   2.5486712E+04   0.0000000E+00   0.0000000E+00   0.0000000E+00   0.0000000E+00
   6.6643765E-01   2.3998066E+04   2.3998066E+04   6.5315149E-02   8.5287392E-04   1.1002546E-02   2.3887318E+04   2.3998066E+04   2.3876281E+04   0.0000000E+00   0.0000000E+00   0.0000000E+00   0.0000000E+00
   6.9599001E-01   2.2420123E+04   2.2420123E+04   5.5952205E-02   7.3052202E-04   1.0474004E-02   2.2316657E+04   2.2420123E+04   2.2306345E+04   0.0000000E+00   0.0000000E+00   0.0000000E+00   0.0000000E+00
   7.2824552E-01   2.0877602E+04   2.0877602E+04   4.7597042E-02   6.2141153E-04   4.3410407E-03   2.0781253E+04   2.0877602E+04   2.0771651E+04   0.0000000E+00   0.0000000E+00   0.0000000E+00   0.0000000E+00
   7.6371352E-01   1.9366208E+04   1.9366208E+04   4.0147365E-02   5.2415431E-04   3.4816484E-03   1.9276834E+04   1.9366208E+04   1.9267927E+04   0.0000000E+00   0.0000000E+00   0.0000000E+00   0.0000000E+00
   8.0301235E-01   1.7884554E+04   1.7884554E+04   3.3539615E-02   4.3776336E-04   9.1545840E-03   1.7802017E+04   1.7884554E+04   1.7793792E+04   0.0000000E+00   0.0000000E+00   0.0000000E+00   0.0000000E+00
   8.4686980E-01   1.6431952E+04   1.6431952E+04   2.7708895E-02   3.6165896E-04   3.7981495E-03   1.6356119E+04   1.6431952E+04   1.6348562E+04   0.0000000E+00   0.0000000E+00   0.0000000E+00   0.0000000E+00
   8.9609527E-01   1.5011676E+04   1.5011676E+04   2.2611531E-02   2.9506914E-04   7.3198740E-03   1.4942397E+04   1.5011676E+04   1.4935493E+04   0.0000000E+00   0.0000000E+00   0.0000000E+00   0.0000000E+00
   9.5150521E-01   1.3631659E+04   1.3631659E+04   1.8212744E-02   2.3767741E-04   -5.3396261E-04   1.3568748E+04   1.3631659E+04   1.3562479E+04   0.0000000E+00   0.0000000E+00   0.0000000E+00   0.0000000E+00
   1.0137984E+00   1.2304974E+04   1.2304974E+04   1.4483230E-02   1.8898149E-04   1.6105796E-03   1.2248186E+04   1.2304974E+04   1.2242527E+04   0.0000000E+00   0.0000000E+00   0.0000000E+00   0.0000000E+00
   1.0834234E+00   1.1048216E+04   1.1048216E+04   1.1387375E-02   1.4856625E-04   1.9548213E-03   1.0997228E+04   1.1048216E+04   1.0992147E+04   0.0000000E+00   0.0000000E+00   0.0000000E+00   0.0000000E+00
   1.1605290E+00   9.8772718E+03   9.8772718E+03   8.8734340E-03   1.1576723E-04   -5.5896215E-04   9.8316876E+03   9.8772718E+03   9.8271449E+03   0.0000000E+00   0.0000000E+00   0.0000000E+00   0.0000000E+00
   1.2450616E+00   8.8032469E+03   8.8032469E+03   6.8716948E-03   8.9635363E-05   2.3481799E-03   8.7626193E+03   8.8032469E+03   8.7585706E+03   0.0000000E+00   0.0000000E+00   0.0000000E+00   0.0000000E+00
   1.3369523E+00   7.8304031E+03   7.8304031E+03   5.3013816E-03   6.9144764E-05   3.2549830E-03   7.7942651E+03   7.8304031E+03   7.7906638E+03   0.0000000E+00   0.0000000E+00   0.0000000E+00   0.0000000E+00
   1.4362677E+00   6.9563324E+03   6.9563324E+03   4.0811132E-03   5.3226966E-05   1.2335794E-03   6.9242283E+03   6.9563324E+03   6.9210290E+03   0.0000000E+00   0.0000000E+00   0.0000000E+00   0.0000000E+00
   1.5432600E+00   6.1746744E+03   6.1746744E+03   3.1378724E-03   4.0924685E-05   -1.7293647E-05   6.1461777E+03   6.1746744E+03   6.1433379E+03   0.0000000E+00   0.0000000E+00   0.0000000E+00   0.0000000E+00
   1.6583442E+00   5.4775411E+03   5.4775411E+03   2.4108136E-03   3.1440432E-05   -4.8637950E-04   5.4522616E+03   5.4775411E+03   5.4497425E+03   0.0000000E+00   0.0000000E+00   0.0000000E+00   0.0000000E+00
   1.7820535E+00   4.8565706E+03   4.8565706E+03   1.8511482E-03   2.4138880E-05   5.7744986E-04   4.8341570E+03   4.8565706E+03   4.8319234E+03   0.0000000E+00   0.0000000E+00   0.0000000E+00   0.0000000E+00
   1.9150046E+00   4.3039921E+03   4.3039921E+03   1.4207218E-03   1.8525643E-05   2.2659458E-04   4.2841286E+03   4.3039921E+03   4.2821492E+03   0.0000000E+00   0.0000000E+00   0.0000000E+00   0.0000000E+00
   2.0578780E+00   3.8125562E+03   3.8125562E+03   1.0898753E-03   1.4211397E-05   -8.4293832E-05   3.7949608E+03   3.8125562E+03   3.7932074E+03   0.0000000E+00   0.0000000E+00   0.0000000E+00   0.0000000E+00
   2.2114117E+00   3.3757864E+03   3.3757864E+03   8.3571131E-04   1.0896421E-05   1.6158870E-04   3.3602067E+03   3.3757864E+03   3.3586542E+03   0.0000000E+00   0.0000000E+00   0.0000000E+00   0.0000000E+00
   2.3764003E+00   2.9877974E+03   2.9877974E+03   6.4054825E-04   8.3514399E-06   -1.1005742E-04   2.9740084E+03   2.9877974E+03   2.9726342E+03   0.0000000E+00   0.0000000E+00   0.0000000E+00   0.0000000E+00
   2.5536983E+00   2.6433315E+03   2.6433315E+03   4.9076294E-04   6.3983600E-06   9.2660480E-08   2.6311322E+03   2.6433315E+03   2.6299165E+03   0.0000000E+00   0.0000000E+00   0.0000000E+00   0.0000000E+00
   2.7442242E+00   2.3376636E+03   2.3376636E+03   3.7576485E-04   4.9000049E-06   -7.5394651E-05   2.3268750E+03   2.3376636E+03   2.3257999E+03   0.0000000E+00   0.0000000E+00   0.0000000E+00   0.0000000E+00
   2.9489648E+00   2.0665554E+03   2.0665554E+03   2.8793382E-04   3.7511738E-06   -1.6615460E-05   2.0570180E+03   2.0665554E+03   2.0560675E+03   0.0000000E+00   0.0000000E+00   0.0000000E+00   0.0000000E+00
   3.1689807E+00   1.8262150E+03   1.8262150E+03   2.2023990E-04   2.8707063E-06   -1.4173959E-04   1.8177868E+03   1.8262150E+03   1.8169469E+03   0.0000000E+00   0.0000000E+00   0.0000000E+00   0.0000000E+00
   3.4054115E+00   1.6132494E+03   1.6132494E+03   1.6847214E-04   2.1960786E-06   -1.4688001E-04   1.6058040E+03   1.6132494E+03   1.6050621E+03   0.0000000E+00   0.0000000E+00   0.0000000E+00   0.0000000E+00
   3.6594818E+00   1.4246248E+03   1.4246248E+03   1.2883180E-04   1.6793317E-06   1.2720377E-04   1.4180499E+03   1.4246248E+03   1.4173947E+03   0.0000000E+00   0.0000000E+00   0.0000000E+00   0.0000000E+00
   3.9325078E+00   1.2576312E+03   1.2576312E+03   9.8486911E-05   1.2838020E-06   4.1655613E-05   1.2518271E+03   1.2576312E+03   1.2512487E+03   0.0000000E+00   0.0000000E+00   0.0000000E+00   0.0000000E+00
   4.2259037E+00   1.1098499E+03   1.1098499E+03   7.5265328E-05   9.8112019E-07   3.8792624E-05   1.1047277E+03   1.1098499E+03   1.1042173E+03   0.0000000E+00   0.0000000E+00   0.0000000E+00   0.0000000E+00
   4.5411892E+00   9.7912334E+02   9.7912334E+02   5.7500869E-05   7.4956866E-07   -3.8611514E-06   9.7460454E+02   9.7912334E+02   9.7415424E+02   0.0000000E+00   0.0000000E+00   0.0000000E+00   0.0000000E+00
   4.8799974E+00   8.6352874E+02   8.6352874E+02   4.3915799E-05   5.7248508E-07   -4.4817984E-05   8.5954343E+02   8.6352874E+02   8.5914628E+02   0.0000000E+00   0.0000000E+00   0.0000000E+00   0.0000000E+00
   5.2440834E+00   7.6135330E+02   7.6135330E+02   3.3530010E-05   4.3709763E-07   1.5044307E-05   7.5783954E+02   7.6135330E+02   7.5748939E+02   0.0000000E+00   0.0000000E+00   0.0000000E+00   0.0000000E+00
   5.6353331E+00   6.7107242E+02   6.7107242E+02   2.5606908E-05   3.3364913E-07   -1.4846472E-05   6.6797532E+02   6.7107242E+02   6.6766669E+02   0.0000000E+00   0.0000000E+00   0.0000000E+00   0.0000000E+00
   6.0557731E+00   5.9132985E+02   5.9132985E+02   1.9532093E-05   2.5460594E-07   1.2626118E-05   5.8860077E+02   5.9132985E+02   5.8832881E+02   0.0000000E+00   0.0000000E+00   0.0000000E+00   0.0000000E+00
   6.5075811E+00   5.2091980E+02   5.2091980E+02   1.4899593E-05   1.9423963E-07   3.0769329E-06   5.1851567E+02   5.2091980E+02   5.1827610E+02   0.0000000E+00   0.0000000E+00   0.0000000E+00   0.0000000E+00
   6.9930976E+00   4.5877088E+02   4.5877088E+02   1.1362968E-05   1.4814843E-07   -2.5322643E-05   4.5665359E+02   4.5877088E+02   4.5644259E+02   0.0000000E+00   0.0000000E+00   0.0000000E+00   0.0000000E+00
   7.5148375E+00   4.0393167E+02   4.0393167E+02   8.6636866E-06   1.1296684E-07   -4.6294138E-05   4.0206747E+02   4.0393167E+02   4.0188170E+02   0.0000000E+00   0.0000000E+00   0.0000000E+00   0.0000000E+00
   8.0755032E+00   3.5555769E+02   3.5555769E+02   6.6041242E-06   8.6115460E-08   -4.9105441E-07   3.5391674E+02   3.5555769E+02   3.5375321E+02   0.0000000E+00   0.0000000E+00   0.0000000E+00   0.0000000E+00
   8.6779989E+00   3.1289979E+02   3.1289979E+02   5.0340352E-06   6.5633005E-08   -5.2967399E-06   3.1145571E+02   3.1289979E+02   3.1131180E+02   0.0000000E+00   0.0000000E+00   0.0000000E+00   0.0000000E+00
   9.3254456E+00   2.7529371E+02   2.7529371E+02   3.8347289E-06   5.0011041E-08   -9.1141598E-06   2.7402318E+02   2.7529371E+02   2.7389657E+02   0.0000000E+00   0.0000000E+00   0.0000000E+00   0.0000000E+00
   1.0021197E+01   2.4215075E+02   2.4215075E+02   2.9208399E-06   3.8099219E-08   9.1644870E-06   2.4103319E+02   2.4215075E+02   2.4092182E+02   0.0000000E+00   0.0000000E+00   0.0000000E+00   0.0000000E+00
