#           k/h    CDM            baryon         photon         nu             mass_nu        total          no_nu          total_de       Weyl           v_CDM          v_b            v_b-v_c     
   1.1448543E-05   1.4501514E+07   1.4501514E+07   1.9325307E+07   -1.1210149E+06   -4.5340856E+07   1.4501518E+07   1.4501514E+07   6.7721698E+06   0.0000000E+00   0.0000000E+00   0.0000000E+00   0.0000000E+00
   1.2302694E-05   1.4501528E+07   1.4501528E+07   1.9323771E+07   -1.1209972E+06   -4.5339973E+07   1.4501531E+07   1.4501528E+07   6.7721736E+06   0.0000000E+00   0.0000000E+00   0.0000000E+00   0.0000000E+00
   1.3220571E-05   1.4501543E+07   1.4501543E+07   1.9321997E+07   -1.1209767E+06   -4.5338955E+07   1.4501547E+07   1.4501543E+07   6.7721780E+06   0.0000000E+00   0.0000000E+00   0.0000000E+00   0.0000000E+00
   1.4206929E-05   1.4501561E+07   1.4501561E+07   1.9319948E+07   -1.1209531E+06   -4.5337778E+07   1.4501564E+07   1.4501561E+07   6.7721830E+06   0.0000000E+00   0.0000000E+00   0.0000000E+00   0.0000000E+00
   1.5266877E-05   1.4501582E+07   1.4501582E+07   1.9317583E+07   -1.1209258E+06   -4.5336420E+07   1.4501585E+07   1.4501582E+07   6.7721889E+06   0.0000000E+00   0.0000000E+00   0.0000000E+00   0.0000000E+00
   1.6405906E-05   1.4501606E+07   1.4501606E+07   1.9314851E+07   -1.1208942E+06   -4.5334851E+07   1.4501609E+07   1.4501606E+07   6.7721956E+06   0.0000000E+00   0.0000000E+00   0.0000000E+00   0.0000000E+00
   1.7629915E-05   1.4501633E+07   1.4501633E+07   1.9311698E+07   -1.1208578E+06   -4.5333040E+07   1.4501636E+07   1.4501633E+07   6.7722035E+06   0.0000000E+00   0.0000000E+00   0.0000000E+00   0.0000000E+00
   1.8945244E-05   1.4501665E+07   1.4501665E+07   1.9308057E+07   -1.1208158E+06   -4.5330948E+07   1.4501668E+07   1.4501665E+07   6.7722125E+06   0.0000000E+00   0.0000000E+00   0.0000000E+00   0.0000000E+00
   2.0358708E-05   1.4501702E+07   1.4501702E+07   1.9303853E+07   -1.1207672E+06   -4.5328533E+07   1.4501704E+07   1.4501702E+07   6.7722229E+06   0.0000000E+00   0.0000000E+00   0.0000000E+00   0.0000000E+00
   2.1877627E-05   1.4501744E+07   1.4501744E+07   1.9298999E+07   -1.1207112E+06   -4.5325744E+07   1.4501746E+07   1.4501744E+07   6.7722349E+06   0.0000000E+00   0.0000000E+00   0.0000000E+00   0.0000000E+00
   2.3509869E-05   1.4501793E+07   1.4501793E+07   1.9293396E+07   -1.1206464E+06   -4.5322524E+07   1.4501795E+07   1.4501793E+07   6.7722487E+06   0.0000000E+00   0.0000000E+00   0.0000000E+00   0.0000000E+00
   2.5263889E-05   1.4501850E+07   1.4501850E+07   1.9286927E+07   -1.1205717E+06   -4.5318806E+07   1.4501851E+07   1.4501850E+07   6.7722648E+06   0.0000000E+00   0.0000000E+00   0.0000000E+00   0.0000000E+00
   2.7148773E-05   1.4501915E+07   1.4501915E+07   1.9279459E+07   -1.1204854E+06   -4.5314513E+07   1.4501916E+07   1.4501915E+07   6.7722832E+06   0.0000000E+00   0.0000000E+00   0.0000000E+00   0.0000000E+00
   2.9174284E-05   1.4501990E+07   1.4501990E+07   1.9270838E+07   -1.1203857E+06   -4.5309556E+07   1.4501991E+07   1.4501990E+07   6.7723046E+06   0.0000000E+00   0.0000000E+00   0.0000000E+00   0.0000000E+00
   3.1350914E-05   1.4502077E+07   1.4502077E+07   1.9260888E+07   -1.1202707E+06   -4.5303833E+07   1.4502077E+07   1.4502077E+07   6.7723292E+06   0.0000000E+00   0.0000000E+00   0.0000000E+00   0.0000000E+00
   3.3689938E-05   1.4502178E+07   1.4502178E+07   1.9249403E+07   -1.1201378E+06   -4.5297225E+07   1.4502177E+07   1.4502178E+07   6.7723577E+06   0.0000000E+00   0.0000000E+00   0.0000000E+00   0.0000000E+00
   3.6203471E-05   1.4502294E+07   1.4502294E+07   1.9236148E+07   -1.1199844E+06   -4.5289596E+07   1.4502292E+07   1.4502294E+07   6.7723906E+06   0.0000000E+00   0.0000000E+00   0.0000000E+00   0.0000000E+00
   3.8904533E-05   1.4502428E+07   1.4502428E+07   1.9220851E+07   -1.1198073E+06   -4.5280789E+07   1.4502425E+07   1.4502428E+07   6.7724285E+06   0.0000000E+00   0.0000000E+00   0.0000000E+00   0.0000000E+00
   4.1807116E-05   1.4502582E+07   1.4502582E+07   1.9203201E+07   -1.1196029E+06   -4.5270621E+07   1.4502579E+07   1.4502582E+07   6.7724723E+06   0.0000000E+00   0.0000000E+00   0.0000000E+00   0.0000000E+00
   4.4926254E-05   1.4502761E+07   1.4502761E+07   1.9182837E+07   -1.1193668E+06   -4.5258884E+07   1.4502756E+07   1.4502761E+07   6.7725228E+06   0.0000000E+00   0.0000000E+00   0.0000000E+00   0.0000000E+00
   4.8278104E-05   1.4502967E+07   1.4502967E+07   1.9159344E+07   -1.1190943E+06   -4.5245335E+07   1.4502961E+07   1.4502967E+07   6.7725811E+06   0.0000000E+00   0.0000000E+00   0.0000000E+00   0.0000000E+00
   5.1880029E-05   1.4503205E+07   1.4503205E+07   1.9132248E+07   -1.1187798E+06   -4.5229696E+07   1.4503197E+07   1.4503205E+07   6.7726485E+06   0.0000000E+00   0.0000000E+00   0.0000000E+00   0.0000000E+00
   5.5750685E-05   1.4503479E+07   1.4503479E+07   1.9101000E+07   -1.1184167E+06   -4.5211645E+07   1.4503470E+07   1.4503479E+07   6.7727262E+06   0.0000000E+00   0.0000000E+00   0.0000000E+00   0.0000000E+00
   5.9910123E-05   1.4503796E+07   1.4503796E+07   1.9064973E+07   -1.1179976E+06   -4.5190813E+07   1.4503785E+07   1.4503796E+07   6.7728158E+06   0.0000000E+00   0.0000000E+00   0.0000000E+00   0.0000000E+00
   6.4379887E-05   1.4504162E+07   1.4504162E+07   1.9023445E+07   -1.1175140E+06   -4.5166774E+07   1.4504148E+07   1.4504162E+07   6.7729193E+06   0.0000000E+00   0.0000000E+00   0.0000000E+00   0.0000000E+00
   6.9183131E-05   1.4504584E+07   1.4504584E+07   1.8975590E+07   -1.1169558E+06   -4.5139035E+07   1.4504567E+07   1.4504584E+07   6.7730387E+06   0.0000000E+00   0.0000000E+00   0.0000000E+00   0.0000000E+00
   7.4344734E-05   1.4505071E+07   1.4505071E+07   1.8920463E+07   -1.1163117E+06   -4.5107033E+07   1.4505051E+07   1.4505071E+07   6.7731763E+06   0.0000000E+00   0.0000000E+00   0.0000000E+00   0.0000000E+00
   7.9891433E-05   1.4505633E+07   1.4505633E+07   1.8856982E+07   -1.1155686E+06   -4.5070117E+07   1.4505609E+07   1.4505633E+07   6.7733351E+06   0.0000000E+00   0.0000000E+00   0.0000000E+00   0.0000000E+00
   8.5851959E-05   1.4506281E+07   1.4506281E+07   1.8783912E+07   -1.1147113E+06   -4.5027539E+07   1.4506253E+07   1.4506281E+07   6.7735183E+06   0.0000000E+00   0.0000000E+00   0.0000000E+00   0.0000000E+00
   9.2257187E-05   1.4507029E+07   1.4507029E+07   1.8699849E+07   -1.1137224E+06   -4.4978441E+07   1.4506995E+07   1.4507029E+07   6.7737294E+06   0.0000000E+00   0.0000000E+00   0.0000000E+00   0.0000000E+00
   9.9140296E-05   1.4507891E+07   1.4507891E+07   1.8603194E+07   -1.1125820E+06   -4.4921836E+07   1.4507852E+07   1.4507891E+07   6.7739727E+06   0.0000000E+00   0.0000000E+00   0.0000000E+00   0.0000000E+00
   1.0653694E-04   1.4508884E+07   1.4508884E+07   1.8492137E+07   -1.1112671E+06   -4.4856594E+07   1.4508839E+07   1.4508884E+07   6.7742530E+06   0.0000000E+00   0.0000000E+00   0.0000000E+00   0.0000000E+00
   1.1448543E-04   1.4510029E+07   1.4510029E+07   1.8364630E+07   -1.1097513E+06   -4.4781418E+07   1.4509976E+07   1.4510029E+07   6.7745759E+06   0.0000000E+00   0.0000000E+00   0.0000000E+00   0.0000000E+00
   1.2302694E-04   1.4511349E+07   1.4511349E+07   1.8218369E+07   -1.1080045E+06   -4.4694824E+07   1.4511287E+07   1.4511349E+07   6.7749477E+06   0.0000000E+00   0.0000000E+00   0.0000000E+00   0.0000000E+00
   1.3220571E-04   1.4512869E+07   1.4512869E+07   1.8050770E+07   -1.1059921E+06   -4.4595118E+07   1.4512797E+07   1.4512869E+07   6.7753755E+06   0.0000000E+00   0.0000000E+00   0.0000000E+00   0.0000000E+00
   1.4206929E-04   1.4514619E+07   1.4514619E+07   1.7858952E+07   -1.1036745E+06   -4.4480366E+07   1.4514535E+07   1.4514619E+07   6.7758676E+06   0.0000000E+00   0.0000000E+00   0.0000000E+00   0.0000000E+00
   1.5266877E-04   1.4516633E+07   1.4516633E+07   1.7639723E+07   -1.1010066E+06   -4.4348367E+07   1.4516535E+07   1.4516633E+07   6.7764333E+06   0.0000000E+00   0.0000000E+00   0.0000000E+00   0.0000000E+00
   1.6405906E-04   1.4518949E+07   1.4518949E+07   1.7389568E+07   -1.0979369E+06   -4.4196618E+07   1.4518836E+07   1.4518949E+07   6.7770831E+06   0.0000000E+00   0.0000000E+00   0.0000000E+00   0.0000000E+00
   1.7629915E-04   1.4521612E+07   1.4521612E+07   1.7104660E+07   -1.0944069E+06   -4.4022285E+07   1.4521480E+07   1.4521612E+07   6.7778289E+06   0.0000000E+00   0.0000000E+00   0.0000000E+00   0.0000000E+00
   1.8945244E-04   1.4524670E+07   1.4524670E+07   1.6780874E+07   -1.0903502E+06   -4.3822166E+07   1.4524518E+07   1.4524670E+07   6.7786841E+06   0.0000000E+00   0.0000000E+00   0.0000000E+00   0.0000000E+00
   2.0358708E-04   1.4528180E+07   1.4528180E+07   1.6413830E+07   -1.0856917E+06   -4.3592661E+07   1.4528004E+07   1.4528180E+07   6.7796635E+06   0.0000000E+00   0.0000000E+00   0.0000000E+00   0.0000000E+00
   2.1877627E-04   1.4532206E+07   1.4532206E+07   1.5998963E+07   -1.0803466E+06   -4.3329731E+07   1.4532002E+07   1.4532206E+07   6.7807840E+06   0.0000000E+00   0.0000000E+00   0.0000000E+00   0.0000000E+00
   2.3509869E-04   1.4536816E+07   1.4536816E+07   1.5531628E+07   -1.0742200E+06   -4.3028877E+07   1.4536580E+07   1.4536816E+07   6.7820638E+06   0.0000000E+00   0.0000000E+00   0.0000000E+00   0.0000000E+00
   2.5263889E-04   1.4542090E+07   1.4542090E+07   1.5007263E+07   -1.0672055E+06   -4.2685114E+07   1.4541818E+07   1.4542090E+07   6.7835232E+06   0.0000000E+00   0.0000000E+00   0.0000000E+00   0.0000000E+00
   2.7148773E-04   1.4548115E+07   1.4548115E+07   1.4421601E+07   -1.0591851E+06   -4.2292960E+07   1.4547800E+07   1.4548115E+07   6.7851841E+06   0.0000000E+00   0.0000000E+00   0.0000000E+00   0.0000000E+00
   2.9174284E-04   1.4554985E+07   1.4554985E+07   1.3770963E+07   -1.0500284E+06   -4.1846440E+07   1.4554621E+07   1.4554985E+07   6.7870700E+06   0.0000000E+00   0.0000000E+00   0.0000000E+00   0.0000000E+00
   3.1350914E-04   1.4562804E+07   1.4562804E+07   1.3052637E+07   -1.0395928E+06   -4.1339110E+07   1.4562385E+07   1.4562804E+07   6.7892056E+06   0.0000000E+00   0.0000000E+00   0.0000000E+00   0.0000000E+00
   3.3689938E-04   1.4571684E+07   1.4571684E+07   1.2265340E+07   -1.0277237E+06   -4.0764116E+07   1.4571200E+07   1.4571684E+07   6.7916167E+06   0.0000000E+00   0.0000000E+00   0.0000000E+00   0.0000000E+00
   3.6203471E-04   1.4581741E+07   1.4581741E+07   1.1409789E+07   -1.0142555E+06   -4.0114287E+07   1.4581184E+07   1.4581741E+07   6.7943292E+06   0.0000000E+00   0.0000000E+00   0.0000000E+00   0.0000000E+00
   3.8904533E-04   1.4593097E+07   1.4593097E+07   1.0489345E+07   -9.9901357E+05   -3.9382286E+07   1.4592456E+07   1.4593097E+07   6.7973681E+06   0.0000000E+00   0.0000000E+00   0.0000000E+00   0.0000000E+00
   4.1807116E-04   1.4605878E+07   1.4605878E+07   9.5107155E+06   -9.8181721E+05   -3.8560815E+07   1.4605140E+07   1.4605878E+07   6.8007564E+06   0.0000000E+00   0.0000000E+00   0.0000000E+00   0.0000000E+00
   4.4926254E-04   1.4620202E+07   1.4620202E+07   8.4846518E+06   -9.6248427E+05   -3.7642904E+07   1.4619353E+07   1.4620202E+07   6.8045131E+06   0.0000000E+00   0.0000000E+00   0.0000000E+00   0.0000000E+00
   4.8278104E-04   1.4636182E+07   1.4636182E+07   7.4265445E+06   -9.4083723E+05   -3.6622279E+07   1.4635208E+07   1.4636182E+07   6.8086513E+06   0.0000000E+00   0.0000000E+00   0.0000000E+00   0.0000000E+00
   5.1880029E-04   1.4653916E+07   1.4653916E+07   6.3567754E+06   -9.1671144E+05   -3.5493829E+07   1.4652797E+07   1.4653916E+07   6.8131750E+06   0.0000000E+00   0.0000000E+00   0.0000000E+00   0.0000000E+00
   5.5750685E-04   1.4673472E+07   1.4673472E+07   5.3006317E+06   -8.8996567E+05   -3.4254158E+07   1.4672190E+07   1.4673472E+07   6.8180762E+06   0.0000000E+00   0.0000000E+00   0.0000000E+00   0.0000000E+00
   5.9910123E-04   1.4694886E+07   1.4694886E+07   4.2875464E+06   -8.6049487E+05   -3.2902225E+07   1.4693418E+07   1.4694886E+07   6.8233308E+06   0.0000000E+00   0.0000000E+00   0.0000000E+00   0.0000000E+00
   6.4379887E-04   1.4718139E+07   1.4718139E+07   3.3494241E+06   -8.2824525E+05   -3.1440028E+07   1.4716462E+07   1.4718139E+07   6.8288948E+06   0.0000000E+00   0.0000000E+00   0.0000000E+00   0.0000000E+00
   6.9183131E-04   1.4743149E+07   1.4743149E+07   2.5178601E+06   -7.9323091E+05   -2.9873282E+07   1.4741234E+07   1.4743149E+07   6.8346998E+06   0.0000000E+00   0.0000000E+00   0.0000000E+00   0.0000000E+00
   7.4344734E-04   1.4769752E+07   1.4769752E+07   1.8202298E+06   -7.5555102E+05   -2.8212006E+07   1.4767570E+07   1.4769752E+07   6.8406498E+06   0.0000000E+00   0.0000000E+00   0.0000000E+00   0.0000000E+00
   7.9891433E-04   1.4797685E+07   1.4797685E+07   1.2749343E+06   -7.1540581E+05   -2.6470919E+07   1.4795204E+07   1.4797685E+07   6.8466179E+06   0.0000000E+00   0.0000000E+00   0.0000000E+00   0.0000000E+00
   8.5851959E-04   1.4826581E+07   1.4826581E+07   8.8656238E+05   -6.7310887E+05   -2.4669480E+07   1.4823766E+07   1.4826581E+07   6.8524464E+06   0.0000000E+00   0.0000000E+00   0.0000000E+00   0.0000000E+00
   9.2257187E-04   1.4855955E+07   1.4855955E+07   6.4230043E+05   -6.2909248E+05   -2.2831469E+07   1.4852769E+07   1.4855955E+07   6.8579475E+06   0.0000000E+00   0.0000000E+00   0.0000000E+00   0.0000000E+00
   9.9140296E-04   1.4885211E+07   1.4885211E+07   5.1139040E+05   -5.8390248E+05   -2.0983969E+07   1.4881615E+07   1.4885211E+07   6.8629095E+06   0.0000000E+00   0.0000000E+00   0.0000000E+00   0.0000000E+00
   1.0653694E-03   1.4913655E+07   1.4913655E+07   4.4942859E+05   -5.3817948E+05   -1.9155738E+07   1.4909610E+07   1.4913655E+07   6.8671052E+06   0.0000000E+00   0.0000000E+00   0.0000000E+00   0.0000000E+00
   1.1448543E-03   1.4940524E+07   1.4940524E+07   4.0831724E+05   -4.9262469E+05   -1.7375082E+07   1.4935988E+07   1.4940524E+07   6.8703044E+06   0.0000000E+00   0.0000000E+00   0.0000000E+00   0.0000000E+00
   1.2302694E-03   1.4965021E+07   1.4965021E+07   3.5035721E+05   -4.4795151E+05   -1.5667495E+07   1.4959955E+07   1.4965021E+07   6.8722878E+06   0.0000000E+00   0.0000000E+00   0.0000000E+00   0.0000000E+00
   1.3220571E-03   1.4986370E+07   1.4986370E+07   2.6160581E+05   -4.0482825E+05   -1.4053550E+07   1.4980734E+07   1.4986370E+07   6.8728601E+06   0.0000000E+00   0.0000000E+00   0.0000000E+00   0.0000000E+00
   1.4206929E-03   1.5003861E+07   1.5003861E+07   1.5685512E+05   -3.6382180E+05   -1.2547534E+07   1.4997620E+07   1.5003861E+07   6.8718597E+06   0.0000000E+00   0.0000000E+00   0.0000000E+00   0.0000000E+00
   1.5266877E-03   1.5016892E+07   1.5016892E+07   6.9525025E+04   -3.2535521E+05   -1.1157228E+07   1.5010012E+07   1.5016892E+07   6.8691600E+06   0.0000000E+00   0.0000000E+00   0.0000000E+00   0.0000000E+00
   1.6405906E-03   1.5024988E+07   1.5024988E+07   2.7408677E+04   -2.8969051E+05   -9.8848420E+06   1.5017440E+07   1.5024988E+07   6.8646635E+06   0.0000000E+00   0.0000000E+00   0.0000000E+00   0.0000000E+00
   1.7629915E-03   1.5027790E+07   1.5027790E+07   2.8299328E+04   -2.5694115E+05   -8.7286589E+06   1.5019550E+07   1.5027790E+07   6.8582900E+06   0.0000000E+00   0.0000000E+00   0.0000000E+00   0.0000000E+00
   1.8945244E-03   1.5025038E+07   1.5025038E+07   3.8061337E+04   -2.2710680E+05   -7.6846012E+06   1.5016087E+07   1.5025038E+07   6.8499634E+06   0.0000000E+00   0.0000000E+00   0.0000000E+00   0.0000000E+00
   2.0358708E-03   1.5016531E+07   1.5016531E+07   2.1766670E+04   -2.0011296E+05   -6.7471557E+06   1.5006853E+07   1.5016531E+07   6.8396045E+06   0.0000000E+00   0.0000000E+00   0.0000000E+00   0.0000000E+00
   2.1877627E-03   1.5002103E+07   1.5002103E+07   -1.7051682E+04   -1.7583850E+05   -5.9097072E+06   1.4991686E+07   1.5002103E+07   6.8271306E+06   0.0000000E+00   0.0000000E+00   0.0000000E+00   0.0000000E+00
   2.3509869E-03   1.4981612E+07   1.4981612E+07   -3.9239946E+04   -1.5412763E+05   -5.1648329E+06   1.4970444E+07   1.4981612E+07   6.8124583E+06   0.0000000E+00   0.0000000E+00   0.0000000E+00   0.0000000E+00
   2.5263889E-03   1.4954928E+07   1.4954928E+07   -2.5757040E+04   -1.3479791E+05   -4.5048227E+06   1.4942996E+07   1.4954928E+07   6.7955021E+06   0.0000000E+00   0.0000000E+00   0.0000000E+00   0.0000000E+00
   2.7148773E-03   1.4921920E+07   1.4921920E+07   -1.0431095E+04   -1.1765462E+05   -3.9220297E+06   1.4909211E+07   1.4921920E+07   6.7761687E+06   0.0000000E+00   0.0000000E+00   0.0000000E+00   0.0000000E+00
   2.9174284E-03   1.4882444E+07   1.4882444E+07   -2.2573692E+04   -1.0250477E+05   -3.4088649E+06   1.4868940E+07   1.4882444E+07   6.7543535E+06   0.0000000E+00   0.0000000E+00   0.0000000E+00   0.0000000E+00
   3.1350914E-03   1.4836337E+07   1.4836337E+07   -3.3165444E+04   -8.9159611E+04   -2.9580510E+06   1.4822020E+07   1.4836337E+07   6.7299428E+06   0.0000000E+00   0.0000000E+00   0.0000000E+00   0.0000000E+00
   3.3689938E-03   1.4783420E+07   1.4783420E+07   -2.2566909E+04   -7.7434393E+04   -2.5630640E+06   1.4768269E+07   1.4783420E+07   6.7028161E+06   0.0000000E+00   0.0000000E+00   0.0000000E+00   0.0000000E+00
   3.6203471E-03   1.4723484E+07   1.4723484E+07   -2.2024134E+04   -6.7156348E+04   -2.2177856E+06   1.4707482E+07   1.4723484E+07   6.6728434E+06   0.0000000E+00   0.0000000E+00   0.0000000E+00   0.0000000E+00
   3.8904533E-03   1.4656297E+07   1.4656297E+07   -2.4656909E+04   -5.8167263E+04   -1.9163522E+06   1.4639428E+07   1.4656297E+07   6.6398847E+06   0.0000000E+00   0.0000000E+00   0.0000000E+00   0.0000000E+00
   4.1807116E-03   1.4581600E+07   1.4581600E+07   -1.7148354E+04   -5.0319314E+04   -1.6537913E+06   1.4563853E+07   1.4581600E+07   6.6037915E+06   0.0000000E+00   0.0000000E+00   0.0000000E+00   0.0000000E+00
   4.4926254E-03   1.4499107E+07   1.4499107E+07   -2.1708363E+04   -4.3479509E+04   -1.4253889E+06   1.4480474E+07   1.4499107E+07   6.5644057E+06   0.0000000E+00   0.0000000E+00   0.0000000E+00   0.0000000E+00
   4.8278104E-03   1.4408505E+07   1.4408505E+07   -1.5294239E+04   -3.7527674E+04   -1.2269464E+06   1.4388986E+07   1.4408505E+07   6.5215614E+06   0.0000000E+00   0.0000000E+00   0.0000000E+00   0.0000000E+00
   5.1880029E-03   1.4309458E+07   1.4309458E+07   -1.6317354E+04   -3.2355189E+04   -1.0548977E+06   1.4289065E+07   1.4309458E+07   6.4750863E+06   0.0000000E+00   0.0000000E+00   0.0000000E+00   0.0000000E+00
   5.5750685E-03   1.4201607E+07   1.4201607E+07   -1.3185848E+04   -2.7866330E+04   -9.0573892E+05   1.4180364E+07   1.4201607E+07   6.4248014E+06   0.0000000E+00   0.0000000E+00   0.0000000E+00   0.0000000E+00
   5.9910123E-03   1.4084579E+07   1.4084579E+07   -1.3278337E+04   -2.3974703E+04   -7.7674499E+05   1.4062510E+07   1.4084579E+07   6.3705177E+06   0.0000000E+00   0.0000000E+00   0.0000000E+00   0.0000000E+00
   6.4379887E-03   1.3957978E+07   1.3957978E+07   -1.0044991E+04   -2.0604799E+04   -6.6523430E+05   1.3935106E+07   1.3957978E+07   6.3120368E+06   0.0000000E+00   0.0000000E+00   0.0000000E+00   0.0000000E+00
   6.9183131E-03   1.3821384E+07   1.3821384E+07   -1.0116605E+04   -1.7689743E+04   -5.6896701E+05   1.3797731E+07   1.3821384E+07   6.2491531E+06   0.0000000E+00   0.0000000E+00   0.0000000E+00   0.0000000E+00
   7.4344734E-03   1.3674350E+07   1.3674350E+07   -9.2271899E+03   -1.5170591E+04   -4.8601261E+05   1.3649955E+07   1.3674350E+07   6.1816575E+06   0.0000000E+00   0.0000000E+00   0.0000000E+00   0.0000000E+00
   7.9891433E-03   1.3516408E+07   1.3516408E+07   -6.9025701E+03   -1.2995703E+04   -4.1452705E+05   1.3491326E+07   1.3516408E+07   6.1093332E+06   0.0000000E+00   0.0000000E+00   0.0000000E+00   0.0000000E+00
   8.5851959E-03   1.3347079E+07   1.3347079E+07   -6.2104625E+03   -1.1119687E+04   -3.5301998E+05   1.3321364E+07   1.3347079E+07   6.0319515E+06   0.0000000E+00   0.0000000E+00   0.0000000E+00   0.0000000E+00
   9.2257187E-03   1.3165868E+07   1.3165868E+07   -5.6340340E+03   -9.5029899E+03   -3.0018186E+05   1.3139572E+07   1.3165868E+07   5.9492792E+06   0.0000000E+00   0.0000000E+00   0.0000000E+00   0.0000000E+00
   9.9140296E-03   1.2972260E+07   1.2972260E+07   -5.1557906E+03   -8.1110468E+03   -2.5483844E+05   1.2945450E+07   1.2972260E+07   5.8610803E+06   0.0000000E+00   0.0000000E+00   0.0000000E+00   0.0000000E+00
   1.0653694E-02   1.2765721E+07   1.2765721E+07   -4.5119669E+03   -6.9136946E+03   -2.1597428E+05   1.2738469E+07   1.2765721E+07   5.7671089E+06   0.0000000E+00   0.0000000E+00   0.0000000E+00   0.0000000E+00
   1.1448543E-02   1.2545704E+07   1.2545704E+07   -3.7355876E+03   -5.8846877E+03   -1.8270346E+05   1.2518087E+07   1.2545704E+07   5.6671131E+06   0.0000000E+00   0.0000000E+00   0.0000000E+00   0.0000000E+00
   1.2302694E-02   1.2311665E+07   1.2311665E+07   -3.0393249E+03   -5.0012091E+03   -1.5426508E+05   1.2283762E+07   1.2311665E+07   5.5608419E+06   0.0000000E+00   0.0000000E+00   0.0000000E+00   0.0000000E+00
   1.3220571E-02   1.2063058E+07   1.2063058E+07   -2.6689861E+03   -4.2434364E+03   -1.2998855E+05   1.2034959E+07   1.2063058E+07   5.4480487E+06   0.0000000E+00   0.0000000E+00   0.0000000E+00   0.0000000E+00
   1.4206929E-02   1.1799351E+07   1.1799351E+07   -2.5214246E+03   -3.5941486E+03   -1.0928671E+05   1.1771145E+07   1.1799351E+07   5.3284881E+06   0.0000000E+00   0.0000000E+00   0.0000000E+00   0.0000000E+00
   1.5266877E-02   1.1520053E+07   1.1520053E+07   -1.9694487E+03   -3.0384481E+03   -9.1667158E+04   1.1491836E+07   1.1520053E+07   5.2019372E+06   0.0000000E+00   0.0000000E+00   0.0000000E+00   0.0000000E+00
   1.6405906E-02   1.1224731E+07   1.1224731E+07   -1.8025984E+03   -2.5633951E+03   -7.6703423E+04   1.1196600E+07   1.1224731E+07   5.0681977E+06   0.0000000E+00   0.0000000E+00   0.0000000E+00   0.0000000E+00
   1.7629915E-02   1.0913048E+07   1.0913048E+07   -1.4436956E+03   -2.1578238E+03   -6.4008992E+04   1.0885106E+07   1.0913048E+07   4.9271163E+06   0.0000000E+00   0.0000000E+00   0.0000000E+00   0.0000000E+00
   1.8945244E-02   1.0584815E+07   1.0584815E+07   -1.2461979E+03   -1.8120624E+03   -5.3262726E+04   1.0557164E+07   1.0584815E+07   4.7786055E+06   0.0000000E+00   0.0000000E+00   0.0000000E+00   0.0000000E+00
   2.0358708E-02   1.0240044E+07   1.0240044E+07   -1.0553198E+03   -1.5177657E+03   -4.4188006E+04   1.0212787E+07   1.0240044E+07   4.6226691E+06   0.0000000E+00   0.0000000E+00   0.0000000E+00   0.0000000E+00
   2.1877626E-02   9.8790276E+06   9.8790276E+06   -8.8411618E+02   -1.2677223E+03   -3.6542415E+04   9.8522678E+06   9.8790276E+06   4.4594370E+06   0.0000000E+00   0.0000000E+00   0.0000000E+00   0.0000000E+00
   2.3509865E-02   9.5024249E+06   9.5024249E+06   -7.5897661E+02   -1.0557181E+03   -3.0116684E+04   9.4762632E+06   9.5024249E+06   4.2892057E+06   0.0000000E+00   0.0000000E+00   0.0000000E+00   0.0000000E+00
   2.5263866E-02   9.1113674E+06   9.1113674E+06   -6.3627861E+02   -8.7639448E+02   -2.4729403E+04   9.0859007E+06   9.1113674E+06   4.1124841E+06   0.0000000E+00   0.0000000E+00   0.0000000E+00   0.0000000E+00
   2.7148649E-02   8.7075772E+06   8.7075772E+06   -5.2036255E+02   -7.2513230E+02   -2.0235673E+04   8.6828956E+06   8.7075772E+06   3.9300473E+06   0.0000000E+00   0.0000000E+00   0.0000000E+00   0.0000000E+00
   2.9173724E-02   8.2935002E+06   8.2935002E+06   -4.1430602E+02   -5.9795953E+02   -1.6492557E+04   8.2696856E+06   8.2935002E+06   3.7429977E+06   0.0000000E+00   0.0000000E+00   0.0000000E+00   0.0000000E+00
   3.1348708E-02   7.8724688E+06   7.8724688E+06   -3.4476421E+02   -4.9146433E+02   -1.3393442E+04   7.8495911E+06   7.8724688E+06   3.5528372E+06   0.0000000E+00   0.0000000E+00   0.0000000E+00   0.0000000E+00
   3.3682281E-02   7.4489081E+06   7.4489081E+06   -2.8114310E+02   -4.0273091E+02   -1.0842176E+04   7.4270215E+06   7.4489081E+06   3.3615609E+06   0.0000000E+00   0.0000000E+00   0.0000000E+00   0.0000000E+00
   3.6179883E-02   7.0285744E+06   7.0285744E+06   -2.5234063E+02   -3.2928103E+02   -8.7541524E+03   7.0077131E+06   7.0285744E+06   3.1717643E+06   0.0000000E+00   0.0000000E+00   0.0000000E+00   0.0000000E+00
   3.8839657E-02   6.6187161E+06   6.6187161E+06   -1.8997088E+02   -2.6901059E+02   -7.0608583E+03   6.5988895E+06   6.6187161E+06   2.9867164E+06   0.0000000E+00   0.0000000E+00   0.0000000E+00   0.0000000E+00
   4.1647230E-02   6.2278434E+06   6.2278434E+06   -1.6065389E+02   -2.2010497E+02   -5.7028317E+03   6.2090317E+06   6.2278434E+06   2.8102551E+06   0.0000000E+00   0.0000000E+00   0.0000000E+00   0.0000000E+00
   4.4572250E-02   5.8646782E+06   5.8646782E+06   -1.3429663E+02   -1.8092709E+02   -4.6285715E+03   5.8468312E+06   5.8646782E+06   2.6463139E+06   0.0000000E+00   0.0000000E+00   0.0000000E+00   0.0000000E+00
   4.7571364E-02   5.5362239E+06   5.5362239E+06   -1.1073691E+02   -1.4991399E+02   -3.7881235E+03   5.5192654E+06   5.5362239E+06   2.4980504E+06   0.0000000E+00   0.0000000E+00   0.0000000E+00   0.0000000E+00
   5.0598994E-02   5.2458400E+06   5.2458400E+06   -9.2175173E+01   -1.2554221E+02   -3.1350024E+03   5.2296785E+06   5.2458400E+06   2.3669777E+06   0.0000000E+00   0.0000000E+00   0.0000000E+00   0.0000000E+00
   5.3619792E-02   4.9926359E+06   4.9926359E+06   -7.8338025E+01   -1.0638589E+02   -2.6269873E+03   4.9771776E+06   4.9926359E+06   2.2526914E+06   0.0000000E+00   0.0000000E+00   0.0000000E+00   0.0000000E+00
   5.6614686E-02   4.7724712E+06   4.7724712E+06   -6.7807944E+01   -9.1209811E+01   -2.2284708E+03   4.7576303E+06   4.7724712E+06   2.1533207E+06   0.0000000E+00   0.0000000E+00   0.0000000E+00   0.0000000E+00
   5.9579194E-02   4.5796033E+06   4.5796033E+06   -5.9404600E+01   -7.9022831E+01   -1.9114657E+03   4.5653079E+06   4.5796033E+06   2.0662728E+06   0.0000000E+00   0.0000000E+00   0.0000000E+00   0.0000000E+00
   6.2518316E-02   4.4080152E+06   4.4080152E+06   -5.2317786E+01   -6.9072417E+01   -1.6550168E+03   4.3942092E+06   4.4080152E+06   1.9888313E+06   0.0000000E+00   0.0000000E+00   0.0000000E+00   0.0000000E+00
   6.5441816E-02   4.2521482E+06   4.2521482E+06   -4.6110810E+01   -6.0805027E+01   -1.4438601E+03   4.2387907E+06   4.2521482E+06   1.9184870E+06   0.0000000E+00   0.0000000E+00   0.0000000E+00   0.0000000E+00
   6.8361173E-02   4.1071985E+06   4.1071985E+06   -4.0601884E+01   -5.3819164E+01   -1.2670111E+03   4.0942617E+06   4.1071985E+06   1.8530716E+06   0.0000000E+00   0.0000000E+00   0.0000000E+00   0.0000000E+00
   7.1287963E-02   3.9691931E+06   3.9691931E+06   -3.5758732E+01   -4.7824559E+01   -1.1165944E+03   3.9566607E+06   3.9691931E+06   1.7907921E+06   0.0000000E+00   0.0000000E+00   0.0000000E+00   0.0000000E+00
   7.4233144E-02   3.8349831E+06   3.8349831E+06   -3.1619866E+01   -4.2610996E+01   -9.8693687E+02   3.8228477E+06   3.8349831E+06   1.7302272E+06   0.0000000E+00   0.0000000E+00   0.0000000E+00   0.0000000E+00
   7.7206822E-02   3.7022167E+06   3.7022167E+06   -2.8219979E+01   -3.8025833E+01   -8.7393690E+02   3.6904778E+06   3.7022167E+06   1.6703156E+06   0.0000000E+00   0.0000000E+00   0.0000000E+00   0.0000000E+00
   8.0218243E-02   3.5693132E+06   3.5693132E+06   -2.5617589E+01   -3.3958004E+01   -7.7460386E+02   3.5579745E+06   3.5693132E+06   1.6103438E+06   0.0000000E+00   0.0000000E+00   0.0000000E+00   0.0000000E+00
   8.3275881E-02   3.4354363E+06   3.4354363E+06   -2.3717210E+01   -3.0326606E+01   -6.8665028E+02   3.4245041E+06   3.4354363E+06   1.5499343E+06   0.0000000E+00   0.0000000E+00   0.0000000E+00   0.0000000E+00
   8.6387555E-02   3.3004607E+06   3.3004607E+06   -2.1546254E+01   -2.7072614E+01   -6.0833390E+02   3.2899412E+06   3.3004607E+06   1.4890305E+06   0.0000000E+00   0.0000000E+00   0.0000000E+00   0.0000000E+00
   8.9560552E-02   3.1649189E+06   3.1649189E+06   -1.8173910E+01   -2.4152689E+01   -5.3876885E+02   3.1548164E+06   3.1649189E+06   1.4278724E+06   0.0000000E+00   0.0000000E+00   0.0000000E+00   0.0000000E+00
   9.2801728E-02   3.0299189E+06   3.0299189E+06   -1.6204245E+01   -2.1534486E+01   -4.7725685E+02   3.0202338E+06   3.0299189E+06   1.3669598E+06   0.0000000E+00   0.0000000E+00   0.0000000E+00   0.0000000E+00
   9.6117609E-02   2.8970252E+06   2.8970252E+06   -1.4824009E+01   -1.9192976E+01   -4.2234332E+02   2.8877529E+06   2.8970252E+06   1.3069985E+06   0.0000000E+00   0.0000000E+00   0.0000000E+00   0.0000000E+00
   9.9514463E-02   2.7680990E+06   2.7680990E+06   -1.3099668E+01   -1.7107492E+01   -3.7394088E+02   2.7592284E+06   2.7680990E+06   1.2488280E+06   0.0000000E+00   0.0000000E+00   0.0000000E+00   0.0000000E+00
   1.0299837E-01   2.6450988E+06   2.6450988E+06   -1.1730865E+01   -1.5259515E+01   -3.3137174E+02   2.6366126E+06   2.6450988E+06   1.1933318E+06   0.0000000E+00   0.0000000E+00   0.0000000E+00   0.0000000E+00
   1.0657526E-01   2.5298525E+06   2.5298525E+06   -1.0298558E+01   -1.3630931E+01   -2.9407100E+02   2.5217273E+06   2.5298525E+06   1.1413344E+06   0.0000000E+00   0.0000000E+00   0.0000000E+00   0.0000000E+00
   1.1025100E-01   2.4238165E+06   2.4238165E+06   -9.1473137E+00   -1.2202894E+01   -2.6155403E+02   2.4160239E+06   2.4238165E+06   1.0934928E+06   0.0000000E+00   0.0000000E+00   0.0000000E+00   0.0000000E+00
   1.1403136E-01   2.3278470E+06   2.3278470E+06   -8.2629628E+00   -1.0955201E+01   -2.3334243E+02   2.3203557E+06   2.3278470E+06   1.0501932E+06   0.0000000E+00   0.0000000E+00   0.0000000E+00   0.0000000E+00
   1.1792212E-01   2.2420173E+06   2.2420173E+06   -7.7604380E+00   -9.8662225E+00   -2.0881330E+02   2.2347957E+06   2.2420173E+06   1.0114685E+06   0.0000000E+00   0.0000000E+00   0.0000000E+00   0.0000000E+00
   1.2192901E-01   2.1655147E+06   2.1655147E+06   -6.7827969E+00   -8.9133030E+00   -1.8735525E+02   2.1585335E+06   2.1655147E+06   9.7695211E+05   0.0000000E+00   0.0000000E+00   0.0000000E+00   0.0000000E+00
   1.2605782E-01   2.0966504E+06   2.0966504E+06   -6.3407062E+00   -8.0736181E+00   -1.6876528E+02   2.0898857E+06   2.0966504E+06   9.4588199E+05   0.0000000E+00   0.0000000E+00   0.0000000E+00   0.0000000E+00
   1.3031433E-01   2.0330075E+06   2.0330075E+06   -5.5059295E+00   -7.3253317E+00   -1.5217623E+02   2.0264431E+06   2.0330075E+06   9.1716776E+05   0.0000000E+00   0.0000000E+00   0.0000000E+00   0.0000000E+00
   1.3470437E-01   1.9717314E+06   1.9717314E+06   -5.0192426E+00   -6.6488767E+00   -1.3726043E+02   1.9653603E+06   1.9717314E+06   8.8952157E+05   0.0000000E+00   0.0000000E+00   0.0000000E+00   0.0000000E+00
   1.3923383E-01   1.9099430E+06   1.9099430E+06   -4.6430059E+00   -6.0281760E+00   -1.2370211E+02   1.9037673E+06   1.9099430E+06   8.6164449E+05   0.0000000E+00   0.0000000E+00   0.0000000E+00   0.0000000E+00
   1.4390866E-01   1.8452222E+06   1.8452222E+06   -4.1728944E+00   -5.4515602E+00   -1.1117959E+02   1.8392519E+06   1.8452222E+06   8.3244475E+05   0.0000000E+00   0.0000000E+00   0.0000000E+00   0.0000000E+00
   1.4873485E-01   1.7760803E+06   1.7760803E+06   -3.8308663E+00   -4.9121719E+00   -9.9633422E+01   1.7703302E+06   1.7760803E+06   8.0125071E+05   0.0000000E+00   0.0000000E+00   0.0000000E+00   0.0000000E+00
   1.5371847E-01   1.7023156E+06   1.7023156E+06   -3.3186919E+00   -4.4077236E+00   -8.8872693E+01   1.6968011E+06   1.7023156E+06   7.6797139E+05   0.0000000E+00   0.0000000E+00   0.0000000E+00   0.0000000E+00
   1.5886568E-01   1.6251467E+06   1.6251467E+06   -2.9617004E+00   -3.9395667E+00   -7.8964239E+01   1.6198793E+06   1.6251467E+06   7.3315656E+05   0.0000000E+00   0.0000000E+00   0.0000000E+00   0.0000000E+00
   1.6418271E-01   1.5470429E+06   1.5470429E+06   -2.6740439E+00   -3.5111816E+00   -7.0000502E+01   1.5420259E+06   1.5470429E+06   6.9792011E+05   0.0000000E+00   0.0000000E+00   0.0000000E+00   0.0000000E+00
   1.6967586E-01   1.4712285E+06   1.4712285E+06   -2.4630238E+00   -3.1263392E+00   -6.1949415E+01   1.4664551E+06   1.4712285E+06   6.6371675E+05   0.0000000E+00   0.0000000E+00   0.0000000E+00   0.0000000E+00
   1.7535155E-01   1.4009277E+06   1.4009277E+06   -2.1394454E+00   -2.7873008E+00   -5.4942418E+01   1.3963803E+06   1.4009277E+06   6.3200086E+05   0.0000000E+00   0.0000000E+00   0.0000000E+00   0.0000000E+00
   1.8121629E-01   1.3385060E+06   1.3385060E+06   -1.9299974E+00   -2.4934800E+00   -4.8871641E+01   1.3341592E+06   1.3385060E+06   6.0383963E+05   0.0000000E+00   0.0000000E+00   0.0000000E+00   0.0000000E+00
   1.8727672E-01   1.2847463E+06   1.2847463E+06   -1.7463525E+00   -2.2409086E+00   -4.3668132E+01   1.2805723E+06   1.2847463E+06   5.7958619E+05   0.0000000E+00   0.0000000E+00   0.0000000E+00   0.0000000E+00
   1.9353958E-01   1.2385107E+06   1.2385107E+06   -1.5400169E+00   -2.0226935E+00   -3.9224175E+01   1.2344854E+06   1.2385107E+06   5.5872723E+05   0.0000000E+00   0.0000000E+00   0.0000000E+00   0.0000000E+00
   2.0001178E-01   1.1969744E+06   1.1969744E+06   -1.3940987E+00   -1.8303739E+00   -3.5283836E+01   1.1930826E+06   1.1969744E+06   5.3998832E+05   0.0000000E+00   0.0000000E+00   0.0000000E+00   0.0000000E+00
   2.0670039E-01   1.1564530E+06   1.1564530E+06   -1.2619239E+00   -1.6557991E+00   -3.1752911E+01   1.1526916E+06   1.1564530E+06   5.2170736E+05   0.0000000E+00   0.0000000E+00   0.0000000E+00   0.0000000E+00
   2.1361267E-01   1.1136254E+06   1.1136254E+06   -1.1497389E+00   -1.4929415E+00   -2.8492690E+01   1.1100021E+06   1.1136254E+06   5.0238610E+05   0.0000000E+00   0.0000000E+00   0.0000000E+00   0.0000000E+00
   2.2075610E-01   1.0667445E+06   1.0667445E+06   -1.0361483E+00   -1.3390201E+00   -2.5418084E+01   1.0632727E+06   1.0667445E+06   4.8123637E+05   0.0000000E+00   0.0000000E+00   0.0000000E+00   0.0000000E+00
   2.2813843E-01   1.0163403E+06   1.0163403E+06   -9.1969878E-01   -1.1945050E+00   -2.2563736E+01   1.0130315E+06   1.0163403E+06   4.5849726E+05   0.0000000E+00   0.0000000E+00   0.0000000E+00   0.0000000E+00
   2.3576770E-01   9.6503490E+05   9.6503490E+05   -8.3417923E-01   -1.0619732E+00   -1.9958853E+01   9.6189225E+05   9.6503490E+05   4.3535164E+05   0.0000000E+00   0.0000000E+00   0.0000000E+00   0.0000000E+00
   2.4365228E-01   9.1642214E+05   9.1642214E+05   -7.2255979E-01   -9.4425188E-01   -1.7661148E+01   9.1343700E+05   9.1642214E+05   4.1342082E+05   0.0000000E+00   0.0000000E+00   0.0000000E+00   0.0000000E+00
   2.5180098E-01   8.7341595E+05   8.7341595E+05   -6.4692530E-01   -8.4262622E-01   -1.5682310E+01   8.7057018E+05   8.7341595E+05   3.9401932E+05   0.0000000E+00   0.0000000E+00   0.0000000E+00   0.0000000E+00
   2.6022304E-01   8.3682509E+05   8.3682509E+05   -5.8590623E-01   -7.5590785E-01   -1.3997707E+01   8.3409789E+05   8.3682509E+05   3.7751198E+05   0.0000000E+00   0.0000000E+00   0.0000000E+00   0.0000000E+00
   2.6892827E-01   8.0493504E+05   8.0493504E+05   -5.3122114E-01   -6.8078733E-01   -1.2547266E+01   8.0231118E+05   8.0493504E+05   3.6312533E+05   0.0000000E+00   0.0000000E+00   0.0000000E+00   0.0000000E+00
   2.7792710E-01   7.7444380E+05   7.7444380E+05   -4.7679153E-01   -6.1326695E-01   -1.1250045E+01   7.7191879E+05   7.7444380E+05   3.4936975E+05   0.0000000E+00   0.0000000E+00   0.0000000E+00   0.0000000E+00
   2.8723067E-01   7.4234610E+05   7.4234610E+05   -4.2752621E-01   -5.5038088E-01   -1.0049846E+01   7.3992527E+05   7.4234610E+05   3.3488950E+05   0.0000000E+00   0.0000000E+00   0.0000000E+00   0.0000000E+00
   2.9685098E-01   7.0769529E+05   7.0769529E+05   -3.8121826E-01   -4.9122878E-01   -8.9281438E+00   7.0538701E+05   7.0769529E+05   3.1925751E+05   0.0000000E+00   0.0000000E+00   0.0000000E+00   0.0000000E+00
   3.0680096E-01   6.7208780E+05   6.7208780E+05   -3.3718258E-01   -4.3673965E-01   -7.9020303E+00   6.6989527E+05   6.7208780E+05   3.0319398E+05   0.0000000E+00   0.0000000E+00   0.0000000E+00   0.0000000E+00
   3.1709470E-01   6.3843892E+05   6.3843892E+05   -2.9943088E-01   -3.8837183E-01   -6.9951548E+00   6.3635582E+05   6.3843892E+05   2.8801404E+05   0.0000000E+00   0.0000000E+00   0.0000000E+00   0.0000000E+00
   3.2774753E-01   6.0881516E+05   6.0881516E+05   -2.6988572E-01   -3.4666527E-01   -6.2196694E+00   6.0682840E+05   6.0881516E+05   2.7464995E+05   0.0000000E+00   0.0000000E+00   0.0000000E+00   0.0000000E+00
   3.3877629E-01   5.8291587E+05   5.8291587E+05   -2.4107091E-01   -3.1065758E-01   -5.5475225E+00   5.8101334E+05   5.8291587E+05   2.6296608E+05   0.0000000E+00   0.0000000E+00   0.0000000E+00   0.0000000E+00
   3.5019953E-01   5.5845549E+05   5.5845549E+05   -2.1544793E-01   -2.7852111E-01   -4.9533723E+00   5.5663254E+05   5.5845549E+05   2.5193135E+05   0.0000000E+00   0.0000000E+00   0.0000000E+00   0.0000000E+00
   3.6203777E-01   5.3320121E+05   5.3320121E+05   -1.9228541E-01   -2.4881800E-01   -4.4072286E+00   5.3146046E+05   5.3320121E+05   2.4053848E+05   0.0000000E+00   0.0000000E+00   0.0000000E+00   0.0000000E+00
   3.7431385E-01   5.0689670E+05   5.0689670E+05   -1.7239607E-01   -2.2128053E-01   -3.9029213E+00   5.0524162E+05   5.0689670E+05   2.2867186E+05   0.0000000E+00   0.0000000E+00   0.0000000E+00   0.0000000E+00
   3.8705332E-01   4.8125167E+05   4.8125167E+05   -1.5248317E-01   -1.9648231E-01   -3.4522330E+00   4.7968014E+05   4.8125167E+05   2.1710275E+05   0.0000000E+00   0.0000000E+00   0.0000000E+00   0.0000000E+00
   4.0028486E-01   4.5798284E+05   4.5798284E+05   -1.3544765E-01   -1.7482422E-01   -3.0576884E+00   4.5648712E+05   4.5798284E+05   2.0660562E+05   0.0000000E+00   0.0000000E+00   0.0000000E+00   0.0000000E+00
   4.1404088E-01   4.3697133E+05   4.3697133E+05   -1.2147331E-01   -1.5590353E-01   -2.7165545E+00   4.3554408E+05   4.3697133E+05   1.9712681E+05   0.0000000E+00   0.0000000E+00   0.0000000E+00   0.0000000E+00
   4.2835816E-01   4.1659829E+05   4.1659829E+05   -1.0795913E-01   -1.3886464E-01   -2.4115763E+00   4.1523744E+05   4.1659829E+05   1.8793605E+05   0.0000000E+00   0.0000000E+00   0.0000000E+00   0.0000000E+00
   4.4327869E-01   3.9582274E+05   3.9582274E+05   -9.5959490E-02   -1.2320642E-01   -2.1314459E+00   3.9452964E+05   3.9582274E+05   1.7856371E+05   0.0000000E+00   0.0000000E+00   0.0000000E+00   0.0000000E+00
   4.5885072E-01   3.7533722E+05   3.7533722E+05   -8.4868389E-02   -1.0903422E-01   -1.8791214E+00   3.7411093E+05   3.7533722E+05   1.6932223E+05   0.0000000E+00   0.0000000E+00   0.0000000E+00   0.0000000E+00
   4.7513000E-01   3.5629314E+05   3.5629314E+05   -7.5126008E-02   -9.6530631E-02   -1.6571885E+00   3.5512897E+05   3.5629314E+05   1.6073101E+05   0.0000000E+00   0.0000000E+00   0.0000000E+00   0.0000000E+00
   4.9218137E-01   3.3853263E+05   3.3853263E+05   -6.6541983E-02   -8.5473574E-02   -1.4622431E+00   3.3742640E+05   3.3853263E+05   1.5271884E+05   0.0000000E+00   0.0000000E+00   0.0000000E+00   0.0000000E+00
   5.1008082E-01   3.2103162E+05   3.2103162E+05   -5.8728202E-02   -7.5465782E-02   -1.2866011E+00   3.1998250E+05   3.2103162E+05   1.4482375E+05   0.0000000E+00   0.0000000E+00   0.0000000E+00   0.0000000E+00
   5.2891800E-01   3.0366339E+05   3.0366339E+05   -5.1694436E-02   -6.6388730E-02   -1.1273516E+00   3.0267096E+05   3.0366339E+05   1.3698856E+05   0.0000000E+00   0.0000000E+00   0.0000000E+00   0.0000000E+00
   5.4879952E-01   2.8712923E+05   2.8712923E+05   -4.5384686E-02   -5.8307896E-02   -9.8632714E-01   2.8619077E+05   2.8712923E+05   1.2952964E+05   0.0000000E+00   0.0000000E+00   0.0000000E+00   0.0000000E+00
   5.6985318E-01   2.7139629E+05   2.7139629E+05   -3.9810635E-02   -5.1115697E-02   -8.6154484E-01   2.7050919E+05   2.7139629E+05   1.2243218E+05   0.0000000E+00   0.0000000E+00   0.0000000E+00   0.0000000E+00
   5.9223336E-01   2.5589585E+05   2.5589585E+05   -3.4741907E-02   -4.4622373E-02   -7.5000809E-01   2.5505936E+05   2.5589585E+05   1.1543960E+05   0.0000000E+00   0.0000000E+00   0.0000000E+00   0.0000000E+00
   6.1612807E-01   2.4077640E+05   2.4077640E+05   -3.0210652E-02   -3.8792330E-02   -6.4951298E-01   2.3998929E+05   2.4077640E+05   1.0861890E+05   0.0000000E+00   0.0000000E+00   0.0000000E+00   0.0000000E+00
   6.4176787E-01   2.2623721E+05   2.2623721E+05   -2.6167887E-02   -3.3595498E-02   -5.6044888E-01   2.2549759E+05   2.2623721E+05   1.0205997E+05   0.0000000E+00   0.0000000E+00   0.0000000E+00   0.0000000E+00
   6.6943729E-01   2.1196210E+05   2.1196210E+05   -2.2536015E-02   -2.8927465E-02   -4.8088826E-01   2.1126911E+05   2.1196210E+05   9.5620176E+04   0.0000000E+00   0.0000000E+00   0.0000000E+00   0.0000000E+00
   6.9948863E-01   1.9800833E+05   1.9800833E+05   -1.9286246E-02   -2.4751017E-02   -4.0999225E-01   1.9736093E+05   1.9800833E+05   8.9325345E+04   0.0000000E+00   0.0000000E+00   0.0000000E+00   0.0000000E+00
   7.3235796E-01   1.8438050E+05   1.8438050E+05   -1.6384569E-02   -2.1025105E-02   -3.4695463E-01   1.8377762E+05   1.8438050E+05   8.3177557E+04   0.0000000E+00   0.0000000E+00   0.0000000E+00   0.0000000E+00
   7.6858096E-01   1.7097281E+05   1.7097281E+05   -1.3797533E-02   -1.7701776E-02   -2.9098791E-01   1.7041375E+05   1.7097281E+05   7.7129080E+04   0.0000000E+00   0.0000000E+00   0.0000000E+00   0.0000000E+00
   8.0880347E-01   1.5782969E+05   1.5782969E+05   -1.1502472E-02   -1.4756073E-02   -2.4166088E-01   1.5731358E+05   1.5782969E+05   7.1199958E+04   0.0000000E+00   0.0000000E+00   0.0000000E+00   0.0000000E+00
   8.5377560E-01   1.4492181E+05   1.4492181E+05   -9.4805673E-03   -1.2159439E-02   -1.9839926E-01   1.4444789E+05   1.4492181E+05   6.5376960E+04   0.0000000E+00   0.0000000E+00   0.0000000E+00   0.0000000E+00
   9.0431242E-01   1.3230503E+05   1.3230503E+05   -7.7134311E-03   -9.8947698E-03   -1.6077007E-01   1.3187234E+05   1.3230503E+05   5.9685281E+04   0.0000000E+00   0.0000000E+00   0.0000000E+00   0.0000000E+00
   9.6120449E-01   1.2006222E+05   1.2006222E+05   -6.1976304E-03   -7.9476784E-03   -1.2861117E-01   1.1966955E+05   1.2006222E+05   5.4162311E+04   0.0000000E+00   0.0000000E+00   0.0000000E+00   0.0000000E+00
   1.0250848E+00   1.0832121E+05   1.0832121E+05   -4.9168818E-03   -6.3046152E-03   -1.0159658E-01   1.0796693E+05   1.0832121E+05   4.8865716E+04   0.0000000E+00   0.0000000E+00   0.0000000E+00   0.0000000E+00
   1.0963111E+00   9.7233583E+04   9.7233583E+04   -3.8594352E-03   -4.9478053E-03   -7.9401513E-02   9.6915559E+04   9.7233583E+04   4.3863877E+04   0.0000000E+00   0.0000000E+00   0.0000000E+00   0.0000000E+00
   1.1749566E+00   8.6936919E+04   8.6936919E+04   -3.0077779E-03   -3.8514453E-03   -6.1579902E-02   8.6652564E+04   8.6936919E+04   3.9218857E+04   0.0000000E+00   0.0000000E+00   0.0000000E+00   0.0000000E+00
   1.2609439E+00   7.7518042E+04   7.7518042E+04   -2.3258291E-03   -2.9817668E-03   -4.7492582E-02   7.7264486E+04   7.7518042E+04   3.4969823E+04   0.0000000E+00   0.0000000E+00   0.0000000E+00   0.0000000E+00
   1.3542324E+00   6.8997048E+04   6.8997048E+04   -1.7950540E-03   -2.3009429E-03   -3.6511686E-02   6.8771358E+04   6.8997048E+04   3.1125842E+04   0.0000000E+00   0.0000000E+00   0.0000000E+00   0.0000000E+00
   1.4549409E+00   6.1343094E+04   6.1343094E+04   -1.3828818E-03   -1.7722953E-03   -2.8030327E-02   6.1142436E+04   6.1343094E+04   2.7673000E+04   0.0000000E+00   0.0000000E+00   0.0000000E+00   0.0000000E+00
   1.5633704E+00   5.4496000E+04   5.4496000E+04   -1.0641829E-03   -1.3636449E-03   -2.1497257E-02   5.4317736E+04   5.4496000E+04   2.4584148E+04   0.0000000E+00   0.0000000E+00   0.0000000E+00   0.0000000E+00
   1.6799713E+00   4.8383512E+04   4.8383512E+04   -8.1808413E-04   -1.0484637E-03   -1.6481860E-02   4.8225240E+04   4.8383512E+04   2.1826691E+04   0.0000000E+00   0.0000000E+00   0.0000000E+00   0.0000000E+00
   1.8052994E+00   4.2934018E+04   4.2934018E+04   -6.2883314E-04   -8.0567920E-04   -1.2625704E-02   4.2793571E+04   4.2934018E+04   1.9368324E+04   0.0000000E+00   0.0000000E+00   0.0000000E+00   0.0000000E+00
   1.9399862E+00   3.8079362E+04   3.8079362E+04   -4.8303310E-04   -6.1880065E-04   -9.6736790E-03   3.7954794E+04   3.8079362E+04   1.7178299E+04   0.0000000E+00   0.0000000E+00   0.0000000E+00   0.0000000E+00
   2.0847238E+00   3.3757750E+04   3.3757750E+04   -3.7084831E-04   -4.7504426E-04   -7.4058639E-03   3.3647318E+04   3.3757750E+04   1.5228739E+04   0.0000000E+00   0.0000000E+00   0.0000000E+00   0.0000000E+00
   2.2402605E+00   2.9912943E+04   2.9912943E+04   -2.8456599E-04   -3.6451800E-04   -5.6679501E-03   2.9815087E+04   2.9912943E+04   1.3494276E+04   0.0000000E+00   0.0000000E+00   0.0000000E+00   0.0000000E+00
   2.4074014E+00   2.6494325E+04   2.6494325E+04   -2.1825347E-04   -2.7958368E-04   -4.3395473E-03   2.6407652E+04   2.6494325E+04   1.1952075E+04   0.0000000E+00   0.0000000E+00   0.0000000E+00   0.0000000E+00
   2.5870124E+00   2.3456403E+04   2.3456403E+04   -1.6733382E-04   -2.1434801E-04   -3.3181000E-03   2.3379668E+04   2.3456403E+04   1.0581612E+04   0.0000000E+00   0.0000000E+00   0.0000000E+00   0.0000000E+00
   2.7800238E+00   2.0758228E+04   2.0758228E+04   -1.2824577E-04   -1.6426583E-04   -2.5389270E-03   2.0690319E+04   2.0758228E+04   9.3644159E+03   0.0000000E+00   0.0000000E+00   0.0000000E+00   0.0000000E+00
   2.9874353E+00   1.8363054E+04   1.8363054E+04   -9.8250225E-05   -1.2583477E-04   -1.9421892E-03   1.8302980E+04   1.8363054E+04   8.2839090E+03   0.0000000E+00   0.0000000E+00   0.0000000E+00   0.0000000E+00
   3.2103214E+00   1.6237933E+04   1.6237933E+04   -7.5239608E-05   -9.6357422E-05   -1.4842424E-03   1.6184812E+04   1.6237933E+04   7.3252282E+03   0.0000000E+00   0.0000000E+00   0.0000000E+00   0.0000000E+00
   3.4498365E+00   1.4353341E+04   1.4353341E+04   -5.7648315E-05   -7.3757448E-05   -1.1339449E-03   1.4306385E+04   1.4353341E+04   6.4750540E+03   0.0000000E+00   0.0000000E+00   0.0000000E+00   0.0000000E+00
   3.7072213E+00   1.2682841E+04   1.2682841E+04   -4.4063837E-05   -5.6437493E-05   -8.6632078E-04   1.2641350E+04   1.2682841E+04   5.7214612E+03   0.0000000E+00   0.0000000E+00   0.0000000E+00   0.0000000E+00
   3.9838090E+00   1.1202790E+04   1.1202790E+04   -3.3708251E-05   -4.3169333E-05   -6.6200139E-04   1.1166140E+04   1.1202790E+04   5.0537829E+03   0.0000000E+00   0.0000000E+00   0.0000000E+00   0.0000000E+00
   4.2810324E+00   9.8920533E+03   9.8920533E+03   -2.5772293E-05   -3.3009071E-05   -5.0539436E-04   9.8596916E+03   9.8920533E+03   4.4624856E+03   0.0000000E+00   0.0000000E+00   0.0000000E+00   0.0000000E+00
   4.6004309E+00   8.7317586E+03   8.7317586E+03   -1.9716811E-05   -2.5231667E-05   -3.8607314E-04   8.7031927E+03   8.7317586E+03   3.9390555E+03   0.0000000E+00   0.0000000E+00   0.0000000E+00   0.0000000E+00
   4.9436591E+00   7.7050635E+03   7.7050635E+03   -1.5055535E-05   -1.9280462E-05   -2.9425530E-04   7.6798564E+03   7.7050635E+03   3.4758946E+03   0.0000000E+00   0.0000000E+00   0.0000000E+00   0.0000000E+00
   5.3124947E+00   6.7969488E+03   6.7969488E+03   -1.1500843E-05   -1.4728270E-05   -2.2475262E-04   6.7747125E+03   6.7969488E+03   3.0662275E+03   0.0000000E+00   0.0000000E+00   0.0000000E+00   0.0000000E+00
   5.7088484E+00   5.9940303E+03   5.9940303E+03   -8.7845689E-06   -1.1247413E-05   -1.7143971E-04   5.9744207E+03   5.9940303E+03   2.7040163E+03   0.0000000E+00   0.0000000E+00   0.0000000E+00   0.0000000E+00
   6.1347732E+00   5.2843888E+03   5.2843888E+03   -6.7046439E-06   -8.5866519E-06   -1.3093682E-04   5.2671009E+03   5.2843888E+03   2.3838841E+03   0.0000000E+00   0.0000000E+00   0.0000000E+00   0.0000000E+00
   6.5924753E+00   4.6574166E+03   4.6574166E+03   -5.1178486E-06   -6.5534327E-06   -9.9755987E-05   4.6421798E+03   4.6574166E+03   2.1010455E+03   0.0000000E+00   0.0000000E+00   0.0000000E+00   0.0000000E+00
   7.0843256E+00   4.1036786E+03   4.1036786E+03   -3.9059976E-06   -5.0002412E-06   -7.6057930E-05   4.0902533E+03   4.1036786E+03   1.8512442E+03   0.0000000E+00   0.0000000E+00   0.0000000E+00   0.0000000E+00
   7.6128717E+00   3.6147881E+03   3.6147881E+03   -2.9772626E-06   -3.8141113E-06   -5.7938519E-05   3.6029622E+03   3.6147881E+03   1.6306968E+03   0.0000000E+00   0.0000000E+00   0.0000000E+00   0.0000000E+00
   8.1808516E+00   3.1832940E+03   3.1832940E+03   -2.2718147E-06   -2.9085671E-06   -4.4088914E-05   3.1728798E+03   3.1832940E+03   1.4360419E+03   0.0000000E+00   0.0000000E+00   0.0000000E+00   0.0000000E+00
   8.7912071E+00   2.8025807E+03   2.8025807E+03   -1.7316661E-06   -2.2174355E-06   -3.3678704E-05   2.7934120E+03   2.8025807E+03   1.2642952E+03   0.0000000E+00   0.0000000E+00   0.0000000E+00   0.0000000E+00
   9.4471000E+00   2.4667770E+03   2.4667770E+03   -1.3201426E-06   -1.6900978E-06   -2.5654964E-05   2.4587069E+03   2.4667770E+03   1.1128080E+03   0.0000000E+00   0.0000000E+00   0.0000000E+00   0.0000000E+00
   1.0151928E+01   2.1706751E+03   2.1706751E+03   -1.0053750E-06   -1.2878467E-06   -1.9524033E-05   2.1635737E+03   2.1706751E+03   9.7923109E+02   0.0000000E+00   0.0000000E+00   0.0000000E+00   0.0000000E+00
