#           k/h    CDM            baryon         photon         nu             mass_nu        total          no_nu          total_de       Weyl           v_CDM          v_b            v_b-v_c     
   1.0897017E-05   2.3277039E+06   2.3277039E+06   3.1033984E+06   7.7419919E+03   1.7677732E+04   2.3278811E+06   2.3277039E+06   2.3222593E+06   0.0000000E+00   0.0000000E+00   0.0000000E+00   0.0000000E+00
   1.1710019E-05   2.3277036E+06   2.3277036E+06   3.1033660E+06   7.7419418E+03   1.7677564E+04   2.3278808E+06   2.3277036E+06   2.3222590E+06   0.0000000E+00   0.0000000E+00   0.0000000E+00   0.0000000E+00
   1.2583678E-05   2.3277033E+06   2.3277033E+06   3.1033287E+06   7.7418839E+03   1.7677370E+04   2.3278805E+06   2.3277033E+06   2.3222587E+06   0.0000000E+00   0.0000000E+00   0.0000000E+00   0.0000000E+00
   1.3522519E-05   2.3277029E+06   2.3277029E+06   3.1032855E+06   7.7418171E+03   1.7677146E+04   2.3278801E+06   2.3277029E+06   2.3222583E+06   0.0000000E+00   0.0000000E+00   0.0000000E+00   0.0000000E+00
   1.4531405E-05   2.3277025E+06   2.3277025E+06   3.1032357E+06   7.7417399E+03   1.7676887E+04   2.3278796E+06   2.3277025E+06   2.3222578E+06   0.0000000E+00   0.0000000E+00   0.0000000E+00   0.0000000E+00
   1.5615562E-05   2.3277020E+06   2.3277020E+06   3.1031781E+06   7.7416508E+03   1.7676588E+04   2.3278791E+06   2.3277020E+06   2.3222573E+06   0.0000000E+00   0.0000000E+00   0.0000000E+00   0.0000000E+00
   1.6780605E-05   2.3277015E+06   2.3277015E+06   3.1031117E+06   7.7415479E+03   1.7676243E+04   2.3278785E+06   2.3277015E+06   2.3222567E+06   0.0000000E+00   0.0000000E+00   0.0000000E+00   0.0000000E+00
   1.8032569E-05   2.3277008E+06   2.3277008E+06   3.1030349E+06   7.7414291E+03   1.7675845E+04   2.3278778E+06   2.3277008E+06   2.3222560E+06   0.0000000E+00   0.0000000E+00   0.0000000E+00   0.0000000E+00
   1.9377940E-05   2.3277001E+06   2.3277001E+06   3.1029463E+06   7.7412918E+03   1.7675385E+04   2.3278770E+06   2.3277001E+06   2.3222552E+06   0.0000000E+00   0.0000000E+00   0.0000000E+00   0.0000000E+00
   2.0823686E-05   2.3276992E+06   2.3276992E+06   3.1028440E+06   7.7411334E+03   1.7674853E+04   2.3278760E+06   2.3276992E+06   2.3222542E+06   0.0000000E+00   0.0000000E+00   0.0000000E+00   0.0000000E+00
   2.2377296E-05   2.3276982E+06   2.3276982E+06   3.1027258E+06   7.7409504E+03   1.7674240E+04   2.3278749E+06   2.3276982E+06   2.3222531E+06   0.0000000E+00   0.0000000E+00   0.0000000E+00   0.0000000E+00
   2.4046818E-05   2.3276971E+06   2.3276971E+06   3.1025893E+06   7.7407391E+03   1.7673531E+04   2.3278737E+06   2.3276971E+06   2.3222519E+06   0.0000000E+00   0.0000000E+00   0.0000000E+00   0.0000000E+00
   2.5840899E-05   2.3276958E+06   2.3276958E+06   3.1024318E+06   7.7404951E+03   1.7672713E+04   2.3278722E+06   2.3276958E+06   2.3222504E+06   0.0000000E+00   0.0000000E+00   0.0000000E+00   0.0000000E+00
   2.7768832E-05   2.3276942E+06   2.3276942E+06   3.1022498E+06   7.7402133E+03   1.7671769E+04   2.3278705E+06   2.3276942E+06   2.3222487E+06   0.0000000E+00   0.0000000E+00   0.0000000E+00   0.0000000E+00
   2.9840604E-05   2.3276925E+06   2.3276925E+06   3.1020397E+06   7.7398879E+03   1.7670678E+04   2.3278686E+06   2.3276925E+06   2.3222468E+06   0.0000000E+00   0.0000000E+00   0.0000000E+00   0.0000000E+00
   3.2066947E-05   2.3276904E+06   2.3276904E+06   3.1017971E+06   7.7395122E+03   1.7669419E+04   2.3278663E+06   2.3276904E+06   2.3222446E+06   0.0000000E+00   0.0000000E+00   0.0000000E+00   0.0000000E+00
   3.4459392E-05   2.3276881E+06   2.3276881E+06   3.1015170E+06   7.7390784E+03   1.7667965E+04   2.3278637E+06   2.3276881E+06   2.3222420E+06   0.0000000E+00   0.0000000E+00   0.0000000E+00   0.0000000E+00
   3.7030332E-05   2.3276854E+06   2.3276854E+06   3.1011935E+06   7.7385775E+03   1.7666287E+04   2.3278607E+06   2.3276854E+06   2.3222390E+06   0.0000000E+00   0.0000000E+00   0.0000000E+00   0.0000000E+00
   3.9793085E-05   2.3276822E+06   2.3276822E+06   3.1008201E+06   7.7379990E+03   1.7664349E+04   2.3278573E+06   2.3276822E+06   2.3222355E+06   0.0000000E+00   0.0000000E+00   0.0000000E+00   0.0000000E+00
   4.2761961E-05   2.3276786E+06   2.3276786E+06   3.1003888E+06   7.7373311E+03   1.7662111E+04   2.3278533E+06   2.3276786E+06   2.3222315E+06   0.0000000E+00   0.0000000E+00   0.0000000E+00   0.0000000E+00
   4.5952338E-05   2.3276744E+06   2.3276744E+06   3.0998909E+06   7.7365599E+03   1.7659528E+04   2.3278487E+06   2.3276744E+06   2.3222269E+06   0.0000000E+00   0.0000000E+00   0.0000000E+00   0.0000000E+00
   4.9380742E-05   2.3276696E+06   2.3276696E+06   3.0993160E+06   7.7356695E+03   1.7656546E+04   2.3278433E+06   2.3276696E+06   2.3222216E+06   0.0000000E+00   0.0000000E+00   0.0000000E+00   0.0000000E+00
   5.3064932E-05   2.3276640E+06   2.3276640E+06   3.0986523E+06   7.7346413E+03   1.7653103E+04   2.3278372E+06   2.3276640E+06   2.3222155E+06   0.0000000E+00   0.0000000E+00   0.0000000E+00   0.0000000E+00
   5.7023991E-05   2.3276576E+06   2.3276576E+06   3.0978859E+06   7.7334542E+03   1.7649130E+04   2.3278301E+06   2.3276576E+06   2.3222084E+06   0.0000000E+00   0.0000000E+00   0.0000000E+00   0.0000000E+00
   6.1278427E-05   2.3276501E+06   2.3276501E+06   3.0970012E+06   7.7320836E+03   1.7644543E+04   2.3278219E+06   2.3276501E+06   2.3222002E+06   0.0000000E+00   0.0000000E+00   0.0000000E+00   0.0000000E+00
   6.5850278E-05   2.3276415E+06   2.3276415E+06   3.0959799E+06   7.7305012E+03   1.7639249E+04   2.3278124E+06   2.3276415E+06   2.3221908E+06   0.0000000E+00   0.0000000E+00   0.0000000E+00   0.0000000E+00
   7.0763224E-05   2.3276316E+06   2.3276316E+06   3.0948008E+06   7.7286743E+03   1.7633140E+04   2.3278015E+06   2.3276316E+06   2.3221799E+06   0.0000000E+00   0.0000000E+00   0.0000000E+00   0.0000000E+00
   7.6042714E-05   2.3276202E+06   2.3276202E+06   3.0934398E+06   7.7265652E+03   1.7626090E+04   2.3277889E+06   2.3276202E+06   2.3221673E+06   0.0000000E+00   0.0000000E+00   0.0000000E+00   0.0000000E+00
   8.1716096E-05   2.3276069E+06   2.3276069E+06   3.0918688E+06   7.7241304E+03   1.7617956E+04   2.3277743E+06   2.3276069E+06   2.3221527E+06   0.0000000E+00   0.0000000E+00   0.0000000E+00   0.0000000E+00
   8.7812757E-05   2.3275917E+06   2.3275917E+06   3.0900556E+06   7.7213198E+03   1.7608572E+04   2.3277575E+06   2.3275917E+06   2.3221360E+06   0.0000000E+00   0.0000000E+00   0.0000000E+00   0.0000000E+00
   9.4364276E-05   2.3275740E+06   2.3275740E+06   3.0879630E+06   7.7180756E+03   1.7597748E+04   2.3277380E+06   2.3275740E+06   2.3221166E+06   0.0000000E+00   0.0000000E+00   0.0000000E+00   0.0000000E+00
   1.0140459E-04   2.3275537E+06   2.3275537E+06   3.0855481E+06   7.7143312E+03   1.7585264E+04   2.3277156E+06   2.3275537E+06   2.3220942E+06   0.0000000E+00   0.0000000E+00   0.0000000E+00   0.0000000E+00
   1.0897017E-04   2.3275302E+06   2.3275302E+06   3.0827617E+06   7.7100096E+03   1.7570869E+04   2.3276897E+06   2.3275302E+06   2.3220684E+06   0.0000000E+00   0.0000000E+00   0.0000000E+00   0.0000000E+00
   1.1710019E-04   2.3275030E+06   2.3275030E+06   3.0795469E+06   7.7050224E+03   1.7554275E+04   2.3276598E+06   2.3275030E+06   2.3220385E+06   0.0000000E+00   0.0000000E+00   0.0000000E+00   0.0000000E+00
   1.2583678E-04   2.3274717E+06   2.3274717E+06   3.0758384E+06   7.6992678E+03   1.7535151E+04   2.3276253E+06   2.3274717E+06   2.3220041E+06   0.0000000E+00   0.0000000E+00   0.0000000E+00   0.0000000E+00
   1.3522519E-04   2.3274355E+06   2.3274355E+06   3.0715612E+06   7.6926283E+03   1.7513116E+04   2.3275854E+06   2.3274355E+06   2.3219643E+06   0.0000000E+00   0.0000000E+00   0.0000000E+00   0.0000000E+00
   1.4531405E-04   2.3273938E+06   2.3273938E+06   3.0666288E+06   7.6849689E+03   1.7487739E+04   2.3275394E+06   2.3273938E+06   2.3219184E+06   0.0000000E+00   0.0000000E+00   0.0000000E+00   0.0000000E+00
   1.5615562E-04   2.3273456E+06   2.3273456E+06   3.0609423E+06   7.6761344E+03   1.7458523E+04   2.3274863E+06   2.3273456E+06   2.3218655E+06   0.0000000E+00   0.0000000E+00   0.0000000E+00   0.0000000E+00
   1.6780605E-04   2.3272900E+06   2.3272900E+06   3.0543879E+06   7.6659464E+03   1.7424905E+04   2.3274250E+06   2.3272900E+06   2.3218043E+06   0.0000000E+00   0.0000000E+00   0.0000000E+00   0.0000000E+00
   1.8032569E-04   2.3272257E+06   2.3272257E+06   3.0468354E+06   7.6541999E+03   1.7386241E+04   2.3273543E+06   2.3272257E+06   2.3217338E+06   0.0000000E+00   0.0000000E+00   0.0000000E+00   0.0000000E+00
   1.9377940E-04   2.3271516E+06   2.3271516E+06   3.0381357E+06   7.6406600E+03   1.7341803E+04   2.3272726E+06   2.3271516E+06   2.3216523E+06   0.0000000E+00   0.0000000E+00   0.0000000E+00   0.0000000E+00
   2.0823686E-04   2.3270661E+06   2.3270661E+06   3.0281185E+06   7.6250570E+03   1.7290767E+04   2.3271784E+06   2.3270661E+06   2.3215584E+06   0.0000000E+00   0.0000000E+00   0.0000000E+00   0.0000000E+00
   2.2377296E-04   2.3269675E+06   2.3269675E+06   3.0165895E+06   7.6070827E+03   1.7232204E+04   2.3270698E+06   2.3269675E+06   2.3214500E+06   0.0000000E+00   0.0000000E+00   0.0000000E+00   0.0000000E+00
   2.4046818E-04   2.3268536E+06   2.3268536E+06   3.0033273E+06   7.5863842E+03   1.7165069E+04   2.3269444E+06   2.3268536E+06   2.3213249E+06   0.0000000E+00   0.0000000E+00   0.0000000E+00   0.0000000E+00
   2.5840899E-04   2.3267223E+06   2.3267223E+06   2.9880806E+06   7.5625591E+03   1.7088196E+04   2.3267998E+06   2.3267223E+06   2.3211807E+06   0.0000000E+00   0.0000000E+00   0.0000000E+00   0.0000000E+00
   2.7768832E-04   2.3265709E+06   2.3265709E+06   2.9705645E+06   7.5351488E+03   1.7000291E+04   2.3266331E+06   2.3265709E+06   2.3210143E+06   0.0000000E+00   0.0000000E+00   0.0000000E+00   0.0000000E+00
   2.9840604E-04   2.3263963E+06   2.3263963E+06   2.9504575E+06   7.5036321E+03   1.6899926E+04   2.3264408E+06   2.3263963E+06   2.3208226E+06   0.0000000E+00   0.0000000E+00   0.0000000E+00   0.0000000E+00
   3.2066947E-04   2.3261949E+06   2.3261949E+06   2.9273977E+06   7.4674181E+03   1.6785542E+04   2.3262192E+06   2.3261949E+06   2.3206015E+06   0.0000000E+00   0.0000000E+00   0.0000000E+00   0.0000000E+00
   3.4459392E-04   2.3259629E+06   2.3259629E+06   2.9009799E+06   7.4258387E+03   1.6655452E+04   2.3259639E+06   2.3259629E+06   2.3203468E+06   0.0000000E+00   0.0000000E+00   0.0000000E+00   0.0000000E+00
   3.7030332E-04   2.3256955E+06   2.3256955E+06   2.8707527E+06   7.3781417E+03   1.6507862E+04   2.3256697E+06   2.3256955E+06   2.3200534E+06   0.0000000E+00   0.0000000E+00   0.0000000E+00   0.0000000E+00
   3.9793085E-04   2.3253875E+06   2.3253875E+06   2.8362166E+06   7.3234835E+03   1.6340894E+04   2.3253310E+06   2.3253875E+06   2.3197155E+06   0.0000000E+00   0.0000000E+00   0.0000000E+00   0.0000000E+00
   4.2761961E-04   2.3250329E+06   2.3250329E+06   2.7968229E+06   7.2609227E+03   1.6152630E+04   2.3249411E+06   2.3250329E+06   2.3193265E+06   0.0000000E+00   0.0000000E+00   0.0000000E+00   0.0000000E+00
   4.5952338E-04   2.3246247E+06   2.3246247E+06   2.7519752E+06   7.1894157E+03   1.5941180E+04   2.3244925E+06   2.3246247E+06   2.3188790E+06   0.0000000E+00   0.0000000E+00   0.0000000E+00   0.0000000E+00
   4.9380742E-04   2.3241552E+06   2.3241552E+06   2.7010326E+06   7.1078131E+03   1.5704774E+04   2.3239767E+06   2.3241552E+06   2.3183645E+06   0.0000000E+00   0.0000000E+00   0.0000000E+00   0.0000000E+00
   5.3064932E-04   2.3236155E+06   2.3236155E+06   2.6433169E+06   7.0148615E+03   1.5441884E+04   2.3233840E+06   2.3236155E+06   2.3177733E+06   0.0000000E+00   0.0000000E+00   0.0000000E+00   0.0000000E+00
   5.7023991E-04   2.3229953E+06   2.3229953E+06   2.5781245E+06   6.9092080E+03   1.5151398E+04   2.3227034E+06   2.3229953E+06   2.3170944E+06   0.0000000E+00   0.0000000E+00   0.0000000E+00   0.0000000E+00
   6.1278427E-04   2.3222833E+06   2.3222833E+06   2.5047443E+06   6.7894131E+03   1.4832832E+04   2.3219226E+06   2.3222833E+06   2.3163155E+06   0.0000000E+00   0.0000000E+00   0.0000000E+00   0.0000000E+00
   6.5850278E-04   2.3214666E+06   2.3214666E+06   2.4224838E+06   6.6539713E+03   1.4486603E+04   2.3210277E+06   2.3214666E+06   2.3154228E+06   0.0000000E+00   0.0000000E+00   0.0000000E+00   0.0000000E+00
   7.0763224E-04   2.3205307E+06   2.3205307E+06   2.3307048E+06   6.5013448E+03   1.4114353E+04   2.3200031E+06   2.3205307E+06   2.3144008E+06   0.0000000E+00   0.0000000E+00   0.0000000E+00   0.0000000E+00
   7.6042714E-04   2.3194595E+06   2.3194595E+06   2.2288708E+06   6.3300104E+03   1.3719329E+04   2.3188315E+06   2.3194595E+06   2.3132320E+06   0.0000000E+00   0.0000000E+00   0.0000000E+00   0.0000000E+00
   8.1716096E-04   2.3182348E+06   2.3182348E+06   2.1166078E+06   6.1385268E+03   1.3306793E+04   2.3174937E+06   2.3182348E+06   2.3118975E+06   0.0000000E+00   0.0000000E+00   0.0000000E+00   0.0000000E+00
   8.7812757E-04   2.3168367E+06   2.3168367E+06   1.9937798E+06   5.9256219E+03   1.2884436E+04   2.3159686E+06   2.3168367E+06   2.3103761E+06   0.0000000E+00   0.0000000E+00   0.0000000E+00   0.0000000E+00
   9.4364276E-04   2.3152432E+06   2.3152432E+06   1.8605787E+06   5.6903066E+03   1.2462733E+04   2.3142330E+06   2.3152432E+06   2.3086448E+06   0.0000000E+00   0.0000000E+00   0.0000000E+00   0.0000000E+00
   1.0140459E-03   2.3134302E+06   2.3134302E+06   1.7176266E+06   5.4320147E+03   1.2055139E+04   2.3122620E+06   2.3134302E+06   2.3066786E+06   0.0000000E+00   0.0000000E+00   0.0000000E+00   0.0000000E+00
   1.0897017E-03   2.3113716E+06   2.3113716E+06   1.5660852E+06   5.1507697E+03   1.1678001E+04   2.3100285E+06   2.3113716E+06   2.3044506E+06   0.0000000E+00   0.0000000E+00   0.0000000E+00   0.0000000E+00
   1.1710019E-03   2.3090394E+06   2.3090394E+06   1.4077617E+06   4.8473730E+03   1.1349985E+04   2.3075041E+06   2.3090394E+06   2.3019324E+06   0.0000000E+00   0.0000000E+00   0.0000000E+00   0.0000000E+00
   1.2583678E-03   2.3064034E+06   2.3064034E+06   1.2451956E+06   4.5236041E+03   1.1090800E+04   2.3046586E+06   2.3064034E+06   2.2990938E+06   0.0000000E+00   0.0000000E+00   0.0000000E+00   0.0000000E+00
   1.3522519E-03   2.3034320E+06   2.3034320E+06   1.0817010E+06   4.1824133E+03   1.0918969E+04   2.3014607E+06   2.3034320E+06   2.2959037E+06   0.0000000E+00   0.0000000E+00   0.0000000E+00   0.0000000E+00
   1.4531405E-03   2.3000918E+06   2.3000918E+06   9.2133356E+05   3.8280767E+03   1.0848469E+04   2.2978784E+06   2.3000918E+06   2.2923301E+06   0.0000000E+00   0.0000000E+00   0.0000000E+00   0.0000000E+00
   1.5615562E-03   2.2963485E+06   2.2963485E+06   7.6874344E+05   3.4662727E+03   1.0884195E+04   2.2938791E+06   2.2963485E+06   2.2883405E+06   0.0000000E+00   0.0000000E+00   0.0000000E+00   0.0000000E+00
   1.6780605E-03   2.2921664E+06   2.2921664E+06   6.2887547E+05   3.1040246E+03   1.1016566E+04   2.2894301E+06   2.2921664E+06   2.2839023E+06   0.0000000E+00   0.0000000E+00   0.0000000E+00   0.0000000E+00
   1.8032569E-03   2.2875089E+06   2.2875089E+06   5.0648903E+05   2.7494505E+03   1.1216155E+04   2.2844987E+06   2.2875089E+06   2.2789829E+06   0.0000000E+00   0.0000000E+00   0.0000000E+00   0.0000000E+00
   1.9377940E-03   2.2823387E+06   2.2823387E+06   4.0549943E+05   2.4112639E+03   1.1430032E+04   2.2790524E+06   2.2823387E+06   2.2735496E+06   0.0000000E+00   0.0000000E+00   0.0000000E+00   0.0000000E+00
   2.0823686E-03   2.2766169E+06   2.2766169E+06   3.2819745E+05   2.0979983E+03   1.1582384E+04   2.2730579E+06   2.2766169E+06   2.2675695E+06   0.0000000E+00   0.0000000E+00   0.0000000E+00   0.0000000E+00
   2.2377296E-03   2.2703033E+06   2.2703033E+06   2.7448535E+05   1.8169817E+03   1.1582608E+04   2.2664808E+06   2.2703033E+06   2.2610083E+06   0.0000000E+00   0.0000000E+00   0.0000000E+00   0.0000000E+00
   2.4046818E-03   2.2633552E+06   2.2633552E+06   2.4136296E+05   1.5731823E+03   1.1343580E+04   2.2592843E+06   2.2633552E+06   2.2538290E+06   0.0000000E+00   0.0000000E+00   0.0000000E+00   0.0000000E+00
   2.5840899E-03   2.2557268E+06   2.2557268E+06   2.2297242E+05   1.3681649E+03   1.0810311E+04   2.2514275E+06   2.2557268E+06   2.2459909E+06   0.0000000E+00   0.0000000E+00   0.0000000E+00   0.0000000E+00
   2.7768832E-03   2.2473686E+06   2.2473686E+06   2.1149665E+05   1.1995070E+03   9.9935955E+03   2.2428641E+06   2.2473686E+06   2.2374479E+06   0.0000000E+00   0.0000000E+00   0.0000000E+00   0.0000000E+00
   2.9840604E-03   2.2382270E+06   2.2382270E+06   1.9901915E+05   1.0610662E+03   8.9950541E+03   2.2335415E+06   2.2382270E+06   2.2281475E+06   0.0000000E+00   0.0000000E+00   0.0000000E+00   0.0000000E+00
   3.2066947E-03   2.2282451E+06   2.2282451E+06   1.8003019E+05   9.4435401E+02   8.0022774E+03   2.2234009E+06   2.2282451E+06   2.2180311E+06   0.0000000E+00   0.0000000E+00   0.0000000E+00   0.0000000E+00
   3.4459392E-03   2.2173639E+06   2.2173639E+06   1.5366661E+05   8.4089844E+02   7.2336580E+03   2.2123789E+06   2.2173639E+06   2.2070354E+06   0.0000000E+00   0.0000000E+00   0.0000000E+00   0.0000000E+00
   3.7030332E-03   2.2055239E+06   2.2055239E+06   1.2430081E+05   7.4488508E+02   6.8325235E+03   2.2004102E+06   2.2055239E+06   2.1950952E+06   0.0000000E+00   0.0000000E+00   0.0000000E+00   0.0000000E+00
   3.9793085E-03   2.1926660E+06   2.1926660E+06   9.9313320E+04   6.5482176E+02   6.7540734E+03   2.1874302E+06   2.1926660E+06   2.1821462E+06   0.0000000E+00   0.0000000E+00   0.0000000E+00   0.0000000E+00
   4.2761961E-03   2.1787315E+06   2.1787315E+06   8.4331265E+04   5.7297920E+02   6.7370811E+03   2.1733765E+06   2.1787315E+06   2.1681260E+06   0.0000000E+00   0.0000000E+00   0.0000000E+00   0.0000000E+00
   4.5952338E-03   2.1636599E+06   2.1636599E+06   7.8648699E+04   5.0242288E+02   6.4489053E+03   2.1581883E+06   2.1636599E+06   2.1529742E+06   0.0000000E+00   0.0000000E+00   0.0000000E+00   0.0000000E+00
   4.9380742E-03   2.1473863E+06   2.1473863E+06   7.5103326E+04   4.4340929E+02   5.7709853E+03   2.1418037E+06   2.1473863E+06   2.1366289E+06   0.0000000E+00   0.0000000E+00   0.0000000E+00   0.0000000E+00
   5.3064932E-03   2.1298409E+06   2.1298409E+06   6.6382290E+04   3.9229660E+02   4.9806263E+03   2.1241576E+06   2.1298409E+06   2.1190251E+06   0.0000000E+00   0.0000000E+00   0.0000000E+00   0.0000000E+00
   5.7023991E-03   2.1109516E+06   2.1109516E+06   5.2909841E+04   3.4466471E+02   4.5206774E+03   2.1051816E+06   2.1109516E+06   2.1000947E+06   0.0000000E+00   0.0000000E+00   0.0000000E+00   0.0000000E+00
   6.1278427E-03   2.0906488E+06   2.0906488E+06   4.2482687E+04   2.9978176E+02   4.4427769E+03   2.0848075E+06   2.0906488E+06   2.0797697E+06   0.0000000E+00   0.0000000E+00   0.0000000E+00   0.0000000E+00
   6.5850278E-03   2.0688651E+06   2.0688651E+06   3.9248347E+04   2.6058318E+02   4.2508688E+03   2.0629671E+06   2.0688651E+06   2.0579818E+06   0.0000000E+00   0.0000000E+00   0.0000000E+00   0.0000000E+00
   7.0763224E-03   2.0455302E+06   2.0455302E+06   3.6793545E+04   2.2827759E+02   3.6526202E+03   2.0395883E+06   2.0455302E+06   2.0346593E+06   0.0000000E+00   0.0000000E+00   0.0000000E+00   0.0000000E+00
   7.6042714E-03   2.0205685E+06   2.0205685E+06   2.9353275E+04   1.9975084E+02   3.1557808E+03   2.0145933E+06   2.0205685E+06   2.0097245E+06   0.0000000E+00   0.0000000E+00   0.0000000E+00   0.0000000E+00
   8.1716096E-03   1.9939029E+06   1.9939029E+06   2.3055892E+04   1.7290651E+02   3.0969579E+03   1.9879047E+06   1.9939029E+06   1.9831003E+06   0.0000000E+00   0.0000000E+00   0.0000000E+00   0.0000000E+00
   8.7812757E-03   1.9654591E+06   1.9654591E+06   2.1905631E+04   1.4965186E+02   2.8333448E+03   1.9594512E+06   1.9654591E+06   1.9547155E+06   0.0000000E+00   0.0000000E+00   0.0000000E+00   0.0000000E+00
   9.4364276E-03   1.9351609E+06   1.9351609E+06   1.8295931E+04   1.2994883E+02   2.3337188E+03   1.9291611E+06   1.9351609E+06   1.9244985E+06   0.0000000E+00   0.0000000E+00   0.0000000E+00   0.0000000E+00
   1.0140459E-02   1.9029297E+06   1.9029297E+06   1.3789686E+04   1.1178710E+02   2.2978105E+03   1.8969547E+06   1.9029297E+06   1.8923698E+06   0.0000000E+00   0.0000000E+00   0.0000000E+00   0.0000000E+00
   1.0897017E-02   1.8686891E+06   1.8686891E+06   1.3247221E+04   9.6425525E+01   2.0538905E+03   1.8627492E+06   1.8686891E+06   1.8582469E+06   0.0000000E+00   0.0000000E+00   0.0000000E+00   0.0000000E+00
   1.1710019E-02   1.8323623E+06   1.8323623E+06   1.0030104E+04   8.3047187E+01   1.7366231E+03   1.8264694E+06   1.8323623E+06   1.8220547E+06   0.0000000E+00   0.0000000E+00   0.0000000E+00   0.0000000E+00
   1.2583678E-02   1.7938740E+06   1.7938740E+06   8.8608721E+03   7.0839832E+01   1.7329397E+03   1.7880466E+06   1.7938740E+06   1.7837247E+06   0.0000000E+00   0.0000000E+00   0.0000000E+00   0.0000000E+00
   1.3522519E-02   1.7531552E+06   1.7531552E+06   7.3725025E+03   6.0916844E+01   1.3819287E+03   1.7474064E+06   1.7531552E+06   1.7431827E+06   0.0000000E+00   0.0000000E+00   0.0000000E+00   0.0000000E+00
   1.4531405E-02   1.7101428E+06   1.7101428E+06   6.3130850E+03   5.1757156E+01   1.3795484E+03   1.7044852E+06   1.7101428E+06   1.7003652E+06   0.0000000E+00   0.0000000E+00   0.0000000E+00   0.0000000E+00
   1.5615562E-02   1.6647860E+06   1.6647860E+06   5.1882813E+03   4.4195692E+01   1.0954405E+03   1.6592360E+06   1.6647860E+06   1.6552254E+06   0.0000000E+00   0.0000000E+00   0.0000000E+00   0.0000000E+00
   1.6780605E-02   1.6170506E+06   1.6170506E+06   4.7819789E+03   3.7464592E+01   1.0301863E+03   1.6116198E+06   1.6170506E+06   1.6077242E+06   0.0000000E+00   0.0000000E+00   0.0000000E+00   0.0000000E+00
   1.8032569E-02   1.5669269E+06   1.5669269E+06   3.6000047E+03   3.1722407E+01   8.8784881E+02   1.5616303E+06   1.5669269E+06   1.5578556E+06   0.0000000E+00   0.0000000E+00   0.0000000E+00   0.0000000E+00
   1.9377940E-02   1.5144384E+06   1.5144384E+06   3.2313575E+03   2.6828095E+01   7.0762297E+02   1.5092887E+06   1.5144384E+06   1.5056404E+06   0.0000000E+00   0.0000000E+00   0.0000000E+00   0.0000000E+00
   2.0823685E-02   1.4596533E+06   1.4596533E+06   2.8002470E+03   2.2544666E+01   6.4974532E+02   1.4546629E+06   1.4596533E+06   1.4511466E+06   0.0000000E+00   0.0000000E+00   0.0000000E+00   0.0000000E+00
   2.2377290E-02   1.4026975E+06   1.4026975E+06   2.1898644E+03   1.8905971E+01   5.8628140E+02   1.3978785E+06   1.4026975E+06   1.3944995E+06   0.0000000E+00   0.0000000E+00   0.0000000E+00   0.0000000E+00
   2.4046782E-02   1.3437700E+06   1.3437700E+06   1.7363136E+03   1.5799837E+01   4.9944573E+02   1.3391332E+06   1.3437700E+06   1.3358961E+06   0.0000000E+00   0.0000000E+00   0.0000000E+00   0.0000000E+00
   2.5840718E-02   1.2831596E+06   1.2831596E+06   1.4329663E+03   1.3165009E+01   4.1688684E+02   1.2787140E+06   1.2831596E+06   1.2756230E+06   0.0000000E+00   0.0000000E+00   0.0000000E+00   0.0000000E+00
   2.7768050E-02   1.2212647E+06   1.2212647E+06   1.1946685E+03   1.0931829E+01   3.5035221E+02   1.2170187E+06   1.2212647E+06   1.2140768E+06   0.0000000E+00   0.0000000E+00   0.0000000E+00   0.0000000E+00
   2.9837635E-02   1.1586177E+06   1.1586177E+06   9.9296606E+02   9.0381431E+00   2.9826943E+02   1.1545766E+06   1.1586177E+06   1.1517857E+06   0.0000000E+00   0.0000000E+00   0.0000000E+00   0.0000000E+00
   3.2056993E-02   1.0959150E+06   1.0959150E+06   8.2847426E+02   7.4491753E+00   2.5255207E+02   1.0920816E+06   1.0959150E+06   1.0894417E+06   0.0000000E+00   0.0000000E+00   0.0000000E+00   0.0000000E+00
   3.4429717E-02   1.0340508E+06   1.0340508E+06   6.8673016E+02   6.1260292E+00   2.0807132E+02   1.0304244E+06   1.0340508E+06   1.0279336E+06   0.0000000E+00   0.0000000E+00   0.0000000E+00   0.0000000E+00
   3.6951249E-02   9.7412875E+05   9.7412875E+05   5.5920059E+02   5.0328436E+00   1.7305892E+02   9.7070478E+05   9.7412875E+05   9.6835830E+05   0.0000000E+00   0.0000000E+00   0.0000000E+00   0.0000000E+00
   3.9604090E-02   9.1740082E+05   9.1740082E+05   4.5889788E+02   4.1397070E+00   1.4300586E+02   9.1416985E+05   9.1740082E+05   9.1196003E+05   0.0000000E+00   0.0000000E+00   0.0000000E+00   0.0000000E+00
   4.2355854E-02   8.6507480E+05   8.6507480E+05   3.6779380E+02   3.4183728E+00   1.2403043E+02   8.6202287E+05   8.6507480E+05   8.5993910E+05   0.0000000E+00   0.0000000E+00   0.0000000E+00   0.0000000E+00
   4.5164266E-02   8.1801780E+05   8.1801780E+05   3.2248116E+02   2.8447694E+00   1.0410578E+02   8.1512761E+05   8.1801780E+05   8.1315720E+05   0.0000000E+00   0.0000000E+00   0.0000000E+00   0.0000000E+00
   4.7988513E-02   7.7651827E+05   7.7651827E+05   2.5513916E+02   2.3908216E+00   8.5432148E+01   7.7377123E+05   7.7651827E+05   7.7190079E+05   0.0000000E+00   0.0000000E+00   0.0000000E+00   0.0000000E+00
   5.0799739E-02   7.4027338E+05   7.4027338E+05   2.2800671E+02   2.0299551E+00   7.9692416E+01   7.3765174E+05   7.4027338E+05   7.3586861E+05   0.0000000E+00   0.0000000E+00   0.0000000E+00   0.0000000E+00
   5.3584421E-02   7.0858080E+05   7.0858080E+05   1.9114018E+02   1.7428212E+00   6.2640925E+01   7.0606908E+05   7.0858080E+05   7.0436229E+05   0.0000000E+00   0.0000000E+00   0.0000000E+00   0.0000000E+00
   5.6341412E-02   6.8057515E+05   6.8057515E+05   1.6543407E+02   1.5096834E+00   6.1951697E+01   6.7816080E+05   6.8057515E+05   6.7652147E+05   0.0000000E+00   0.0000000E+00   0.0000000E+00   0.0000000E+00
   5.9077023E-02   6.5539578E+05   6.5539578E+05   1.4975737E+02   1.3193316E+00   4.9411343E+01   6.5306915E+05   6.5539578E+05   6.5149048E+05   0.0000000E+00   0.0000000E+00   0.0000000E+00   0.0000000E+00
   6.1801039E-02   6.3227087E+05   6.3227087E+05   1.2469905E+02   1.1602562E+00   4.6481847E+01   6.3002497E+05   6.3227087E+05   6.2850200E+05   0.0000000E+00   0.0000000E+00   0.0000000E+00   0.0000000E+00
   6.4524297E-02   6.1054779E+05   6.1054779E+05   1.1792433E+02   1.0259573E+00   4.2096718E+01   6.0837788E+05   6.1054779E+05   6.0690724E+05   0.0000000E+00   0.0000000E+00   0.0000000E+00   0.0000000E+00
   6.7257469E-02   5.8969839E+05   5.8969839E+05   9.9449569E+01   9.1117391E-01   3.4217129E+01   5.8760158E+05   5.8969839E+05   5.8618116E+05   0.0000000E+00   0.0000000E+00   0.0000000E+00   0.0000000E+00
   7.0010559E-02   5.6931566E+05   5.6931566E+05   9.0329308E+01   8.1127763E-01   3.6192818E+01   5.6729045E+05   5.6931566E+05   5.6591913E+05   0.0000000E+00   0.0000000E+00   0.0000000E+00   0.0000000E+00
   7.2792757E-02   5.4910863E+05   5.4910863E+05   8.2525219E+01   7.2442865E-01   2.7066891E+01   5.4715453E+05   5.4910863E+05   5.4583189E+05   0.0000000E+00   0.0000000E+00   0.0000000E+00   0.0000000E+00
   7.5612470E-02   5.2889740E+05   5.2889740E+05   6.9291121E+01   6.4740408E-01   2.8402980E+01   5.2701456E+05   5.2889740E+05   5.2574060E+05   0.0000000E+00   0.0000000E+00   0.0000000E+00   0.0000000E+00
   7.8477415E-02   5.0860771E+05   5.0860771E+05   6.7095625E+01   5.7926889E-01   2.3006200E+01   5.0679650E+05   5.0860771E+05   5.0557141E+05   0.0000000E+00   0.0000000E+00   0.0000000E+00   0.0000000E+00
   8.1394731E-02   4.8826377E+05   4.8826377E+05   5.4815037E+01   5.1835554E-01   2.2162742E+01   4.8652448E+05   4.8826377E+05   4.8534840E+05   0.0000000E+00   0.0000000E+00   0.0000000E+00   0.0000000E+00
   8.4371089E-02   4.6797793E+05   4.6797793E+05   5.3246620E+01   4.6396622E-01   1.8592975E+01   4.6631044E+05   4.6797793E+05   4.6518322E+05   0.0000000E+00   0.0000000E+00   0.0000000E+00   0.0000000E+00
   8.7412786E-02   4.4793571E+05   4.4793571E+05   4.4180584E+01   4.1516274E-01   1.8640048E+01   4.4633922E+05   4.4793571E+05   4.4526028E+05   0.0000000E+00   0.0000000E+00   0.0000000E+00   0.0000000E+00
   9.0525833E-02   4.2837556E+05   4.2837556E+05   4.1081954E+01   3.7162035E-01   1.4007443E+01   4.2684843E+05   4.2837556E+05   4.2581660E+05   0.0000000E+00   0.0000000E+00   0.0000000E+00   0.0000000E+00
   9.3716018E-02   4.0956320E+05   4.0956320E+05   3.7006640E+01   3.3254202E-01   1.5092144E+01   4.0810281E+05   4.0956320E+05   4.0711629E+05   0.0000000E+00   0.0000000E+00   0.0000000E+00   0.0000000E+00
   9.6988969E-02   3.9176122E+05   3.9176122E+05   3.1399463E+01   2.9780035E-01   1.2833931E+01   3.9036402E+05   3.9176122E+05   3.8942038E+05   0.0000000E+00   0.0000000E+00   0.0000000E+00   0.0000000E+00
   1.0035020E-01   3.7519602E+05   3.7519602E+05   2.8850031E+01   2.6689742E-01   1.0286121E+01   3.7385764E+05   3.7519602E+05   3.7295390E+05   0.0000000E+00   0.0000000E+00   0.0000000E+00   0.0000000E+00
   1.0380514E-01   3.6002493E+05   3.6002493E+05   2.6496685E+01   2.3941704E-01   9.9095778E+00   3.5874043E+05   3.6002493E+05   3.5787324E+05   0.0000000E+00   0.0000000E+00   0.0000000E+00   0.0000000E+00
   1.0735918E-01   3.4630757E+05   3.4630757E+05   2.3510691E+01   2.1509717E-01   9.4229960E+00   3.4507181E+05   3.4630757E+05   3.4423766E+05   0.0000000E+00   0.0000000E+00   0.0000000E+00   0.0000000E+00
   1.1101768E-01   3.3398623E+05   3.3398623E+05   2.0981256E+01   1.9361354E-01   8.1888715E+00   3.3279424E+05   3.3398623E+05   3.3198977E+05   0.0000000E+00   0.0000000E+00   0.0000000E+00   0.0000000E+00
   1.1478602E-01   3.2287990E+05   3.2287990E+05   1.9067605E+01   1.7455119E-01   7.2057761E+00   3.2172737E+05   3.2287990E+05   3.2094966E+05   0.0000000E+00   0.0000000E+00   0.0000000E+00   0.0000000E+00
   1.1866958E-01   3.1269603E+05   3.1269603E+05   1.7375615E+01   1.5760170E-01   6.3165866E+00   3.1157970E+05   3.1269603E+05   3.1082652E+05   0.0000000E+00   0.0000000E+00   0.0000000E+00   0.0000000E+00
   1.2267377E-01   3.0306187E+05   3.0306187E+05   1.5673473E+01   1.4244271E-01   5.5650214E+00   3.0197980E+05   3.0306187E+05   3.0124981E+05   0.0000000E+00   0.0000000E+00   0.0000000E+00   0.0000000E+00
   1.2680405E-01   2.9357425E+05   2.9357425E+05   1.3939762E+01   1.2875474E-01   5.2292040E+00   2.9252592E+05   2.9357425E+05   2.9181879E+05   0.0000000E+00   0.0000000E+00   0.0000000E+00   0.0000000E+00
   1.3106590E-01   2.8386266E+05   2.8386266E+05   1.2482559E+01   1.1631846E-01   5.3494622E+00   2.8284890E+05   2.8386266E+05   2.8216516E+05   0.0000000E+00   0.0000000E+00   0.0000000E+00   0.0000000E+00
   1.3546490E-01   2.7365606E+05   2.7365606E+05   1.1697291E+01   1.0493613E-01   5.2379741E+00   2.7267865E+05   2.7365606E+05   2.7201950E+05   0.0000000E+00   0.0000000E+00   0.0000000E+00   0.0000000E+00
   1.4000665E-01   2.6284028E+05   2.6284028E+05   1.0647627E+01   9.4494542E-02   3.8912045E+00   2.6190140E+05   2.6284028E+05   2.6126830E+05   0.0000000E+00   0.0000000E+00   0.0000000E+00   0.0000000E+00
   1.4469684E-01   2.5149127E+05   2.5149127E+05   9.0604548E+00   8.4876832E-02   3.9155951E+00   2.5059284E+05   2.5149127E+05   2.4998707E+05   0.0000000E+00   0.0000000E+00   0.0000000E+00   0.0000000E+00
   1.4954123E-01   2.3987134E+05   2.3987134E+05   8.5781332E+00   7.6077140E-02   3.4105320E+00   2.3901434E+05   2.3987134E+05   2.3843657E+05   0.0000000E+00   0.0000000E+00   0.0000000E+00   0.0000000E+00
   1.5454563E-01   2.2838138E+05   2.2838138E+05   7.2479150E+00   6.8081680E-02   3.1797498E+00   2.2756537E+05   2.2838138E+05   2.2701527E+05   0.0000000E+00   0.0000000E+00   0.0000000E+00   0.0000000E+00
   1.5971598E-01   2.1747238E+05   2.1747238E+05   6.6528347E+00   6.0895488E-02   2.3697114E+00   2.1669528E+05   2.1747238E+05   2.1617146E+05   0.0000000E+00   0.0000000E+00   0.0000000E+00   0.0000000E+00
   1.6505826E-01   2.0753219E+05   2.0753219E+05   6.0642584E+00   5.4491230E-02   2.4948759E+00   2.0679055E+05   2.0753219E+05   2.0629068E+05   0.0000000E+00   0.0000000E+00   0.0000000E+00   0.0000000E+00
   1.7057859E-01   1.9877544E+05   1.9877544E+05   5.3611374E+00   4.8847081E-02   2.3906336E+00   1.9806506E+05   1.9877544E+05   1.9758627E+05   0.0000000E+00   0.0000000E+00   0.0000000E+00   0.0000000E+00
   1.7628317E-01   1.9117062E+05   1.9117062E+05   4.7859171E+00   4.3885700E-02   2.1176980E+00   1.9048736E+05   1.9117062E+05   1.9002689E+05   0.0000000E+00   0.0000000E+00   0.0000000E+00   0.0000000E+00
   1.8217835E-01   1.8443463E+05   1.8443463E+05   4.3154561E+00   3.9508156E-02   1.8022837E+00   1.8377541E+05   1.8443463E+05   1.8333117E+05   0.0000000E+00   0.0000000E+00   0.0000000E+00   0.0000000E+00
   1.8827061E-01   1.7810898E+05   1.7810898E+05   3.8720922E+00   3.5599941E-02   1.6279109E+00   1.7747233E+05   1.7810898E+05   1.7704332E+05   0.0000000E+00   0.0000000E+00   0.0000000E+00   0.0000000E+00
   1.9456658E-01   1.7170425E+05   1.7170425E+05   3.5004394E+00   3.2060797E-02   1.5842405E+00   1.7109046E+05   1.7170425E+05   1.7067688E+05   0.0000000E+00   0.0000000E+00   0.0000000E+00   0.0000000E+00
   2.0107309E-01   1.6487007E+05   1.6487007E+05   3.2284364E+00   2.8817552E-02   1.3159451E+00   1.6428068E+05   1.6487007E+05   1.6388357E+05   0.0000000E+00   0.0000000E+00   0.0000000E+00   0.0000000E+00
   2.0779719E-01   1.5752724E+05   1.5752724E+05   2.7874261E+00   2.5827241E-02   1.1159901E+00   1.5696407E+05   1.5752724E+05   1.5658464E+05   0.0000000E+00   0.0000000E+00   0.0000000E+00   0.0000000E+00
   2.1474617E-01   1.4990120E+05   1.4990120E+05   2.5693454E+00   2.3081563E-02   1.0557174E+00   1.4936528E+05   1.4990120E+05   1.4900421E+05   0.0000000E+00   0.0000000E+00   0.0000000E+00   0.0000000E+00
   2.2192761E-01   1.4242823E+05   1.4242823E+05   2.2309294E+00   2.0597753E-02   1.0228407E+00   1.4191900E+05   1.4242823E+05   1.4157594E+05   0.0000000E+00   0.0000000E+00   0.0000000E+00   0.0000000E+00
   2.2934944E-01   1.3556042E+05   1.3556042E+05   1.9716455E+00   1.8387938E-02   8.3667568E-01   1.3507572E+05   1.3556042E+05   1.3474920E+05   0.0000000E+00   0.0000000E+00   0.0000000E+00   0.0000000E+00
   2.3701997E-01   1.2955168E+05   1.2955168E+05   1.7672779E+00   1.6446362E-02   7.4114465E-01   1.2908845E+05   1.2955168E+05   1.2877640E+05   0.0000000E+00   0.0000000E+00   0.0000000E+00   0.0000000E+00
   2.4494797E-01   1.2433203E+05   1.2433203E+05   1.5922099E+00   1.4745865E-02   7.0671211E-01   1.2388744E+05   1.2433203E+05   1.2358797E+05   0.0000000E+00   0.0000000E+00   0.0000000E+00   0.0000000E+00
   2.5314273E-01   1.1954732E+05   1.1954732E+05   1.4489292E+00   1.3240204E-02   6.3970192E-01   1.1911984E+05   1.1954732E+05   1.1883189E+05   0.0000000E+00   0.0000000E+00   0.0000000E+00   0.0000000E+00
   2.6161416E-01   1.1475828E+05   1.1475828E+05   1.3004064E+00   1.1881636E-02   5.6615616E-01   1.1434791E+05   1.1475828E+05   1.1407149E+05   0.0000000E+00   0.0000000E+00   0.0000000E+00   0.0000000E+00
   2.7037288E-01   1.0969408E+05   1.0969408E+05   1.1730131E+00   1.0637461E-02   4.8036024E-01   1.0930180E+05   1.0969408E+05   1.0903759E+05   0.0000000E+00   0.0000000E+00   0.0000000E+00   0.0000000E+00
   2.7943029E-01   1.0440554E+05   1.0440554E+05   1.0381602E+00   9.4971831E-03   4.8037349E-01   1.0403216E+05   1.0440554E+05   1.0378068E+05   0.0000000E+00   0.0000000E+00   0.0000000E+00   0.0000000E+00
   2.8879877E-01   9.9209317E+04   9.9209317E+04   9.1609501E-01   8.4659306E-03   4.0189965E-01   9.8854515E+04   9.9209317E+04   9.8615552E+04   0.0000000E+00   0.0000000E+00   0.0000000E+00   0.0000000E+00
   2.9849174E-01   9.4449607E+04   9.4449607E+04   8.1685855E-01   7.5504043E-03   3.4921146E-01   9.4111820E+04   9.4449607E+04   9.3884321E+04   0.0000000E+00   0.0000000E+00   0.0000000E+00   0.0000000E+00
   3.0852390E-01   9.0243186E+04   9.0243186E+04   7.3427014E-01   6.7458770E-03   3.4141618E-01   8.9920434E+04   9.0243186E+04   8.9703068E+04   0.0000000E+00   0.0000000E+00   0.0000000E+00   0.0000000E+00
   3.1891137E-01   8.6404774E+04   8.6404774E+04   6.6298655E-01   6.0352416E-03   2.6969316E-01   8.6095744E+04   8.6404774E+04   8.5887623E+04   0.0000000E+00   0.0000000E+00   0.0000000E+00   0.0000000E+00
   3.2967195E-01   8.2619199E+04   8.2619199E+04   5.8999623E-01   5.3953822E-03   2.5900844E-01   8.2323702E+04   8.2619199E+04   8.2124699E+04   0.0000000E+00   0.0000000E+00   0.0000000E+00   0.0000000E+00
   3.4082536E-01   7.8717007E+04   7.8717007E+04   5.2762902E-01   4.8124791E-03   2.3698000E-01   7.8435462E+04   7.8717007E+04   7.8245858E+04   0.0000000E+00   0.0000000E+00   0.0000000E+00   0.0000000E+00
   3.5239358E-01   7.4803771E+04   7.4803771E+04   4.6803784E-01   4.2834718E-03   2.1395085E-01   7.4536217E+04   7.4803771E+04   7.4356039E+04   0.0000000E+00   0.0000000E+00   0.0000000E+00   0.0000000E+00
   3.6440122E-01   7.1118760E+04   7.1118760E+04   4.1738568E-01   3.8107377E-03   1.8881914E-01   7.0864382E+04   7.1118760E+04   7.0693080E+04   0.0000000E+00   0.0000000E+00   0.0000000E+00   0.0000000E+00
   3.7687595E-01   6.7769394E+04   6.7769394E+04   3.6989141E-01   3.3929874E-03   1.5086658E-01   6.7526992E+04   6.7769394E+04   6.7363758E+04   0.0000000E+00   0.0000000E+00   0.0000000E+00   0.0000000E+00
   3.8984908E-01   6.4629507E+04   6.4629507E+04   3.3109005E-01   3.0212559E-03   1.4600159E-01   6.4398333E+04   6.4629507E+04   6.4242662E+04   0.0000000E+00   0.0000000E+00   0.0000000E+00   0.0000000E+00
   4.0335622E-01   6.1511922E+04   6.1511922E+04   2.9368194E-01   2.6860897E-03   1.2455393E-01   6.1291896E+04   6.1511922E+04   6.1143734E+04   0.0000000E+00   0.0000000E+00   0.0000000E+00   0.0000000E+00
   4.1743808E-01   5.8395379E+04   5.8395379E+04   2.6030836E-01   2.3823609E-03   1.1606448E-01   5.8186498E+04   5.8395379E+04   5.8045842E+04   0.0000000E+00   0.0000000E+00   0.0000000E+00   0.0000000E+00
   4.3214150E-01   5.5412757E+04   5.5412757E+04   2.3037605E-01   2.1102441E-03   9.8923485E-02   5.5214543E+04   5.5412757E+04   5.5081072E+04   0.0000000E+00   0.0000000E+00   0.0000000E+00   0.0000000E+00
   4.4752073E-01   5.2632829E+04   5.2632829E+04   2.0423977E-01   1.8683235E-03   8.8655881E-02   5.2444555E+04   5.2632829E+04   5.2317780E+04   0.0000000E+00   0.0000000E+00   0.0000000E+00   0.0000000E+00
   4.6363899E-01   4.9966932E+04   4.9966932E+04   1.8031429E-01   1.6518430E-03   8.4874504E-02   4.9788193E+04   4.9966932E+04   4.9667839E+04   0.0000000E+00   0.0000000E+00   0.0000000E+00   0.0000000E+00
   4.8057047E-01   4.7331416E+04   4.7331416E+04   1.5916263E-01   1.4568793E-03   6.8747676E-02   4.7162103E+04   4.7331416E+04   4.7048097E+04   0.0000000E+00   0.0000000E+00   0.0000000E+00   0.0000000E+00
   4.9840296E-01   4.4771975E+04   4.4771975E+04   1.4005822E-01   1.2814141E-03   6.2840859E-02   4.4611816E+04   4.4771975E+04   4.4503975E+04   0.0000000E+00   0.0000000E+00   0.0000000E+00   0.0000000E+00
   5.1724105E-01   4.2339107E+04   4.2339107E+04   1.2280547E-01   1.1249640E-03   5.6233153E-02   4.2187650E+04   4.2339107E+04   4.2085669E+04   0.0000000E+00   0.0000000E+00   0.0000000E+00   0.0000000E+00
   5.3721039E-01   3.9983118E+04   3.9983118E+04   1.0761094E-01   9.8471760E-04   4.9619815E-02   3.9840087E+04   3.9983118E+04   3.9743781E+04   0.0000000E+00   0.0000000E+00   0.0000000E+00   0.0000000E+00
   5.5846315E-01   3.7671639E+04   3.7671639E+04   9.3778299E-02   8.5876131E-04   4.2467457E-02   3.7536876E+04   3.7671639E+04   3.7446137E+04   0.0000000E+00   0.0000000E+00   0.0000000E+00   0.0000000E+00
   5.8118500E-01   3.5437479E+04   3.5437479E+04   8.1488201E-02   7.4591023E-04   2.9982717E-02   3.5310707E+04   3.5437479E+04   3.5225350E+04   0.0000000E+00   0.0000000E+00   0.0000000E+00   0.0000000E+00
   6.0560409E-01   3.3268087E+04   3.3268087E+04   7.0420056E-02   6.4481573E-04   3.4064077E-02   3.3149075E+04   3.3268087E+04   3.3068943E+04   0.0000000E+00   0.0000000E+00   0.0000000E+00   0.0000000E+00
   6.3200234E-01   3.1140491E+04   3.1140491E+04   6.0534579E-02   5.5428436E-04   2.5495246E-02   3.1029089E+04   3.1140491E+04   3.0954082E+04   0.0000000E+00   0.0000000E+00   0.0000000E+00   0.0000000E+00
   6.6072894E-01   2.9066474E+04   2.9066474E+04   5.1690456E-02   4.7330243E-04   2.5034808E-02   2.8962491E+04   2.9066474E+04   2.8892480E+04   0.0000000E+00   0.0000000E+00   0.0000000E+00   0.0000000E+00
   6.9221556E-01   2.7031698E+04   2.7031698E+04   4.3801519E-02   4.0108259E-04   1.6860581E-02   2.6934993E+04   2.7031698E+04   2.6869883E+04   0.0000000E+00   0.0000000E+00   0.0000000E+00   0.0000000E+00
   7.2699043E-01   2.5035283E+04   2.5035283E+04   3.6779367E-02   3.3676166E-04   1.3811494E-02   2.4945720E+04   2.5035283E+04   2.4885418E+04   0.0000000E+00   0.0000000E+00   0.0000000E+00   0.0000000E+00
   7.6568507E-01   2.3074813E+04   2.3074813E+04   3.0558261E-02   2.7981977E-04   1.2766643E-02   2.2992263E+04   2.3074813E+04   2.2936683E+04   0.0000000E+00   0.0000000E+00   0.0000000E+00   0.0000000E+00
   8.0902176E-01   2.1152872E+04   2.1152872E+04   2.5091891E-02   2.2976003E-04   1.0264084E-02   2.1077198E+04   2.1152872E+04   2.1026248E+04   0.0000000E+00   0.0000000E+00   0.0000000E+00   0.0000000E+00
   8.5776479E-01   1.9276864E+04   1.9276864E+04   2.0341077E-02   1.8626527E-04   7.6568093E-03   1.9207901E+04   1.9276864E+04   1.9161469E+04   0.0000000E+00   0.0000000E+00   0.0000000E+00   0.0000000E+00
   9.1262306E-01   1.7461946E+04   1.7461946E+04   1.6277161E-02   1.4905640E-04   7.8197698E-03   1.7399475E+04   1.7461946E+04   1.7357415E+04   0.0000000E+00   0.0000000E+00   0.0000000E+00   0.0000000E+00
   9.7412213E-01   1.5728843E+04   1.5728843E+04   1.2868637E-02   1.1784104E-04   5.4491886E-03   1.5672572E+04   1.5728843E+04   1.5634686E+04   0.0000000E+00   0.0000000E+00   0.0000000E+00   0.0000000E+00
   1.0425147E+00   1.4100132E+04   1.4100132E+04   1.0071982E-02   9.2230383E-05   6.3569189E-03   1.4049688E+04   1.4100132E+04   1.4015725E+04   0.0000000E+00   0.0000000E+00   0.0000000E+00   0.0000000E+00
   1.1178117E+00   1.2594632E+04   1.2594632E+04   7.8252549E-03   7.1662175E-05   3.0513954E-03   1.2549573E+04   1.2594632E+04   1.2519237E+04   0.0000000E+00   0.0000000E+00   0.0000000E+00   0.0000000E+00
   1.1999341E+00   1.1222587E+04   1.1222587E+04   6.0509427E-03   5.5416608E-05   1.9234189E-03   1.1182437E+04   1.1222587E+04   1.1155406E+04   0.0000000E+00   0.0000000E+00   0.0000000E+00   0.0000000E+00
   1.2888790E+00   9.9844411E+03   9.9844411E+03   4.6659375E-03   4.2731815E-05   2.0225511E-03   9.9487206E+03   9.9844411E+03   9.9246714E+03   0.0000000E+00   0.0000000E+00   0.0000000E+00   0.0000000E+00
   1.3848066E+00   8.8739564E+03   8.8739564E+03   3.5923080E-03   3.2899617E-05   2.0152805E-03   8.8422087E+03   8.8739564E+03   8.8208343E+03   0.0000000E+00   0.0000000E+00   0.0000000E+00   0.0000000E+00
   1.4880416E+00   7.8813849E+03   7.8813849E+03   2.7631367E-03   2.5306634E-05   1.3208211E-03   7.8531882E+03   7.8813849E+03   7.8342045E+03   0.0000000E+00   0.0000000E+00   0.0000000E+00   0.0000000E+00
   1.5990355E+00   6.9957571E+03   6.9957571E+03   2.1239494E-03   1.9452861E-05   5.2191613E-04   6.9707288E+03   6.9957571E+03   6.9538783E+03   0.0000000E+00   0.0000000E+00   0.0000000E+00   0.0000000E+00
   1.7183292E+00   6.2064716E+03   6.2064716E+03   1.6317509E-03   1.4945685E-05   2.4855238E-04   6.1842671E+03   6.2064716E+03   6.1693177E+03   0.0000000E+00   0.0000000E+00   0.0000000E+00   0.0000000E+00
   1.8465284E+00   5.5035469E+03   5.5035469E+03   1.2529929E-03   1.1476250E-05   5.5621280E-04   5.4838571E+03   5.5035469E+03   5.4706009E+03   0.0000000E+00   0.0000000E+00   0.0000000E+00   0.0000000E+00
   1.9842936E+00   4.8779697E+03   4.8779697E+03   9.6170868E-04   8.8087364E-06   3.3144457E-04   4.8605180E+03   4.8779697E+03   4.8487685E+03   0.0000000E+00   0.0000000E+00   0.0000000E+00   0.0000000E+00
   2.1323374E+00   4.3215554E+03   4.3215554E+03   7.3781490E-04   6.7580919E-06   1.7443101E-04   4.3060943E+03   4.3215554E+03   4.2956851E+03   0.0000000E+00   0.0000000E+00   0.0000000E+00   0.0000000E+00
   2.2914264E+00   3.8269395E+03   3.8269395E+03   5.6673937E-04   5.1824991E-06   2.7690111E-04   3.8132480E+03   3.8269395E+03   3.8040302E+03   0.0000000E+00   0.0000000E+00   0.0000000E+00   0.0000000E+00
   2.4623848E+00   3.3875081E+03   3.3875081E+03   4.3375290E-04   3.9726579E-06   2.0702183E-04   3.3753887E+03   3.3875081E+03   3.3672293E+03   0.0000000E+00   0.0000000E+00   0.0000000E+00   0.0000000E+00
   2.6460979E+00   2.9973105E+03   2.9973105E+03   3.3232092E-04   3.0439516E-06   3.3229641E-04   2.9865871E+03   2.9973105E+03   2.9793676E+03   0.0000000E+00   0.0000000E+00   0.0000000E+00   0.0000000E+00
   2.8435176E+00   2.6510089E+03   2.6510089E+03   2.5452006E-04   2.3316036E-06   -8.5467701E-05   2.6415244E+03   2.6510089E+03   2.6351390E+03   0.0000000E+00   0.0000000E+00   0.0000000E+00   0.0000000E+00
   3.0556662E+00   2.3438188E+03   2.3438188E+03   1.9486140E-04   1.7851501E-06   5.4074623E-05   2.3354334E+03   2.3438188E+03   2.3297879E+03   0.0000000E+00   0.0000000E+00   0.0000000E+00   0.0000000E+00
   3.2836428E+00   2.0714546E+03   2.0714546E+03   1.4913215E-04   1.3663124E-06   9.3159971E-05   2.0640435E+03   2.0714546E+03   2.0590541E+03   0.0000000E+00   0.0000000E+00   0.0000000E+00   0.0000000E+00
   3.5286283E+00   1.8300804E+03   1.8300804E+03   1.1409370E-04   1.0453694E-06   5.1878451E-05   1.8235330E+03   1.8300804E+03   1.8191249E+03   0.0000000E+00   0.0000000E+00   0.0000000E+00   0.0000000E+00
   3.7918916E+00   1.6162667E+03   1.6162667E+03   8.7257171E-05   7.9955885E-07   -8.1370172E-05   1.6104842E+03   1.6162667E+03   1.6065911E+03   0.0000000E+00   0.0000000E+00   0.0000000E+00   0.0000000E+00
   4.0747964E+00   1.4269490E+03   1.4269490E+03   6.6710012E-05   6.1133548E-07   -7.8423905E-06   1.4218438E+03   1.4269490E+03   1.4184068E+03   0.0000000E+00   0.0000000E+00   0.0000000E+00   0.0000000E+00
   4.3788081E+00   1.2593916E+03   1.2593916E+03   5.0983143E-05   4.6726758E-07   5.9805111E-05   1.2548859E+03   1.2593916E+03   1.2518525E+03   0.0000000E+00   0.0000000E+00   0.0000000E+00   0.0000000E+00
   4.7055015E+00   1.1111540E+03   1.1111540E+03   3.8954672E-05   3.5704793E-07   4.5780988E-06   1.1071786E+03   1.1111540E+03   1.1045022E+03   0.0000000E+00   0.0000000E+00   0.0000000E+00   0.0000000E+00
   5.0565687E+00   9.8006032E+02   9.8006032E+02   2.9754834E-05   2.7274719E-07   1.1039987E-05   9.7655397E+02   9.8006032E+02   9.7419332E+02   0.0000000E+00   0.0000000E+00   0.0000000E+00   0.0000000E+00
   5.4338283E+00   8.6417223E+02   8.6417223E+02   2.2719149E-05   2.0828521E-07   4.5770105E-05   8.6108049E+02   8.6417223E+02   8.5899898E+02   0.0000000E+00   0.0000000E+00   0.0000000E+00   0.0000000E+00
   5.8392345E+00   7.6176405E+02   7.6176405E+02   1.7342245E-05   1.5902337E-07   -1.3438080E-05   7.5903869E+02   7.6176405E+02   7.5720385E+02   0.0000000E+00   0.0000000E+00   0.0000000E+00   0.0000000E+00
   6.2748871E+00   6.7130033E+02   6.7130033E+02   1.3234371E-05   1.2137946E-07   -2.1583057E-05   6.6889863E+02   6.7130033E+02   6.6728169E+02   0.0000000E+00   0.0000000E+00   0.0000000E+00   0.0000000E+00
   6.7430428E+00   5.9141578E+02   5.9141578E+02   1.0097938E-05   9.2621116E-08   1.9006623E-05   5.8929988E+02   5.9141578E+02   5.8787535E+02   0.0000000E+00   0.0000000E+00   0.0000000E+00   0.0000000E+00
   7.2461265E+00   5.2089707E+02   5.2089707E+02   7.7013939E-06   7.0661240E-08   -8.3713464E-06   5.1903346E+02   5.2089707E+02   5.1777879E+02   0.0000000E+00   0.0000000E+00   0.0000000E+00   0.0000000E+00
   7.7867443E+00   4.5866653E+02   4.5866653E+02   5.8720101E-06   5.3895352E-08   -5.8974178E-07   4.5702556E+02   4.5866653E+02   4.5592078E+02   0.0000000E+00   0.0000000E+00   0.0000000E+00   0.0000000E+00
   8.3676964E+00   4.0376750E+02   4.0376750E+02   4.4762375E-06   4.1099620E-08   -9.4981115E-06   4.0232295E+02   4.0376750E+02   4.0135040E+02   0.0000000E+00   0.0000000E+00   0.0000000E+00   0.0000000E+00
   8.9919920E+00   3.5535121E+02   3.5535121E+02   3.4117956E-06   3.1335094E-08   6.2677671E-06   3.5407987E+02   3.5535121E+02   3.5322394E+02   0.0000000E+00   0.0000000E+00   0.0000000E+00   0.0000000E+00
   9.6628650E+00   3.1266493E+02   3.1266493E+02   2.5995286E-06   2.3886142E-08   3.5143877E-06   3.1154631E+02   3.1266493E+02   3.1079320E+02   0.0000000E+00   0.0000000E+00   0.0000000E+00   0.0000000E+00
   1.0383790E+01   2.7504148E+02   2.7504148E+02   1.9798437E-06   1.8205198E-08   3.3256963E-06   2.7405747E+02   2.7504148E+02   2.7339498E+02   0.0000000E+00   0.0000000E+00   0.0000000E+00   0.0000000E+00
