#           k/h    CDM            baryon         photon         nu             mass_nu        total          no_nu          total_de       Weyl           v_CDM          v_b            v_b-v_c     
   1.0346857E-05   1.3209504E+07   1.3209504E+07   1.7607542E+07   5.2498691E+05   4.7340114E+06   1.3209570E+07   1.3209504E+07   8.5939040E+06   0.0000000E+00   0.0000000E+00   0.0000000E+00   0.0000000E+00
   1.1118814E-05   1.3209495E+07   1.3209495E+07   1.7606735E+07   5.2498005E+05   4.7339268E+06   1.3209561E+07   1.3209495E+07   8.5938973E+06   0.0000000E+00   0.0000000E+00   0.0000000E+00   0.0000000E+00
   1.1948365E-05   1.3209483E+07   1.3209483E+07   1.7605803E+07   5.2497213E+05   4.7338291E+06   1.3209549E+07   1.3209483E+07   8.5938894E+06   0.0000000E+00   0.0000000E+00   0.0000000E+00   0.0000000E+00
   1.2839806E-05   1.3209471E+07   1.3209471E+07   1.7604727E+07   5.2496299E+05   4.7337163E+06   1.3209536E+07   1.3209471E+07   8.5938804E+06   0.0000000E+00   0.0000000E+00   0.0000000E+00   0.0000000E+00
   1.3797756E-05   1.3209456E+07   1.3209456E+07   1.7603485E+07   5.2495243E+05   4.7335860E+06   1.3209521E+07   1.3209456E+07   8.5938699E+06   0.0000000E+00   0.0000000E+00   0.0000000E+00   0.0000000E+00
   1.4827177E-05   1.3209438E+07   1.3209438E+07   1.7602050E+07   5.2494023E+05   4.7334356E+06   1.3209503E+07   1.3209438E+07   8.5938579E+06   0.0000000E+00   0.0000000E+00   0.0000000E+00   0.0000000E+00
   1.5933400E-05   1.3209418E+07   1.3209418E+07   1.7600393E+07   5.2492615E+05   4.7332619E+06   1.3209483E+07   1.3209418E+07   8.5938439E+06   0.0000000E+00   0.0000000E+00   0.0000000E+00   0.0000000E+00
   1.7122157E-05   1.3209396E+07   1.3209396E+07   1.7598481E+07   5.2490989E+05   4.7330613E+06   1.3209460E+07   1.3209396E+07   8.5938278E+06   0.0000000E+00   0.0000000E+00   0.0000000E+00   0.0000000E+00
   1.8399604E-05   1.3209369E+07   1.3209369E+07   1.7596272E+07   5.2489111E+05   4.7328297E+06   1.3209433E+07   1.3209369E+07   8.5938093E+06   0.0000000E+00   0.0000000E+00   0.0000000E+00   0.0000000E+00
   1.9772358E-05   1.3209338E+07   1.3209338E+07   1.7593722E+07   5.2486942E+05   4.7325623E+06   1.3209402E+07   1.3209338E+07   8.5937878E+06   0.0000000E+00   0.0000000E+00   0.0000000E+00   0.0000000E+00
   2.1247531E-05   1.3209303E+07   1.3209303E+07   1.7590778E+07   5.2484439E+05   4.7322535E+06   1.3209366E+07   1.3209303E+07   8.5937630E+06   0.0000000E+00   0.0000000E+00   0.0000000E+00   0.0000000E+00
   2.2832763E-05   1.3209262E+07   1.3209262E+07   1.7587378E+07   5.2481547E+05   4.7318969E+06   1.3209324E+07   1.3209262E+07   8.5937344E+06   0.0000000E+00   0.0000000E+00   0.0000000E+00   0.0000000E+00
   2.4536266E-05   1.3209215E+07   1.3209215E+07   1.7583454E+07   5.2478209E+05   4.7314852E+06   1.3209276E+07   1.3209215E+07   8.5937014E+06   0.0000000E+00   0.0000000E+00   0.0000000E+00   0.0000000E+00
   2.6366863E-05   1.3209161E+07   1.3209161E+07   1.7578922E+07   5.2474354E+05   4.7310098E+06   1.3209221E+07   1.3209161E+07   8.5936633E+06   0.0000000E+00   0.0000000E+00   0.0000000E+00   0.0000000E+00
   2.8334038E-05   1.3209098E+07   1.3209098E+07   1.7573691E+07   5.2469903E+05   4.7304609E+06   1.3209157E+07   1.3209098E+07   8.5936192E+06   0.0000000E+00   0.0000000E+00   0.0000000E+00   0.0000000E+00
   3.0447979E-05   1.3209025E+07   1.3209025E+07   1.7567652E+07   5.2464764E+05   4.7298272E+06   1.3209083E+07   1.3209025E+07   8.5935684E+06   0.0000000E+00   0.0000000E+00   0.0000000E+00   0.0000000E+00
   3.2719636E-05   1.3208941E+07   1.3208941E+07   1.7560681E+07   5.2458831E+05   4.7290955E+06   1.3208998E+07   1.3208941E+07   8.5935097E+06   0.0000000E+00   0.0000000E+00   0.0000000E+00   0.0000000E+00
   3.5160777E-05   1.3208845E+07   1.3208845E+07   1.7552634E+07   5.2451979E+05   4.7282507E+06   1.3208900E+07   1.3208845E+07   8.5934419E+06   0.0000000E+00   0.0000000E+00   0.0000000E+00   0.0000000E+00
   3.7784046E-05   1.3208733E+07   1.3208733E+07   1.7543346E+07   5.2444070E+05   4.7272754E+06   1.3208786E+07   1.3208733E+07   8.5933636E+06   0.0000000E+00   0.0000000E+00   0.0000000E+00   0.0000000E+00
   4.0603032E-05   1.3208604E+07   1.3208604E+07   1.7532626E+07   5.2434938E+05   4.7261496E+06   1.3208655E+07   1.3208604E+07   8.5932733E+06   0.0000000E+00   0.0000000E+00   0.0000000E+00   0.0000000E+00
   4.3632336E-05   1.3208455E+07   1.3208455E+07   1.7520255E+07   5.2424395E+05   4.7248498E+06   1.3208504E+07   1.3208455E+07   8.5931689E+06   0.0000000E+00   0.0000000E+00   0.0000000E+00   0.0000000E+00
   4.6887650E-05   1.3208283E+07   1.3208283E+07   1.7505979E+07   5.2412224E+05   4.7233496E+06   1.3208329E+07   1.3208283E+07   8.5930485E+06   0.0000000E+00   0.0000000E+00   0.0000000E+00   0.0000000E+00
   5.0385836E-05   1.3208085E+07   1.3208085E+07   1.7489508E+07   5.2398174E+05   4.7216178E+06   1.3208127E+07   1.3208085E+07   8.5929095E+06   0.0000000E+00   0.0000000E+00   0.0000000E+00   0.0000000E+00
   5.4145014E-05   1.3207856E+07   1.3207856E+07   1.7470505E+07   5.2381956E+05   4.7196191E+06   1.3207894E+07   1.3207856E+07   8.5927490E+06   0.0000000E+00   0.0000000E+00   0.0000000E+00   0.0000000E+00
   5.8184655E-05   1.3207591E+07   1.3207591E+07   1.7448587E+07   5.2363236E+05   4.7173124E+06   1.3207625E+07   1.3207591E+07   8.5925637E+06   0.0000000E+00   0.0000000E+00   0.0000000E+00   0.0000000E+00
   6.2525686E-05   1.3207286E+07   1.3207286E+07   1.7423308E+07   5.2341631E+05   4.7146506E+06   1.3207314E+07   1.3207286E+07   8.5923499E+06   0.0000000E+00   0.0000000E+00   0.0000000E+00   0.0000000E+00
   6.7190592E-05   1.3206933E+07   1.3206933E+07   1.7394161E+07   5.2316696E+05   4.7115792E+06   1.3206956E+07   1.3206933E+07   8.5921031E+06   0.0000000E+00   0.0000000E+00   0.0000000E+00   0.0000000E+00
   7.2203536E-05   1.3206527E+07   1.3206527E+07   1.7360561E+07   5.2287924E+05   4.7080357E+06   1.3206542E+07   1.3206527E+07   8.5918183E+06   0.0000000E+00   0.0000000E+00   0.0000000E+00   0.0000000E+00
   7.7590485E-05   1.3206057E+07   1.3206057E+07   1.7321838E+07   5.2254725E+05   4.7039481E+06   1.3206065E+07   1.3206057E+07   8.5914897E+06   0.0000000E+00   0.0000000E+00   0.0000000E+00   0.0000000E+00
   8.3379343E-05   1.3205516E+07   1.3205516E+07   1.7277225E+07   5.2216424E+05   4.6992338E+06   1.3205514E+07   1.3205516E+07   8.5911106E+06   0.0000000E+00   0.0000000E+00   0.0000000E+00   0.0000000E+00
   8.9600094E-05   1.3204891E+07   1.3204891E+07   1.7225845E+07   5.2172244E+05   4.6937975E+06   1.3204879E+07   1.3204891E+07   8.5906732E+06   0.0000000E+00   0.0000000E+00   0.0000000E+00   0.0000000E+00
   9.6284963E-05   1.3204170E+07   1.3204170E+07   1.7166695E+07   5.2121290E+05   4.6875302E+06   1.3204145E+07   1.3204170E+07   8.5901687E+06   0.0000000E+00   0.0000000E+00   0.0000000E+00   0.0000000E+00
   1.0346857E-04   1.3203338E+07   1.3203338E+07   1.7098633E+07   5.2062536E+05   4.6803066E+06   1.3203300E+07   1.3203338E+07   8.5895868E+06   0.0000000E+00   0.0000000E+00   0.0000000E+00   0.0000000E+00
   1.1118814E-04   1.3202379E+07   1.3202379E+07   1.7020361E+07   5.1994803E+05   4.6719834E+06   1.3202324E+07   1.3202379E+07   8.5889160E+06   0.0000000E+00   0.0000000E+00   0.0000000E+00   0.0000000E+00
   1.1948365E-04   1.3201273E+07   1.3201273E+07   1.6930404E+07   5.1916740E+05   4.6623964E+06   1.3201200E+07   1.3201273E+07   8.5881427E+06   0.0000000E+00   0.0000000E+00   0.0000000E+00   0.0000000E+00
   1.2839806E-04   1.3199998E+07   1.3199998E+07   1.6827094E+07   5.1826797E+05   4.6513579E+06   1.3199903E+07   1.3199998E+07   8.5872515E+06   0.0000000E+00   0.0000000E+00   0.0000000E+00   0.0000000E+00
   1.3797756E-04   1.3198529E+07   1.3198529E+07   1.6708552E+07   5.1723205E+05   4.6386542E+06   1.3198409E+07   1.3198529E+07   8.5862249E+06   0.0000000E+00   0.0000000E+00   0.0000000E+00   0.0000000E+00
   1.4827177E-04   1.3196836E+07   1.3196836E+07   1.6572666E+07   5.1603938E+05   4.6240416E+06   1.3196687E+07   1.3196836E+07   8.5850426E+06   0.0000000E+00   0.0000000E+00   0.0000000E+00   0.0000000E+00
   1.5933400E-04   1.3194887E+07   1.3194887E+07   1.6417077E+07   5.1466690E+05   4.6072435E+06   1.3194704E+07   1.3194887E+07   8.5836816E+06   0.0000000E+00   0.0000000E+00   0.0000000E+00   0.0000000E+00
   1.7122157E-04   1.3192643E+07   1.3192643E+07   1.6239165E+07   5.1308834E+05   4.5879465E+06   1.3192422E+07   1.3192643E+07   8.5821157E+06   0.0000000E+00   0.0000000E+00   0.0000000E+00   0.0000000E+00
   1.8399604E-04   1.3190060E+07   1.3190060E+07   1.6036040E+07   5.1127390E+05   4.5657968E+06   1.3189795E+07   1.3190060E+07   8.5803150E+06   0.0000000E+00   0.0000000E+00   0.0000000E+00   0.0000000E+00
   1.9772358E-04   1.3187090E+07   1.3187090E+07   1.5804541E+07   5.0918980E+05   4.5403963E+06   1.3186773E+07   1.3187090E+07   8.5782457E+06   0.0000000E+00   0.0000000E+00   0.0000000E+00   0.0000000E+00
   2.1247531E-04   1.3183676E+07   1.3183676E+07   1.5541249E+07   5.0679795E+05   4.5112992E+06   1.3183301E+07   1.3183676E+07   8.5758694E+06   0.0000000E+00   0.0000000E+00   0.0000000E+00   0.0000000E+00
   2.2832763E-04   1.3179755E+07   1.3179755E+07   1.5242511E+07   5.0405551E+05   4.4780087E+06   1.3179312E+07   1.3179755E+07   8.5731430E+06   0.0000000E+00   0.0000000E+00   0.0000000E+00   0.0000000E+00
   2.4536266E-04   1.3175255E+07   1.3175255E+07   1.4904495E+07   5.0091456E+05   4.4399749E+06   1.3174735E+07   1.3175255E+07   8.5700180E+06   0.0000000E+00   0.0000000E+00   0.0000000E+00   0.0000000E+00
   2.6366863E-04   1.3170096E+07   1.3170096E+07   1.4523266E+07   4.9732171E+05   4.3965936E+06   1.3169487E+07   1.3170096E+07   8.5664400E+06   0.0000000E+00   0.0000000E+00   0.0000000E+00   0.0000000E+00
   2.8334038E-04   1.3164188E+07   1.3164188E+07   1.4094901E+07   4.9321794E+05   4.3472068E+06   1.3163476E+07   1.3164188E+07   8.5623487E+06   0.0000000E+00   0.0000000E+00   0.0000000E+00   0.0000000E+00
   3.0447979E-04   1.3157431E+07   1.3157431E+07   1.3615660E+07   4.8853845E+05   4.2911059E+06   1.3156601E+07   1.3157431E+07   8.5576775E+06   0.0000000E+00   0.0000000E+00   0.0000000E+00   0.0000000E+00
   3.2719636E-04   1.3149712E+07   1.3149712E+07   1.3082205E+07   4.8321277E+05   4.2275387E+06   1.3148748E+07   1.3149712E+07   8.5523533E+06   0.0000000E+00   0.0000000E+00   0.0000000E+00   0.0000000E+00
   3.5160777E-04   1.3140911E+07   1.3140911E+07   1.2491891E+07   4.7716514E+05   4.1557202E+06   1.3139792E+07   1.3140911E+07   8.5462966E+06   0.0000000E+00   0.0000000E+00   0.0000000E+00   0.0000000E+00
   3.7784046E-04   1.3130894E+07   1.3130894E+07   1.1843132E+07   4.7031520E+05   4.0748498E+06   1.3129597E+07   1.3130894E+07   8.5394219E+06   0.0000000E+00   0.0000000E+00   0.0000000E+00   0.0000000E+00
   4.0603032E-04   1.3119517E+07   1.3119517E+07   1.1135849E+07   4.6257928E+05   3.9841357E+06   1.3118019E+07   1.3119517E+07   8.5316386E+06   0.0000000E+00   0.0000000E+00   0.0000000E+00   0.0000000E+00
   4.3632336E-04   1.3106628E+07   1.3106628E+07   1.0371989E+07   4.5387221E+05   3.8828274E+06   1.3104899E+07   1.3106628E+07   8.5228521E+06   0.0000000E+00   0.0000000E+00   0.0000000E+00   0.0000000E+00
   4.6887650E-04   1.3092067E+07   1.3092067E+07   9.5560917E+06   4.4410989E+05   3.7702589E+06   1.3090075E+07   1.3092067E+07   8.5129654E+06   0.0000000E+00   0.0000000E+00   0.0000000E+00   0.0000000E+00
   5.0385836E-04   1.3075668E+07   1.3075668E+07   8.6958803E+06   4.3321281E+05   3.6459020E+06   1.3073377E+07   1.3075668E+07   8.5018820E+06   0.0000000E+00   0.0000000E+00   0.0000000E+00   0.0000000E+00
   5.4145014E-04   1.3057264E+07   1.3057264E+07   7.8027816E+06   4.2111052E+05   3.5094307E+06   1.3054635E+07   1.3057264E+07   8.4895086E+06   0.0000000E+00   0.0000000E+00   0.0000000E+00   0.0000000E+00
   5.8184655E-04   1.3036693E+07   1.3036693E+07   6.8922839E+06   4.0774720E+05   3.3607952E+06   1.3033682E+07   1.3036693E+07   8.4757596E+06   0.0000000E+00   0.0000000E+00   0.0000000E+00   0.0000000E+00
   6.2525686E-04   1.3013803E+07   1.3013803E+07   5.9839763E+06   3.9308823E+05   3.2003009E+06   1.3010361E+07   1.3013803E+07   8.4605609E+06   0.0000000E+00   0.0000000E+00   0.0000000E+00   0.0000000E+00
   6.7190592E-04   1.2988459E+07   1.2988459E+07   5.1010837E+06   3.7712765E+05   3.0286884E+06   1.2984534E+07   1.2988459E+07   8.4438557E+06   0.0000000E+00   0.0000000E+00   0.0000000E+00   0.0000000E+00
   7.2203536E-04   1.2960551E+07   1.2960551E+07   4.2692935E+06   3.5989604E+05   2.8472024E+06   1.2956085E+07   1.2960551E+07   8.4256087E+06   0.0000000E+00   0.0000000E+00   0.0000000E+00   0.0000000E+00
   7.7590485E-04   1.2930003E+07   1.2930003E+07   3.5146993E+06   3.4146814E+05   2.6576371E+06   1.2924936E+07   1.2930003E+07   8.4058111E+06   0.0000000E+00   0.0000000E+00   0.0000000E+00   0.0000000E+00
   8.3379343E-04   1.2896780E+07   1.2896780E+07   2.8607974E+06   3.2196927E+05   2.4623427E+06   1.2891048E+07   1.2896780E+07   8.3844829E+06   0.0000000E+00   0.0000000E+00   0.0000000E+00   0.0000000E+00
   8.9600094E-04   1.2860894E+07   1.2860894E+07   2.3246976E+06   3.0157911E+05   2.2641727E+06   1.2854432E+07   1.2860894E+07   8.3616734E+06   0.0000000E+00   0.0000000E+00   0.0000000E+00   0.0000000E+00
   9.6284963E-04   1.2822406E+07   1.2822406E+07   1.9130757E+06   2.8053147E+05   2.0663598E+06   1.2815146E+07   1.2822406E+07   8.3374573E+06   0.0000000E+00   0.0000000E+00   0.0000000E+00   0.0000000E+00
   1.0346857E-03   1.2781421E+07   1.2781421E+07   1.6188605E+06   2.5910839E+05   1.8723123E+06   1.2773298E+07   1.2781421E+07   8.3119269E+06   0.0000000E+00   0.0000000E+00   0.0000000E+00   0.0000000E+00
   1.1118814E-03   1.2738081E+07   1.2738081E+07   1.4200915E+06   2.3762756E+05   1.6853421E+06   1.2729031E+07   1.2738081E+07   8.2851793E+06   0.0000000E+00   0.0000000E+00   0.0000000E+00   0.0000000E+00
   1.1948365E-03   1.2692547E+07   1.2692547E+07   1.2825176E+06   2.1642311E+05   1.5083566E+06   1.2682511E+07   1.2692547E+07   8.2572990E+06   0.0000000E+00   0.0000000E+00   0.0000000E+00   0.0000000E+00
   1.2839806E-03   1.2644972E+07   1.2644972E+07   1.1669283E+06   1.9582117E+05   1.3435704E+06   1.2633901E+07   1.2644972E+07   8.2283406E+06   0.0000000E+00   0.0000000E+00   0.0000000E+00   0.0000000E+00
   1.3797756E-03   1.2595483E+07   1.2595483E+07   1.0405388E+06   1.7611360E+05   1.1923106E+06   1.2583334E+07   1.2595483E+07   8.1983121E+06   0.0000000E+00   0.0000000E+00   0.0000000E+00   0.0000000E+00
   1.4827177E-03   1.2544145E+07   1.2544145E+07   8.8902083E+05   1.5753498E+05   1.0549799E+06   1.2530890E+07   1.2544145E+07   8.1671664E+06   0.0000000E+00   0.0000000E+00   0.0000000E+00   0.0000000E+00
   1.5933400E-03   1.2490952E+07   1.2490952E+07   7.2302545E+05   1.4024811E+05   9.3120476E+05   1.2476573E+07   1.2490952E+07   8.1348018E+06   0.0000000E+00   0.0000000E+00   0.0000000E+00   0.0000000E+00
   1.7122157E-03   1.2435813E+07   1.2435813E+07   5.7266166E+05   1.2434153E+05   8.2012671E+05   1.2420304E+07   1.2435813E+07   8.1010734E+06   0.0000000E+00   0.0000000E+00   0.0000000E+00   0.0000000E+00
   1.8399604E-03   1.2378556E+07   1.2378556E+07   4.6828301E+05   1.0983889E+05   7.2072927E+05   1.2361925E+07   1.2378556E+07   8.0658087E+06   0.0000000E+00   0.0000000E+00   0.0000000E+00   0.0000000E+00
   1.9772358E-03   1.2318947E+07   1.2318947E+07   4.1658247E+05   9.6715363E+04   6.3207018E+05   1.2301206E+07   1.2318947E+07   8.0288210E+06   0.0000000E+00   0.0000000E+00   0.0000000E+00   0.0000000E+00
   2.1247531E-03   1.2256699E+07   1.2256699E+07   3.9112832E+05   8.4914223E+04   5.5334594E+05   1.2237866E+07   1.2256699E+07   7.9899124E+06   0.0000000E+00   0.0000000E+00   0.0000000E+00   0.0000000E+00
   2.2832763E-03   1.2191488E+07   1.2191488E+07   3.5263842E+05   7.4358918E+04   4.8381980E+05   1.2171579E+07   1.2191488E+07   7.9488693E+06   0.0000000E+00   0.0000000E+00   0.0000000E+00   0.0000000E+00
   2.4536266E-03   1.2122962E+07   1.2122962E+07   2.8766501E+05   6.4961225E+04   4.2271193E+05   1.2101990E+07   1.2122962E+07   7.9054575E+06   0.0000000E+00   0.0000000E+00   0.0000000E+00   0.0000000E+00
   2.6366863E-03   1.2050750E+07   1.2050750E+07   2.2353132E+05   5.6628385E+04   3.6913652E+05   1.2028719E+07   1.2050750E+07   7.8594287E+06   0.0000000E+00   0.0000000E+00   0.0000000E+00   0.0000000E+00
   2.8334038E-03   1.1974464E+07   1.1974464E+07   1.9064262E+05   4.9268621E+04   3.2213799E+05   1.1951376E+07   1.1974464E+07   7.8105322E+06   0.0000000E+00   0.0000000E+00   0.0000000E+00   0.0000000E+00
   3.0447979E-03   1.1893707E+07   1.1893707E+07   1.7615640E+05   4.2791494E+04   2.8086134E+05   1.1869560E+07   1.1893707E+07   7.7585204E+06   0.0000000E+00   0.0000000E+00   0.0000000E+00   0.0000000E+00
   3.2719636E-03   1.1808069E+07   1.1808069E+07   1.4802369E+05   3.7106019E+04   2.4472355E+05   1.1782864E+07   1.1808069E+07   7.7031432E+06   0.0000000E+00   0.0000000E+00   0.0000000E+00   0.0000000E+00
   3.5160777E-03   1.1717138E+07   1.1717138E+07   1.1682142E+05   3.2125258E+04   2.1325088E+05   1.1690882E+07   1.1717138E+07   7.6441466E+06   0.0000000E+00   0.0000000E+00   0.0000000E+00   0.0000000E+00
   3.7784046E-03   1.1620505E+07   1.1620505E+07   1.0715498E+05   2.7773039E+04   1.8575137E+05   1.1593210E+07   1.1620505E+07   7.5812809E+06   0.0000000E+00   0.0000000E+00   0.0000000E+00   0.0000000E+00
   4.0603032E-03   1.1517762E+07   1.1517762E+07   9.4615924E+04   2.3979179E+04   1.6162316E+05   1.1489450E+07   1.1517762E+07   7.5143005E+06   0.0000000E+00   0.0000000E+00   0.0000000E+00   0.0000000E+00
   4.3632336E-03   1.1408504E+07   1.1408504E+07   7.1538117E+04   2.0675248E+04   1.4068644E+05   1.1379211E+07   1.1408504E+07   7.4429626E+06   0.0000000E+00   0.0000000E+00   0.0000000E+00   0.0000000E+00
   4.6887650E-03   1.1292343E+07   1.1292343E+07   6.6031061E+04   1.7803169E+04   1.2246453E+05   1.1262121E+07   1.1292343E+07   7.3670365E+06   0.0000000E+00   0.0000000E+00   0.0000000E+00   0.0000000E+00
   5.0385836E-03   1.1168904E+07   1.1168904E+07   5.5583362E+04   1.5311623E+04   1.0647840E+05   1.1137822E+07   1.1168904E+07   7.2862998E+06   0.0000000E+00   0.0000000E+00   0.0000000E+00   0.0000000E+00
   5.4145014E-03   1.1037828E+07   1.1037828E+07   4.6256790E+04   1.3151753E+04   9.2667017E+04   1.1005951E+07   1.1037828E+07   7.2005260E+06   0.0000000E+00   0.0000000E+00   0.0000000E+00   0.0000000E+00
   5.8184655E-03   1.0898766E+07   1.0898766E+07   4.0621756E+04   1.1283241E+04   8.0517306E+04   1.0866149E+07   1.0898766E+07   7.1094888E+06   0.0000000E+00   0.0000000E+00   0.0000000E+00   0.0000000E+00
   6.2525686E-03   1.0751371E+07   1.0751371E+07   3.2833195E+04   9.6673632E+03   7.0021266E+04   1.0718066E+07   1.0751371E+07   7.0129690E+06   0.0000000E+00   0.0000000E+00   0.0000000E+00   0.0000000E+00
   6.7190592E-03   1.0595300E+07   1.0595300E+07   2.9199535E+04   8.2723742E+03   6.0770736E+04   1.0561390E+07   1.0595300E+07   6.9107700E+06   0.0000000E+00   0.0000000E+00   0.0000000E+00   0.0000000E+00
   7.2203536E-03   1.0430228E+07   1.0430228E+07   2.4566600E+04   7.0689716E+03   5.2810077E+04   1.0395818E+07   1.0430228E+07   6.8026994E+06   0.0000000E+00   0.0000000E+00   0.0000000E+00   0.0000000E+00
   7.7590485E-03   1.0255855E+07   1.0255855E+07   1.9632211E+04   6.0326676E+03   4.5807395E+04   1.0221034E+07   1.0255855E+07   6.6885579E+06   0.0000000E+00   0.0000000E+00   0.0000000E+00   0.0000000E+00
   8.3379343E-03   1.0071890E+07   1.0071890E+07   1.8120393E+04   5.1407952E+03   3.9706981E+04   1.0036743E+07   1.0071890E+07   6.5681571E+06   0.0000000E+00   0.0000000E+00   0.0000000E+00   0.0000000E+00
   8.9600094E-03   9.8780433E+06   9.8780433E+06   1.5027066E+04   4.3740644E+03   3.4427537E+04   9.8426730E+06   9.8780433E+06   6.4413242E+06   0.0000000E+00   0.0000000E+00   0.0000000E+00   0.0000000E+00
   9.6284963E-03   9.6740382E+06   9.6740382E+06   1.2040706E+04   3.7158806E+03   2.9795449E+04   9.6385524E+06   9.6740382E+06   6.3078853E+06   0.0000000E+00   0.0000000E+00   0.0000000E+00   0.0000000E+00
   1.0346857E-02   9.4596232E+06   9.4596232E+06   9.9386190E+03   3.1514495E+03   2.5747514E+04   9.4241260E+06   9.4596232E+06   6.1676771E+06   0.0000000E+00   0.0000000E+00   0.0000000E+00   0.0000000E+00
   1.1118814E-02   9.2345631E+06   9.2345631E+06   8.5690046E+03   2.6679561E+03   2.2220418E+04   9.1991629E+06   9.2345631E+06   6.0205518E+06   0.0000000E+00   0.0000000E+00   0.0000000E+00   0.0000000E+00
   1.1948365E-02   8.9986470E+06   8.9986470E+06   7.2329483E+03   2.2543168E+03   1.9158267E+04   8.9634614E+06   8.9986470E+06   5.8663801E+06   0.0000000E+00   0.0000000E+00   0.0000000E+00   0.0000000E+00
   1.2839806E-02   8.7517106E+06   8.7517106E+06   6.0031596E+03   1.9009339E+03   1.6485850E+04   8.7168458E+06   8.7517106E+06   5.7050494E+06   0.0000000E+00   0.0000000E+00   0.0000000E+00   0.0000000E+00
   1.3797756E-02   8.4936366E+06   8.4936366E+06   4.9951387E+03   1.5993988E+03   1.4166987E+04   8.4592099E+06   8.4936366E+06   5.5364923E+06   0.0000000E+00   0.0000000E+00   0.0000000E+00   0.0000000E+00
   1.4827177E-02   8.2243884E+06   8.2243884E+06   4.3061695E+03   1.3425302E+03   1.2148904E+04   8.1905110E+06   8.2243884E+06   5.3606828E+06   0.0000000E+00   0.0000000E+00   0.0000000E+00   0.0000000E+00
   1.5933400E-02   7.9440367E+06   7.9440367E+06   3.7719224E+03   1.1240540E+03   1.0381064E+04   7.9108216E+06   7.9440367E+06   5.1776698E+06   0.0000000E+00   0.0000000E+00   0.0000000E+00   0.0000000E+00
   1.7122157E-02   7.6527963E+06   7.6527963E+06   2.9175615E+03   9.3855869E+02   8.8490653E+03   7.6203515E+06   7.6527963E+06   4.9875921E+06   0.0000000E+00   0.0000000E+00   0.0000000E+00   0.0000000E+00
   1.8399604E-02   7.3510775E+06   7.3510775E+06   2.5849184E+03   7.8136693E+02   7.5281284E+03   7.3195107E+06   7.3510775E+06   4.7907192E+06   0.0000000E+00   0.0000000E+00   0.0000000E+00   0.0000000E+00
   1.9772357E-02   7.0395451E+06   7.0395451E+06   2.0033469E+03   6.4846615E+02   6.3789519E+03   7.0089552E+06   7.0395451E+06   4.5874815E+06   0.0000000E+00   0.0000000E+00   0.0000000E+00   0.0000000E+00
   2.1247526E-02   6.7191853E+06   6.7191853E+06   1.6904843E+03   5.3638466E+02   5.3834484E+03   6.6896674E+06   6.7191853E+06   4.3785229E+06   0.0000000E+00   0.0000000E+00   0.0000000E+00   0.0000000E+00
   2.2832733E-02   6.3913856E+06   6.3913856E+06   1.4249198E+03   4.4212712E+02   4.5300411E+03   6.3630248E+06   6.3913856E+06   4.1647458E+06   0.0000000E+00   0.0000000E+00   0.0000000E+00   0.0000000E+00
   2.4536114E-02   6.0580157E+06   6.0580157E+06   1.1660205E+03   3.6312484E+02   3.7970180E+03   6.0308855E+06   6.0580157E+06   3.9473670E+06   0.0000000E+00   0.0000000E+00   0.0000000E+00   0.0000000E+00
   2.6366199E-02   5.7215200E+06   5.7215200E+06   9.2302775E+02   2.9716887E+02   3.1703742E+03   5.6956795E+06   5.7215200E+06   3.7279777E+06   0.0000000E+00   0.0000000E+00   0.0000000E+00   0.0000000E+00
   2.8331487E-02   5.3850219E+06   5.3850219E+06   7.5069925E+02   2.4236249E+02   2.6399918E+03   5.3605128E+06   5.3850219E+06   3.5086114E+06   0.0000000E+00   0.0000000E+00   0.0000000E+00   0.0000000E+00
   3.0439343E-02   5.0524470E+06   5.0524470E+06   6.3501216E+02   1.9708824E+02   2.1860995E+03   5.0292892E+06   5.0524470E+06   3.2918235E+06   0.0000000E+00   0.0000000E+00   0.0000000E+00   0.0000000E+00
   3.2693641E-02   4.7286380E+06   4.7286380E+06   5.0657945E+02   1.5996707E+02   1.8104430E+03   4.7068258E+06   4.7286380E+06   3.0807674E+06   0.0000000E+00   0.0000000E+00   0.0000000E+00   0.0000000E+00
   3.5090862E-02   4.4193404E+06   4.4193404E+06   3.9487006E+02   1.2982707E+02   1.4958946E+03   4.3988373E+06   4.4193404E+06   2.8791841E+06   0.0000000E+00   0.0000000E+00   0.0000000E+00   0.0000000E+00
   3.7615455E-02   4.1308030E+06   4.1308030E+06   3.1881368E+02   1.0564580E+02   1.2384193E+03   4.1115397E+06   4.1308030E+06   2.6911423E+06   0.0000000E+00   0.0000000E+00   0.0000000E+00   0.0000000E+00
   4.0237593E-02   3.8687425E+06   3.8687425E+06   2.6257929E+02   8.6494824E+01   1.0310493E+03   3.8506191E+06   3.8687425E+06   2.5203640E+06   0.0000000E+00   0.0000000E+00   0.0000000E+00   0.0000000E+00
   4.2917320E-02   3.6368494E+06   3.6368494E+06   2.2335261E+02   7.1492082E+01   8.6567194E+02   3.6197447E+06   3.6368494E+06   2.3692511E+06   0.0000000E+00   0.0000000E+00   0.0000000E+00   0.0000000E+00
   4.5615083E-02   3.4356781E+06   3.4356781E+06   1.9263353E+02   5.9798254E+01   7.3408287E+02   3.4194640E+06   3.4356781E+06   2.2381622E+06   0.0000000E+00   0.0000000E+00   0.0000000E+00   0.0000000E+00
   4.8302138E-02   3.2627354E+06   3.2627354E+06   1.6350267E+02   5.0654962E+01   6.2931646E+02   3.2472919E+06   3.2627354E+06   2.1254709E+06   0.0000000E+00   0.0000000E+00   0.0000000E+00   0.0000000E+00
   5.0964399E-02   3.1135960E+06   3.1135960E+06   1.3746540E+02   4.3427800E+01   5.4555270E+02   3.0988206E+06   3.1135960E+06   2.0282923E+06   0.0000000E+00   0.0000000E+00   0.0000000E+00   0.0000000E+00
   5.3599965E-02   2.9831867E+06   2.9831867E+06   1.1653019E+02   3.7622396E+01   4.7770369E+02   2.9689986E+06   2.9831867E+06   1.9433200E+06   0.0000000E+00   0.0000000E+00   0.0000000E+00   0.0000000E+00
   5.6214439E-02   2.8666579E+06   2.8666579E+06   1.0025482E+02   3.2871835E+01   4.2166590E+02   2.8529973E+06   2.8666579E+06   1.8673937E+06   0.0000000E+00   0.0000000E+00   0.0000000E+00   0.0000000E+00
   5.8816997E-02   2.7597931E+06   2.7597931E+06   8.7542173E+01   2.8910730E+01   3.7445941E+02   2.7466190E+06   2.7597931E+06   1.7977657E+06   0.0000000E+00   0.0000000E+00   0.0000000E+00   0.0000000E+00
   6.1417964E-02   2.6591339E+06   2.6591339E+06   7.7437854E+01   2.5549240E+01   3.3395910E+02   2.6464206E+06   2.6591339E+06   1.7321827E+06   0.0000000E+00   0.0000000E+00   0.0000000E+00   0.0000000E+00
   6.4027575E-02   2.5619791E+06   2.5619791E+06   6.9217791E+01   2.2652101E+01   2.9863697E+02   2.5497132E+06   2.5619791E+06   1.6688845E+06   0.0000000E+00   0.0000000E+00   0.0000000E+00   0.0000000E+00
   6.6655445E-02   2.4663440E+06   2.4663440E+06   6.2489677E+01   2.0122747E+01   2.6741675E+02   2.4545209E+06   2.4663440E+06   1.6065779E+06   0.0000000E+00   0.0000000E+00   0.0000000E+00   0.0000000E+00
   6.9310418E-02   2.3709136E+06   2.3709136E+06   5.6847694E+01   1.7892101E+01   2.3945674E+02   2.3595349E+06   2.3709136E+06   1.5444063E+06   0.0000000E+00   0.0000000E+00   0.0000000E+00   0.0000000E+00
   7.2000584E-02   2.2749981E+06   2.2749981E+06   5.1283433E+01   1.5910716E+01   2.1413795E+02   2.2640681E+06   2.2749981E+06   1.4819199E+06   0.0000000E+00   0.0000000E+00   0.0000000E+00   0.0000000E+00
   7.4733366E-02   2.1784834E+06   2.1784834E+06   4.4424208E+01   1.4143077E+01   1.9129182E+02   2.1680068E+06   2.1784834E+06   1.4190444E+06   0.0000000E+00   0.0000000E+00   0.0000000E+00   0.0000000E+00
   7.7515624E-02   2.0817717E+06   2.0817717E+06   3.7494873E+01   1.2563512E+01   1.7117499E+02   2.0717511E+06   2.0817717E+06   1.3560416E+06   0.0000000E+00   0.0000000E+00   0.0000000E+00   0.0000000E+00
   8.0353764E-02   1.9857032E+06   1.9857032E+06   3.4658379E+01   1.1153101E+01   1.5321924E+02   1.9761370E+06   1.9857032E+06   1.2934586E+06   0.0000000E+00   0.0000000E+00   0.0000000E+00   0.0000000E+00
   8.3253828E-02   1.8914531E+06   1.8914531E+06   3.1222126E+01   9.8973196E+00   1.3633889E+02   1.8823338E+06   1.8914531E+06   1.2320609E+06   0.0000000E+00   0.0000000E+00   0.0000000E+00   0.0000000E+00
   8.6221578E-02   1.8004017E+06   1.8004017E+06   2.6609502E+01   8.7842054E+00   1.2200627E+02   1.7917151E+06   1.8004017E+06   1.1727476E+06   0.0000000E+00   0.0000000E+00   0.0000000E+00   0.0000000E+00
   8.9262558E-02   1.7139808E+06   1.7139808E+06   2.4316672E+01   7.8030499E+00   1.0866711E+02   1.7057055E+06   1.7139808E+06   1.1164511E+06   0.0000000E+00   0.0000000E+00   0.0000000E+00   0.0000000E+00
   9.2382154E-02   1.6335026E+06   1.6335026E+06   2.1972296E+01   6.9433366E+00   9.7447778E+01   1.6256108E+06   1.6335026E+06   1.0640261E+06   0.0000000E+00   0.0000000E+00   0.0000000E+00   0.0000000E+00
   9.5585639E-02   1.5599841E+06   1.5599841E+06   1.8907209E+01   6.1941585E+00   8.7408319E+01   1.5524429E+06   1.5599841E+06   1.0161350E+06   0.0000000E+00   0.0000000E+00   0.0000000E+00   0.0000000E+00
   9.8878209E-02   1.4939871E+06   1.4939871E+06   1.6727353E+01   5.5438407E+00   7.8585695E+01   1.4867610E+06   1.4939871E+06   9.7314365E+05   0.0000000E+00   0.0000000E+00   0.0000000E+00   0.0000000E+00
   1.0226501E-01   1.4354953E+06   1.4354953E+06   1.5012032E+01   4.9799442E+00   7.0947108E+01   1.4285484E+06   1.4354953E+06   9.3504130E+05   0.0000000E+00   0.0000000E+00   0.0000000E+00   0.0000000E+00
   1.0575118E-01   1.3838521E+06   1.3838521E+06   1.3723216E+01   4.4895573E+00   6.4307620E+01   1.3771518E+06   1.3838521E+06   9.0140029E+05   0.0000000E+00   0.0000000E+00   0.0000000E+00   0.0000000E+00
   1.0934184E-01   1.3377829E+06   1.3377829E+06   1.2869683E+01   4.0597653E+00   5.8384924E+01   1.3313025E+06   1.3377829E+06   8.7139020E+05   0.0000000E+00   0.0000000E+00   0.0000000E+00   0.0000000E+00
   1.1304212E-01   1.2955132E+06   1.2955132E+06   1.1385996E+01   3.6783354E+00   5.2993539E+01   1.2892349E+06   1.2955132E+06   8.4385531E+05   0.0000000E+00   0.0000000E+00   0.0000000E+00   0.0000000E+00
   1.1685720E-01   1.2549863E+06   1.2549863E+06   1.0222042E+01   3.3344171E+00   4.8409091E+01   1.2489018E+06   1.2549863E+06   8.1745578E+05   0.0000000E+00   0.0000000E+00   0.0000000E+00   0.0000000E+00
   1.2079229E-01   1.2141591E+06   1.2141591E+06   9.2004412E+00   3.0192139E+00   4.3884833E+01   1.2082702E+06   1.2141591E+06   7.9086087E+05   0.0000000E+00   0.0000000E+00   0.0000000E+00   0.0000000E+00
   1.2485262E-01   1.1713402E+06   1.1713402E+06   8.6015101E+00   2.7264162E+00   3.9819773E+01   1.1656570E+06   1.1713402E+06   7.6296882E+05   0.0000000E+00   0.0000000E+00   0.0000000E+00   0.0000000E+00
   1.2904351E-01   1.1255093E+06   1.1255093E+06   7.7672945E+00   2.4524124E+00   3.5991214E+01   1.1200464E+06   1.1255093E+06   7.3311498E+05   0.0000000E+00   0.0000000E+00   0.0000000E+00   0.0000000E+00
   1.3337031E-01   1.0765472E+06   1.0765472E+06   6.9089189E+00   2.1960813E+00   3.2325966E+01   1.0713203E+06   1.0765472E+06   7.0122178E+05   0.0000000E+00   0.0000000E+00   0.0000000E+00   0.0000000E+00
   1.3783845E-01   1.0253078E+06   1.0253078E+06   5.9252131E+00   1.9582467E+00   2.8937137E+01   1.0203281E+06   1.0253078E+06   6.6784544E+05   0.0000000E+00   0.0000000E+00   0.0000000E+00   0.0000000E+00
   1.4245342E-01   9.7348244E+05   9.7348244E+05   5.4531564E+00   1.7408366E+00   2.5880719E+01   9.6875307E+05   9.7348244E+05   6.3408753E+05   0.0000000E+00   0.0000000E+00   0.0000000E+00   0.0000000E+00
   1.4722078E-01   9.2324953E+05   9.2324953E+05   4.6528153E+00   1.5458869E+00   2.3025854E+01   9.1876296E+05   9.2324953E+05   6.0136704E+05   0.0000000E+00   0.0000000E+00   0.0000000E+00   0.0000000E+00
   1.5214617E-01   8.7676156E+05   8.7676156E+05   4.2436886E+00   1.3745914E+00   2.0518224E+01   8.7249977E+05   8.7676156E+05   5.7108596E+05   0.0000000E+00   0.0000000E+00   0.0000000E+00   0.0000000E+00
   1.5723532E-01   8.3557949E+05   8.3557949E+05   3.8018375E+00   1.2266269E+00   1.8374733E+01   8.3151687E+05   8.3557949E+05   5.4426103E+05   0.0000000E+00   0.0000000E+00   0.0000000E+00   0.0000000E+00
   1.6249405E-01   8.0021069E+05   8.0021069E+05   3.3353121E+00   1.0999130E+00   1.6543202E+01   7.9631914E+05   8.0021069E+05   5.2122273E+05   0.0000000E+00   0.0000000E+00   0.0000000E+00   0.0000000E+00
   1.6792829E-01   7.6990983E+05   7.6990983E+05   3.0543087E+00   9.9087521E-01   1.4997044E+01   7.6616481E+05   7.6990983E+05   5.0148553E+05   0.0000000E+00   0.0000000E+00   0.0000000E+00   0.0000000E+00
   1.7354408E-01   7.4285090E+05   7.4285090E+05   2.7208732E+00   8.9516836E-01   1.3554536E+01   7.3923675E+05   7.4285090E+05   4.8386005E+05   0.0000000E+00   0.0000000E+00   0.0000000E+00   0.0000000E+00
   1.7934759E-01   7.1667086E+05   7.1667086E+05   2.4873988E+00   8.0862675E-01   1.2280430E+01   7.1318340E+05   7.1667086E+05   4.6680711E+05   0.0000000E+00   0.0000000E+00   0.0000000E+00   0.0000000E+00
   1.8534517E-01   6.8924575E+05   6.8924575E+05   2.2246132E+00   7.2816873E-01   1.1093561E+01   6.8589112E+05   6.8924575E+05   4.4894323E+05   0.0000000E+00   0.0000000E+00   0.0000000E+00   0.0000000E+00
   1.9154331E-01   6.5943888E+05   6.5943888E+05   1.9805396E+00   6.5233111E-01   9.9893131E+00   6.5622877E+05   6.5943888E+05   4.2952804E+05   0.0000000E+00   0.0000000E+00   0.0000000E+00   0.0000000E+00
   1.9794872E-01   6.2751926E+05   6.2751926E+05   1.8123526E+00   5.8124831E-01   8.9122246E+00   6.2446403E+05   6.2751926E+05   4.0873676E+05   0.0000000E+00   0.0000000E+00   0.0000000E+00   0.0000000E+00
   2.0456835E-01   5.9503290E+05   5.9503290E+05   1.6059013E+00   5.1608231E-01   7.9516995E+00   5.9213539E+05   5.9503290E+05   3.8757637E+05   0.0000000E+00   0.0000000E+00   0.0000000E+00   0.0000000E+00
   2.1140942E-01   5.6411972E+05   5.6411972E+05   1.4278335E+00   4.5813185E-01   7.0752604E+00   5.6137234E+05   5.6411972E+05   3.6744073E+05   0.0000000E+00   0.0000000E+00   0.0000000E+00   0.0000000E+00
   2.1847947E-01   5.3653351E+05   5.3653351E+05   1.2500761E+00   4.0799119E-01   6.3058886E+00   5.3392013E+05   5.3653351E+05   3.4947216E+05   0.0000000E+00   0.0000000E+00   0.0000000E+00   0.0000000E+00
   2.2578640E-01   5.1281458E+05   5.1281458E+05   1.1357620E+00   3.6512465E-01   5.6692247E+00   5.1031640E+05   5.1281458E+05   3.3402258E+05   0.0000000E+00   0.0000000E+00   0.0000000E+00   0.0000000E+00
   2.3333856E-01   4.9205375E+05   4.9205375E+05   1.0108525E+00   3.2802924E-01   5.1095861E+00   4.8965642E+05   4.9205375E+05   3.2049980E+05   0.0000000E+00   0.0000000E+00   0.0000000E+00   0.0000000E+00
   2.4114478E-01   4.7242136E+05   4.7242136E+05   9.1622831E-01   2.9487912E-01   4.6007570E+00   4.7011942E+05   4.7242136E+05   3.0771205E+05   0.0000000E+00   0.0000000E+00   0.0000000E+00   0.0000000E+00
   2.4921446E-01   4.5221181E+05   4.5221181E+05   8.0608965E-01   2.6428155E-01   4.1294701E+00   4.5000810E+05   4.5221181E+05   2.9454839E+05   0.0000000E+00   0.0000000E+00   0.0000000E+00   0.0000000E+00
   2.5755769E-01   4.3080745E+05   4.3080745E+05   7.2321010E-01   2.3572829E-01   3.6903375E+00   4.2870783E+05   4.3080745E+05   2.8060651E+05   0.0000000E+00   0.0000000E+00   0.0000000E+00   0.0000000E+00
   2.6618530E-01   4.0895072E+05   4.0895072E+05   6.3907485E-01   2.0950250E-01   3.2899141E+00   4.0695744E+05   4.0895072E+05   2.6637001E+05   0.0000000E+00   0.0000000E+00   0.0000000E+00   0.0000000E+00
   2.7510902E-01   3.8811956E+05   3.8811956E+05   5.7646898E-01   1.8614432E-01   2.9316114E+00   3.8622764E+05   3.8811956E+05   2.5280152E+05   0.0000000E+00   0.0000000E+00   0.0000000E+00   0.0000000E+00
   2.8434160E-01   3.6942047E+05   3.6942047E+05   5.1025333E-01   1.6585853E-01   2.6229550E+00   3.6761954E+05   3.6942047E+05   2.4062178E+05   0.0000000E+00   0.0000000E+00   0.0000000E+00   0.0000000E+00
   2.9389696E-01   3.5280711E+05   3.5280711E+05   4.5829758E-01   1.4826678E-01   2.3462748E+00   3.5108703E+05   3.5280711E+05   2.2980059E+05   0.0000000E+00   0.0000000E+00   0.0000000E+00   0.0000000E+00
   3.0379037E-01   3.3723051E+05   3.3723051E+05   4.0755444E-01   1.3263993E-01   2.1041706E+00   3.3558626E+05   3.3723051E+05   2.1965471E+05   0.0000000E+00   0.0000000E+00   0.0000000E+00   0.0000000E+00
   3.1403870E-01   3.2158969E+05   3.2158969E+05   3.6395184E-01   1.1836754E-01   1.8824738E+00   3.2002159E+05   3.2158969E+05   2.0946701E+05   0.0000000E+00   0.0000000E+00   0.0000000E+00   0.0000000E+00
   3.2466063E-01   3.0564796E+05   3.0564796E+05   3.2383070E-01   1.0526012E-01   1.6749759E+00   3.0415748E+05   3.0564796E+05   1.9908332E+05   0.0000000E+00   0.0000000E+00   0.0000000E+00   0.0000000E+00
   3.3567695E-01   2.9008430E+05   2.9008430E+05   2.8717167E-01   9.3451807E-02   1.4884517E+00   2.8866963E+05   2.9008430E+05   1.8894590E+05   0.0000000E+00   0.0000000E+00   0.0000000E+00   0.0000000E+00
   3.4711095E-01   2.7566875E+05   2.7566875E+05   2.5508929E-01   8.3053874E-02   1.3284108E+00   2.7432430E+05   2.7566875E+05   1.7955630E+05   0.0000000E+00   0.0000000E+00   0.0000000E+00   0.0000000E+00
   3.5898879E-01   2.6244475E+05   2.6244475E+05   2.2681290E-01   7.3923861E-02   1.1831176E+00   2.6116473E+05   2.6244475E+05   1.7094283E+05   0.0000000E+00   0.0000000E+00   0.0000000E+00   0.0000000E+00
   3.7134009E-01   2.4979176E+05   2.4979176E+05   2.0217049E-01   6.5757197E-02   1.0544160E+00   2.4857338E+05   2.4979176E+05   1.6270129E+05   0.0000000E+00   0.0000000E+00   0.0000000E+00   0.0000000E+00
   3.8419847E-01   2.3722583E+05   2.3722583E+05   1.7896474E-01   5.8339463E-02   9.3620338E-01   2.3606868E+05   2.3722583E+05   1.5451646E+05   0.0000000E+00   0.0000000E+00   0.0000000E+00   0.0000000E+00
   3.9760239E-01   2.2491192E+05   2.2491192E+05   1.5890939E-01   5.1645012E-02   8.3099258E-01   2.2381479E+05   2.2491192E+05   1.4649580E+05   0.0000000E+00   0.0000000E+00   0.0000000E+00   0.0000000E+00
   4.1159606E-01   2.1327083E+05   2.1327083E+05   1.4029542E-01   4.5698931E-02   7.3625268E-01   2.1223044E+05   2.1327083E+05   1.3891337E+05   0.0000000E+00   0.0000000E+00   0.0000000E+00   0.0000000E+00
   4.2623066E-01   2.0231892E+05   2.0231892E+05   1.2432693E-01   4.0426306E-02   6.5292543E-01   2.0133192E+05   2.0231892E+05   1.3177985E+05   0.0000000E+00   0.0000000E+00   0.0000000E+00   0.0000000E+00
   4.4156578E-01   1.9171623E+05   1.9171623E+05   1.0975106E-01   3.5693271E-02   5.7759240E-01   1.9078091E+05   1.9171623E+05   1.2487379E+05   0.0000000E+00   0.0000000E+00   0.0000000E+00   0.0000000E+00
   4.5767137E-01   1.8134014E+05   1.8134014E+05   9.6618195E-02   3.1427292E-02   5.0920478E-01   1.8045541E+05   1.8134014E+05   1.1811534E+05   0.0000000E+00   0.0000000E+00   0.0000000E+00   0.0000000E+00
   4.7463006E-01   1.7137396E+05   1.7137396E+05   8.4866422E-02   2.7615670E-02   4.4821079E-01   1.7053782E+05   1.7137396E+05   1.1162388E+05   0.0000000E+00   0.0000000E+00   0.0000000E+00   0.0000000E+00
   4.9254030E-01   1.6185383E+05   1.6185383E+05   7.4427811E-02   2.4219294E-02   3.9379492E-01   1.6106411E+05   1.6185383E+05   1.0542295E+05   0.0000000E+00   0.0000000E+00   0.0000000E+00   0.0000000E+00
   5.1152025E-01   1.5261076E+05   1.5261076E+05   6.5024957E-02   2.1173032E-02   3.4439957E-01   1.5186612E+05   1.5261076E+05   9.9402498E+04   0.0000000E+00   0.0000000E+00   0.0000000E+00   0.0000000E+00
   5.3171293E-01   1.4362248E+05   1.4362248E+05   5.6649837E-02   1.8441345E-02   3.0055049E-01   1.4292167E+05   1.4362248E+05   9.3547994E+04   0.0000000E+00   0.0000000E+00   0.0000000E+00   0.0000000E+00
   5.5329272E-01   1.3494704E+05   1.3494704E+05   4.9135655E-02   1.6002184E-02   2.6129168E-01   1.3428855E+05   1.3494704E+05   8.7897269E+04   0.0000000E+00   0.0000000E+00   0.0000000E+00   0.0000000E+00
   5.7647382E-01   1.2651149E+05   1.2651149E+05   4.2446002E-02   1.3819671E-02   2.2605659E-01   1.2589415E+05   1.2651149E+05   8.2402793E+04   0.0000000E+00   0.0000000E+00   0.0000000E+00   0.0000000E+00
   6.0152076E-01   1.1828334E+05   1.1828334E+05   3.6441508E-02   1.1867268E-02   1.9405180E-01   1.1770613E+05   1.1828334E+05   7.7043407E+04   0.0000000E+00   0.0000000E+00   0.0000000E+00   0.0000000E+00
   6.2876121E-01   1.1026764E+05   1.1026764E+05   3.1090078E-02   1.0125251E-02   1.6616117E-01   1.0972953E+05   1.1026764E+05   7.1822399E+04   0.0000000E+00   0.0000000E+00   0.0000000E+00   0.0000000E+00
   6.5860041E-01   1.0242273E+05   1.0242273E+05   2.6320308E-02   8.5720131E-03   1.4072524E-01   1.0192289E+05   1.0242273E+05   6.6712642E+04   0.0000000E+00   0.0000000E+00   0.0000000E+00   0.0000000E+00
   6.9153484E-01   9.4744176E+04   9.4744176E+04   2.2082274E-02   7.1920874E-03   1.1833267E-01   9.4281799E+04   9.4744176E+04   6.1711239E+04   0.0000000E+00   0.0000000E+00   0.0000000E+00   0.0000000E+00
   7.2815962E-01   8.7219913E+04   8.7219913E+04   1.8334328E-02   5.9716501E-03   9.8443097E-02   8.6794246E+04   8.7219913E+04   5.6810334E+04   0.0000000E+00   0.0000000E+00   0.0000000E+00   0.0000000E+00
   7.6915868E-01   7.9858942E+04   7.9858942E+04   1.5044509E-02   4.9003248E-03   8.0813673E-02   7.9469191E+04   7.9858942E+04   5.2015790E+04   0.0000000E+00   0.0000000E+00   0.0000000E+00   0.0000000E+00
   8.1526163E-01   7.2686977E+04   7.2686977E+04   1.2187753E-02   3.9700533E-03   6.5697673E-02   7.2332222E+04   7.2686977E+04   4.7344356E+04   0.0000000E+00   0.0000000E+00   0.0000000E+00   0.0000000E+00
   8.6715459E-01   6.5757694E+04   6.5757694E+04   9.7452024E-03   3.1745938E-03   5.2566078E-02   6.5436751E+04   6.5757694E+04   4.2830993E+04   0.0000000E+00   0.0000000E+00   0.0000000E+00   0.0000000E+00
   9.2535853E-01   5.9148534E+04   5.9148534E+04   7.6979591E-03   2.5076079E-03   4.1590320E-02   5.8859843E+04   5.9148534E+04   3.8526141E+04   0.0000000E+00   0.0000000E+00   0.0000000E+00   0.0000000E+00
   9.9013727E-01   5.2945065E+04   5.2945065E+04   6.0214177E-03   1.9605194E-03   3.2575729E-02   5.2686648E+04   5.2945065E+04   3.4485536E+04   0.0000000E+00   0.0000000E+00   0.0000000E+00   0.0000000E+00
   1.0615162E+00   4.7217378E+04   4.7217378E+04   4.6695866E-03   1.5211986E-03   2.5342315E-02   4.6986913E+04   4.7217378E+04   3.0754830E+04   0.0000000E+00   0.0000000E+00   0.0000000E+00   0.0000000E+00
   1.1394201E+00   4.2003955E+04   4.2003955E+04   3.6049821E-03   1.1745207E-03   1.9610214E-02   4.1798934E+04   4.2003955E+04   2.7359088E+04   0.0000000E+00   0.0000000E+00   0.0000000E+00   0.0000000E+00
   1.2238358E+00   3.7307982E+04   3.7307982E+04   2.7752909E-03   9.0426312E-04   1.5088561E-02   3.7125880E+04   3.7307982E+04   2.4300386E+04   0.0000000E+00   0.0000000E+00   0.0000000E+00   0.0000000E+00
   1.3149024E+00   3.3104081E+04   3.3104081E+04   2.1331761E-03   6.9507965E-04   1.1635861E-02   3.2942496E+04   3.3104081E+04   2.1562193E+04   0.0000000E+00   0.0000000E+00   0.0000000E+00   0.0000000E+00
   1.4129181E+00   2.9353910E+04   2.9353910E+04   1.6381434E-03   5.3379341E-04   8.9262590E-03   2.9210629E+04   2.9353910E+04   1.9119535E+04   0.0000000E+00   0.0000000E+00   0.0000000E+00   0.0000000E+00
   1.5183058E+00   2.6014896E+04   2.6014896E+04   1.2572784E-03   4.0968127E-04   6.8627104E-03   2.5887912E+04   2.6014896E+04   1.6944683E+04   0.0000000E+00   0.0000000E+00   0.0000000E+00   0.0000000E+00
   1.6315759E+00   2.3044755E+04   2.3044755E+04   9.6429360E-04   3.1426871E-04   5.2664006E-03   2.2932268E+04   2.3044755E+04   1.5010095E+04   0.0000000E+00   0.0000000E+00   0.0000000E+00   0.0000000E+00
   1.7533025E+00   2.0404917E+04   2.0404917E+04   7.3952356E-04   2.4097177E-04   4.0412517E-03   2.0305315E+04   2.0404917E+04   1.3290648E+04   0.0000000E+00   0.0000000E+00   0.0000000E+00   0.0000000E+00
   1.8841123E+00   1.8059832E+04   1.8059832E+04   5.6668313E-04   1.8469141E-04   3.0963990E-03   1.7971677E+04   1.8059832E+04   1.1763187E+04   0.0000000E+00   0.0000000E+00   0.0000000E+00   0.0000000E+00
   2.0246818E+00   1.5977826E+04   1.5977826E+04   4.3426459E-04   1.4149862E-04   2.3804920E-03   1.5899833E+04   1.5977826E+04   1.0407082E+04   0.0000000E+00   0.0000000E+00   0.0000000E+00   0.0000000E+00
   2.1757389E+00   1.4130296E+04   1.4130296E+04   3.3253854E-04   1.0836468E-04   1.8249998E-03   1.4061322E+04   1.4130296E+04   9.2037024E+03   0.0000000E+00   0.0000000E+00   0.0000000E+00   0.0000000E+00
   2.3380660E+00   1.2491634E+04   1.2491634E+04   2.5455912E-04   8.2957936E-05   1.3926275E-03   1.2430659E+04   1.2491634E+04   8.1363676E+03   0.0000000E+00   0.0000000E+00   0.0000000E+00   0.0000000E+00
   2.5125040E+00   1.1038945E+04   1.1038945E+04   1.9479762E-04   6.3484639E-05   1.0648515E-03   1.0985060E+04   1.1038945E+04   7.1901647E+03   0.0000000E+00   0.0000000E+00   0.0000000E+00   0.0000000E+00
   2.6999565E+00   9.7517059E+03   9.7517059E+03   1.4901352E-04   4.8565106E-05   8.2011159E-04   9.7041044E+03   9.7517059E+03   6.3517278E+03   0.0000000E+00   0.0000000E+00   0.0000000E+00   0.0000000E+00
   2.9013944E+00   8.6115815E+03   8.6115815E+03   1.1401077E-04   3.7138968E-05   6.2553593E-04   8.5695452E+03   8.6115815E+03   5.6091130E+03   0.0000000E+00   0.0000000E+00   0.0000000E+00   0.0000000E+00
   3.1178611E+00   7.6021955E+03   7.6021955E+03   8.7047513E-05   2.8391574E-05   4.7914693E-04   7.5650864E+03   7.6021955E+03   4.9516542E+03   0.0000000E+00   0.0000000E+00   0.0000000E+00   0.0000000E+00
   3.3504780E+00   6.7089299E+03   6.7089299E+03   6.6579373E-05   2.1697414E-05   3.6594971E-04   6.6761811E+03   6.7089299E+03   4.3698298E+03   0.0000000E+00   0.0000000E+00   0.0000000E+00   0.0000000E+00
   3.6004499E+00   5.9187458E+03   5.9187458E+03   5.0861658E-05   1.6576364E-05   2.8008327E-04   5.8898541E+03   5.9187458E+03   3.8551471E+03   0.0000000E+00   0.0000000E+00   0.0000000E+00   0.0000000E+00
   3.8690716E+00   5.2200213E+03   5.2200213E+03   3.8859075E-05   1.2660103E-05   2.1494092E-04   5.1945403E+03   5.2200213E+03   3.4000362E+03   0.0000000E+00   0.0000000E+00   0.0000000E+00   0.0000000E+00
   4.1577347E+00   4.6024048E+03   4.6024048E+03   2.9658345E-05   9.6662113E-06   1.6305934E-04   4.5799387E+03   4.6024048E+03   2.9977546E+03   0.0000000E+00   0.0000000E+00   0.0000000E+00   0.0000000E+00
   4.4679342E+00   4.0566821E+03   4.0566821E+03   2.2637304E-05   7.3781887E-06   1.2462536E-04   4.0368798E+03   4.0566821E+03   2.6423007E+03   0.0000000E+00   0.0000000E+00   0.0000000E+00   0.0000000E+00
   4.8012771E+00   3.5746560E+03   3.5746560E+03   1.7274639E-05   5.6301696E-06   9.5455906E-05   3.5572067E+03   3.5746560E+03   2.3283353E+03   0.0000000E+00   0.0000000E+00   0.0000000E+00   0.0000000E+00
   5.1594899E+00   3.1490390E+03   3.1490390E+03   1.3178141E-05   4.2951178E-06   7.2872140E-05   3.1336673E+03   3.1490390E+03   2.0511116E+03   0.0000000E+00   0.0000000E+00   0.0000000E+00   0.0000000E+00
   5.5444283E+00   2.7733557E+03   2.7733557E+03   1.0049968E-05   3.2757739E-06   5.5567983E-05   2.7598178E+03   2.7733557E+03   1.8064121E+03   0.0000000E+00   0.0000000E+00   0.0000000E+00   0.0000000E+00
   5.9580860E+00   2.4418556E+03   2.4418556E+03   7.6632122E-06   2.4977058E-06   4.2501555E-05   2.4299358E+03   2.4418556E+03   1.5904910E+03   0.0000000E+00   0.0000000E+00   0.0000000E+00   0.0000000E+00
   6.4026059E+00   2.1494346E+03   2.1494346E+03   5.8404638E-06   1.9039724E-06   3.2353420E-05   2.1389423E+03   2.1494346E+03   1.4000240E+03   0.0000000E+00   0.0000000E+00   0.0000000E+00   0.0000000E+00
   6.8802904E+00   1.8915648E+03   1.8915648E+03   4.4518093E-06   1.4510253E-06   2.4854630E-05   1.8823313E+03   1.8915648E+03   1.2320618E+03   0.0000000E+00   0.0000000E+00   0.0000000E+00   0.0000000E+00
   7.3936139E+00   1.6642315E+03   1.6642315E+03   3.3914215E-06   1.1055733E-06   1.9009228E-05   1.6561077E+03   1.6642315E+03   1.0839893E+03   0.0000000E+00   0.0000000E+00   0.0000000E+00   0.0000000E+00
   7.9452354E+00   1.4638764E+03   1.4638764E+03   2.5830959E-06   8.4217317E-07   1.4203498E-05   1.4567306E+03   1.4638764E+03   9.5348897E+02   0.0000000E+00   0.0000000E+00   0.0000000E+00   0.0000000E+00
   8.5380122E+00   1.2873475E+03   1.2873475E+03   1.9672897E-06   6.4138616E-07   1.0585597E-05   1.2810634E+03   1.2873475E+03   8.3850767E+02   0.0000000E+00   0.0000000E+00   0.0000000E+00   0.0000000E+00
   9.1750147E+00   1.1318536E+03   1.1318536E+03   1.4978180E-06   4.8836544E-07   8.2754907E-06   1.1263286E+03   1.1318536E+03   7.3722750E+02   0.0000000E+00   0.0000000E+00   0.0000000E+00   0.0000000E+00
   9.8595426E+00   9.9492472E+02   9.9492472E+02   1.1402755E-06   3.7177527E-07   6.3901013E-06   9.9006807E+02   9.9492472E+02   6.4803949E+02   0.0000000E+00   0.0000000E+00   0.0000000E+00   0.0000000E+00
   1.0595142E+01   8.7437523E+02   8.7437523E+02   8.6804174E-07   2.8296272E-07   4.9426289E-06   8.7010703E+02   8.7437523E+02   5.6952015E+02   0.0000000E+00   0.0000000E+00   0.0000000E+00   0.0000000E+00
