#           k/h    CDM            baryon         photon         nu             mass_nu        total          no_nu          total_de       Weyl           v_CDM          v_b            v_b-v_c     
   1.1696660E-05   1.8932394E+07   1.8932394E+07   2.5231525E+07   7.1125700E+05   1.6155554E+07   1.8932404E+07   1.8932394E+07   8.8682237E+06   0.0000000E+00   0.0000000E+00   0.0000000E+00   0.0000000E+00
   1.2569322E-05   1.8932378E+07   1.8932378E+07   2.5229698E+07   7.1124403E+05   1.6155174E+07   1.8932389E+07   1.8932378E+07   8.8682165E+06   0.0000000E+00   0.0000000E+00   0.0000000E+00   0.0000000E+00
   1.3507092E-05   1.8932360E+07   1.8932360E+07   2.5227589E+07   7.1122906E+05   1.6154735E+07   1.8932370E+07   1.8932360E+07   8.8682082E+06   0.0000000E+00   0.0000000E+00   0.0000000E+00   0.0000000E+00
   1.4514827E-05   1.8932339E+07   1.8932339E+07   2.5225154E+07   7.1121177E+05   1.6154228E+07   1.8932349E+07   1.8932339E+07   8.8681987E+06   0.0000000E+00   0.0000000E+00   0.0000000E+00   0.0000000E+00
   1.5597746E-05   1.8932315E+07   1.8932315E+07   2.5222343E+07   7.1119180E+05   1.6153643E+07   1.8932325E+07   1.8932315E+07   8.8681876E+06   0.0000000E+00   0.0000000E+00   0.0000000E+00   0.0000000E+00
   1.6761460E-05   1.8932287E+07   1.8932287E+07   2.5219096E+07   7.1116875E+05   1.6152968E+07   1.8932297E+07   1.8932287E+07   8.8681749E+06   0.0000000E+00   0.0000000E+00   0.0000000E+00   0.0000000E+00
   1.8011997E-05   1.8932255E+07   1.8932255E+07   2.5215348E+07   7.1114212E+05   1.6152188E+07   1.8932264E+07   1.8932255E+07   8.8681601E+06   0.0000000E+00   0.0000000E+00   0.0000000E+00   0.0000000E+00
   1.9355833E-05   1.8932218E+07   1.8932218E+07   2.5211020E+07   7.1111138E+05   1.6151287E+07   1.8932227E+07   1.8932218E+07   8.8681431E+06   0.0000000E+00   0.0000000E+00   0.0000000E+00   0.0000000E+00
   2.0799929E-05   1.8932175E+07   1.8932175E+07   2.5206023E+07   7.1107589E+05   1.6150247E+07   1.8932184E+07   1.8932175E+07   8.8681235E+06   0.0000000E+00   0.0000000E+00   0.0000000E+00   0.0000000E+00
   2.2351767E-05   1.8932126E+07   1.8932126E+07   2.5200253E+07   7.1103490E+05   1.6149046E+07   1.8932134E+07   1.8932126E+07   8.8681008E+06   0.0000000E+00   0.0000000E+00   0.0000000E+00   0.0000000E+00
   2.4019383E-05   1.8932069E+07   1.8932069E+07   2.5193593E+07   7.1098757E+05   1.6147660E+07   1.8932076E+07   1.8932069E+07   8.8680746E+06   0.0000000E+00   0.0000000E+00   0.0000000E+00   0.0000000E+00
   2.5811417E-05   1.8932003E+07   1.8932003E+07   2.5185903E+07   7.1093292E+05   1.6146059E+07   1.8932010E+07   1.8932003E+07   8.8680444E+06   0.0000000E+00   0.0000000E+00   0.0000000E+00   0.0000000E+00
   2.7737151E-05   1.8931927E+07   1.8931927E+07   2.5177026E+07   7.1086982E+05   1.6144210E+07   1.8931933E+07   1.8931927E+07   8.8680094E+06   0.0000000E+00   0.0000000E+00   0.0000000E+00   0.0000000E+00
   2.9806560E-05   1.8931839E+07   1.8931839E+07   2.5166779E+07   7.1079697E+05   1.6142076E+07   1.8931844E+07   1.8931839E+07   8.8679691E+06   0.0000000E+00   0.0000000E+00   0.0000000E+00   0.0000000E+00
   3.2030363E-05   1.8931737E+07   1.8931737E+07   2.5154950E+07   7.1071285E+05   1.6139611E+07   1.8931742E+07   1.8931737E+07   8.8679226E+06   0.0000000E+00   0.0000000E+00   0.0000000E+00   0.0000000E+00
   3.4420078E-05   1.8931620E+07   1.8931620E+07   2.5141297E+07   7.1061573E+05   1.6136766E+07   1.8931623E+07   1.8931620E+07   8.8678688E+06   0.0000000E+00   0.0000000E+00   0.0000000E+00   0.0000000E+00
   3.6988086E-05   1.8931484E+07   1.8931484E+07   2.5125540E+07   7.1050359E+05   1.6133482E+07   1.8931487E+07   1.8931484E+07   8.8678068E+06   0.0000000E+00   0.0000000E+00   0.0000000E+00   0.0000000E+00
   3.9747686E-05   1.8931328E+07   1.8931328E+07   2.5107355E+07   7.1037414E+05   1.6129690E+07   1.8931329E+07   1.8931328E+07   8.8677352E+06   0.0000000E+00   0.0000000E+00   0.0000000E+00   0.0000000E+00
   4.2713175E-05   1.8931148E+07   1.8931148E+07   2.5086372E+07   7.1022469E+05   1.6125313E+07   1.8931147E+07   1.8931148E+07   8.8676525E+06   0.0000000E+00   0.0000000E+00   0.0000000E+00   0.0000000E+00
   4.5899912E-05   1.8930939E+07   1.8930939E+07   2.5062161E+07   7.1005216E+05   1.6120260E+07   1.8930937E+07   1.8930939E+07   8.8675570E+06   0.0000000E+00   0.0000000E+00   0.0000000E+00   0.0000000E+00
   4.9324405E-05   1.8930699E+07   1.8930699E+07   2.5034230E+07   7.0985300E+05   1.6114428E+07   1.8930694E+07   1.8930699E+07   8.8674468E+06   0.0000000E+00   0.0000000E+00   0.0000000E+00   0.0000000E+00
   5.3004392E-05   1.8930421E+07   1.8930421E+07   2.5002013E+07   7.0962311E+05   1.6107697E+07   1.8930414E+07   1.8930421E+07   8.8673196E+06   0.0000000E+00   0.0000000E+00   0.0000000E+00   0.0000000E+00
   5.6958934E-05   1.8930101E+07   1.8930101E+07   2.4964858E+07   7.0935777E+05   1.6099929E+07   1.8930090E+07   1.8930101E+07   8.8671727E+06   0.0000000E+00   0.0000000E+00   0.0000000E+00   0.0000000E+00
   6.1208517E-05   1.8929731E+07   1.8929731E+07   2.4922018E+07   7.0905153E+05   1.6090964E+07   1.8929717E+07   1.8929731E+07   8.8670033E+06   0.0000000E+00   0.0000000E+00   0.0000000E+00   0.0000000E+00
   6.5775151E-05   1.8929304E+07   1.8929304E+07   2.4872633E+07   7.0869813E+05   1.6080621E+07   1.8929286E+07   1.8929304E+07   8.8668077E+06   0.0000000E+00   0.0000000E+00   0.0000000E+00   0.0000000E+00
   7.0682492E-05   1.8928811E+07   1.8928811E+07   2.4815720E+07   7.0829033E+05   1.6068688E+07   1.8928789E+07   1.8928811E+07   8.8665820E+06   0.0000000E+00   0.0000000E+00   0.0000000E+00   0.0000000E+00
   7.5955960E-05   1.8928242E+07   1.8928242E+07   2.4750152E+07   7.0781983E+05   1.6054923E+07   1.8928215E+07   1.8928242E+07   8.8663216E+06   0.0000000E+00   0.0000000E+00   0.0000000E+00   0.0000000E+00
   8.1622869E-05   1.8927586E+07   1.8927586E+07   2.4674640E+07   7.0727705E+05   1.6039047E+07   1.8927553E+07   1.8927586E+07   8.8660212E+06   0.0000000E+00   0.0000000E+00   0.0000000E+00   0.0000000E+00
   8.7712574E-05   1.8926830E+07   1.8926830E+07   2.4587712E+07   7.0665099E+05   1.6020740E+07   1.8926790E+07   1.8926830E+07   8.8656747E+06   0.0000000E+00   0.0000000E+00   0.0000000E+00   0.0000000E+00
   9.4256619E-05   1.8925956E+07   1.8925956E+07   2.4487692E+07   7.0592901E+05   1.5999636E+07   1.8925909E+07   1.8925956E+07   8.8652751E+06   0.0000000E+00   0.0000000E+00   0.0000000E+00   0.0000000E+00
   1.0128890E-04   1.8924950E+07   1.8924950E+07   2.4372671E+07   7.0509657E+05   1.5975312E+07   1.8924893E+07   1.8924950E+07   8.8648143E+06   0.0000000E+00   0.0000000E+00   0.0000000E+00   0.0000000E+00
   1.0884585E-04   1.8923788E+07   1.8923788E+07   2.4240487E+07   7.0413701E+05   1.5947286E+07   1.8923721E+07   1.8923788E+07   8.8642831E+06   0.0000000E+00   0.0000000E+00   0.0000000E+00   0.0000000E+00
   1.1696660E-04   1.8922450E+07   1.8922450E+07   2.4088690E+07   7.0303123E+05   1.5915006E+07   1.8922370E+07   1.8922450E+07   8.8636709E+06   0.0000000E+00   0.0000000E+00   0.0000000E+00   0.0000000E+00
   1.2569322E-04   1.8920907E+07   1.8920907E+07   2.3914524E+07   7.0175734E+05   1.5877840E+07   1.8920814E+07   1.8920907E+07   8.8629656E+06   0.0000000E+00   0.0000000E+00   0.0000000E+00   0.0000000E+00
   1.3507092E-04   1.8919130E+07   1.8919130E+07   2.3714892E+07   7.0029035E+05   1.5835068E+07   1.8919020E+07   1.8919130E+07   8.8621533E+06   0.0000000E+00   0.0000000E+00   0.0000000E+00   0.0000000E+00
   1.4514827E-04   1.8917083E+07   1.8917083E+07   2.3486335E+07   6.9860169E+05   1.5785873E+07   1.8916954E+07   1.8917083E+07   8.8612182E+06   0.0000000E+00   0.0000000E+00   0.0000000E+00   0.0000000E+00
   1.5597746E-04   1.8914726E+07   1.8914726E+07   2.3225015E+07   6.9665884E+05   1.5729323E+07   1.8914576E+07   1.8914726E+07   8.8601421E+06   0.0000000E+00   0.0000000E+00   0.0000000E+00   0.0000000E+00
   1.6761460E-04   1.8912013E+07   1.8912013E+07   2.2926697E+07   6.9442479E+05   1.5664365E+07   1.8911838E+07   1.8912013E+07   8.8589046E+06   0.0000000E+00   0.0000000E+00   0.0000000E+00   0.0000000E+00
   1.8011997E-04   1.8908893E+07   1.8908893E+07   2.2586758E+07   6.9185759E+05   1.5589809E+07   1.8908690E+07   1.8908893E+07   8.8574822E+06   0.0000000E+00   0.0000000E+00   0.0000000E+00   0.0000000E+00
   1.9355833E-04   1.8905307E+07   1.8905307E+07   2.2200197E+07   6.8890979E+05   1.5504318E+07   1.8905071E+07   1.8905307E+07   8.8558487E+06   0.0000000E+00   0.0000000E+00   0.0000000E+00   0.0000000E+00
   2.0799929E-04   1.8901188E+07   1.8901188E+07   2.1761681E+07   6.8552790E+05   1.5406396E+07   1.8900913E+07   1.8901188E+07   8.8539740E+06   0.0000000E+00   0.0000000E+00   0.0000000E+00   0.0000000E+00
   2.2351767E-04   1.8896460E+07   1.8896460E+07   2.1265622E+07   6.8165191E+05   1.5294373E+07   1.8896142E+07   1.8896460E+07   8.8518248E+06   0.0000000E+00   0.0000000E+00   0.0000000E+00   0.0000000E+00
   2.4019383E-04   1.8891039E+07   1.8891039E+07   2.0706290E+07   6.7721478E+05   1.5166406E+07   1.8890670E+07   1.8891039E+07   8.8493636E+06   0.0000000E+00   0.0000000E+00   0.0000000E+00   0.0000000E+00
   2.5811417E-04   1.8884829E+07   1.8884829E+07   2.0077997E+07   6.7214205E+05   1.5020467E+07   1.8884402E+07   1.8884829E+07   8.8465486E+06   0.0000000E+00   0.0000000E+00   0.0000000E+00   0.0000000E+00
   2.7737151E-04   1.8877725E+07   1.8877725E+07   1.9375335E+07   6.6635157E+05   1.4854352E+07   1.8877231E+07   1.8877725E+07   8.8433335E+06   0.0000000E+00   0.0000000E+00   0.0000000E+00   0.0000000E+00
   2.9806560E-04   1.8869609E+07   1.8869609E+07   1.8593514E+07   6.5975350E+05   1.4665688E+07   1.8869038E+07   1.8869609E+07   8.8396678E+06   0.0000000E+00   0.0000000E+00   0.0000000E+00   0.0000000E+00
   3.2030363E-04   1.8860352E+07   1.8860352E+07   1.7728789E+07   6.5225049E+05   1.4451957E+07   1.8859693E+07   1.8860352E+07   8.8354961E+06   0.0000000E+00   0.0000000E+00   0.0000000E+00   0.0000000E+00
   3.4420078E-04   1.8849814E+07   1.8849814E+07   1.6779006E+07   6.4373841E+05   1.4210537E+07   1.8849054E+07   1.8849814E+07   8.8307589E+06   0.0000000E+00   0.0000000E+00   0.0000000E+00   0.0000000E+00
   3.6988086E-04   1.8837842E+07   1.8837842E+07   1.5744260E+07   6.3410752E+05   1.3938755E+07   1.8836965E+07   1.8837842E+07   8.8253931E+06   0.0000000E+00   0.0000000E+00   0.0000000E+00   0.0000000E+00
   3.9747686E-04   1.8824275E+07   1.8824275E+07   1.4627656E+07   6.2324440E+05   1.3633972E+07   1.8823264E+07   1.8824275E+07   8.8193322E+06   0.0000000E+00   0.0000000E+00   0.0000000E+00   0.0000000E+00
   4.2713175E-04   1.8808941E+07   1.8808941E+07   1.3436156E+07   6.1103477E+05   1.3293689E+07   1.8807778E+07   1.8808941E+07   8.8125083E+06   0.0000000E+00   0.0000000E+00   0.0000000E+00   0.0000000E+00
   4.5899912E-04   1.8791666E+07   1.8791666E+07   1.2181426E+07   5.9736736E+05   1.2915697E+07   1.8790328E+07   1.8791666E+07   8.8048533E+06   0.0000000E+00   0.0000000E+00   0.0000000E+00   0.0000000E+00
   4.9324405E-04   1.8772271E+07   1.8772271E+07   1.0880594E+07   5.8213906E+05   1.2498245E+07   1.8770734E+07   1.8772271E+07   8.7963012E+06   0.0000000E+00   0.0000000E+00   0.0000000E+00   0.0000000E+00
   5.3004392E-04   1.8750585E+07   1.8750585E+07   9.5567582E+06   5.6526137E+05   1.2040260E+07   1.8748821E+07   1.8750585E+07   8.7867909E+06   0.0000000E+00   0.0000000E+00   0.0000000E+00   0.0000000E+00
   5.6958934E-04   1.8726445E+07   1.8726445E+07   8.2390097E+06   5.4666837E+05   1.1541584E+07   1.8724423E+07   1.8726445E+07   8.7762693E+06   0.0000000E+00   0.0000000E+00   0.0000000E+00   0.0000000E+00
   6.1208517E-04   1.8699708E+07   1.8699708E+07   6.9617076E+06   5.2632589E+05   1.1003234E+07   1.8697393E+07   1.8699708E+07   8.7646951E+06   0.0000000E+00   0.0000000E+00   0.0000000E+00   0.0000000E+00
   6.5775151E-04   1.8670260E+07   1.8670260E+07   5.7627033E+06   5.0424167E+05   1.0427655E+07   1.8667613E+07   1.8670260E+07   8.7520424E+06   0.0000000E+00   0.0000000E+00   0.0000000E+00   0.0000000E+00
   7.0682492E-04   1.8638023E+07   1.8638023E+07   4.6802656E+06   4.8047581E+05   9.8189368E+06   1.8635002E+07   1.8638023E+07   8.7383041E+06   0.0000000E+00   0.0000000E+00   0.0000000E+00   0.0000000E+00
   7.5955960E-04   1.8602968E+07   1.8602968E+07   3.7486257E+06   4.5515039E+05   9.1829528E+06   1.8599527E+07   1.8602968E+07   8.7234945E+06   0.0000000E+00   0.0000000E+00   0.0000000E+00   0.0000000E+00
   8.1622869E-04   1.8565120E+07   1.8565120E+07   2.9923988E+06   4.2845694E+05   8.5273619E+06   1.8561208E+07   1.8565120E+07   8.7076498E+06   0.0000000E+00   0.0000000E+00   0.0000000E+00   0.0000000E+00
   8.7712574E-04   1.8524563E+07   1.8524563E+07   2.4206813E+06   4.0065974E+05   7.8614250E+06   1.8520126E+07   1.8524563E+07   8.6908268E+06   0.0000000E+00   0.0000000E+00   0.0000000E+00   0.0000000E+00
   9.4256619E-04   1.8481439E+07   1.8481439E+07   2.0222998E+06   3.7209301E+05   7.1955911E+06   1.8476420E+07   1.8481439E+07   8.6730974E+06   0.0000000E+00   0.0000000E+00   0.0000000E+00   0.0000000E+00
   1.0128890E-03   1.8435940E+07   1.8435940E+07   1.7643150E+06   3.4315032E+05   6.5408394E+06   1.8430278E+07   1.8435940E+07   8.6545405E+06   0.0000000E+00   0.0000000E+00   0.0000000E+00   0.0000000E+00
   1.0884585E-03   1.8388289E+07   1.8388289E+07   1.5960317E+06   3.1426499E+05   5.9078193E+06   1.8381922E+07   1.8388289E+07   8.6352293E+06   0.0000000E+00   0.0000000E+00   0.0000000E+00   0.0000000E+00
   1.1696660E-03   1.8338715E+07   1.8338715E+07   1.4598544E+06   2.8588243E+05   5.3058981E+06   1.8331582E+07   1.8338715E+07   8.6152180E+06   0.0000000E+00   0.0000000E+00   0.0000000E+00   0.0000000E+00
   1.2569322E-03   1.8287426E+07   1.8287426E+07   1.3078274E+06   2.5842680E+05   4.7422965E+06   1.8279465E+07   1.8287426E+07   8.5945277E+06   0.0000000E+00   0.0000000E+00   0.0000000E+00   0.0000000E+00
   1.3507092E-03   1.8234568E+07   1.8234568E+07   1.1187380E+06   2.3226733E+05   4.2215321E+06   1.8225720E+07   1.8234568E+07   8.5731369E+06   0.0000000E+00   0.0000000E+00   0.0000000E+00   0.0000000E+00
   1.4514827E-03   1.8180203E+07   1.8180203E+07   9.0687047E+05   2.0769070E+05   3.7453520E+06   1.8170415E+07   1.8180203E+07   8.5509778E+06   0.0000000E+00   0.0000000E+00   0.0000000E+00   0.0000000E+00
   1.5597746E-03   1.8124290E+07   1.8124290E+07   7.1335646E+05   1.8488587E+05   3.3132084E+06   1.8113512E+07   1.8124290E+07   8.5279412E+06   0.0000000E+00   0.0000000E+00   0.0000000E+00   0.0000000E+00
   1.6761460E-03   1.8066677E+07   1.8066677E+07   5.7863345E+05   1.6394475E+05   2.9231224E+06   1.8054868E+07   1.8066677E+07   8.5038869E+06   0.0000000E+00   0.0000000E+00   0.0000000E+00   0.0000000E+00
   1.8011997E-03   1.8007115E+07   1.8007115E+07   5.0986706E+05   1.4487718E+05   2.5725920E+06   1.7994243E+07   1.8007115E+07   8.4786559E+06   0.0000000E+00   0.0000000E+00   0.0000000E+00   0.0000000E+00
   1.9355833E-03   1.7945278E+07   1.7945278E+07   4.7050964E+05   1.2763410E+05   2.2591596E+06   1.7931317E+07   1.7945278E+07   8.4520778E+06   0.0000000E+00   0.0000000E+00   0.0000000E+00   0.0000000E+00
   2.0799929E-03   1.7880785E+07   1.7880785E+07   4.1119818E+05   1.1213062E+05   1.9804562E+06   1.7865717E+07   1.7880785E+07   8.4239718E+06   0.0000000E+00   0.0000000E+00   0.0000000E+00   0.0000000E+00
   2.2351767E-03   1.7813215E+07   1.7813215E+07   3.2181161E+05   9.8263086E+04   1.7338941E+06   1.7797025E+07   1.7813215E+07   8.3941440E+06   0.0000000E+00   0.0000000E+00   0.0000000E+00   0.0000000E+00
   2.4019383E-03   1.7742118E+07   1.7742118E+07   2.4448179E+05   8.5918467E+04   1.5164528E+06   1.7724795E+07   1.7742118E+07   8.3623873E+06   0.0000000E+00   0.0000000E+00   0.0000000E+00   0.0000000E+00
   2.5811417E-03   1.7667020E+07   1.7667020E+07   2.1499316E+05   7.4977688E+04   1.3249101E+06   1.7648551E+07   1.7667020E+07   8.3284857E+06   0.0000000E+00   0.0000000E+00   0.0000000E+00   0.0000000E+00
   2.7737151E-03   1.7587423E+07   1.7587423E+07   2.0485327E+05   6.5316455E+04   1.1563924E+06   1.7567791E+07   1.7587423E+07   8.2922175E+06   0.0000000E+00   0.0000000E+00   0.0000000E+00   0.0000000E+00
   2.9806560E-03   1.7502808E+07   1.7502808E+07   1.6833242E+05   5.6808742E+04   1.0086171E+06   1.7481994E+07   1.7502808E+07   8.2533546E+06   0.0000000E+00   0.0000000E+00   0.0000000E+00   0.0000000E+00
   3.2030363E-03   1.7412646E+07   1.7412646E+07   1.2669397E+05   4.9334830E+04   8.7943658E+05   1.7390627E+07   1.7412646E+07   8.2116632E+06   0.0000000E+00   0.0000000E+00   0.0000000E+00   0.0000000E+00
   3.4420078E-03   1.7316401E+07   1.7316401E+07   1.1500597E+05   4.2786080E+04   7.6646087E+05   1.7293153E+07   1.7316401E+07   8.1669064E+06   0.0000000E+00   0.0000000E+00   0.0000000E+00   0.0000000E+00
   3.6988086E-03   1.7213527E+07   1.7213527E+07   1.0044724E+05   3.7060596E+04   6.6765365E+05   1.7189030E+07   1.7213527E+07   8.1188458E+06   0.0000000E+00   0.0000000E+00   0.0000000E+00   0.0000000E+00
   3.9747686E-03   1.7103472E+07   1.7103472E+07   7.6853214E+04   3.2062370E+04   5.8155782E+05   1.7077712E+07   1.7103472E+07   8.0672397E+06   0.0000000E+00   0.0000000E+00   0.0000000E+00   0.0000000E+00
   4.2713175E-03   1.6985686E+07   1.6985686E+07   7.2411696E+04   2.7707014E+04   5.0644299E+05   1.6958651E+07   1.6985686E+07   8.0118449E+06   0.0000000E+00   0.0000000E+00   0.0000000E+00   0.0000000E+00
   4.5899912E-03   1.6859613E+07   1.6859613E+07   5.6370223E+04   2.3917597E+04   4.4091106E+05   1.6831301E+07   1.6859613E+07   7.9524178E+06   0.0000000E+00   0.0000000E+00   0.0000000E+00   0.0000000E+00
   4.9324405E-03   1.6724701E+07   1.6724701E+07   4.8682105E+04   2.0624042E+04   3.8395006E+05   1.6695122E+07   1.6724701E+07   7.8887158E+06   0.0000000E+00   0.0000000E+00   0.0000000E+00   0.0000000E+00
   5.3004392E-03   1.6580405E+07   1.6580405E+07   4.2225803E+04   1.7765968E+04   3.3420242E+05   1.6549586E+07   1.6580405E+07   7.8205017E+06   0.0000000E+00   0.0000000E+00   0.0000000E+00   0.0000000E+00
   5.6958934E-03   1.6426188E+07   1.6426188E+07   3.4230506E+04   1.5287756E+04   2.9102978E+05   1.6394175E+07   1.6426188E+07   7.7475409E+06   0.0000000E+00   0.0000000E+00   0.0000000E+00   0.0000000E+00
   6.1208517E-03   1.6261527E+07   1.6261527E+07   2.9156857E+04   1.3141999E+04   2.5334491E+05   1.6228367E+07   1.6261527E+07   7.6695971E+06   0.0000000E+00   0.0000000E+00   0.0000000E+00   0.0000000E+00
   6.5775151E-03   1.6085902E+07   1.6085902E+07   2.5910243E+04   1.1285538E+04   2.2059838E+05   1.6051634E+07   1.6085902E+07   7.5864280E+06   0.0000000E+00   0.0000000E+00   0.0000000E+00   0.0000000E+00
   7.0682492E-03   1.5898791E+07   1.5898791E+07   1.9572516E+04   9.6810316E+03   1.9202771E+05   1.5863458E+07   1.5898791E+07   7.4977971E+06   0.0000000E+00   0.0000000E+00   0.0000000E+00   0.0000000E+00
   7.5955960E-03   1.5699675E+07   1.5699675E+07   1.8055471E+04   8.2954510E+03   1.6712037E+05   1.5663346E+07   1.5699675E+07   7.4034775E+06   0.0000000E+00   0.0000000E+00   0.0000000E+00   0.0000000E+00
   8.1622869E-03   1.5488044E+07   1.5488044E+07   1.5663294E+04   7.1000295E+03   1.4548318E+05   1.5450808E+07   1.5488044E+07   7.3032444E+06   0.0000000E+00   0.0000000E+00   0.0000000E+00   0.0000000E+00
   8.7712574E-03   1.5263407E+07   1.5263407E+07   1.2434740E+04   6.0697530E+03   1.2660501E+05   1.5225351E+07   1.5263407E+07   7.1968689E+06   0.0000000E+00   0.0000000E+00   0.0000000E+00   0.0000000E+00
   9.4256619E-03   1.5025285E+07   1.5025285E+07   1.0032628E+04   5.1825273E+03   1.1012724E+05   1.4986495E+07   1.5025285E+07   7.0841290E+06   0.0000000E+00   0.0000000E+00   0.0000000E+00   0.0000000E+00
   1.0128890E-02   1.4773202E+07   1.4773202E+07   8.3194873E+03   4.4191878E+03   9.5750969E+04   1.4733782E+07   1.4773202E+07   6.9648120E+06   0.0000000E+00   0.0000000E+00   0.0000000E+00   0.0000000E+00
   1.0884585E-02   1.4506693E+07   1.4506693E+07   7.0819292E+03   3.7630617E+03   8.3214930E+04   1.4466755E+07   1.4506693E+07   6.8387051E+06   0.0000000E+00   0.0000000E+00   0.0000000E+00   0.0000000E+00
   1.1696660E-02   1.4225309E+07   1.4225309E+07   5.9596722E+03   3.1996420E+03   7.2277428E+04   1.4184969E+07   1.4225309E+07   6.7056014E+06   0.0000000E+00   0.0000000E+00   0.0000000E+00   0.0000000E+00
   1.2569322E-02   1.3928632E+07   1.3928632E+07   5.1060977E+03   2.7163082E+03   6.2725070E+04   1.3888008E+07   1.3928632E+07   6.5653071E+06   0.0000000E+00   0.0000000E+00   0.0000000E+00   0.0000000E+00
   1.3507092E-02   1.3616268E+07   1.3616268E+07   4.5791978E+03   2.3021200E+03   5.4380452E+04   1.3575496E+07   1.3616268E+07   6.4176461E+06   0.0000000E+00   0.0000000E+00   0.0000000E+00   0.0000000E+00
   1.4514827E-02   1.3287874E+07   1.3287874E+07   3.7860874E+03   1.9475978E+03   4.7076284E+04   1.3247082E+07   1.3287874E+07   6.2624545E+06   0.0000000E+00   0.0000000E+00   0.0000000E+00   0.0000000E+00
   1.5597746E-02   1.2943173E+07   1.2943173E+07   2.9801139E+03   1.6444757E+03   4.0715318E+04   1.2902500E+07   1.2943173E+07   6.0996082E+06   0.0000000E+00   0.0000000E+00   0.0000000E+00   0.0000000E+00
   1.6761460E-02   1.2581976E+07   1.2581976E+07   2.6762773E+03   1.3856613E+03   3.5145705E+04   1.2541562E+07   1.2581976E+07   5.9290202E+06   0.0000000E+00   0.0000000E+00   0.0000000E+00   0.0000000E+00
   1.8011997E-02   1.2204232E+07   1.2204232E+07   2.1672081E+03   1.1649711E+03   3.0292051E+04   1.2164218E+07   1.2204232E+07   5.7506681E+06   0.0000000E+00   0.0000000E+00   0.0000000E+00   0.0000000E+00
   1.9355833E-02   1.1810064E+07   1.1810064E+07   1.7530645E+03   9.7708840E+02   2.6047018E+04   1.1770591E+07   1.1810064E+07   5.5646110E+06   0.0000000E+00   0.0000000E+00   0.0000000E+00   0.0000000E+00
   2.0799929E-02   1.1399833E+07   1.1399833E+07   1.4562912E+03   8.1740038E+02   2.2346443E+04   1.1361044E+07   1.1399833E+07   5.3710212E+06   0.0000000E+00   0.0000000E+00   0.0000000E+00   0.0000000E+00
   2.2351766E-02   1.0974217E+07   1.0974217E+07   1.2034611E+03   6.8193950E+02   1.9122925E+04   1.0936246E+07   1.0974217E+07   5.1702165E+06   0.0000000E+00   0.0000000E+00   0.0000000E+00   0.0000000E+00
   2.4019379E-02   1.0534288E+07   1.0534288E+07   1.0191720E+03   5.6727687E+02   1.6319750E+04   1.0497270E+07   1.0534288E+07   4.9627044E+06   0.0000000E+00   0.0000000E+00   0.0000000E+00   0.0000000E+00
   2.5811392E-02   1.0081622E+07   1.0081622E+07   8.8031998E+02   4.7045759E+02   1.3881417E+04   1.0045681E+07   1.0081622E+07   4.7492253E+06   0.0000000E+00   0.0000000E+00   0.0000000E+00   0.0000000E+00
   2.7737020E-02   9.6183969E+06   9.6183969E+06   6.7067238E+02   3.8893567E+02   1.1772835E+04   9.5836467E+06   9.6183969E+06   4.5308051E+06   0.0000000E+00   0.0000000E+00   0.0000000E+00   0.0000000E+00
   2.9805971E-02   9.1475224E+06   9.1475224E+06   5.6705002E+02   3.2052187E+02   9.9478137E+03   9.1140633E+06   9.1475224E+06   4.3088130E+06   0.0000000E+00   0.0000000E+00   0.0000000E+00   0.0000000E+00
   3.2028048E-02   8.6727790E+06   8.6727790E+06   4.7601646E+02   2.6333425E+02   8.3803096E+03   8.6406934E+06   8.6727790E+06   4.0850285E+06   0.0000000E+00   0.0000000E+00   0.0000000E+00   0.0000000E+00
   3.4412065E-02   8.1990053E+06   8.1990053E+06   3.7888048E+02   2.1576586E+02   7.0383993E+03   8.1683532E+06   8.1990053E+06   3.8617288E+06   0.0000000E+00   0.0000000E+00   0.0000000E+00   0.0000000E+00
   3.6963461E-02   7.7323097E+06   7.7323097E+06   3.0013080E+02   1.7645084E+02   5.8993552E+03   7.7031239E+06   7.7323097E+06   3.6417893E+06   0.0000000E+00   0.0000000E+00   0.0000000E+00   0.0000000E+00
   3.9680123E-02   7.2801897E+06   7.2801897E+06   2.6063118E+02   1.4423049E+02   4.9369641E+03   7.2524693E+06   7.2801897E+06   3.4287387E+06   0.0000000E+00   0.0000000E+00   0.0000000E+00   0.0000000E+00
   4.2547055E-02   6.8512346E+06   6.8512346E+06   2.1064360E+02   1.1810637E+02   4.1380417E+03   6.8249410E+06   6.8512346E+06   3.2266204E+06   0.0000000E+00   0.0000000E+00   0.0000000E+00   0.0000000E+00
   4.5532949E-02   6.4539895E+06   6.4539895E+06   1.6677264E+02   9.7181893E+01   3.4804949E+03   6.4290453E+06   6.4539895E+06   3.0394561E+06   0.0000000E+00   0.0000000E+00   0.0000000E+00   0.0000000E+00
   4.8593390E-02   6.0949714E+06   6.0949714E+06   1.3670769E+02   8.0606958E+01   2.9468802E+03   6.0712680E+06   6.0949714E+06   2.8703123E+06   0.0000000E+00   0.0000000E+00   0.0000000E+00   0.0000000E+00
   5.1681989E-02   5.7767961E+06   5.7767961E+06   1.1471953E+02   6.7560397E+01   2.5175645E+03   5.7542080E+06   5.7767961E+06   2.7204177E+06   0.0000000E+00   0.0000000E+00   0.0000000E+00   0.0000000E+00
   5.4763015E-02   5.4977313E+06   5.4977313E+06   9.7491328E+01   5.7280179E+01   2.1722872E+03   5.4761329E+06   5.4977313E+06   2.5889535E+06   0.0000000E+00   0.0000000E+00   0.0000000E+00   0.0000000E+00
   5.7817376E-02   5.2528725E+06   5.2528725E+06   8.3739723E+01   4.9110407E+01   1.8926007E+03   5.2321512E+06   5.2528725E+06   2.4736073E+06   0.0000000E+00   0.0000000E+00   0.0000000E+00   0.0000000E+00
   6.0840770E-02   5.0358977E+06   5.0358977E+06   7.2780340E+01   4.2527208E+01   1.6633261E+03   5.0159610E+06   5.0358977E+06   2.3713999E+06   0.0000000E+00   0.0000000E+00   0.0000000E+00   0.0000000E+00
   6.3838445E-02   4.8404255E+06   4.8404255E+06   6.3277043E+01   3.7134234E+01   1.4725155E+03   4.8212020E+06   4.8404255E+06   2.2793243E+06   0.0000000E+00   0.0000000E+00   0.0000000E+00   0.0000000E+00
   6.6820429E-02   4.6607351E+06   4.6607351E+06   5.4671060E+01   3.2640748E+01   1.3109434E+03   4.6421730E+06   4.6607351E+06   2.1946852E+06   0.0000000E+00   0.0000000E+00   0.0000000E+00   0.0000000E+00
   6.9798446E-02   4.4920348E+06   4.4920348E+06   4.7558541E+01   2.8836241E+01   1.1718937E+03   4.4740994E+06   4.4920348E+06   2.1152254E+06   0.0000000E+00   0.0000000E+00   0.0000000E+00   0.0000000E+00
   7.2784295E-02   4.3305082E+06   4.3305082E+06   4.2275979E+01   2.5568681E+01   1.0506450E+03   4.3131782E+06   4.3305082E+06   2.0391470E+06   0.0000000E+00   0.0000000E+00   0.0000000E+00   0.0000000E+00
   7.5789138E-02   4.1732760E+06   4.1732760E+06   3.8258595E+01   2.2728027E+01   9.4379788E+02   4.1565405E+06   4.1732760E+06   1.9650935E+06   0.0000000E+00   0.0000000E+00   0.0000000E+00   0.0000000E+00
   7.8823264E-02   4.0183381E+06   4.0183381E+06   3.4664288E+01   2.0234245E+01   8.4877768E+02   4.0021932E+06   4.0183381E+06   1.8921229E+06   0.0000000E+00   0.0000000E+00   0.0000000E+00   0.0000000E+00
   8.1896085E-02   3.8645126E+06   3.8645126E+06   3.1099250E+01   1.8028762E+01   7.6361148E+02   3.8489584E+06   3.8645126E+06   1.8196781E+06   0.0000000E+00   0.0000000E+00   0.0000000E+00   0.0000000E+00
   8.5016232E-02   3.7113715E+06   3.7113715E+06   2.7463828E+01   1.6068445E+01   6.8689261E+02   3.6964095E+06   3.7113715E+06   1.7475576E+06   0.0000000E+00   0.0000000E+00   0.0000000E+00   0.0000000E+00
   8.8191666E-02   3.5591651E+06   3.5591651E+06   2.3712771E+01   1.4321210E+01   6.1772346E+02   3.5447950E+06   3.5591651E+06   1.6758788E+06   0.0000000E+00   0.0000000E+00   0.0000000E+00   0.0000000E+00
   9.1429810E-02   3.4087243E+06   3.4087243E+06   2.0786127E+01   1.2762761E+01   5.5549679E+02   3.3949423E+06   3.4087243E+06   1.6050329E+06   0.0000000E+00   0.0000000E+00   0.0000000E+00   0.0000000E+00
   9.4737651E-02   3.2613355E+06   3.2613355E+06   1.9809207E+01   1.1374131E+01   4.9925366E+02   3.2481321E+06   3.2613355E+06   1.5356253E+06   0.0000000E+00   0.0000000E+00   0.0000000E+00   0.0000000E+00
   9.8121837E-02   3.1185819E+06   3.1185819E+06   1.7123199E+01   1.0139844E+01   4.4846632E+02   3.1059410E+06   3.1185819E+06   1.4684015E+06   0.0000000E+00   0.0000000E+00   0.0000000E+00   0.0000000E+00
   1.0158876E-01   2.9821551E+06   2.9821551E+06   1.5607109E+01   9.0464765E+00   4.0337358E+02   2.9700532E+06   2.9821551E+06   1.4041577E+06   0.0000000E+00   0.0000000E+00   0.0000000E+00   0.0000000E+00
   1.0514461E-01   2.8536430E+06   2.8536430E+06   1.3434718E+01   8.0816213E+00   3.6312518E+02   2.8420501E+06   2.8536430E+06   1.3436416E+06   0.0000000E+00   0.0000000E+00   0.0000000E+00   0.0000000E+00
   1.0879545E-01   2.7343117E+06   2.7343117E+06   1.1947885E+01   7.2331805E+00   3.2729090E+02   2.7231923E+06   2.7343117E+06   1.2874490E+06   0.0000000E+00   0.0000000E+00   0.0000000E+00   0.0000000E+00
   1.1254725E-01   2.6249003E+06   2.6249003E+06   1.0933337E+01   6.4889225E+00   2.9569064E+02   2.6142155E+06   2.6249003E+06   1.2359280E+06   0.0000000E+00   0.0000000E+00   0.0000000E+00   0.0000000E+00
   1.1640590E-01   2.5254588E+06   2.5254588E+06   9.7820658E+00   5.8363848E+00   2.6782183E+02   2.5151695E+06   2.5254588E+06   1.1891019E+06   0.0000000E+00   0.0000000E+00   0.0000000E+00   0.0000000E+00
   1.2037728E-01   2.4352586E+06   2.4352586E+06   8.5845215E+00   5.2629723E+00   2.4323533E+02   2.4253284E+06   2.4352586E+06   1.1466276E+06   0.0000000E+00   0.0000000E+00   0.0000000E+00   0.0000000E+00
   1.2446727E-01   2.3528027E+06   2.3528027E+06   8.0375336E+00   4.7563032E+00   2.2140470E+02   2.3432010E+06   2.3528027E+06   1.1078001E+06   0.0000000E+00   0.0000000E+00   0.0000000E+00   0.0000000E+00
   1.2868174E-01   2.2759550E+06   2.2759550E+06   7.3469155E+00   4.3046931E+00   2.0154613E+02   2.2666597E+06   2.2759550E+06   1.0716136E+06   0.0000000E+00   0.0000000E+00   0.0000000E+00   0.0000000E+00
   1.3302661E-01   2.2021928E+06   2.2021928E+06   6.7110956E+00   3.8976934E+00   1.8377837E+02   2.1931923E+06   2.2021928E+06   1.0368803E+06   0.0000000E+00   0.0000000E+00   0.0000000E+00   0.0000000E+00
   1.3750782E-01   2.1289631E+06   2.1289631E+06   5.9051010E+00   3.5266281E+00   1.6731797E+02   2.1202560E+06   2.1289631E+06   1.0023981E+06   0.0000000E+00   0.0000000E+00   0.0000000E+00   0.0000000E+00
   1.4213138E-01   2.0540976E+06   2.0540976E+06   5.4250168E+00   3.1849649E+00   1.5201868E+02   2.0456912E+06   2.0540976E+06   9.6714596E+05   0.0000000E+00   0.0000000E+00   0.0000000E+00   0.0000000E+00
   1.4690336E-01   1.9762148E+06   1.9762148E+06   4.9220070E+00   2.8684833E+00   1.3767454E+02   1.9681222E+06   1.9762148E+06   9.3047352E+05   0.0000000E+00   0.0000000E+00   0.0000000E+00   0.0000000E+00
   1.5182987E-01   1.8950241E+06   1.8950241E+06   4.2171423E+00   2.5751394E+00   1.2436295E+02   1.8872595E+06   1.8950241E+06   8.9224392E+05   0.0000000E+00   0.0000000E+00   0.0000000E+00   0.0000000E+00
   1.5691712E-01   1.8114411E+06   1.8114411E+06   3.9423114E+00   2.3046417E+00   1.1187955E+02   1.8040149E+06   1.8114411E+06   8.5288822E+05   0.0000000E+00   0.0000000E+00   0.0000000E+00   0.0000000E+00
   1.6217137E-01   1.7274505E+06   1.7274505E+06   3.5708422E+00   2.0577677E+00   1.0048893E+02   1.7203650E+06   1.7274505E+06   8.1334088E+05   0.0000000E+00   0.0000000E+00   0.0000000E+00   0.0000000E+00
   1.6759898E-01   1.6457003E+06   1.6457003E+06   3.1766973E+00   1.8355468E+00   9.0116017E+01   1.6389468E+06   1.6457003E+06   7.7484865E+05   0.0000000E+00   0.0000000E+00   0.0000000E+00   0.0000000E+00
   1.7320640E-01   1.5688816E+06   1.5688816E+06   2.7301286E+00   1.6384625E+00   8.0850317E+01   1.5624404E+06   1.5688816E+06   7.3867855E+05   0.0000000E+00   0.0000000E+00   0.0000000E+00   0.0000000E+00
   1.7900017E-01   1.4990250E+06   1.4990250E+06   2.4971186E+00   1.4658529E+00   7.2746403E+01   1.4928679E+06   1.4990250E+06   7.0578662E+05   0.0000000E+00   0.0000000E+00   0.0000000E+00   0.0000000E+00
   1.8498693E-01   1.4369031E+06   1.4369031E+06   2.2312515E+00   1.3156646E+00   6.5629897E+01   1.4309987E+06   1.4369031E+06   6.7653660E+05   0.0000000E+00   0.0000000E+00   0.0000000E+00   0.0000000E+00
   1.9117345E-01   1.3817408E+06   1.3817408E+06   2.0377481E+00   1.1846237E+00   5.9383526E+01   1.3760608E+06   1.3817408E+06   6.5056351E+05   0.0000000E+00   0.0000000E+00   0.0000000E+00   0.0000000E+00
   1.9756662E-01   1.3313785E+06   1.3313785E+06   1.7957703E+00   1.0687869E+00   5.3812181E+01   1.3259035E+06   1.3313785E+06   6.2685055E+05   0.0000000E+00   0.0000000E+00   0.0000000E+00   0.0000000E+00
   2.0417348E-01   1.2829056E+06   1.2829056E+06   1.6358464E+00   9.6431773E-01   4.8816301E+01   1.2776281E+06   1.2829056E+06   6.0402728E+05   0.0000000E+00   0.0000000E+00   0.0000000E+00   0.0000000E+00
   2.1100127E-01   1.2336083E+06   1.2336083E+06   1.4470236E+00   8.6823983E-01   4.4157924E+01   1.2285318E+06   1.2336083E+06   5.8081593E+05   0.0000000E+00   0.0000000E+00   0.0000000E+00   0.0000000E+00
   2.1805737E-01   1.1819192E+06   1.1819192E+06   1.3218411E+00   7.7891261E-01   3.9789989E+01   1.1770540E+06   1.1819192E+06   5.5647864E+05   0.0000000E+00   0.0000000E+00   0.0000000E+00   0.0000000E+00
   2.2534944E-01   1.1279924E+06   1.1279924E+06   1.1547712E+00   6.9606041E-01   3.5710486E+01   1.1233478E+06   1.1279924E+06   5.3108785E+05   0.0000000E+00   0.0000000E+00   0.0000000E+00   0.0000000E+00
   2.3288538E-01   1.0736132E+06   1.0736132E+06   1.0258231E+00   6.2033857E-01   3.1956281E+01   1.0691912E+06   1.0736132E+06   5.0548412E+05   0.0000000E+00   0.0000000E+00   0.0000000E+00   0.0000000E+00
   2.4067339E-01   1.0214058E+06   1.0214058E+06   9.1171078E-01   5.5260959E-01   2.8595952E+01   1.0171978E+06   1.0214058E+06   4.8090306E+05   0.0000000E+00   0.0000000E+00   0.0000000E+00   0.0000000E+00
   2.4872204E-01   9.7362942E+05   9.7362942E+05   8.3968597E-01   4.9323090E-01   2.5628793E+01   9.6961722E+05   9.7362942E+05   4.5840828E+05   0.0000000E+00   0.0000000E+00   0.0000000E+00   0.0000000E+00
   2.5704030E-01   9.3110811E+05   9.3110811E+05   7.4262433E-01   4.4166117E-01   2.3046706E+01   9.2727022E+05   9.3110811E+05   4.3838780E+05   0.0000000E+00   0.0000000E+00   0.0000000E+00   0.0000000E+00
   2.6563763E-01   8.9285613E+05   8.9285613E+05   6.6819156E-01   3.9655066E-01   2.0766535E+01   8.8917510E+05   8.9285613E+05   4.2037748E+05   0.0000000E+00   0.0000000E+00   0.0000000E+00   0.0000000E+00
   2.7452404E-01   8.5665377E+05   8.5665377E+05   5.9811320E-01   3.5624217E-01   1.8735576E+01   8.5312125E+05   8.5665377E+05   4.0333222E+05   0.0000000E+00   0.0000000E+00   0.0000000E+00   0.0000000E+00
   2.8371018E-01   8.2031115E+05   8.2031115E+05   5.3428098E-01   3.1940000E-01   1.6857968E+01   8.1692782E+05   8.2031115E+05   3.8622097E+05   0.0000000E+00   0.0000000E+00   0.0000000E+00   0.0000000E+00
   2.9320743E-01   7.8290437E+05   7.8290437E+05   4.8290437E-01   2.8541154E-01   1.5116168E+01   7.7967472E+05   7.8290437E+05   3.6860873E+05   0.0000000E+00   0.0000000E+00   0.0000000E+00   0.0000000E+00
   3.0302805E-01   7.4520627E+05   7.4520627E+05   4.2799857E-01   2.5434955E-01   1.3521079E+01   7.4213159E+05   7.4520627E+05   3.5085938E+05   0.0000000E+00   0.0000000E+00   0.0000000E+00   0.0000000E+00
   3.1318528E-01   7.0899969E+05   7.0899969E+05   3.7868967E-01   2.2655321E-01   1.2084931E+01   7.0607391E+05   7.0899969E+05   3.3381230E+05   0.0000000E+00   0.0000000E+00   0.0000000E+00   0.0000000E+00
   3.2369348E-01   6.7572532E+05   6.7572532E+05   3.4108239E-01   2.0213180E-01   1.0822087E+01   6.7293641E+05   6.7572532E+05   3.1814581E+05   0.0000000E+00   0.0000000E+00   0.0000000E+00   0.0000000E+00
   3.3456834E-01   6.4544720E+05   6.4544720E+05   3.0441812E-01   1.8072867E-01   9.7047343E+00   6.4278286E+05   6.4544720E+05   3.0389004E+05   0.0000000E+00   0.0000000E+00   0.0000000E+00   0.0000000E+00
   3.4582707E-01   6.1693391E+05   6.1693391E+05   2.7127797E-01   1.6168129E-01   8.7130814E+00   6.1438691E+05   6.1693391E+05   2.9046522E+05   0.0000000E+00   0.0000000E+00   0.0000000E+00   0.0000000E+00
   3.5748863E-01   5.8877674E+05   5.8877674E+05   2.4250331E-01   1.4440069E-01   7.8052301E+00   5.8634567E+05   5.8877674E+05   2.7720810E+05   0.0000000E+00   0.0000000E+00   0.0000000E+00   0.0000000E+00
   3.6957400E-01   5.6056304E+05   5.6056304E+05   2.1583507E-01   1.2863804E-01   6.9754183E+00   5.5824817E+05   5.6056304E+05   2.6392437E+05   0.0000000E+00   0.0000000E+00   0.0000000E+00   0.0000000E+00
   3.8210655E-01   5.3304309E+05   5.3304309E+05   1.9165437E-01   1.1443161E-01   6.2225193E+00   5.3084162E+05   5.3304309E+05   2.5096731E+05   0.0000000E+00   0.0000000E+00   0.0000000E+00   0.0000000E+00
   3.9511238E-01   5.0717932E+05   5.0717932E+05   1.7005287E-01   1.0183017E-01   5.5554692E+00   5.0508442E+05   5.0717932E+05   2.3879002E+05   0.0000000E+00   0.0000000E+00   0.0000000E+00   0.0000000E+00
   4.0862084E-01   4.8310029E+05   4.8310029E+05   1.5200538E-01   9.0689222E-02   4.9603793E+00   4.8110464E+05   4.8310029E+05   2.2745304E+05   0.0000000E+00   0.0000000E+00   0.0000000E+00   0.0000000E+00
   4.2266507E-01   4.6007735E+05   4.6007735E+05   1.3507843E-01   8.0723531E-02   4.4271230E+00   4.5817662E+05   4.6007735E+05   2.1661330E+05   0.0000000E+00   0.0000000E+00   0.0000000E+00   0.0000000E+00
   4.3728270E-01   4.3746273E+05   4.3746273E+05   1.1960073E-01   7.1710359E-02   3.9455260E+00   4.3565526E+05   4.3746273E+05   2.0596582E+05   0.0000000E+00   0.0000000E+00   0.0000000E+00   0.0000000E+00
   4.5251669E-01   4.1538085E+05   4.1538085E+05   1.0630386E-01   6.3583750E-02   3.5075510E+00   4.1366446E+05   4.1538085E+05   1.9556918E+05   0.0000000E+00   0.0000000E+00   0.0000000E+00   0.0000000E+00
   4.6841641E-01   3.9433257E+05   3.9433257E+05   9.4234887E-02   5.6333899E-02   3.1166481E+00   3.9270302E+05   3.9433257E+05   1.8565919E+05   0.0000000E+00   0.0000000E+00   0.0000000E+00   0.0000000E+00
   4.8503891E-01   3.7437777E+05   3.7437777E+05   8.3354848E-02   4.9880478E-02   2.7672503E+00   3.7283056E+05   3.7437777E+05   1.7626404E+05   0.0000000E+00   0.0000000E+00   0.0000000E+00   0.0000000E+00
   5.0245056E-01   3.5510895E+05   3.5510895E+05   7.3604103E-02   4.4091127E-02   2.4515092E+00   3.5364126E+05   3.5510895E+05   1.6719186E+05   0.0000000E+00   0.0000000E+00   0.0000000E+00   0.0000000E+00
   5.2072913E-01   3.3632767E+05   3.3632767E+05   6.4869852E-02   3.8879243E-02   2.1671931E+00   3.3493751E+05   3.3632767E+05   1.5834925E+05   0.0000000E+00   0.0000000E+00   0.0000000E+00   0.0000000E+00
   5.3996643E-01   3.1822381E+05   3.1822381E+05   5.7096729E-02   3.4212142E-02   1.9122821E+00   3.1690838E+05   3.1822381E+05   1.4982557E+05   0.0000000E+00   0.0000000E+00   0.0000000E+00   0.0000000E+00
   5.6027162E-01   3.0085518E+05   3.0085518E+05   5.0187062E-02   3.0043010E-02   1.6834765E+00   2.9961148E+05   3.0085518E+05   1.4164807E+05   0.0000000E+00   0.0000000E+00   0.0000000E+00   0.0000000E+00
   5.8177559E-01   2.8401462E+05   2.8401462E+05   4.3928455E-02   2.6303591E-02   1.4772481E+00   2.8284046E+05   2.8401462E+05   1.3371919E+05   0.0000000E+00   0.0000000E+00   0.0000000E+00   0.0000000E+00
   6.0463648E-01   2.6763941E+05   2.6763941E+05   3.8318493E-02   2.2948199E-02   1.2918807E+00   2.6653288E+05   2.6763941E+05   1.2600942E+05   0.0000000E+00   0.0000000E+00   0.0000000E+00   0.0000000E+00
   6.2904691E-01   2.5178809E+05   2.5178809E+05   3.3295689E-02   1.9946113E-02   1.1256475E+00   2.5074704E+05   2.5178809E+05   1.1854631E+05   0.0000000E+00   0.0000000E+00   0.0000000E+00   0.0000000E+00
   6.5524314E-01   2.3637132E+05   2.3637132E+05   2.8802300E-02   1.7257620E-02   9.7629562E-01   2.3539396E+05   2.3637132E+05   1.1128779E+05   0.0000000E+00   0.0000000E+00   0.0000000E+00   0.0000000E+00
   6.8351674E-01   2.2132521E+05   2.2132521E+05   2.4779539E-02   1.4849965E-02   8.4226702E-01   2.2041002E+05   2.2132521E+05   1.0420380E+05   0.0000000E+00   0.0000000E+00   0.0000000E+00   0.0000000E+00
   7.1422877E-01   2.0664487E+05   2.0664487E+05   2.1185058E-02   1.2698267E-02   7.2201748E-01   2.0579033E+05   2.0664487E+05   9.7292014E+04   0.0000000E+00   0.0000000E+00   0.0000000E+00   0.0000000E+00
   7.4782609E-01   1.9226917E+05   1.9226917E+05   1.7978633E-02   1.0777168E-02   6.1421158E-01   1.9147405E+05   1.9226917E+05   9.0523667E+04   0.0000000E+00   0.0000000E+00   0.0000000E+00   0.0000000E+00
   7.8485750E-01   1.7817840E+05   1.7817840E+05   1.5123514E-02   9.0671566E-03   5.1808653E-01   1.7744152E+05   1.7817840E+05   8.3889472E+04   0.0000000E+00   0.0000000E+00   0.0000000E+00   0.0000000E+00
   8.2598426E-01   1.6435240E+05   1.6435240E+05   1.2594007E-02   7.5514757E-03   4.3256592E-01   1.6367266E+05   1.6435240E+05   7.7379936E+04   0.0000000E+00   0.0000000E+00   0.0000000E+00   0.0000000E+00
   8.7197356E-01   1.5079942E+05   1.5079942E+05   1.0371150E-02   6.2171855E-03   3.5700068E-01   1.5017571E+05   1.5079942E+05   7.0998949E+04   0.0000000E+00   0.0000000E+00   0.0000000E+00   0.0000000E+00
   9.2365749E-01   1.3756069E+05   1.3756069E+05   8.4287518E-03   5.0544610E-03   2.9099208E-01   1.3699171E+05   1.3756069E+05   6.4765916E+04   0.0000000E+00   0.0000000E+00   0.0000000E+00   0.0000000E+00
   9.8184049E-01   1.2472686E+05   1.2472686E+05   6.7624911E-03   4.0558514E-03   2.3409347E-01   1.2421095E+05   1.2472686E+05   5.8723525E+04   0.0000000E+00   0.0000000E+00   0.0000000E+00   0.0000000E+00
   1.0471633E+00   1.1243496E+05   1.1243496E+05   5.3580507E-03   3.2142369E-03   1.8598220E-01   1.1196988E+05   1.1243496E+05   5.2936282E+04   0.0000000E+00   0.0000000E+00   0.0000000E+00   0.0000000E+00
   1.1199840E+00   1.0084387E+05   1.0084387E+05   4.2005240E-03   2.5201852E-03   1.4620307E-01   1.0042672E+05   1.0084387E+05   4.7478992E+04   0.0000000E+00   0.0000000E+00   0.0000000E+00   0.0000000E+00
   1.2003720E+00   9.0093235E+04   9.0093235E+04   3.2651255E-03   1.9600545E-03   1.1398710E-01   8.9720542E+04   9.0093235E+04   4.2417407E+04   0.0000000E+00   0.0000000E+00   0.0000000E+00   0.0000000E+00
   1.2882474E+00   8.0270078E+04   8.0270078E+04   2.5279390E-03   1.5162267E-03   8.8375452E-02   7.9938012E+04   8.0270078E+04   3.7792496E+04   0.0000000E+00   0.0000000E+00   0.0000000E+00   0.0000000E+00
   1.3835713E+00   7.1394488E+04   7.1394488E+04   1.9484154E-03   1.1691541E-03   6.8306652E-02   7.1099133E+04   7.1394488E+04   3.3613717E+04   0.0000000E+00   0.0000000E+00   0.0000000E+00   0.0000000E+00
   1.4864688E+00   6.3429712E+04   6.3429712E+04   1.4994648E-03   8.9989608E-04   5.2689112E-02   6.3167302E+04   6.3429712E+04   2.9863765E+04   0.0000000E+00   0.0000000E+00   0.0000000E+00   0.0000000E+00
   1.5972510E+00   5.6311094E+04   5.6311094E+04   1.1527923E-03   6.9192625E-04   4.0592494E-02   5.6078129E+04   5.6311094E+04   2.6512199E+04   0.0000000E+00   0.0000000E+00   0.0000000E+00   0.0000000E+00
   1.7163798E+00   4.9962247E+04   4.9962247E+04   8.8561878E-04   5.3165312E-04   3.1252180E-02   4.9755545E+04   4.9962247E+04   2.3523055E+04   0.0000000E+00   0.0000000E+00   0.0000000E+00   0.0000000E+00
   1.8444244E+00   4.4306402E+04   4.4306402E+04   6.8018967E-04   4.0828084E-04   2.4042644E-02   4.4123097E+04   4.4306402E+04   2.0860188E+04   0.0000000E+00   0.0000000E+00   0.0000000E+00   0.0000000E+00
   1.9820303E+00   3.9272311E+04   3.9272311E+04   5.2202248E-04   3.1338719E-04   1.8479950E-02   3.9109831E+04   3.9272311E+04   1.8490054E+04   0.0000000E+00   0.0000000E+00   0.0000000E+00   0.0000000E+00
   2.1299047E+00   3.4794317E+04   3.4794317E+04   4.0047901E-04   2.4043872E-04   1.4201823E-02   3.4650362E+04   3.4794317E+04   1.6381739E+04   0.0000000E+00   0.0000000E+00   0.0000000E+00   0.0000000E+00
   2.2888122E+00   3.0813438E+04   3.0813438E+04   3.0710420E-04   1.8439007E-04   1.0903523E-02   3.0685952E+04   3.0813438E+04   1.4507475E+04   0.0000000E+00   0.0000000E+00   0.0000000E+00   0.0000000E+00
   2.4595755E+00   2.7276480E+04   2.7276480E+04   2.3529978E-04   1.4134715E-04   8.3697008E-03   2.7163627E+04   2.7276480E+04   1.2842217E+04   0.0000000E+00   0.0000000E+00   0.0000000E+00   0.0000000E+00
   2.6430791E+00   2.4135575E+04   2.4135575E+04   1.8053349E-04   1.0830732E-04   6.4215575E-03   2.4035717E+04   2.4135575E+04   1.1363427E+04   0.0000000E+00   0.0000000E+00   0.0000000E+00   0.0000000E+00
   2.8402735E+00   2.1347865E+04   2.1347865E+04   1.3817014E-04   8.2957599E-05   4.9241223E-03   2.1259540E+04   2.1347865E+04   1.0050926E+04   0.0000000E+00   0.0000000E+00   0.0000000E+00   0.0000000E+00
   3.0521801E+00   1.8874870E+04   1.8874870E+04   1.0578147E-04   6.3516630E-05   3.7755148E-03   1.8796776E+04   1.8874870E+04   8.8865992E+03   0.0000000E+00   0.0000000E+00   0.0000000E+00   0.0000000E+00
   3.2798966E+00   1.6682117E+04   1.6682117E+04   8.0957071E-05   4.8613476E-05   2.8920804E-03   1.6613095E+04   1.6682117E+04   7.8542150E+03   0.0000000E+00   0.0000000E+00   0.0000000E+00   0.0000000E+00
   3.5246026E+00   1.4738761E+04   1.4738761E+04   6.1980157E-05   3.7193640E-05   2.2160319E-03   1.4677780E+04   1.4738761E+04   6.9392510E+03   0.0000000E+00   0.0000000E+00   0.0000000E+00   0.0000000E+00
   3.7875656E+00   1.3017218E+04   1.3017218E+04   4.7369309E-05   2.8446480E-05   1.6951368E-03   1.2963359E+04   1.3017218E+04   6.1287200E+03   0.0000000E+00   0.0000000E+00   0.0000000E+00   0.0000000E+00
   4.0701476E+00   1.1492838E+04   1.1492838E+04   3.6219250E-05   2.1749064E-05   1.2972786E-03   1.1445286E+04   1.1492838E+04   5.4110169E+03   0.0000000E+00   0.0000000E+00   0.0000000E+00   0.0000000E+00
   4.3738125E+00   1.0143613E+04   1.0143613E+04   2.7685867E-05   1.6622998E-05   9.9225717E-04   1.0101644E+04   1.0143613E+04   4.7757796E+03   0.0000000E+00   0.0000000E+00   0.0000000E+00   0.0000000E+00
   4.7001331E+00   8.9499072E+03   8.9499072E+03   2.1150951E-05   1.2701033E-05   7.5948617E-04   8.9128767E+03   8.9499072E+03   4.2137633E+03   0.0000000E+00   0.0000000E+00   0.0000000E+00   0.0000000E+00
   5.0507998E+00   7.8942139E+03   7.8942139E+03   1.6153789E-05   9.7013893E-06   5.7975240E-04   7.8615513E+03   7.8942139E+03   3.7167255E+03   0.0000000E+00   0.0000000E+00   0.0000000E+00   0.0000000E+00
   5.4276291E+00   6.9609356E+03   6.9609356E+03   1.2336214E-05   7.4079461E-06   4.4284654E-04   6.9321345E+03   6.9609356E+03   3.2773227E+03   0.0000000E+00   0.0000000E+00   0.0000000E+00   0.0000000E+00
   5.8325727E+00   6.1361848E+03   6.1361848E+03   9.4163228E-06   5.6550248E-06   3.3844976E-04   6.1107961E+03   6.1361848E+03   2.8890165E+03   0.0000000E+00   0.0000000E+00   0.0000000E+00   0.0000000E+00
   6.2677282E+00   5.4076044E+03   5.4076044E+03   7.1854801E-06   4.3156662E-06   2.5824604E-04   5.3852302E+03   5.4076044E+03   2.5459889E+03   0.0000000E+00   0.0000000E+00   0.0000000E+00   0.0000000E+00
   6.7353498E+00   4.7642056E+03   4.7642056E+03   5.4826036E-06   3.2926176E-06   1.9710573E-04   4.7444935E+03   4.7642056E+03   2.2430662E+03   0.0000000E+00   0.0000000E+00   0.0000000E+00   0.0000000E+00
   7.2378597E+00   4.1962222E+03   4.1962222E+03   4.1808544E-06   2.5114140E-06   1.5050116E-04   4.1788601E+03   4.1962222E+03   1.9756502E+03   0.0000000E+00   0.0000000E+00   0.0000000E+00   0.0000000E+00
   7.7778607E+00   3.6949794E+03   3.6949794E+03   3.1906095E-06   1.9150597E-06   1.1484564E-04   3.6796912E+03   3.6949794E+03   1.7396569E+03   0.0000000E+00   0.0000000E+00   0.0000000E+00   0.0000000E+00
   8.3581499E+00   3.2527762E+03   3.2527762E+03   2.4308737E-06   1.4599452E-06   8.7641693E-05   3.2393176E+03   3.2527762E+03   1.5314604E+03   0.0000000E+00   0.0000000E+00   0.0000000E+00   0.0000000E+00
   8.9817334E+00   2.8627793E+03   2.8627793E+03   1.8527303E-06   1.1127156E-06   6.6669002E-05   2.8509344E+03   2.8627793E+03   1.3478435E+03   0.0000000E+00   0.0000000E+00   0.0000000E+00   0.0000000E+00
   9.6518410E+00   2.5189288E+03   2.5189288E+03   1.4114761E-06   8.4786808E-07   5.0909168E-05   2.5085066E+03   2.5189288E+03   1.1859530E+03   0.0000000E+00   0.0000000E+00   0.0000000E+00   0.0000000E+00
   1.0371944E+01   2.2158530E+03   2.2158530E+03   1.0758547E-06   6.4590985E-07   3.8720291E-05   2.2066847E+03   2.2158530E+03   1.0432599E+03   0.0000000E+00   0.0000000E+00   0.0000000E+00   0.0000000E+00
