#           k/h    CDM            baryon         photon         nu             mass_nu        total          no_nu          total_de       Weyl           v_CDM          v_b            v_b-v_c     
   1.0440717E-05   1.3523269E+07   1.3523269E+07   1.8024952E+07   -2.6417681E+05   -1.0412367E+07   1.3523306E+07   1.3523269E+07   1.0447016E+07   0.0000000E+00   0.0000000E+00   0.0000000E+00   0.0000000E+00
   1.1219676E-05   1.3523269E+07   1.3523269E+07   1.8024012E+07   -2.6417412E+05   -1.0412217E+07   1.3523306E+07   1.3523269E+07   1.0447016E+07   0.0000000E+00   0.0000000E+00   0.0000000E+00   0.0000000E+00
   1.2056752E-05   1.3523270E+07   1.3523270E+07   1.8022927E+07   -2.6417102E+05   -1.0412045E+07   1.3523306E+07   1.3523270E+07   1.0447016E+07   0.0000000E+00   0.0000000E+00   0.0000000E+00   0.0000000E+00
   1.2956280E-05   1.3523270E+07   1.3523270E+07   1.8021675E+07   -2.6416743E+05   -1.0411846E+07   1.3523306E+07   1.3523270E+07   1.0447016E+07   0.0000000E+00   0.0000000E+00   0.0000000E+00   0.0000000E+00
   1.3922919E-05   1.3523271E+07   1.3523271E+07   1.8020228E+07   -2.6416329E+05   -1.0411615E+07   1.3523307E+07   1.3523271E+07   1.0447016E+07   0.0000000E+00   0.0000000E+00   0.0000000E+00   0.0000000E+00
   1.4961678E-05   1.3523271E+07   1.3523271E+07   1.8018558E+07   -2.6415852E+05   -1.0411350E+07   1.3523307E+07   1.3523271E+07   1.0447017E+07   0.0000000E+00   0.0000000E+00   0.0000000E+00   0.0000000E+00
   1.6077937E-05   1.3523272E+07   1.3523272E+07   1.8016629E+07   -2.6415300E+05   -1.0411043E+07   1.3523307E+07   1.3523272E+07   1.0447017E+07   0.0000000E+00   0.0000000E+00   0.0000000E+00   0.0000000E+00
   1.7277476E-05   1.3523273E+07   1.3523273E+07   1.8014402E+07   -2.6414662E+05   -1.0410688E+07   1.3523308E+07   1.3523273E+07   1.0447017E+07   0.0000000E+00   0.0000000E+00   0.0000000E+00   0.0000000E+00
   1.8566511E-05   1.3523273E+07   1.3523273E+07   1.8011831E+07   -2.6413926E+05   -1.0410279E+07   1.3523308E+07   1.3523273E+07   1.0447017E+07   0.0000000E+00   0.0000000E+00   0.0000000E+00   0.0000000E+00
   1.9951719E-05   1.3523274E+07   1.3523274E+07   1.8008862E+07   -2.6413076E+05   -1.0409807E+07   1.3523309E+07   1.3523274E+07   1.0447017E+07   0.0000000E+00   0.0000000E+00   0.0000000E+00   0.0000000E+00
   2.1440273E-05   1.3523276E+07   1.3523276E+07   1.8005434E+07   -2.6412095E+05   -1.0409261E+07   1.3523310E+07   1.3523276E+07   1.0447017E+07   0.0000000E+00   0.0000000E+00   0.0000000E+00   0.0000000E+00
   2.3039885E-05   1.3523277E+07   1.3523277E+07   1.8001477E+07   -2.6410962E+05   -1.0408631E+07   1.3523310E+07   1.3523277E+07   1.0447018E+07   0.0000000E+00   0.0000000E+00   0.0000000E+00   0.0000000E+00
   2.4758841E-05   1.3523278E+07   1.3523278E+07   1.7996908E+07   -2.6409654E+05   -1.0407904E+07   1.3523311E+07   1.3523278E+07   1.0447018E+07   0.0000000E+00   0.0000000E+00   0.0000000E+00   0.0000000E+00
   2.6606044E-05   1.3523280E+07   1.3523280E+07   1.7991633E+07   -2.6408143E+05   -1.0407064E+07   1.3523312E+07   1.3523280E+07   1.0447018E+07   0.0000000E+00   0.0000000E+00   0.0000000E+00   0.0000000E+00
   2.8591064E-05   1.3523282E+07   1.3523282E+07   1.7985543E+07   -2.6406398E+05   -1.0406094E+07   1.3523314E+07   1.3523282E+07   1.0447019E+07   0.0000000E+00   0.0000000E+00   0.0000000E+00   0.0000000E+00
   3.0724181E-05   1.3523284E+07   1.3523284E+07   1.7978513E+07   -2.6404384E+05   -1.0404974E+07   1.3523315E+07   1.3523284E+07   1.0447019E+07   0.0000000E+00   0.0000000E+00   0.0000000E+00   0.0000000E+00
   3.3016445E-05   1.3523287E+07   1.3523287E+07   1.7970399E+07   -2.6402057E+05   -1.0403681E+07   1.3523317E+07   1.3523287E+07   1.0447019E+07   0.0000000E+00   0.0000000E+00   0.0000000E+00   0.0000000E+00
   3.5479730E-05   1.3523290E+07   1.3523290E+07   1.7961032E+07   -2.6399372E+05   -1.0402189E+07   1.3523318E+07   1.3523290E+07   1.0447020E+07   0.0000000E+00   0.0000000E+00   0.0000000E+00   0.0000000E+00
   3.8126796E-05   1.3523294E+07   1.3523294E+07   1.7950222E+07   -2.6396271E+05   -1.0400465E+07   1.3523320E+07   1.3523294E+07   1.0447021E+07   0.0000000E+00   0.0000000E+00   0.0000000E+00   0.0000000E+00
   4.0971353E-05   1.3523298E+07   1.3523298E+07   1.7937746E+07   -2.6392690E+05   -1.0398475E+07   1.3523323E+07   1.3523298E+07   1.0447021E+07   0.0000000E+00   0.0000000E+00   0.0000000E+00   0.0000000E+00
   4.4028137E-05   1.3523303E+07   1.3523303E+07   1.7923349E+07   -2.6388556E+05   -1.0396178E+07   1.3523326E+07   1.3523303E+07   1.0447022E+07   0.0000000E+00   0.0000000E+00   0.0000000E+00   0.0000000E+00
   4.7312981E-05   1.3523308E+07   1.3523308E+07   1.7906737E+07   -2.6383783E+05   -1.0393527E+07   1.3523329E+07   1.3523308E+07   1.0447023E+07   0.0000000E+00   0.0000000E+00   0.0000000E+00   0.0000000E+00
   5.0842900E-05   1.3523314E+07   1.3523314E+07   1.7887572E+07   -2.6378273E+05   -1.0390465E+07   1.3523333E+07   1.3523314E+07   1.0447024E+07   0.0000000E+00   0.0000000E+00   0.0000000E+00   0.0000000E+00
   5.4636178E-05   1.3523322E+07   1.3523322E+07   1.7865465E+07   -2.6371912E+05   -1.0386932E+07   1.3523337E+07   1.3523322E+07   1.0447026E+07   0.0000000E+00   0.0000000E+00   0.0000000E+00   0.0000000E+00
   5.8712465E-05   1.3523330E+07   1.3523330E+07   1.7839968E+07   -2.6364568E+05   -1.0382854E+07   1.3523342E+07   1.3523330E+07   1.0447027E+07   0.0000000E+00   0.0000000E+00   0.0000000E+00   0.0000000E+00
   6.3092874E-05   1.3523340E+07   1.3523340E+07   1.7810568E+07   -2.6356091E+05   -1.0378147E+07   1.3523348E+07   1.3523340E+07   1.0447029E+07   0.0000000E+00   0.0000000E+00   0.0000000E+00   0.0000000E+00
   6.7800096E-05   1.3523351E+07   1.3523351E+07   1.7776673E+07   -2.6346306E+05   -1.0372715E+07   1.3523354E+07   1.3523351E+07   1.0447031E+07   0.0000000E+00   0.0000000E+00   0.0000000E+00   0.0000000E+00
   7.2858514E-05   1.3523364E+07   1.3523364E+07   1.7737608E+07   -2.6335013E+05   -1.0366447E+07   1.3523362E+07   1.3523364E+07   1.0447033E+07   0.0000000E+00   0.0000000E+00   0.0000000E+00   0.0000000E+00
   7.8294330E-05   1.3523378E+07   1.3523378E+07   1.7692597E+07   -2.6321978E+05   -1.0359215E+07   1.3523370E+07   1.3523378E+07   1.0447035E+07   0.0000000E+00   0.0000000E+00   0.0000000E+00   0.0000000E+00
   8.4135700E-05   1.3523395E+07   1.3523395E+07   1.7640753E+07   -2.6306936E+05   -1.0350873E+07   1.3523380E+07   1.3523395E+07   1.0447038E+07   0.0000000E+00   0.0000000E+00   0.0000000E+00   0.0000000E+00
   9.0412882E-05   1.3523415E+07   1.3523415E+07   1.7581064E+07   -2.6289579E+05   -1.0341250E+07   1.3523392E+07   1.3523415E+07   1.0447041E+07   0.0000000E+00   0.0000000E+00   0.0000000E+00   0.0000000E+00
   9.7158390E-05   1.3523437E+07   1.3523437E+07   1.7512372E+07   -2.6269554E+05   -1.0330152E+07   1.3523405E+07   1.3523437E+07   1.0447045E+07   0.0000000E+00   0.0000000E+00   0.0000000E+00   0.0000000E+00
   1.0440717E-04   1.3523463E+07   1.3523463E+07   1.7433363E+07   -2.6246452E+05   -1.0317357E+07   1.3523420E+07   1.3523463E+07   1.0447049E+07   0.0000000E+00   0.0000000E+00   0.0000000E+00   0.0000000E+00
   1.1219676E-04   1.3523493E+07   1.3523493E+07   1.7342545E+07   -2.6219806E+05   -1.0302608E+07   1.3523437E+07   1.3523493E+07   1.0447053E+07   0.0000000E+00   0.0000000E+00   0.0000000E+00   0.0000000E+00
   1.2056752E-04   1.3523527E+07   1.3523527E+07   1.7238225E+07   -2.6189078E+05   -1.0285611E+07   1.3523457E+07   1.3523527E+07   1.0447058E+07   0.0000000E+00   0.0000000E+00   0.0000000E+00   0.0000000E+00
   1.2956280E-04   1.3523565E+07   1.3523565E+07   1.7118496E+07   -2.6153649E+05   -1.0266030E+07   1.3523479E+07   1.3523565E+07   1.0447063E+07   0.0000000E+00   0.0000000E+00   0.0000000E+00   0.0000000E+00
   1.3922919E-04   1.3523610E+07   1.3523610E+07   1.6981213E+07   -2.6112811E+05   -1.0243481E+07   1.3523504E+07   1.3523610E+07   1.0447068E+07   0.0000000E+00   0.0000000E+00   0.0000000E+00   0.0000000E+00
   1.4961678E-04   1.3523660E+07   1.3523660E+07   1.6823977E+07   -2.6065751E+05   -1.0217523E+07   1.3523533E+07   1.3523660E+07   1.0447074E+07   0.0000000E+00   0.0000000E+00   0.0000000E+00   0.0000000E+00
   1.6077937E-04   1.3523718E+07   1.3523718E+07   1.6644118E+07   -2.6011538E+05   -1.0187659E+07   1.3523565E+07   1.3523718E+07   1.0447080E+07   0.0000000E+00   0.0000000E+00   0.0000000E+00   0.0000000E+00
   1.7277476E-04   1.3523784E+07   1.3523784E+07   1.6438686E+07   -2.5949109E+05   -1.0153317E+07   1.3523601E+07   1.3523784E+07   1.0447085E+07   0.0000000E+00   0.0000000E+00   0.0000000E+00   0.0000000E+00
   1.8566511E-04   1.3523858E+07   1.3523858E+07   1.6204447E+07   -2.5877251E+05   -1.0113854E+07   1.3523642E+07   1.3523858E+07   1.0447090E+07   0.0000000E+00   0.0000000E+00   0.0000000E+00   0.0000000E+00
   1.9951719E-04   1.3523942E+07   1.3523942E+07   1.5937893E+07   -2.5794581E+05   -1.0068539E+07   1.3523687E+07   1.3523942E+07   1.0447094E+07   0.0000000E+00   0.0000000E+00   0.0000000E+00   0.0000000E+00
   2.1440273E-04   1.3524036E+07   1.3524036E+07   1.5635261E+07   -2.5699526E+05   -1.0016551E+07   1.3523736E+07   1.3524036E+07   1.0447096E+07   0.0000000E+00   0.0000000E+00   0.0000000E+00   0.0000000E+00
   2.3039885E-04   1.3524142E+07   1.3524142E+07   1.5292587E+07   -2.5590307E+05   -9.9569666E+06   1.3523790E+07   1.3524142E+07   1.0447094E+07   0.0000000E+00   0.0000000E+00   0.0000000E+00   0.0000000E+00
   2.4758841E-04   1.3524259E+07   1.3524259E+07   1.4905774E+07   -2.5464908E+05   -9.8887554E+06   1.3523849E+07   1.3524259E+07   1.0447088E+07   0.0000000E+00   0.0000000E+00   0.0000000E+00   0.0000000E+00
   2.6606044E-04   1.3524389E+07   1.3524389E+07   1.4470705E+07   -2.5321064E+05   -9.8107730E+06   1.3523910E+07   1.3524389E+07   1.0447075E+07   0.0000000E+00   0.0000000E+00   0.0000000E+00   0.0000000E+00
   2.8591064E-04   1.3524532E+07   1.3524532E+07   1.3983404E+07   -2.5156233E+05   -9.7217575E+06   1.3523974E+07   1.3524532E+07   1.0447052E+07   0.0000000E+00   0.0000000E+00   0.0000000E+00   0.0000000E+00
   3.0724181E-04   1.3524686E+07   1.3524686E+07   1.3440251E+07   -2.4967581E+05   -9.6203292E+06   1.3524038E+07   1.3524686E+07   1.0447016E+07   0.0000000E+00   0.0000000E+00   0.0000000E+00   0.0000000E+00
   3.3016445E-04   1.3524850E+07   1.3524850E+07   1.2838270E+07   -2.4751967E+05   -9.5049945E+06   1.3524099E+07   1.3524850E+07   1.0446960E+07   0.0000000E+00   0.0000000E+00   0.0000000E+00   0.0000000E+00
   3.5479730E-04   1.3525021E+07   1.3525021E+07   1.2175493E+07   -2.4505936E+05   -9.3741576E+06   1.3524152E+07   1.3525021E+07   1.0446878E+07   0.0000000E+00   0.0000000E+00   0.0000000E+00   0.0000000E+00
   3.8126796E-04   1.3525196E+07   1.3525196E+07   1.1451401E+07   -2.4225723E+05   -9.2261396E+06   1.3524191E+07   1.3525196E+07   1.0446759E+07   0.0000000E+00   0.0000000E+00   0.0000000E+00   0.0000000E+00
   4.0971353E-04   1.3525366E+07   1.3525366E+07   1.0667460E+07   -2.3907270E+05   -9.0592102E+06   1.3524206E+07   1.3525366E+07   1.0446592E+07   0.0000000E+00   0.0000000E+00   0.0000000E+00   0.0000000E+00
   4.4028137E-04   1.3525521E+07   1.3525521E+07   9.8277022E+06   -2.3546268E+05   -8.8716335E+06   1.3524184E+07   1.3525521E+07   1.0446360E+07   0.0000000E+00   0.0000000E+00   0.0000000E+00   0.0000000E+00
   4.7312981E-04   1.3525646E+07   1.3525646E+07   8.9393486E+06   -2.3138223E+05   -8.6617308E+06   1.3524107E+07   1.3525646E+07   1.0446041E+07   0.0000000E+00   0.0000000E+00   0.0000000E+00   0.0000000E+00
   5.0842900E-04   1.3525720E+07   1.3525720E+07   8.0133850E+06   -2.2678559E+05   -8.4279646E+06   1.3523951E+07   1.3525720E+07   1.0445606E+07   0.0000000E+00   0.0000000E+00   0.0000000E+00   0.0000000E+00
   5.4636178E-04   1.3525714E+07   1.3525714E+07   7.0650013E+06   -2.2162769E+05   -8.1690452E+06   1.3523684E+07   1.3525714E+07   1.0445019E+07   0.0000000E+00   0.0000000E+00   0.0000000E+00   0.0000000E+00
   5.8712465E-04   1.3525587E+07   1.3525587E+07   6.1137426E+06   -2.1586615E+05   -7.8840597E+06   1.3523262E+07   1.3525587E+07   1.0444234E+07   0.0000000E+00   0.0000000E+00   0.0000000E+00   0.0000000E+00
   6.3092874E-04   1.3525287E+07   1.3525287E+07   5.1831886E+06   -2.0946397E+05   -7.5726240E+06   1.3522628E+07   1.3525287E+07   1.0443191E+07   0.0000000E+00   0.0000000E+00   0.0000000E+00   0.0000000E+00
   6.7800096E-04   1.3524743E+07   1.3524743E+07   4.2999478E+06   -2.0239288E+05   -7.2350493E+06   1.3521710E+07   1.3524743E+07   1.0441817E+07   0.0000000E+00   0.0000000E+00   0.0000000E+00   0.0000000E+00
   7.2858514E-04   1.3523864E+07   1.3523864E+07   3.4917678E+06   -1.9463736E+05   -6.8725121E+06   1.3520411E+07   1.3523864E+07   1.0440018E+07   0.0000000E+00   0.0000000E+00   0.0000000E+00   0.0000000E+00
   7.8294330E-04   1.3522533E+07   1.3522533E+07   2.7846531E+06   -1.8619926E+05   -6.4872099E+06   1.3518611E+07   1.3522533E+07   1.0437684E+07   0.0000000E+00   0.0000000E+00   0.0000000E+00   0.0000000E+00
   8.4135700E-04   1.3520602E+07   1.3520602E+07   2.1990802E+06   -1.7710266E+05   -6.0824736E+06   1.3516160E+07   1.3520602E+07   1.0434677E+07   0.0000000E+00   0.0000000E+00   0.0000000E+00   0.0000000E+00
   9.0412882E-04   1.3517889E+07   1.3517889E+07   1.7457446E+06   -1.6739855E+05   -5.6628030E+06   1.3512872E+07   1.3517889E+07   1.0430837E+07   0.0000000E+00   0.0000000E+00   0.0000000E+00   0.0000000E+00
   9.7158390E-04   1.3514171E+07   1.3514171E+07   1.4217371E+06   -1.5716851E+05   -5.2337882E+06   1.3508523E+07   1.3514171E+07   1.0425978E+07   0.0000000E+00   0.0000000E+00   0.0000000E+00   0.0000000E+00
   1.0440717E-03   1.3509184E+07   1.3509184E+07   1.2085362E+06   -1.4652637E+05   -4.8018836E+06   1.3502851E+07   1.3509184E+07   1.0419891E+07   0.0000000E+00   0.0000000E+00   0.0000000E+00   0.0000000E+00
   1.1219676E-03   1.3502625E+07   1.3502625E+07   1.0734661E+06   -1.3561665E+05   -4.3740209E+06   1.3495551E+07   1.3502625E+07   1.0412344E+07   0.0000000E+00   0.0000000E+00   0.0000000E+00   0.0000000E+00
   1.2056752E-03   1.3494154E+07   1.3494154E+07   9.7590386E+05   -1.2460862E+05   -3.9570815E+06   1.3486286E+07   1.3494154E+07   1.0403093E+07   0.0000000E+00   0.0000000E+00   0.0000000E+00   0.0000000E+00
   1.2956280E-03   1.3483403E+07   1.3483403E+07   8.7811178E+05   -1.1368552E+05   -3.5572998E+06   1.3474694E+07   1.3483403E+07   1.0391888E+07   0.0000000E+00   0.0000000E+00   0.0000000E+00   0.0000000E+00
   1.3922919E-03   1.3469992E+07   1.3469992E+07   7.5798601E+05   -1.0302936E+05   -3.1797179E+06   1.3460398E+07   1.3469992E+07   1.0378482E+07   0.0000000E+00   0.0000000E+00   0.0000000E+00   0.0000000E+00
   1.4961678E-03   1.3453540E+07   1.3453540E+07   6.1800769E+05   -9.2803664E+04   -2.8278365E+06   1.3443028E+07   1.3453540E+07   1.0362644E+07   0.0000000E+00   0.0000000E+00   0.0000000E+00   0.0000000E+00
   1.6077937E-03   1.3433685E+07   1.3433685E+07   4.8338001E+05   -8.3138083E+04   -2.5035718E+06   1.3422229E+07   1.3433685E+07   1.0344161E+07   0.0000000E+00   0.0000000E+00   0.0000000E+00   0.0000000E+00
   1.7277476E-03   1.3410093E+07   1.3410093E+07   3.8577482E+05   -7.4119517E+04   -2.2075145E+06   1.3397675E+07   1.3410093E+07   1.0322841E+07   0.0000000E+00   0.0000000E+00   0.0000000E+00   0.0000000E+00
   1.8566511E-03   1.3382456E+07   1.3382456E+07   3.3881874E+05   -6.5793114E+04   -1.9393323E+06   1.3369068E+07   1.3382456E+07   1.0298503E+07   0.0000000E+00   0.0000000E+00   0.0000000E+00   0.0000000E+00
   1.9951719E-03   1.3350490E+07   1.3350490E+07   3.2302992E+05   -5.8172093E+04   -1.6980809E+06   1.3336131E+07   1.3350490E+07   1.0270970E+07   0.0000000E+00   0.0000000E+00   0.0000000E+00   0.0000000E+00
   2.1440273E-03   1.3313926E+07   1.3313926E+07   2.9886346E+05   -5.1250381E+04   -1.4823070E+06   1.3298595E+07   1.3313926E+07   1.0240056E+07   0.0000000E+00   0.0000000E+00   0.0000000E+00   0.0000000E+00
   2.3039885E-03   1.3272495E+07   1.3272495E+07   2.4464546E+05   -4.5010140E+04   -1.2901104E+06   1.3256195E+07   1.3272495E+07   1.0205567E+07   0.0000000E+00   0.0000000E+00   0.0000000E+00   0.0000000E+00
   2.4758841E-03   1.3225933E+07   1.3225933E+07   1.8177123E+05   -3.9421558E+04   -1.1194515E+06   1.3208662E+07   1.3225933E+07   1.0167298E+07   0.0000000E+00   0.0000000E+00   0.0000000E+00   0.0000000E+00
   2.6606044E-03   1.3173977E+07   1.3173977E+07   1.4768693E+05   -3.4441528E+04   -9.6859599E+05   1.3155731E+07   1.3173977E+07   1.0125041E+07   0.0000000E+00   0.0000000E+00   0.0000000E+00   0.0000000E+00
   2.8591064E-03   1.3116360E+07   1.3116360E+07   1.4140655E+05   -3.0019741E+04   -8.3608712E+05   1.3097130E+07   1.3116360E+07   1.0078583E+07   0.0000000E+00   0.0000000E+00   0.0000000E+00   0.0000000E+00
   3.0724181E-03   1.3052803E+07   1.3052803E+07   1.2648439E+05   -2.6108715E+04   -7.2014258E+05   1.3032579E+07   1.3052803E+07   1.0027700E+07   0.0000000E+00   0.0000000E+00   0.0000000E+00   0.0000000E+00
   3.3016445E-03   1.2983014E+07   1.2983014E+07   9.8113554E+04   -2.2664708E+04   -6.1863428E+05   1.2961786E+07   1.2983014E+07   9.9721585E+06   0.0000000E+00   0.0000000E+00   0.0000000E+00   0.0000000E+00
   3.5479730E-03   1.2906694E+07   1.2906694E+07   8.5654344E+04   -1.9641157E+04   -5.3003126E+05   1.2884455E+07   1.2906694E+07   9.9117188E+06   0.0000000E+00   0.0000000E+00   0.0000000E+00   0.0000000E+00
   3.8126796E-03   1.2823532E+07   1.2823532E+07   7.8531833E+04   -1.6991711E+04   -4.5324662E+05   1.2800283E+07   1.2823532E+07   9.8461360E+06   0.0000000E+00   0.0000000E+00   0.0000000E+00   0.0000000E+00
   4.0971353E-03   1.2733205E+07   1.2733205E+07   5.8584057E+04   -1.4677323E+04   -3.8655417E+05   1.2708950E+07   1.2733205E+07   9.7751537E+06   0.0000000E+00   0.0000000E+00   0.0000000E+00   0.0000000E+00
   4.4028137E-03   1.2635375E+07   1.2635375E+07   5.3396986E+04   -1.2660298E+04   -3.2871748E+05   1.2610129E+07   1.2635375E+07   9.6985103E+06   0.0000000E+00   0.0000000E+00   0.0000000E+00   0.0000000E+00
   4.7312981E-03   1.2529702E+07   1.2529702E+07   4.8371236E+04   -1.0904302E+04   -2.7908345E+05   1.2503494E+07   1.2529702E+07   9.6159436E+06   0.0000000E+00   0.0000000E+00   0.0000000E+00   0.0000000E+00
   5.0842900E-03   1.2415835E+07   1.2415835E+07   3.6344515E+04   -9.3799482E+03   -2.3608567E+05   1.2388710E+07   1.2415835E+07   9.5271881E+06   0.0000000E+00   0.0000000E+00   0.0000000E+00   0.0000000E+00
   5.4636178E-03   1.2293426E+07   1.2293426E+07   3.4721374E+04   -8.0577682E+03   -1.9923288E+05   1.2265437E+07   1.2293426E+07   9.4319726E+06   0.0000000E+00   0.0000000E+00   0.0000000E+00   0.0000000E+00
   5.8712465E-03   1.2162125E+07   1.2162125E+07   2.6810198E+04   -6.9128970E+03   -1.6757717E+05   1.2133316E+07   1.2162125E+07   9.3300136E+06   0.0000000E+00   0.0000000E+00   0.0000000E+00   0.0000000E+00
   6.3092874E-03   1.2021569E+07   1.2021569E+07   2.5213262E+04   -5.9228180E+03   -1.4062458E+05   1.1991979E+07   1.2021569E+07   9.2210218E+06   0.0000000E+00   0.0000000E+00   0.0000000E+00   0.0000000E+00
   6.7800096E-03   1.1871378E+07   1.1871378E+07   1.9531783E+04   -5.0683180E+03   -1.1750678E+05   1.1841064E+07   1.1871378E+07   9.1047117E+06   0.0000000E+00   0.0000000E+00   0.0000000E+00   0.0000000E+00
   7.2858514E-03   1.1711167E+07   1.1711167E+07   1.7279045E+04   -4.3312569E+03   -9.7972123E+04   1.1680210E+07   1.1711167E+07   8.9808001E+06   0.0000000E+00   0.0000000E+00   0.0000000E+00   0.0000000E+00
   7.8294330E-03   1.1540550E+07   1.1540550E+07   1.5383204E+04   -3.6964509E+03   -8.1267840E+04   1.1509033E+07   1.1540550E+07   8.8489877E+06   0.0000000E+00   0.0000000E+00   0.0000000E+00   0.0000000E+00
   8.4135700E-03   1.1359148E+07   1.1359148E+07   1.2205875E+04   -3.1502762E+03   -6.7159919E+04   1.1327144E+07   1.1359148E+07   8.7089701E+06   0.0000000E+00   0.0000000E+00   0.0000000E+00   0.0000000E+00
   9.0412882E-03   1.1166566E+07   1.1166566E+07   9.8984903E+03   -2.6809378E+03   -5.5320730E+04   1.1134162E+07   1.1166566E+07   8.5604504E+06   0.0000000E+00   0.0000000E+00   0.0000000E+00   0.0000000E+00
   9.7158390E-03   1.0962400E+07   1.0962400E+07   8.9843275E+03   -2.2781022E+03   -4.5339214E+04   1.0929691E+07   1.0962400E+07   8.4031215E+06   0.0000000E+00   0.0000000E+00   0.0000000E+00   0.0000000E+00
   1.0440717E-02   1.0746242E+07   1.0746242E+07   7.7657098E+03   -1.9327296E+03   -3.6957156E+04   1.0713328E+07   1.0746242E+07   8.2366698E+06   0.0000000E+00   0.0000000E+00   0.0000000E+00   0.0000000E+00
   1.1219676E-02   1.0517699E+07   1.0517699E+07   6.7032286E+03   -1.6369545E+03   -2.9966338E+04   1.0484677E+07   1.0517699E+07   8.0607890E+06   0.0000000E+00   0.0000000E+00   0.0000000E+00   0.0000000E+00
   1.2056752E-02   1.0276375E+07   1.0276375E+07   5.6069520E+03   -1.3839805E+03   -2.4146757E+04   1.0243355E+07   1.0276375E+07   7.8751816E+06   0.0000000E+00   0.0000000E+00   0.0000000E+00   0.0000000E+00
   1.2956280E-02   1.0021893E+07   1.0021893E+07   4.5642399E+03   -1.1678203E+03   -1.9335811E+04   9.9889851E+06   1.0021893E+07   7.6795563E+06   0.0000000E+00   0.0000000E+00   0.0000000E+00   0.0000000E+00
   1.3922919E-02   9.7539192E+06   9.7539192E+06   3.6804857E+03   -9.8340793E+02   -1.5367156E+04   9.7212313E+06   9.7539192E+06   7.4736529E+06   0.0000000E+00   0.0000000E+00   0.0000000E+00   0.0000000E+00
   1.4961678E-02   9.4721642E+06   9.4721642E+06   3.1217215E+03   -8.2625503E+02   -1.2097822E+04   9.4398131E+06   9.4721642E+06   7.2572544E+06   0.0000000E+00   0.0000000E+00   0.0000000E+00   0.0000000E+00
   1.6077937E-02   9.1764337E+06   9.1764337E+06   2.7684880E+03   -6.9253651E+02   -9.4532651E+03   9.1445327E+06   9.1764337E+06   7.0302072E+06   0.0000000E+00   0.0000000E+00   0.0000000E+00   0.0000000E+00
   1.7277476E-02   8.8666576E+06   8.8666576E+06   2.1875541E+03   -5.7893201E+02   -7.3114635E+03   8.8353223E+06   8.8666576E+06   6.7924583E+06   0.0000000E+00   0.0000000E+00   0.0000000E+00   0.0000000E+00
   1.8566511E-02   8.5429472E+06   8.5429472E+06   1.8990434E+03   -4.8259236E+02   -5.5781263E+03   8.5122904E+06   8.5429472E+06   6.5440899E+06   0.0000000E+00   0.0000000E+00   0.0000000E+00   0.0000000E+00
   1.9951718E-02   8.2056601E+06   8.2056601E+06   1.4903611E+03   -4.0104209E+02   -4.2028045E+03   8.1757937E+06   8.2056601E+06   6.2853755E+06   0.0000000E+00   0.0000000E+00   0.0000000E+00   0.0000000E+00
   2.1440272E-02   7.8554830E+06   7.8554830E+06   1.2600234E+03   -3.3217228E+02   -3.1194218E+03   7.8265144E+06   7.8554830E+06   6.0168387E+06   0.0000000E+00   0.0000000E+00   0.0000000E+00   0.0000000E+00
   2.3039876E-02   7.4935226E+06   7.4935226E+06   1.0526212E+03   -2.7415867E+02   -2.2674406E+03   7.4655524E+06   7.4935226E+06   5.7393246E+06   0.0000000E+00   0.0000000E+00   0.0000000E+00   0.0000000E+00
   2.4758789E-02   7.1214151E+06   7.1214151E+06   8.4047217E+02   -2.2543420E+02   -1.6065119E+03   7.0945358E+06   7.1214151E+06   5.4540841E+06   0.0000000E+00   0.0000000E+00   0.0000000E+00   0.0000000E+00
   2.6605793E-02   6.7414417E+06   6.7414417E+06   6.8420495E+02   -1.8465619E+02   -1.0967130E+03   6.7157347E+06   6.7414417E+06   5.1628620E+06   0.0000000E+00   0.0000000E+00   0.0000000E+00   0.0000000E+00
   2.8590004E-02   6.3566608E+06   6.3566608E+06   6.0084269E+02   -1.5067073E+02   -7.2240890E+02   6.3321921E+06   6.3566608E+06   4.8679973E+06   0.0000000E+00   0.0000000E+00   0.0000000E+00   0.0000000E+00
   3.0720264E-02   5.9710619E+06   5.9710619E+06   4.5773135E+02   -1.2249328E+02   -4.4074771E+02   5.9478788E+06   5.9710619E+06   4.5725422E+06   0.0000000E+00   0.0000000E+00   0.0000000E+00   0.0000000E+00
   3.3003638E-02   5.5897420E+06   5.5897420E+06   3.6495577E+02   -9.9283554E+01   -2.4370100E+02   5.5678683E+06   5.5897420E+06   4.2803966E+06   0.0000000E+00   0.0000000E+00   0.0000000E+00   0.0000000E+00
   3.5442447E-02   5.2190444E+06   5.2190444E+06   2.9529828E+02   -8.0329136E+01   -1.0393894E+02   5.1984752E+06   5.2190444E+06   3.9964147E+06   0.0000000E+00   0.0000000E+00   0.0000000E+00   0.0000000E+00
   3.8029696E-02   4.8664604E+06   4.8664604E+06   2.4177654E+02   -6.5018890E+01   -7.9132921E+00   4.8471570E+06   4.8664604E+06   3.7263294E+06   0.0000000E+00   0.0000000E+00   0.0000000E+00   0.0000000E+00
   4.0744460E-02   4.5399387E+06   4.5399387E+06   2.0998813E+02   -5.2814380E+01   5.1668585E+01   4.5218269E+06   4.5399387E+06   3.4762240E+06   0.0000000E+00   0.0000000E+00   0.0000000E+00   0.0000000E+00
   4.3551097E-02   4.2463708E+06   4.2463708E+06   1.5932492E+02   -4.3216817E+01   8.7347532E+01   4.2293443E+06   4.2463708E+06   3.2513712E+06   0.0000000E+00   0.0000000E+00   0.0000000E+00   0.0000000E+00
   4.6405983E-02   3.9897066E+06   3.9897066E+06   1.4075057E+02   -3.5747719E+01   1.0947823E+02   3.9736386E+06   3.9897066E+06   3.0547919E+06   0.0000000E+00   0.0000000E+00   0.0000000E+00   0.0000000E+00
   4.9269569E-02   3.7698825E+06   3.7698825E+06   1.1152976E+02   -2.9955346E+01   1.1864410E+02   3.7546417E+06   3.7698825E+06   2.8864335E+06   0.0000000E+00   0.0000000E+00   0.0000000E+00   0.0000000E+00
   5.2115825E-02   3.5833129E+06   3.5833129E+06   9.7764227E+01   -2.5440303E+01   1.2389380E+02   3.5687785E+06   3.5833129E+06   2.7435475E+06   0.0000000E+00   0.0000000E+00   0.0000000E+00   0.0000000E+00
   5.4934043E-02   3.4243984E+06   3.4243984E+06   8.4692378E+01   -2.1876023E+01   1.2321698E+02   3.4104688E+06   3.4243984E+06   2.6218439E+06   0.0000000E+00   0.0000000E+00   0.0000000E+00   0.0000000E+00
   5.7725047E-02   3.2869916E+06   3.2869916E+06   7.0444707E+01   -1.9012691E+01   1.2160168E+02   3.2735875E+06   3.2869916E+06   2.5166138E+06   0.0000000E+00   0.0000000E+00   0.0000000E+00   0.0000000E+00
   6.0496256E-02   3.1652990E+06   3.1652990E+06   6.5125408E+01   -1.6666696E+01   1.1846983E+02   3.1523627E+06   3.1652990E+06   2.4234200E+06   0.0000000E+00   0.0000000E+00   0.0000000E+00   0.0000000E+00
   6.3257970E-02   3.0542751E+06   3.0542751E+06   5.5444094E+01   -1.4705998E+01   1.1333022E+02   3.0417680E+06   3.0542751E+06   2.3383984E+06   0.0000000E+00   0.0000000E+00   0.0000000E+00   0.0000000E+00
   6.6021217E-02   2.9497333E+06   2.9497333E+06   4.9180749E+01   -1.3036574E+01   1.0943485E+02   2.9376331E+06   2.9497333E+06   2.2583430E+06   0.0000000E+00   0.0000000E+00   0.0000000E+00   0.0000000E+00
   6.8796706E-02   2.8483426E+06   2.8483426E+06   4.5399713E+01   -1.1591484E+01   1.0323999E+02   2.8366397E+06   2.8483426E+06   2.1807027E+06   0.0000000E+00   0.0000000E+00   0.0000000E+00   0.0000000E+00
   7.1594414E-02   2.7475938E+06   2.7475938E+06   3.7802998E+01   -1.0323187E+01   9.8167185E+01   2.7362885E+06   2.7475938E+06   2.1035561E+06   0.0000000E+00   0.0000000E+00   0.0000000E+00   0.0000000E+00
   7.4423491E-02   2.6457663E+06   2.6457663E+06   3.6497646E+01   -9.1978891E+00   9.2215868E+01   2.6348656E+06   2.6457663E+06   2.0255857E+06   0.0000000E+00   0.0000000E+00   0.0000000E+00   0.0000000E+00
   7.7292307E-02   2.5418984E+06   2.5418984E+06   2.9847630E+01   -8.1918158E+00   8.6385295E+01   2.5314129E+06   2.5418984E+06   1.9460549E+06   0.0000000E+00   0.0000000E+00   0.0000000E+00   0.0000000E+00
   8.0208558E-02   2.4357535E+06   2.4357535E+06   2.8767845E+01   -7.2882767E+00   8.0183137E+01   2.4256945E+06   2.4357535E+06   1.8647824E+06   0.0000000E+00   0.0000000E+00   0.0000000E+00   0.0000000E+00
   8.3179376E-02   2.3277717E+06   2.3277717E+06   2.4417122E+01   -6.4756076E+00   7.4908102E+01   2.3181487E+06   2.3277717E+06   1.7821050E+06   0.0000000E+00   0.0000000E+00   0.0000000E+00   0.0000000E+00
   8.6211439E-02   2.2189952E+06   2.2189952E+06   2.1438382E+01   -5.7456092E+00   6.8608951E+01   2.2098130E+06   2.2189952E+06   1.6988205E+06   0.0000000E+00   0.0000000E+00   0.0000000E+00   0.0000000E+00
   8.9311069E-02   2.1109592E+06   2.1109592E+06   1.9773887E+01   -5.0923594E+00   6.3205117E+01   2.1022161E+06   2.1109592E+06   1.6161040E+06   0.0000000E+00   0.0000000E+00   0.0000000E+00   0.0000000E+00
   9.2484308E-02   2.0055425E+06   2.0055425E+06   1.7436965E+01   -4.5111530E+00   5.8211315E+01   1.9972290E+06   2.0055425E+06   1.5353938E+06   0.0000000E+00   0.0000000E+00   0.0000000E+00   0.0000000E+00
   9.5736989E-02   1.9047795E+06   1.9047795E+06   1.5400111E+01   -3.9978214E+00   5.3332190E+01   1.8968775E+06   1.9047795E+06   1.4582472E+06   0.0000000E+00   0.0000000E+00   0.0000000E+00   0.0000000E+00
   9.9074790E-02   1.8106382E+06   1.8106382E+06   1.3889173E+01   -3.5480891E+00   4.8729710E+01   1.8031212E+06   1.8106382E+06   1.3861709E+06   0.0000000E+00   0.0000000E+00   0.0000000E+00   0.0000000E+00
   1.0250328E-01   1.7247814E+06   1.7247814E+06   1.2316935E+01   -3.1572290E+00   4.4388547E+01   1.7176158E+06   1.7247814E+06   1.3204375E+06   0.0000000E+00   0.0000000E+00   0.0000000E+00   0.0000000E+00
   1.0602797E-01   1.6483314E+06   1.6483314E+06   1.0358613E+01   -2.8197931E+00   4.0824764E+01   1.6414790E+06   1.6483314E+06   1.2619063E+06   0.0000000E+00   0.0000000E+00   0.0000000E+00   0.0000000E+00
   1.0965430E-01   1.5816704E+06   1.5816704E+06   9.9020397E+00   -2.5296080E+00   3.7774205E+01   1.5750911E+06   1.5816704E+06   1.2108698E+06   0.0000000E+00   0.0000000E+00   0.0000000E+00   0.0000000E+00
   1.1338773E-01   1.5243091E+06   1.5243091E+06   8.3620701E+00   -2.2798797E+00   3.4769603E+01   1.5179647E+06   1.5243091E+06   1.1669532E+06   0.0000000E+00   0.0000000E+00   0.0000000E+00   0.0000000E+00
   1.1723369E-01   1.4748581E+06   1.4748581E+06   7.9471050E+00   -2.0635021E+00   3.2122839E+01   1.4687161E+06   1.4748581E+06   1.1290927E+06   0.0000000E+00   0.0000000E+00   0.0000000E+00   0.0000000E+00
   1.2119766E-01   1.4311293E+06   1.4311293E+06   7.2795059E+00   -1.8734531E+00   2.9959549E+01   1.4251664E+06   1.4311293E+06   1.0956133E+06   0.0000000E+00   0.0000000E+00   0.0000000E+00   0.0000000E+00
   1.2528512E-01   1.3903798E+06   1.3903798E+06   6.5449021E+00   -1.7032581E+00   2.7903641E+01   1.3845839E+06   1.3903798E+06   1.0644150E+06   0.0000000E+00   0.0000000E+00   0.0000000E+00   0.0000000E+00
   1.2950163E-01   1.3496858E+06   1.3496858E+06   6.0330586E+00   -1.5474613E+00   2.5867799E+01   1.3440569E+06   1.3496858E+06   1.0332593E+06   0.0000000E+00   0.0000000E+00   0.0000000E+00   0.0000000E+00
   1.3385277E-01   1.3064066E+06   1.3064066E+06   5.2984285E+00   -1.4019997E+00   2.3788724E+01   1.3009559E+06   1.3064066E+06   1.0001249E+06   0.0000000E+00   0.0000000E+00   0.0000000E+00   0.0000000E+00
   1.3834419E-01   1.2586674E+06   1.2586674E+06   4.8435763E+00   -1.2644278E+00   2.2051042E+01   1.2534137E+06   1.2586674E+06   9.6357627E+05   0.0000000E+00   0.0000000E+00   0.0000000E+00   0.0000000E+00
   1.4298159E-01   1.2057632E+06   1.2057632E+06   4.1828303E+00   -1.1339141E+00   2.0058689E+01   1.2007284E+06   1.2057632E+06   9.2307377E+05   0.0000000E+00   0.0000000E+00   0.0000000E+00   0.0000000E+00
   1.4777076E-01   1.1483787E+06   1.1483787E+06   3.7721818E+00   -1.0110067E+00   1.8153124E+01   1.1435818E+06   1.1483787E+06   8.7914167E+05   0.0000000E+00   0.0000000E+00   0.0000000E+00   0.0000000E+00
   1.5271754E-01   1.0885337E+06   1.0885337E+06   3.3312027E+00   -8.9716876E-01   1.6414249E+01   1.0839852E+06   1.0885337E+06   8.3332607E+05   0.0000000E+00   0.0000000E+00   0.0000000E+00   0.0000000E+00
   1.5782788E-01   1.0292085E+06   1.0292085E+06   2.9857341E+00   -7.9416402E-01   1.4830313E+01   1.0249065E+06   1.0292085E+06   7.8790864E+05   0.0000000E+00   0.0000000E+00   0.0000000E+00   0.0000000E+00
   1.6310777E-01   9.7368263E+05   9.7368263E+05   2.7176034E+00   -7.0341347E-01   1.3347911E+01   9.6961148E+05   9.7368263E+05   7.4539992E+05   0.0000000E+00   0.0000000E+00   0.0000000E+00   0.0000000E+00
   1.6856334E-01   9.2470813E+05   9.2470813E+05   2.3221808E+00   -6.2545877E-01   1.2051179E+01   9.2084063E+05   9.2470813E+05   7.0790676E+05   0.0000000E+00   0.0000000E+00   0.0000000E+00   0.0000000E+00
   1.7420080E-01   8.8372521E+05   8.8372521E+05   2.0743069E+00   -5.5966180E-01   1.0924980E+01   8.8002811E+05   8.8372521E+05   6.7653165E+05   0.0000000E+00   0.0000000E+00   0.0000000E+00   0.0000000E+00
   1.8002647E-01   8.5036626E+05   8.5036626E+05   1.8854699E+00   -5.0424483E-01   1.0019013E+01   8.4680780E+05   8.5036626E+05   6.5099315E+05   0.0000000E+00   0.0000000E+00   0.0000000E+00   0.0000000E+00
   1.8604681E-01   8.2246166E+05   8.2246166E+05   1.7711543E+00   -4.5665133E-01   9.1665946E+00   8.1901914E+05   8.2246166E+05   6.2963028E+05   0.0000000E+00   0.0000000E+00   0.0000000E+00   0.0000000E+00
   1.9226843E-01   7.9663496E+05   7.9663496E+05   1.5579756E+00   -4.1415457E-01   8.4446243E+00   7.9329977E+05   7.9663496E+05   6.0985822E+05   0.0000000E+00   0.0000000E+00   0.0000000E+00   0.0000000E+00
   1.9869809E-01   7.6937656E+05   7.6937656E+05   1.4172423E+00   -3.7451585E-01   7.7013328E+00   7.6615480E+05   7.6937656E+05   5.8899020E+05   0.0000000E+00   0.0000000E+00   0.0000000E+00   0.0000000E+00
   2.0534276E-01   7.3827115E+05   7.3827115E+05   1.2582147E+00   -3.3648517E-01   7.0132333E+00   7.3517902E+05   7.3827115E+05   5.6517721E+05   0.0000000E+00   0.0000000E+00   0.0000000E+00   0.0000000E+00
   2.1220965E-01   7.0291674E+05   7.0291674E+05   1.1487461E+00   -2.9995982E-01   6.3583495E+00   6.9997211E+05   7.0291674E+05   5.3811149E+05   0.0000000E+00   0.0000000E+00   0.0000000E+00   0.0000000E+00
   2.1930619E-01   6.6510504E+05   6.6510504E+05   9.9235350E-01   -2.6573723E-01   5.6884203E+00   6.6231831E+05   6.6510504E+05   5.0916470E+05   0.0000000E+00   0.0000000E+00   0.0000000E+00   0.0000000E+00
   2.2664016E-01   6.2807838E+05   6.2807838E+05   8.8169320E-01   -2.3495205E-01   5.0850314E+00   6.2544634E+05   6.2807838E+05   4.8081895E+05   0.0000000E+00   0.0000000E+00   0.0000000E+00   0.0000000E+00
   2.3421966E-01   5.9508224E+05   5.9508224E+05   7.8243818E-01   -2.0842624E-01   4.5644992E+00   5.9258807E+05   5.9508224E+05   4.5555878E+05   0.0000000E+00   0.0000000E+00   0.0000000E+00   0.0000000E+00
   2.4205323E-01   5.6782930E+05   5.6782930E+05   7.1223444E-01   -1.8621431E-01   4.1073780E+00   5.6544900E+05   5.6782930E+05   4.3469530E+05   0.0000000E+00   0.0000000E+00   0.0000000E+00   0.0000000E+00
   2.5014985E-01   5.4565264E+05   5.4565264E+05   6.4266395E-01   -1.6754725E-01   3.7377826E+00   5.4336497E+05   5.4565264E+05   4.1771796E+05   0.0000000E+00   0.0000000E+00   0.0000000E+00   0.0000000E+00
   2.5851908E-01   5.2588068E+05   5.2588068E+05   5.6905583E-01   -1.5119243E-01   3.3965994E+00   5.2367561E+05   5.2588068E+05   4.0258154E+05   0.0000000E+00   0.0000000E+00   0.0000000E+00   0.0000000E+00
   2.6717111E-01   5.0534378E+05   5.0534378E+05   5.1706118E-01   -1.3603072E-01   3.0994786E+00   5.0322455E+05   5.0534378E+05   3.8685955E+05   0.0000000E+00   0.0000000E+00   0.0000000E+00   0.0000000E+00
   2.7611686E-01   4.8221344E+05   4.8221344E+05   4.5886713E-01   -1.2152723E-01   2.7974342E+00   4.8019098E+05   4.8221344E+05   3.6915222E+05   0.0000000E+00   0.0000000E+00   0.0000000E+00   0.0000000E+00
   2.8536810E-01   4.5704130E+05   4.5704130E+05   4.1295991E-01   -1.0783218E-01   2.4987038E+00   4.5512420E+05   4.5704130E+05   3.4988185E+05   0.0000000E+00   0.0000000E+00   0.0000000E+00   0.0000000E+00
   2.9493758E-01   4.3224854E+05   4.3224854E+05   3.6288705E-01   -9.5468461E-02   2.2370412E+00   4.3043524E+05   4.3224854E+05   3.3090193E+05   0.0000000E+00   0.0000000E+00   0.0000000E+00   0.0000000E+00
   3.0483919E-01   4.1032440E+05   4.1032440E+05   3.2101628E-01   -8.4832771E-02   2.0046507E+00   4.0860290E+05   4.1032440E+05   3.1411808E+05   0.0000000E+00   0.0000000E+00   0.0000000E+00   0.0000000E+00
   3.1508809E-01   3.9199354E+05   3.9199354E+05   2.8817435E-01   -7.5856619E-02   1.8006029E+00   3.9034879E+05   3.9199354E+05   3.0008502E+05   0.0000000E+00   0.0000000E+00   0.0000000E+00   0.0000000E+00
   3.2570100E-01   3.7577778E+05   3.7577778E+05   2.5810503E-01   -6.8057528E-02   1.6297434E+00   3.7420093E+05   3.7577778E+05   2.8767117E+05   0.0000000E+00   0.0000000E+00   0.0000000E+00   0.0000000E+00
   3.3669633E-01   3.5936208E+05   3.5936208E+05   2.3054105E-01   -6.0902959E-02   1.4722018E+00   3.5785398E+05   3.5936208E+05   2.7510427E+05   0.0000000E+00   0.0000000E+00   0.0000000E+00   0.0000000E+00
   3.4809455E-01   3.4162743E+05   3.4162743E+05   2.0445175E-01   -5.4166755E-02   1.3172391E+00   3.4019365E+05   3.4162743E+05   2.6152769E+05   0.0000000E+00   0.0000000E+00   0.0000000E+00   0.0000000E+00
   3.5991846E-01   3.2350028E+05   3.2350028E+05   1.8279005E-01   -4.7976701E-02   1.1762183E+00   3.2214247E+05   3.2350028E+05   2.4765065E+05   0.0000000E+00   0.0000000E+00   0.0000000E+00   0.0000000E+00
   3.7219364E-01   3.0678843E+05   3.0678843E+05   1.6162164E-01   -4.2545819E-02   1.0506868E+00   3.0550068E+05   3.0678843E+05   2.3485708E+05   0.0000000E+00   0.0000000E+00   0.0000000E+00   0.0000000E+00
   3.8494888E-01   2.9220151E+05   2.9220151E+05   1.4326622E-01   -3.7881946E-02   9.4024233E-01   2.9097490E+05   2.9220151E+05   2.2369022E+05   0.0000000E+00   0.0000000E+00   0.0000000E+00   0.0000000E+00
   3.9821678E-01   2.7871059E+05   2.7871059E+05   1.2794356E-01   -3.3765480E-02   8.4739652E-01   2.7754055E+05   2.7871059E+05   2.1336241E+05   0.0000000E+00   0.0000000E+00   0.0000000E+00   0.0000000E+00
   4.1203447E-01   2.6494964E+05   2.6494964E+05   1.1347575E-01   -2.9981330E-02   7.5595515E-01   2.6383731E+05   2.6494964E+05   2.0282789E+05   0.0000000E+00   0.0000000E+00   0.0000000E+00   0.0000000E+00
   4.2644443E-01   2.5088330E+05   2.5088330E+05   1.0070980E-01   -2.6502965E-02   6.7033436E-01   2.4982996E+05   2.5088330E+05   1.9205958E+05   0.0000000E+00   0.0000000E+00   0.0000000E+00   0.0000000E+00
   4.4149565E-01   2.3757662E+05   2.3757662E+05   8.8707425E-02   -2.3414980E-02   5.9632865E-01   2.3657909E+05   2.3757662E+05   1.8187283E+05   0.0000000E+00   0.0000000E+00   0.0000000E+00   0.0000000E+00
   4.5724488E-01   2.2549327E+05   2.2549327E+05   7.8458967E-02   -2.0719463E-02   5.3201616E-01   2.2454643E+05   2.2549327E+05   1.7262259E+05   0.0000000E+00   0.0000000E+00   0.0000000E+00   0.0000000E+00
   4.7375840E-01   2.1390702E+05   2.1390702E+05   6.9467208E-02   -1.8308527E-02   4.7291173E-01   2.1300879E+05   2.1390702E+05   1.6375290E+05   0.0000000E+00   0.0000000E+00   0.0000000E+00   0.0000000E+00
   4.9111410E-01   2.0224319E+05   2.0224319E+05   6.1122639E-02   -1.6108179E-02   4.1828832E-01   2.0139390E+05   2.0224319E+05   1.5482382E+05   0.0000000E+00   0.0000000E+00   0.0000000E+00   0.0000000E+00
   5.0940427E-01   1.9093743E+05   1.9093743E+05   5.3570269E-02   -1.4135140E-02   3.6924594E-01   1.9013559E+05   1.9093743E+05   1.4616886E+05   0.0000000E+00   0.0000000E+00   0.0000000E+00   0.0000000E+00
   5.2873908E-01   1.8035868E+05   1.8035868E+05   4.6995034E-02   -1.2393293E-02   3.2530146E-01   1.7960123E+05   1.8035868E+05   1.3807046E+05   0.0000000E+00   0.0000000E+00   0.0000000E+00   0.0000000E+00
   5.4925108E-01   1.7009056E+05   1.7009056E+05   4.1067569E-02   -1.0831012E-02   2.8565014E-01   1.6937621E+05   1.7009056E+05   1.3020986E+05   0.0000000E+00   0.0000000E+00   0.0000000E+00   0.0000000E+00
   5.7110106E-01   1.5994698E+05   1.5994698E+05   3.5699393E-02   -9.4205839E-03   2.4981427E-01   1.5927520E+05   1.5994698E+05   1.2244460E+05   0.0000000E+00   0.0000000E+00   0.0000000E+00   0.0000000E+00
   5.9448552E-01   1.5022225E+05   1.5022225E+05   3.0962911E-02   -8.1654072E-03   2.1776236E-01   1.4959130E+05   1.5022225E+05   1.1499998E+05   0.0000000E+00   0.0000000E+00   0.0000000E+00   0.0000000E+00
   6.1964624E-01   1.4079265E+05   1.4079265E+05   2.6701481E-02   -7.0439651E-03   1.8933625E-01   1.4020128E+05   1.4079265E+05   1.0778131E+05   0.0000000E+00   0.0000000E+00   0.0000000E+00   0.0000000E+00
   6.4688219E-01   1.3152214E+05   1.3152214E+05   2.2888704E-02   -6.0376835E-03   1.6303583E-01   1.3096969E+05   1.3152214E+05   1.0068441E+05   0.0000000E+00   0.0000000E+00   0.0000000E+00   0.0000000E+00
   6.7656376E-01   1.2252855E+05   1.2252855E+05   1.9490721E-02   -5.1420951E-03   1.3923589E-01   1.2201386E+05   1.2252855E+05   9.3799524E+04   0.0000000E+00   0.0000000E+00   0.0000000E+00   0.0000000E+00
   7.0914817E-01   1.1369949E+05   1.1369949E+05   1.6462352E-02   -4.3431262E-03   1.1837648E-01   1.1322187E+05   1.1369949E+05   8.7040581E+04   0.0000000E+00   0.0000000E+00   0.0000000E+00   0.0000000E+00
   7.4519292E-01   1.0506077E+05   1.0506077E+05   1.3774709E-02   -3.6342888E-03   9.9470789E-02   1.0461943E+05   1.0506077E+05   8.0427359E+04   0.0000000E+00   0.0000000E+00   0.0000000E+00   0.0000000E+00
   7.8535978E-01   9.6589602E+04   9.6589602E+04   1.1401144E-02   -3.0082075E-03   8.2857971E-02   9.6183837E+04   9.6589602E+04   7.3942401E+04   0.0000000E+00   0.0000000E+00   0.0000000E+00   0.0000000E+00
   8.3039588E-01   8.8310168E+04   8.8310168E+04   9.3233965E-03   -2.4601002E-03   6.8204549E-02   8.7939175E+04   8.8310168E+04   6.7604224E+04   0.0000000E+00   0.0000000E+00   0.0000000E+00   0.0000000E+00
   8.8107442E-01   8.0255147E+04   8.0255147E+04   7.5259365E-03   -1.9859044E-03   5.5304609E-02   7.9917985E+04   8.0255147E+04   6.1437845E+04   0.0000000E+00   0.0000000E+00   0.0000000E+00   0.0000000E+00
   9.3808631E-01   7.2497011E+04   7.2497011E+04   6.0062737E-03   -1.5824995E-03   4.4318549E-02   7.2192435E+04   7.2497011E+04   5.5498742E+04   0.0000000E+00   0.0000000E+00   0.0000000E+00   0.0000000E+00
   1.0019112E+00   6.5128158E+04   6.5128158E+04   4.7232299E-03   -1.2462858E-03   3.5111170E-02   6.4854534E+04   6.5128158E+04   4.9857648E+04   0.0000000E+00   0.0000000E+00   0.0000000E+00   0.0000000E+00
   1.0727464E+00   5.8242378E+04   5.8242378E+04   3.6841569E-03   -9.7218763E-04   2.7497768E-02   5.7997679E+04   5.8242378E+04   4.4586364E+04   0.0000000E+00   0.0000000E+00   0.0000000E+00   0.0000000E+00
   1.1505690E+00   5.1911237E+04   5.1911237E+04   2.8542829E-03   -7.5324998E-04   2.1400938E-02   5.1693134E+04   5.1911237E+04   3.9739675E+04   0.0000000E+00   0.0000000E+00   0.0000000E+00   0.0000000E+00
   1.2353027E+00   4.6167335E+04   4.6167335E+04   2.2020845E-03   -5.8115184E-04   1.6633154E-02   4.5973361E+04   4.6167335E+04   3.5342535E+04   0.0000000E+00   0.0000000E+00   0.0000000E+00   0.0000000E+00
   1.3269751E+00   4.1002642E+04   4.1002642E+04   1.6952688E-03   -4.4728646E-04   1.2847341E-02   4.0830366E+04   4.1002642E+04   3.1388800E+04   0.0000000E+00   0.0000000E+00   0.0000000E+00   0.0000000E+00
   1.4257857E+00   3.6383525E+04   3.6383525E+04   1.2994168E-03   -3.4379011E-04   9.8919395E-03   3.6230655E+04   3.6383525E+04   2.7852721E+04   0.0000000E+00   0.0000000E+00   0.0000000E+00   0.0000000E+00
   1.5320942E+00   3.2264699E+04   3.2264699E+04   1.0005064E-03   -2.6402901E-04   7.6443764E-03   3.2129133E+04   3.2264699E+04   2.4699630E+04   0.0000000E+00   0.0000000E+00   0.0000000E+00   0.0000000E+00
   1.6463805E+00   2.8597263E+04   2.8597263E+04   7.6794299E-04   -2.0265471E-04   5.8711223E-03   2.8477105E+04   2.8597263E+04   2.1892093E+04   0.0000000E+00   0.0000000E+00   0.0000000E+00   0.0000000E+00
   1.7692082E+00   2.5335115E+04   2.5335115E+04   5.8905487E-04   -1.5547307E-04   4.5412175E-03   2.5228663E+04   2.5335115E+04   1.9394816E+04   0.0000000E+00   0.0000000E+00   0.0000000E+00   0.0000000E+00
   1.9012038E+00   2.2435175E+04   2.2435175E+04   4.5166715E-04   -1.1922280E-04   3.4816755E-03   2.2340908E+04   2.2435175E+04   1.7174823E+04   0.0000000E+00   0.0000000E+00   0.0000000E+00   0.0000000E+00
   2.0430482E+00   1.9858881E+04   1.9858881E+04   3.4626918E-04   -9.1386427E-05   2.6876803E-03   1.9775438E+04   1.9858881E+04   1.5202589E+04   0.0000000E+00   0.0000000E+00   0.0000000E+00   0.0000000E+00
   2.1954756E+00   1.7571257E+04   1.7571257E+04   2.6529454E-04   -7.0020616E-05   2.0565415E-03   1.7497425E+04   1.7571257E+04   1.3451341E+04   0.0000000E+00   0.0000000E+00   0.0000000E+00   0.0000000E+00
   2.3592753E+00   1.5541018E+04   1.5541018E+04   2.0318351E-04   -5.3628843E-05   1.5822825E-03   1.5475717E+04   1.5541018E+04   1.1897131E+04   0.0000000E+00   0.0000000E+00   0.0000000E+00   0.0000000E+00
   2.5352957E+00   1.3740122E+04   1.3740122E+04   1.5555492E-04   -4.1058665E-05   1.2107846E-03   1.3682387E+04   1.3740122E+04   1.0518488E+04   0.0000000E+00   0.0000000E+00   0.0000000E+00   0.0000000E+00
   2.7244486E+00   1.2143409E+04   1.2143409E+04   1.1908354E-04   -3.1423126E-05   9.2489826E-04   1.2092384E+04   1.2143409E+04   9.2961553E+03   0.0000000E+00   0.0000000E+00   0.0000000E+00   0.0000000E+00
   2.9277138E+00   1.0728387E+04   1.0728387E+04   9.1115531E-05   -2.4040147E-05   7.1066550E-04   1.0683307E+04   1.0728387E+04   8.2129119E+03   0.0000000E+00   0.0000000E+00   0.0000000E+00   0.0000000E+00
   3.1461441E+00   9.4749458E+03   9.4749458E+03   6.9666280E-05   -1.8385371E-05   5.4186007E-04   9.4351330E+03   9.4749458E+03   7.2533639E+03   0.0000000E+00   0.0000000E+00   0.0000000E+00   0.0000000E+00
   3.3808711E+00   8.3651169E+03   8.3651169E+03   5.3258766E-05   -1.4055930E-05   4.1767993E-04   8.3299675E+03   8.3651169E+03   6.4037556E+03   0.0000000E+00   0.0000000E+00   0.0000000E+00   0.0000000E+00
   3.6331106E+00   7.3828585E+03   7.3828585E+03   4.0722460E-05   -1.0742437E-05   3.2120001E-04   7.3518363E+03   7.3828585E+03   5.6518064E+03   0.0000000E+00   0.0000000E+00   0.0000000E+00   0.0000000E+00
   3.9041690E+00   6.5138601E+03   6.5138601E+03   3.1100808E-05   -8.2074067E-06   2.4464853E-04   6.4864893E+03   6.5138601E+03   4.9865612E+03   0.0000000E+00   0.0000000E+00   0.0000000E+00   0.0000000E+00
   4.1954506E+00   5.7453648E+03   5.7453648E+03   2.3747051E-05   -6.2686340E-06   1.8794339E-04   5.7212232E+03   5.7453648E+03   4.3982543E+03   0.0000000E+00   0.0000000E+00   0.0000000E+00   0.0000000E+00
   4.5084641E+00   5.0660084E+03   5.0660084E+03   1.8138243E-05   -4.7863768E-06   1.4530445E-04   5.0447214E+03   5.0660084E+03   3.8781860E+03   0.0000000E+00   0.0000000E+00   0.0000000E+00   0.0000000E+00
   4.8448308E+00   4.4656736E+03   4.4656736E+03   1.3845830E-05   -3.6535199E-06   1.1053818E-04   4.4469091E+03   4.4656736E+03   3.4186111E+03   0.0000000E+00   0.0000000E+00   0.0000000E+00   0.0000000E+00
   5.2062931E+00   3.9353588E+03   3.9353588E+03   1.0565900E-05   -2.7879811E-06   8.3471421E-05   3.9188227E+03   3.9353588E+03   3.0126387E+03   0.0000000E+00   0.0000000E+00   0.0000000E+00   0.0000000E+00
   5.5947233E+00   3.4670600E+03   3.4670600E+03   8.0615372E-06   -2.1268897E-06   6.3725651E-05   3.4524916E+03   3.4670600E+03   2.6541415E+03   0.0000000E+00   0.0000000E+00   0.0000000E+00   0.0000000E+00
   6.0121335E+00   3.0536643E+03   3.0536643E+03   6.1483946E-06   -1.6221077E-06   4.8795292E-05   3.0408330E+03   3.0536643E+03   2.3376744E+03   0.0000000E+00   0.0000000E+00   0.0000000E+00   0.0000000E+00
   6.4606857E+00   2.6888542E+03   2.6888542E+03   4.6881005E-06   -1.2367913E-06   3.7206261E-05   2.6775558E+03   2.6888542E+03   2.0584010E+03   0.0000000E+00   0.0000000E+00   0.0000000E+00   0.0000000E+00
   6.9427034E+00   2.3670217E+03   2.3670217E+03   3.5733463E-06   -9.4275251E-07   2.8313933E-05   2.3570756E+03   2.3670217E+03   1.8120282E+03   0.0000000E+00   0.0000000E+00   0.0000000E+00   0.0000000E+00
   7.4606834E+00   2.0831912E+03   2.0831912E+03   2.7244907E-06   -7.1843208E-07   2.1626179E-05   2.0744377E+03   2.0831912E+03   1.5947472E+03   0.0000000E+00   0.0000000E+00   0.0000000E+00   0.0000000E+00
   8.0173088E+00   1.8329501E+03   1.8329501E+03   2.0753570E-06   -5.4734653E-07   1.6933151E-05   1.8252481E+03   1.8329501E+03   1.4031799E+03   0.0000000E+00   0.0000000E+00   0.0000000E+00   0.0000000E+00
   8.6154628E+00   1.6123876E+03   1.6123876E+03   1.5806056E-06   -4.1689748E-07   1.2991886E-05   1.6056124E+03   1.6123876E+03   1.2343325E+03   0.0000000E+00   0.0000000E+00   0.0000000E+00   0.0000000E+00
   9.2582438E+00   1.4180386E+03   1.4180386E+03   1.2042688E-06   -3.1745918E-07   9.6411600E-06   1.4120800E+03   1.4180386E+03   1.0855523E+03   0.0000000E+00   0.0000000E+00   0.0000000E+00   0.0000000E+00
   9.9489813E+00   1.2468346E+03   1.2468346E+03   9.1647941E-07   -2.4167934E-07   7.2684675E-06   1.2415955E+03   1.2468346E+03   9.5449040E+02   0.0000000E+00   0.0000000E+00   0.0000000E+00   0.0000000E+00
   1.0691253E+01   1.0960596E+03   1.0960596E+03   6.9793732E-07   -1.8394369E-07   5.4332797E-06   1.0914540E+03   1.0960596E+03   8.3906744E+02   0.0000000E+00   0.0000000E+00   0.0000000E+00   0.0000000E+00
