#           k/h    CDM            baryon         photon         nu             mass_nu        total          no_nu          total_de       Weyl           v_CDM          v_b            v_b-v_c     
   9.4908809E-06   2.5442574E+07   2.5442574E+07   3.3906011E+07   8.4273304E+05   1.6687362E+07   2.5442582E+07   2.5442574E+07   6.0871127E+06   0.0000000E+00   0.0000000E+00   0.0000000E+00   0.0000000E+00
   1.0198975E-05   2.5442553E+07   2.5442553E+07   3.3903289E+07   8.4271679E+05   1.6686989E+07   2.5442561E+07   2.5442553E+07   6.0871086E+06   0.0000000E+00   0.0000000E+00   0.0000000E+00   0.0000000E+00
   1.0959898E-05   2.5442530E+07   2.5442530E+07   3.3900145E+07   8.4269803E+05   1.6686557E+07   2.5442537E+07   2.5442530E+07   6.0871039E+06   0.0000000E+00   0.0000000E+00   0.0000000E+00   0.0000000E+00
   1.1777592E-05   2.5442503E+07   2.5442503E+07   3.3896515E+07   8.4267636E+05   1.6686058E+07   2.5442510E+07   2.5442503E+07   6.0870985E+06   0.0000000E+00   0.0000000E+00   0.0000000E+00   0.0000000E+00
   1.2656293E-05   2.5442471E+07   2.5442471E+07   3.3892323E+07   8.4265134E+05   1.6685483E+07   2.5442478E+07   2.5442471E+07   6.0870923E+06   0.0000000E+00   0.0000000E+00   0.0000000E+00   0.0000000E+00
   1.3600552E-05   2.5442435E+07   2.5442435E+07   3.3887483E+07   8.4262244E+05   1.6684818E+07   2.5442442E+07   2.5442435E+07   6.0870851E+06   0.0000000E+00   0.0000000E+00   0.0000000E+00   0.0000000E+00
   1.4615259E-05   2.5442394E+07   2.5442394E+07   3.3881895E+07   8.4258908E+05   1.6684051E+07   2.5442399E+07   2.5442394E+07   6.0870767E+06   0.0000000E+00   0.0000000E+00   0.0000000E+00   0.0000000E+00
   1.5705672E-05   2.5442345E+07   2.5442345E+07   3.3875444E+07   8.4255056E+05   1.6683165E+07   2.5442350E+07   2.5442345E+07   6.0870671E+06   0.0000000E+00   0.0000000E+00   0.0000000E+00   0.0000000E+00
   1.6877438E-05   2.5442290E+07   2.5442290E+07   3.3867994E+07   8.4250607E+05   1.6682141E+07   2.5442294E+07   2.5442290E+07   6.0870560E+06   0.0000000E+00   0.0000000E+00   0.0000000E+00   0.0000000E+00
   1.8136627E-05   2.5442226E+07   2.5442226E+07   3.3859394E+07   8.4245471E+05   1.6680960E+07   2.5442229E+07   2.5442226E+07   6.0870432E+06   0.0000000E+00   0.0000000E+00   0.0000000E+00   0.0000000E+00
   1.9489761E-05   2.5442152E+07   2.5442152E+07   3.3849466E+07   8.4239540E+05   1.6679595E+07   2.5442154E+07   2.5442152E+07   6.0870284E+06   0.0000000E+00   0.0000000E+00   0.0000000E+00   0.0000000E+00
   2.0943850E-05   2.5442066E+07   2.5442066E+07   3.3838003E+07   8.4232691E+05   1.6678020E+07   2.5442067E+07   2.5442066E+07   6.0870113E+06   0.0000000E+00   0.0000000E+00   0.0000000E+00   0.0000000E+00
   2.2506425E-05   2.5441967E+07   2.5441967E+07   3.3824771E+07   8.4224784E+05   1.6676201E+07   2.5441967E+07   2.5441967E+07   6.0869916E+06   0.0000000E+00   0.0000000E+00   0.0000000E+00   0.0000000E+00
   2.4185581E-05   2.5441853E+07   2.5441853E+07   3.3809497E+07   8.4215654E+05   1.6674101E+07   2.5441851E+07   2.5441853E+07   6.0869688E+06   0.0000000E+00   0.0000000E+00   0.0000000E+00   0.0000000E+00
   2.5990015E-05   2.5441721E+07   2.5441721E+07   3.3791867E+07   8.4205113E+05   1.6671677E+07   2.5441717E+07   2.5441721E+07   6.0869425E+06   0.0000000E+00   0.0000000E+00   0.0000000E+00   0.0000000E+00
   2.7929073E-05   2.5441569E+07   2.5441569E+07   3.3771519E+07   8.4192942E+05   1.6668877E+07   2.5441563E+07   2.5441569E+07   6.0869121E+06   0.0000000E+00   0.0000000E+00   0.0000000E+00   0.0000000E+00
   3.0012801E-05   2.5441393E+07   2.5441393E+07   3.3748035E+07   8.4178891E+05   1.6665646E+07   2.5441384E+07   2.5441393E+07   6.0868770E+06   0.0000000E+00   0.0000000E+00   0.0000000E+00   0.0000000E+00
   3.2251990E-05   2.5441191E+07   2.5441191E+07   3.3720935E+07   8.4162670E+05   1.6661915E+07   2.5441179E+07   2.5441191E+07   6.0868366E+06   0.0000000E+00   0.0000000E+00   0.0000000E+00   0.0000000E+00
   3.4658241E-05   2.5440956E+07   2.5440956E+07   3.3689665E+07   8.4143943E+05   1.6657608E+07   2.5440941E+07   2.5440956E+07   6.0867898E+06   0.0000000E+00   0.0000000E+00   0.0000000E+00   0.0000000E+00
   3.7244018E-05   2.5440686E+07   2.5440686E+07   3.3653589E+07   8.4122325E+05   1.6652636E+07   2.5440667E+07   2.5440686E+07   6.0867358E+06   0.0000000E+00   0.0000000E+00   0.0000000E+00   0.0000000E+00
   4.0022713E-05   2.5440374E+07   2.5440374E+07   3.3611974E+07   8.4097372E+05   1.6646898E+07   2.5440350E+07   2.5440374E+07   6.0866735E+06   0.0000000E+00   0.0000000E+00   0.0000000E+00   0.0000000E+00
   4.3008720E-05   2.5440014E+07   2.5440014E+07   3.3563977E+07   8.4068569E+05   1.6640275E+07   2.5439985E+07   2.5440014E+07   6.0866016E+06   0.0000000E+00   0.0000000E+00   0.0000000E+00   0.0000000E+00
   4.6217508E-05   2.5439598E+07   2.5439598E+07   3.3508629E+07   8.4035326E+05   1.6632631E+07   2.5439563E+07   2.5439598E+07   6.0865186E+06   0.0000000E+00   0.0000000E+00   0.0000000E+00   0.0000000E+00
   4.9665696E-05   2.5439118E+07   2.5439118E+07   3.3444820E+07   8.3996961E+05   1.6623810E+07   2.5439076E+07   2.5439118E+07   6.0864228E+06   0.0000000E+00   0.0000000E+00   0.0000000E+00   0.0000000E+00
   5.3371145E-05   2.5438564E+07   2.5438564E+07   3.3371274E+07   8.3952689E+05   1.6613632E+07   2.5438514E+07   2.5438564E+07   6.0863123E+06   0.0000000E+00   0.0000000E+00   0.0000000E+00   0.0000000E+00
   5.7353051E-05   2.5437925E+07   2.5437925E+07   3.3286531E+07   8.3901608E+05   1.6601890E+07   2.5437865E+07   2.5437925E+07   6.0861847E+06   0.0000000E+00   0.0000000E+00   0.0000000E+00   0.0000000E+00
   6.1632037E-05   2.5437187E+07   2.5437187E+07   3.3188920E+07   8.3842676E+05   1.6588345E+07   2.5437116E+07   2.5437187E+07   6.0860375E+06   0.0000000E+00   0.0000000E+00   0.0000000E+00   0.0000000E+00
   6.6230270E-05   2.5436336E+07   2.5436336E+07   3.3076531E+07   8.3774698E+05   1.6572722E+07   2.5436253E+07   2.5436336E+07   6.0858676E+06   0.0000000E+00   0.0000000E+00   0.0000000E+00   0.0000000E+00
   7.1171566E-05   2.5435354E+07   2.5435354E+07   3.2947184E+07   8.3696297E+05   1.6554707E+07   2.5435256E+07   2.5435354E+07   6.0856717E+06   0.0000000E+00   0.0000000E+00   0.0000000E+00   0.0000000E+00
   7.6481522E-05   2.5434221E+07   2.5434221E+07   3.2798400E+07   8.3605894E+05   1.6533938E+07   2.5434107E+07   2.5434221E+07   6.0854457E+06   0.0000000E+00   0.0000000E+00   0.0000000E+00   0.0000000E+00
   8.2187642E-05   2.5432915E+07   2.5432915E+07   3.2627363E+07   8.3501674E+05   1.6510000E+07   2.5432781E+07   2.5432915E+07   6.0851851E+06   0.0000000E+00   0.0000000E+00   0.0000000E+00   0.0000000E+00
   8.8319484E-05   2.5431409E+07   2.5431409E+07   3.2430881E+07   8.3381559E+05   1.6482417E+07   2.5431253E+07   2.5431409E+07   6.0848847E+06   0.0000000E+00   0.0000000E+00   0.0000000E+00   0.0000000E+00
   9.4908809E-05   2.5429672E+07   2.5429672E+07   3.2205354E+07   8.3243165E+05   1.6450646E+07   2.5429491E+07   2.5429672E+07   6.0845384E+06   0.0000000E+00   0.0000000E+00   0.0000000E+00   0.0000000E+00
   1.0198975E-04   2.5427671E+07   2.5427671E+07   3.1946730E+07   8.3083765E+05   1.6414065E+07   2.5427460E+07   2.5427671E+07   6.0841394E+06   0.0000000E+00   0.0000000E+00   0.0000000E+00   0.0000000E+00
   1.0959898E-04   2.5425365E+07   2.5425365E+07   3.1650474E+07   8.2900247E+05   1.6371963E+07   2.5425120E+07   2.5425365E+07   6.0836797E+06   0.0000000E+00   0.0000000E+00   0.0000000E+00   0.0000000E+00
   1.1777592E-04   2.5422710E+07   2.5422710E+07   3.1311540E+07   8.2689057E+05   1.6323535E+07   2.5422425E+07   2.5422710E+07   6.0831505E+06   0.0000000E+00   0.0000000E+00   0.0000000E+00   0.0000000E+00
   1.2656293E-04   2.5419652E+07   2.5419652E+07   3.0924341E+07   8.2446154E+05   1.6267862E+07   2.5419322E+07   2.5419652E+07   6.0825414E+06   0.0000000E+00   0.0000000E+00   0.0000000E+00   0.0000000E+00
   1.3600552E-04   2.5416134E+07   2.5416134E+07   3.0482750E+07   8.2166948E+05   1.6203905E+07   2.5415751E+07   2.5416134E+07   6.0818407E+06   0.0000000E+00   0.0000000E+00   0.0000000E+00   0.0000000E+00
   1.4615259E-04   2.5412087E+07   2.5412087E+07   2.9980111E+07   8.1846242E+05   1.6130490E+07   2.5411644E+07   2.5412087E+07   6.0810351E+06   0.0000000E+00   0.0000000E+00   0.0000000E+00   0.0000000E+00
   1.5705672E-04   2.5407436E+07   2.5407436E+07   2.9409278E+07   8.1478168E+05   1.6046296E+07   2.5406923E+07   2.5407436E+07   6.0801096E+06   0.0000000E+00   0.0000000E+00   0.0000000E+00   0.0000000E+00
   1.6877438E-04   2.5402093E+07   2.5402093E+07   2.8762698E+07   8.1056132E+05   1.5949844E+07   2.5401500E+07   2.5402093E+07   6.0790470E+06   0.0000000E+00   0.0000000E+00   0.0000000E+00   0.0000000E+00
   1.8136627E-04   2.5395962E+07   2.5395962E+07   2.8032549E+07   8.0572747E+05   1.5839484E+07   2.5395276E+07   2.5395962E+07   6.0778283E+06   0.0000000E+00   0.0000000E+00   0.0000000E+00   0.0000000E+00
   1.9489761E-04   2.5388931E+07   2.5388931E+07   2.7210943E+07   8.0019791E+05   1.5713389E+07   2.5388139E+07   2.5388931E+07   6.0764318E+06   0.0000000E+00   0.0000000E+00   0.0000000E+00   0.0000000E+00
   2.0943850E-04   2.5380878E+07   2.5380878E+07   2.6290218E+07   7.9388165E+05   1.5569550E+07   2.5379964E+07   2.5380878E+07   6.0748336E+06   0.0000000E+00   0.0000000E+00   0.0000000E+00   0.0000000E+00
   2.2506425E-04   2.5371666E+07   2.5371666E+07   2.5263345E+07   7.8667873E+05   1.5405776E+07   2.5370611E+07   2.5371666E+07   6.0730068E+06   0.0000000E+00   0.0000000E+00   0.0000000E+00   0.0000000E+00
   2.4185581E-04   2.5361142E+07   2.5361142E+07   2.4124455E+07   7.7848039E+05   1.5219707E+07   2.5359925E+07   2.5361142E+07   6.0709220E+06   0.0000000E+00   0.0000000E+00   0.0000000E+00   0.0000000E+00
   2.5990015E-04   2.5349139E+07   2.5349139E+07   2.2869524E+07   7.6916955E+05   1.5008832E+07   2.5347736E+07   2.5349139E+07   6.0685469E+06   0.0000000E+00   0.0000000E+00   0.0000000E+00   0.0000000E+00
   2.7929073E-04   2.5335473E+07   2.5335473E+07   2.1497205E+07   7.5862189E+05   1.4770521E+07   2.5333857E+07   2.5335473E+07   6.0658463E+06   0.0000000E+00   0.0000000E+00   0.0000000E+00   0.0000000E+00
   3.0012801E-04   2.5319948E+07   2.5319948E+07   2.0009830E+07   7.4670769E+05   1.4502086E+07   2.5318087E+07   2.5319948E+07   6.0627826E+06   0.0000000E+00   0.0000000E+00   0.0000000E+00   0.0000000E+00
   3.2251990E-04   2.5302352E+07   2.5302352E+07   1.8414528E+07   7.3329446E+05   1.4200851E+07   2.5300211E+07   2.5302352E+07   6.0593156E+06   0.0000000E+00   0.0000000E+00   0.0000000E+00   0.0000000E+00
   3.4658241E-04   2.5282461E+07   2.5282461E+07   1.6724417E+07   7.1825085E+05   1.3864255E+07   2.5279999E+07   2.5282461E+07   6.0554034E+06   0.0000000E+00   0.0000000E+00   0.0000000E+00   0.0000000E+00
   3.7244018E-04   2.5260045E+07   2.5260045E+07   1.4959736E+07   7.0145172E+05   1.3489993E+07   2.5257217E+07   2.5260045E+07   6.0510028E+06   0.0000000E+00   0.0000000E+00   0.0000000E+00   0.0000000E+00
   4.0022713E-04   2.5234869E+07   2.5234869E+07   1.3148742E+07   6.8278479E+05   1.3076175E+07   2.5231623E+07   2.5234869E+07   6.0460703E+06   0.0000000E+00   0.0000000E+00   0.0000000E+00   0.0000000E+00
   4.3008720E-04   2.5206698E+07   2.5206698E+07   1.1328098E+07   6.6215882E+05   1.2621534E+07   2.5202977E+07   2.5206698E+07   6.0405633E+06   0.0000000E+00   0.0000000E+00   0.0000000E+00   0.0000000E+00
   4.6217508E-04   2.5175311E+07   2.5175311E+07   9.5424019E+06   6.3951324E+05   1.2125653E+07   2.5171050E+07   2.5175311E+07   6.0344410E+06   0.0000000E+00   0.0000000E+00   0.0000000E+00   0.0000000E+00
   4.9665696E-04   2.5140502E+07   2.5140502E+07   7.8424560E+06   6.1482912E+05   1.1589213E+07   2.5135630E+07   2.5140502E+07   6.0276661E+06   0.0000000E+00   0.0000000E+00   0.0000000E+00   0.0000000E+00
   5.3371145E-04   2.5102093E+07   2.5102093E+07   6.2818722E+06   5.8814060E+05   1.1014237E+07   2.5096529E+07   2.5102093E+07   6.0202060E+06   0.0000000E+00   0.0000000E+00   0.0000000E+00   0.0000000E+00
   5.7353051E-04   2.5059942E+07   2.5059942E+07   4.9117774E+06   5.5954620E+05   1.0404313E+07   2.5053601E+07   2.5059942E+07   6.0120338E+06   0.0000000E+00   0.0000000E+00   0.0000000E+00   0.0000000E+00
   6.1632037E-04   2.5013954E+07   2.5013954E+07   3.7737159E+06   5.2921821E+05   9.7647316E+06   2.5006739E+07   2.5013954E+07   6.0031284E+06   0.0000000E+00   0.0000000E+00   0.0000000E+00   0.0000000E+00
   6.6230270E-04   2.4964081E+07   2.4964081E+07   2.8914717E+06   4.9740868E+05   9.1025246E+06   2.4955892E+07   2.4964081E+07   5.9934749E+06   0.0000000E+00   0.0000000E+00   0.0000000E+00   0.0000000E+00
   7.1171566E-04   2.4910328E+07   2.4910328E+07   2.2634040E+06   4.6444977E+05   8.4263244E+06   2.4901055E+07   2.4910328E+07   5.9830620E+06   0.0000000E+00   0.0000000E+00   0.0000000E+00   0.0000000E+00
   7.6481522E-04   2.4852745E+07   2.4852745E+07   1.8578423E+06   4.3074665E+05   7.7460259E+06   2.4842275E+07   2.4852745E+07   5.9718799E+06   0.0000000E+00   0.0000000E+00   0.0000000E+00   0.0000000E+00
   8.2187642E-04   2.4791415E+07   2.4791415E+07   1.6146930E+06   3.9676156E+05   7.0722264E+06   2.4779628E+07   2.4791415E+07   5.9599154E+06   0.0000000E+00   0.0000000E+00   0.0000000E+00   0.0000000E+00
   8.8319484E-04   2.4726431E+07   2.4726431E+07   1.4559430E+06   3.6298915E+05   6.4154747E+06   2.4713207E+07   2.4726431E+07   5.9471470E+06   0.0000000E+00   0.0000000E+00   0.0000000E+00   0.0000000E+00
   9.4908809E-04   2.4657871E+07   2.4657871E+07   1.3053670E+06   3.2992484E+05   5.7854149E+06   2.4643090E+07   2.4657871E+07   5.9335399E+06   0.0000000E+00   0.0000000E+00   0.0000000E+00   0.0000000E+00
   1.0198975E-03   2.4585764E+07   2.4585764E+07   1.1130849E+06   2.9803015E+05   5.1899684E+06   2.4569311E+07   2.4585764E+07   5.9190417E+06   0.0000000E+00   0.0000000E+00   0.0000000E+00   0.0000000E+00
   1.0959898E-03   2.4510064E+07   2.4510064E+07   8.7480907E+05   2.6770053E+05   4.6347326E+06   2.4491832E+07   2.4510064E+07   5.9035805E+06   0.0000000E+00   0.0000000E+00   0.0000000E+00   0.0000000E+00
   1.1777592E-03   2.4430630E+07   2.4430630E+07   6.3233439E+05   2.3924112E+05   4.1227587E+06   2.4410521E+07   2.4430630E+07   5.8870665E+06   0.0000000E+00   0.0000000E+00   0.0000000E+00   0.0000000E+00
   1.2656293E-03   2.4347207E+07   2.4347207E+07   4.4678411E+05   2.1285438E+05   3.6547888E+06   2.4325138E+07   2.4347207E+07   5.8693949E+06   0.0000000E+00   0.0000000E+00   0.0000000E+00   0.0000000E+00
   1.3600552E-03   2.4259435E+07   2.4259435E+07   3.5303317E+05   1.8864041E+05   3.2298831E+06   2.4235339E+07   2.4259435E+07   5.8504504E+06   0.0000000E+00   0.0000000E+00   0.0000000E+00   0.0000000E+00
   1.4615259E-03   2.4166856E+07   2.4166856E+07   3.2622495E+05   1.6660854E+05   2.8462099E+06   2.4140683E+07   2.4166856E+07   5.8301098E+06   0.0000000E+00   0.0000000E+00   0.0000000E+00   0.0000000E+00
   1.5705672E-03   2.4068934E+07   2.4068934E+07   2.9742343E+05   1.4669745E+05   2.5016697E+06   2.4040649E+07   2.4068934E+07   5.8082432E+06   0.0000000E+00   0.0000000E+00   0.0000000E+00   0.0000000E+00
   1.6877438E-03   2.3965077E+07   2.3965077E+07   2.2017949E+05   1.2880108E+05   2.1940875E+06   2.3934659E+07   2.3965077E+07   5.7847140E+06   0.0000000E+00   0.0000000E+00   0.0000000E+00   0.0000000E+00
   1.8136627E-03   2.3854660E+07   2.3854660E+07   1.2467427E+05   1.1279453E+05   1.9209842E+06   2.3822096E+07   2.3854660E+07   5.7593798E+06   0.0000000E+00   0.0000000E+00   0.0000000E+00   0.0000000E+00
   1.9489761E-03   2.3737040E+07   2.3737040E+07   7.9579147E+04   9.8549613E+04   1.6793340E+06   2.3702317E+07   2.3737040E+07   5.7320945E+06   0.0000000E+00   0.0000000E+00   0.0000000E+00   0.0000000E+00
   2.0943850E-03   2.3611552E+07   2.3611552E+07   8.9259193E+04   8.5933057E+04   1.4658415E+06   2.3574656E+07   2.3611552E+07   5.7027090E+06   0.0000000E+00   0.0000000E+00   0.0000000E+00   0.0000000E+00
   2.2506425E-03   2.3477510E+07   2.3477510E+07   8.2745143E+04   7.4798355E+04   1.2776471E+06   2.3438418E+07   2.3477510E+07   5.6710697E+06   0.0000000E+00   0.0000000E+00   0.0000000E+00   0.0000000E+00
   2.4185581E-03   2.3334207E+07   2.3334207E+07   3.9669413E+04   6.4993827E+04   1.1124771E+06   2.3292891E+07   2.3334207E+07   5.6370193E+06   0.0000000E+00   0.0000000E+00   0.0000000E+00   0.0000000E+00
   2.5990015E-03   2.3180936E+07   2.3180936E+07   2.2293024E+04   5.6383017E+04   9.6789259E+05   2.3137368E+07   2.3180936E+07   5.6004008E+06   0.0000000E+00   0.0000000E+00   0.0000000E+00   0.0000000E+00
   2.7929073E-03   2.3016995E+07   2.3016995E+07   2.8703247E+04   4.8844106E+04   8.4122448E+05   2.2971148E+07   2.3016995E+07   5.5610591E+06   0.0000000E+00   0.0000000E+00   0.0000000E+00   0.0000000E+00
   3.0012801E-03   2.2841677E+07   2.2841677E+07   1.0642071E+04   4.2255474E+04   7.3053998E+05   2.2793533E+07   2.2841677E+07   5.5188388E+06   0.0000000E+00   0.0000000E+00   0.0000000E+00   0.0000000E+00
   3.2251990E-03   2.2654284E+07   2.2654284E+07   6.8813421E+03   3.6506417E+04   6.3411317E+05   2.2603834E+07   2.2654284E+07   5.4735856E+06   0.0000000E+00   0.0000000E+00   0.0000000E+00   0.0000000E+00
   3.4658241E-03   2.2454129E+07   2.2454129E+07   8.1147808E+03   3.1501900E+04   5.4990661E+05   2.2401377E+07   2.2454129E+07   5.4251480E+06   0.0000000E+00   0.0000000E+00   0.0000000E+00   0.0000000E+00
   3.7244018E-03   2.2240533E+07   2.2240533E+07   -4.8047491E+03   2.7149328E+04   4.7672720E+05   2.2185502E+07   2.2240533E+07   5.3733768E+06   0.0000000E+00   0.0000000E+00   0.0000000E+00   0.0000000E+00
   4.0022713E-03   2.2012841E+07   2.2012841E+07   3.3077121E+03   2.3370586E+04   4.1301827E+05   2.1955586E+07   2.2012841E+07   5.3181308E+06   0.0000000E+00   0.0000000E+00   0.0000000E+00   0.0000000E+00
   4.3008720E-03   2.1770429E+07   2.1770429E+07   -6.2019242E+03   2.0093992E+04   3.5764931E+05   2.1711042E+07   2.1770429E+07   5.2592764E+06   0.0000000E+00   0.0000000E+00   0.0000000E+00   0.0000000E+00
   4.6217508E-03   2.1512712E+07   2.1512712E+07   -1.2487079E+03   1.7256438E+04   3.0958984E+05   2.1451307E+07   2.1512712E+07   5.1966852E+06   0.0000000E+00   0.0000000E+00   0.0000000E+00   0.0000000E+00
   4.9665696E-03   2.1239139E+07   2.1239139E+07   -5.7396167E+03   1.4802379E+04   2.6787409E+05   2.1175819E+07   2.1239139E+07   5.1302279E+06   0.0000000E+00   0.0000000E+00   0.0000000E+00   0.0000000E+00
   5.3371145E-03   2.0949172E+07   2.0949172E+07   -4.2653544E+03   1.2682443E+04   2.3160621E+05   2.0884027E+07   2.0949172E+07   5.0597772E+06   0.0000000E+00   0.0000000E+00   0.0000000E+00   0.0000000E+00
   5.7353051E-03   2.0642289E+07   2.0642289E+07   -3.0825926E+03   1.0852278E+04   2.0021473E+05   2.0575437E+07   2.0642289E+07   4.9852188E+06   0.0000000E+00   0.0000000E+00   0.0000000E+00   0.0000000E+00
   6.1632037E-03   2.0317987E+07   2.0317987E+07   -5.6723632E+03   9.2744809E+03   1.7295390E+05   2.0249605E+07   2.0317987E+07   4.9064496E+06   0.0000000E+00   0.0000000E+00   0.0000000E+00   0.0000000E+00
   6.6230270E-03   1.9975807E+07   1.9975807E+07   -4.6129307E+03   7.9158420E+03   1.4930960E+05   1.9906084E+07   1.9975807E+07   4.8233658E+06   0.0000000E+00   0.0000000E+00   0.0000000E+00   0.0000000E+00
   7.1171566E-03   1.9615333E+07   1.9615333E+07   -3.4823073E+03   6.7469756E+03   1.2883118E+05   1.9544442E+07   1.9615333E+07   4.7358665E+06   0.0000000E+00   0.0000000E+00   0.0000000E+00   0.0000000E+00
   7.6481522E-03   1.9236173E+07   1.9236173E+07   -2.7089409E+03   5.7423734E+03   1.1108760E+05   1.9164307E+07   1.9236173E+07   4.6438642E+06   0.0000000E+00   0.0000000E+00   0.0000000E+00   0.0000000E+00
   8.2187642E-03   1.8837943E+07   1.8837943E+07   -2.5019915E+03   4.8799540E+03   9.5715662E+04   1.8765321E+07   1.8837943E+07   4.5472756E+06   0.0000000E+00   0.0000000E+00   0.0000000E+00   0.0000000E+00
   8.8319484E-03   1.8420285E+07   1.8420285E+07   -2.3766260E+03   4.1404326E+03   8.2389538E+04   1.8347133E+07   1.8420285E+07   4.4460177E+06   0.0000000E+00   0.0000000E+00   0.0000000E+00   0.0000000E+00
   9.4908809E-03   1.7982882E+07   1.7982882E+07   -2.2114901E+03   3.5070204E+03   7.0837411E+04   1.7909426E+07   1.7982882E+07   4.3400161E+06   0.0000000E+00   0.0000000E+00   0.0000000E+00   0.0000000E+00
   1.0198975E-02   1.7525449E+07   1.7525449E+07   -2.3208837E+03   2.9650580E+03   6.0837601E+04   1.7451936E+07   1.7525449E+07   4.2292083E+06   0.0000000E+00   0.0000000E+00   0.0000000E+00   0.0000000E+00
   1.0959898E-02   1.7047737E+07   1.7047737E+07   -2.2818709E+03   2.5019873E+03   5.2196337E+04   1.6974423E+07   1.7047737E+07   4.1135379E+06   0.0000000E+00   0.0000000E+00   0.0000000E+00   0.0000000E+00
   1.1777592E-02   1.6549571E+07   1.6549571E+07   -1.5076501E+03   2.1067997E+03   4.4703894E+04   1.6476702E+07   1.6549571E+07   3.9929613E+06   0.0000000E+00   0.0000000E+00   0.0000000E+00   0.0000000E+00
   1.2656293E-02   1.6030852E+07   1.6030852E+07   -1.6322909E+03   1.7700466E+03   3.8211243E+04   1.5958693E+07   1.6030852E+07   3.8674609E+06   0.0000000E+00   0.0000000E+00   0.0000000E+00   0.0000000E+00
   1.3600552E-02   1.5491606E+07   1.5491606E+07   -1.1342877E+03   1.4834806E+03   3.2612448E+04   1.5420415E+07   1.5491606E+07   3.7370415E+06   0.0000000E+00   0.0000000E+00   0.0000000E+00   0.0000000E+00
   1.4615259E-02   1.4932037E+07   1.4932037E+07   -1.2390598E+03   1.2400356E+03   2.7767981E+04   1.4862077E+07   1.4932037E+07   3.6017553E+06   0.0000000E+00   0.0000000E+00   0.0000000E+00   0.0000000E+00
   1.5705672E-02   1.4352583E+07   1.4352583E+07   -1.0630360E+03   1.0335897E+03   2.3577744E+04   1.4284109E+07   1.4352583E+07   3.4617070E+06   0.0000000E+00   0.0000000E+00   0.0000000E+00   0.0000000E+00
   1.6877438E-02   1.3754018E+07   1.3754018E+07   -8.6659169E+02   8.5886328E+02   1.9969486E+04   1.3687285E+07   1.3754018E+07   3.3170848E+06   0.0000000E+00   0.0000000E+00   0.0000000E+00   0.0000000E+00
   1.8136627E-02   1.3137548E+07   1.3137548E+07   -7.5979430E+02   7.1130473E+02   1.6863734E+04   1.3072798E+07   1.3137548E+07   3.1681785E+06   0.0000000E+00   0.0000000E+00   0.0000000E+00   0.0000000E+00
   1.9489760E-02   1.2504947E+07   1.2504947E+07   -5.9801925E+02   5.8700886E+02   1.4196438E+04   1.2442408E+07   1.2504947E+07   3.0154155E+06   0.0000000E+00   0.0000000E+00   0.0000000E+00   0.0000000E+00
   2.0943842E-02   1.1858703E+07   1.1858703E+07   -4.4214906E+02   4.8261283E+02   1.1900758E+04   1.1798588E+07   1.1858703E+07   2.8593949E+06   0.0000000E+00   0.0000000E+00   0.0000000E+00   0.0000000E+00
   2.2506381E-02   1.1202176E+07   1.1202176E+07   -4.1294967E+02   3.9521748E+02   9.9448892E+03   1.1144674E+07   1.1202176E+07   2.7009259E+06   0.0000000E+00   0.0000000E+00   0.0000000E+00   0.0000000E+00
   2.4185366E-02   1.0539773E+07   1.0539773E+07   -3.6190189E+02   3.2234310E+02   8.2725689E+03   1.0485041E+07   1.0539773E+07   2.5410690E+06   0.0000000E+00   0.0000000E+00   0.0000000E+00   0.0000000E+00
   2.5989103E-02   9.8771226E+06   9.8771226E+06   -2.9706203E+02   2.6185632E+02   6.8556178E+03   9.8252818E+06   9.8771226E+06   2.3811800E+06   0.0000000E+00   0.0000000E+00   0.0000000E+00   0.0000000E+00
   2.7925686E-02   9.2212749E+06   9.2212749E+06   -2.2649275E+02   2.1193238E+02   5.6612457E+03   9.1723982E+06   9.2212749E+06   2.2229561E+06   0.0000000E+00   0.0000000E+00   0.0000000E+00   0.0000000E+00
   3.0001670E-02   8.5809012E+06   8.5809012E+06   -1.7355971E+02   1.7101381E+02   4.6567957E+03   8.5350067E+06   8.5809012E+06   2.0684857E+06   0.0000000E+00   0.0000000E+00   0.0000000E+00   0.0000000E+00
   3.2219430E-02   7.9663987E+06   7.9663987E+06   -1.3826107E+02   1.3777311E+02   3.8271387E+03   7.9234384E+06   7.9663987E+06   1.9202728E+06   0.0000000E+00   0.0000000E+00   0.0000000E+00   0.0000000E+00
   3.4573045E-02   7.3895769E+06   7.3895769E+06   -1.1832311E+02   1.1107187E+02   3.1450658E+03   7.3494284E+06   7.3895769E+06   1.7811615E+06   0.0000000E+00   0.0000000E+00   0.0000000E+00   0.0000000E+00
   3.7044028E-02   6.8623980E+06   6.8623980E+06   -9.0582050E+01   8.9906805E+01   2.5929815E+03   6.8248628E+06   6.8623980E+06   1.6540327E+06   0.0000000E+00   0.0000000E+00   0.0000000E+00   0.0000000E+00
   3.9600381E-02   6.3944981E+06   6.3944981E+06   -7.3789688E+01   7.3354178E+01   2.1519607E+03   6.3593133E+06   6.3944981E+06   1.5412062E+06   0.0000000E+00   0.0000000E+00   0.0000000E+00   0.0000000E+00
   4.2202423E-02   5.9903168E+06   5.9903168E+06   -7.3328918E+01   6.0537375E+01   1.8056890E+03   5.9571835E+06   5.9903168E+06   1.4437493E+06   0.0000000E+00   0.0000000E+00   0.0000000E+00   0.0000000E+00
   4.4813716E-02   5.6477106E+06   5.6477106E+06   -5.5899208E+01   5.0640824E+01   1.5348680E+03   5.6163301E+06   5.6477106E+06   1.3611428E+06   0.0000000E+00   0.0000000E+00   0.0000000E+00   0.0000000E+00
   4.7409922E-02   5.3590972E+06   5.3590972E+06   -4.3661706E+01   4.2951649E+01   1.3196180E+03   5.3292026E+06   5.3590972E+06   1.2915568E+06   0.0000000E+00   0.0000000E+00   0.0000000E+00   0.0000000E+00
   4.9980729E-02   5.1140959E+06   5.1140959E+06   -4.3284481E+01   3.6892957E+01   1.1482290E+03   5.0854698E+06   5.1140959E+06   1.2324875E+06   0.0000000E+00   0.0000000E+00   0.0000000E+00   0.0000000E+00
   5.2526540E-02   4.9019326E+06   4.9019326E+06   -3.8631510E+01   3.2027637E+01   1.0095042E+03   4.8744112E+06   4.9019326E+06   1.1813368E+06   0.0000000E+00   0.0000000E+00   0.0000000E+00   0.0000000E+00
   5.5053941E-02   4.7128381E+06   4.7128381E+06   -3.1041556E+01   2.8037702E+01   8.9392850E+02   4.6863076E+06   4.7128381E+06   1.1357494E+06   0.0000000E+00   0.0000000E+00   0.0000000E+00   0.0000000E+00
   5.7572262E-02   4.5386017E+06   4.5386017E+06   -2.5781048E+01   2.4696913E+01   7.9551369E+02   4.5129911E+06   4.5386017E+06   1.0937455E+06   0.0000000E+00   0.0000000E+00   0.0000000E+00   0.0000000E+00
   6.0091555E-02   4.3726731E+06   4.3726731E+06   -2.3969054E+01   2.1845890E+01   7.1043397E+02   4.3479458E+06   4.3726731E+06   1.0537463E+06   0.0000000E+00   0.0000000E+00   0.0000000E+00   0.0000000E+00
   6.2621608E-02   4.2100955E+06   4.2100955E+06   -2.3515506E+01   1.9372630E+01   6.3602815E+02   4.1862412E+06   4.2100955E+06   1.0145565E+06   0.0000000E+00   0.0000000E+00   0.0000000E+00   0.0000000E+00
   6.5171550E-02   4.0473987E+06   4.0473987E+06   -2.0886598E+01   1.7198660E+01   5.7013350E+02   4.0244255E+06   4.0473987E+06   9.7533986E+05   0.0000000E+00   0.0000000E+00   0.0000000E+00   0.0000000E+00
   6.7749754E-02   3.8824950E+06   3.8824950E+06   -1.6084755E+01   1.5269211E+01   5.1052290E+02   3.8604217E+06   3.8824950E+06   9.3559287E+05   0.0000000E+00   0.0000000E+00   0.0000000E+00   0.0000000E+00
   7.0363882E-02   3.7145783E+06   3.7145783E+06   -1.5406231E+01   1.3546102E+01   4.5623739E+02   3.6934279E+06   3.7145783E+06   8.9512119E+05   0.0000000E+00   0.0000000E+00   0.0000000E+00   0.0000000E+00
   7.3020974E-02   3.5440121E+06   3.5440121E+06   -1.4620306E+01   1.2002837E+01   4.0792325E+02   3.5238046E+06   3.5440121E+06   8.5401224E+05   0.0000000E+00   0.0000000E+00   0.0000000E+00   0.0000000E+00
   7.5727554E-02   3.3721873E+06   3.3721873E+06   -1.1427024E+01   1.0621006E+01   3.6339974E+02   3.3529346E+06   3.3721873E+06   8.1260111E+05   0.0000000E+00   0.0000000E+00   0.0000000E+00   0.0000000E+00
   7.8489726E-02   3.2013362E+06   3.2013362E+06   -1.1028830E+01   9.3873134E+00   3.2392145E+02   3.1830368E+06   3.2013362E+06   7.7142556E+05   0.0000000E+00   0.0000000E+00   0.0000000E+00   0.0000000E+00
   8.1313267E-02   3.0342910E+06   3.0342910E+06   -1.0259024E+01   8.2916657E+00   2.8792044E+02   3.0169268E+06   3.0342910E+06   7.3116802E+05   0.0000000E+00   0.0000000E+00   0.0000000E+00   0.0000000E+00
   8.4203696E-02   2.8741880E+06   2.8741880E+06   -8.3050158E+00   7.3253336E+00   2.5609579E+02   2.8577226E+06   2.8741880E+06   6.9258411E+05   0.0000000E+00   0.0000000E+00   0.0000000E+00   0.0000000E+00
   8.7166337E-02   2.7241241E+06   2.7241241E+06   -7.1308640E+00   6.4798787E+00   2.2811619E+02   2.7085028E+06   2.7241241E+06   6.5641997E+05   0.0000000E+00   0.0000000E+00   0.0000000E+00   0.0000000E+00
   9.0206375E-02   2.5867872E+06   2.5867872E+06   -6.5091967E+00   5.7462053E+00   2.0362095E+02   2.5719395E+06   2.5867872E+06   6.2332318E+05   0.0000000E+00   0.0000000E+00   0.0000000E+00   0.0000000E+00
   9.3328892E-02   2.4640917E+06   2.4640917E+06   -6.3243891E+00   5.1141233E+00   1.8243927E+02   2.4499358E+06   2.4640917E+06   5.9375497E+05   0.0000000E+00   0.0000000E+00   0.0000000E+00   0.0000000E+00
   9.6538904E-02   2.3568636E+06   2.3568636E+06   -5.3638291E+00   4.5721627E+00   1.6431739E+02   2.3433124E+06   2.3568636E+06   5.6791427E+05   0.0000000E+00   0.0000000E+00   0.0000000E+00   0.0000000E+00
   9.9841390E-02   2.2646234E+06   2.2646234E+06   -4.7046432E+00   4.1077688E+00   1.4835827E+02   2.2515923E+06   2.2646234E+06   5.4568545E+05   0.0000000E+00   0.0000000E+00   0.0000000E+00   0.0000000E+00
   1.0324131E-01   2.1855168E+06   2.1855168E+06   -4.0868143E+00   3.7077652E+00   1.3489344E+02   2.1729316E+06   2.1855168E+06   5.2662164E+05   0.0000000E+00   0.0000000E+00   0.0000000E+00   0.0000000E+00
   1.0674364E-01   2.1164355E+06   2.1164355E+06   -4.0547408E+00   3.3590486E+00   1.2295175E+02   2.1042395E+06   2.1164355E+06   5.0997377E+05   0.0000000E+00   0.0000000E+00   0.0000000E+00   0.0000000E+00
   1.1035335E-01   2.0533457E+06   2.0533457E+06   -3.6823317E+00   3.0494004E+00   1.1227135E+02   2.0415055E+06   2.0533457E+06   4.9476986E+05   0.0000000E+00   0.0000000E+00   0.0000000E+00   0.0000000E+00
   1.1407545E-01   1.9918154E+06   1.9918154E+06   -3.0886537E+00   2.7683152E+00   1.0249835E+02   1.9803228E+06   1.9918154E+06   4.7994192E+05   0.0000000E+00   0.0000000E+00   0.0000000E+00   0.0000000E+00
   1.1791500E-01   1.9276837E+06   1.9276837E+06   -2.9402709E+00   2.5077098E+00   9.3270950E+01   1.9165544E+06   1.9276837E+06   4.6448734E+05   0.0000000E+00   0.0000000E+00   0.0000000E+00   0.0000000E+00
   1.2187709E-01   1.8577764E+06   1.8577764E+06   -2.5581825E+00   2.2623496E+00   8.4707839E+01   1.8470447E+06   1.8577764E+06   4.4764131E+05   0.0000000E+00   0.0000000E+00   0.0000000E+00   0.0000000E+00
   1.2596687E-01   1.7805323E+06   1.7805323E+06   -2.4816319E+00   2.0299314E+00   7.6415076E+01   1.7702414E+06   1.7805323E+06   4.2902761E+05   0.0000000E+00   0.0000000E+00   0.0000000E+00   0.0000000E+00
   1.3018953E-01   1.6963879E+06   1.6963879E+06   -2.2037657E+00   1.8107299E+00   6.8529120E+01   1.6865784E+06   1.6963879E+06   4.0875146E+05   0.0000000E+00   0.0000000E+00   0.0000000E+00   0.0000000E+00
   1.3455035E-01   1.6077873E+06   1.6077873E+06   -1.7890931E+00   1.6068586E+00   6.1116771E+01   1.5984857E+06   1.6077873E+06   3.8740171E+05   0.0000000E+00   0.0000000E+00   0.0000000E+00   0.0000000E+00
   1.3905466E-01   1.5187401E+06   1.5187401E+06   -1.7538794E+00   1.4212451E+00   5.4287351E+01   1.5099497E+06   1.5187401E+06   3.6594455E+05   0.0000000E+00   0.0000000E+00   0.0000000E+00   0.0000000E+00
   1.4370787E-01   1.4339542E+06   1.4339542E+06   -1.4165816E+00   1.2565124E+00   4.8233053E+01   1.4256510E+06   1.4339542E+06   3.4551430E+05   0.0000000E+00   0.0000000E+00   0.0000000E+00   0.0000000E+00
   1.4851544E-01   1.3576922E+06   1.3576922E+06   -1.2574552E+00   1.1139904E+00   4.2972165E+01   1.3498274E+06   1.3576922E+06   3.2713805E+05   0.0000000E+00   0.0000000E+00   0.0000000E+00   0.0000000E+00
   1.5348297E-01   1.2926222E+06   1.2926222E+06   -1.2196002E+00   9.9311445E-01   3.8492850E+01   1.2851314E+06   1.2926222E+06   3.1145863E+05   0.0000000E+00   0.0000000E+00   0.0000000E+00   0.0000000E+00
   1.5861609E-01   1.2389992E+06   1.2389992E+06   -1.0042488E+00   8.9133800E-01   3.4739440E+01   1.2318166E+06   1.2389992E+06   2.9853751E+05   0.0000000E+00   0.0000000E+00   0.0000000E+00   0.0000000E+00
   1.6392058E-01   1.1944875E+06   1.1944875E+06   -9.5768920E-01   8.0462480E-01   3.1514684E+01   1.1875606E+06   1.1944875E+06   2.8781182E+05   0.0000000E+00   0.0000000E+00   0.0000000E+00   0.0000000E+00
   1.6940232E-01   1.1547825E+06   1.1547825E+06   -8.3877115E-01   7.2836858E-01   2.8654176E+01   1.1480836E+06   1.1547825E+06   2.7824437E+05   0.0000000E+00   0.0000000E+00   0.0000000E+00   0.0000000E+00
   1.7506733E-01   1.1149422E+06   1.1149422E+06   -7.8194104E-01   6.5848229E-01   2.5990421E+01   1.1084725E+06   1.1149422E+06   2.6864439E+05   0.0000000E+00   0.0000000E+00   0.0000000E+00   0.0000000E+00
   1.8092176E-01   1.0710461E+06   1.0710461E+06   -6.7162838E-01   5.9230335E-01   2.3494986E+01   1.0648293E+06   1.0710461E+06   2.5806723E+05   0.0000000E+00   0.0000000E+00   0.0000000E+00   0.0000000E+00
   1.8697198E-01   1.0215924E+06   1.0215924E+06   -6.0309007E-01   5.2900846E-01   2.1068874E+01   1.0156610E+06   1.0215924E+06   2.4615103E+05   0.0000000E+00   0.0000000E+00   0.0000000E+00   0.0000000E+00
   1.9322452E-01   9.6803770E+05   9.6803770E+05   -5.7809822E-01   4.6938522E-01   1.8771653E+01   9.6241576E+05   9.6803770E+05   2.3324676E+05   0.0000000E+00   0.0000000E+00   0.0000000E+00   0.0000000E+00
   1.9968618E-01   9.1414781E+05   9.1414781E+05   -4.8645958E-01   4.1505522E-01   1.6660610E+01   9.0883753E+05   9.1414781E+05   2.2026179E+05   0.0000000E+00   0.0000000E+00   0.0000000E+00   0.0000000E+00
   2.0636402E-01   8.6431878E+05   8.6431878E+05   -4.4116579E-01   3.6746207E-01   1.4808843E+01   8.5929680E+05   8.6431878E+05   2.0825532E+05   0.0000000E+00   0.0000000E+00   0.0000000E+00   0.0000000E+00
   2.1326541E-01   8.2155247E+05   8.2155247E+05   -3.8708005E-01   3.2705147E-01   1.3245786E+01   8.1677792E+05   8.2155247E+05   1.9795064E+05   0.0000000E+00   0.0000000E+00   0.0000000E+00   0.0000000E+00
   2.2039813E-01   7.8605447E+05   7.8605447E+05   -3.5583220E-01   2.9300034E-01   1.1910327E+01   7.8148528E+05   7.8605447E+05   1.8939728E+05   0.0000000E+00   0.0000000E+00   0.0000000E+00   0.0000000E+00
   2.2777034E-01   7.5523257E+05   7.5523257E+05   -3.0675468E-01   2.6358704E-01   1.0753671E+01   7.5084168E+05   7.5523257E+05   1.8197063E+05   0.0000000E+00   0.0000000E+00   0.0000000E+00   0.0000000E+00
   2.3539074E-01   7.2519420E+05   7.2519420E+05   -2.8917317E-01   2.3698506E-01   9.7039491E+00   7.2097718E+05   7.2519420E+05   1.7473281E+05   0.0000000E+00   0.0000000E+00   0.0000000E+00   0.0000000E+00
   2.4326859E-01   6.9297119E+05   6.9297119E+05   -2.5584554E-01   2.1203100E-01   8.7150825E+00   6.8894084E+05   6.9297119E+05   1.6696862E+05   0.0000000E+00   0.0000000E+00   0.0000000E+00   0.0000000E+00
   2.5141381E-01   6.5816102E+05   6.5816102E+05   -2.2363700E-01   1.8854902E-01   7.7707927E+00   6.5433250E+05   6.5816102E+05   1.5858110E+05   0.0000000E+00   0.0000000E+00   0.0000000E+00   0.0000000E+00
   2.5983712E-01   6.2291734E+05   6.2291734E+05   -1.9856858E-01   1.6707599E-01   6.9090583E+00   6.1929327E+05   6.2291734E+05   1.5008915E+05   0.0000000E+00   0.0000000E+00   0.0000000E+00   0.0000000E+00
   2.6855008E-01   5.9025133E+05   5.9025133E+05   -1.7776440E-01   1.4821256E-01   6.1542016E+00   5.8681681E+05   5.9025133E+05   1.4221830E+05   0.0000000E+00   0.0000000E+00   0.0000000E+00   0.0000000E+00
   2.7756532E-01   5.6181611E+05   5.6181611E+05   -1.5850458E-01   1.3205996E-01   5.5014661E+00   5.5854659E+05   5.6181611E+05   1.3536686E+05   0.0000000E+00   0.0000000E+00   0.0000000E+00   0.0000000E+00
   2.8689662E-01   5.3681865E+05   5.3681865E+05   -1.4076884E-01   1.1811079E-01   4.9323101E+00   5.3369419E+05   5.3681865E+05   1.2934375E+05   0.0000000E+00   0.0000000E+00   0.0000000E+00   0.0000000E+00
   2.9655913E-01   5.1290407E+05   5.1290407E+05   -1.2672988E-01   1.0561664E-01   4.4256705E+00   5.0991844E+05   5.1290407E+05   1.2358156E+05   0.0000000E+00   0.0000000E+00   0.0000000E+00   0.0000000E+00
   3.0656960E-01   4.8824723E+05   4.8824723E+05   -1.1124771E-01   9.4082386E-02   3.9539803E+00   4.8540479E+05   4.8824723E+05   1.1764054E+05   0.0000000E+00   0.0000000E+00   0.0000000E+00   0.0000000E+00
   3.1694658E-01   4.6299643E+05   4.6299643E+05   -9.9570621E-02   8.3472208E-02   3.5202616E+00   4.6030070E+05   4.6299643E+05   1.1155643E+05   0.0000000E+00   0.0000000E+00   0.0000000E+00   0.0000000E+00
   3.2771080E-01   4.3877093E+05   4.3877093E+05   -8.7924932E-02   7.3994904E-02   3.1292237E+00   4.3621598E+05   4.3877093E+05   1.0571936E+05   0.0000000E+00   0.0000000E+00   0.0000000E+00   0.0000000E+00
   3.3888543E-01   4.1680211E+05   4.1680211E+05   -7.8931753E-02   6.5732128E-02   2.7890699E+00   4.1437485E+05   4.1680211E+05   1.0042604E+05   0.0000000E+00   0.0000000E+00   0.0000000E+00   0.0000000E+00
   3.5049660E-01   3.9670750E+05   3.9670750E+05   -6.9570904E-02   5.8487209E-02   2.4886724E+00   3.9439705E+05   3.9670750E+05   9.5584315E+04   0.0000000E+00   0.0000000E+00   0.0000000E+00   0.0000000E+00
   3.6257388E-01   3.7717318E+05   3.7717318E+05   -6.1973626E-02   5.1964968E-02   2.2158926E+00   3.7497630E+05   3.7717318E+05   9.0877589E+04   0.0000000E+00   0.0000000E+00   0.0000000E+00   0.0000000E+00
   3.7515092E-01   3.5759207E+05   3.5759207E+05   -5.4891494E-02   4.6019948E-02   1.9683464E+00   3.5550907E+05   3.5759207E+05   8.6159597E+04   0.0000000E+00   0.0000000E+00   0.0000000E+00   0.0000000E+00
   3.8826626E-01   3.3857838E+05   3.3857838E+05   -4.8673697E-02   4.0679578E-02   1.7444209E+00   3.3660598E+05   3.3857838E+05   8.1578329E+04   0.0000000E+00   0.0000000E+00   0.0000000E+00   0.0000000E+00
   4.0196426E-01   3.2083233E+05   3.2083233E+05   -4.3259477E-02   3.5965441E-02   1.5467734E+00   3.1896318E+05   3.2083233E+05   7.7302498E+04   0.0000000E+00   0.0000000E+00   0.0000000E+00   0.0000000E+00
   4.1629635E-01   3.0411448E+05   3.0411448E+05   -3.8262333E-02   3.1784724E-02   1.3702350E+00   3.0234259E+05   3.0411448E+05   7.3274408E+04   0.0000000E+00   0.0000000E+00   0.0000000E+00   0.0000000E+00
   4.3132256E-01   2.8778866E+05   2.8778866E+05   -3.3722756E-02   2.8019481E-02   1.2112799E+00   2.8611179E+05   2.8778866E+05   6.9340782E+04   0.0000000E+00   0.0000000E+00   0.0000000E+00   0.0000000E+00
   4.4711341E-01   2.7184360E+05   2.7184360E+05   -2.9584359E-02   2.4630862E-02   1.0675874E+00   2.7025953E+05   2.7184360E+05   6.5498900E+04   0.0000000E+00   0.0000000E+00   0.0000000E+00   0.0000000E+00
   4.6375244E-01   2.5664770E+05   2.5664770E+05   -2.6006462E-02   2.1615513E-02   9.3877565E-01   2.5515208E+05   2.5664770E+05   6.1837526E+04   0.0000000E+00   0.0000000E+00   0.0000000E+00   0.0000000E+00
   4.8133933E-01   2.4212035E+05   2.4212035E+05   -2.2759463E-02   1.8929223E-02   8.2392486E-01   2.4070931E+05   2.4212035E+05   5.8337240E+04   0.0000000E+00   0.0000000E+00   0.0000000E+00   0.0000000E+00
   4.9999398E-01   2.2796938E+05   2.2796938E+05   -1.9860098E-02   1.6517938E-02   7.2111183E-01   2.2664074E+05   2.2796938E+05   5.4927643E+04   0.0000000E+00   0.0000000E+00   0.0000000E+00   0.0000000E+00
   5.1986177E-01   2.1425920E+05   2.1425920E+05   -1.7267065E-02   1.4360723E-02   6.2850228E-01   2.1301040E+05   2.1425920E+05   5.1624255E+04   0.0000000E+00   0.0000000E+00   0.0000000E+00   0.0000000E+00
   5.4112033E-01   2.0104721E+05   2.0104721E+05   -1.4958246E-02   1.2437324E-02   5.4552103E-01   1.9987536E+05   2.0104721E+05   4.8440905E+04   0.0000000E+00   0.0000000E+00   0.0000000E+00   0.0000000E+00
   5.6398816E-01   1.8818185E+05   1.8818185E+05   -1.2895161E-02   1.0716627E-02   4.7126079E-01   1.8708494E+05   1.8818185E+05   4.5341075E+04   0.0000000E+00   0.0000000E+00   0.0000000E+00   0.0000000E+00
   5.8873539E-01   1.7565946E+05   1.7565946E+05   -1.1052704E-02   9.1802620E-03   4.0460915E-01   1.7463549E+05   1.7565946E+05   4.2323884E+04   0.0000000E+00   0.0000000E+00   0.0000000E+00   0.0000000E+00
   6.1569669E-01   1.6346430E+05   1.6346430E+05   -9.4057012E-03   7.8111676E-03   3.4511218E-01   1.6251137E+05   1.6346430E+05   3.9385535E+04   0.0000000E+00   0.0000000E+00   0.0000000E+00   0.0000000E+00
   6.4528533E-01   1.5153791E+05   1.5153791E+05   -7.9412008E-03   6.5924666E-03   2.9203490E-01   1.5065448E+05   1.5153791E+05   3.6511951E+04   0.0000000E+00   0.0000000E+00   0.0000000E+00   0.0000000E+00
   6.7800558E-01   1.3987869E+05   1.3987869E+05   -6.6058190E-03   5.5121137E-03   2.4479320E-01   1.3906319E+05   1.3987869E+05   3.3702739E+04   0.0000000E+00   0.0000000E+00   0.0000000E+00   0.0000000E+00
   7.1445695E-01   1.2847019E+05   1.2847019E+05   -5.4950828E-03   4.5591826E-03   2.0296832E-01   1.2772118E+05   1.2847019E+05   3.0953938E+04   0.0000000E+00   0.0000000E+00   0.0000000E+00   0.0000000E+00
   7.5531818E-01   1.1733368E+05   1.1733368E+05   -4.4907915E-03   3.7256529E-03   1.6630933E-01   1.1664957E+05   1.1733368E+05   2.8270672E+04   0.0000000E+00   0.0000000E+00   0.0000000E+00   0.0000000E+00
   8.0129496E-01   1.0651764E+05   1.0651764E+05   -3.6244401E-03   3.0052432E-03   1.3449602E-01   1.0589657E+05   1.0651764E+05   2.5664623E+04   0.0000000E+00   0.0000000E+00   0.0000000E+00   0.0000000E+00
   8.5302293E-01   9.6111631E+04   9.6111631E+04   -2.8863006E-03   2.3927645E-03   1.0735570E-01   9.5551215E+04   9.6111631E+04   2.3157369E+04   0.0000000E+00   0.0000000E+00   0.0000000E+00   0.0000000E+00
   9.1094958E-01   8.6238484E+04   8.6238484E+04   -2.2717281E-03   1.8826120E-03   8.4684281E-02   8.5735622E+04   8.6238484E+04   2.0778505E+04   0.0000000E+00   0.0000000E+00   0.0000000E+00   0.0000000E+00
   9.7526569E-01   7.7024746E+04   7.7024746E+04   -1.7708543E-03   1.4670180E-03   6.6154312E-02   7.6575596E+04   7.7024746E+04   1.8558522E+04   0.0000000E+00   0.0000000E+00   0.0000000E+00   0.0000000E+00
   1.0459560E+00   6.8563765E+04   6.8563765E+04   -1.3701745E-03   1.1353287E-03   5.1331032E-02   6.8163943E+04   6.8563765E+04   1.6519911E+04   0.0000000E+00   0.0000000E+00   0.0000000E+00   0.0000000E+00
   1.1229496E+00   6.0896508E+04   6.0896508E+04   -1.0562140E-03   8.7483894E-04   3.9637225E-02   6.0541389E+04   6.0896508E+04   1.4672543E+04   0.0000000E+00   0.0000000E+00   0.0000000E+00   0.0000000E+00
   1.2062660E+00   5.4013563E+04   5.4013563E+04   -8.1214815E-04   6.7247304E-04   3.0556105E-02   5.3698576E+04   5.4013563E+04   1.3014149E+04   0.0000000E+00   0.0000000E+00   0.0000000E+00   0.0000000E+00
   1.2960801E+00   4.7867398E+04   4.7867398E+04   -6.2360970E-04   5.1622221E-04   2.3502420E-02   4.7588249E+04   4.7867398E+04   1.1533277E+04   0.0000000E+00   0.0000000E+00   0.0000000E+00   0.0000000E+00
   1.3927145E+00   4.2395042E+04   4.2395042E+04   -4.7816505E-04   3.9596226E-04   1.8057422E-02   4.2147802E+04   4.2395042E+04   1.0214755E+04   0.0000000E+00   0.0000000E+00   0.0000000E+00   0.0000000E+00
   1.4966027E+00   3.7530739E+04   3.7530739E+04   -3.6679617E-04   3.0355635E-04   1.3873064E-02   3.7311863E+04   3.7530739E+04   9.0427378E+03   0.0000000E+00   0.0000000E+00   0.0000000E+00   0.0000000E+00
   1.6082560E+00   3.3210091E+04   3.3210091E+04   -2.8113040E-04   2.3260939E-04   1.0649332E-02   3.3016411E+04   3.3210091E+04   8.0017111E+03   0.0000000E+00   0.0000000E+00   0.0000000E+00   0.0000000E+00
   1.7282433E+00   2.9375288E+04   2.9375288E+04   -2.1537234E-04   1.7817319E-04   8.1693894E-03   2.9203971E+04   2.9375288E+04   7.0777449E+03   0.0000000E+00   0.0000000E+00   0.0000000E+00   0.0000000E+00
   1.8571836E+00   2.5973120E+04   2.5973120E+04   -1.6492581E-04   1.3642282E-04   6.2625905E-03   2.5821643E+04   2.5973120E+04   6.2580189E+03   0.0000000E+00   0.0000000E+00   0.0000000E+00   0.0000000E+00
   1.9957440E+00   2.2956499E+04   2.2956499E+04   -1.2621114E-04   1.0441701E-04   4.8033296E-03   2.2822614E+04   2.2956499E+04   5.5311875E+03   0.0000000E+00   0.0000000E+00   0.0000000E+00   0.0000000E+00
   2.1446421E+00   2.0282867E+04   2.0282867E+04   -9.6563993E-05   7.9891017E-05   3.6792494E-03   2.0164574E+04   2.0282867E+04   4.8869969E+03   0.0000000E+00   0.0000000E+00   0.0000000E+00   0.0000000E+00
   2.3046492E+00   1.7914320E+04   1.7914320E+04   -7.3874833E-05   6.1104399E-05   2.8158108E-03   1.7809840E+04   1.7914320E+04   4.3163140E+03   0.0000000E+00   0.0000000E+00   0.0000000E+00   0.0000000E+00
   2.4765941E+00   1.5816987E+04   1.5816987E+04   -5.6490928E-05   4.6719650E-05   2.1566232E-03   1.5724739E+04   1.5816987E+04   3.8109781E+03   0.0000000E+00   0.0000000E+00   0.0000000E+00   0.0000000E+00
   2.6613674E+00   1.3960580E+04   1.3960580E+04   -4.3181883E-05   3.5709486E-05   1.6490218E-03   1.3879158E+04   1.3960580E+04   3.3636914E+03   0.0000000E+00   0.0000000E+00   0.0000000E+00   0.0000000E+00
   2.8599262E+00   1.2318096E+04   1.2318096E+04   -3.3037477E-05   2.7285276E-05   1.2627546E-03   1.2246253E+04   1.2318096E+04   2.9679477E+03   0.0000000E+00   0.0000000E+00   0.0000000E+00   0.0000000E+00
   3.0732991E+00   1.0865462E+04   1.0865462E+04   -2.5200191E-05   2.0841954E-05   9.6546462E-04   1.0802092E+04   1.0865462E+04   2.6179471E+03   0.0000000E+00   0.0000000E+00   0.0000000E+00   0.0000000E+00
   3.3025912E+00   9.5812294E+03   9.5812294E+03   -1.9245392E-05   1.5915407E-05   7.3781755E-04   9.5253488E+03   9.5812294E+03   2.3085213E+03   0.0000000E+00   0.0000000E+00   0.0000000E+00   0.0000000E+00
   3.5489904E+00   8.4462970E+03   8.4462970E+03   -1.4690827E-05   1.2149825E-05   5.6339280E-04   8.3970355E+03   8.4462970E+03   2.0350683E+03   0.0000000E+00   0.0000000E+00   0.0000000E+00   0.0000000E+00
   3.8137729E+00   7.4436695E+03   7.4436695E+03   -1.1225034E-05   9.2725447E-06   4.3000407E-04   7.4002556E+03   7.4436695E+03   1.7934932E+03   0.0000000E+00   0.0000000E+00   0.0000000E+00   0.0000000E+00
   4.0983102E+00   6.5582334E+03   6.5582334E+03   -8.5505776E-06   7.0747017E-06   3.2864999E-04   6.5199836E+03   6.5582334E+03   1.5801543E+03   0.0000000E+00   0.0000000E+00   0.0000000E+00   0.0000000E+00
   4.4040762E+00   5.7765562E+03   5.7765562E+03   -6.5251776E-06   5.3963617E-06   2.5076750E-04   5.7428653E+03   5.7765562E+03   1.3918154E+03   0.0000000E+00   0.0000000E+00   0.0000000E+00   0.0000000E+00
   4.7326548E+00   5.0867060E+03   5.0867060E+03   -4.9772930E-06   4.1151065E-06   1.9139504E-04   5.0570385E+03   5.0867060E+03   1.2256015E+03   0.0000000E+00   0.0000000E+00   0.0000000E+00   0.0000000E+00
   5.0857479E+00   4.4780900E+03   4.4780900E+03   -3.7931318E-06   3.1372671E-06   1.4622612E-04   4.4519721E+03   4.4780900E+03   1.0789602E+03   0.0000000E+00   0.0000000E+00   0.0000000E+00   0.0000000E+00
   5.4651845E+00   3.9413088E+03   3.9413088E+03   -2.8902168E-06   2.3911990E-06   1.1135219E-04   3.9183216E+03   3.9413088E+03   9.4962707E+02   0.0000000E+00   0.0000000E+00   0.0000000E+00   0.0000000E+00
   5.8729300E+00   3.4680263E+03   3.4680263E+03   -2.2029580E-06   1.8221188E-06   8.4863713E-05   3.4477994E+03   3.4680263E+03   8.3559339E+02   0.0000000E+00   0.0000000E+00   0.0000000E+00   0.0000000E+00
   6.3110966E+00   3.0508527E+03   3.0508527E+03   -1.6780608E-06   1.3881538E-06   6.4591678E-05   3.0330589E+03   3.0508527E+03   7.3507873E+02   0.0000000E+00   0.0000000E+00   0.0000000E+00   0.0000000E+00
   6.7819538E+00   2.6832406E+03   2.6832406E+03   -1.2771555E-06   1.0573073E-06   4.9381406E-05   2.6675909E+03   2.6832406E+03   6.4650552E+02   0.0000000E+00   0.0000000E+00   0.0000000E+00   0.0000000E+00
   7.2879406E+00   2.3593914E+03   2.3593914E+03   -9.7319808E-07   8.0513908E-07   3.7575210E-05   2.3456305E+03   2.3593914E+03   5.6847663E+02   0.0000000E+00   0.0000000E+00   0.0000000E+00   0.0000000E+00
   7.8316780E+00   2.0741718E+03   2.0741718E+03   -7.4084302E-07   6.1298445E-07   2.8538555E-05   2.0620744E+03   2.0741718E+03   4.9975522E+02   0.0000000E+00   0.0000000E+00   0.0000000E+00   0.0000000E+00
   8.4159825E+00   1.8230394E+03   1.8230394E+03   -5.6384455E-07   4.6659460E-07   2.1804513E-05   1.8124067E+03   1.8230394E+03   4.3924687E+02   0.0000000E+00   0.0000000E+00   0.0000000E+00   0.0000000E+00
   9.0438807E+00   1.6019765E+03   1.6019765E+03   -4.2902021E-07   3.5509525E-07   1.6542307E-05   1.5926331E+03   1.6019765E+03   3.8598350E+02   0.0000000E+00   0.0000000E+00   0.0000000E+00   0.0000000E+00
   9.7186250E+00   1.4074305E+03   1.4074305E+03   -3.2641934E-07   2.7018893E-07   1.2653389E-05   1.3992218E+03   1.4074305E+03   3.3910921E+02   0.0000000E+00   0.0000000E+00   0.0000000E+00   0.0000000E+00
   1.0443711E+01   1.2362620E+03   1.2362620E+03   -2.4831172E-07   2.0554700E-07   9.5570518E-06   1.2290516E+03   1.2362620E+03   2.9786751E+02   0.0000000E+00   0.0000000E+00   0.0000000E+00   0.0000000E+00
