#           k/h    CDM            baryon         photon         nu             mass_nu        total          no_nu          total_de       Weyl           v_CDM          v_b            v_b-v_c     
   9.6254527E-06   5.5607256E+06   5.5607256E+06   7.4136014E+06   3.2463394E+04   1.0160648E+05   5.5612124E+06   5.5607256E+06   5.4209382E+06   0.0000000E+00   0.0000000E+00   0.0000000E+00   0.0000000E+00
   1.0343587E-05   5.5607243E+06   5.5607243E+06   7.4134914E+06   3.2463130E+04   1.0160575E+05   5.5612110E+06   5.5607243E+06   5.4209368E+06   0.0000000E+00   0.0000000E+00   0.0000000E+00   0.0000000E+00
   1.1115299E-05   5.5607228E+06   5.5607228E+06   7.4133645E+06   3.2462824E+04   1.0160491E+05   5.5612094E+06   5.5607228E+06   5.4209352E+06   0.0000000E+00   0.0000000E+00   0.0000000E+00   0.0000000E+00
   1.1944588E-05   5.5607211E+06   5.5607211E+06   7.4132178E+06   3.2462472E+04   1.0160394E+05   5.5612075E+06   5.5607211E+06   5.4209334E+06   0.0000000E+00   0.0000000E+00   0.0000000E+00   0.0000000E+00
   1.2835748E-05   5.5607191E+06   5.5607191E+06   7.4130485E+06   3.2462065E+04   1.0160281E+05   5.5612053E+06   5.5607191E+06   5.4209313E+06   0.0000000E+00   0.0000000E+00   0.0000000E+00   0.0000000E+00
   1.3793395E-05   5.5607169E+06   5.5607169E+06   7.4128530E+06   3.2461595E+04   1.0160152E+05   5.5612028E+06   5.5607169E+06   5.4209288E+06   0.0000000E+00   0.0000000E+00   0.0000000E+00   0.0000000E+00
   1.4822490E-05   5.5607142E+06   5.5607142E+06   7.4126273E+06   3.2461052E+04   1.0160002E+05   5.5612000E+06   5.5607142E+06   5.4209260E+06   0.0000000E+00   0.0000000E+00   0.0000000E+00   0.0000000E+00
   1.5928364E-05   5.5607112E+06   5.5607112E+06   7.4123666E+06   3.2460425E+04   1.0159829E+05   5.5611966E+06   5.5607112E+06   5.4209227E+06   0.0000000E+00   0.0000000E+00   0.0000000E+00   0.0000000E+00
   1.7116744E-05   5.5607077E+06   5.5607077E+06   7.4120656E+06   3.2459701E+04   1.0159629E+05   5.5611928E+06   5.5607077E+06   5.4209190E+06   0.0000000E+00   0.0000000E+00   0.0000000E+00   0.0000000E+00
   1.8393788E-05   5.5607037E+06   5.5607037E+06   7.4117180E+06   3.2458866E+04   1.0159398E+05   5.5611883E+06   5.5607037E+06   5.4209146E+06   0.0000000E+00   0.0000000E+00   0.0000000E+00   0.0000000E+00
   1.9766108E-05   5.5606990E+06   5.5606990E+06   7.4113166E+06   3.2457901E+04   1.0159132E+05   5.5611832E+06   5.5606990E+06   5.4209096E+06   0.0000000E+00   0.0000000E+00   0.0000000E+00   0.0000000E+00
   2.1240814E-05   5.5606937E+06   5.5606937E+06   7.4108531E+06   3.2456786E+04   1.0158824E+05   5.5611772E+06   5.5606937E+06   5.4209038E+06   0.0000000E+00   0.0000000E+00   0.0000000E+00   0.0000000E+00
   2.2825546E-05   5.5606875E+06   5.5606875E+06   7.4103179E+06   3.2455499E+04   1.0158469E+05   5.5611704E+06   5.5606875E+06   5.4208971E+06   0.0000000E+00   0.0000000E+00   0.0000000E+00   0.0000000E+00
   2.4528510E-05   5.5606803E+06   5.5606803E+06   7.4096999E+06   3.2454013E+04   1.0158059E+05   5.5611625E+06   5.5606803E+06   5.4208893E+06   0.0000000E+00   0.0000000E+00   0.0000000E+00   0.0000000E+00
   2.6358529E-05   5.5606720E+06   5.5606720E+06   7.4089863E+06   3.2452297E+04   1.0157585E+05   5.5611533E+06   5.5606720E+06   5.4208804E+06   0.0000000E+00   0.0000000E+00   0.0000000E+00   0.0000000E+00
   2.8325081E-05   5.5606624E+06   5.5606624E+06   7.4081624E+06   3.2450316E+04   1.0157039E+05   5.5611428E+06   5.5606624E+06   5.4208701E+06   0.0000000E+00   0.0000000E+00   0.0000000E+00   0.0000000E+00
   3.0438354E-05   5.5606514E+06   5.5606514E+06   7.4072110E+06   3.2448028E+04   1.0156407E+05   5.5611306E+06   5.5606514E+06   5.4208582E+06   0.0000000E+00   0.0000000E+00   0.0000000E+00   0.0000000E+00
   3.2709294E-05   5.5606386E+06   5.5606386E+06   7.4061125E+06   3.2445386E+04   1.0155678E+05   5.5611165E+06   5.5606386E+06   5.4208444E+06   0.0000000E+00   0.0000000E+00   0.0000000E+00   0.0000000E+00
   3.5149663E-05   5.5606239E+06   5.5606239E+06   7.4048442E+06   3.2442336E+04   1.0154837E+05   5.5611003E+06   5.5606239E+06   5.4208285E+06   0.0000000E+00   0.0000000E+00   0.0000000E+00   0.0000000E+00
   3.7772103E-05   5.5606069E+06   5.5606069E+06   7.4033798E+06   3.2438814E+04   1.0153865E+05   5.5610815E+06   5.5606069E+06   5.4208102E+06   0.0000000E+00   0.0000000E+00   0.0000000E+00   0.0000000E+00
   4.0590198E-05   5.5605873E+06   5.5605873E+06   7.4016891E+06   3.2434747E+04   1.0152743E+05   5.5610599E+06   5.5605873E+06   5.4207890E+06   0.0000000E+00   0.0000000E+00   0.0000000E+00   0.0000000E+00
   4.3618544E-05   5.5605646E+06   5.5605646E+06   7.3997371E+06   3.2430052E+04   1.0151447E+05   5.5610348E+06   5.5605646E+06   5.4207646E+06   0.0000000E+00   0.0000000E+00   0.0000000E+00   0.0000000E+00
   4.6872829E-05   5.5605384E+06   5.5605384E+06   7.3974837E+06   3.2424631E+04   1.0149952E+05   5.5610060E+06   5.5605384E+06   5.4207363E+06   0.0000000E+00   0.0000000E+00   0.0000000E+00   0.0000000E+00
   5.0369909E-05   5.5605082E+06   5.5605082E+06   7.3948822E+06   3.2418372E+04   1.0148226E+05   5.5609726E+06   5.5605082E+06   5.4207037E+06   0.0000000E+00   0.0000000E+00   0.0000000E+00   0.0000000E+00
   5.4127898E-05   5.5604733E+06   5.5604733E+06   7.3918792E+06   3.2411146E+04   1.0146233E+05   5.5609341E+06   5.5604733E+06   5.4206661E+06   0.0000000E+00   0.0000000E+00   0.0000000E+00   0.0000000E+00
   5.8166263E-05   5.5604330E+06   5.5604330E+06   7.3884128E+06   3.2402805E+04   1.0143933E+05   5.5608896E+06   5.5604330E+06   5.4206226E+06   0.0000000E+00   0.0000000E+00   0.0000000E+00   0.0000000E+00
   6.2505922E-05   5.5603864E+06   5.5603864E+06   7.3844118E+06   3.2393175E+04   1.0141278E+05   5.5608383E+06   5.5603864E+06   5.4205724E+06   0.0000000E+00   0.0000000E+00   0.0000000E+00   0.0000000E+00
   6.7169353E-05   5.5603327E+06   5.5603327E+06   7.3797941E+06   3.2382059E+04   1.0138214E+05   5.5607790E+06   5.5603327E+06   5.4205145E+06   0.0000000E+00   0.0000000E+00   0.0000000E+00   0.0000000E+00
   7.2180713E-05   5.5602707E+06   5.5602707E+06   7.3744650E+06   3.2369229E+04   1.0134679E+05   5.5607105E+06   5.5602707E+06   5.4204476E+06   0.0000000E+00   0.0000000E+00   0.0000000E+00   0.0000000E+00
   7.7565959E-05   5.5601990E+06   5.5601990E+06   7.3683156E+06   3.2354420E+04   1.0130599E+05   5.5606315E+06   5.5601990E+06   5.4203703E+06   0.0000000E+00   0.0000000E+00   0.0000000E+00   0.0000000E+00
   8.3352987E-05   5.5601163E+06   5.5601163E+06   7.3612205E+06   3.2337329E+04   1.0125892E+05   5.5605403E+06   5.5601163E+06   5.4202811E+06   0.0000000E+00   0.0000000E+00   0.0000000E+00   0.0000000E+00
   8.9571772E-05   5.5600209E+06   5.5600209E+06   7.3530352E+06   3.2317606E+04   1.0120462E+05   5.5604349E+06   5.5600209E+06   5.4201782E+06   0.0000000E+00   0.0000000E+00   0.0000000E+00   0.0000000E+00
   9.6254527E-05   5.5599106E+06   5.5599106E+06   7.3435937E+06   3.2294848E+04   1.0114199E+05   5.5603133E+06   5.5599106E+06   5.4200593E+06   0.0000000E+00   0.0000000E+00   0.0000000E+00   0.0000000E+00
   1.0343587E-04   5.5597834E+06   5.5597834E+06   7.3327052E+06   3.2268592E+04   1.0106978E+05   5.5601730E+06   5.5597834E+06   5.4199221E+06   0.0000000E+00   0.0000000E+00   0.0000000E+00   0.0000000E+00
   1.1115299E-04   5.5596365E+06   5.5596365E+06   7.3201504E+06   3.2238303E+04   1.0098651E+05   5.5600110E+06   5.5596365E+06   5.4197637E+06   0.0000000E+00   0.0000000E+00   0.0000000E+00   0.0000000E+00
   1.1944588E-04   5.5594670E+06   5.5594670E+06   7.3056777E+06   3.2203370E+04   1.0089054E+05   5.5598239E+06   5.5594670E+06   5.4195809E+06   0.0000000E+00   0.0000000E+00   0.0000000E+00   0.0000000E+00
   1.2835748E-04   5.5592713E+06   5.5592713E+06   7.2889986E+06   3.2163085E+04   1.0077996E+05   5.5596081E+06   5.5592713E+06   5.4193700E+06   0.0000000E+00   0.0000000E+00   0.0000000E+00   0.0000000E+00
   1.3793395E-04   5.5590455E+06   5.5590455E+06   7.2697829E+06   3.2116641E+04   1.0065257E+05   5.5593590E+06   5.5590455E+06   5.4191265E+06   0.0000000E+00   0.0000000E+00   0.0000000E+00   0.0000000E+00
   1.4822490E-04   5.5587849E+06   5.5587849E+06   7.2476528E+06   3.2063109E+04   1.0050589E+05   5.5590716E+06   5.5587849E+06   5.4188455E+06   0.0000000E+00   0.0000000E+00   0.0000000E+00   0.0000000E+00
   1.5928364E-04   5.5584842E+06   5.5584842E+06   7.2221769E+06   3.2001424E+04   1.0033706E+05   5.5587399E+06   5.5584842E+06   5.4185214E+06   0.0000000E+00   0.0000000E+00   0.0000000E+00   0.0000000E+00
   1.7116744E-04   5.5581373E+06   5.5581373E+06   7.1928636E+06   3.1930370E+04   1.0014285E+05   5.5583573E+06   5.5581373E+06   5.4181474E+06   0.0000000E+00   0.0000000E+00   0.0000000E+00   0.0000000E+00
   1.8393788E-04   5.5577371E+06   5.5577371E+06   7.1591537E+06   3.1848554E+04   9.9919565E+04   5.5579160E+06   5.5577371E+06   5.4177161E+06   0.0000000E+00   0.0000000E+00   0.0000000E+00   0.0000000E+00
   1.9766108E-04   5.5572755E+06   5.5572755E+06   7.1204130E+06   3.1754390E+04   9.9663031E+04   5.5574071E+06   5.5572755E+06   5.4172186E+06   0.0000000E+00   0.0000000E+00   0.0000000E+00   0.0000000E+00
   2.1240814E-04   5.5567432E+06   5.5567432E+06   7.0759239E+06   3.1646068E+04   9.9368529E+04   5.5568202E+06   5.5567432E+06   5.4166450E+06   0.0000000E+00   0.0000000E+00   0.0000000E+00   0.0000000E+00
   2.2825546E-04   5.5561296E+06   5.5561296E+06   7.0248777E+06   3.1521535E+04   9.9030747E+04   5.5561437E+06   5.5561296E+06   5.4159838E+06   0.0000000E+00   0.0000000E+00   0.0000000E+00   0.0000000E+00
   2.4528510E-04   5.5554222E+06   5.5554222E+06   6.9663665E+06   3.1378464E+04   9.8643728E+04   5.5553641E+06   5.5554222E+06   5.4152218E+06   0.0000000E+00   0.0000000E+00   0.0000000E+00   0.0000000E+00
   2.6358529E-04   5.5546072E+06   5.5546072E+06   6.8993763E+06   3.1214225E+04   9.8200832E+04   5.5544659E+06   5.5546072E+06   5.4143439E+06   0.0000000E+00   0.0000000E+00   0.0000000E+00   0.0000000E+00
   2.8325081E-04   5.5536683E+06   5.5536683E+06   6.8227811E+06   3.1025860E+04   9.7694696E+04   5.5534314E+06   5.5536683E+06   5.4133329E+06   0.0000000E+00   0.0000000E+00   0.0000000E+00   0.0000000E+00
   3.0438354E-04   5.5525872E+06   5.5525872E+06   6.7353396E+06   3.0810055E+04   9.7117219E+04   5.5522405E+06   5.5525872E+06   5.4121690E+06   0.0000000E+00   0.0000000E+00   0.0000000E+00   0.0000000E+00
   3.2709294E-04   5.5513429E+06   5.5513429E+06   6.6356953E+06   3.0563115E+04   9.6459562E+04   5.5508701E+06   5.5513429E+06   5.4108297E+06   0.0000000E+00   0.0000000E+00   0.0000000E+00   0.0000000E+00
   3.5149663E-04   5.5499114E+06   5.5499114E+06   6.5223816E+06   3.0280949E+04   9.5712187E+04   5.5492940E+06   5.5499114E+06   5.4092895E+06   0.0000000E+00   0.0000000E+00   0.0000000E+00   0.0000000E+00
   3.7772103E-04   5.5482655E+06   5.5482655E+06   6.3938341E+06   2.9959061E+04   9.4864934E+04   5.5474825E+06   5.5482655E+06   5.4075193E+06   0.0000000E+00   0.0000000E+00   0.0000000E+00   0.0000000E+00
   4.0590198E-04   5.5463744E+06   5.5463744E+06   6.2484132E+06   2.9592552E+04   9.3907161E+04   5.5454019E+06   5.5463744E+06   5.4054862E+06   0.0000000E+00   0.0000000E+00   0.0000000E+00   0.0000000E+00
   4.3618544E-04   5.5442031E+06   5.5442031E+06   6.0844387E+06   2.9176151E+04   9.2827953E+04   5.5430142E+06   5.5442031E+06   5.4031532E+06   0.0000000E+00   0.0000000E+00   0.0000000E+00   0.0000000E+00
   4.6872829E-04   5.5417122E+06   5.5417122E+06   5.9002417E+06   2.8704261E+04   9.1616427E+04   5.5402764E+06   5.5417122E+06   5.4004783E+06   0.0000000E+00   0.0000000E+00   0.0000000E+00   0.0000000E+00
   5.0369909E-04   5.5388576E+06   5.5388576E+06   5.6942370E+06   2.8171048E+04   9.0262140E+04   5.5371407E+06   5.5388576E+06   5.3974148E+06   0.0000000E+00   0.0000000E+00   0.0000000E+00   0.0000000E+00
   5.4127898E-04   5.5355896E+06   5.5355896E+06   5.4650212E+06   2.7570578E+04   8.8755622E+04   5.5335536E+06   5.5355896E+06   5.3939105E+06   0.0000000E+00   0.0000000E+00   0.0000000E+00   0.0000000E+00
   5.8166263E-04   5.5318532E+06   5.5318532E+06   5.2115003E+06   2.6897003E+04   8.7089037E+04   5.5294555E+06   5.5318532E+06   5.3899074E+06   0.0000000E+00   0.0000000E+00   0.0000000E+00   0.0000000E+00
   6.2505922E-04   5.5275873E+06   5.5275873E+06   4.9330505E+06   2.6144830E+04   8.5256954E+04   5.5247810E+06   5.5275873E+06   5.3853418E+06   0.0000000E+00   0.0000000E+00   0.0000000E+00   0.0000000E+00
   6.7169353E-04   5.5227246E+06   5.5227246E+06   4.6297139E+06   2.5309262E+04   8.3257211E+04   5.5194584E+06   5.5227246E+06   5.3801438E+06   0.0000000E+00   0.0000000E+00   0.0000000E+00   0.0000000E+00
   7.2180713E-04   5.5171915E+06   5.5171915E+06   4.3024264E+06   2.4386642E+04   8.1091793E+04   5.5134097E+06   5.5171915E+06   5.3742375E+06   0.0000000E+00   0.0000000E+00   0.0000000E+00   0.0000000E+00
   7.7565959E-04   5.5109084E+06   5.5109084E+06   3.9532685E+06   2.3374983E+04   7.8767600E+04   5.5065511E+06   5.5109084E+06   5.3675413E+06   0.0000000E+00   0.0000000E+00   0.0000000E+00   0.0000000E+00
   8.3352987E-04   5.5037895E+06   5.5037895E+06   3.5857223E+06   2.2274601E+04   7.6296934E+04   5.4987932E+06   5.5037895E+06   5.3599684E+06   0.0000000E+00   0.0000000E+00   0.0000000E+00   0.0000000E+00
   8.9571772E-04   5.4957434E+06   5.4957434E+06   3.2049016E+06   2.1088804E+04   7.3697443E+04   5.4900419E+06   5.4957434E+06   5.3514275E+06   0.0000000E+00   0.0000000E+00   0.0000000E+00   0.0000000E+00
   9.6254527E-04   5.4866740E+06   5.4866740E+06   2.8177085E+06   1.9824608E+04   7.0991232E+04   5.4801997E+06   5.4866740E+06   5.3418239E+06   0.0000000E+00   0.0000000E+00   0.0000000E+00   0.0000000E+00
   1.0343587E-03   5.4764809E+06   5.4764809E+06   2.4328498E+06   1.8493389E+04   6.8202786E+04   5.4691666E+06   5.4764809E+06   5.3310608E+06   0.0000000E+00   0.0000000E+00   0.0000000E+00   0.0000000E+00
   1.1115299E-03   5.4650607E+06   5.4650607E+06   2.0606288E+06   1.7111349E+04   6.5355491E+04   5.4568418E+06   5.4650607E+06   5.3190406E+06   0.0000000E+00   0.0000000E+00   0.0000000E+00   0.0000000E+00
   1.1944588E-03   5.4523079E+06   5.4523079E+06   1.7124216E+06   1.5699643E+04   6.2466735E+04   5.4431252E+06   5.4523079E+06   5.3056666E+06   0.0000000E+00   0.0000000E+00   0.0000000E+00   0.0000000E+00
   1.2835748E-03   5.4381158E+06   5.4381158E+06   1.3997556E+06   1.4283954E+04   5.9542073E+04   5.4279187E+06   5.4381158E+06   5.2908441E+06   0.0000000E+00   0.0000000E+00   0.0000000E+00   0.0000000E+00
   1.3793395E-03   5.4223767E+06   5.4223767E+06   1.1329582E+06   1.2893332E+04   5.6569751E+04   5.4111271E+06   5.4223767E+06   5.2744814E+06   0.0000000E+00   0.0000000E+00   0.0000000E+00   0.0000000E+00
   1.4822490E-03   5.4049825E+06   5.4049825E+06   9.1944036E+05   1.1558123E+04   5.3517860E+04   5.3926578E+06   5.4049825E+06   5.2564891E+06   0.0000000E+00   0.0000000E+00   0.0000000E+00   0.0000000E+00
   1.5928364E-03   5.3858232E+06   5.3858232E+06   7.6184293E+05   1.0306995E+04   5.0337454E+04   5.3724201E+06   5.3858232E+06   5.2367796E+06   0.0000000E+00   0.0000000E+00   0.0000000E+00   0.0000000E+00
   1.7116744E-03   5.3647855E+06   5.3647855E+06   6.5648913E+05   9.1632673E+03   4.6975192E+04   5.3503219E+06   5.3647855E+06   5.2152637E+06   0.0000000E+00   0.0000000E+00   0.0000000E+00   0.0000000E+00
   1.8393788E-03   5.3417511E+06   5.3417511E+06   5.9279329E+05   8.1411622E+03   4.3397642E+04   5.3262671E+06   5.3417511E+06   5.1918478E+06   0.0000000E+00   0.0000000E+00   0.0000000E+00   0.0000000E+00
   1.9766108E-03   5.3165944E+06   5.3165944E+06   5.5436276E+05   7.2429568E+03   3.9624824E+04   5.3001502E+06   5.3165944E+06   5.1664287E+06   0.0000000E+00   0.0000000E+00   0.0000000E+00   0.0000000E+00
   2.1240814E-03   5.2891818E+06   5.2891818E+06   5.2230089E+05   6.4582993E+03   3.5762436E+04   5.2718540E+06   5.2891818E+06   5.1388909E+06   0.0000000E+00   0.0000000E+00   0.0000000E+00   0.0000000E+00
   2.2825546E-03   5.2593731E+06   5.2593731E+06   4.8049240E+05   5.7668083E+03   3.2012276E+04   5.2412474E+06   5.2593731E+06   5.1091051E+06   0.0000000E+00   0.0000000E+00   0.0000000E+00   0.0000000E+00
   2.4528510E-03   5.2270254E+06   5.2270254E+06   4.2140794E+05   5.1442069E+03   2.8635400E+04   5.2081875E+06   5.2270254E+06   5.0769301E+06   0.0000000E+00   0.0000000E+00   0.0000000E+00   0.0000000E+00
   2.6358529E-03   5.1919989E+06   5.1919989E+06   3.4962034E+05   4.5705778E+03   2.5853962E+04   5.1725256E+06   5.1919989E+06   5.0422188E+06   0.0000000E+00   0.0000000E+00   0.0000000E+00   0.0000000E+00
   2.8325081E-03   5.1541623E+06   5.1541623E+06   2.7983706E+05   4.0373346E+03   2.3716371E+04   5.1341143E+06   5.1541623E+06   5.0048257E+06   0.0000000E+00   0.0000000E+00   0.0000000E+00   0.0000000E+00
   3.0438354E-03   5.1133943E+06   5.1133943E+06   2.2823281E+05   3.5485608E+03   2.2009230E+04   5.0928131E+06   5.1133943E+06   4.9646128E+06   0.0000000E+00   0.0000000E+00   0.0000000E+00   0.0000000E+00
   3.2709294E-03   5.0695782E+06   5.0695782E+06   2.0070834E+05   3.1142861E+03   2.0332431E+04   5.0484899E+06   5.0695782E+06   4.9214504E+06   0.0000000E+00   0.0000000E+00   0.0000000E+00   0.0000000E+00
   3.5149663E-03   5.0225924E+06   5.0225924E+06   1.8691756E+05   2.7387431E+03   1.8379772E+04   5.0010163E+06   5.0225924E+06   4.8752130E+06   0.0000000E+00   0.0000000E+00   0.0000000E+00   0.0000000E+00
   3.7772103E-03   4.9723033E+06   4.9723033E+06   1.6829600E+05   2.4127270E+03   1.6251014E+04   4.9502625E+06   4.9723033E+06   4.8257740E+06   0.0000000E+00   0.0000000E+00   0.0000000E+00   0.0000000E+00
   4.0590198E-03   4.9185694E+06   4.9185694E+06   1.3669281E+05   2.1188869E+03   1.4424054E+04   4.8960988E+06   4.9185694E+06   4.7730069E+06   0.0000000E+00   0.0000000E+00   0.0000000E+00   0.0000000E+00
   4.3618544E-03   4.8612563E+06   4.8612563E+06   1.0421837E+05   1.8471057E+03   1.3215069E+04   4.8384049E+06   4.8612563E+06   4.7167944E+06   0.0000000E+00   0.0000000E+00   0.0000000E+00   0.0000000E+00
   4.6872829E-03   4.8002486E+06   4.8002486E+06   8.7267635E+04   1.6024545E+03   1.2272981E+04   4.7770765E+06   4.8002486E+06   4.6570349E+06   0.0000000E+00   0.0000000E+00   0.0000000E+00   0.0000000E+00
   5.0369909E-03   4.7354435E+06   4.7354435E+06   8.1388053E+04   1.3926797E+03   1.1014173E+04   4.7120171E+06   4.7354435E+06   4.5936346E+06   0.0000000E+00   0.0000000E+00   0.0000000E+00   0.0000000E+00
   5.4127898E-03   4.6667382E+06   4.6667382E+06   6.8499954E+04   1.2117214E+03   9.6399462E+03   4.6431248E+06   4.6667382E+06   4.5264945E+06   0.0000000E+00   0.0000000E+00   0.0000000E+00   0.0000000E+00
   5.8166263E-03   4.5940288E+06   4.5940288E+06   5.1028610E+04   1.0480224E+03   8.8158578E+03   4.5702896E+06   4.5940288E+06   4.4555075E+06   0.0000000E+00   0.0000000E+00   0.0000000E+00   0.0000000E+00
   6.2505922E-03   4.5172201E+06   4.5172201E+06   4.5412424E+04   9.0333250E+02   8.1745734E+03   4.4934036E+06   4.5172201E+06   4.3805687E+06   0.0000000E+00   0.0000000E+00   0.0000000E+00   0.0000000E+00
   6.7169353E-03   4.4362205E+06   4.4362205E+06   4.2559840E+04   7.8126535E+02   7.0761243E+03   4.4123716E+06   4.4362205E+06   4.3015856E+06   0.0000000E+00   0.0000000E+00   0.0000000E+00   0.0000000E+00
   7.2180713E-03   4.3509371E+06   4.3509371E+06   3.2261677E+04   6.7238511E+02   6.2855033E+03   4.3271193E+06   4.3509371E+06   4.2184859E+06   0.0000000E+00   0.0000000E+00   0.0000000E+00   0.0000000E+00
   7.7565959E-03   4.2612914E+06   4.2612914E+06   2.9582114E+04   5.7546819E+02   5.7813681E+03   4.2375889E+06   4.2612914E+06   4.1312137E+06   0.0000000E+00   0.0000000E+00   0.0000000E+00   0.0000000E+00
   8.3352987E-03   4.1672114E+06   4.1672114E+06   2.6104845E+04   4.9471546E+02   4.8819406E+03   4.1436920E+06   4.1672114E+06   4.0396828E+06   0.0000000E+00   0.0000000E+00   0.0000000E+00   0.0000000E+00
   8.9571772E-03   4.0686163E+06   4.0686163E+06   2.0064720E+04   4.2274093E+02   4.4522453E+03   4.0453221E+06   4.0686163E+06   3.9437897E+06   0.0000000E+00   0.0000000E+00   0.0000000E+00   0.0000000E+00
   9.6254527E-03   3.9654360E+06   3.9654360E+06   1.8879474E+04   3.6059257E+02   3.8029543E+03   3.9424311E+06   3.9654360E+06   3.8434876E+06   0.0000000E+00   0.0000000E+00   0.0000000E+00   0.0000000E+00
   1.0343587E-02   3.8576028E+06   3.8576028E+06   1.3713892E+04   3.0649890E+02   3.4352169E+03   3.8349622E+06   3.8576028E+06   3.7387214E+06   0.0000000E+00   0.0000000E+00   0.0000000E+00   0.0000000E+00
   1.1115299E-02   3.7450547E+06   3.7450547E+06   1.2917935E+04   2.6039603E+02   2.9301971E+03   3.7228285E+06   3.7450547E+06   3.6294064E+06   0.0000000E+00   0.0000000E+00   0.0000000E+00   0.0000000E+00
   1.1944588E-02   3.6277409E+06   3.6277409E+06   9.9531834E+03   2.1985371E+02   2.6818775E+03   3.6059927E+06   3.6277409E+06   3.5155065E+06   0.0000000E+00   0.0000000E+00   0.0000000E+00   0.0000000E+00
   1.2835748E-02   3.5056264E+06   3.5056264E+06   8.5770779E+03   1.8581531E+02   2.2154882E+03   3.4844178E+06   3.5056264E+06   3.3969856E+06   0.0000000E+00   0.0000000E+00   0.0000000E+00   0.0000000E+00
   1.3793395E-02   3.3786986E+06   3.3786986E+06   7.7908475E+03   1.5614499E+02   1.9663139E+03   3.3580814E+06   3.3786986E+06   3.2738221E+06   0.0000000E+00   0.0000000E+00   0.0000000E+00   0.0000000E+00
   1.4822490E-02   3.2469833E+06   3.2469833E+06   5.8535398E+03   1.3081677E+02   1.7257284E+03   3.2270178E+06   3.2469833E+06   3.1460494E+06   0.0000000E+00   0.0000000E+00   0.0000000E+00   0.0000000E+00
   1.5928364E-02   3.1105593E+06   3.1105593E+06   4.6637986E+03   1.0938383E+02   1.4339130E+03   3.0912973E+06   3.1105593E+06   3.0137361E+06   0.0000000E+00   0.0000000E+00   0.0000000E+00   0.0000000E+00
   1.7116744E-02   2.9695807E+06   2.9695807E+06   4.0842817E+03   9.0989453E+01   1.2092756E+03   2.9510740E+06   2.9695807E+06   2.8770326E+06   0.0000000E+00   0.0000000E+00   0.0000000E+00   0.0000000E+00
   1.8393787E-02   2.8243056E+06   2.8243056E+06   3.5199670E+03   7.5418314E+01   1.0273600E+03   2.8066006E+06   2.8243056E+06   2.7361854E+06   0.0000000E+00   0.0000000E+00   0.0000000E+00   0.0000000E+00
   1.9766108E-02   2.6751287E+06   2.6751287E+06   2.8966533E+03   6.2226989E+01   8.7044775E+02   2.6582716E+06   2.6751287E+06   2.5915789E+06   0.0000000E+00   0.0000000E+00   0.0000000E+00   0.0000000E+00
   2.1240810E-02   2.5226220E+06   2.5226220E+06   2.3249012E+03   5.1087799E+01   7.3281510E+02   2.5066495E+06   2.5226220E+06   2.4437617E+06   0.0000000E+00   0.0000000E+00   0.0000000E+00   0.0000000E+00
   2.2825521E-02   2.3675781E+06   2.3675781E+06   1.8416932E+03   4.1757339E+01   6.1257669E+02   2.3525225E+06   2.3675781E+06   2.2935022E+06   0.0000000E+00   0.0000000E+00   0.0000000E+00   0.0000000E+00
   2.4528384E-02   2.2110564E+06   2.2110564E+06   1.4558959E+03   3.3945553E+01   5.1650538E+02   2.1969418E+06   2.2110564E+06   2.1418253E+06   0.0000000E+00   0.0000000E+00   0.0000000E+00   0.0000000E+00
   2.6357968E-02   2.0544321E+06   2.0544321E+06   1.2049218E+03   2.7450534E+01   4.3042251E+02   2.0412717E+06   2.0544321E+06   1.9900611E+06   0.0000000E+00   0.0000000E+00   0.0000000E+00   0.0000000E+00
   2.8322895E-02   1.8994453E+06   1.8994453E+06   9.4899907E+02   2.2089295E+01   3.4935027E+02   1.8872395E+06   1.8994453E+06   1.8398936E+06   0.0000000E+00   0.0000000E+00   0.0000000E+00   0.0000000E+00
   3.0430835E-02   1.7482485E+06   1.7482485E+06   7.8396018E+02   1.7695449E+01   2.8588855E+02   1.7369826E+06   1.7482485E+06   1.6934065E+06   0.0000000E+00   0.0000000E+00   0.0000000E+00   0.0000000E+00
   3.2686330E-02   1.6034335E+06   1.6034335E+06   5.8520780E+02   1.4126647E+01   2.3440737E+02   1.5930750E+06   1.6034335E+06   1.5531094E+06   0.0000000E+00   0.0000000E+00   0.0000000E+00   0.0000000E+00
   3.5087031E-02   1.4679742E+06   1.4679742E+06   4.8257620E+02   1.1266940E+01   1.8092541E+02   1.4584698E+06   1.4679742E+06   1.4218812E+06   0.0000000E+00   0.0000000E+00   0.0000000E+00   0.0000000E+00
   3.7619002E-02   1.3449658E+06   1.3449658E+06   4.0893478E+02   9.0047258E+00   1.5146889E+02   1.3362408E+06   1.3449658E+06   1.3027188E+06   0.0000000E+00   0.0000000E+00   0.0000000E+00   0.0000000E+00
   4.0253900E-02   1.2370604E+06   1.2370604E+06   3.2098507E+02   7.2451691E+00   1.3022030E+02   1.2290218E+06   1.2370604E+06   1.1981896E+06   0.0000000E+00   0.0000000E+00   0.0000000E+00   0.0000000E+00
   4.2952213E-02   1.1457188E+06   1.1457188E+06   2.4771708E+02   5.8965464E+00   1.0913940E+02   1.1382628E+06   1.1457188E+06   1.1097076E+06   0.0000000E+00   0.0000000E+00   0.0000000E+00   0.0000000E+00
   4.5673324E-02   1.0707097E+06   1.0707097E+06   1.9585886E+02   4.8703089E+00   9.0005705E+01   1.0637331E+06   1.0707097E+06   1.0370477E+06   0.0000000E+00   0.0000000E+00   0.0000000E+00   0.0000000E+00
   4.8386479E-02   1.0102430E+06   1.0102430E+06   1.6210376E+02   4.0880139E+00   7.3650756E+01   1.0036535E+06   1.0102430E+06   9.7847529E+05   0.0000000E+00   0.0000000E+00   0.0000000E+00   0.0000000E+00
   5.1075647E-02   9.6160750E+05   9.6160750E+05   1.4209666E+02   3.4849776E+00   6.0719452E+01   9.5532952E+05   9.6160750E+05   9.3136366E+05   0.0000000E+00   0.0000000E+00   0.0000000E+00   0.0000000E+00
   5.3737613E-02   9.2185493E+05   9.2185493E+05   1.2961436E+02   3.0107058E+00   5.2195653E+01   9.1583181E+05   9.2185493E+05   8.9285685E+05   0.0000000E+00   0.0000000E+00   0.0000000E+00   0.0000000E+00
   5.6377322E-02   8.8823927E+05   8.8823927E+05   1.1822778E+02   2.6289444E+00   4.7368321E+01   8.8243183E+05   8.8823927E+05   8.6029479E+05   0.0000000E+00   0.0000000E+00   0.0000000E+00   0.0000000E+00
   5.9003740E-02   8.5840630E+05   8.5840630E+05   1.0448553E+02   2.3138323E+00   4.4655388E+01   8.5279058E+05   8.5840630E+05   8.3139715E+05   0.0000000E+00   0.0000000E+00   0.0000000E+00   0.0000000E+00
   6.1627228E-02   8.3043896E+05   8.3043896E+05   8.9176360E+01   2.0480460E+00   4.1330763E+01   8.2500335E+05   8.3043896E+05   8.0430702E+05   0.0000000E+00   0.0000000E+00   0.0000000E+00   0.0000000E+00
   6.4258160E-02   8.0284534E+05   8.0284534E+05   7.5315267E+01   1.8189411E+00   3.6692334E+01   7.9758789E+05   8.0284534E+05   7.7757933E+05   0.0000000E+00   0.0000000E+00   0.0000000E+00   0.0000000E+00
   6.6906330E-02   7.7453347E+05   7.7453347E+05   6.5688515E+01   1.6180025E+00   3.1038494E+01   7.6945930E+05   7.7453347E+05   7.5015640E+05   0.0000000E+00   0.0000000E+00   0.0000000E+00   0.0000000E+00
   6.9580760E-02   7.4478811E+05   7.4478811E+05   5.9947315E+01   1.4389848E+00   2.6231658E+01   7.3990695E+05   7.4478811E+05   7.2134542E+05   0.0000000E+00   0.0000000E+00   0.0000000E+00   0.0000000E+00
   7.2289701E-02   7.1325094E+05   7.1325094E+05   5.5385055E+01   1.2778802E+00   2.3032715E+01   7.0857483E+05   7.1325094E+05   6.9079932E+05   0.0000000E+00   0.0000000E+00   0.0000000E+00   0.0000000E+00
   7.5040722E-02   6.7990014E+05   6.7990014E+05   5.0075210E+01   1.1321500E+00   2.0940904E+01   6.7544126E+05   6.7990014E+05   6.5849696E+05   0.0000000E+00   0.0000000E+00   0.0000000E+00   0.0000000E+00
   7.7840808E-02   6.4502388E+05   6.4502388E+05   4.4013928E+01   1.0003332E+00   1.9074238E+01   6.4079249E+05   6.4502388E+05   6.2471741E+05   0.0000000E+00   0.0000000E+00   0.0000000E+00   0.0000000E+00
   8.0696475E-02   6.0918246E+05   6.0918246E+05   3.7958830E+01   8.8152299E-01   1.7053038E+01   6.0518512E+05   6.0918246E+05   5.9000330E+05   0.0000000E+00   0.0000000E+00   0.0000000E+00   0.0000000E+00
   8.3613860E-02   5.7315511E+05   5.7315511E+05   3.2537282E+01   7.7490345E-01   1.5349826E+01   5.6939324E+05   5.7315511E+05   5.5510931E+05   0.0000000E+00   0.0000000E+00   0.0000000E+00   0.0000000E+00
   8.6598805E-02   5.3786928E+05   5.3786928E+05   2.8260704E+01   6.8006984E-01   1.4018474E+01   5.3433818E+05   5.3786928E+05   5.2093366E+05   0.0000000E+00   0.0000000E+00   0.0000000E+00   0.0000000E+00
   8.9656929E-02   5.0431265E+05   5.0431265E+05   2.5474992E+01   5.9673691E-01   1.2673807E+01   5.0100116E+05   5.0431265E+05   4.8843294E+05   0.0000000E+00   0.0000000E+00   0.0000000E+00   0.0000000E+00
   9.2793684E-02   4.7343144E+05   4.7343144E+05   2.3349395E+01   5.2434663E-01   1.0628922E+01   4.7032209E+05   4.7343144E+05   4.5852350E+05   0.0000000E+00   0.0000000E+00   0.0000000E+00   0.0000000E+00
   9.6014399E-02   4.4602159E+05   4.4602159E+05   1.9763284E+01   4.6224106E-01   8.4071446E+00   4.4309172E+05   4.4602159E+05   4.3197623E+05   0.0000000E+00   0.0000000E+00   0.0000000E+00   0.0000000E+00
   9.9324325E-02   4.2262335E+05   4.2262335E+05   1.6234124E+01   4.0955528E-01   8.3422266E+00   4.1984669E+05   4.2262335E+05   4.0931434E+05   0.0000000E+00   0.0000000E+00   0.0000000E+00   0.0000000E+00
   1.0272866E-01   4.0343250E+05   4.0343250E+05   1.6212335E+01   3.6522720E-01   7.7870708E+00   4.0078150E+05   4.0343250E+05   3.9072742E+05   0.0000000E+00   0.0000000E+00   0.0000000E+00   0.0000000E+00
   1.0623258E-01   3.8824338E+05   3.8824338E+05   1.3374899E+01   3.2811732E-01   5.9844529E+00   3.8569179E+05   3.8824338E+05   3.7601626E+05   0.0000000E+00   0.0000000E+00   0.0000000E+00   0.0000000E+00
   1.0984126E-01   3.7643839E+05   3.7643839E+05   1.3075244E+01   2.9670098E-01   6.5414947E+00   3.7396404E+05   3.7643839E+05   3.6458272E+05   0.0000000E+00   0.0000000E+00   0.0000000E+00   0.0000000E+00
   1.1355987E-01   3.6703567E+05   3.6703567E+05   1.0838767E+01   2.6976769E-01   5.3481816E+00   3.6462280E+05   3.6703567E+05   3.5547581E+05   0.0000000E+00   0.0000000E+00   0.0000000E+00   0.0000000E+00
   1.1739364E-01   3.5879948E+05   3.5879948E+05   1.0872106E+01   2.4596269E-01   4.6719004E+00   3.5644045E+05   3.5879948E+05   3.4749873E+05   0.0000000E+00   0.0000000E+00   0.0000000E+00   0.0000000E+00
   1.2134779E-01   3.5040792E+05   3.5040792E+05   9.9862901E+00   2.2417130E-01   4.9453678E+00   3.4810380E+05   3.5040792E+05   3.3937122E+05   0.0000000E+00   0.0000000E+00   0.0000000E+00   0.0000000E+00
   1.2542763E-01   3.4065971E+05   3.4065971E+05   8.7870740E+00   2.0362945E-01   4.6664102E+00   3.3841945E+05   3.4065971E+05   3.2992981E+05   0.0000000E+00   0.0000000E+00   0.0000000E+00   0.0000000E+00
   1.2963849E-01   3.2868840E+05   3.2868840E+05   7.8769542E+00   1.8384023E-01   4.1197349E+00   3.2652663E+05   3.2868840E+05   3.1833533E+05   0.0000000E+00   0.0000000E+00   0.0000000E+00   0.0000000E+00
   1.3398578E-01   3.1414201E+05   3.1414201E+05   7.1153072E+00   1.6463679E-01   3.5868485E+00   3.1207571E+05   3.1414201E+05   3.0424694E+05   0.0000000E+00   0.0000000E+00   0.0000000E+00   0.0000000E+00
   1.3847496E-01   2.9728249E+05   2.9728249E+05   6.2306829E+00   1.4619354E-01   2.9799168E+00   2.9532691E+05   2.9728249E+05   2.8791830E+05   0.0000000E+00   0.0000000E+00   0.0000000E+00   0.0000000E+00
   1.4311155E-01   2.7896591E+05   2.7896591E+05   5.3291812E+00   1.2884076E-01   2.8207087E+00   2.7713066E+05   2.7896591E+05   2.7017852E+05   0.0000000E+00   0.0000000E+00   0.0000000E+00   0.0000000E+00
   1.4790116E-01   2.6048462E+05   2.6048462E+05   4.9726678E+00   1.1303842E-01   2.4965569E+00   2.5877081E+05   2.6048462E+05   2.5227926E+05   0.0000000E+00   0.0000000E+00   0.0000000E+00   0.0000000E+00
   1.5284947E-01   2.4328448E+05   2.4328448E+05   4.0880929E+00   9.9156688E-02   1.8835456E+00   2.4168372E+05   2.4328448E+05   2.3562081E+05   0.0000000E+00   0.0000000E+00   0.0000000E+00   0.0000000E+00
   1.5796225E-01   2.2860910E+05   2.2860910E+05   3.8328471E+00   8.7388169E-02   1.9461755E+00   2.2710479E+05   2.2860910E+05   2.2140761E+05   0.0000000E+00   0.0000000E+00   0.0000000E+00   0.0000000E+00
   1.6324536E-01   2.1715798E+05   2.1715798E+05   3.1808142E+00   7.7719364E-02   1.7764772E+00   2.1572893E+05   2.1715798E+05   2.1031712E+05   0.0000000E+00   0.0000000E+00   0.0000000E+00   0.0000000E+00
   1.6870476E-01   2.0886296E+05   2.0886296E+05   2.8460769E+00   6.9856793E-02   1.4237089E+00   2.0748841E+05   2.0886296E+05   2.0228333E+05   0.0000000E+00   0.0000000E+00   0.0000000E+00   0.0000000E+00
   1.7434653E-01   2.0287351E+05   2.0287351E+05   2.6116355E+00   6.3335178E-02   1.2537593E+00   2.0153829E+05   2.0287351E+05   1.9648248E+05   0.0000000E+00   0.0000000E+00   0.0000000E+00   0.0000000E+00
   1.8017689E-01   1.9779059E+05   1.9779059E+05   2.3710932E+00   5.7631196E-02   1.2109832E+00   1.9648875E+05   1.9779059E+05   1.9155961E+05   0.0000000E+00   0.0000000E+00   0.0000000E+00   0.0000000E+00
   1.8620220E-01   1.9210707E+05   1.9210707E+05   2.2293685E+00   5.2295690E-02   1.1771733E+00   1.9084257E+05   1.9210707E+05   1.8605507E+05   0.0000000E+00   0.0000000E+00   0.0000000E+00   0.0000000E+00
   1.9242900E-01   1.8472416E+05   1.8472416E+05   2.0000127E+00   4.7057800E-02   1.0099975E+00   1.8350820E+05   1.8472416E+05   1.7890469E+05   0.0000000E+00   0.0000000E+00   0.0000000E+00   0.0000000E+00
   1.9886403E-01   1.7535472E+05   1.7535472E+05   1.8266296E+00   4.1879037E-02   9.0614886E-01   1.7420038E+05   1.7535472E+05   1.6983037E+05   0.0000000E+00   0.0000000E+00   0.0000000E+00   0.0000000E+00
   2.0551426E-01   1.6463341E+05   1.6463341E+05   1.5344483E+00   3.6908860E-02   8.4952615E-01   1.6354960E+05   1.6463341E+05   1.5944677E+05   0.0000000E+00   0.0000000E+00   0.0000000E+00   0.0000000E+00
   2.1238695E-01   1.5384861E+05   1.5384861E+05   1.3420885E+00   3.2386777E-02   6.6512303E-01   1.5283575E+05   1.5384861E+05   1.4900170E+05   0.0000000E+00   0.0000000E+00   0.0000000E+00   0.0000000E+00
   2.1948965E-01   1.4437212E+05   1.4437212E+05   1.1850280E+00   2.8508947E-02   5.7080006E-01   1.4342162E+05   1.4437212E+05   1.3982373E+05   0.0000000E+00   0.0000000E+00   0.0000000E+00   0.0000000E+00
   2.2683030E-01   1.3702443E+05   1.3702443E+05   1.0448677E+00   2.5333449E-02   5.4284501E-01   1.3612227E+05   1.3702443E+05   1.3270749E+05   0.0000000E+00   0.0000000E+00   0.0000000E+00   0.0000000E+00
   2.3441724E-01   1.3168718E+05   1.3168718E+05   9.7806182E-01   2.2753834E-02   5.2884874E-01   1.3082013E+05   1.3168718E+05   1.2753836E+05   0.0000000E+00   0.0000000E+00   0.0000000E+00   0.0000000E+00
   2.4225932E-01   1.2739023E+05   1.2739023E+05   8.6831292E-01   2.0560998E-02   4.4321296E-01   1.2655145E+05   1.2739023E+05   1.2337677E+05   0.0000000E+00   0.0000000E+00   0.0000000E+00   0.0000000E+00
   2.5036595E-01   1.2286478E+05   1.2286478E+05   7.8298579E-01   1.8537611E-02   3.9813471E-01   1.2205576E+05   1.2286478E+05   1.1899386E+05   0.0000000E+00   0.0000000E+00   0.0000000E+00   0.0000000E+00
   2.5874721E-01   1.1727325E+05   1.1727325E+05   7.0243189E-01   1.6567609E-02   3.3698509E-01   1.1650104E+05   1.1727325E+05   1.1357848E+05   0.0000000E+00   0.0000000E+00   0.0000000E+00   0.0000000E+00
   2.6741394E-01   1.1067812E+05   1.1067812E+05   6.1874656E-01   1.4660666E-02   3.0425942E-01   1.0994931E+05   1.1067812E+05   1.0719111E+05   0.0000000E+00   0.0000000E+00   0.0000000E+00   0.0000000E+00
   2.7637783E-01   1.0393099E+05   1.0393099E+05   5.4087557E-01   1.2912151E-02   2.9520957E-01   1.0324659E+05   1.0393099E+05   1.0065654E+05   0.0000000E+00   0.0000000E+00   0.0000000E+00   0.0000000E+00
   2.8565161E-01   9.8032040E+04   9.8032040E+04   4.8942676E-01   1.1411410E-02   2.4145298E-01   9.7386475E+04   9.8032040E+04   9.4943429E+04   0.0000000E+00   0.0000000E+00   0.0000000E+00   0.0000000E+00
   2.9524917E-01   9.3402501E+04   9.3402501E+04   4.3374165E-01   1.0170226E-02   2.2595058E-01   9.2787409E+04   9.3402501E+04   9.0459735E+04   0.0000000E+00   0.0000000E+00   0.0000000E+00   0.0000000E+00
   3.0518574E-01   8.9620195E+04   8.9620195E+04   3.8774077E-01   9.1201950E-03   1.9829019E-01   8.9029998E+04   8.9620195E+04   8.6796583E+04   0.0000000E+00   0.0000000E+00   0.0000000E+00   0.0000000E+00
   3.1547811E-01   8.5836476E+04   8.5836476E+04   3.4420633E-01   8.1669873E-03   1.7284170E-01   8.5271186E+04   8.5836476E+04   8.3132066E+04   0.0000000E+00   0.0000000E+00   0.0000000E+00   0.0000000E+00
   3.2614487E-01   8.1525622E+04   8.1525622E+04   3.1021410E-01   7.2605343E-03   1.6039483E-01   8.0988713E+04   8.1525622E+04   7.8957023E+04   0.0000000E+00   0.0000000E+00   0.0000000E+00   0.0000000E+00
   3.3720671E-01   7.6897090E+04   7.6897090E+04   2.7046878E-01   6.4132008E-03   1.4018146E-01   7.6390654E+04   7.6897090E+04   7.4474311E+04   0.0000000E+00   0.0000000E+00   0.0000000E+00   0.0000000E+00
   3.4868680E-01   7.2588330E+04   7.2588330E+04   2.4024691E-01   5.6653791E-03   1.2612940E-01   7.2110263E+04   7.2588330E+04   7.0301299E+04   0.0000000E+00   0.0000000E+00   0.0000000E+00   0.0000000E+00
   3.6061113E-01   6.8962954E+04   6.8962954E+04   2.1293022E-01   5.0306111E-03   1.1052068E-01   6.8508756E+04   6.8962954E+04   6.6790139E+04   0.0000000E+00   0.0000000E+00   0.0000000E+00   0.0000000E+00
   3.7300910E-01   6.5766914E+04   6.5766914E+04   1.9128307E-01   4.4806332E-03   9.7127621E-02   6.5333760E+04   6.5766914E+04   6.3694792E+04   0.0000000E+00   0.0000000E+00   0.0000000E+00   0.0000000E+00
   3.8591409E-01   6.2507520E+04   6.2507520E+04   1.6965604E-01   3.9774374E-03   8.8699079E-02   6.2095828E+04   6.2507520E+04   6.0538087E+04   0.0000000E+00   0.0000000E+00   0.0000000E+00   0.0000000E+00
   3.9936422E-01   5.9064993E+04   5.9064993E+04   1.4875785E-01   3.5108360E-03   8.1714597E-02   5.8675970E+04   5.9064993E+04   5.7204020E+04   0.0000000E+00   0.0000000E+00   0.0000000E+00   0.0000000E+00
   4.1340331E-01   5.5756064E+04   5.5756064E+04   1.3145464E-01   3.0940706E-03   7.2242261E-02   5.5388829E+04   5.5756064E+04   5.3999340E+04   0.0000000E+00   0.0000000E+00   0.0000000E+00   0.0000000E+00
   4.2808202E-01   5.2812254E+04   5.2812254E+04   1.1635319E-01   2.7328164E-03   6.4473809E-02   5.2464406E+04   5.2812254E+04   5.1148279E+04   0.0000000E+00   0.0000000E+00   0.0000000E+00   0.0000000E+00
   4.4345930E-01   5.0064738E+04   5.0064738E+04   1.0267261E-01   2.4131706E-03   5.3034648E-02   4.9734982E+04   5.0064738E+04   4.8487326E+04   0.0000000E+00   0.0000000E+00   0.0000000E+00   0.0000000E+00
   4.5960427E-01   4.7283283E+04   4.7283283E+04   9.0130004E-02   2.1223782E-03   4.4125240E-02   4.6971844E+04   4.7283283E+04   4.5793505E+04   0.0000000E+00   0.0000000E+00   0.0000000E+00   0.0000000E+00
   4.7659853E-01   4.4544971E+04   4.4544971E+04   7.8859770E-02   1.8596655E-03   4.3699591E-02   4.4251566E+04   4.4544971E+04   4.3141468E+04   0.0000000E+00   0.0000000E+00   0.0000000E+00   0.0000000E+00
   4.9453918E-01   4.2004178E+04   4.2004178E+04   6.9247462E-02   1.6286288E-03   3.6021150E-02   4.1727505E+04   4.2004178E+04   4.0680726E+04   0.0000000E+00   0.0000000E+00   0.0000000E+00   0.0000000E+00
   5.1354265E-01   3.9579623E+04   3.9579623E+04   6.0407627E-02   1.4229599E-03   3.0817228E-02   3.9318918E+04   3.9579623E+04   3.8332560E+04   0.0000000E+00   0.0000000E+00   0.0000000E+00   0.0000000E+00
   5.3374972E-01   3.7174573E+04   3.7174573E+04   5.2577234E-02   1.2372347E-03   3.1036901E-02   3.6929708E+04   3.7174573E+04   3.6003286E+04   0.0000000E+00   0.0000000E+00   0.0000000E+00   0.0000000E+00
   5.5533190E-01   3.4863042E+04   3.4863042E+04   4.5538567E-02   1.0719521E-03   2.4158608E-02   3.4633401E+04   3.4863042E+04   3.3764585E+04   0.0000000E+00   0.0000000E+00   0.0000000E+00   0.0000000E+00
   5.7849966E-01   3.2648719E+04   3.2648719E+04   3.9281343E-02   9.2506752E-04   1.9008230E-02   3.2433662E+04   3.2648719E+04   3.1620029E+04   0.0000000E+00   0.0000000E+00   0.0000000E+00   0.0000000E+00
   6.0351278E-01   3.0473222E+04   3.0473222E+04   3.3687598E-02   7.9335491E-04   1.5652395E-02   3.0272493E+04   3.0473222E+04   2.9513075E+04   0.0000000E+00   0.0000000E+00   0.0000000E+00   0.0000000E+00
   6.3069301E-01   2.8366286E+04   2.8366286E+04   2.8712346E-02   6.7615002E-04   1.7158951E-02   2.8179435E+04   2.8366286E+04   2.7472524E+04   0.0000000E+00   0.0000000E+00   0.0000000E+00   0.0000000E+00
   6.6043844E-01   2.6311810E+04   2.6311810E+04   2.4284794E-02   5.7197718E-04   1.2946193E-02   2.6138491E+04   2.6311810E+04   2.5482779E+04   0.0000000E+00   0.0000000E+00   0.0000000E+00   0.0000000E+00
   6.9323771E-01   2.4303251E+04   2.4303251E+04   2.0361707E-02   4.7953992E-04   9.9925970E-03   2.4143162E+04   2.4303251E+04   2.3537504E+04   0.0000000E+00   0.0000000E+00   0.0000000E+00   0.0000000E+00
   7.2967865E-01   2.2342351E+04   2.2342351E+04   1.6894593E-02   3.9790589E-04   7.7734504E-03   2.2195178E+04   2.2342351E+04   2.1638388E+04   0.0000000E+00   0.0000000E+00   0.0000000E+00   0.0000000E+00
   7.7044145E-01   2.0428300E+04   2.0428300E+04   1.3855613E-02   3.2634482E-04   6.1085825E-03   2.0293734E+04   2.0428300E+04   1.9784644E+04   0.0000000E+00   0.0000000E+00   0.0000000E+00   0.0000000E+00
   8.1626027E-01   1.8567281E+04   1.8567281E+04   1.1219466E-02   2.6423121E-04   6.5691160E-03   1.8444973E+04   1.8567281E+04   1.7982261E+04   0.0000000E+00   0.0000000E+00   0.0000000E+00   0.0000000E+00
   8.6783930E-01   1.6772545E+04   1.6772545E+04   8.9658239E-03   2.1117767E-04   4.3466290E-03   1.6662059E+04   1.6772545E+04   1.6244073E+04   0.0000000E+00   0.0000000E+00   0.0000000E+00   0.0000000E+00
   9.2573173E-01   1.5062500E+04   1.5062500E+04   7.0760465E-03   1.6665826E-04   3.7860020E-03   1.4963278E+04   1.5062500E+04   1.4587908E+04   0.0000000E+00   0.0000000E+00   0.0000000E+00   0.0000000E+00
   9.9023828E-01   1.3458935E+04   1.3458935E+04   5.5257316E-03   1.3015255E-04   3.2468694E-03   1.3370276E+04   1.3458935E+04   1.3034868E+04   0.0000000E+00   0.0000000E+00   0.0000000E+00   0.0000000E+00
   1.0614091E+00   1.1980101E+04   1.1980101E+04   4.2810305E-03   1.0084006E-04   1.5429898E-03   1.1901184E+04   1.1980101E+04   1.1602630E+04   0.0000000E+00   0.0000000E+00   0.0000000E+00   0.0000000E+00
   1.1391715E+00   1.0635904E+04   1.0635904E+04   3.2994680E-03   7.7717566E-05   1.7478759E-03   1.0565841E+04   1.0635904E+04   1.0300785E+04   0.0000000E+00   0.0000000E+00   0.0000000E+00   0.0000000E+00
   1.2234971E+00   9.4273233E+03   9.4273233E+03   2.5352781E-03   5.9720439E-05   1.0040941E-03   9.3652214E+03   9.4273233E+03   9.1302847E+03   0.0000000E+00   0.0000000E+00   0.0000000E+00   0.0000000E+00
   1.3145051E+00   8.3479670E+03   8.3479670E+03   1.9448867E-03   4.5812955E-05   1.6034572E-03   8.2929751E+03   8.3479670E+03   8.0849369E+03   0.0000000E+00   0.0000000E+00   0.0000000E+00   0.0000000E+00
   1.4124776E+00   7.3873748E+03   7.3873748E+03   1.4905983E-03   3.5113381E-05   7.7417333E-04   7.3387107E+03   7.3873748E+03   7.1546112E+03   0.0000000E+00   0.0000000E+00   0.0000000E+00   0.0000000E+00
   1.5178277E+00   6.5342639E+03   6.5342639E+03   1.1417703E-03   2.6897138E-05   7.5417733E-04   6.4912196E+03   6.5342639E+03   6.3283803E+03   0.0000000E+00   0.0000000E+00   0.0000000E+00   0.0000000E+00
   1.6310607E+00   5.7772841E+03   5.7772841E+03   8.7516644E-04   2.0595122E-05   3.9497734E-04   5.7392263E+03   5.7772841E+03   5.5952516E+03   0.0000000E+00   0.0000000E+00   0.0000000E+00   0.0000000E+00
   1.7527484E+00   5.1060905E+03   5.1060905E+03   6.6930509E-04   1.5762639E-05   4.6124495E-04   5.0724541E+03   5.1060905E+03   4.9452061E+03   0.0000000E+00   0.0000000E+00   0.0000000E+00   0.0000000E+00
   1.8835168E+00   4.5112373E+03   4.5112373E+03   5.1196423E-04   1.2060551E-05   1.1111131E-04   4.4815194E+03   4.5112373E+03   4.3690957E+03   0.0000000E+00   0.0000000E+00   0.0000000E+00   0.0000000E+00
   2.0240418E+00   3.9843072E+03   3.9843072E+03   3.9153282E-04   9.2242988E-06   1.4529111E-04   3.9580604E+03   3.9843072E+03   3.8587682E+03   0.0000000E+00   0.0000000E+00   0.0000000E+00   0.0000000E+00
   2.1750511E+00   3.5177236E+03   3.5177236E+03   2.9933853E-04   7.0528052E-06   5.8026467E-05   3.4945505E+03   3.5177236E+03   3.4068860E+03   0.0000000E+00   0.0000000E+00   0.0000000E+00   0.0000000E+00
   2.3373270E+00   3.1047683E+03   3.1047683E+03   2.2878169E-04   5.3908924E-06   7.6810237E-05   3.0843155E+03   3.1047683E+03   3.0069421E+03   0.0000000E+00   0.0000000E+00   0.0000000E+00   0.0000000E+00
   2.5117098E+00   2.7394161E+03   2.7394161E+03   1.7480101E-04   4.1191658E-06   1.2612535E-04   2.7213701E+03   2.7394161E+03   2.6531016E+03   0.0000000E+00   0.0000000E+00   0.0000000E+00   0.0000000E+00
   2.6991031E+00   2.4163068E+03   2.4163068E+03   1.3351597E-04   3.1466476E-06   -1.7546069E-05   2.4003892E+03   2.4163068E+03   2.3401729E+03   0.0000000E+00   0.0000000E+00   0.0000000E+00   0.0000000E+00
   2.9004773E+00   2.1306671E+03   2.1306671E+03   1.0195163E-04   2.4029938E-06   -5.2196474E-06   2.1166312E+03   2.1306671E+03   2.0635333E+03   0.0000000E+00   0.0000000E+00   0.0000000E+00   0.0000000E+00
   3.1168756E+00   1.8782448E+03   1.8782448E+03   7.7827572E-05   1.8345512E-06   4.5183055E-06   1.8658717E+03   1.8782448E+03   1.8190643E+03   0.0000000E+00   0.0000000E+00   0.0000000E+00   0.0000000E+00
   3.3494189E+00   1.6552563E+03   1.6552563E+03   5.9433226E-05   1.4002122E-06   2.0480417E-05   1.6443522E+03   1.6552563E+03   1.6031019E+03   0.0000000E+00   0.0000000E+00   0.0000000E+00   0.0000000E+00
   3.5993118E+00   1.4583380E+03   1.4583380E+03   4.5318566E-05   1.0684363E-06   6.2629333E-05   1.4487312E+03   1.4583380E+03   1.4123882E+03   0.0000000E+00   0.0000000E+00   0.0000000E+00   0.0000000E+00
   3.8678486E+00   1.2845005E+03   1.2845005E+03   3.4564349E-05   8.1507590E-07   -1.4789798E-06   1.2760388E+03   1.2845005E+03   1.2440280E+03   0.0000000E+00   0.0000000E+00   0.0000000E+00   0.0000000E+00
   4.1564204E+00   1.1310887E+03   1.1310887E+03   2.6356291E-05   6.2165103E-07   -2.0209811E-05   1.1236376E+03   1.1310887E+03   1.0954500E+03   0.0000000E+00   0.0000000E+00   0.0000000E+00   0.0000000E+00
   4.4665219E+00   9.9574554E+02   9.9574554E+02   2.0091699E-05   4.7401586E-07   5.3329918E-06   9.8918600E+02   9.9574554E+02   9.6437120E+02   0.0000000E+00   0.0000000E+00   0.0000000E+00   0.0000000E+00
   4.7997594E+00   8.7637965E+02   8.7637965E+02   1.5313648E-05   3.6135941E-07   1.8328160E-05   8.7060644E+02   8.7637965E+02   8.4876634E+02   0.0000000E+00   0.0000000E+00   0.0000000E+00   0.0000000E+00
   5.1578590E+00   7.7113643E+02   7.7113643E+02   1.1665892E-05   2.7542691E-07   3.4809697E-05   7.6605652E+02   7.7113643E+02   7.4683917E+02   0.0000000E+00   0.0000000E+00   0.0000000E+00   0.0000000E+00
   5.5426757E+00   6.7837197E+02   6.7837197E+02   8.8845418E-06   2.0989187E-07   1.0945570E-05   6.7390315E+02   6.7837197E+02   6.5699756E+02   0.0000000E+00   0.0000000E+00   0.0000000E+00   0.0000000E+00
   5.9562027E+00   5.9662974E+02   5.9662974E+02   6.7675308E-06   1.5992215E-07   -4.2118576E-06   5.9269940E+02   5.9662974E+02   5.7783089E+02   0.0000000E+00   0.0000000E+00   0.0000000E+00   0.0000000E+00
   6.4005820E+00   5.2461986E+02   5.2461986E+02   5.1551133E-06   1.2182393E-07   2.5595176E-05   5.2116389E+02   5.2461986E+02   5.0808993E+02   0.0000000E+00   0.0000000E+00   0.0000000E+00   0.0000000E+00
   6.8781156E+00   4.6120052E+02   4.6120052E+02   3.9249796E-06   9.2793408E-08   5.9233631E-06   4.5816233E+02   4.6120052E+02   4.4666883E+02   0.0000000E+00   0.0000000E+00   0.0000000E+00   0.0000000E+00
   7.3912768E+00   4.0536139E+02   4.0536139E+02   2.9872088E-06   7.0670004E-08   2.7804684E-06   4.0269104E+02   4.0536139E+02   3.9258910E+02   0.0000000E+00   0.0000000E+00   0.0000000E+00   0.0000000E+00
   7.9427239E+00   3.5620886E+02   3.5620886E+02   2.2730339E-06   5.3815252E-08   -2.0504958E-06   3.5386231E+02   3.5620886E+02   3.4498529E+02   0.0000000E+00   0.0000000E+00   0.0000000E+00   0.0000000E+00
   8.5353133E+00   3.1295286E+02   3.1295286E+02   1.7294840E-06   4.0975248E-08   8.5491613E-06   3.1089126E+02   3.1295286E+02   3.0309222E+02   0.0000000E+00   0.0000000E+00   0.0000000E+00   0.0000000E+00
   9.1721145E+00   2.7489513E+02   2.7489513E+02   1.3155163E-06   3.1197597E-08   5.7163255E-06   2.7308423E+02   2.7489513E+02   2.6623362E+02   0.0000000E+00   0.0000000E+00   0.0000000E+00   0.0000000E+00
   9.8564261E+00   2.4141875E+02   2.4141875E+02   1.0005744E-06   2.3751663E-08   3.8151660E-06   2.3982839E+02   2.4141875E+02   2.3381203E+02   0.0000000E+00   0.0000000E+00   0.0000000E+00   0.0000000E+00
   1.0591793E+01   2.1197891E+02   2.1197891E+02   7.6054469E-07   1.8082566E-08   9.7487826E-07   2.1058248E+02   2.1197891E+02   2.0529979E+02   0.0000000E+00   0.0000000E+00   0.0000000E+00   0.0000000E+00
