#           k/h    CDM            baryon         photon         nu             mass_nu        total          no_nu          total_de       Weyl           v_CDM          v_b            v_b-v_c     
   1.1197999E-05   6.4013398E+06   6.4013398E+06   8.5336485E+06   1.9739505E+04   3.0985808E+05   6.4014188E+06   6.4013398E+06   6.0033613E+06   0.0000000E+00   0.0000000E+00   0.0000000E+00   0.0000000E+00
   1.2033458E-05   6.4013388E+06   6.4013388E+06   8.5334194E+06   1.9739289E+04   3.0985508E+05   6.4014177E+06   6.4013388E+06   6.0033603E+06   0.0000000E+00   0.0000000E+00   0.0000000E+00   0.0000000E+00
   1.2931248E-05   6.4013375E+06   6.4013375E+06   8.5331549E+06   1.9739039E+04   3.0985162E+05   6.4014164E+06   6.4013375E+06   6.0033590E+06   0.0000000E+00   0.0000000E+00   0.0000000E+00   0.0000000E+00
   1.3896020E-05   6.4013361E+06   6.4013361E+06   8.5328494E+06   1.9738751E+04   3.0984763E+05   6.4014149E+06   6.4013361E+06   6.0033576E+06   0.0000000E+00   0.0000000E+00   0.0000000E+00   0.0000000E+00
   1.4932772E-05   6.4013345E+06   6.4013345E+06   8.5324966E+06   1.9738418E+04   3.0984302E+05   6.4014132E+06   6.4013345E+06   6.0033560E+06   0.0000000E+00   0.0000000E+00   0.0000000E+00   0.0000000E+00
   1.6046874E-05   6.4013326E+06   6.4013326E+06   8.5320892E+06   1.9738034E+04   3.0983769E+05   6.4014111E+06   6.4013326E+06   6.0033541E+06   0.0000000E+00   0.0000000E+00   0.0000000E+00   0.0000000E+00
   1.7244096E-05   6.4013304E+06   6.4013304E+06   8.5316189E+06   1.9737590E+04   3.0983155E+05   6.4014088E+06   6.4013304E+06   6.0033519E+06   0.0000000E+00   0.0000000E+00   0.0000000E+00   0.0000000E+00
   1.8530641E-05   6.4013279E+06   6.4013279E+06   8.5310757E+06   1.9737077E+04   3.0982444E+05   6.4014062E+06   6.4013279E+06   6.0033494E+06   0.0000000E+00   0.0000000E+00   0.0000000E+00   0.0000000E+00
   1.9913171E-05   6.4013250E+06   6.4013250E+06   8.5304485E+06   1.9736485E+04   3.0981624E+05   6.4014031E+06   6.4013250E+06   6.0033465E+06   0.0000000E+00   0.0000000E+00   0.0000000E+00   0.0000000E+00
   2.1398850E-05   6.4013217E+06   6.4013217E+06   8.5297243E+06   1.9735802E+04   3.0980678E+05   6.4013995E+06   6.4013217E+06   6.0033431E+06   0.0000000E+00   0.0000000E+00   0.0000000E+00   0.0000000E+00
   2.2995372E-05   6.4013178E+06   6.4013178E+06   8.5288880E+06   1.9735012E+04   3.0979584E+05   6.4013954E+06   6.4013178E+06   6.0033392E+06   0.0000000E+00   0.0000000E+00   0.0000000E+00   0.0000000E+00
   2.4711006E-05   6.4013134E+06   6.4013134E+06   8.5279225E+06   1.9734101E+04   3.0978322E+05   6.4013906E+06   6.4013134E+06   6.0033347E+06   0.0000000E+00   0.0000000E+00   0.0000000E+00   0.0000000E+00
   2.6554641E-05   6.4013082E+06   6.4013082E+06   8.5268076E+06   1.9733048E+04   3.0976864E+05   6.4013852E+06   6.4013082E+06   6.0033295E+06   0.0000000E+00   0.0000000E+00   0.0000000E+00   0.0000000E+00
   2.8535825E-05   6.4013023E+06   6.4013023E+06   8.5255203E+06   1.9731833E+04   3.0975181E+05   6.4013788E+06   6.4013023E+06   6.0033235E+06   0.0000000E+00   0.0000000E+00   0.0000000E+00   0.0000000E+00
   3.0664821E-05   6.4012954E+06   6.4012954E+06   8.5240339E+06   1.9730430E+04   3.0973237E+05   6.4013715E+06   6.4012954E+06   6.0033166E+06   0.0000000E+00   0.0000000E+00   0.0000000E+00   0.0000000E+00
   3.2952657E-05   6.4012875E+06   6.4012875E+06   8.5223179E+06   1.9728810E+04   3.0970993E+05   6.4013631E+06   6.4012875E+06   6.0033086E+06   0.0000000E+00   0.0000000E+00   0.0000000E+00   0.0000000E+00
   3.5411183E-05   6.4012783E+06   6.4012783E+06   8.5203366E+06   1.9726939E+04   3.0968402E+05   6.4013533E+06   6.4012783E+06   6.0032994E+06   0.0000000E+00   0.0000000E+00   0.0000000E+00   0.0000000E+00
   3.8053134E-05   6.4012677E+06   6.4012677E+06   8.5180493E+06   1.9724779E+04   3.0965410E+05   6.4013420E+06   6.4012677E+06   6.0032888E+06   0.0000000E+00   0.0000000E+00   0.0000000E+00   0.0000000E+00
   4.0892196E-05   6.4012555E+06   6.4012555E+06   8.5154086E+06   1.9722285E+04   3.0961956E+05   6.4013290E+06   6.4012555E+06   6.0032765E+06   0.0000000E+00   0.0000000E+00   0.0000000E+00   0.0000000E+00
   4.3943074E-05   6.4012414E+06   6.4012414E+06   8.5123602E+06   1.9719406E+04   3.0957968E+05   6.4013140E+06   6.4012414E+06   6.0032623E+06   0.0000000E+00   0.0000000E+00   0.0000000E+00   0.0000000E+00
   4.7221571E-05   6.4012251E+06   6.4012251E+06   8.5088412E+06   1.9716082E+04   3.0953364E+05   6.4012967E+06   6.4012251E+06   6.0032459E+06   0.0000000E+00   0.0000000E+00   0.0000000E+00   0.0000000E+00
   5.0744670E-05   6.4012063E+06   6.4012063E+06   8.5047793E+06   1.9712244E+04   3.0948049E+05   6.4012767E+06   6.4012063E+06   6.0032270E+06   0.0000000E+00   0.0000000E+00   0.0000000E+00   0.0000000E+00
   5.4530620E-05   6.4011846E+06   6.4011846E+06   8.5000910E+06   1.9707814E+04   3.0941913E+05   6.4012535E+06   6.4011846E+06   6.0032051E+06   0.0000000E+00   0.0000000E+00   0.0000000E+00   0.0000000E+00
   5.8599031E-05   6.4011596E+06   6.4011596E+06   8.4946802E+06   1.9702699E+04   3.0934830E+05   6.4012268E+06   6.4011596E+06   6.0031799E+06   0.0000000E+00   0.0000000E+00   0.0000000E+00   0.0000000E+00
   6.2970977E-05   6.4011306E+06   6.4011306E+06   8.4884359E+06   1.9696796E+04   3.0926654E+05   6.4011960E+06   6.4011306E+06   6.0031507E+06   0.0000000E+00   0.0000000E+00   0.0000000E+00   0.0000000E+00
   6.7669105E-05   6.4010972E+06   6.4010972E+06   8.4812307E+06   1.9689981E+04   3.0917217E+05   6.4011604E+06   6.4010972E+06   6.0031171E+06   0.0000000E+00   0.0000000E+00   0.0000000E+00   0.0000000E+00
   7.2717750E-05   6.4010586E+06   6.4010586E+06   8.4729175E+06   1.9682117E+04   3.0906326E+05   6.4011193E+06   6.4010586E+06   6.0030782E+06   0.0000000E+00   0.0000000E+00   0.0000000E+00   0.0000000E+00
   7.8143063E-05   6.4010141E+06   6.4010141E+06   8.4633274E+06   1.9673040E+04   3.0893758E+05   6.4010719E+06   6.4010141E+06   6.0030334E+06   0.0000000E+00   0.0000000E+00   0.0000000E+00   0.0000000E+00
   8.3973147E-05   6.4009626E+06   6.4009626E+06   8.4522658E+06   1.9662566E+04   3.0879255E+05   6.4010171E+06   6.4009626E+06   6.0029816E+06   0.0000000E+00   0.0000000E+00   0.0000000E+00   0.0000000E+00
   9.0238202E-05   6.4009032E+06   6.4009032E+06   8.4395095E+06   1.9650481E+04   3.0862522E+05   6.4009539E+06   6.4009032E+06   6.0029219E+06   0.0000000E+00   0.0000000E+00   0.0000000E+00   0.0000000E+00
   9.6970678E-05   6.4008347E+06   6.4008347E+06   8.4248017E+06   1.9636539E+04   3.0843219E+05   6.4008809E+06   6.4008347E+06   6.0028529E+06   0.0000000E+00   0.0000000E+00   0.0000000E+00   0.0000000E+00
   1.0420545E-04   6.4007556E+06   6.4007556E+06   8.4078482E+06   1.9620457E+04   3.0820955E+05   6.4007967E+06   6.4007556E+06   6.0027732E+06   0.0000000E+00   0.0000000E+00   0.0000000E+00   0.0000000E+00
   1.1197999E-04   6.4006643E+06   6.4006643E+06   8.3883113E+06   1.9601909E+04   3.0795279E+05   6.4006994E+06   6.4006643E+06   6.0026813E+06   0.0000000E+00   0.0000000E+00   0.0000000E+00   0.0000000E+00
   1.2033458E-04   6.4005588E+06   6.4005588E+06   8.3658050E+06   1.9580521E+04   3.0765675E+05   6.4005872E+06   6.4005588E+06   6.0025752E+06   0.0000000E+00   0.0000000E+00   0.0000000E+00   0.0000000E+00
   1.2931248E-04   6.4004372E+06   6.4004372E+06   8.3398873E+06   1.9555865E+04   3.0731551E+05   6.4004576E+06   6.4004372E+06   6.0024528E+06   0.0000000E+00   0.0000000E+00   0.0000000E+00   0.0000000E+00
   1.3896020E-04   6.4002968E+06   6.4002968E+06   8.3100543E+06   1.9527448E+04   3.0692227E+05   6.4003082E+06   6.4002968E+06   6.0023115E+06   0.0000000E+00   0.0000000E+00   0.0000000E+00   0.0000000E+00
   1.4932772E-04   6.4001348E+06   6.4001348E+06   8.2757316E+06   1.9494707E+04   3.0646927E+05   6.4001357E+06   6.4001348E+06   6.0021485E+06   0.0000000E+00   0.0000000E+00   0.0000000E+00   0.0000000E+00
   1.6046874E-04   6.3999479E+06   6.3999479E+06   8.2362663E+06   1.9456997E+04   3.0594759E+05   6.3999367E+06   6.3999479E+06   6.0019604E+06   0.0000000E+00   0.0000000E+00   0.0000000E+00   0.0000000E+00
   1.7244096E-04   6.3997323E+06   6.3997323E+06   8.1909183E+06   1.9413580E+04   3.0534710E+05   6.3997071E+06   6.3997323E+06   6.0017434E+06   0.0000000E+00   0.0000000E+00   0.0000000E+00   0.0000000E+00
   1.8530641E-04   6.3994836E+06   6.3994836E+06   8.1388508E+06   1.9363618E+04   3.0465623E+05   6.3994423E+06   6.3994836E+06   6.0014932E+06   0.0000000E+00   0.0000000E+00   0.0000000E+00   0.0000000E+00
   1.9913171E-04   6.3991968E+06   6.3991968E+06   8.0791217E+06   1.9306155E+04   3.0386182E+05   6.3991370E+06   6.3991968E+06   6.0012047E+06   0.0000000E+00   0.0000000E+00   0.0000000E+00   0.0000000E+00
   2.1398850E-04   6.3988662E+06   6.3988662E+06   8.0106741E+06   1.9240103E+04   3.0294896E+05   6.3987850E+06   6.3988662E+06   6.0008721E+06   0.0000000E+00   0.0000000E+00   0.0000000E+00   0.0000000E+00
   2.2995372E-04   6.3984850E+06   6.3984850E+06   7.9323294E+06   1.9164236E+04   3.0190078E+05   6.3983792E+06   6.3984850E+06   6.0004887E+06   0.0000000E+00   0.0000000E+00   0.0000000E+00   0.0000000E+00
   2.4711006E-04   6.3980458E+06   6.3980458E+06   7.8427803E+06   1.9077166E+04   3.0069826E+05   6.3979117E+06   6.3980458E+06   6.0000469E+06   0.0000000E+00   0.0000000E+00   0.0000000E+00   0.0000000E+00
   2.6554641E-04   6.3975399E+06   6.3975399E+06   7.7405882E+06   1.8977333E+04   2.9932005E+05   6.3973731E+06   6.3975399E+06   5.9995381E+06   0.0000000E+00   0.0000000E+00   0.0000000E+00   0.0000000E+00
   2.8535825E-04   6.3969572E+06   6.3969572E+06   7.6241845E+06   1.8862995E+04   2.9774231E+05   6.3967529E+06   6.3969572E+06   5.9989523E+06   0.0000000E+00   0.0000000E+00   0.0000000E+00   0.0000000E+00
   3.0664821E-04   6.3962865E+06   6.3962865E+06   7.4918772E+06   1.8732208E+04   2.9593853E+05   6.3960391E+06   6.3962865E+06   5.9982781E+06   0.0000000E+00   0.0000000E+00   0.0000000E+00   0.0000000E+00
   3.2952657E-04   6.3955148E+06   6.3955148E+06   7.3418680E+06   1.8582825E+04   2.9387946E+05   6.3952178E+06   6.3955148E+06   5.9975025E+06   0.0000000E+00   0.0000000E+00   0.0000000E+00   0.0000000E+00
   3.5411183E-04   6.3946275E+06   6.3946275E+06   7.1722794E+06   1.8412492E+04   2.9153306E+05   6.3942736E+06   6.3946275E+06   5.9966109E+06   0.0000000E+00   0.0000000E+00   0.0000000E+00   0.0000000E+00
   3.8053134E-04   6.3936078E+06   6.3936078E+06   6.9811984E+06   1.8218647E+04   2.8886456E+05   6.3931886E+06   6.3936078E+06   5.9955866E+06   0.0000000E+00   0.0000000E+00   0.0000000E+00   0.0000000E+00
   4.0892196E-04   6.3924368E+06   6.3924368E+06   6.7667391E+06   1.7998539E+04   2.8583667E+05   6.3919428E+06   6.3924368E+06   5.9944107E+06   0.0000000E+00   0.0000000E+00   0.0000000E+00   0.0000000E+00
   4.3943074E-04   6.3910931E+06   6.3910931E+06   6.5271307E+06   1.7749257E+04   2.8240997E+05   6.3905135E+06   6.3910931E+06   5.9930620E+06   0.0000000E+00   0.0000000E+00   0.0000000E+00   0.0000000E+00
   4.7221571E-04   6.3895527E+06   6.3895527E+06   6.2608345E+06   1.7467773E+04   2.7854344E+05   6.3888753E+06   6.3895527E+06   5.9915165E+06   0.0000000E+00   0.0000000E+00   0.0000000E+00   0.0000000E+00
   5.0744670E-04   6.3877888E+06   6.3877888E+06   5.9666952E+06   1.7151014E+04   2.7419540E+05   6.3869997E+06   6.3877888E+06   5.9897476E+06   0.0000000E+00   0.0000000E+00   0.0000000E+00   0.0000000E+00
   5.4530620E-04   6.3857710E+06   6.3857710E+06   5.6441306E+06   1.6795963E+04   2.6932467E+05   6.3848549E+06   6.3857710E+06   5.9877254E+06   0.0000000E+00   0.0000000E+00   0.0000000E+00   0.0000000E+00
   5.8599031E-04   6.3834662E+06   6.3834662E+06   5.2933590E+06   1.6399787E+04   2.6389209E+05   6.3824055E+06   6.3834662E+06   5.9854171E+06   0.0000000E+00   0.0000000E+00   0.0000000E+00   0.0000000E+00
   6.2970977E-04   6.3808372E+06   6.3808372E+06   4.9156610E+06   1.5960015E+04   2.5786249E+05   6.3796127E+06   6.3808372E+06   5.9827862E+06   0.0000000E+00   0.0000000E+00   0.0000000E+00   0.0000000E+00
   6.7669105E-04   6.3778434E+06   6.3778434E+06   4.5136630E+06   1.5474745E+04   2.5120690E+05   6.3764338E+06   6.3778434E+06   5.9797930E+06   0.0000000E+00   0.0000000E+00   0.0000000E+00   0.0000000E+00
   7.2717750E-04   6.3744405E+06   6.3744405E+06   4.0916190E+06   1.4942899E+04   2.4390517E+05   6.3728221E+06   6.3744405E+06   5.9763942E+06   0.0000000E+00   0.0000000E+00   0.0000000E+00   0.0000000E+00
   7.8143063E-04   6.3705801E+06   6.3705801E+06   3.6556518E+06   1.4364510E+04   2.3594861E+05   6.3687275E+06   6.3705801E+06   5.9725433E+06   0.0000000E+00   0.0000000E+00   0.0000000E+00   0.0000000E+00
   8.3973147E-04   6.3662105E+06   6.3662105E+06   3.2138932E+06   1.3741018E+04   2.2734254E+05   6.3640959E+06   6.3662105E+06   5.9681903E+06   0.0000000E+00   0.0000000E+00   0.0000000E+00   0.0000000E+00
   9.0238202E-04   6.3612758E+06   6.3612758E+06   2.7764477E+06   1.3075558E+04   2.1810851E+05   6.3588699E+06   6.3612758E+06   5.9632822E+06   0.0000000E+00   0.0000000E+00   0.0000000E+00   0.0000000E+00
   9.6970678E-04   6.3557170E+06   6.3557170E+06   2.3550810E+06   1.2373193E+04   2.0828558E+05   6.3529888E+06   6.3557170E+06   5.9577632E+06   0.0000000E+00   0.0000000E+00   0.0000000E+00   0.0000000E+00
   1.0420545E-03   6.3494714E+06   6.3494714E+06   1.9625341E+06   1.1641020E+04   1.9793065E+05   6.3463889E+06   6.3494714E+06   5.9515748E+06   0.0000000E+00   0.0000000E+00   0.0000000E+00   0.0000000E+00
   1.1197999E-03   6.3424728E+06   6.3424728E+06   1.6113861E+06   1.0888095E+04   1.8711742E+05   6.3390037E+06   6.3424728E+06   5.9446562E+06   0.0000000E+00   0.0000000E+00   0.0000000E+00   0.0000000E+00
   1.2033458E-03   6.3346518E+06   6.3346518E+06   1.3124541E+06   1.0125097E+04   1.7593442E+05   6.3307643E+06   6.3346518E+06   5.9369441E+06   0.0000000E+00   0.0000000E+00   0.0000000E+00   0.0000000E+00
   1.2931248E-03   6.3259348E+06   6.3259348E+06   1.0728479E+06   9.3636743E+03   1.6448276E+05   6.3215987E+06   6.3259348E+06   5.9283727E+06   0.0000000E+00   0.0000000E+00   0.0000000E+00   0.0000000E+00
   1.3896020E-03   6.3162443E+06   6.3162443E+06   8.9399476E+05   8.6154771E+03   1.5287514E+05   6.3114320E+06   6.3162443E+06   5.9188730E+06   0.0000000E+00   0.0000000E+00   0.0000000E+00   0.0000000E+00
   1.4932772E-03   6.3054971E+06   6.3054971E+06   7.7018660E+05   7.8909595E+03   1.4123749E+05   6.3001853E+06   6.3054971E+06   5.9083720E+06   0.0000000E+00   0.0000000E+00   0.0000000E+00   0.0000000E+00
   1.6046874E-03   6.2936042E+06   6.2936042E+06   6.8840560E+05   7.1981668E+03   1.2971433E+05   6.2877751E+06   6.2936042E+06   5.8967917E+06   0.0000000E+00   0.0000000E+00   0.0000000E+00   0.0000000E+00
   1.7244096E-03   6.2804698E+06   6.2804698E+06   6.3018954E+05   6.5418449E+03   1.1847608E+05   6.2741120E+06   6.2804698E+06   5.8840477E+06   0.0000000E+00   0.0000000E+00   0.0000000E+00   0.0000000E+00
   1.8530641E-03   6.2659905E+06   6.2659905E+06   5.7589989E+05   5.9232755E+03   1.0772230E+05   6.2590999E+06   6.2659905E+06   5.8700487E+06   0.0000000E+00   0.0000000E+00   0.0000000E+00   0.0000000E+00
   1.9913171E-03   6.2500561E+06   6.2500561E+06   5.1078134E+05   5.3411452E+03   9.7670127E+04   6.2426360E+06   6.2500561E+06   5.8546958E+06   0.0000000E+00   0.0000000E+00   0.0000000E+00   0.0000000E+00
   2.1398850E-03   6.2325506E+06   6.2325506E+06   4.3075473E+05   4.7934087E+03   8.8516418E+04   6.2246111E+06   6.2325506E+06   5.8378837E+06   0.0000000E+00   0.0000000E+00   0.0000000E+00   0.0000000E+00
   2.2995372E-03   6.2133537E+06   6.2133537E+06   3.4462814E+05   4.2795296E+03   8.0372531E+04   6.2049101E+06   6.2133537E+06   5.8195010E+06   0.0000000E+00   0.0000000E+00   0.0000000E+00   0.0000000E+00
   2.4711006E-03   6.1923422E+06   6.1923422E+06   2.6966929E+05   3.8019001E+03   7.3195950E+04   6.1834126E+06   6.1923422E+06   5.7994318E+06   0.0000000E+00   0.0000000E+00   0.0000000E+00   0.0000000E+00
   2.6554641E-03   6.1693899E+06   6.1693899E+06   2.2063921E+05   3.3651885E+03   6.6774300E+04   6.1599924E+06   6.1693899E+06   5.7775550E+06   0.0000000E+00   0.0000000E+00   0.0000000E+00   0.0000000E+00
   2.8535825E-03   6.1443651E+06   6.1443651E+06   1.9814641E+05   2.9733542E+03   6.0819994E+04   6.1345149E+06   6.1443651E+06   5.7537432E+06   0.0000000E+00   0.0000000E+00   0.0000000E+00   0.0000000E+00
   3.0664821E-03   6.1171278E+06   6.1171278E+06   1.8648414E+05   2.6260438E+03   5.5163313E+04   6.1068360E+06   6.1171278E+06   5.7278603E+06   0.0000000E+00   0.0000000E+00   0.0000000E+00   0.0000000E+00
   3.2952657E-03   6.0875281E+06   6.0875281E+06   1.6685131E+05   2.3175890E+03   4.9895357E+04   6.0768012E+06   6.0875281E+06   5.6997611E+06   0.0000000E+00   0.0000000E+00   0.0000000E+00   0.0000000E+00
   3.5411183E-03   6.0554081E+06   6.0554081E+06   1.3645720E+05   2.0405225E+03   4.5252125E+04   6.0442495E+06   6.0554081E+06   5.6692946E+06   0.0000000E+00   0.0000000E+00   0.0000000E+00   0.0000000E+00
   3.8053134E-03   6.0206060E+06   6.0206060E+06   1.1080218E+05   1.7908667E+03   4.1259344E+04   6.0090187E+06   6.0206060E+06   5.6363084E+06   0.0000000E+00   0.0000000E+00   0.0000000E+00   0.0000000E+00
   4.0892196E-03   5.9829568E+06   5.9829568E+06   1.0045821E+05   1.5689814E+03   3.7585256E+04   5.9709457E+06   5.9829568E+06   5.6006498E+06   0.0000000E+00   0.0000000E+00   0.0000000E+00   0.0000000E+00
   4.3943074E-03   5.9422890E+06   5.9422890E+06   9.3011712E+04   1.3743120E+03   3.3983188E+04   5.9298630E+06   5.9422890E+06   5.5621620E+06   0.0000000E+00   0.0000000E+00   0.0000000E+00   0.0000000E+00
   4.7221571E-03   5.8984229E+06   5.8984229E+06   7.4928521E+04   1.2020706E+03   3.0723125E+04   5.8855951E+06   5.8984229E+06   5.5206809E+06   0.0000000E+00   0.0000000E+00   0.0000000E+00   0.0000000E+00
   5.0744670E-03   5.8511747E+06   5.8511747E+06   5.8640630E+04   1.0481484E+03   2.8034907E+04   5.8379643E+06   5.8511747E+06   5.4760401E+06   0.0000000E+00   0.0000000E+00   0.0000000E+00   0.0000000E+00
   5.4530620E-03   5.8003625E+06   5.8003625E+06   5.4790811E+04   9.1272447E+02   2.5504128E+04   5.7867953E+06   5.8003625E+06   5.4280756E+06   0.0000000E+00   0.0000000E+00   0.0000000E+00   0.0000000E+00
   5.8599031E-03   5.7458025E+06   5.7458025E+06   4.7572704E+04   7.9453048E+02   2.3004439E+04   5.7319101E+06   5.7458025E+06   5.3766210E+06   0.0000000E+00   0.0000000E+00   0.0000000E+00   0.0000000E+00
   6.2970977E-03   5.6873101E+06   5.6873101E+06   3.7912946E+04   6.8997467E+02   2.0945934E+04   5.6731243E+06   5.6873101E+06   5.3215036E+06   0.0000000E+00   0.0000000E+00   0.0000000E+00   0.0000000E+00
   6.7669105E-03   5.6246991E+06   5.6246991E+06   3.6064946E+04   5.9876757E+02   1.8951585E+04   5.6102450E+06   5.6246991E+06   5.2625429E+06   0.0000000E+00   0.0000000E+00   0.0000000E+00   0.0000000E+00
   7.2717750E-03   5.5577745E+06   5.5577745E+06   2.8279835E+04   5.1913364E+02   1.7044398E+04   5.5430746E+06   5.5577745E+06   5.1995540E+06   0.0000000E+00   0.0000000E+00   0.0000000E+00   0.0000000E+00
   7.8143063E-03   5.4863353E+06   5.4863353E+06   2.4677152E+04   4.4868459E+02   1.5490384E+04   5.4714234E+06   5.4863353E+06   5.1323592E+06   0.0000000E+00   0.0000000E+00   0.0000000E+00   0.0000000E+00
   8.3973147E-03   5.4101840E+06   5.4101840E+06   2.1090534E+04   3.8755882E+02   1.3881152E+04   5.3951064E+06   5.4101840E+06   5.0607854E+06   0.0000000E+00   0.0000000E+00   0.0000000E+00   0.0000000E+00
   9.0238202E-03   5.3291249E+06   5.3291249E+06   1.8284935E+04   3.3408163E+02   1.2578362E+04   5.3139223E+06   5.3291249E+06   4.9846439E+06   0.0000000E+00   0.0000000E+00   0.0000000E+00   0.0000000E+00
   9.6970678E-03   5.2429596E+06   5.2429596E+06   1.4994250E+04   2.8774904E+02   1.1211621E+04   5.2276643E+06   5.2429596E+06   4.9037411E+06   0.0000000E+00   0.0000000E+00   0.0000000E+00   0.0000000E+00
   1.0420545E-02   5.1514823E+06   5.1514823E+06   1.3483369E+04   2.4710266E+02   1.0102574E+04   5.1361364E+06   5.1514823E+06   4.8178933E+06   0.0000000E+00   0.0000000E+00   0.0000000E+00   0.0000000E+00
   1.1197999E-02   5.0544911E+06   5.0544911E+06   1.0588880E+04   2.1193296E+02   9.0336203E+03   5.0391404E+06   5.0544911E+06   4.7269147E+06   0.0000000E+00   0.0000000E+00   0.0000000E+00   0.0000000E+00
   1.2033458E-02   4.9517898E+06   4.9517898E+06   9.4378286E+03   1.8144759E+02   8.0079624E+03   4.9364753E+06   4.9517898E+06   4.6306171E+06   0.0000000E+00   0.0000000E+00   0.0000000E+00   0.0000000E+00
   1.2931248E-02   4.8431854E+06   4.8431854E+06   8.2602287E+03   1.5493515E+02   7.1550586E+03   4.8279512E+06   4.8431854E+06   4.5288224E+06   0.0000000E+00   0.0000000E+00   0.0000000E+00   0.0000000E+00
   1.3896020E-02   4.7284981E+06   4.7284981E+06   6.7532529E+03   1.3201430E+02   6.3654749E+03   4.7133913E+06   4.7284981E+06   4.4213649E+06   0.0000000E+00   0.0000000E+00   0.0000000E+00   0.0000000E+00
   1.4932772E-02   4.6075712E+06   4.6075712E+06   5.4314225E+03   1.1225688E+02   5.6169271E+03   4.5926345E+06   4.6075712E+06   4.3080937E+06   0.0000000E+00   0.0000000E+00   0.0000000E+00   0.0000000E+00
   1.6046874E-02   4.4802755E+06   4.4802755E+06   4.5704657E+03   9.5184277E+01   4.9419787E+03   4.4655550E+06   4.4802755E+06   4.1888908E+06   0.0000000E+00   0.0000000E+00   0.0000000E+00   0.0000000E+00
   1.7244096E-02   4.3465323E+06   4.3465323E+06   3.8291212E+03   8.0514623E+01   4.3339732E+03   4.3320732E+06   4.3465323E+06   4.0636816E+06   0.0000000E+00   0.0000000E+00   0.0000000E+00   0.0000000E+00
   1.8530641E-02   4.2063277E+06   4.2063277E+06   3.2459161E+03   6.7889721E+01   3.7950521E+03   4.1921742E+06   4.2063277E+06   3.9324523E+06   0.0000000E+00   0.0000000E+00   0.0000000E+00   0.0000000E+00
   1.9913171E-02   4.0597410E+06   4.0597410E+06   2.7650903E+03   5.7078311E+01   3.3077739E+03   4.0459359E+06   4.0597410E+06   3.7952760E+06   0.0000000E+00   0.0000000E+00   0.0000000E+00   0.0000000E+00
   2.1398849E-02   3.9069736E+06   3.9069736E+06   2.3723138E+03   4.7832289E+01   2.8641770E+03   3.8935595E+06   3.9069736E+06   3.6523415E+06   0.0000000E+00   0.0000000E+00   0.0000000E+00   0.0000000E+00
   2.2995367E-02   3.7483880E+06   3.7483880E+06   1.9231297E+03   3.9948798E+01   2.4678671E+03   3.7354035E+06   3.7483880E+06   3.5039851E+06   0.0000000E+00   0.0000000E+00   0.0000000E+00   0.0000000E+00
   2.4710977E-02   3.5845477E+06   3.5845477E+06   1.6089407E+03   3.3244112E+01   2.1238242E+03   3.5720302E+06   3.5845477E+06   3.3507343E+06   0.0000000E+00   0.0000000E+00   0.0000000E+00   0.0000000E+00
   2.6554493E-02   3.4162662E+06   3.4162662E+06   1.2981699E+03   2.7561373E+01   1.8159056E+03   3.4042481E+06   3.4162662E+06   3.1933476E+06   0.0000000E+00   0.0000000E+00   0.0000000E+00   0.0000000E+00
   2.8535168E-02   3.2446597E+06   3.2446597E+06   1.0967125E+03   2.2765203E+01   1.5418314E+03   3.2331681E+06   3.2446597E+06   3.0328671E+06   0.0000000E+00   0.0000000E+00   0.0000000E+00   0.0000000E+00
   3.0662280E-02   3.0712105E+06   3.0712105E+06   9.0840213E+02   1.8734991E+01   1.3099983E+03   3.0602664E+06   3.0712105E+06   2.8706776E+06   0.0000000E+00   0.0000000E+00   0.0000000E+00   0.0000000E+00
   3.2943980E-02   2.8978469E+06   2.8978469E+06   7.3204597E+02   1.5368676E+01   1.1068240E+03   2.8874633E+06   2.8978469E+06   2.7085805E+06   0.0000000E+00   0.0000000E+00   0.0000000E+00   0.0000000E+00
   3.5384860E-02   2.7270293E+06   2.7270293E+06   5.9837780E+02   1.2577468E+01   9.3032003E+02   2.7172087E+06   2.7270293E+06   2.5488739E+06   0.0000000E+00   0.0000000E+00   0.0000000E+00   0.0000000E+00
   3.7981801E-02   2.5617856E+06   2.5617856E+06   4.9648562E+02   1.0285352E+01   7.7845970E+02   2.5525187E+06   2.5617856E+06   2.3943870E+06   0.0000000E+00   0.0000000E+00   0.0000000E+00   0.0000000E+00
   4.0718917E-02   2.4055630E+06   2.4055630E+06   3.9779178E+02   8.4248342E+00   6.4994873E+02   2.3968265E+06   2.4055630E+06   2.2483403E+06   0.0000000E+00   0.0000000E+00   0.0000000E+00   0.0000000E+00
   4.3564777E-02   2.2617319E+06   2.2617319E+06   3.1363441E+02   6.9346567E+00   5.4995776E+02   2.2534889E+06   2.2617319E+06   2.1138829E+06   0.0000000E+00   0.0000000E+00   0.0000000E+00   0.0000000E+00
   4.6476365E-02   2.1327799E+06   2.1327799E+06   2.7577261E+02   5.7554407E+00   4.6633267E+02   2.1249832E+06   2.1327799E+06   1.9933384E+06   0.0000000E+00   0.0000000E+00   0.0000000E+00   0.0000000E+00
   4.9410223E-02   2.0196113E+06   2.0196113E+06   2.2097798E+02   4.8286801E+00   3.9644784E+02   2.0122089E+06   2.0196113E+06   1.8875507E+06   0.0000000E+00   0.0000000E+00   0.0000000E+00   0.0000000E+00
   5.2334058E-02   1.9214428E+06   1.9214428E+06   1.9020731E+02   4.0988069E+00   3.4524939E+02   1.9143843E+06   1.9214428E+06   1.7957865E+06   0.0000000E+00   0.0000000E+00   0.0000000E+00   0.0000000E+00
   5.5231498E-02   1.8363060E+06   1.8363060E+06   1.6631801E+02   3.5196542E+00   2.9889429E+02   1.8295472E+06   1.8363060E+06   1.7162053E+06   0.0000000E+00   0.0000000E+00   0.0000000E+00   0.0000000E+00
   5.8099729E-02   1.7617237E+06   1.7617237E+06   1.3812693E+02   3.0531022E+00   2.6394691E+02   1.7552285E+06   1.7617237E+06   1.6464908E+06   0.0000000E+00   0.0000000E+00   0.0000000E+00   0.0000000E+00
   6.0944444E-02   1.6952090E+06   1.6952090E+06   1.2562537E+02   2.6711468E+00   2.3467149E+02   1.6889499E+06   1.6952090E+06   1.5843182E+06   0.0000000E+00   0.0000000E+00   0.0000000E+00   0.0000000E+00
   6.3775458E-02   1.6345227E+06   1.6345227E+06   1.0963995E+02   2.3528804E+00   2.0784073E+02   1.6284798E+06   1.6345227E+06   1.5275943E+06   0.0000000E+00   0.0000000E+00   0.0000000E+00   0.0000000E+00
   6.6603971E-02   1.5777678E+06   1.5777678E+06   9.4720932E+01   2.0831531E+00   1.8700211E+02   1.5719280E+06   1.5777678E+06   1.4745460E+06   0.0000000E+00   0.0000000E+00   0.0000000E+00   0.0000000E+00
   6.9441143E-02   1.5234067E+06   1.5234067E+06   8.6819614E+01   1.8511033E+00   1.6787622E+02   1.5177623E+06   1.5234067E+06   1.4237359E+06   0.0000000E+00   0.0000000E+00   0.0000000E+00   0.0000000E+00
   7.2297488E-02   1.4702515E+06   1.4702515E+06   7.5813817E+01   1.6489082E+00   1.5069286E+02   1.4647989E+06   1.4702515E+06   1.3740536E+06   0.0000000E+00   0.0000000E+00   0.0000000E+00   0.0000000E+00
   7.5182682E-02   1.4174488E+06   1.4174488E+06   6.8881845E+01   1.4707735E+00   1.3573532E+02   1.4121876E+06   1.4174488E+06   1.3247016E+06   0.0000000E+00   0.0000000E+00   0.0000000E+00   0.0000000E+00
   7.8105576E-02   1.3644653E+06   1.3644653E+06   5.9462831E+01   1.3126295E+00   1.2186918E+02   1.3593968E+06   1.3644653E+06   1.2751813E+06   0.0000000E+00   0.0000000E+00   0.0000000E+00   0.0000000E+00
   8.1074288E-02   1.3110724E+06   1.3110724E+06   5.4920781E+01   1.1713778E+00   1.1048671E+02   1.3061988E+06   1.3110724E+06   1.2252790E+06   0.0000000E+00   0.0000000E+00   0.0000000E+00   0.0000000E+00
   8.4096318E-02   1.2573265E+06   1.2573265E+06   4.7674804E+01   1.0449075E+00   9.8081097E+01   1.2526496E+06   1.2573265E+06   1.1750472E+06   0.0000000E+00   0.0000000E+00   0.0000000E+00   0.0000000E+00
   8.7178664E-02   1.2035403E+06   1.2035403E+06   4.3575380E+01   9.3146301E-01   8.9177462E+01   1.1990607E+06   1.2035403E+06   1.1247782E+06   0.0000000E+00   0.0000000E+00   0.0000000E+00   0.0000000E+00
   9.0327920E-02   1.1502418E+06   1.1502418E+06   3.7241870E+01   8.2992150E-01   7.9227299E+01   1.1459581E+06   1.1502418E+06   1.0749653E+06   0.0000000E+00   0.0000000E+00   0.0000000E+00   0.0000000E+00
   9.3550371E-02   1.0981174E+06   1.0981174E+06   3.4894379E+01   7.3928673E-01   7.1087598E+01   1.0940256E+06   1.0981174E+06   1.0262501E+06   0.0000000E+00   0.0000000E+00   0.0000000E+00   0.0000000E+00
   9.6852061E-02   1.0479401E+06   1.0479401E+06   3.0445549E+01   6.5872451E-01   6.4292571E+01   1.0440334E+06   1.0479401E+06   9.7935498E+05   0.0000000E+00   0.0000000E+00   0.0000000E+00   0.0000000E+00
   1.0023886E-01   1.0004834E+06   1.0004834E+06   2.6373232E+01   5.8749887E-01   5.7513235E+01   9.9675190E+05   1.0004834E+06   9.3500259E+05   0.0000000E+00   0.0000000E+00   0.0000000E+00   0.0000000E+00
   1.0371650E-01   9.5642629E+05   9.5642629E+05   2.3508320E+01   5.2487524E-01   5.1417990E+01   9.5285757E+05   9.5642629E+05   8.9382754E+05   0.0000000E+00   0.0000000E+00   0.0000000E+00   0.0000000E+00
   1.0729065E-01   9.1625833E+05   9.1625833E+05   2.1124567E+01   4.7004108E-01   4.6214742E+01   9.1283811E+05   9.1625833E+05   8.5628731E+05   0.0000000E+00   0.0000000E+00   0.0000000E+00   0.0000000E+00
   1.1096691E-01   8.8019512E+05   8.8019512E+05   1.8915856E+01   4.2217250E-01   4.1810046E+01   8.7690827E+05   8.8019512E+05   8.2258336E+05   0.0000000E+00   0.0000000E+00   0.0000000E+00   0.0000000E+00
   1.1475085E-01   8.4811796E+05   8.4811796E+05   1.7113212E+01   3.8037218E-01   3.8086714E+01   8.4494977E+05   8.4811796E+05   7.9260470E+05   0.0000000E+00   0.0000000E+00   0.0000000E+00   0.0000000E+00
   1.1864805E-01   8.1955147E+05   8.1955147E+05   1.5851438E+01   3.4373507E-01   3.4645327E+01   8.1648897E+05   8.1955147E+05   7.6590707E+05   0.0000000E+00   0.0000000E+00   0.0000000E+00   0.0000000E+00
   1.2266409E-01   7.9369077E+05   7.9369077E+05   1.4212427E+01   3.1134588E-01   3.1450431E+01   7.9072397E+05   7.9369077E+05   7.4173822E+05   0.0000000E+00   0.0000000E+00   0.0000000E+00   0.0000000E+00
   1.2680461E-01   7.6948474E+05   7.6948474E+05   1.3111073E+01   2.8236570E-01   2.8806134E+01   7.6660756E+05   7.6948474E+05   7.1911585E+05   0.0000000E+00   0.0000000E+00   0.0000000E+00   0.0000000E+00
   1.3107525E-01   7.4577330E+05   7.4577330E+05   1.1580826E+01   2.5605579E-01   2.6062053E+01   7.4298400E+05   7.4577330E+05   6.9695578E+05   0.0000000E+00   0.0000000E+00   0.0000000E+00   0.0000000E+00
   1.3548172E-01   7.2146527E+05   7.2146527E+05   1.0879812E+01   2.3182717E-01   2.3826308E+01   7.1876618E+05   7.2146527E+05   6.7423827E+05   0.0000000E+00   0.0000000E+00   0.0000000E+00   0.0000000E+00
   1.4002978E-01   6.9573106E+05   6.9573106E+05   9.6058351E+00   2.0928623E-01   2.1767173E+01   6.9312760E+05   6.9573106E+05   6.5018802E+05   0.0000000E+00   0.0000000E+00   0.0000000E+00   0.0000000E+00
   1.4472526E-01   6.6817354E+05   6.6817354E+05   8.4931013E+00   1.8822103E-01   1.9618431E+01   6.6567262E+05   6.6817354E+05   6.2443389E+05   0.0000000E+00   0.0000000E+00   0.0000000E+00   0.0000000E+00
   1.4957405E-01   6.3893503E+05   6.3893503E+05   7.5946167E+00   1.6858918E-01   1.7634011E+01   6.3654303E+05   6.3893503E+05   5.9710889E+05   0.0000000E+00   0.0000000E+00   0.0000000E+00   0.0000000E+00
   1.5458212E-01   6.0870212E+05   6.0870212E+05   6.8643579E+00   1.5046853E-01   1.5854986E+01   6.0642283E+05   6.0870212E+05   5.6885465E+05   0.0000000E+00   0.0000000E+00   0.0000000E+00   0.0000000E+00
   1.5975551E-01   5.7858548E+05   5.7858548E+05   6.2595532E+00   1.3400152E-01   1.4073728E+01   5.7641854E+05   5.7858548E+05   5.4070914E+05   0.0000000E+00   0.0000000E+00   0.0000000E+00   0.0000000E+00
   1.6510035E-01   5.4987987E+05   5.4987987E+05   5.4074651E+00   1.1931160E-01   1.2548150E+01   5.4782006E+05   5.4987987E+05   5.1388236E+05   0.0000000E+00   0.0000000E+00   0.0000000E+00   0.0000000E+00
   1.7062287E-01   5.2374510E+05   5.2374510E+05   4.8713929E+00   1.0644371E-01   1.1238048E+01   5.2178285E+05   5.2374510E+05   4.8945817E+05   0.0000000E+00   0.0000000E+00   0.0000000E+00   0.0000000E+00
   1.7632938E-01   5.0088364E+05   5.0088364E+05   4.4186113E+00   9.5323068E-02   1.0094520E+01   4.9900674E+05   5.0088364E+05   4.6809304E+05   0.0000000E+00   0.0000000E+00   0.0000000E+00   0.0000000E+00
   1.8222633E-01   4.8131141E+05   4.8131141E+05   3.9802448E+00   8.5747546E-02   9.1843518E+00   4.7950757E+05   4.8131141E+05   4.4980186E+05   0.0000000E+00   0.0000000E+00   0.0000000E+00   0.0000000E+00
   1.8832028E-01   4.6431203E+05   4.6431203E+05   3.5929736E+00   7.7421879E-02   8.3258074E+00   4.6257165E+05   4.6431203E+05   4.3391513E+05   0.0000000E+00   0.0000000E+00   0.0000000E+00   0.0000000E+00
   1.9461793E-01   4.4862262E+05   4.4862262E+05   3.2522829E+00   7.0012914E-02   7.5053311E+00   4.4694082E+05   4.4862262E+05   4.1925264E+05   0.0000000E+00   0.0000000E+00   0.0000000E+00   0.0000000E+00
   2.0112616E-01   4.3282547E+05   4.3282547E+05   2.8573364E+00   6.3229447E-02   6.8058923E+00   4.3120268E+05   4.3282547E+05   4.0448948E+05   0.0000000E+00   0.0000000E+00   0.0000000E+00   0.0000000E+00
   2.0785204E-01   4.1583379E+05   4.1583379E+05   2.6415188E+00   5.6878338E-02   6.1600958E+00   4.1427452E+05   4.1583379E+05   3.8861003E+05   0.0000000E+00   0.0000000E+00   0.0000000E+00   0.0000000E+00
   2.1480283E-01   3.9729590E+05   3.9729590E+05   2.3369650E+00   5.0896807E-02   5.5446071E+00   3.9580598E+05   3.9729590E+05   3.7128562E+05   0.0000000E+00   0.0000000E+00   0.0000000E+00   0.0000000E+00
   2.2198608E-01   3.7773872E+05   3.7773872E+05   2.0878532E+00   4.5332334E-02   4.9328447E+00   3.7632199E+05   3.7773872E+05   3.5300867E+05   0.0000000E+00   0.0000000E+00   0.0000000E+00   0.0000000E+00
   2.2940962E-01   3.5835095E+05   3.5835095E+05   1.8557814E+00   4.0288190E-02   4.3784266E+00   3.5700679E+05   3.5835095E+05   3.3489007E+05   0.0000000E+00   0.0000000E+00   0.0000000E+00   0.0000000E+00
   2.3708161E-01   3.4045701E+05   3.4045701E+05   1.6222116E+00   3.5851582E-02   3.9213993E+00   3.3917985E+05   3.4045701E+05   3.1816751E+05   0.0000000E+00   0.0000000E+00   0.0000000E+00   0.0000000E+00
   2.4501064E-01   3.2489623E+05   3.2489623E+05   1.4810510E+00   3.2035726E-02   3.5222264E+00   3.2367734E+05   3.2489623E+05   3.0362539E+05   0.0000000E+00   0.0000000E+00   0.0000000E+00   0.0000000E+00
   2.5320573E-01   3.1161102E+05   3.1161102E+05   1.3167726E+00   2.8762123E-02   3.1908184E+00   3.1044186E+05   3.1161102E+05   2.9120986E+05   0.0000000E+00   0.0000000E+00   0.0000000E+00   0.0000000E+00
   2.6167646E-01   2.9968628E+05   2.9968628E+05   1.1871510E+00   2.5891008E-02   2.8718972E+00   2.9856178E+05   2.9968628E+05   2.8006575E+05   0.0000000E+00   0.0000000E+00   0.0000000E+00   0.0000000E+00
   2.7043302E-01   2.8786243E+05   2.8786243E+05   1.0628585E+00   2.3280012E-02   2.5807239E+00   2.8678222E+05   2.8786243E+05   2.6901594E+05   0.0000000E+00   0.0000000E+00   0.0000000E+00   0.0000000E+00
   2.7948630E-01   2.7526060E+05   2.7526060E+05   9.5710778E-01   2.0843233E-02   2.3296277E+00   2.7422760E+05   2.7526060E+05   2.5723908E+05   0.0000000E+00   0.0000000E+00   0.0000000E+00   0.0000000E+00
   2.8884804E-01   2.6188525E+05   2.6188525E+05   8.4385532E-01   1.8571299E-02   2.0708683E+00   2.6090239E+05   2.6188525E+05   2.4473937E+05   0.0000000E+00   0.0000000E+00   0.0000000E+00   0.0000000E+00
   2.9853092E-01   2.4855893E+05   2.4855893E+05   7.4968050E-01   1.6507068E-02   1.8444283E+00   2.4762602E+05   2.4855893E+05   2.3228549E+05   0.0000000E+00   0.0000000E+00   0.0000000E+00   0.0000000E+00
   3.0854872E-01   2.3629989E+05   2.3629989E+05   6.7309195E-01   1.4693039E-02   1.6497368E+00   2.3541295E+05   2.3629989E+05   2.2082901E+05   0.0000000E+00   0.0000000E+00   0.0000000E+00   0.0000000E+00
   3.1891649E-01   2.2556788E+05   2.2556788E+05   6.0021048E-01   1.3127655E-02   1.4775014E+00   2.2472117E+05   2.2556788E+05   2.1079960E+05   0.0000000E+00   0.0000000E+00   0.0000000E+00   0.0000000E+00
   3.2965075E-01   2.1595160E+05   2.1595160E+05   5.3526521E-01   1.1760397E-02   1.3269700E+00   2.1514094E+05   2.1595160E+05   2.0181287E+05   0.0000000E+00   0.0000000E+00   0.0000000E+00   0.0000000E+00
   3.4076970E-01   2.0656453E+05   2.0656453E+05   4.8069902E-01   1.0525785E-02   1.1918308E+00   2.0578907E+05   2.0656453E+05   1.9304035E+05   0.0000000E+00   0.0000000E+00   0.0000000E+00   0.0000000E+00
   3.5229350E-01   1.9682570E+05   1.9682570E+05   4.2945340E-01   9.3849201E-03   1.0589449E+00   1.9608677E+05   1.9682570E+05   1.8393911E+05   0.0000000E+00   0.0000000E+00   0.0000000E+00   0.0000000E+00
   3.6424462E-01   1.8692567E+05   1.8692567E+05   3.8119242E-01   8.3392573E-03   9.4641193E-01   1.8622388E+05   1.8692567E+05   1.7468723E+05   0.0000000E+00   0.0000000E+00   0.0000000E+00   0.0000000E+00
   3.7664818E-01   1.7753391E+05   1.7753391E+05   3.3839813E-01   7.4082854E-03   8.4380921E-01   1.7686735E+05   1.7753391E+05   1.6591034E+05   0.0000000E+00   0.0000000E+00   0.0000000E+00   0.0000000E+00
   3.8953241E-01   1.6904969E+05   1.6904969E+05   3.0148991E-01   6.5950448E-03   7.5001853E-01   1.6841496E+05   1.6904969E+05   1.5798158E+05   0.0000000E+00   0.0000000E+00   0.0000000E+00   0.0000000E+00
   4.0292922E-01   1.6120326E+05   1.6120326E+05   2.6841200E-01   5.8770523E-03   6.6830766E-01   1.6059797E+05   1.6120326E+05   1.5064886E+05   0.0000000E+00   0.0000000E+00   0.0000000E+00   0.0000000E+00
   4.1687489E-01   1.5344545E+05   1.5344545E+05   2.3897986E-01   5.2262151E-03   5.9881253E-01   1.5286927E+05   1.5344545E+05   1.4339896E+05   0.0000000E+00   0.0000000E+00   0.0000000E+00   0.0000000E+00
   4.3141083E-01   1.4562689E+05   1.4562689E+05   2.1193248E-01   4.6318517E-03   5.2998474E-01   1.4508005E+05   1.4562689E+05   1.3609228E+05   0.0000000E+00   0.0000000E+00   0.0000000E+00   0.0000000E+00
   4.4658468E-01   1.3809154E+05   1.3809154E+05   1.8744687E-01   4.0990350E-03   4.7150498E-01   1.3757298E+05   1.3809154E+05   1.2905028E+05   0.0000000E+00   0.0000000E+00   0.0000000E+00   0.0000000E+00
   4.6245152E-01   1.3109854E+05   1.3109854E+05   1.6594991E-01   3.6289841E-03   4.1719715E-01   1.3060623E+05   1.3109854E+05   1.2251512E+05   0.0000000E+00   0.0000000E+00   0.0000000E+00   0.0000000E+00
   4.7907550E-01   1.2445110E+05   1.2445110E+05   1.4690706E-01   3.2098757E-03   3.7055523E-01   1.2398374E+05   1.2445110E+05   1.1630290E+05   0.0000000E+00   0.0000000E+00   0.0000000E+00   0.0000000E+00
   4.9653182E-01   1.1787528E+05   1.1787528E+05   1.2935860E-01   2.8303942E-03   3.2712393E-01   1.1743260E+05   1.1787528E+05   1.1015760E+05   0.0000000E+00   0.0000000E+00   0.0000000E+00   0.0000000E+00
   5.1490935E-01   1.1145346E+05   1.1145346E+05   1.1382285E-01   2.4886877E-03   2.8716303E-01   1.1103489E+05   1.1145346E+05   1.0415623E+05   0.0000000E+00   0.0000000E+00   0.0000000E+00   0.0000000E+00
   5.3431383E-01   1.0536102E+05   1.0536102E+05   9.9926809E-02   2.1848522E-03   2.5400797E-01   1.0496532E+05   1.0536102E+05   9.8462673E+04   0.0000000E+00   0.0000000E+00   0.0000000E+00   0.0000000E+00
   5.5487217E-01   9.9493143E+04   9.9493143E+04   8.7478071E-02   1.9131215E-03   2.2196362E-01   9.9119470E+04   9.9493143E+04   9.2978978E+04   0.0000000E+00   0.0000000E+00   0.0000000E+00   0.0000000E+00
   5.7673786E-01   9.3727467E+04   9.3727467E+04   7.6272717E-02   1.6682523E-03   1.9366478E-01   9.3375442E+04   9.3727467E+04   8.7590795E+04   0.0000000E+00   0.0000000E+00   0.0000000E+00   0.0000000E+00
   6.0009797E-01   8.8148578E+04   8.8148578E+04   6.6249706E-02   1.4491921E-03   1.6938669E-01   8.7817500E+04   8.8148578E+04   8.2377170E+04   0.0000000E+00   0.0000000E+00   0.0000000E+00   0.0000000E+00
   6.2518216E-01   8.2751351E+04   8.2751351E+04   5.7296522E-02   1.2534945E-03   1.4572140E-01   8.2440538E+04   8.2751351E+04   7.7333312E+04   0.0000000E+00   0.0000000E+00   0.0000000E+00   0.0000000E+00
   6.5227400E-01   7.7457354E+04   7.7457354E+04   4.9276283E-02   1.0778960E-03   1.2612652E-01   7.7166420E+04   7.7457354E+04   7.2385929E+04   0.0000000E+00   0.0000000E+00   0.0000000E+00   0.0000000E+00
   6.8172469E-01   7.2299199E+04   7.2299199E+04   4.2103676E-02   9.2106156E-04   1.0806628E-01   7.2027635E+04   7.2299199E+04   6.7565493E+04   0.0000000E+00   0.0000000E+00   0.0000000E+00   0.0000000E+00
   7.1396871E-01   6.7247872E+04   6.7247872E+04   3.5705619E-02   7.8109584E-04   9.1075456E-02   6.6995277E+04   6.7247872E+04   6.2844892E+04   0.0000000E+00   0.0000000E+00   0.0000000E+00   0.0000000E+00
   7.4953887E-01   6.2292152E+04   6.2292152E+04   3.0009659E-02   6.5649805E-04   7.6906476E-02   6.2058169E+04   6.2292152E+04   5.8213639E+04   0.0000000E+00   0.0000000E+00   0.0000000E+00   0.0000000E+00
   7.8907515E-01   5.7431150E+04   5.7431150E+04   2.4964650E-02   5.4614373E-04   6.4014573E-02   5.7215422E+04   5.7431150E+04   5.3670903E+04   0.0000000E+00   0.0000000E+00   0.0000000E+00   0.0000000E+00
   8.3331578E-01   5.2666032E+04   5.2666032E+04   2.0526773E-02   4.4906961E-04   5.2981697E-02   5.2468200E+04   5.2666032E+04   4.9217774E+04   0.0000000E+00   0.0000000E+00   0.0000000E+00   0.0000000E+00
   8.8305337E-01   4.8013832E+04   4.8013832E+04   1.6664520E-02   3.6458791E-04   4.2932811E-02   4.7833472E+04   4.8013832E+04   4.4870169E+04   0.0000000E+00   0.0000000E+00   0.0000000E+00   0.0000000E+00
   9.3904139E-01   4.3509154E+04   4.3509154E+04   1.3353890E-02   2.9216412E-04   3.4327473E-02   4.3345714E+04   4.3509154E+04   4.0660429E+04   0.0000000E+00   0.0000000E+00   0.0000000E+00   0.0000000E+00
   1.0018627E+00   3.9201146E+04   3.9201146E+04   1.0569969E-02   2.3125939E-04   2.7553062E-02   3.9053887E+04   3.9201146E+04   3.6634482E+04   0.0000000E+00   0.0000000E+00   0.0000000E+00   0.0000000E+00
   1.0718245E+00   3.5145480E+04   3.5145480E+04   8.2795911E-03   1.8115261E-04   2.1706080E-02   3.5013455E+04   3.5145480E+04   3.2844357E+04   0.0000000E+00   0.0000000E+00   0.0000000E+00   0.0000000E+00
   1.1489681E+00   3.1390276E+04   3.1390276E+04   6.4351882E-03   1.4080304E-04   1.6810020E-02   3.1272356E+04   3.1390276E+04   2.9335021E+04   0.0000000E+00   0.0000000E+00   0.0000000E+00   0.0000000E+00
   1.2332134E+00   2.7963963E+04   2.7963963E+04   4.9762417E-03   1.0888435E-04   1.3004759E-02   2.7858913E+04   2.7963963E+04   2.6133042E+04   0.0000000E+00   0.0000000E+00   0.0000000E+00   0.0000000E+00
   1.3245370E+00   2.4870561E+04   2.4870561E+04   3.8364660E-03   8.3947967E-05   9.9331223E-03   2.4777132E+04   2.4870561E+04   2.3242178E+04   0.0000000E+00   0.0000000E+00   0.0000000E+00   0.0000000E+00
   1.4230778E+00   2.2095911E+04   2.2095911E+04   2.9540533E-03   6.4612266E-05   7.6707308E-03   2.2012904E+04   2.2095911E+04   2.0649195E+04   0.0000000E+00   0.0000000E+00   0.0000000E+00   0.0000000E+00
   1.5291495E+00   1.9616642E+04   1.9616642E+04   2.2705569E-03   4.9681207E-05   6.0329788E-03   1.9542949E+04   1.9616642E+04   1.8332255E+04   0.0000000E+00   0.0000000E+00   0.0000000E+00   0.0000000E+00
   1.6432040E+00   1.7405433E+04   1.7405433E+04   1.7445631E-03   3.8175421E-05   4.5606969E-03   1.7340046E+04   1.7405433E+04   1.6265823E+04   0.0000000E+00   0.0000000E+00   0.0000000E+00   0.0000000E+00
   1.7657911E+00   1.5435725E+04   1.5435725E+04   1.3397444E-03   2.9318390E-05   3.5060546E-03   1.5377737E+04   1.5435725E+04   1.4425080E+04   0.0000000E+00   0.0000000E+00   0.0000000E+00   0.0000000E+00
   1.8975308E+00   1.3682388E+04   1.3682388E+04   1.0283742E-03   2.2505533E-05   2.7386935E-03   1.3630987E+04   1.3682388E+04   1.2786542E+04   0.0000000E+00   0.0000000E+00   0.0000000E+00   0.0000000E+00
   2.0391011E+00   1.2122752E+04   1.2122752E+04   7.8901643E-04   1.7268130E-05   2.0865119E-03   1.2077210E+04   1.2122752E+04   1.1329022E+04   0.0000000E+00   0.0000000E+00   0.0000000E+00   0.0000000E+00
   2.1912339E+00   1.0736169E+04   1.0736169E+04   6.0510258E-04   1.3243784E-05   1.5979740E-03   1.0695835E+04   1.0736169E+04   1.0033224E+04   0.0000000E+00   0.0000000E+00   0.0000000E+00   0.0000000E+00
   2.3547171E+00   9.5041579E+03   9.5041579E+03   4.6385825E-04   1.0153051E-05   1.2250437E-03   9.4684530E+03   9.5041579E+03   8.8818784E+03   0.0000000E+00   0.0000000E+00   0.0000000E+00   0.0000000E+00
   2.5303974E+00   8.4100741E+03   8.4100741E+03   3.5549653E-04   7.7804979E-06   9.2765345E-04   8.3784794E+03   8.4100741E+03   7.8594291E+03   0.0000000E+00   0.0000000E+00   0.0000000E+00   0.0000000E+00
   2.7191849E+00   7.4389728E+03   7.4389728E+03   2.7213395E-04   5.9600258E-06   7.1094028E-04   7.4110261E+03   7.4389728E+03   6.9519100E+03   0.0000000E+00   0.0000000E+00   0.0000000E+00   0.0000000E+00
   2.9220573E+00   6.5774656E+03   6.5774656E+03   2.0852885E-04   4.5637798E-06   5.3009936E-04   6.5527554E+03   6.5774656E+03   6.1468095E+03   0.0000000E+00   0.0000000E+00   0.0000000E+00   0.0000000E+00
   3.1400657E+00   5.8135559E+03   5.8135559E+03   1.5957495E-04   3.4933453E-06   4.1203955E-04   5.7917156E+03   5.8135559E+03   5.4329164E+03   0.0000000E+00   0.0000000E+00   0.0000000E+00   0.0000000E+00
   3.3743392E+00   5.1365042E+03   5.1365042E+03   1.2209142E-04   2.6730525E-06   3.2623395E-04   5.1172074E+03   5.1365042E+03   4.8001943E+03   0.0000000E+00   0.0000000E+00   0.0000000E+00   0.0000000E+00
   3.6260913E+00   4.5367064E+03   4.5367064E+03   9.3378481E-05   2.0447014E-06   2.3221516E-04   4.5196629E+03   4.5367064E+03   4.2396679E+03   0.0000000E+00   0.0000000E+00   0.0000000E+00   0.0000000E+00
   3.8966261E+00   4.0055804E+03   4.0055804E+03   7.1396962E-05   1.5635332E-06   1.8961386E-04   3.9905322E+03   4.0055804E+03   3.7433170E+03   0.0000000E+00   0.0000000E+00   0.0000000E+00   0.0000000E+00
   4.1873449E+00   3.5354632E+03   3.5354632E+03   5.4574347E-05   1.1952283E-06   1.4377816E-04   3.5221812E+03   3.5354632E+03   3.3039806E+03   0.0000000E+00   0.0000000E+00   0.0000000E+00   0.0000000E+00
   4.4997536E+00   3.1195180E+03   3.1195180E+03   4.1696344E-05   9.1340576E-07   1.1358644E-04   3.1077985E+03   3.1195180E+03   2.9152691E+03   0.0000000E+00   0.0000000E+00   0.0000000E+00   0.0000000E+00
   4.8354705E+00   2.7516486E+03   2.7516486E+03   3.1847792E-05   6.9783464E-07   8.6428495E-05   2.7413112E+03   2.7516486E+03   2.5714858E+03   0.0000000E+00   0.0000000E+00   0.0000000E+00   0.0000000E+00
   5.1962344E+00   2.4264237E+03   2.4264237E+03   2.4314989E-05   5.3299424E-07   6.6887786E-05   2.4173081E+03   2.4264237E+03   2.2675548E+03   0.0000000E+00   0.0000000E+00   0.0000000E+00   0.0000000E+00
   5.5839142E+00   2.1390070E+03   2.1390070E+03   1.8561366E-05   4.0698515E-07   5.0619186E-05   2.1309711E+03   2.1390070E+03   1.9989566E+03   0.0000000E+00   0.0000000E+00   0.0000000E+00   0.0000000E+00
   6.0005179E+00   1.8850951E+03   1.8850951E+03   1.4170025E-05   3.1069113E-07   3.5449525E-05   1.8780131E+03   1.8850951E+03   1.7616694E+03   0.0000000E+00   0.0000000E+00   0.0000000E+00   0.0000000E+00
   6.4482035E+00   1.6608607E+03   1.6608607E+03   1.0810472E-05   2.3712402E-07   2.8036552E-05   1.6546212E+03   1.6608607E+03   1.5521167E+03   0.0000000E+00   0.0000000E+00   0.0000000E+00   0.0000000E+00
   6.9292900E+00   1.4629025E+03   1.4629025E+03   8.2462629E-06   1.8093815E-07   1.8348234E-05   1.4574067E+03   1.4629025E+03   1.3671197E+03   0.0000000E+00   0.0000000E+00   0.0000000E+00   0.0000000E+00
   7.4462692E+00   1.2881990E+03   1.2881990E+03   6.2880051E-06   1.3803620E-07   1.7599900E-05   1.2833595E+03   1.2881990E+03   1.2038548E+03   0.0000000E+00   0.0000000E+00   0.0000000E+00   0.0000000E+00
   8.0018192E+00   1.1340677E+03   1.1340677E+03   4.7915942E-06   1.0528744E-07   1.2645063E-05   1.1298072E+03   1.1340677E+03   1.0598152E+03   0.0000000E+00   0.0000000E+00   0.0000000E+00   0.0000000E+00
   8.5988176E+00   9.9812832E+02   9.9812832E+02   3.6535390E-06   8.0294553E-08   9.2478670E-06   9.9437853E+02   9.9812832E+02   9.3277637E+02   0.0000000E+00   0.0000000E+00   0.0000000E+00   0.0000000E+00
   9.2403567E+00   8.7826981E+02   8.7826981E+02   2.7838794E-06   6.1225111E-08   7.5605384E-06   8.7497030E+02   8.7826981E+02   8.2076553E+02   0.0000000E+00   0.0000000E+00   0.0000000E+00   0.0000000E+00
   9.9297596E+00   7.7262083E+02   7.7262083E+02   2.1209574E-06   4.6678604E-08   5.4046792E-06   7.6971823E+02   7.7262083E+02   7.2203387E+02   0.0000000E+00   0.0000000E+00   0.0000000E+00   0.0000000E+00
   1.0670597E+01   6.7952329E+02   6.7952329E+02   1.6147525E-06   3.5584272E-08   4.4381232E-06   6.7697044E+02   6.7952329E+02   6.3503184E+02   0.0000000E+00   0.0000000E+00   0.0000000E+00   0.0000000E+00
