#           k/h    CDM            baryon         photon         nu             mass_nu        total          no_nu          total_de       Weyl           v_CDM          v_b            v_b-v_c     
   9.5169321E-06   1.2991123E+07   1.2991123E+07   1.7317881E+07   -2.0025263E+04   -1.4229259E+06   1.2991316E+07   1.2991123E+07   1.2062107E+07   0.0000000E+00   0.0000000E+00   0.0000000E+00   0.0000000E+00
   1.0226970E-05   1.2991120E+07   1.2991120E+07   1.7317318E+07   -2.0025423E+04   -1.4229113E+06   1.2991313E+07   1.2991120E+07   1.2062104E+07   0.0000000E+00   0.0000000E+00   0.0000000E+00   0.0000000E+00
   1.0989982E-05   1.2991117E+07   1.2991117E+07   1.7316667E+07   -2.0025607E+04   -1.4228944E+06   1.2991309E+07   1.2991117E+07   1.2062101E+07   0.0000000E+00   0.0000000E+00   0.0000000E+00   0.0000000E+00
   1.1809920E-05   1.2991113E+07   1.2991113E+07   1.7315916E+07   -2.0025820E+04   -1.4228750E+06   1.2991305E+07   1.2991113E+07   1.2062097E+07   0.0000000E+00   0.0000000E+00   0.0000000E+00   0.0000000E+00
   1.2691033E-05   1.2991108E+07   1.2991108E+07   1.7315048E+07   -2.0026066E+04   -1.4228525E+06   1.2991300E+07   1.2991108E+07   1.2062092E+07   0.0000000E+00   0.0000000E+00   0.0000000E+00   0.0000000E+00
   1.3637883E-05   1.2991103E+07   1.2991103E+07   1.7314046E+07   -2.0026350E+04   -1.4228266E+06   1.2991294E+07   1.2991103E+07   1.2062087E+07   0.0000000E+00   0.0000000E+00   0.0000000E+00   0.0000000E+00
   1.4655376E-05   1.2991097E+07   1.2991097E+07   1.7312889E+07   -2.0026677E+04   -1.4227966E+06   1.2991288E+07   1.2991097E+07   1.2062081E+07   0.0000000E+00   0.0000000E+00   0.0000000E+00   0.0000000E+00
   1.5748782E-05   1.2991090E+07   1.2991090E+07   1.7311553E+07   -2.0027056E+04   -1.4227620E+06   1.2991280E+07   1.2991090E+07   1.2062074E+07   0.0000000E+00   0.0000000E+00   0.0000000E+00   0.0000000E+00
   1.6923764E-05   1.2991082E+07   1.2991082E+07   1.7310010E+07   -2.0027493E+04   -1.4227220E+06   1.2991272E+07   1.2991082E+07   1.2062066E+07   0.0000000E+00   0.0000000E+00   0.0000000E+00   0.0000000E+00
   1.8186410E-05   1.2991073E+07   1.2991073E+07   1.7308228E+07   -2.0027997E+04   -1.4226759E+06   1.2991262E+07   1.2991073E+07   1.2062057E+07   0.0000000E+00   0.0000000E+00   0.0000000E+00   0.0000000E+00
   1.9543258E-05   1.2991062E+07   1.2991062E+07   1.7306172E+07   -2.0028580E+04   -1.4226226E+06   1.2991250E+07   1.2991062E+07   1.2062046E+07   0.0000000E+00   0.0000000E+00   0.0000000E+00   0.0000000E+00
   2.1001338E-05   1.2991050E+07   1.2991050E+07   1.7303797E+07   -2.0029252E+04   -1.4225611E+06   1.2991237E+07   1.2991050E+07   1.2062034E+07   0.0000000E+00   0.0000000E+00   0.0000000E+00   0.0000000E+00
   2.2568202E-05   1.2991035E+07   1.2991035E+07   1.7301054E+07   -2.0030029E+04   -1.4224900E+06   1.2991221E+07   1.2991035E+07   1.2062020E+07   0.0000000E+00   0.0000000E+00   0.0000000E+00   0.0000000E+00
   2.4251967E-05   1.2991019E+07   1.2991019E+07   1.7297888E+07   -2.0030925E+04   -1.4224080E+06   1.2991203E+07   1.2991019E+07   1.2062003E+07   0.0000000E+00   0.0000000E+00   0.0000000E+00   0.0000000E+00
   2.6061354E-05   1.2991000E+07   1.2991000E+07   1.7294233E+07   -2.0031960E+04   -1.4223132E+06   1.2991183E+07   1.2991000E+07   1.2061984E+07   0.0000000E+00   0.0000000E+00   0.0000000E+00   0.0000000E+00
   2.8005735E-05   1.2990977E+07   1.2990977E+07   1.7290013E+07   -2.0033155E+04   -1.4222038E+06   1.2991159E+07   1.2990977E+07   1.2061962E+07   0.0000000E+00   0.0000000E+00   0.0000000E+00   0.0000000E+00
   3.0095182E-05   1.2990952E+07   1.2990952E+07   1.7285140E+07   -2.0034534E+04   -1.4220775E+06   1.2991131E+07   1.2990952E+07   1.2061937E+07   0.0000000E+00   0.0000000E+00   0.0000000E+00   0.0000000E+00
   3.2340518E-05   1.2990923E+07   1.2990923E+07   1.7279515E+07   -2.0036126E+04   -1.4219316E+06   1.2991100E+07   1.2990923E+07   1.2061908E+07   0.0000000E+00   0.0000000E+00   0.0000000E+00   0.0000000E+00
   3.4753374E-05   1.2990888E+07   1.2990888E+07   1.7273022E+07   -2.0037963E+04   -1.4217632E+06   1.2991063E+07   1.2990888E+07   1.2061874E+07   0.0000000E+00   0.0000000E+00   0.0000000E+00   0.0000000E+00
   3.7346247E-05   1.2990849E+07   1.2990849E+07   1.7265527E+07   -2.0040083E+04   -1.4215688E+06   1.2991021E+07   1.2990849E+07   1.2061835E+07   0.0000000E+00   0.0000000E+00   0.0000000E+00   0.0000000E+00
   4.0132570E-05   1.2990804E+07   1.2990804E+07   1.7256875E+07   -2.0042529E+04   -1.4213442E+06   1.2990972E+07   1.2990804E+07   1.2061790E+07   0.0000000E+00   0.0000000E+00   0.0000000E+00   0.0000000E+00
   4.3126774E-05   1.2990752E+07   1.2990752E+07   1.7246890E+07   -2.0045352E+04   -1.4210850E+06   1.2990915E+07   1.2990752E+07   1.2061738E+07   0.0000000E+00   0.0000000E+00   0.0000000E+00   0.0000000E+00
   4.6344369E-05   1.2990691E+07   1.2990691E+07   1.7235365E+07   -2.0048608E+04   -1.4207857E+06   1.2990850E+07   1.2990691E+07   1.2061678E+07   0.0000000E+00   0.0000000E+00   0.0000000E+00   0.0000000E+00
   4.9802021E-05   1.2990621E+07   1.2990621E+07   1.7222067E+07   -2.0052364E+04   -1.4204401E+06   1.2990775E+07   1.2990621E+07   1.2061609E+07   0.0000000E+00   0.0000000E+00   0.0000000E+00   0.0000000E+00
   5.3517642E-05   1.2990541E+07   1.2990541E+07   1.7206722E+07   -2.0056696E+04   -1.4200411E+06   1.2990688E+07   1.2990541E+07   1.2061529E+07   0.0000000E+00   0.0000000E+00   0.0000000E+00   0.0000000E+00
   5.7510477E-05   1.2990448E+07   1.2990448E+07   1.7189018E+07   -2.0061690E+04   -1.4195805E+06   1.2990587E+07   1.2990448E+07   1.2061437E+07   0.0000000E+00   0.0000000E+00   0.0000000E+00   0.0000000E+00
   6.1801209E-05   1.2990340E+07   1.2990340E+07   1.7168596E+07   -2.0067448E+04   -1.4190488E+06   1.2990472E+07   1.2990340E+07   1.2061331E+07   0.0000000E+00   0.0000000E+00   0.0000000E+00   0.0000000E+00
   6.6412063E-05   1.2990216E+07   1.2990216E+07   1.7145041E+07   -2.0074083E+04   -1.4184350E+06   1.2990338E+07   1.2990216E+07   1.2061208E+07   0.0000000E+00   0.0000000E+00   0.0000000E+00   0.0000000E+00
   7.1366923E-05   1.2990073E+07   1.2990073E+07   1.7117880E+07   -2.0081728E+04   -1.4177265E+06   1.2990183E+07   1.2990073E+07   1.2061066E+07   0.0000000E+00   0.0000000E+00   0.0000000E+00   0.0000000E+00
   7.6691454E-05   1.2989908E+07   1.2989908E+07   1.7086566E+07   -2.0090532E+04   -1.4169087E+06   1.2990005E+07   1.2989908E+07   1.2060902E+07   0.0000000E+00   0.0000000E+00   0.0000000E+00   0.0000000E+00
   8.2413236E-05   1.2989717E+07   1.2989717E+07   1.7050474E+07   -2.0100667E+04   -1.4159648E+06   1.2989799E+07   1.2989717E+07   1.2060713E+07   0.0000000E+00   0.0000000E+00   0.0000000E+00   0.0000000E+00
   8.8561909E-05   1.2989497E+07   1.2989497E+07   1.7008886E+07   -2.0112328E+04   -1.4148756E+06   1.2989562E+07   1.2989497E+07   1.2060494E+07   0.0000000E+00   0.0000000E+00   0.0000000E+00   0.0000000E+00
   9.5169321E-05   1.2989243E+07   1.2989243E+07   1.6960983E+07   -2.0125739E+04   -1.4136188E+06   1.2989288E+07   1.2989243E+07   1.2060242E+07   0.0000000E+00   0.0000000E+00   0.0000000E+00   0.0000000E+00
   1.0226970E-04   1.2988949E+07   1.2988949E+07   1.6905826E+07   -2.0141150E+04   -1.4121686E+06   1.2988971E+07   1.2988949E+07   1.2059951E+07   0.0000000E+00   0.0000000E+00   0.0000000E+00   0.0000000E+00
   1.0989982E-04   1.2988611E+07   1.2988611E+07   1.6842347E+07   -2.0158847E+04   -1.4104957E+06   1.2988606E+07   1.2988611E+07   1.2059615E+07   0.0000000E+00   0.0000000E+00   0.0000000E+00   0.0000000E+00
   1.1809920E-04   1.2988220E+07   1.2988220E+07   1.6769328E+07   -2.0179151E+04   -1.4085661E+06   1.2988185E+07   1.2988220E+07   1.2059228E+07   0.0000000E+00   0.0000000E+00   0.0000000E+00   0.0000000E+00
   1.2691033E-04   1.2987769E+07   1.2987769E+07   1.6685386E+07   -2.0202422E+04   -1.4063408E+06   1.2987699E+07   1.2987769E+07   1.2058781E+07   0.0000000E+00   0.0000000E+00   0.0000000E+00   0.0000000E+00
   1.3637883E-04   1.2987249E+07   1.2987249E+07   1.6588955E+07   -2.0229062E+04   -1.4037750E+06   1.2987138E+07   1.2987249E+07   1.2058265E+07   0.0000000E+00   0.0000000E+00   0.0000000E+00   0.0000000E+00
   1.4655376E-04   1.2986649E+07   1.2986649E+07   1.6478266E+07   -2.0259517E+04   -1.4008175E+06   1.2986491E+07   1.2986649E+07   1.2057670E+07   0.0000000E+00   0.0000000E+00   0.0000000E+00   0.0000000E+00
   1.5748782E-04   1.2985958E+07   1.2985958E+07   1.6351330E+07   -2.0294274E+04   -1.3974092E+06   1.2985745E+07   1.2985958E+07   1.2056984E+07   0.0000000E+00   0.0000000E+00   0.0000000E+00   0.0000000E+00
   1.6923764E-04   1.2985160E+07   1.2985160E+07   1.6205919E+07   -2.0333867E+04   -1.3934829E+06   1.2984885E+07   1.2985160E+07   1.2056193E+07   0.0000000E+00   0.0000000E+00   0.0000000E+00   0.0000000E+00
   1.8186410E-04   1.2984241E+07   1.2984241E+07   1.6039555E+07   -2.0378870E+04   -1.3889615E+06   1.2983894E+07   1.2984241E+07   1.2055281E+07   0.0000000E+00   0.0000000E+00   0.0000000E+00   0.0000000E+00
   1.9543258E-04   1.2983181E+07   1.2983181E+07   1.5849493E+07   -2.0429886E+04   -1.3837571E+06   1.2982751E+07   1.2983181E+07   1.2054230E+07   0.0000000E+00   0.0000000E+00   0.0000000E+00   0.0000000E+00
   2.1001338E-04   1.2981961E+07   1.2981961E+07   1.5632722E+07   -2.0487542E+04   -1.3777697E+06   1.2981435E+07   1.2981961E+07   1.2053020E+07   0.0000000E+00   0.0000000E+00   0.0000000E+00   0.0000000E+00
   2.2568202E-04   1.2980555E+07   1.2980555E+07   1.5385970E+07   -2.0552467E+04   -1.3708856E+06   1.2979920E+07   1.2980555E+07   1.2051625E+07   0.0000000E+00   0.0000000E+00   0.0000000E+00   0.0000000E+00
   2.4251967E-04   1.2978937E+07   1.2978937E+07   1.5105722E+07   -2.0625261E+04   -1.3629761E+06   1.2978175E+07   1.2978937E+07   1.2050019E+07   0.0000000E+00   0.0000000E+00   0.0000000E+00   0.0000000E+00
   2.6061354E-04   1.2977075E+07   1.2977075E+07   1.4788264E+07   -2.0706462E+04   -1.3538958E+06   1.2976168E+07   1.2977075E+07   1.2048171E+07   0.0000000E+00   0.0000000E+00   0.0000000E+00   0.0000000E+00
   2.8005735E-04   1.2974933E+07   1.2974933E+07   1.4429743E+07   -2.0796483E+04   -1.3434816E+06   1.2973859E+07   1.2974933E+07   1.2046046E+07   0.0000000E+00   0.0000000E+00   0.0000000E+00   0.0000000E+00
   3.0095182E-04   1.2972472E+07   1.2972472E+07   1.4026273E+07   -2.0895542E+04   -1.3315507E+06   1.2971206E+07   1.2972472E+07   1.2043603E+07   0.0000000E+00   0.0000000E+00   0.0000000E+00   0.0000000E+00
   3.2340518E-04   1.2969645E+07   1.2969645E+07   1.3574074E+07   -2.1003562E+04   -1.3179003E+06   1.2968160E+07   1.2969645E+07   1.2040796E+07   0.0000000E+00   0.0000000E+00   0.0000000E+00   0.0000000E+00
   3.4753374E-04   1.2966400E+07   1.2966400E+07   1.3069667E+07   -2.1120038E+04   -1.3023068E+06   1.2964663E+07   1.2966400E+07   1.2037574E+07   0.0000000E+00   0.0000000E+00   0.0000000E+00   0.0000000E+00
   3.7346247E-04   1.2962679E+07   1.2962679E+07   1.2510141E+07   -2.1243876E+04   -1.2845259E+06   1.2960655E+07   1.2962679E+07   1.2033878E+07   0.0000000E+00   0.0000000E+00   0.0000000E+00   0.0000000E+00
   4.0132570E-04   1.2958416E+07   1.2958416E+07   1.1893475E+07   -2.1373183E+04   -1.2642940E+06   1.2956063E+07   1.2958416E+07   1.2029644E+07   0.0000000E+00   0.0000000E+00   0.0000000E+00   0.0000000E+00
   4.3126774E-04   1.2953538E+07   1.2953538E+07   1.1218954E+07   -2.1505025E+04   -1.2413316E+06   1.2950811E+07   1.2953538E+07   1.2024798E+07   0.0000000E+00   0.0000000E+00   0.0000000E+00   0.0000000E+00
   4.6344369E-04   1.2947963E+07   1.2947963E+07   1.0487653E+07   -2.1635131E+04   -1.2153477E+06   1.2944809E+07   1.2947963E+07   1.2019257E+07   0.0000000E+00   0.0000000E+00   0.0000000E+00   0.0000000E+00
   4.9802021E-04   1.2941599E+07   1.2941599E+07   9.7029839E+06   -2.1757566E+04   -1.1860484E+06   1.2937961E+07   1.2941599E+07   1.2012932E+07   0.0000000E+00   0.0000000E+00   0.0000000E+00   0.0000000E+00
   5.3517642E-04   1.2934347E+07   1.2934347E+07   8.8712774E+06   -2.1864384E+04   -1.1531484E+06   1.2930161E+07   1.2934347E+07   1.2005721E+07   0.0000000E+00   0.0000000E+00   0.0000000E+00   0.0000000E+00
   5.7510477E-04   1.2926095E+07   1.2926095E+07   8.0023342E+06   -2.1945293E+04   -1.1163878E+06   1.2921289E+07   1.2926095E+07   1.1997515E+07   0.0000000E+00   0.0000000E+00   0.0000000E+00   0.0000000E+00
   6.1801209E-04   1.2916722E+07   1.2916722E+07   7.1098614E+06   -2.1987379E+04   -1.0755537E+06   1.2911219E+07   1.2916722E+07   1.1988192E+07   0.0000000E+00   0.0000000E+00   0.0000000E+00   0.0000000E+00
   6.6412063E-04   1.2906097E+07   1.2906097E+07   6.2116568E+06   -2.1974975E+04   -1.0305082E+06   1.2899812E+07   1.2906097E+07   1.1977622E+07   0.0000000E+00   0.0000000E+00   0.0000000E+00   0.0000000E+00
   7.1366923E-04   1.2894074E+07   1.2894074E+07   5.3293723E+06   -2.1889765E+04   -9.8122242E+05   1.2886918E+07   1.2894074E+07   1.1965661E+07   0.0000000E+00   0.0000000E+00   0.0000000E+00   0.0000000E+00
   7.6691454E-04   1.2880500E+07   1.2880500E+07   4.4876551E+06   -2.1711275E+04   -9.2781480E+05   1.2872375E+07   1.2880500E+07   1.1952158E+07   0.0000000E+00   0.0000000E+00   0.0000000E+00   0.0000000E+00
   8.2413236E-04   1.2865206E+07   1.2865206E+07   3.7124730E+06   -2.1417884E+04   -8.7059058E+05   1.2856012E+07   1.2865206E+07   1.1936946E+07   0.0000000E+00   0.0000000E+00   0.0000000E+00   0.0000000E+00
   8.8561909E-04   1.2848010E+07   1.2848010E+07   3.0285032E+06   -2.0988506E+04   -8.1007649E+05   1.2837644E+07   1.2848010E+07   1.1919851E+07   0.0000000E+00   0.0000000E+00   0.0000000E+00   0.0000000E+00
   9.5169321E-04   1.2828716E+07   1.2828716E+07   2.4556358E+06   -2.0405010E+04   -7.4704109E+05   1.2817073E+07   1.2828716E+07   1.1900683E+07   0.0000000E+00   0.0000000E+00   0.0000000E+00   0.0000000E+00
   1.0226970E-03   1.2807110E+07   1.2807110E+07   2.0049516E+06   -1.9655321E+04   -6.8248827E+05   1.2794089E+07   1.2807110E+07   1.1879242E+07   0.0000000E+00   0.0000000E+00   0.0000000E+00   0.0000000E+00
   1.0989982E-03   1.2782959E+07   1.2782959E+07   1.6749681E+06   -1.8736913E+04   -6.1761012E+05   1.2768466E+07   1.2782959E+07   1.1855313E+07   0.0000000E+00   0.0000000E+00   0.0000000E+00   0.0000000E+00
   1.1809920E-03   1.2756010E+07   1.2756010E+07   1.4494250E+06   -1.7660051E+04   -5.5368889E+05   1.2739959E+07   1.2756010E+07   1.1828666E+07   0.0000000E+00   0.0000000E+00   0.0000000E+00   0.0000000E+00
   1.2691033E-03   1.2725988E+07   1.2725988E+07   1.2981904E+06   -1.6449817E+04   -4.9194900E+05   1.2708308E+07   1.2725988E+07   1.1799057E+07   0.0000000E+00   0.0000000E+00   0.0000000E+00   0.0000000E+00
   1.3637883E-03   1.2692595E+07   1.2692595E+07   1.1826457E+06   -1.5145688E+04   -4.3338193E+05   1.2673234E+07   1.2692595E+07   1.1766229E+07   0.0000000E+00   0.0000000E+00   0.0000000E+00   0.0000000E+00
   1.4655376E-03   1.2655518E+07   1.2655518E+07   1.0657229E+06   -1.3797597E+04   -3.7859590E+05   1.2634443E+07   1.2655518E+07   1.1729913E+07   0.0000000E+00   0.0000000E+00   0.0000000E+00   0.0000000E+00
   1.5748782E-03   1.2614429E+07   1.2614429E+07   9.2441505E+05   -1.2458189E+04   -3.2776622E+05   1.2591633E+07   1.2614429E+07   1.1689836E+07   0.0000000E+00   0.0000000E+00   0.0000000E+00   0.0000000E+00
   1.6923764E-03   1.2569001E+07   1.2569001E+07   7.5959806E+05   -1.1172624E+04   -2.8075466E+05   1.2544497E+07   1.2569001E+07   1.1645723E+07   0.0000000E+00   0.0000000E+00   0.0000000E+00   0.0000000E+00
   1.8186410E-03   1.2518913E+07   1.2518913E+07   5.9621528E+05   -9.9692795E+03   -2.3739687E+05   1.2492734E+07   1.2518913E+07   1.1597308E+07   0.0000000E+00   0.0000000E+00   0.0000000E+00   0.0000000E+00
   1.9543258E-03   1.2463856E+07   1.2463856E+07   4.6921971E+05   -8.8560434E+03   -1.9782195E+05   1.2436051E+07   1.2463856E+07   1.1544327E+07   0.0000000E+00   0.0000000E+00   0.0000000E+00   0.0000000E+00
   2.1001338E-03   1.2403536E+07   1.2403536E+07   3.9922034E+05   -7.8256393E+03   -1.6253925E+05   1.2374158E+07   1.2403536E+07   1.1486523E+07   0.0000000E+00   0.0000000E+00   0.0000000E+00   0.0000000E+00
   2.2568202E-03   1.2337657E+07   1.2337657E+07   3.7363532E+05   -6.8685129E+03   -1.3207415E+05   1.2306758E+07   1.2337657E+07   1.1423627E+07   0.0000000E+00   0.0000000E+00   0.0000000E+00   0.0000000E+00
   2.4251967E-03   1.2265919E+07   1.2265919E+07   3.5329663E+05   -5.9850226E+03   -1.0630612E+05   1.2233543E+07   1.2265919E+07   1.1355357E+07   0.0000000E+00   0.0000000E+00   0.0000000E+00   0.0000000E+00
   2.6061354E-03   1.2188012E+07   1.2188012E+07   3.0738874E+05   -5.1862369E+03   -8.4188436E+04   1.2154191E+07   1.2188012E+07   1.1281417E+07   0.0000000E+00   0.0000000E+00   0.0000000E+00   0.0000000E+00
   2.8005735E-03   1.2103625E+07   1.2103625E+07   2.4536330E+05   -4.4811072E+03   -6.4503693E+04   1.2068381E+07   1.2103625E+07   1.1201510E+07   0.0000000E+00   0.0000000E+00   0.0000000E+00   0.0000000E+00
   3.0095182E-03   1.2012457E+07   1.2012457E+07   2.0216873E+05   -3.8637038E+03   -4.7113697E+04   1.1975808E+07   1.2012457E+07   1.1115352E+07   0.0000000E+00   0.0000000E+00   0.0000000E+00   0.0000000E+00
   3.2340518E-03   1.1914214E+07   1.1914214E+07   1.8522725E+05   -3.3182270E+03   -3.2856123E+04   1.1876181E+07   1.1914214E+07   1.1022672E+07   0.0000000E+00   0.0000000E+00   0.0000000E+00   0.0000000E+00
   3.4753374E-03   1.1808596E+07   1.1808596E+07   1.6271474E+05   -2.8366162E+03   -2.1629167E+04   1.1769208E+07   1.1808596E+07   1.0923200E+07   0.0000000E+00   0.0000000E+00   0.0000000E+00   0.0000000E+00
   3.7346247E-03   1.1695296E+07   1.1695296E+07   1.2524648E+05   -2.4203535E+03   -1.1884783E+04   1.1654593E+07   1.1695296E+07   1.0816658E+07   0.0000000E+00   0.0000000E+00   0.0000000E+00   0.0000000E+00
   4.0132570E-03   1.1574013E+07   1.1574013E+07   1.0586240E+05   -2.0630274E+03   -3.3492720E+03   1.1532051E+07   1.1574013E+07   1.0702780E+07   0.0000000E+00   0.0000000E+00   0.0000000E+00   0.0000000E+00
   4.3126774E-03   1.1444460E+07   1.1444460E+07   1.0225430E+05   -1.7511499E+03   2.7049741E+03   1.1401317E+07   1.1444460E+07   1.0581319E+07   0.0000000E+00   0.0000000E+00   0.0000000E+00   0.0000000E+00
   4.6344369E-03   1.1306361E+07   1.1306361E+07   8.2564729E+04   -1.4822794E+03   7.3017974E+03   1.1262138E+07   1.1306361E+07   1.0452039E+07   0.0000000E+00   0.0000000E+00   0.0000000E+00   0.0000000E+00
   4.9802021E-03   1.1159460E+07   1.1159460E+07   6.8551592E+04   -1.2543688E+03   1.1580159E+04   1.1114279E+07   1.1159460E+07   1.0314718E+07   0.0000000E+00   0.0000000E+00   0.0000000E+00   0.0000000E+00
   5.3517642E-03   1.1003528E+07   1.1003528E+07   6.2216813E+04   -1.0571695E+03   1.4182358E+04   1.0957501E+07   1.1003528E+07   1.0169134E+07   0.0000000E+00   0.0000000E+00   0.0000000E+00   0.0000000E+00
   5.7510477E-03   1.0838337E+07   1.0838337E+07   4.7495122E+04   -8.8945801E+02   1.6370914E+04   1.0791552E+07   1.0838337E+07   1.0015053E+07   0.0000000E+00   0.0000000E+00   0.0000000E+00   0.0000000E+00
   6.1801209E-03   1.0663654E+07   1.0663654E+07   4.5949690E+04   -7.4691062E+02   1.7610967E+04   1.0616202E+07   1.0663654E+07   9.8522570E+06   0.0000000E+00   0.0000000E+00   0.0000000E+00   0.0000000E+00
   6.6412063E-03   1.0479246E+07   1.0479246E+07   3.5275911E+04   -6.2619043E+02   1.8155156E+04   1.0431266E+07   1.0479246E+07   9.6805754E+06   0.0000000E+00   0.0000000E+00   0.0000000E+00   0.0000000E+00
   7.1366923E-03   1.0284909E+07   1.0284909E+07   3.2560487E+04   -5.2424175E+02   1.8495636E+04   1.0236566E+07   1.0284909E+07   9.4998408E+06   0.0000000E+00   0.0000000E+00   0.0000000E+00   0.0000000E+00
   7.6691454E-03   1.0080466E+07   1.0080466E+07   2.5063761E+04   -4.3765862E+02   1.8428369E+04   1.0031893E+07   1.0080466E+07   9.3098590E+06   0.0000000E+00   0.0000000E+00   0.0000000E+00   0.0000000E+00
   8.2413236E-03   9.8657372E+06   9.8657372E+06   2.3343190E+04   -3.6468955E+02   1.7780679E+04   9.8170585E+06   9.8657372E+06   9.1104531E+06   0.0000000E+00   0.0000000E+00   0.0000000E+00   0.0000000E+00
   8.8561909E-03   9.6405269E+06   9.6405269E+06   1.9107938E+04   -3.0373633E+02   1.7293993E+04   9.5918991E+06   9.6405269E+06   8.9014715E+06   0.0000000E+00   0.0000000E+00   0.0000000E+00   0.0000000E+00
   9.5169321E-03   9.4046608E+06   9.4046608E+06   1.5196307E+04   -2.5221518E+02   1.6380085E+04   9.3562377E+06   9.4046608E+06   8.6827489E+06   0.0000000E+00   0.0000000E+00   0.0000000E+00   0.0000000E+00
   1.0226970E-02   9.1579801E+06   9.1579801E+06   1.3441602E+04   -2.0902292E+02   1.5272127E+04   9.1099069E+06   9.1579801E+06   8.4541292E+06   0.0000000E+00   0.0000000E+00   0.0000000E+00   0.0000000E+00
   1.0989982E-02   8.9003201E+06   8.9003201E+06   1.1802173E+04   -1.7303898E+02   1.4271763E+04   8.8527507E+06   8.9003201E+06   8.2154671E+06   0.0000000E+00   0.0000000E+00   0.0000000E+00   0.0000000E+00
   1.1809920E-02   8.6315400E+06   8.6315400E+06   1.0000251E+04   -1.4294055E+02   1.3219782E+04   8.5846355E+06   8.6315400E+06   7.9666381E+06   0.0000000E+00   0.0000000E+00   0.0000000E+00   0.0000000E+00
   1.2691033E-02   8.3515319E+06   8.3515319E+06   8.2333027E+03   -1.1780208E+02   1.2116345E+04   8.3054337E+06   8.3515319E+06   7.7075235E+06   0.0000000E+00   0.0000000E+00   0.0000000E+00   0.0000000E+00
   1.3637883E-02   8.0602166E+06   8.0602166E+06   6.9175923E+03   -9.6890770E+01   1.0991977E+04   8.0150851E+06   8.0602166E+06   7.4380668E+06   0.0000000E+00   0.0000000E+00   0.0000000E+00   0.0000000E+00
   1.4655376E-02   7.7575973E+06   7.7575973E+06   5.8134727E+03   -7.9471786E+01   9.8815762E+03   7.7135765E+06   7.7575973E+06   7.1582558E+06   0.0000000E+00   0.0000000E+00   0.0000000E+00   0.0000000E+00
   1.5748782E-02   7.4437680E+06   7.4437680E+06   4.7167841E+03   -6.5013135E+01   8.7939084E+03   7.4010076E+06   7.4437680E+06   6.8681824E+06   0.0000000E+00   0.0000000E+00   0.0000000E+00   0.0000000E+00
   1.6923764E-02   7.1189761E+06   7.1189761E+06   3.6636456E+03   -5.3043363E+01   7.8091133E+03   7.0776145E+06   7.1189761E+06   6.5680656E+06   0.0000000E+00   0.0000000E+00   0.0000000E+00   0.0000000E+00
   1.8186410E-02   6.7836678E+06   6.7836678E+06   3.1437935E+03   -4.3152835E+01   6.9328221E+03   6.7438437E+06   6.7836678E+06   6.2583195E+06   0.0000000E+00   0.0000000E+00   0.0000000E+00   0.0000000E+00
   1.9543258E-02   6.4385709E+06   6.4385709E+06   2.6087010E+03   -3.4968219E+01   6.0029524E+03   6.4004087E+06   6.4385709E+06   5.9396062E+06   0.0000000E+00   0.0000000E+00   0.0000000E+00   0.0000000E+00
   2.1001337E-02   6.0847732E+06   6.0847732E+06   2.1113608E+03   -2.8238205E+01   5.2511851E+03   6.0483909E+06   6.0847732E+06   5.6129289E+06   0.0000000E+00   0.0000000E+00   0.0000000E+00   0.0000000E+00
   2.2568193E-02   5.7238257E+06   5.7238257E+06   1.6429510E+03   -2.2700575E+01   4.4918943E+03   5.6893269E+06   5.7238257E+06   5.2797136E+06   0.0000000E+00   0.0000000E+00   0.0000000E+00   0.0000000E+00
   2.4251916E-02   5.3578494E+06   5.3578494E+06   1.3929589E+03   -1.8173451E+01   3.8240080E+03   5.3253202E+06   5.3578494E+06   4.9419119E+06   0.0000000E+00   0.0000000E+00   0.0000000E+00   0.0000000E+00
   2.6061106E-02   4.9896483E+06   4.9896483E+06   1.1419631E+03   -1.4483411E+01   3.2399592E+03   4.9591523E+06   4.9896483E+06   4.6021054E+06   0.0000000E+00   0.0000000E+00   0.0000000E+00   0.0000000E+00
   2.8004693E-02   4.6228254E+06   4.6228254E+06   8.9783404E+02   -1.1489035E+01   2.7215607E+03   4.5944000E+06   4.6228254E+06   4.2636130E+06   0.0000000E+00   0.0000000E+00   0.0000000E+00   0.0000000E+00
   3.0091332E-02   4.2619004E+06   4.2619004E+06   6.8728389E+02   -9.0769117E+00   2.2801557E+03   4.2355502E+06   4.2619004E+06   3.9305985E+06   0.0000000E+00   0.0000000E+00   0.0000000E+00   0.0000000E+00
   3.2327935E-02   3.9124120E+06   3.9124120E+06   5.8931393E+02   -7.1475739E+00   1.8969961E+03   3.8881026E+06   3.9124120E+06   3.6081655E+06   0.0000000E+00   0.0000000E+00   0.0000000E+00   0.0000000E+00
   3.4716755E-02   3.5809217E+06   3.5809217E+06   4.3339298E+02   -5.6191086E+00   1.5562757E+03   3.5585727E+06   3.5809217E+06   3.3023605E+06   0.0000000E+00   0.0000000E+00   0.0000000E+00   0.0000000E+00
   3.7250909E-02   3.2747116E+06   3.2747116E+06   3.7114420E+02   -4.4261194E+00   1.2782602E+03   3.2541921E+06   3.2747116E+06   3.0198943E+06   0.0000000E+00   0.0000000E+00   0.0000000E+00   0.0000000E+00
   3.9909860E-02   3.0008711E+06   3.0008711E+06   3.0175734E+02   -3.5090757E+00   1.0612929E+03   2.9820011E+06   3.0008711E+06   2.7673004E+06   0.0000000E+00   0.0000000E+00   0.0000000E+00   0.0000000E+00
   4.2658669E-02   2.7646927E+06   2.7646927E+06   2.4174284E+02   -2.8133612E+00   8.8527096E+02   2.7472544E+06   2.7646927E+06   2.5494548E+06   0.0000000E+00   0.0000000E+00   0.0000000E+00   0.0000000E+00
   4.5454608E-02   2.5679980E+06   2.5679980E+06   1.9686748E+02   -2.2913489E+00   7.4529029E+02   2.5517571E+06   2.5679980E+06   2.3680329E+06   0.0000000E+00   0.0000000E+00   0.0000000E+00   0.0000000E+00
   4.8258970E-02   2.4085366E+06   2.4085366E+06   1.6315129E+02   -1.9008746E+00   6.3607501E+02   2.3932693E+06   2.4085366E+06   2.2209559E+06   0.0000000E+00   0.0000000E+00   0.0000000E+00   0.0000000E+00
   5.1046312E-02   2.2809204E+06   2.2809204E+06   1.3701914E+02   -1.6057165E+00   5.5099394E+02   2.2664338E+06   2.2809204E+06   2.1032523E+06   0.0000000E+00   0.0000000E+00   0.0000000E+00   0.0000000E+00
   5.3806183E-02   2.1783121E+06   2.1783121E+06   1.1616582E+02   -1.3784043E+00   4.8330608E+02   2.1644537E+06   2.1783121E+06   2.0086145E+06   0.0000000E+00   0.0000000E+00   0.0000000E+00   0.0000000E+00
   5.6539417E-02   2.0938358E+06   2.0938358E+06   9.9364747E+01   -1.1990551E+00   4.2830601E+02   2.0804954E+06   2.0938358E+06   1.9307010E+06   0.0000000E+00   0.0000000E+00   0.0000000E+00   0.0000000E+00
   5.9253291E-02   2.0213419E+06   2.0213419E+06   8.5766327E+01   -1.0533405E+00   3.8237812E+02   2.0084468E+06   2.0213419E+06   1.8638398E+06   0.0000000E+00   0.0000000E+00   0.0000000E+00   0.0000000E+00
   6.1957897E-02   1.9556780E+06   1.9556780E+06   7.4772038E+01   -9.3151989E-01   3.4257942E+02   1.9431876E+06   1.9556780E+06   1.8032792E+06   0.0000000E+00   0.0000000E+00   0.0000000E+00   0.0000000E+00
   6.4664035E-02   1.8927204E+06   1.8927204E+06   6.6126158E+01   -8.2705360E-01   3.0735808E+02   1.8806198E+06   1.8927204E+06   1.7452162E+06   0.0000000E+00   0.0000000E+00   0.0000000E+00   0.0000000E+00
   6.7382192E-02   1.8293249E+06   1.8293249E+06   5.9386516E+01   -7.3543005E-01   2.7607891E+02   1.8176189E+06   1.8293249E+06   1.6867513E+06   0.0000000E+00   0.0000000E+00   0.0000000E+00   0.0000000E+00
   7.0122135E-02   1.7632682E+06   1.7632682E+06   5.3725047E+01   -6.5368251E-01   2.4807042E+02   1.7519756E+06   1.7632682E+06   1.6258342E+06   0.0000000E+00   0.0000000E+00   0.0000000E+00   0.0000000E+00
   7.2892822E-02   1.6931989E+06   1.6931989E+06   4.8374067E+01   -5.7994890E-01   2.2270024E+02   1.6823468E+06   1.6931989E+06   1.5612186E+06   0.0000000E+00   0.0000000E+00   0.0000000E+00   0.0000000E+00
   7.5702450E-02   1.6185929E+06   1.6185929E+06   4.2977855E+01   -5.1295716E-01   1.9942680E+02   1.6082119E+06   1.6185929E+06   1.4924213E+06   0.0000000E+00   0.0000000E+00   0.0000000E+00   0.0000000E+00
   7.8558553E-02   1.5397034E+06   1.5397034E+06   3.7486271E+01   -4.5200219E-01   1.7792882E+02   1.5298220E+06   1.5397034E+06   1.4196755E+06   0.0000000E+00   0.0000000E+00   0.0000000E+00   0.0000000E+00
   8.1468113E-02   1.4574894E+06   1.4574894E+06   3.2143625E+01   -3.9678552E-01   1.5865395E+02   1.4481302E+06   1.4574894E+06   1.3438653E+06   0.0000000E+00   0.0000000E+00   0.0000000E+00   0.0000000E+00
   8.4437672E-02   1.3735144E+06   1.3735144E+06   2.7957034E+01   -3.4704344E-01   1.4188504E+02   1.3646897E+06   1.3735144E+06   1.2664325E+06   0.0000000E+00   0.0000000E+00   0.0000000E+00   0.0000000E+00
   8.7473417E-02   1.2898047E+06   1.2898047E+06   2.5958736E+01   -3.0272438E-01   1.2601862E+02   1.2815136E+06   1.2898047E+06   1.1892450E+06   0.0000000E+00   0.0000000E+00   0.0000000E+00   0.0000000E+00
   9.0581266E-02   1.2086651E+06   1.2086651E+06   2.3096001E+01   -2.6369659E-01   1.0930218E+02   1.2008919E+06   1.2086651E+06   1.1144281E+06   0.0000000E+00   0.0000000E+00   0.0000000E+00   0.0000000E+00
   9.3766931E-02   1.1324555E+06   1.1324555E+06   1.8801436E+01   -2.2990847E-01   9.7272284E+01   1.1251692E+06   1.1324555E+06   1.0441574E+06   0.0000000E+00   0.0000000E+00   0.0000000E+00   0.0000000E+00
   9.7035972E-02   1.0633397E+06   1.0633397E+06   1.7826912E+01   -2.0106978E-01   8.5421020E+01   1.0564954E+06   1.0633397E+06   9.8042802E+05   0.0000000E+00   0.0000000E+00   0.0000000E+00   0.0000000E+00
   1.0039385E-01   1.0030249E+06   1.0030249E+06   1.4780709E+01   -1.7689566E-01   7.6797762E+01   9.9656623E+05   1.0030249E+06   9.2481375E+05   0.0000000E+00   0.0000000E+00   0.0000000E+00   0.0000000E+00
   1.0384594E-01   9.5252015E+05   9.5252015E+05   1.3064495E+01   -1.5686306E-01   6.7453684E+01   9.4638452E+05   9.5252015E+05   8.7824510E+05   0.0000000E+00   0.0000000E+00   0.0000000E+00   0.0000000E+00
   1.0739759E-01   9.1194879E+05   9.1194879E+05   1.2372214E+01   -1.4043012E-01   6.0821856E+01   9.0607252E+05   9.1194879E+05   8.4083555E+05   0.0000000E+00   0.0000000E+00   0.0000000E+00   0.0000000E+00
   1.1105414E-01   8.8044902E+05   8.8044902E+05   1.1335258E+01   -1.2692796E-01   5.5633269E+01   8.7477393E+05   8.8044902E+05   8.1179044E+05   0.0000000E+00   0.0000000E+00   0.0000000E+00   0.0000000E+00
   1.1482091E-01   8.5619831E+05   8.5619831E+05   1.0276546E+01   -1.1565409E-01   5.0881165E+01   8.5067789E+05   8.5619831E+05   7.8942930E+05   0.0000000E+00   0.0000000E+00   0.0000000E+00   0.0000000E+00
   1.1870327E-01   8.3658314E+05   8.3658314E+05   9.1295568E+00   -1.0592998E-01   4.6522464E+01   8.3118767E+05   8.3658314E+05   7.7134237E+05   0.0000000E+00   0.0000000E+00   0.0000000E+00   0.0000000E+00
   1.2270658E-01   8.1851740E+05   8.1851740E+05   7.9441103E+00   -9.7157335E-02   4.3283163E+01   8.1323705E+05   8.1851740E+05   7.5468418E+05   0.0000000E+00   0.0000000E+00   0.0000000E+00   0.0000000E+00
   1.2683629E-01   7.9888564E+05   7.9888564E+05   7.7790170E+00   -8.8860133E-02   4.0040583E+01   7.9373067E+05   7.9888564E+05   7.3658225E+05   0.0000000E+00   0.0000000E+00   0.0000000E+00   0.0000000E+00
   1.3109785E-01   7.7505537E+05   7.7505537E+05   6.6217453E+00   -8.0731968E-02   3.6351374E+01   7.7005300E+05   7.7505537E+05   7.1460936E+05   0.0000000E+00   0.0000000E+00   0.0000000E+00   0.0000000E+00
   1.3549681E-01   7.4537208E+05   7.4537208E+05   6.2292048E+00   -7.2645449E-02   3.2634897E+01   7.4056024E+05   7.4537208E+05   6.8724007E+05   0.0000000E+00   0.0000000E+00   0.0000000E+00   0.0000000E+00
   1.4003876E-01   7.0953086E+05   7.0953086E+05   5.6750973E+00   -6.4646898E-02   2.9403663E+01   7.0494945E+05   7.0953086E+05   6.5419324E+05   0.0000000E+00   0.0000000E+00   0.0000000E+00   0.0000000E+00
   1.4472935E-01   6.6871731E+05   6.6871731E+05   5.0064007E+00   -5.6915425E-02   2.6068306E+01   6.6439858E+05   6.6871731E+05   6.1656203E+05   0.0000000E+00   0.0000000E+00   0.0000000E+00   0.0000000E+00
   1.4957431E-01   6.2543875E+05   6.2543875E+05   4.2573123E+00   -4.9703424E-02   2.2800346E+01   6.2139879E+05   6.2543875E+05   5.7665820E+05   0.0000000E+00   0.0000000E+00   0.0000000E+00   0.0000000E+00
   1.5457946E-01   5.8302571E+05   5.8302571E+05   3.6014020E+00   -4.3260410E-02   2.0354623E+01   5.7925906E+05   5.8302571E+05   5.3755253E+05   0.0000000E+00   0.0000000E+00   0.0000000E+00   0.0000000E+00
   1.5975068E-01   5.4486885E+05   5.4486885E+05   3.3238760E+00   -3.7767949E-02   1.7650560E+01   5.4134814E+05   5.4486885E+05   5.0237118E+05   0.0000000E+00   0.0000000E+00   0.0000000E+00   0.0000000E+00
   1.6509396E-01   5.1354989E+05   5.1354989E+05   2.9128333E+00   -3.3293390E-02   1.5925821E+01   5.1023104E+05   5.1354989E+05   4.7349451E+05   0.0000000E+00   0.0000000E+00   0.0000000E+00   0.0000000E+00
   1.7061539E-01   4.9009747E+05   4.9009747E+05   2.5648652E+00   -2.9759951E-02   1.4318425E+01   4.8692973E+05   4.9009747E+05   4.5187088E+05   0.0000000E+00   0.0000000E+00   0.0000000E+00   0.0000000E+00
   1.7632115E-01   4.7361639E+05   4.7361639E+05   2.3620964E+00   -2.6969106E-02   1.2974389E+01   4.7055475E+05   4.7361639E+05   4.3667490E+05   0.0000000E+00   0.0000000E+00   0.0000000E+00   0.0000000E+00
   1.8221758E-01   4.6147308E+05   4.6147308E+05   2.1386333E+00   -2.4655220E-02   1.1680617E+01   4.5848955E+05   4.6147308E+05   4.2547839E+05   0.0000000E+00   0.0000000E+00   0.0000000E+00   0.0000000E+00
   1.8831114E-01   4.5006637E+05   4.5006637E+05   1.9083738E+00   -2.2556929E-02   1.0920298E+01   4.4715625E+05   4.5006637E+05   4.1496108E+05   0.0000000E+00   0.0000000E+00   0.0000000E+00   0.0000000E+00
   1.9460847E-01   4.3600138E+05   4.3600138E+05   1.7123055E+00   -2.0479544E-02   9.8047784E+00   4.3318188E+05   4.3600138E+05   4.0199286E+05   0.0000000E+00   0.0000000E+00   0.0000000E+00   0.0000000E+00
   2.0111638E-01   4.1728648E+05   4.1728648E+05   1.5397685E+00   -1.8346757E-02   8.8125894E+00   4.1458771E+05   4.1728648E+05   3.8473747E+05   0.0000000E+00   0.0000000E+00   0.0000000E+00   0.0000000E+00
   2.0784193E-01   3.9408344E+05   3.9408344E+05   1.3619508E+00   -1.6199280E-02   7.9200668E+00   3.9153449E+05   3.9408344E+05   3.6334407E+05   0.0000000E+00   0.0000000E+00   0.0000000E+00   0.0000000E+00
   2.1479242E-01   3.6863811E+05   3.6863811E+05   1.2381496E+00   -1.4156616E-02   6.9050363E+00   3.6625351E+05   3.6863811E+05   3.3988332E+05   0.0000000E+00   0.0000000E+00   0.0000000E+00   0.0000000E+00
   2.2197544E-01   3.4431805E+05   3.4431805E+05   1.0568772E+00   -1.2356074E-02   6.1383327E+00   3.4209057E+05   3.4431805E+05   3.1746011E+05   0.0000000E+00   0.0000000E+00   0.0000000E+00   0.0000000E+00
   2.2939894E-01   3.2409596E+05   3.2409596E+05   9.2491071E-01   -1.0878398E-02   5.4167129E+00   3.2199912E+05   3.2409596E+05   2.9881524E+05   0.0000000E+00   0.0000000E+00   0.0000000E+00   0.0000000E+00
   2.3707128E-01   3.0915495E+05   3.0915495E+05   8.4567815E-01   -9.7204265E-03   4.8526616E+00   3.0715462E+05   3.0915495E+05   2.8503954E+05   0.0000000E+00   0.0000000E+00   0.0000000E+00   0.0000000E+00
   2.4500126E-01   2.9834133E+05   2.9834133E+05   7.4700789E-01   -8.7956607E-03   4.3447894E+00   2.9641083E+05   2.9834133E+05   2.7506930E+05   0.0000000E+00   0.0000000E+00   0.0000000E+00   0.0000000E+00
   2.5319824E-01   2.8883679E+05   2.8883679E+05   6.9052303E-01   -7.9847908E-03   3.9473028E+00   2.8696766E+05   2.8883679E+05   2.6630604E+05   0.0000000E+00   0.0000000E+00   0.0000000E+00   0.0000000E+00
   2.6167220E-01   2.7776873E+05   2.7776873E+05   6.1869854E-01   -7.1938857E-03   3.5645055E+00   2.7597110E+05   2.7776873E+05   2.5610123E+05   0.0000000E+00   0.0000000E+00   0.0000000E+00   0.0000000E+00
   2.7043384E-01   2.6386509E+05   2.6386509E+05   5.4144166E-01   -6.3938997E-03   3.2120776E+00   2.6215734E+05   2.6386509E+05   2.4328205E+05   0.0000000E+00   0.0000000E+00   0.0000000E+00   0.0000000E+00
   2.7949469E-01   2.4811612E+05   2.4811612E+05   4.8127169E-01   -5.6210882E-03   2.8129789E+00   2.4651020E+05   2.4811612E+05   2.2876151E+05   0.0000000E+00   0.0000000E+00   0.0000000E+00   0.0000000E+00
   2.8886724E-01   2.3295194E+05   2.3295194E+05   4.2187227E-01   -4.9342270E-03   2.4811653E+00   2.3144410E+05   2.3295194E+05   2.1478016E+05   0.0000000E+00   0.0000000E+00   0.0000000E+00   0.0000000E+00
   2.9856509E-01   2.2044590E+05   2.2044590E+05   3.7431521E-01   -4.3696099E-03   2.2323419E+00   2.1901893E+05   2.2044590E+05   2.0324960E+05   0.0000000E+00   0.0000000E+00   0.0000000E+00   0.0000000E+00
   3.0860311E-01   2.1083228E+05   2.1083228E+05   3.3330845E-01   -3.9140804E-03   1.9836895E+00   2.0946747E+05   2.1083228E+05   1.9438584E+05   0.0000000E+00   0.0000000E+00   0.0000000E+00   0.0000000E+00
   3.1899764E-01   2.0249496E+05   2.0249496E+05   3.0012466E-01   -3.5215354E-03   1.7961450E+00   2.0118406E+05   2.0249496E+05   1.8669884E+05   0.0000000E+00   0.0000000E+00   0.0000000E+00   0.0000000E+00
   3.2976675E-01   1.9345593E+05   1.9345593E+05   2.7162039E-01   -3.1490536E-03   1.6003371E+00   1.9220349E+05   1.9345593E+05   1.7836487E+05   0.0000000E+00   0.0000000E+00   0.0000000E+00   0.0000000E+00
   3.4093048E-01   1.8308420E+05   1.8308420E+05   2.4070523E-01   -2.7862805E-03   1.4297060E+00   1.8189887E+05   1.8308420E+05   1.6880218E+05   0.0000000E+00   0.0000000E+00   0.0000000E+00   0.0000000E+00
   3.5251117E-01   1.7246710E+05   1.7246710E+05   2.0961721E-01   -2.4535417E-03   1.2639161E+00   1.7135046E+05   1.7246710E+05   1.5901325E+05   0.0000000E+00   0.0000000E+00   0.0000000E+00   0.0000000E+00
   3.6453388E-01   1.6310982E+05   1.6310982E+05   1.8591384E-01   -2.1688384E-03   1.1179828E+00   1.6205372E+05   1.6310982E+05   1.5038588E+05   0.0000000E+00   0.0000000E+00   0.0000000E+00   0.0000000E+00
   3.7702680E-01   1.5533274E+05   1.5533274E+05   1.6569988E-01   -1.9319354E-03   1.0028134E+00   1.5432696E+05   1.5533274E+05   1.4321544E+05   0.0000000E+00   0.0000000E+00   0.0000000E+00   0.0000000E+00
   3.9002188E-01   1.4810249E+05   1.4810249E+05   1.4744731E-01   -1.7217758E-03   8.9484847E-01   1.4714350E+05   1.4810249E+05   1.3654919E+05   0.0000000E+00   0.0000000E+00   0.0000000E+00   0.0000000E+00
   4.0355550E-01   1.4041753E+05   1.4041753E+05   1.3121459E-01   -1.5246537E-03   7.8819090E-01   1.3950828E+05   1.4041753E+05   1.2946370E+05   0.0000000E+00   0.0000000E+00   0.0000000E+00   0.0000000E+00
   4.1766928E-01   1.3248034E+05   1.3248034E+05   1.1537961E-01   -1.3422307E-03   6.9473253E-01   1.3162246E+05   1.3248034E+05   1.2214566E+05   0.0000000E+00   0.0000000E+00   0.0000000E+00   0.0000000E+00
   4.3241119E-01   1.2517160E+05   1.2517160E+05   1.0187582E-01   -1.1828563E-03   6.1807820E-01   1.2436103E+05   1.2517160E+05   1.1540705E+05   0.0000000E+00   0.0000000E+00   0.0000000E+00   0.0000000E+00
   4.4783687E-01   1.1868813E+05   1.1868813E+05   8.9692257E-02   -1.0459022E-03   5.4874619E-01   1.1791952E+05   1.1868813E+05   1.0942934E+05   0.0000000E+00   0.0000000E+00   0.0000000E+00   0.0000000E+00
   4.6401122E-01   1.1239450E+05   1.1239450E+05   7.9348374E-02   -9.2271093E-04   4.8217313E-01   1.1166663E+05   1.1239450E+05   1.0362665E+05   0.0000000E+00   0.0000000E+00   0.0000000E+00   0.0000000E+00
   4.8101059E-01   1.0597545E+05   1.0597545E+05   6.9625489E-02   -8.0939397E-04   4.2451812E-01   1.0528914E+05   1.0597545E+05   9.7708335E+04   0.0000000E+00   0.0000000E+00   0.0000000E+00   0.0000000E+00
   4.9892539E-01   9.9833900E+04   9.9833900E+04   6.0893926E-02   -7.0865818E-04   3.7236306E-01   9.9187343E+04   9.9833900E+04   9.2045869E+04   0.0000000E+00   0.0000000E+00   0.0000000E+00   0.0000000E+00
   5.1786357E-01   9.4156639E+04   9.4156639E+04   5.3271542E-02   -6.2043513E-04   3.2701336E-01   9.3546838E+04   9.4156639E+04   8.6811479E+04   0.0000000E+00   0.0000000E+00   0.0000000E+00   0.0000000E+00
   5.3795501E-01   8.8609158E+04   8.8609158E+04   4.6517665E-02   -5.4098004E-04   2.8355201E-01   8.8035274E+04   8.8609158E+04   8.1696747E+04   0.0000000E+00   0.0000000E+00   0.0000000E+00   0.0000000E+00
   5.5935727E-01   8.3135492E+04   8.3135492E+04   4.0364106E-02   -4.6947091E-04   2.4819742E-01   8.2597048E+04   8.3135492E+04   7.6650073E+04   0.0000000E+00   0.0000000E+00   0.0000000E+00   0.0000000E+00
   5.8226289E-01   7.7935177E+04   7.7935177E+04   3.4892665E-02   -4.0615167E-04   2.1611458E-01   7.7430406E+04   7.7935177E+04   7.1855428E+04   0.0000000E+00   0.0000000E+00   0.0000000E+00   0.0000000E+00
   6.0690881E-01   7.2888664E+04   7.2888664E+04   3.0053027E-02   -3.4962108E-04   1.8697374E-01   7.2416570E+04   7.2888664E+04   6.7202587E+04   0.0000000E+00   0.0000000E+00   0.0000000E+00   0.0000000E+00
   6.3358798E-01   6.7941577E+04   6.7941577E+04   2.5692994E-02   -2.9898870E-04   1.5832459E-01   6.7501518E+04   6.7941577E+04   6.2641418E+04   0.0000000E+00   0.0000000E+00   0.0000000E+00   0.0000000E+00
   6.6266336E-01   6.3161936E+04   6.3161936E+04   2.1838196E-02   -2.5409538E-04   1.3564184E-01   6.2752828E+04   6.3161936E+04   5.8234633E+04   0.0000000E+00   0.0000000E+00   0.0000000E+00   0.0000000E+00
   6.9458299E-01   5.8477582E+04   5.8477582E+04   1.8404436E-02   -2.1409155E-04   1.1368703E-01   5.8098810E+04   5.8477582E+04   5.3915704E+04   0.0000000E+00   0.0000000E+00   0.0000000E+00   0.0000000E+00
   7.2989314E-01   5.3911808E+04   5.3911808E+04   1.5364447E-02   -1.7873852E-04   9.4952041E-02   5.3562605E+04   5.3911808E+04   4.9706105E+04   0.0000000E+00   0.0000000E+00   0.0000000E+00   0.0000000E+00
   7.6924216E-01   4.9446787E+04   4.9446787E+04   1.2687275E-02   -1.4758992E-04   7.8946894E-02   4.9126500E+04   4.9446787E+04   4.5589399E+04   0.0000000E+00   0.0000000E+00   0.0000000E+00   0.0000000E+00
   8.1336192E-01   4.5098181E+04   4.5098181E+04   1.0349897E-02   -1.2040390E-04   6.5480708E-02   4.4806058E+04   4.5098181E+04   4.1580028E+04   0.0000000E+00   0.0000000E+00   0.0000000E+00   0.0000000E+00
   8.6300959E-01   4.0881341E+04   4.0881341E+04   8.3335553E-03   -9.6941038E-05   5.2472214E-02   4.0616529E+04   4.0881341E+04   3.7692145E+04   0.0000000E+00   0.0000000E+00   0.0000000E+00   0.0000000E+00
   9.1886137E-01   3.6833267E+04   3.6833267E+04   6.6232970E-03   -7.7039216E-05   4.1443992E-02   3.6594674E+04   3.6833267E+04   3.3959863E+04   0.0000000E+00   0.0000000E+00   0.0000000E+00   0.0000000E+00
   9.8138622E-01   3.3001557E+04   3.3001557E+04   5.2021322E-03   -6.0507214E-05   3.2810779E-02   3.2787783E+04   3.3001557E+04   3.0427067E+04   0.0000000E+00   0.0000000E+00   0.0000000E+00   0.0000000E+00
   1.0507767E+00   2.9434219E+04   2.9434219E+04   4.0472401E-03   -4.7070553E-05   2.5304484E-02   2.9243551E+04   2.9434219E+04   2.7138020E+04   0.0000000E+00   0.0000000E+00   0.0000000E+00   0.0000000E+00
   1.1270099E+00   2.6165866E+04   2.6165866E+04   3.1283378E-03   -3.6372636E-05   1.9895868E-02   2.5996368E+04   2.6165866E+04   2.4124634E+04   0.0000000E+00   0.0000000E+00   0.0000000E+00   0.0000000E+00
   1.2100110E+00   2.3210377E+04   2.3210377E+04   2.4069511E-03   -2.7988039E-05   1.5199676E-02   2.3060023E+04   2.3210377E+04   2.1399705E+04   0.0000000E+00   0.0000000E+00   0.0000000E+00   0.0000000E+00
   1.2998078E+00   2.0562155E+04   2.0562155E+04   1.8477766E-03   -2.1485482E-05   1.1810693E-02   2.0428955E+04   2.0562155E+04   1.8958073E+04   0.0000000E+00   0.0000000E+00   0.0000000E+00   0.0000000E+00
   1.3965961E+00   1.8201356E+04   1.8201356E+04   1.4167392E-03   -1.6471551E-05   8.8483058E-03   1.8083449E+04   1.8201356E+04   1.6781443E+04   0.0000000E+00   0.0000000E+00   0.0000000E+00   0.0000000E+00
   1.5007284E+00   1.6102629E+04   1.6102629E+04   1.0854574E-03   -1.2618983E-05   6.8621129E-03   1.5998316E+04   1.6102629E+04   1.4846440E+04   0.0000000E+00   0.0000000E+00   0.0000000E+00   0.0000000E+00
   1.6126751E+00   1.4239777E+04   1.4239777E+04   8.3123500E-04   -9.6625083E-06   5.2477543E-03   1.4147532E+04   1.4239777E+04   1.3128911E+04   0.0000000E+00   0.0000000E+00   0.0000000E+00   0.0000000E+00
   1.7329882E+00   1.2587406E+04   1.2587406E+04   6.3627996E-04   -7.3955953E-06   4.1051922E-03   1.2505865E+04   1.2587406E+04   1.1605444E+04   0.0000000E+00   0.0000000E+00   0.0000000E+00   0.0000000E+00
   1.8622815E+00   1.1122776E+04   1.1122776E+04   4.8669502E-04   -5.6583251E-06   3.0562172E-03   1.1050722E+04   1.1122776E+04   1.0255071E+04   0.0000000E+00   0.0000000E+00   0.0000000E+00   0.0000000E+00
   2.0012221E+00   9.8250325E+03   9.8250325E+03   3.7244968E-04   -4.3274297E-06   2.3693992E-03   9.7613852E+03   9.8250325E+03   9.0585668E+03   0.0000000E+00   0.0000000E+00   0.0000000E+00   0.0000000E+00
   2.1505289E+00   8.6757649E+03   8.6757649E+03   2.8494793E-04   -3.3084067E-06   1.8340391E-03   8.6195625E+03   8.6757649E+03   7.9989552E+03   0.0000000E+00   0.0000000E+00   0.0000000E+00   0.0000000E+00
   2.3109751E+00   7.6583760E+03   7.6583760E+03   2.1774062E-04   -2.5283641E-06   1.3189784E-03   7.6087642E+03   7.6583760E+03   7.0609342E+03   0.0000000E+00   0.0000000E+00   0.0000000E+00   0.0000000E+00
   2.4833920E+00   6.7581067E+03   6.7581067E+03   1.6637742E-04   -1.9316662E-06   1.0881792E-03   6.7143269E+03   6.7581067E+03   6.2308963E+03   0.0000000E+00   0.0000000E+00   0.0000000E+00   0.0000000E+00
   2.6686725E+00   5.9618051E+03   5.9618051E+03   1.2709575E-04   -1.4751778E-06   7.9906525E-04   5.9231837E+03   5.9618051E+03   5.4967153E+03   0.0000000E+00   0.0000000E+00   0.0000000E+00   0.0000000E+00
   2.8677763E+00   5.2577278E+03   5.2577278E+03   9.7060225E-05   -1.1261764E-06   6.0363389E-04   5.2236675E+03   5.2577278E+03   4.8475642E+03   0.0000000E+00   0.0000000E+00   0.0000000E+00   0.0000000E+00
   3.0817349E+00   4.6354261E+03   4.6354261E+03   7.4101446E-05   -8.5944308E-07   4.4816626E-04   4.6053971E+03   4.6354261E+03   4.2738091E+03   0.0000000E+00   0.0000000E+00   0.0000000E+00   0.0000000E+00
   3.3116564E+00   4.0856029E+03   4.0856029E+03   5.6565019E-05   -6.5568188E-07   3.6324711E-04   4.0591357E+03   4.0856029E+03   3.7668785E+03   0.0000000E+00   0.0000000E+00   0.0000000E+00   0.0000000E+00
   3.5587319E+00   3.5999877E+03   3.5999877E+03   4.3156713E-05   -5.0003800E-07   2.8302497E-04   3.5766664E+03   3.5999877E+03   3.3191470E+03   0.0000000E+00   0.0000000E+00   0.0000000E+00   0.0000000E+00
   3.8242412E+00   3.1712287E+03   3.1712287E+03   3.2890938E-05   -3.8120803E-07   2.2045080E-04   3.1506849E+03   3.1712287E+03   2.9238361E+03   0.0000000E+00   0.0000000E+00   0.0000000E+00   0.0000000E+00
   4.1095595E+00   2.7927942E+03   2.7927942E+03   2.5107524E-05   -2.9050448E-07   1.6829352E-04   2.7747020E+03   2.7927942E+03   2.5749238E+03   0.0000000E+00   0.0000000E+00   0.0000000E+00   0.0000000E+00
   4.4161648E+00   2.4588849E+03   2.4588849E+03   1.9144258E-05   -2.2130325E-07   1.1907009E-04   2.4429558E+03   2.4588849E+03   2.2670633E+03   0.0000000E+00   0.0000000E+00   0.0000000E+00   0.0000000E+00
   4.7456453E+00   2.1643539E+03   2.1643539E+03   1.4591246E-05   -1.6852302E-07   9.1528307E-05   2.1503328E+03   2.1643539E+03   1.9955092E+03   0.0000000E+00   0.0000000E+00   0.0000000E+00   0.0000000E+00
   5.0997076E+00   1.9046361E+03   1.9046361E+03   1.1119001E-05   -1.2828081E-07   7.3724525E-05   1.8922975E+03   1.9046361E+03   1.7560523E+03   0.0000000E+00   0.0000000E+00   0.0000000E+00   0.0000000E+00
   5.4801857E+00   1.6756838E+03   1.6756838E+03   8.4720551E-06   -9.7608085E-08   5.1137318E-05   1.6648284E+03   1.6756838E+03   1.5449610E+03   0.0000000E+00   0.0000000E+00   0.0000000E+00   0.0000000E+00
   5.8890504E+00   1.4739105E+03   1.4739105E+03   6.4520675E-06   -7.4236509E-08   4.4972959E-05   1.4643623E+03   1.4739105E+03   1.3589284E+03   0.0000000E+00   0.0000000E+00   0.0000000E+00   0.0000000E+00
   6.3284197E+00   1.2961392E+03   1.2961392E+03   4.9140216E-06   -5.6435496E-08   3.3696374E-05   1.2877426E+03   1.2961392E+03   1.1950253E+03   0.0000000E+00   0.0000000E+00   0.0000000E+00   0.0000000E+00
   6.8005693E+00   1.1395569E+03   1.1395569E+03   3.7413341E-06   -4.2881771E-08   2.6434194E-05   1.1321747E+03   1.1395569E+03   1.0506582E+03   0.0000000E+00   0.0000000E+00   0.0000000E+00   0.0000000E+00
   7.3079450E+00   1.0016744E+03   1.0016744E+03   2.8477824E-06   -3.2565303E-08   1.4155618E-05   9.9518532E+02   1.0016744E+03   9.2353212E+02   0.0000000E+00   0.0000000E+00   0.0000000E+00   0.0000000E+00
   7.8531749E+00   8.8028933E+02   8.8028933E+02   2.1671874E-06   -2.4717524E-08   1.8433890E-05   8.7458664E+02   8.8028933E+02   8.1161653E+02   0.0000000E+00   0.0000000E+00   0.0000000E+00   0.0000000E+00
   8.4390833E+00   7.7345448E+02   7.7345448E+02   1.6490939E-06   -1.8748486E-08   1.0112066E-05   7.6844389E+02   7.7345448E+02   7.1311604E+02   0.0000000E+00   0.0000000E+00   0.0000000E+00   0.0000000E+00
   9.0687049E+00   6.7944845E+02   6.7944845E+02   1.2545231E-06   -1.4211226E-08   6.6089952E-06   6.7504685E+02   6.7944845E+02   6.2644357E+02   0.0000000E+00   0.0000000E+00   0.0000000E+00   0.0000000E+00
   9.7453013E+00   5.9675022E+02   5.9675022E+02   9.5409540E-07   -1.0763756E-08   5.4296414E-06   5.9288436E+02   5.9675022E+02   5.5019677E+02   0.0000000E+00   0.0000000E+00   0.0000000E+00   0.0000000E+00
   1.0472377E+01   5.2401626E+02   5.2401626E+02   7.2557966E-07   -8.1456544E-09   3.4898370E-06   5.2062158E+02   5.2401626E+02   4.8313690E+02   0.0000000E+00   0.0000000E+00   0.0000000E+00   0.0000000E+00
