#           k/h    CDM            baryon         photon         nu             mass_nu        total          no_nu          total_de       Weyl           v_CDM          v_b            v_b-v_c     
   1.0282000E-05   1.3681382E+06   1.3681382E+06   1.8241338E+06   1.7434260E+04   1.8246285E+03   1.3688669E+06   1.3681382E+06   1.3668694E+06   0.0000000E+00   0.0000000E+00   0.0000000E+00   0.0000000E+00
   1.1049118E-05   1.3681380E+06   1.3681380E+06   1.8241258E+06   1.7434210E+04   1.8246098E+03   1.3688667E+06   1.3681380E+06   1.3668692E+06   0.0000000E+00   0.0000000E+00   0.0000000E+00   0.0000000E+00
   1.1873468E-05   1.3681378E+06   1.3681378E+06   1.8241165E+06   1.7434152E+04   1.8245881E+03   1.3688665E+06   1.3681378E+06   1.3668690E+06   0.0000000E+00   0.0000000E+00   0.0000000E+00   0.0000000E+00
   1.2759322E-05   1.3681376E+06   1.3681376E+06   1.8241058E+06   1.7434085E+04   1.8245631E+03   1.3688662E+06   1.3681376E+06   1.3668687E+06   0.0000000E+00   0.0000000E+00   0.0000000E+00   0.0000000E+00
   1.3711267E-05   1.3681373E+06   1.3681373E+06   1.8240934E+06   1.7434008E+04   1.8245342E+03   1.3688659E+06   1.3681373E+06   1.3668684E+06   0.0000000E+00   0.0000000E+00   0.0000000E+00   0.0000000E+00
   1.4734235E-05   1.3681370E+06   1.3681370E+06   1.8240791E+06   1.7433918E+04   1.8245008E+03   1.3688655E+06   1.3681370E+06   1.3668680E+06   0.0000000E+00   0.0000000E+00   0.0000000E+00   0.0000000E+00
   1.5833525E-05   1.3681366E+06   1.3681366E+06   1.8240625E+06   1.7433815E+04   1.8244622E+03   1.3688651E+06   1.3681366E+06   1.3668676E+06   0.0000000E+00   0.0000000E+00   0.0000000E+00   0.0000000E+00
   1.7014830E-05   1.3681362E+06   1.3681362E+06   1.8240435E+06   1.7433696E+04   1.8244177E+03   1.3688646E+06   1.3681362E+06   1.3668671E+06   0.0000000E+00   0.0000000E+00   0.0000000E+00   0.0000000E+00
   1.8284269E-05   1.3681357E+06   1.3681357E+06   1.8240214E+06   1.7433559E+04   1.8243663E+03   1.3688641E+06   1.3681357E+06   1.3668666E+06   0.0000000E+00   0.0000000E+00   0.0000000E+00   0.0000000E+00
   1.9648419E-05   1.3681351E+06   1.3681351E+06   1.8239960E+06   1.7433400E+04   1.8243070E+03   1.3688634E+06   1.3681351E+06   1.3668659E+06   0.0000000E+00   0.0000000E+00   0.0000000E+00   0.0000000E+00
   2.1114344E-05   1.3681345E+06   1.3681345E+06   1.8239666E+06   1.7433216E+04   1.8242384E+03   1.3688627E+06   1.3681345E+06   1.3668652E+06   0.0000000E+00   0.0000000E+00   0.0000000E+00   0.0000000E+00
   2.2689640E-05   1.3681337E+06   1.3681337E+06   1.8239327E+06   1.7433004E+04   1.8241593E+03   1.3688618E+06   1.3681337E+06   1.3668643E+06   0.0000000E+00   0.0000000E+00   0.0000000E+00   0.0000000E+00
   2.4382465E-05   1.3681328E+06   1.3681328E+06   1.8238935E+06   1.7432760E+04   1.8240679E+03   1.3688608E+06   1.3681328E+06   1.3668633E+06   0.0000000E+00   0.0000000E+00   0.0000000E+00   0.0000000E+00
   2.6201587E-05   1.3681318E+06   1.3681318E+06   1.8238483E+06   1.7432477E+04   1.8239624E+03   1.3688597E+06   1.3681318E+06   1.3668622E+06   0.0000000E+00   0.0000000E+00   0.0000000E+00   0.0000000E+00
   2.8156431E-05   1.3681306E+06   1.3681306E+06   1.8237960E+06   1.7432151E+04   1.8238405E+03   1.3688583E+06   1.3681306E+06   1.3668609E+06   0.0000000E+00   0.0000000E+00   0.0000000E+00   0.0000000E+00
   3.0257121E-05   1.3681293E+06   1.3681293E+06   1.8237357E+06   1.7431774E+04   1.8236998E+03   1.3688568E+06   1.3681293E+06   1.3668593E+06   0.0000000E+00   0.0000000E+00   0.0000000E+00   0.0000000E+00
   3.2514539E-05   1.3681277E+06   1.3681277E+06   1.8236660E+06   1.7431339E+04   1.8235373E+03   1.3688550E+06   1.3681277E+06   1.3668576E+06   0.0000000E+00   0.0000000E+00   0.0000000E+00   0.0000000E+00
   3.4940378E-05   1.3681259E+06   1.3681259E+06   1.8235856E+06   1.7430837E+04   1.8233497E+03   1.3688530E+06   1.3681259E+06   1.3668555E+06   0.0000000E+00   0.0000000E+00   0.0000000E+00   0.0000000E+00
   3.7547204E-05   1.3681239E+06   1.3681239E+06   1.8234927E+06   1.7430257E+04   1.8231330E+03   1.3688506E+06   1.3681239E+06   1.3668532E+06   0.0000000E+00   0.0000000E+00   0.0000000E+00   0.0000000E+00
   4.0348519E-05   1.3681215E+06   1.3681215E+06   1.8233854E+06   1.7429587E+04   1.8228829E+03   1.3688479E+06   1.3681215E+06   1.3668504E+06   0.0000000E+00   0.0000000E+00   0.0000000E+00   0.0000000E+00
   4.3358835E-05   1.3681187E+06   1.3681187E+06   1.8232616E+06   1.7428814E+04   1.8225941E+03   1.3688448E+06   1.3681187E+06   1.3668473E+06   0.0000000E+00   0.0000000E+00   0.0000000E+00   0.0000000E+00
   4.6593743E-05   1.3681155E+06   1.3681155E+06   1.8231186E+06   1.7427921E+04   1.8222606E+03   1.3688411E+06   1.3681155E+06   1.3668437E+06   0.0000000E+00   0.0000000E+00   0.0000000E+00   0.0000000E+00
   5.0070001E-05   1.3681118E+06   1.3681118E+06   1.8229534E+06   1.7426889E+04   1.8218755E+03   1.3688369E+06   1.3681118E+06   1.3668395E+06   0.0000000E+00   0.0000000E+00   0.0000000E+00   0.0000000E+00
   5.3805615E-05   1.3681076E+06   1.3681076E+06   1.8227628E+06   1.7425698E+04   1.8214309E+03   1.3688321E+06   1.3681076E+06   1.3668347E+06   0.0000000E+00   0.0000000E+00   0.0000000E+00   0.0000000E+00
   5.7819935E-05   1.3681026E+06   1.3681026E+06   1.8225426E+06   1.7424323E+04   1.8209176E+03   1.3688265E+06   1.3681026E+06   1.3668291E+06   0.0000000E+00   0.0000000E+00   0.0000000E+00   0.0000000E+00
   6.2133755E-05   1.3680970E+06   1.3680970E+06   1.8222884E+06   1.7422736E+04   1.8203250E+03   1.3688200E+06   1.3680970E+06   1.3668226E+06   0.0000000E+00   0.0000000E+00   0.0000000E+00   0.0000000E+00
   6.6769420E-05   1.3680904E+06   1.3680904E+06   1.8219948E+06   1.7420902E+04   1.8196409E+03   1.3688126E+06   1.3680904E+06   1.3668152E+06   0.0000000E+00   0.0000000E+00   0.0000000E+00   0.0000000E+00
   7.1750941E-05   1.3680828E+06   1.3680828E+06   1.8216559E+06   1.7418785E+04   1.8188511E+03   1.3688040E+06   1.3680828E+06   1.3668066E+06   0.0000000E+00   0.0000000E+00   0.0000000E+00   0.0000000E+00
   7.7104123E-05   1.3680741E+06   1.3680741E+06   1.8212647E+06   1.7416341E+04   1.8179394E+03   1.3687940E+06   1.3680741E+06   1.3667966E+06   0.0000000E+00   0.0000000E+00   0.0000000E+00   0.0000000E+00
   8.2856694E-05   1.3680640E+06   1.3680640E+06   1.8208129E+06   1.7413519E+04   1.8168870E+03   1.3687825E+06   1.3680640E+06   1.3667852E+06   0.0000000E+00   0.0000000E+00   0.0000000E+00   0.0000000E+00
   8.9038452E-05   1.3680523E+06   1.3680523E+06   1.8202913E+06   1.7410261E+04   1.8156724E+03   1.3687693E+06   1.3680523E+06   1.3667719E+06   0.0000000E+00   0.0000000E+00   0.0000000E+00   0.0000000E+00
   9.5681418E-05   1.3680388E+06   1.3680388E+06   1.8196892E+06   1.7406499E+04   1.8142705E+03   1.3687540E+06   1.3680388E+06   1.3667566E+06   0.0000000E+00   0.0000000E+00   0.0000000E+00   0.0000000E+00
   1.0282000E-04   1.3680233E+06   1.3680233E+06   1.8189941E+06   1.7402156E+04   1.8126527E+03   1.3687363E+06   1.3680233E+06   1.3667390E+06   0.0000000E+00   0.0000000E+00   0.0000000E+00   0.0000000E+00
   1.1049118E-04   1.3680053E+06   1.3680053E+06   1.8181918E+06   1.7397142E+04   1.8107858E+03   1.3687159E+06   1.3680053E+06   1.3667186E+06   0.0000000E+00   0.0000000E+00   0.0000000E+00   0.0000000E+00
   1.1873468E-04   1.3679846E+06   1.3679846E+06   1.8172656E+06   1.7391354E+04   1.8086318E+03   1.3686923E+06   1.3679846E+06   1.3666951E+06   0.0000000E+00   0.0000000E+00   0.0000000E+00   0.0000000E+00
   1.2759322E-04   1.3679606E+06   1.3679606E+06   1.8161966E+06   1.7384672E+04   1.8061470E+03   1.3686651E+06   1.3679606E+06   1.3666679E+06   0.0000000E+00   0.0000000E+00   0.0000000E+00   0.0000000E+00
   1.3711267E-04   1.3679330E+06   1.3679330E+06   1.8149629E+06   1.7376960E+04   1.8032808E+03   1.3686337E+06   1.3679330E+06   1.3666365E+06   0.0000000E+00   0.0000000E+00   0.0000000E+00   0.0000000E+00
   1.4734235E-04   1.3679011E+06   1.3679011E+06   1.8135392E+06   1.7368058E+04   1.7999753E+03   1.3685975E+06   1.3679011E+06   1.3666003E+06   0.0000000E+00   0.0000000E+00   0.0000000E+00   0.0000000E+00
   1.5833525E-04   1.3678642E+06   1.3678642E+06   1.8118964E+06   1.7357784E+04   1.7961641E+03   1.3685556E+06   1.3678642E+06   1.3665585E+06   0.0000000E+00   0.0000000E+00   0.0000000E+00   0.0000000E+00
   1.7014830E-04   1.3678217E+06   1.3678217E+06   1.8100010E+06   1.7345928E+04   1.7917708E+03   1.3685073E+06   1.3678217E+06   1.3665103E+06   0.0000000E+00   0.0000000E+00   0.0000000E+00   0.0000000E+00
   1.8284269E-04   1.3677726E+06   1.3677726E+06   1.8078144E+06   1.7332247E+04   1.7867078E+03   1.3684515E+06   1.3677726E+06   1.3664546E+06   0.0000000E+00   0.0000000E+00   0.0000000E+00   0.0000000E+00
   1.9648419E-04   1.3677159E+06   1.3677159E+06   1.8052925E+06   1.7316463E+04   1.7808750E+03   1.3683871E+06   1.3677159E+06   1.3663903E+06   0.0000000E+00   0.0000000E+00   0.0000000E+00   0.0000000E+00
   2.1114344E-04   1.3676505E+06   1.3676505E+06   1.8023842E+06   1.7298253E+04   1.7741578E+03   1.3683128E+06   1.3676505E+06   1.3663161E+06   0.0000000E+00   0.0000000E+00   0.0000000E+00   0.0000000E+00
   2.2689640E-04   1.3675750E+06   1.3675750E+06   1.7990310E+06   1.7277250E+04   1.7664253E+03   1.3682270E+06   1.3675750E+06   1.3662304E+06   0.0000000E+00   0.0000000E+00   0.0000000E+00   0.0000000E+00
   2.4382465E-04   1.3674878E+06   1.3674878E+06   1.7951660E+06   1.7253028E+04   1.7575286E+03   1.3681281E+06   1.3674878E+06   1.3661316E+06   0.0000000E+00   0.0000000E+00   0.0000000E+00   0.0000000E+00
   2.6201587E-04   1.3673873E+06   1.3673873E+06   1.7907122E+06   1.7225101E+04   1.7472981E+03   1.3680139E+06   1.3673873E+06   1.3660175E+06   0.0000000E+00   0.0000000E+00   0.0000000E+00   0.0000000E+00
   2.8156431E-04   1.3672712E+06   1.3672712E+06   1.7855815E+06   1.7192910E+04   1.7355417E+03   1.3678821E+06   1.3672712E+06   1.3658860E+06   0.0000000E+00   0.0000000E+00   0.0000000E+00   0.0000000E+00
   3.0257121E-04   1.3671373E+06   1.3671373E+06   1.7796735E+06   1.7155813E+04   1.7220421E+03   1.3677302E+06   1.3671373E+06   1.3657342E+06   0.0000000E+00   0.0000000E+00   0.0000000E+00   0.0000000E+00
   3.2514539E-04   1.3669829E+06   1.3669829E+06   1.7728732E+06   1.7113076E+04   1.7065546E+03   1.3675549E+06   1.3669829E+06   1.3655592E+06   0.0000000E+00   0.0000000E+00   0.0000000E+00   0.0000000E+00
   3.4940378E-04   1.3668047E+06   1.3668047E+06   1.7650500E+06   1.7063862E+04   1.6888048E+03   1.3673528E+06   1.3668047E+06   1.3653573E+06   0.0000000E+00   0.0000000E+00   0.0000000E+00   0.0000000E+00
   3.7547204E-04   1.3665993E+06   1.3665993E+06   1.7560552E+06   1.7007212E+04   1.6684865E+03   1.3671198E+06   1.3665993E+06   1.3651246E+06   0.0000000E+00   0.0000000E+00   0.0000000E+00   0.0000000E+00
   4.0348519E-04   1.3663625E+06   1.3663625E+06   1.7457204E+06   1.6942035E+04   1.6452602E+03   1.3668512E+06   1.3663625E+06   1.3648564E+06   0.0000000E+00   0.0000000E+00   0.0000000E+00   0.0000000E+00
   4.3358835E-04   1.3660895E+06   1.3660895E+06   1.7338553E+06   1.6867091E+04   1.6187527E+03   1.3665418E+06   1.3660895E+06   1.3645474E+06   0.0000000E+00   0.0000000E+00   0.0000000E+00   0.0000000E+00
   4.6593743E-04   1.3657750E+06   1.3657750E+06   1.7202455E+06   1.6780974E+04   1.5885570E+03   1.3661854E+06   1.3657750E+06   1.3641914E+06   0.0000000E+00   0.0000000E+00   0.0000000E+00   0.0000000E+00
   5.0070001E-04   1.3654127E+06   1.3654127E+06   1.7046511E+06   1.6682093E+04   1.5542353E+03   1.3657750E+06   1.3654127E+06   1.3637816E+06   0.0000000E+00   0.0000000E+00   0.0000000E+00   0.0000000E+00
   5.3805615E-04   1.3649955E+06   1.3649955E+06   1.6868041E+06   1.6568658E+04   1.5153234E+03   1.3653027E+06   1.3649955E+06   1.3633099E+06   0.0000000E+00   0.0000000E+00   0.0000000E+00   0.0000000E+00
   5.7819935E-04   1.3645153E+06   1.3645153E+06   1.6664081E+06   1.6438658E+04   1.4713391E+03   1.3647594E+06   1.3645153E+06   1.3627673E+06   0.0000000E+00   0.0000000E+00   0.0000000E+00   0.0000000E+00
   6.2133755E-04   1.3639628E+06   1.3639628E+06   1.6431369E+06   1.6289853E+04   1.4217949E+03   1.3641348E+06   1.3639628E+06   1.3621436E+06   0.0000000E+00   0.0000000E+00   0.0000000E+00   0.0000000E+00
   6.6769420E-04   1.3633277E+06   1.3633277E+06   1.6166352E+06   1.6119755E+04   1.3662174E+03   1.3634173E+06   1.3633277E+06   1.3614271E+06   0.0000000E+00   0.0000000E+00   0.0000000E+00   0.0000000E+00
   7.1750941E-04   1.3625980E+06   1.3625980E+06   1.5865206E+06   1.5925625E+04   1.3041739E+03   1.3625937E+06   1.3625980E+06   1.3606045E+06   0.0000000E+00   0.0000000E+00   0.0000000E+00   0.0000000E+00
   7.7104123E-04   1.3617602E+06   1.3617602E+06   1.5523874E+06   1.5704474E+04   1.2353088E+03   1.3616491E+06   1.3617602E+06   1.3596612E+06   0.0000000E+00   0.0000000E+00   0.0000000E+00   0.0000000E+00
   8.2856694E-04   1.3607991E+06   1.3607991E+06   1.5138133E+06   1.5453075E+04   1.1593926E+03   1.3605669E+06   1.3607991E+06   1.3585804E+06   0.0000000E+00   0.0000000E+00   0.0000000E+00   0.0000000E+00
   8.9038452E-04   1.3596978E+06   1.3596978E+06   1.4703696E+06   1.5167992E+04   1.0763847E+03   1.3593285E+06   1.3596978E+06   1.3573437E+06   0.0000000E+00   0.0000000E+00   0.0000000E+00   0.0000000E+00
   9.5681418E-04   1.3584372E+06   1.3584372E+06   1.4216364E+06   1.4845632E+04   9.8651195E+02   1.3579133E+06   1.3584372E+06   1.3559304E+06   0.0000000E+00   0.0000000E+00   0.0000000E+00   0.0000000E+00
   1.0282000E-03   1.3569963E+06   1.3569963E+06   1.3672229E+06   1.4482321E+04   8.9036496E+02   1.3562985E+06   1.3569963E+06   1.3543178E+06   0.0000000E+00   0.0000000E+00   0.0000000E+00   0.0000000E+00
   1.1049118E-03   1.3553515E+06   1.3553515E+06   1.3067952E+06   1.4074418E+04   7.8901045E+02   1.3544593E+06   1.3553515E+06   1.3524810E+06   0.0000000E+00   0.0000000E+00   0.0000000E+00   0.0000000E+00
   1.1873468E-03   1.3534772E+06   1.3534772E+06   1.2401122E+06   1.3618480E+04   6.8411632E+02   1.3523685E+06   1.3534772E+06   1.3503931E+06   0.0000000E+00   0.0000000E+00   0.0000000E+00   0.0000000E+00
   1.2759322E-03   1.3513456E+06   1.3513456E+06   1.1670697E+06   1.3111467E+04   5.7808116E+02   1.3499973E+06   1.3513456E+06   1.3480251E+06   0.0000000E+00   0.0000000E+00   0.0000000E+00   0.0000000E+00
   1.3711267E-03   1.3489265E+06   1.3489265E+06   1.0877541E+06   1.2551022E+04   4.7415250E+02   1.3473148E+06   1.3489265E+06   1.3453463E+06   0.0000000E+00   0.0000000E+00   0.0000000E+00   0.0000000E+00
   1.4734235E-03   1.3461880E+06   1.3461880E+06   1.0025041E+06   1.1935809E+04   3.7650878E+02   1.3442890E+06   1.3461880E+06   1.3423246E+06   0.0000000E+00   0.0000000E+00   0.0000000E+00   0.0000000E+00
   1.5833525E-03   1.3430961E+06   1.3430961E+06   9.1197715E+05   1.1265923E+04   2.9026694E+02   1.3408868E+06   1.3430961E+06   1.3389270E+06   0.0000000E+00   0.0000000E+00   0.0000000E+00   0.0000000E+00
   1.7014830E-03   1.3396160E+06   1.3396160E+06   8.1721592E+05   1.0543355E+04   2.2136345E+02   1.3370750E+06   1.3396160E+06   1.3351205E+06   0.0000000E+00   0.0000000E+00   0.0000000E+00   0.0000000E+00
   1.8284269E-03   1.3357120E+06   1.3357120E+06   7.1970476E+05   9.7724946E+03   1.7624195E+02   1.3328211E+06   1.3357120E+06   1.3308726E+06   0.0000000E+00   0.0000000E+00   0.0000000E+00   0.0000000E+00
   1.9648419E-03   1.3313487E+06   1.3313487E+06   6.2140264E+05   8.9606201E+03   1.6127247E+02   1.3280942E+06   1.3313487E+06   1.3261523E+06   0.0000000E+00   0.0000000E+00   0.0000000E+00   0.0000000E+00
   2.1114344E-03   1.3264914E+06   1.3264914E+06   5.2473357E+05   8.1183088E+03   1.8183316E+02   1.3228659E+06   1.3264914E+06   1.3209313E+06   0.0000000E+00   0.0000000E+00   0.0000000E+00   0.0000000E+00
   2.2689640E-03   1.3211071E+06   1.3211071E+06   4.3251126E+05   7.2596669E+03   2.4102034E+02   1.3171110E+06   1.3211071E+06   1.3151847E+06   0.0000000E+00   0.0000000E+00   0.0000000E+00   0.0000000E+00
   2.4382465E-03   1.3151653E+06   1.3151653E+06   3.4777344E+05   6.4022404E+03   3.3803516E+02   1.3108086E+06   1.3151653E+06   1.3088913E+06   0.0000000E+00   0.0000000E+00   0.0000000E+00   0.0000000E+00
   2.6201587E-03   1.3086387E+06   1.3086387E+06   2.7350595E+05   5.5664550E+03   4.6644337E+02   1.3039414E+06   1.3086387E+06   1.3020342E+06   0.0000000E+00   0.0000000E+00   0.0000000E+00   0.0000000E+00
   2.8156431E-03   1.3015024E+06   1.3015024E+06   2.1225221E+05   4.7744301E+03   6.1272837E+02   1.2964956E+06   1.3015024E+06   1.2945993E+06   0.0000000E+00   0.0000000E+00   0.0000000E+00   0.0000000E+00
   3.0257121E-03   1.2937342E+06   1.2937342E+06   1.6563391E+05   4.0480692E+03   7.5583341E+02   1.2884586E+06   1.2937342E+06   1.2865742E+06   0.0000000E+00   0.0000000E+00   0.0000000E+00   0.0000000E+00
   3.2514539E-03   1.2853129E+06   1.2853129E+06   1.3385687E+05   3.4064542E+03   8.6863012E+02   1.2798165E+06   1.2853129E+06   1.2779451E+06   0.0000000E+00   0.0000000E+00   0.0000000E+00   0.0000000E+00
   3.4940378E-03   1.2762160E+06   1.2762160E+06   1.1533589E+05   2.8627945E+03   9.2227224E+02   1.2705504E+06   1.2762160E+06   1.2686930E+06   0.0000000E+00   0.0000000E+00   0.0000000E+00   0.0000000E+00
   3.7547204E-03   1.2664176E+06   1.2664176E+06   1.0662687E+05   2.4214909E+03   8.9389886E+02   1.2606324E+06   1.2664176E+06   1.2587900E+06   0.0000000E+00   0.0000000E+00   0.0000000E+00   0.0000000E+00
   4.0348519E-03   1.2558857E+06   1.2558857E+06   1.0286589E+05   2.0761977E+03   7.7681559E+02   1.2500231E+06   1.2558857E+06   1.2481969E+06   0.0000000E+00   0.0000000E+00   0.0000000E+00   0.0000000E+00
   4.3358835E-03   1.2445814E+06   1.2445814E+06   9.8828637E+04   1.8099624E+03   5.8999628E+02   1.2386711E+06   1.2445814E+06   1.2368622E+06   0.0000000E+00   0.0000000E+00   0.0000000E+00   0.0000000E+00
   4.6593743E-03   1.2324593E+06   1.2324593E+06   9.0492109E+04   1.5983326E+03   3.8111073E+02   1.2265165E+06   1.2324593E+06   1.2247262E+06   0.0000000E+00   0.0000000E+00   0.0000000E+00   0.0000000E+00
   5.0070001E-03   1.2194713E+06   1.2194713E+06   7.6610741E+04   1.4154988E+03   2.1615673E+02   1.2134987E+06   1.2194713E+06   1.2117283E+06   0.0000000E+00   0.0000000E+00   0.0000000E+00   0.0000000E+00
   5.3805615E-03   1.2055714E+06   1.2055714E+06   5.9458021E+04   1.2420376E+03   1.5229537E+02   1.1995658E+06   1.2055714E+06   1.1978165E+06   0.0000000E+00   0.0000000E+00   0.0000000E+00   0.0000000E+00
   5.7819935E-03   1.1907216E+06   1.1907216E+06   4.3858846E+04   1.0710880E+03   2.0131399E+02   1.1846828E+06   1.1907216E+06   1.1829559E+06   0.0000000E+00   0.0000000E+00   0.0000000E+00   0.0000000E+00
   6.2133755E-03   1.1748933E+06   1.1748933E+06   3.4345234E+04   9.0905436E+02   3.0689609E+02   1.1688316E+06   1.1748933E+06   1.1671285E+06   0.0000000E+00   0.0000000E+00   0.0000000E+00   0.0000000E+00
   6.6769420E-03   1.1580640E+06   1.1580640E+06   3.1768905E+04   7.6877691E+02   3.6661648E+02   1.1520011E+06   1.1580640E+06   1.1503233E+06   0.0000000E+00   0.0000000E+00   0.0000000E+00   0.0000000E+00
   7.1750941E-03   1.1402096E+06   1.1402096E+06   3.2112644E+04   6.5807099E+02   3.0782857E+02   1.1341717E+06   1.1402096E+06   1.1325204E+06   0.0000000E+00   0.0000000E+00   0.0000000E+00   0.0000000E+00
   7.7104123E-03   1.1212976E+06   1.1212976E+06   2.9652378E+04   5.7196689E+02   1.6787087E+02   1.1153046E+06   1.1212976E+06   1.1136813E+06   0.0000000E+00   0.0000000E+00   0.0000000E+00   0.0000000E+00
   8.2856694E-03   1.1012892E+06   1.1012892E+06   2.2742403E+04   4.9674217E+02   7.9583867E+01   1.0953497E+06   1.1012892E+06   1.0937560E+06   0.0000000E+00   0.0000000E+00   0.0000000E+00   0.0000000E+00
   8.9038452E-03   1.0801485E+06   1.0801485E+06   1.5940821E+04   4.2358392E+02   1.2320776E+02   1.0742663E+06   1.0801485E+06   1.0727037E+06   0.0000000E+00   0.0000000E+00   0.0000000E+00   0.0000000E+00
   9.5681418E-03   1.0578492E+06   1.0578492E+06   1.4058756E+04   3.5666832E+02   1.9866920E+02   1.0520347E+06   1.0578492E+06   1.0505048E+06   0.0000000E+00   0.0000000E+00   0.0000000E+00   0.0000000E+00
   1.0282000E-02   1.0343692E+06   1.0343692E+06   1.4741663E+04   3.0365427E+02   1.5365423E+02   1.0286415E+06   1.0343692E+06   1.0271459E+06   0.0000000E+00   0.0000000E+00   0.0000000E+00   0.0000000E+00
   1.1049118E-02   1.0096805E+06   1.0096805E+06   1.2235620E+04   2.6147264E+02   5.2003869E+01   1.0040567E+06   1.0096805E+06   1.0025971E+06   0.0000000E+00   0.0000000E+00   0.0000000E+00   0.0000000E+00
   1.1873468E-02   9.8375274E+05   9.8375274E+05   8.1558115E+03   2.2174936E+02   7.3923367E+01   9.7824123E+05   9.8375274E+05   9.7681945E+05   0.0000000E+00   0.0000000E+00   0.0000000E+00   0.0000000E+00
   1.2759322E-02   9.5656559E+05   9.5656559E+05   7.7488941E+03   1.8605557E+02   1.2517456E+02   9.5117409E+05   9.5656559E+05   9.4979186E+05   0.0000000E+00   0.0000000E+00   0.0000000E+00   0.0000000E+00
   1.3711267E-02   9.2810577E+05   9.2810577E+05   7.6039348E+03   1.5845618E+02   4.9455173E+01   9.2284829E+05   9.2810577E+05   9.2150740E+05   0.0000000E+00   0.0000000E+00   0.0000000E+00   0.0000000E+00
   1.4734235E-02   8.9836074E+05   8.9836074E+05   4.9419267E+03   1.3383547E+02   4.1232328E+01   8.9325122E+05   8.9836074E+05   8.9195349E+05   0.0000000E+00   0.0000000E+00   0.0000000E+00   0.0000000E+00
   1.5833525E-02   8.6733196E+05   8.6733196E+05   4.7488416E+03   1.1177444E+02   8.1890783E+01   8.6237941E+05   8.6733196E+05   8.6112665E+05   0.0000000E+00   0.0000000E+00   0.0000000E+00   0.0000000E+00
   1.7014830E-02   8.3503807E+05   8.3503807E+05   4.1493627E+03   9.4648387E+01   1.5873752E+01   8.3025181E+05   8.3503807E+05   8.2904584E+05   0.0000000E+00   0.0000000E+00   0.0000000E+00   0.0000000E+00
   1.8284269E-02   8.0151356E+05   8.0151356E+05   2.8853180E+03   7.8630723E+01   5.5158175E+01   7.9690573E+05   8.0151356E+05   7.9574829E+05   0.0000000E+00   0.0000000E+00   0.0000000E+00   0.0000000E+00
   1.9648418E-02   7.6682497E+05   7.6682497E+05   2.9973254E+03   6.5964431E+01   1.8978888E+01   7.6240397E+05   7.6682497E+05   7.6129671E+05   0.0000000E+00   0.0000000E+00   0.0000000E+00   0.0000000E+00
   2.1114342E-02   7.3107135E+05   7.3107135E+05   1.9588469E+03   5.4636218E+01   3.6936584E+01   7.2684567E+05   7.3107135E+05   7.2579012E+05   0.0000000E+00   0.0000000E+00   0.0000000E+00   0.0000000E+00
   2.2689624E-02   6.9439860E+05   6.9439860E+05   1.9885680E+03   4.5501110E+01   9.9551189E+00   6.9037603E+05   6.9439860E+05   6.8937349E+05   0.0000000E+00   0.0000000E+00   0.0000000E+00   0.0000000E+00
   2.4382378E-02   6.5700622E+05   6.5700622E+05   1.4267659E+03   3.7367848E+01   3.2389525E+01   6.5319269E+05   6.5700622E+05   6.5224419E+05   0.0000000E+00   0.0000000E+00   0.0000000E+00   0.0000000E+00
   2.6201186E-02   6.1916104E+05   6.1916104E+05   1.1609494E+03   3.0936993E+01   4.5641850E+00   6.1556052E+05   6.1916104E+05   6.1466670E+05   0.0000000E+00   0.0000000E+00   0.0000000E+00   0.0000000E+00
   2.8154817E-02   5.8120675E+05   5.8120675E+05   1.0922342E+03   2.5275774E+01   1.2915949E+01   5.7782220E+05   5.8120675E+05   5.7698321E+05   0.0000000E+00   0.0000000E+00   0.0000000E+00   0.0000000E+00
   3.0251405E-02   5.4357980E+05   5.4357980E+05   7.8475167E+02   2.0601229E+01   1.8903546E+01   5.4040937E+05   5.4357980E+05   5.3962473E+05   0.0000000E+00   0.0000000E+00   0.0000000E+00   0.0000000E+00
   3.2496587E-02   5.0682210E+05   5.0682210E+05   5.8101411E+02   1.6817212E+01   8.0153434E+00   5.0386261E+05   5.0682210E+05   5.0313105E+05   0.0000000E+00   0.0000000E+00   0.0000000E+00   0.0000000E+00
   3.4890087E-02   4.7158529E+05   4.7158529E+05   4.9870739E+02   1.3668712E+01   1.6241700E+00   4.6882877E+05   4.7158529E+05   4.6814809E+05   0.0000000E+00   0.0000000E+00   0.0000000E+00   0.0000000E+00
   3.7421025E-02   4.3860034E+05   4.3860034E+05   4.3749478E+02   1.1086268E+01   1.5437435E+00   4.3603422E+05   4.3860034E+05   4.3540116E+05   0.0000000E+00   0.0000000E+00   0.0000000E+00   0.0000000E+00
   4.0064227E-02   4.0857945E+05   4.0857945E+05   3.7074898E+02   9.0138818E+00   2.8996595E+00   4.0618692E+05   4.0857945E+05   4.0559720E+05   0.0000000E+00   0.0000000E+00   0.0000000E+00   0.0000000E+00
   4.2781721E-02   3.8204932E+05   3.8204932E+05   3.0569139E+02   7.3772164E+00   3.7808524E+00   3.7981054E+05   3.8204932E+05   3.7925913E+05   0.0000000E+00   0.0000000E+00   0.0000000E+00   0.0000000E+00
   4.5531576E-02   3.5919250E+05   3.5919250E+05   2.4879307E+02   6.0940196E+00   4.1540233E+00   3.5708647E+05   3.5919250E+05   3.5656805E+05   0.0000000E+00   0.0000000E+00   0.0000000E+00   0.0000000E+00
   4.8279543E-02   3.3980822E+05   3.3980822E+05   2.0188219E+02   5.0901773E+00   4.1235671E+00   3.3781488E+05   3.3980822E+05   3.3732445E+05   0.0000000E+00   0.0000000E+00   0.0000000E+00   0.0000000E+00
   5.1005807E-02   3.2341563E+05   3.2341563E+05   1.6510622E+02   4.3024238E+00   3.6727665E+00   3.2151766E+05   3.2341563E+05   3.2105090E+05   0.0000000E+00   0.0000000E+00   0.0000000E+00   0.0000000E+00
   5.3704403E-02   3.0941105E+05   3.0941105E+05   1.3796157E+02   3.6777908E+00   2.8472139E+00   3.0759461E+05   3.0941105E+05   3.0714806E+05   0.0000000E+00   0.0000000E+00   0.0000000E+00   0.0000000E+00
   5.6378784E-02   2.9719053E+05   2.9719053E+05   1.1886370E+02   3.1762929E+00   1.7644276E+00   2.9544526E+05   2.9719053E+05   2.9501635E+05   0.0000000E+00   0.0000000E+00   0.0000000E+00   0.0000000E+00
   5.9037342E-02   2.8621420E+05   2.8621420E+05   1.0553814E+02   2.7674375E+00   6.9477893E-01   2.8453293E+05   2.8621420E+05   2.8411987E+05   0.0000000E+00   0.0000000E+00   0.0000000E+00   0.0000000E+00
   6.1690385E-02   2.7602926E+05   2.7602926E+05   9.6089965E+01   2.4275607E+00   1.3463629E-03   2.7440746E+05   2.7602926E+05   2.7400910E+05   0.0000000E+00   0.0000000E+00   0.0000000E+00   0.0000000E+00
   6.4348477E-02   2.6627321E+05   2.6627321E+05   8.9018754E+01   2.1406004E+00   -1.1001467E-01   2.6470842E+05   2.6627321E+05   2.6432414E+05   0.0000000E+00   0.0000000E+00   0.0000000E+00   0.0000000E+00
   6.7021694E-02   2.5667022E+05   2.5667022E+05   8.2659152E+01   1.8952522E+00   3.1180285E-01   2.5516159E+05   2.5667022E+05   2.5479117E+05   0.0000000E+00   0.0000000E+00   0.0000000E+00   0.0000000E+00
   6.9719352E-02   2.4702634E+05   2.4702634E+05   7.5594697E+01   1.6834311E+00   9.5450562E-01   2.4557413E+05   2.4702634E+05   2.4521763E+05   0.0000000E+00   0.0000000E+00   0.0000000E+00   0.0000000E+00
   7.2449978E-02   2.3722502E+05   2.3722502E+05   6.7514882E+01   1.4992945E+00   1.4633819E+00   2.3583021E+05   2.3722502E+05   2.3548785E+05   0.0000000E+00   0.0000000E+00   0.0000000E+00   0.0000000E+00
   7.5221381E-02   2.2722271E+05   2.2722271E+05   5.9157136E+01   1.3376430E+00   1.7073782E+00   2.2588652E+05   2.2722271E+05   2.2555860E+05   0.0000000E+00   0.0000000E+00   0.0000000E+00   0.0000000E+00
   7.8040760E-02   2.1704345E+05   2.1704345E+05   5.1479654E+01   1.1944660E+00   1.7266880E+00   2.1576696E+05   2.1704345E+05   2.1545373E+05   0.0000000E+00   0.0000000E+00   0.0000000E+00   0.0000000E+00
   8.0914807E-02   2.0677154E+05   2.0677154E+05   4.5029046E+01   1.0669886E+00   1.6067391E+00   2.0555532E+05   2.0677154E+05   2.0525692E+05   0.0000000E+00   0.0000000E+00   0.0000000E+00   0.0000000E+00
   8.3849813E-02   1.9654128E+05   1.9654128E+05   3.9859787E+01   9.5300256E-01   1.4178609E+00   1.9538512E+05   1.9654128E+05   1.9510148E+05   0.0000000E+00   0.0000000E+00   0.0000000E+00   0.0000000E+00
   8.6851753E-02   1.8652322E+05   1.8652322E+05   3.5715926E+01   8.5090122E-01   1.1657783E+00   1.8542588E+05   1.8652322E+05   1.8515670E+05   0.0000000E+00   0.0000000E+00   0.0000000E+00   0.0000000E+00
   8.9926357E-02   1.7690684E+05   1.7690684E+05   3.2156089E+01   7.5954263E-01   8.1345705E-01   1.7586598E+05   1.7690684E+05   1.7561068E+05   0.0000000E+00   0.0000000E+00   0.0000000E+00   0.0000000E+00
   9.3079174E-02   1.6788018E+05   1.6788018E+05   2.8589105E+01   6.7790961E-01   3.6157518E-01   1.6689235E+05   1.6788018E+05   1.6665007E+05   0.0000000E+00   0.0000000E+00   0.0000000E+00   0.0000000E+00
   9.6315620E-02   1.5960754E+05   1.5960754E+05   2.4470644E+01   6.0505256E-01   -6.2175761E-02   1.5866831E+05   1.5960754E+05   1.5843797E+05   0.0000000E+00   0.0000000E+00   0.0000000E+00   0.0000000E+00
   9.9641023E-02   1.5220730E+05   1.5220730E+05   1.9953731E+01   5.4011211E-01   -1.7028139E-01   1.5131155E+05   1.5220730E+05   1.5109189E+05   0.0000000E+00   0.0000000E+00   0.0000000E+00   0.0000000E+00
   1.0306065E-01   1.4573243E+05   1.4573243E+05   1.6560001E+01   4.8234967E-01   2.3745626E-01   1.4487473E+05   1.4573243E+05   1.4466442E+05   0.0000000E+00   0.0000000E+00   0.0000000E+00   0.0000000E+00
   1.0657974E-01   1.4015677E+05   1.4015677E+05   1.5970055E+01   4.3127278E-01   7.2054020E-01   1.3933182E+05   1.4015677E+05   1.3912956E+05   0.0000000E+00   0.0000000E+00   0.0000000E+00   0.0000000E+00
   1.1020351E-01   1.3537016E+05   1.3537016E+05   1.6411125E+01   3.8648584E-01   4.1067106E-01   1.3457334E+05   1.3537016E+05   1.3437798E+05   0.0000000E+00   0.0000000E+00   0.0000000E+00   0.0000000E+00
   1.1393722E-01   1.3118517E+05   1.3118517E+05   1.3869774E+01   3.4707218E-01   -1.9841956E-01   1.3041294E+05   1.3118517E+05   1.3022362E+05   0.0000000E+00   0.0000000E+00   0.0000000E+00   0.0000000E+00
   1.1778611E-01   1.2735669E+05   1.2735669E+05   1.1270702E+01   3.1187334E-01   2.6011402E-01   1.2660696E+05   1.2735669E+05   1.2642316E+05   0.0000000E+00   0.0000000E+00   0.0000000E+00   0.0000000E+00
   1.2175549E-01   1.2361390E+05   1.2361390E+05   1.2049885E+01   2.8066100E-01   3.2358364E-01   1.2288616E+05   1.2361390E+05   1.2270777E+05   0.0000000E+00   0.0000000E+00   0.0000000E+00   0.0000000E+00
   1.2585069E-01   1.1970144E+05   1.1970144E+05   9.7483894E+00   2.5285130E-01   -2.1034319E-02   1.1899671E+05   1.1970144E+05   1.1882396E+05   0.0000000E+00   0.0000000E+00   0.0000000E+00   0.0000000E+00
   1.3007711E-01   1.1542380E+05   1.1542380E+05   9.3970178E+00   2.2765155E-01   3.4061682E-01   1.1474423E+05   1.1542380E+05   1.1457766E+05   0.0000000E+00   0.0000000E+00   0.0000000E+00   0.0000000E+00
   1.3444018E-01   1.1068468E+05   1.1068468E+05   8.0278780E+00   2.0487196E-01   -6.9885530E-02   1.1003298E+05   1.1068468E+05   1.0987324E+05   0.0000000E+00   0.0000000E+00   0.0000000E+00   0.0000000E+00
   1.3894542E-01   1.0551161E+05   1.0551161E+05   7.6752308E+00   1.8390176E-01   2.6073319E-01   1.0489035E+05   1.0551161E+05   1.0473808E+05   0.0000000E+00   0.0000000E+00   0.0000000E+00   0.0000000E+00
   1.4359840E-01   1.0005746E+05   1.0005746E+05   6.1591893E+00   1.6486283E-01   7.2238146E-02   9.9468290E+04   1.0005746E+05   9.9323895E+04   0.0000000E+00   0.0000000E+00   0.0000000E+00   0.0000000E+00
   1.4840477E-01   9.4573524E+04   9.4573524E+04   6.0178142E+00   1.4740076E-01   5.4478530E-02   9.4016623E+04   9.4573524E+04   9.3880142E+04   0.0000000E+00   0.0000000E+00   0.0000000E+00   0.0000000E+00
   1.5337026E-01   8.9355526E+04   8.9355526E+04   5.0639181E+00   1.3160983E-01   9.3202599E-02   8.8829335E+04   8.9355526E+04   8.8700384E+04   0.0000000E+00   0.0000000E+00   0.0000000E+00   0.0000000E+00
   1.5850068E-01   8.4671667E+04   8.4671667E+04   4.3958300E+00   1.1740383E-01   5.9157551E-02   8.4173045E+04   8.4671667E+04   8.4050854E+04   0.0000000E+00   0.0000000E+00   0.0000000E+00   0.0000000E+00
   1.6380193E-01   8.0689568E+04   8.0689568E+04   4.1497692E+00   1.0479533E-01   2.5216052E-02   8.0214380E+04   8.0689568E+04   8.0097935E+04   0.0000000E+00   0.0000000E+00   0.0000000E+00   0.0000000E+00
   1.6928002E-01   7.7423655E+04   7.7423655E+04   3.8524696E+00   9.3672503E-02   3.5425445E-02   7.6967690E+04   7.7423655E+04   7.6855958E+04   0.0000000E+00   0.0000000E+00   0.0000000E+00   0.0000000E+00
   1.7494106E-01   7.4723069E+04   7.4723069E+04   3.4869035E+00   8.3871560E-02   8.4019276E-02   7.4282999E+04   7.4723069E+04   7.4175164E+04   0.0000000E+00   0.0000000E+00   0.0000000E+00   0.0000000E+00
   1.8079131E-01   7.2310989E+04   7.2310989E+04   3.1549606E+00   7.5241882E-02   8.5656980E-02   7.1885113E+04   7.2310989E+04   7.1780760E+04   0.0000000E+00   0.0000000E+00   0.0000000E+00   0.0000000E+00
   1.8683717E-01   6.9870078E+04   6.9870078E+04   2.8413741E+00   6.7570777E-02   3.5913199E-02   6.9458568E+04   6.9870078E+04   6.9357737E+04   0.0000000E+00   0.0000000E+00   0.0000000E+00   0.0000000E+00
   1.9308520E-01   6.7149898E+04   6.7149898E+04   2.4608053E+00   6.0655323E-02   -1.6234364E-02   6.6754402E+04   6.7149898E+04   6.6657497E+04   0.0000000E+00   0.0000000E+00   0.0000000E+00   0.0000000E+00
   1.9954218E-01   6.4058039E+04   6.4058039E+04   2.0621125E+00   5.4338105E-02   2.7685256E-02   6.3680746E+04   6.4058039E+04   6.3588302E+04   0.0000000E+00   0.0000000E+00   0.0000000E+00   0.0000000E+00
   2.0621509E-01   6.0695589E+04   6.0695589E+04   1.9139686E+00   4.8551995E-02   1.1016616E-01   6.0338095E+04   6.0695589E+04   6.0250504E+04   0.0000000E+00   0.0000000E+00   0.0000000E+00   0.0000000E+00
   2.1311119E-01   5.7314425E+04   5.7314425E+04   1.7567734E+00   4.3303173E-02   -7.6362312E-03   5.6976840E+04   5.7314425E+04   5.6894129E+04   0.0000000E+00   0.0000000E+00   0.0000000E+00   0.0000000E+00
   2.2023806E-01   5.4205918E+04   5.4205918E+04   1.4453709E+00   3.8564068E-02   5.7887048E-02   5.3886638E+04   5.4205918E+04   5.3808412E+04   0.0000000E+00   0.0000000E+00   0.0000000E+00   0.0000000E+00
   2.2760360E-01   5.1566040E+04   5.1566040E+04   1.3776478E+00   3.4376934E-02   -2.8568559E-02   5.1262304E+04   5.1566040E+04   5.1187888E+04   0.0000000E+00   0.0000000E+00   0.0000000E+00   0.0000000E+00
   2.3521617E-01   4.9401736E+04   4.9401736E+04   1.2060622E+00   3.0675803E-02   7.4731009E-02   4.9110744E+04   4.9401736E+04   4.9039452E+04   0.0000000E+00   0.0000000E+00   0.0000000E+00   0.0000000E+00
   2.4308459E-01   4.7531737E+04   4.7531737E+04   1.0503538E+00   2.7446461E-02   3.3740604E-03   4.7251757E+04   4.7531737E+04   4.7183163E+04   0.0000000E+00   0.0000000E+00   0.0000000E+00   0.0000000E+00
   2.5121822E-01   4.5689475E+04   4.5689475E+04   9.7261940E-01   2.4571279E-02   -7.0421291E-03   4.5420343E+04   4.5689475E+04   4.5354408E+04   0.0000000E+00   0.0000000E+00   0.0000000E+00   0.0000000E+00
   2.5962709E-01   4.3675989E+04   4.3675989E+04   8.8435997E-01   2.1977958E-02   4.8018166E-03   4.3418714E+04   4.3675989E+04   4.3355685E+04   0.0000000E+00   0.0000000E+00   0.0000000E+00   0.0000000E+00
   2.6832196E-01   4.1472383E+04   4.1472383E+04   7.9035571E-01   1.9612611E-02   2.5089477E-02   4.1228086E+04   4.1472383E+04   4.1168237E+04   0.0000000E+00   0.0000000E+00   0.0000000E+00   0.0000000E+00
   2.7731445E-01   3.9236961E+04   3.9236961E+04   7.0382562E-01   1.7469079E-02   8.1315250E-03   3.9005830E+04   3.9236961E+04   3.8949206E+04   0.0000000E+00   0.0000000E+00   0.0000000E+00   0.0000000E+00
   2.8661716E-01   3.7183646E+04   3.7183646E+04   6.1363303E-01   1.5547213E-02   -1.6636304E-02   3.6964608E+04   3.7183646E+04   3.6910948E+04   0.0000000E+00   0.0000000E+00   0.0000000E+00   0.0000000E+00
   2.9624383E-01   3.5424477E+04   3.5424477E+04   5.3147524E-01   1.3844344E-02   6.0875967E-03   3.5215800E+04   3.5424477E+04   3.5164678E+04   0.0000000E+00   0.0000000E+00   0.0000000E+00   0.0000000E+00
   3.0620954E-01   3.3894142E+04   3.3894142E+04   4.9556107E-01   1.2346218E-02   9.9376945E-03   3.3694478E+04   3.3894142E+04   3.3645565E+04   0.0000000E+00   0.0000000E+00   0.0000000E+00   0.0000000E+00
   3.1653085E-01   3.2417826E+04   3.2417826E+04   4.2805356E-01   1.1017015E-02   1.3908653E-03   3.2226857E+04   3.2417826E+04   3.2180074E+04   0.0000000E+00   0.0000000E+00   0.0000000E+00   0.0000000E+00
   3.2722611E-01   3.0866162E+04   3.0866162E+04   3.8819932E-01   9.8174608E-03   9.0285873E-03   3.0684333E+04   3.0866162E+04   3.0639789E+04   0.0000000E+00   0.0000000E+00   0.0000000E+00   0.0000000E+00
   3.3831572E-01   2.9259622E+04   2.9259622E+04   3.4776151E-01   8.7334706E-03   2.1156944E-04   2.9087256E+04   2.9259622E+04   2.9045031E+04   0.0000000E+00   0.0000000E+00   0.0000000E+00   0.0000000E+00
   3.4982245E-01   2.7725645E+04   2.7725645E+04   3.0708925E-01   7.7563495E-03   5.3598207E-03   2.7562314E+04   2.7725645E+04   2.7522303E+04   0.0000000E+00   0.0000000E+00   0.0000000E+00   0.0000000E+00
   3.6177188E-01   2.6354870E+04   2.6354870E+04   2.7211252E-01   6.8898335E-03   -2.9004495E-04   2.6199613E+04   2.6354870E+04   2.6161580E+04   0.0000000E+00   0.0000000E+00   0.0000000E+00   0.0000000E+00
   3.7419284E-01   2.5110347E+04   2.5110347E+04   2.4141579E-01   6.1217923E-03   3.4410078E-03   2.4962421E+04   2.5110347E+04   2.4926184E+04   0.0000000E+00   0.0000000E+00   0.0000000E+00   0.0000000E+00
   3.8711807E-01   2.3887240E+04   2.3887240E+04   2.1345518E-01   5.4365081E-03   -2.2395805E-03   2.3746518E+04   2.3887240E+04   2.3712046E+04   0.0000000E+00   0.0000000E+00   0.0000000E+00   0.0000000E+00
   4.0058491E-01   2.2643941E+04   2.2643941E+04   1.8950842E-01   4.8184030E-03   3.6757550E-03   2.2510543E+04   2.2643941E+04   2.2477865E+04   0.0000000E+00   0.0000000E+00   0.0000000E+00   0.0000000E+00
   4.1463617E-01   2.1437050E+04   2.1437050E+04   1.6825602E-01   4.2626565E-03   4.0378104E-03   2.1310761E+04   2.1437050E+04   2.1279825E+04   0.0000000E+00   0.0000000E+00   0.0000000E+00   0.0000000E+00
   4.2932132E-01   2.0322745E+04   2.0322745E+04   1.4835853E-01   3.7681573E-03   -3.1108212E-03   2.0203020E+04   2.0322745E+04   2.0173692E+04   0.0000000E+00   0.0000000E+00   0.0000000E+00   0.0000000E+00
   4.4469781E-01   1.9275427E+04   1.9275427E+04   1.3075448E-01   3.3270997E-03   6.6913729E-03   1.9161872E+04   1.9275427E+04   1.9134055E+04   0.0000000E+00   0.0000000E+00   0.0000000E+00   0.0000000E+00
   4.6083289E-01   1.8241922E+04   1.8241922E+04   1.1569423E-01   2.9325921E-03   2.1935745E-03   1.8134455E+04   1.8241922E+04   1.8108130E+04   0.0000000E+00   0.0000000E+00   0.0000000E+00   0.0000000E+00
   4.7780579E-01   1.7227948E+04   1.7227948E+04   1.0157618E-01   2.5780803E-03   4.6546680E-03   1.7126454E+04   1.7227948E+04   1.7101593E+04   0.0000000E+00   0.0000000E+00   0.0000000E+00   0.0000000E+00
   4.9571063E-01   1.6267381E+04   1.6267381E+04   8.9236153E-02   2.2612383E-03   4.8998714E-03   1.6171546E+04   1.6267381E+04   1.6148070E+04   0.0000000E+00   0.0000000E+00   0.0000000E+00   0.0000000E+00
   5.1466009E-01   1.5349182E+04   1.5349182E+04   7.7842173E-02   1.9789142E-03   -4.6516679E-03   1.5258755E+04   1.5349182E+04   1.5236605E+04   0.0000000E+00   0.0000000E+00   0.0000000E+00   0.0000000E+00
   5.3479008E-01   1.4448557E+04   1.4448557E+04   6.7882740E-02   1.7252966E-03   -6.3856596E-05   1.4363437E+04   1.4448557E+04   1.4342586E+04   0.0000000E+00   0.0000000E+00   0.0000000E+00   0.0000000E+00
   5.5626592E-01   1.3576298E+04   1.3576298E+04   5.9054303E-02   1.4986266E-03   -1.9261190E-03   1.3496316E+04   1.3576298E+04   1.3476724E+04   0.0000000E+00   0.0000000E+00   0.0000000E+00   0.0000000E+00
   5.7929015E-01   1.2736512E+04   1.2736512E+04   5.1047412E-02   1.2960948E-03   -2.2156321E-03   1.2661477E+04   1.2736512E+04   1.2643097E+04   0.0000000E+00   0.0000000E+00   0.0000000E+00   0.0000000E+00
   6.0411246E-01   1.1915151E+04   1.1915151E+04   4.3934211E-02   1.1151249E-03   -5.2929168E-04   1.1844955E+04   1.1915151E+04   1.1827760E+04   0.0000000E+00   0.0000000E+00   0.0000000E+00   0.0000000E+00
   6.3104190E-01   1.1115578E+04   1.1115578E+04   3.7540144E-02   9.5319020E-04   4.9411182E-04   1.1050092E+04   1.1115578E+04   1.1034051E+04   0.0000000E+00   0.0000000E+00   0.0000000E+00   0.0000000E+00
   6.6046122E-01   1.0335678E+04   1.0335678E+04   3.1875077E-02   8.0925858E-04   -9.7595354E-04   1.0274787E+04   1.0335678E+04   1.0259871E+04   0.0000000E+00   0.0000000E+00   0.0000000E+00   0.0000000E+00
   6.9284147E-01   9.5717086E+03   9.5717086E+03   2.6823275E-02   6.8090420E-04   1.5568723E-03   9.5153179E+03   9.5717086E+03   9.5015049E+03   0.0000000E+00   0.0000000E+00   0.0000000E+00   0.0000000E+00
   7.2875290E-01   8.8243313E+03   8.8243313E+03   2.2354495E-02   5.6742152E-04   2.7875227E-04   8.7723435E+03   8.8243313E+03   8.7596090E+03   0.0000000E+00   0.0000000E+00   0.0000000E+00   0.0000000E+00
   7.6886304E-01   8.0926795E+03   8.0926795E+03   1.8416782E-02   4.6748707E-04   -8.5600410E-04   8.0450021E+03   8.0926795E+03   8.0333235E+03   0.0000000E+00   0.0000000E+00   0.0000000E+00   0.0000000E+00
   8.1390718E-01   7.3789087E+03   7.3789087E+03   1.4984797E-02   3.8040190E-04   -8.4044184E-04   7.3354364E+03   7.3789087E+03   7.3247878E+03   0.0000000E+00   0.0000000E+00   0.0000000E+00   0.0000000E+00
   8.6461506E-01   6.6872849E+03   6.6872849E+03   1.2034141E-02   3.0545404E-04   6.6571457E-04   6.6478871E+03   6.6872849E+03   6.6382367E+03   0.0000000E+00   0.0000000E+00   0.0000000E+00   0.0000000E+00
   9.2159435E-01   6.0245621E+03   6.0245621E+03   9.5422835E-03   2.4220812E-04   1.1878112E-03   5.9890686E+03   6.0245621E+03   5.9803745E+03   0.0000000E+00   0.0000000E+00   0.0000000E+00   0.0000000E+00
   9.8521546E-01   5.3991149E+03   5.3991149E+03   7.4828419E-03   1.8994075E-04   -3.9104581E-04   5.3673062E+03   5.3991149E+03   5.3595147E+03   0.0000000E+00   0.0000000E+00   0.0000000E+00   0.0000000E+00
   1.0555822E+00   4.8185966E+03   4.8185966E+03   5.8175627E-03   1.4766569E-04   1.8297961E-04   4.7902080E+03   4.8185966E+03   4.7832542E+03   0.0000000E+00   0.0000000E+00   0.0000000E+00   0.0000000E+00
   1.1326349E+00   4.2879653E+03   4.2879653E+03   4.4965057E-03   1.1413609E-04   -5.7711746E-04   4.2627029E+03   4.2879653E+03   4.2565149E+03   0.0000000E+00   0.0000000E+00   0.0000000E+00   0.0000000E+00
   1.2163209E+00   3.8087121E+03   3.8087121E+03   3.4632457E-03   8.7901754E-05   4.5231487E-04   3.7862731E+03   3.8087121E+03   3.7807767E+03   0.0000000E+00   0.0000000E+00   0.0000000E+00   0.0000000E+00
   1.3067207E+00   3.3791408E+03   3.3791408E+03   2.6622048E-03   6.7572637E-05   2.1498597E-04   3.3592326E+03   3.3791408E+03   3.3543561E+03   0.0000000E+00   0.0000000E+00   0.0000000E+00   0.0000000E+00
   1.4040821E+00   2.9957368E+03   2.9957368E+03   2.0441704E-03   5.1880486E-05   8.6024058E-04   2.9780874E+03   2.9957368E+03   2.9737642E+03   0.0000000E+00   0.0000000E+00   0.0000000E+00   0.0000000E+00
   1.5087947E+00   2.6543790E+03   2.6543790E+03   1.5685588E-03   3.9812025E-05   3.6221970E-04   2.6387407E+03   2.6543790E+03   2.6349101E+03   0.0000000E+00   0.0000000E+00   0.0000000E+00   0.0000000E+00
   1.6213503E+00   2.3507914E+03   2.3507914E+03   1.2029803E-03   3.0535605E-05   -1.4584948E-04   2.3369417E+03   2.3507914E+03   2.3335493E+03   0.0000000E+00   0.0000000E+00   0.0000000E+00   0.0000000E+00
   1.7423126E+00   2.0810380E+03   2.0810380E+03   9.2219838E-04   2.3407101E-05   -1.3799079E-05   2.0687775E+03   2.0810380E+03   2.0657744E+03   0.0000000E+00   0.0000000E+00   0.0000000E+00   0.0000000E+00
   1.8723021E+00   1.8414710E+03   1.8414710E+03   7.0665818E-04   1.7937503E-05   -2.6431844E-04   1.8306219E+03   1.8414710E+03   1.8279645E+03   0.0000000E+00   0.0000000E+00   0.0000000E+00   0.0000000E+00
   2.0119904E+00   1.6288417E+03   1.6288417E+03   5.4128019E-04   1.3739011E-05   1.4538971E-05   1.6192454E+03   1.6288417E+03   1.6168948E+03   0.0000000E+00   0.0000000E+00   0.0000000E+00   0.0000000E+00
   2.1621006E+00   1.4402058E+03   1.4402058E+03   4.1444552E-04   1.0520013E-05   -9.5950043E-05   1.4317208E+03   1.4402058E+03   1.4296424E+03   0.0000000E+00   0.0000000E+00   0.0000000E+00   0.0000000E+00
   2.3234103E+00   1.2729418E+03   1.2729418E+03   3.1721328E-04   8.0524296E-06   -1.1500891E-04   1.2654423E+03   1.2729418E+03   1.2636053E+03   0.0000000E+00   0.0000000E+00   0.0000000E+00   0.0000000E+00
   2.4967549E+00   1.1246973E+03   1.1246973E+03   2.4270464E-04   6.1612284E-06   -2.5753102E-04   1.1180711E+03   1.1246973E+03   1.1164481E+03   0.0000000E+00   0.0000000E+00   0.0000000E+00   0.0000000E+00
   2.6830323E+00   9.9336775E+02   9.9336775E+02   1.8563121E-04   4.7120613E-06   4.2935402E-06   9.8751529E+02   9.9336775E+02   9.8608176E+02   0.0000000E+00   0.0000000E+00   0.0000000E+00   0.0000000E+00
   2.8832075E+00   8.7707445E+02   8.7707445E+02   1.4193074E-04   3.6028217E-06   4.7786949E-05   8.7190714E+02   8.7707445E+02   8.7064143E+02   0.0000000E+00   0.0000000E+00   0.0000000E+00   0.0000000E+00
   3.0983174E+00   7.7413964E+02   7.7413964E+02   1.0848109E-04   2.7538983E-06   -4.3505873E-05   7.6957877E+02   7.7413964E+02   7.6846161E+02   0.0000000E+00   0.0000000E+00   0.0000000E+00   0.0000000E+00
   3.3294761E+00   6.8306610E+02   6.8306610E+02   8.2949909E-05   2.1042421E-06   -4.1106226E-06   6.7904180E+02   6.8306610E+02   6.7805606E+02   0.0000000E+00   0.0000000E+00   0.0000000E+00   0.0000000E+00
   3.5778811E+00   6.0251898E+02   6.0251898E+02   6.3337922E-05   1.6073562E-06   4.6803674E-05   5.9896922E+02   6.0251898E+02   5.9809972E+02   0.0000000E+00   0.0000000E+00   0.0000000E+00   0.0000000E+00
   3.8448190E+00   5.3130900E+02   5.3130900E+02   4.8362951E-05   1.2274237E-06   2.1742529E-05   5.2817877E+02   5.3130900E+02   5.2741204E+02   0.0000000E+00   0.0000000E+00   0.0000000E+00   0.0000000E+00
   4.1316726E+00   4.6837721E+02   4.6837721E+02   3.6915939E-05   9.3705914E-07   2.0389213E-05   4.6561775E+02   4.6837721E+02   4.6494183E+02   0.0000000E+00   0.0000000E+00   0.0000000E+00   0.0000000E+00
   4.4399278E+00   4.1278136E+02   4.1278136E+02   2.8171764E-05   7.1524059E-07   -5.7628174E-05   4.1034945E+02   4.1278136E+02   4.0975376E+02   0.0000000E+00   0.0000000E+00   0.0000000E+00   0.0000000E+00
   4.7711811E+00   3.6368348E+02   3.6368348E+02   2.1493346E-05   5.4575457E-07   -8.1238736E-05   3.6154083E+02   3.6368348E+02   3.6101600E+02   0.0000000E+00   0.0000000E+00   0.0000000E+00   0.0000000E+00
   5.1271486E+00   3.2033882E+02   3.2033882E+02   1.6393795E-05   4.1627717E-07   -4.1585987E-06   3.1845153E+02   3.2033882E+02   3.1798925E+02   0.0000000E+00   0.0000000E+00   0.0000000E+00   0.0000000E+00
   5.5096740E+00   2.8208581E+02   2.8208581E+02   1.2501014E-05   3.1745710E-07   2.9392333E-05   2.8042389E+02   2.8208581E+02   2.8001681E+02   0.0000000E+00   0.0000000E+00   0.0000000E+00   0.0000000E+00
   5.9207388E+00   2.4833713E+02   2.4833713E+02   9.5301906E-06   2.4203851E-07   3.3399028E-05   2.4687404E+02   2.4833713E+02   2.4651567E+02   0.0000000E+00   0.0000000E+00   0.0000000E+00   0.0000000E+00
   6.3624723E+00   2.1857163E+02   2.1857163E+02   7.2638162E-06   1.8450751E-07   -1.4681108E-05   2.1728391E+02   2.1857163E+02   2.1696849E+02   0.0000000E+00   0.0000000E+00   0.0000000E+00   0.0000000E+00
   6.8371626E+00   1.9232710E+02   1.9232710E+02   5.5382396E-06   1.4061104E-07   1.1243995E-06   1.9119400E+02   1.9232710E+02   1.9091645E+02   0.0000000E+00   0.0000000E+00   0.0000000E+00   0.0000000E+00
   7.3472684E+00   1.6919381E+02   1.6919381E+02   4.2174833E-06   1.0713454E-07   7.9798787E-06   1.6819700E+02   1.6919381E+02   1.6795284E+02   0.0000000E+00   0.0000000E+00   0.0000000E+00   0.0000000E+00
   7.8954321E+00   1.4880873E+02   1.4880873E+02   3.2117019E-06   8.1615687E-08   -2.1022004E-05   1.4793201E+02   1.4880873E+02   1.4771727E+02   0.0000000E+00   0.0000000E+00   0.0000000E+00   0.0000000E+00
   8.4844932E+00   1.3085032E+02   1.3085032E+02   2.4454719E-06   6.2160374E-08   -6.3860894E-06   1.3007941E+02   1.3085032E+02   1.2989058E+02   0.0000000E+00   0.0000000E+00   0.0000000E+00   0.0000000E+00
   9.1175028E+00   1.1503396E+02   1.1503396E+02   1.8616770E-06   4.7334137E-08   4.8873506E-08   1.1435624E+02   1.1503396E+02   1.1419023E+02   0.0000000E+00   0.0000000E+00   0.0000000E+00   0.0000000E+00
   9.7977399E+00   1.0110779E+02   1.0110779E+02   1.4168278E-06   3.6038106E-08   -2.1016481E-06   1.0051211E+02   1.0110779E+02   1.0036620E+02   0.0000000E+00   0.0000000E+00   0.0000000E+00   0.0000000E+00
   1.0528728E+01   8.8849025E+01   8.8849025E+01   1.0786899E-06   2.7433962E-08   -2.2094701E-06   8.8325568E+01   8.8849025E+01   8.8197349E+01   0.0000000E+00   0.0000000E+00   0.0000000E+00   0.0000000E+00
