#           k/h    CDM            baryon         photon         nu             mass_nu        total          no_nu          total_de       Weyl           v_CDM          v_b            v_b-v_c     
   1.0205332E-05   1.7838928E+07   1.7838928E+07   2.3774251E+07   -5.8708084E+05   -1.5194923E+07   1.7838944E+07   1.7838928E+07   7.9987916E+06   0.0000000E+00   0.0000000E+00   0.0000000E+00   0.0000000E+00
   1.0966730E-05   1.7838933E+07   1.7838933E+07   2.3772557E+07   -5.8707218E+05   -1.5194632E+07   1.7838948E+07   1.7838933E+07   7.9987926E+06   0.0000000E+00   0.0000000E+00   0.0000000E+00   0.0000000E+00
   1.1784933E-05   1.7838938E+07   1.7838938E+07   2.3770600E+07   -5.8706217E+05   -1.5194296E+07   1.7838953E+07   1.7838938E+07   7.9987938E+06   0.0000000E+00   0.0000000E+00   0.0000000E+00   0.0000000E+00
   1.2664182E-05   1.7838944E+07   1.7838944E+07   2.3768341E+07   -5.8705061E+05   -1.5193908E+07   1.7838959E+07   1.7838944E+07   7.9987951E+06   0.0000000E+00   0.0000000E+00   0.0000000E+00   0.0000000E+00
   1.3609029E-05   1.7838950E+07   1.7838950E+07   2.3765733E+07   -5.8703727E+05   -1.5193460E+07   1.7838965E+07   1.7838950E+07   7.9987966E+06   0.0000000E+00   0.0000000E+00   0.0000000E+00   0.0000000E+00
   1.4624369E-05   1.7838958E+07   1.7838958E+07   2.3762721E+07   -5.8702186E+05   -1.5192942E+07   1.7838973E+07   1.7838958E+07   7.9987984E+06   0.0000000E+00   0.0000000E+00   0.0000000E+00   0.0000000E+00
   1.5715461E-05   1.7838967E+07   1.7838967E+07   2.3759244E+07   -5.8700406E+05   -1.5192344E+07   1.7838982E+07   1.7838967E+07   7.9988004E+06   0.0000000E+00   0.0000000E+00   0.0000000E+00   0.0000000E+00
   1.6887958E-05   1.7838978E+07   1.7838978E+07   2.3755228E+07   -5.8698351E+05   -1.5191654E+07   1.7838992E+07   1.7838978E+07   7.9988027E+06   0.0000000E+00   0.0000000E+00   0.0000000E+00   0.0000000E+00
   1.8147932E-05   1.7838990E+07   1.7838990E+07   2.3750592E+07   -5.8695979E+05   -1.5190858E+07   1.7839003E+07   1.7838990E+07   7.9988054E+06   0.0000000E+00   0.0000000E+00   0.0000000E+00   0.0000000E+00
   1.9501909E-05   1.7839004E+07   1.7839004E+07   2.3745240E+07   -5.8693239E+05   -1.5189938E+07   1.7839017E+07   1.7839004E+07   7.9988086E+06   0.0000000E+00   0.0000000E+00   0.0000000E+00   0.0000000E+00
   2.0956904E-05   1.7839020E+07   1.7839020E+07   2.3739060E+07   -5.8690075E+05   -1.5188875E+07   1.7839032E+07   1.7839020E+07   7.9988122E+06   0.0000000E+00   0.0000000E+00   0.0000000E+00   0.0000000E+00
   2.2520454E-05   1.7839038E+07   1.7839038E+07   2.3731926E+07   -5.8686422E+05   -1.5187648E+07   1.7839050E+07   1.7839038E+07   7.9988164E+06   0.0000000E+00   0.0000000E+00   0.0000000E+00   0.0000000E+00
   2.4200656E-05   1.7839060E+07   1.7839060E+07   2.3723690E+07   -5.8682204E+05   -1.5186232E+07   1.7839070E+07   1.7839060E+07   7.9988212E+06   0.0000000E+00   0.0000000E+00   0.0000000E+00   0.0000000E+00
   2.6006214E-05   1.7839084E+07   1.7839084E+07   2.3714182E+07   -5.8677333E+05   -1.5184597E+07   1.7839094E+07   1.7839084E+07   7.9988267E+06   0.0000000E+00   0.0000000E+00   0.0000000E+00   0.0000000E+00
   2.7946481E-05   1.7839113E+07   1.7839113E+07   2.3703208E+07   -5.8671709E+05   -1.5182708E+07   1.7839122E+07   1.7839113E+07   7.9988331E+06   0.0000000E+00   0.0000000E+00   0.0000000E+00   0.0000000E+00
   3.0031508E-05   1.7839146E+07   1.7839146E+07   2.3690540E+07   -5.8665216E+05   -1.5180528E+07   1.7839153E+07   1.7839146E+07   7.9988406E+06   0.0000000E+00   0.0000000E+00   0.0000000E+00   0.0000000E+00
   3.2272093E-05   1.7839184E+07   1.7839184E+07   2.3675919E+07   -5.8657719E+05   -1.5178011E+07   1.7839190E+07   1.7839184E+07   7.9988491E+06   0.0000000E+00   0.0000000E+00   0.0000000E+00   0.0000000E+00
   3.4679844E-05   1.7839228E+07   1.7839228E+07   2.3659045E+07   -5.8649063E+05   -1.5175105E+07   1.7839232E+07   1.7839228E+07   7.9988590E+06   0.0000000E+00   0.0000000E+00   0.0000000E+00   0.0000000E+00
   3.7267232E-05   1.7839278E+07   1.7839278E+07   2.3639574E+07   -5.8639069E+05   -1.5171750E+07   1.7839281E+07   1.7839278E+07   7.9988704E+06   0.0000000E+00   0.0000000E+00   0.0000000E+00   0.0000000E+00
   4.0047659E-05   1.7839337E+07   1.7839337E+07   2.3617107E+07   -5.8627531E+05   -1.5167878E+07   1.7839337E+07   1.7839337E+07   7.9988835E+06   0.0000000E+00   0.0000000E+00   0.0000000E+00   0.0000000E+00
   4.3035528E-05   1.7839404E+07   1.7839404E+07   2.3591186E+07   -5.8614211E+05   -1.5163407E+07   1.7839402E+07   1.7839404E+07   7.9988987E+06   0.0000000E+00   0.0000000E+00   0.0000000E+00   0.0000000E+00
   4.6246315E-05   1.7839482E+07   1.7839482E+07   2.3561287E+07   -5.8598834E+05   -1.5158247E+07   1.7839477E+07   1.7839482E+07   7.9989162E+06   0.0000000E+00   0.0000000E+00   0.0000000E+00   0.0000000E+00
   4.9696652E-05   1.7839572E+07   1.7839572E+07   2.3526802E+07   -5.8581084E+05   -1.5152291E+07   1.7839563E+07   1.7839572E+07   7.9989364E+06   0.0000000E+00   0.0000000E+00   0.0000000E+00   0.0000000E+00
   5.3404411E-05   1.7839675E+07   1.7839675E+07   2.3487038E+07   -5.8560596E+05   -1.5145417E+07   1.7839663E+07   1.7839675E+07   7.9989597E+06   0.0000000E+00   0.0000000E+00   0.0000000E+00   0.0000000E+00
   5.7388799E-05   1.7839795E+07   1.7839795E+07   2.3441195E+07   -5.8536948E+05   -1.5137484E+07   1.7839778E+07   1.7839795E+07   7.9989865E+06   0.0000000E+00   0.0000000E+00   0.0000000E+00   0.0000000E+00
   6.1670452E-05   1.7839933E+07   1.7839933E+07   2.3388359E+07   -5.8509656E+05   -1.5128331E+07   1.7839911E+07   1.7839933E+07   7.9990175E+06   0.0000000E+00   0.0000000E+00   0.0000000E+00   0.0000000E+00
   6.6271551E-05   1.7840093E+07   1.7840093E+07   2.3327480E+07   -5.8478160E+05   -1.5117770E+07   1.7840064E+07   1.7840093E+07   7.9990532E+06   0.0000000E+00   0.0000000E+00   0.0000000E+00   0.0000000E+00
   7.1215927E-05   1.7840276E+07   1.7840276E+07   2.3257360E+07   -5.8441817E+05   -1.5105588E+07   1.7840241E+07   1.7840276E+07   7.9990943E+06   0.0000000E+00   0.0000000E+00   0.0000000E+00   0.0000000E+00
   7.6529193E-05   1.7840488E+07   1.7840488E+07   2.3176626E+07   -5.8399887E+05   -1.5091536E+07   1.7840445E+07   1.7840488E+07   7.9991417E+06   0.0000000E+00   0.0000000E+00   0.0000000E+00   0.0000000E+00
   8.2238870E-05   1.7840732E+07   1.7840732E+07   2.3083717E+07   -5.8351516E+05   -1.5075331E+07   1.7840680E+07   1.7840732E+07   7.9991963E+06   0.0000000E+00   0.0000000E+00   0.0000000E+00   0.0000000E+00
   8.8374533E-05   1.7841014E+07   1.7841014E+07   2.2976852E+07   -5.8295725E+05   -1.5056648E+07   1.7840951E+07   1.7841014E+07   7.9992591E+06   0.0000000E+00   0.0000000E+00   0.0000000E+00   0.0000000E+00
   9.4967965E-05   1.7841339E+07   1.7841339E+07   2.2854011E+07   -5.8231386E+05   -1.5035113E+07   1.7841263E+07   1.7841339E+07   7.9993314E+06   0.0000000E+00   0.0000000E+00   0.0000000E+00   0.0000000E+00
   1.0205332E-04   1.7841712E+07   1.7841712E+07   2.2712906E+07   -5.8157206E+05   -1.5010297E+07   1.7841622E+07   1.7841712E+07   7.9994145E+06   0.0000000E+00   0.0000000E+00   0.0000000E+00   0.0000000E+00
   1.0966730E-04   1.7842143E+07   1.7842143E+07   2.2550956E+07   -5.8071702E+05   -1.4981709E+07   1.7842036E+07   1.7842143E+07   7.9995100E+06   0.0000000E+00   0.0000000E+00   0.0000000E+00   0.0000000E+00
   1.1784933E-04   1.7842639E+07   1.7842639E+07   2.2365259E+07   -5.7973171E+05   -1.4948789E+07   1.7842513E+07   1.7842639E+07   7.9996196E+06   0.0000000E+00   0.0000000E+00   0.0000000E+00   0.0000000E+00
   1.2664182E-04   1.7843209E+07   1.7843209E+07   2.2152567E+07   -5.7859666E+05   -1.4910897E+07   1.7843061E+07   1.7843209E+07   7.9997454E+06   0.0000000E+00   0.0000000E+00   0.0000000E+00   0.0000000E+00
   1.3609029E-04   1.7843865E+07   1.7843865E+07   2.1909267E+07   -5.7728962E+05   -1.4867304E+07   1.7843692E+07   1.7843865E+07   7.9998895E+06   0.0000000E+00   0.0000000E+00   0.0000000E+00   0.0000000E+00
   1.4624369E-04   1.7844618E+07   1.7844618E+07   2.1631366E+07   -5.7578516E+05   -1.4817181E+07   1.7844416E+07   1.7844618E+07   8.0000545E+06   0.0000000E+00   0.0000000E+00   0.0000000E+00   0.0000000E+00
   1.5715461E-04   1.7845483E+07   1.7845483E+07   2.1314485E+07   -5.7405436E+05   -1.4759589E+07   1.7845247E+07   1.7845483E+07   8.0002431E+06   0.0000000E+00   0.0000000E+00   0.0000000E+00   0.0000000E+00
   1.6887958E-04   1.7846476E+07   1.7846476E+07   2.0953873E+07   -5.7206430E+05   -1.4693464E+07   1.7846201E+07   1.7846476E+07   8.0004582E+06   0.0000000E+00   0.0000000E+00   0.0000000E+00   0.0000000E+00
   1.8147932E-04   1.7847613E+07   1.7847613E+07   2.0544437E+07   -5.6977770E+05   -1.4617611E+07   1.7847294E+07   1.7847613E+07   8.0007032E+06   0.0000000E+00   0.0000000E+00   0.0000000E+00   0.0000000E+00
   1.9501909E-04   1.7848915E+07   1.7848915E+07   2.0080805E+07   -5.6715238E+05   -1.4530689E+07   1.7848544E+07   1.7848915E+07   8.0009816E+06   0.0000000E+00   0.0000000E+00   0.0000000E+00   0.0000000E+00
   2.0956904E-04   1.7850403E+07   1.7850403E+07   1.9557424E+07   -5.6414089E+05   -1.4431198E+07   1.7849973E+07   1.7850403E+07   8.0012970E+06   0.0000000E+00   0.0000000E+00   0.0000000E+00   0.0000000E+00
   2.2520454E-04   1.7852102E+07   1.7852102E+07   1.8968716E+07   -5.6068997E+05   -1.4317478E+07   1.7851603E+07   1.7852102E+07   8.0016533E+06   0.0000000E+00   0.0000000E+00   0.0000000E+00   0.0000000E+00
   2.4200656E-04   1.7854036E+07   1.7854036E+07   1.8309287E+07   -5.5674021E+05   -1.4187698E+07   1.7853459E+07   1.7854036E+07   8.0020543E+06   0.0000000E+00   0.0000000E+00   0.0000000E+00   0.0000000E+00
   2.6006214E-04   1.7856235E+07   1.7856235E+07   1.7574226E+07   -5.5222572E+05   -1.4039857E+07   1.7855567E+07   1.7856235E+07   8.0025035E+06   0.0000000E+00   0.0000000E+00   0.0000000E+00   0.0000000E+00
   2.7946481E-04   1.7858727E+07   1.7858727E+07   1.6759489E+07   -5.4707394E+05   -1.3871795E+07   1.7857956E+07   1.7858727E+07   8.0030041E+06   0.0000000E+00   0.0000000E+00   0.0000000E+00   0.0000000E+00
   3.0031508E-04   1.7861544E+07   1.7861544E+07   1.5862396E+07   -5.4120565E+05   -1.3681205E+07   1.7860653E+07   1.7861544E+07   8.0035585E+06   0.0000000E+00   0.0000000E+00   0.0000000E+00   0.0000000E+00
   3.2272093E-04   1.7864716E+07   1.7864716E+07   1.4882235E+07   -5.3453534E+05   -1.3465664E+07   1.7863689E+07   1.7864716E+07   8.0041676E+06   0.0000000E+00   0.0000000E+00   0.0000000E+00   0.0000000E+00
   3.4679844E-04   1.7868274E+07   1.7868274E+07   1.3820980E+07   -5.2697182E+05   -1.3222683E+07   1.7867090E+07   1.7868274E+07   8.0048306E+06   0.0000000E+00   0.0000000E+00   0.0000000E+00   0.0000000E+00
   3.7267232E-04   1.7872245E+07   1.7872245E+07   1.2684096E+07   -5.1841958E+05   -1.2949768E+07   1.7870882E+07   1.7872245E+07   8.0055438E+06   0.0000000E+00   0.0000000E+00   0.0000000E+00   0.0000000E+00
   4.0047659E-04   1.7876652E+07   1.7876652E+07   1.1481388E+07   -5.0878064E+05   -1.2644519E+07   1.7875084E+07   1.7876652E+07   8.0062995E+06   0.0000000E+00   0.0000000E+00   0.0000000E+00   0.0000000E+00
   4.3035528E-04   1.7881508E+07   1.7881508E+07   1.0227794E+07   -4.9795738E+05   -1.2304748E+07   1.7879706E+07   1.7881508E+07   8.0070850E+06   0.0000000E+00   0.0000000E+00   0.0000000E+00   0.0000000E+00
   4.6246315E-04   1.7886815E+07   1.7886815E+07   8.9440054E+06   -4.8585635E+05   -1.1928631E+07   1.7884746E+07   1.7886815E+07   8.0078807E+06   0.0000000E+00   0.0000000E+00   0.0000000E+00   0.0000000E+00
   4.9696652E-04   1.7892558E+07   1.7892558E+07   7.6566951E+06   -4.7239334E+05   -1.1514900E+07   1.7890186E+07   1.7892558E+07   8.0086581E+06   0.0000000E+00   0.0000000E+00   0.0000000E+00   0.0000000E+00
   5.3404411E-04   1.7898697E+07   1.7898697E+07   6.3981200E+06   -4.5749975E+05   -1.1063055E+07   1.7895982E+07   1.7898697E+07   8.0093776E+06   0.0000000E+00   0.0000000E+00   0.0000000E+00   0.0000000E+00
   5.7388799E-04   1.7905162E+07   1.7905162E+07   5.2047938E+06   -4.4113026E+05   -1.0573601E+07   1.7902058E+07   1.7905162E+07   8.0099859E+06   0.0000000E+00   0.0000000E+00   0.0000000E+00   0.0000000E+00
   6.1670452E-04   1.7911841E+07   1.7911841E+07   4.1149603E+06   -4.2327181E+05   -1.0048286E+07   1.7908300E+07   1.7911841E+07   8.0104136E+06   0.0000000E+00   0.0000000E+00   0.0000000E+00   0.0000000E+00
   6.6271551E-04   1.7918576E+07   1.7918576E+07   3.1647051E+06   -4.0395321E+05   -9.4903214E+06   1.7914542E+07   1.7918576E+07   8.0105723E+06   0.0000000E+00   0.0000000E+00   0.0000000E+00   0.0000000E+00
   7.1215927E-04   1.7925147E+07   1.7925147E+07   2.3828084E+06   -3.8325495E+05   -8.9045270E+06   1.7920562E+07   1.7925147E+07   8.0103527E+06   0.0000000E+00   0.0000000E+00   0.0000000E+00   0.0000000E+00
   7.6529193E-04   1.7931270E+07   1.7931270E+07   1.7848991E+06   -3.6131762E+05   -8.2973794E+06   1.7926072E+07   1.7931270E+07   8.0096234E+06   0.0000000E+00   0.0000000E+00   0.0000000E+00   0.0000000E+00
   8.2238870E-04   1.7936587E+07   1.7936587E+07   1.3681021E+06   -3.3834754E+05   -7.6768909E+06   1.7930708E+07   1.7936587E+07   8.0082305E+06   0.0000000E+00   0.0000000E+00   0.0000000E+00   0.0000000E+00
   8.8374533E-04   1.7940664E+07   1.7940664E+07   1.1080403E+06   -3.1461732E+05   -7.0522853E+06   1.7934036E+07   1.7940664E+07   8.0059999E+06   0.0000000E+00   0.0000000E+00   0.0000000E+00   0.0000000E+00
   9.4967965E-04   1.7942999E+07   1.7942999E+07   9.6044292E+05   -2.9045916E+05   -6.4334501E+06   1.7935551E+07   1.7942999E+07   8.0027417E+06   0.0000000E+00   0.0000000E+00   0.0000000E+00   0.0000000E+00
   1.0205332E-03   1.7943030E+07   1.7943030E+07   8.6918292E+05   -2.6624919E+05   -5.8301962E+06   1.7934690E+07   1.7943030E+07   7.9982561E+06   0.0000000E+00   0.0000000E+00   0.0000000E+00   0.0000000E+00
   1.0966730E-03   1.7940157E+07   1.7940157E+07   7.8073626E+05   -2.4238234E+05   -5.2514172E+06   1.7930857E+07   1.7940157E+07   7.9923425E+06   0.0000000E+00   0.0000000E+00   0.0000000E+00   0.0000000E+00
   1.1784933E-03   1.7933772E+07   1.7933772E+07   6.6162142E+05   -2.1923981E+05   -4.7043165E+06   1.7923445E+07   1.7933772E+07   7.9848083E+06   0.0000000E+00   0.0000000E+00   0.0000000E+00   0.0000000E+00
   1.2664182E-03   1.7923286E+07   1.7923286E+07   5.1127705E+05   -1.9715414E+05   -4.1938960E+06   1.7911872E+07   1.7923286E+07   7.9754764E+06   0.0000000E+00   0.0000000E+00   0.0000000E+00   0.0000000E+00
   1.3609029E-03   1.7908160E+07   1.7908160E+07   3.6084789E+05   -1.7638000E+05   -3.7228681E+06   1.7895605E+07   1.7908160E+07   7.9641892E+06   0.0000000E+00   0.0000000E+00   0.0000000E+00   0.0000000E+00
   1.4624369E-03   1.7887917E+07   1.7887917E+07   2.5257760E+05   -1.5707913E+05   -3.2920088E+06   1.7874178E+07   1.7887917E+07   7.9508074E+06   0.0000000E+00   0.0000000E+00   0.0000000E+00   0.0000000E+00
   1.5715461E-03   1.7862148E+07   1.7862148E+07   2.0720967E+05   -1.3932507E+05   -2.9007686E+06   1.7847191E+07   1.7862148E+07   7.9352027E+06   0.0000000E+00   0.0000000E+00   0.0000000E+00   0.0000000E+00
   1.6887958E-03   1.7830494E+07   1.7830494E+07   2.0252924E+05   -1.2312474E+05   -2.5478198E+06   1.7814294E+07   1.7830494E+07   7.9172487E+06   0.0000000E+00   0.0000000E+00   0.0000000E+00   0.0000000E+00
   1.8147932E-03   1.7792626E+07   1.7792626E+07   1.8849372E+05   -1.0844546E+05   -2.2313047E+06   1.7775166E+07   1.7792626E+07   7.8968139E+06   0.0000000E+00   0.0000000E+00   0.0000000E+00   0.0000000E+00
   1.9501909E-03   1.7748228E+07   1.7748228E+07   1.3642902E+05   -9.5232419E+04   -1.9488698E+06   1.7729497E+07   1.7748228E+07   7.8737595E+06   0.0000000E+00   0.0000000E+00   0.0000000E+00   0.0000000E+00
   2.0956904E-03   1.7696991E+07   1.7696991E+07   7.3576490E+04   -8.3411278E+04   -1.6978274E+06   1.7676982E+07   1.7696991E+07   7.8479433E+06   0.0000000E+00   0.0000000E+00   0.0000000E+00   0.0000000E+00
   2.2520454E-03   1.7638617E+07   1.7638617E+07   4.9037866E+04   -7.2886315E+04   -1.4755482E+06   1.7617318E+07   1.7638617E+07   7.8192208E+06   0.0000000E+00   0.0000000E+00   0.0000000E+00   0.0000000E+00
   2.4200656E-03   1.7572804E+07   1.7572804E+07   6.0694524E+04   -6.3549209E+04   -1.2796399E+06   1.7550201E+07   1.7572804E+07   7.7874427E+06   0.0000000E+00   0.0000000E+00   0.0000000E+00   0.0000000E+00
   2.6006214E-03   1.7499235E+07   1.7499235E+07   5.6920344E+04   -5.5295345E+04   -1.1076051E+06   1.7475310E+07   1.7499235E+07   7.7524493E+06   0.0000000E+00   0.0000000E+00   0.0000000E+00   0.0000000E+00
   2.7946481E-03   1.7417576E+07   1.7417576E+07   2.8793316E+04   -4.8027652E+04   -9.5671073E+05   1.7392308E+07   1.7417576E+07   7.7140719E+06   0.0000000E+00   0.0000000E+00   0.0000000E+00   0.0000000E+00
   3.0031508E-03   1.7327480E+07   1.7327480E+07   2.0180750E+04   -4.1647435E+04   -8.2463818E+05   1.7300847E+07   1.7327480E+07   7.6721382E+06   0.0000000E+00   0.0000000E+00   0.0000000E+00   0.0000000E+00
   3.2272093E-03   1.7228585E+07   1.7228585E+07   2.3615922E+04   -3.6057301E+04   -7.0957657E+05   1.7200571E+07   1.7228585E+07   7.6264719E+06   0.0000000E+00   0.0000000E+00   0.0000000E+00   0.0000000E+00
   3.4679844E-03   1.7120513E+07   1.7120513E+07   1.0265667E+04   -3.1172121E+04   -6.0941947E+05   1.7091104E+07   1.7120513E+07   7.5768890E+06   0.0000000E+00   0.0000000E+00   0.0000000E+00   0.0000000E+00
   3.7267232E-03   1.7002865E+07   1.7002865E+07   1.0660500E+04   -2.6912448E+04   -5.2232739E+05   1.6972058E+07   1.7002865E+07   7.5232005E+06   0.0000000E+00   0.0000000E+00   0.0000000E+00   0.0000000E+00
   4.0047659E-03   1.6875233E+07   1.6875233E+07   9.9626663E+03   -2.3203127E+04   -4.4699266E+05   1.6843030E+07   1.6875233E+07   7.4652135E+06   0.0000000E+00   0.0000000E+00   0.0000000E+00   0.0000000E+00
   4.3035528E-03   1.6737189E+07   1.6737189E+07   1.1365350E+03   -1.9980623E+04   -3.8164825E+05   1.6703609E+07   1.6737189E+07   7.4027316E+06   0.0000000E+00   0.0000000E+00   0.0000000E+00   0.0000000E+00
   4.6246315E-03   1.6588303E+07   1.6588303E+07   6.6616324E+03   -1.7184122E+04   -3.2528836E+05   1.6553387E+07   1.6588303E+07   7.3355607E+06   0.0000000E+00   0.0000000E+00   0.0000000E+00   0.0000000E+00
   4.9696652E-03   1.6428141E+07   1.6428141E+07   -3.4982845E+01   -1.4761208E+04   -2.7664836E+05   1.6391947E+07   1.6428141E+07   7.2635052E+06   0.0000000E+00   0.0000000E+00   0.0000000E+00   0.0000000E+00
   5.3404411E-03   1.6256269E+07   1.6256269E+07   2.6862335E+03   -1.2664420E+04   -2.3479209E+05   1.6218857E+07   1.6256269E+07   7.1863634E+06   0.0000000E+00   0.0000000E+00   0.0000000E+00   0.0000000E+00
   5.7388799E-03   1.6072251E+07   1.6072251E+07   -5.8972262E+01   -1.0852295E+04   -1.9879496E+05   1.6033668E+07   1.6072251E+07   7.1039272E+06   0.0000000E+00   0.0000000E+00   0.0000000E+00   0.0000000E+00
   6.1670452E-03   1.5875633E+07   1.5875633E+07   -2.3852855E+02   -9.2879576E+03   -1.6801456E+05   1.5835935E+07   1.5875633E+07   7.0159910E+06   0.0000000E+00   0.0000000E+00   0.0000000E+00   0.0000000E+00
   6.6271551E-03   1.5665948E+07   1.5665948E+07   9.9943153E+02   -7.9395822E+03   -1.4158479E+05   1.5625222E+07   1.5665948E+07   6.9223549E+06   0.0000000E+00   0.0000000E+00   0.0000000E+00   0.0000000E+00
   7.1215927E-03   1.5442729E+07   1.5442729E+07   -1.0880260E+03   -6.7781930E+03   -1.1902169E+05   1.5401083E+07   1.5442729E+07   6.8228153E+06   0.0000000E+00   0.0000000E+00   0.0000000E+00   0.0000000E+00
   7.6529193E-03   1.5205519E+07   1.5205519E+07   -1.1603443E+03   -5.7789464E+03   -9.9807654E+04   1.5163054E+07   1.5205519E+07   6.7171603E+06   0.0000000E+00   0.0000000E+00   0.0000000E+00   0.0000000E+00
   8.2238870E-03   1.4953860E+07   1.4953860E+07   -6.7963224E+02   -4.9203055E+03   -8.3459373E+04   1.4910680E+07   1.4953860E+07   6.6051839E+06   0.0000000E+00   0.0000000E+00   0.0000000E+00   0.0000000E+00
   8.8374533E-03   1.4687286E+07   1.4687286E+07   -1.7458836E+02   -4.1832705E+03   -6.9566131E+04   1.4643512E+07   1.4687286E+07   6.4866830E+06   0.0000000E+00   0.0000000E+00   0.0000000E+00   0.0000000E+00
   9.4967965E-03   1.4405319E+07   1.4405319E+07   -2.4261533E+02   -3.5512614E+03   -5.7795263E+04   1.4361083E+07   1.4405319E+07   6.3614469E+06   0.0000000E+00   0.0000000E+00   0.0000000E+00   0.0000000E+00
   1.0205332E-02   1.4107494E+07   1.4107494E+07   -3.4653726E+02   -3.0098901E+03   -4.7861367E+04   1.4062928E+07   1.4107494E+07   6.2292666E+06   0.0000000E+00   0.0000000E+00   0.0000000E+00   0.0000000E+00
   1.0966730E-02   1.3793356E+07   1.3793356E+07   -4.7742556E+02   -2.5467185E+03   -3.9494098E+04   1.3748601E+07   1.3793356E+07   6.0899415E+06   0.0000000E+00   0.0000000E+00   0.0000000E+00   0.0000000E+00
   1.1784933E-02   1.3462464E+07   1.3462464E+07   -7.2968182E+02   -2.1509020E+03   -3.2451215E+04   1.3417673E+07   1.3462464E+07   5.9432792E+06   0.0000000E+00   0.0000000E+00   0.0000000E+00   0.0000000E+00
   1.2664182E-02   1.3114408E+07   1.3114408E+07   -6.1083109E+02   -1.8130440E+03   -2.6547634E+04   1.3069728E+07   1.3114408E+07   5.7890938E+06   0.0000000E+00   0.0000000E+00   0.0000000E+00   0.0000000E+00
   1.3609029E-02   1.2748838E+07   1.2748838E+07   -2.5635893E+02   -1.5250328E+03   -2.1635965E+04   1.2704430E+07   1.2748838E+07   5.6272337E+06   0.0000000E+00   0.0000000E+00   0.0000000E+00   0.0000000E+00
   1.4624369E-02   1.2365480E+07   1.2365480E+07   -5.4828773E+02   -1.2798462E+03   -1.7542169E+04   1.2321502E+07   1.2365480E+07   5.4575752E+06   0.0000000E+00   0.0000000E+00   0.0000000E+00   0.0000000E+00
   1.5715461E-02   1.1964195E+07   1.1964195E+07   -2.3600944E+02   -1.0714300E+03   -1.4152414E+04   1.1920809E+07   1.1964195E+07   5.2800568E+06   0.0000000E+00   0.0000000E+00   0.0000000E+00   0.0000000E+00
   1.6887958E-02   1.1545017E+07   1.1545017E+07   -2.8251892E+02   -8.9455307E+02   -1.1345667E+04   1.1502384E+07   1.1545017E+07   5.0946922E+06   0.0000000E+00   0.0000000E+00   0.0000000E+00   0.0000000E+00
   1.8147932E-02   1.1108240E+07   1.1108240E+07   -3.2932472E+02   -7.4471526E+02   -9.0454977E+03   1.1066521E+07   1.1108240E+07   4.9016105E+06   0.0000000E+00   0.0000000E+00   0.0000000E+00   0.0000000E+00
   1.9501909E-02   1.0654495E+07   1.0654495E+07   -2.8533593E+02   -6.1803780E+02   -7.1647482E+03   1.0613846E+07   1.0654495E+07   4.7010877E+06   0.0000000E+00   0.0000000E+00   0.0000000E+00   0.0000000E+00
   2.0956903E-02   1.0184865E+07   1.0184865E+07   -2.0836757E+02   -5.1118778E+02   -5.6335045E+03   1.0145437E+07   1.0184865E+07   4.4936012E+06   0.0000000E+00   0.0000000E+00   0.0000000E+00   0.0000000E+00
   2.2520442E-02   9.7010049E+06   9.7010049E+06   -1.2339411E+02   -4.2130233E+02   -4.3986261E+03   9.6629389E+06   9.7010049E+06   4.2798787E+06   0.0000000E+00   0.0000000E+00   0.0000000E+00   0.0000000E+00
   2.4200593E-02   9.2052797E+06   9.2052797E+06   -1.7490557E+02   -3.4592210E+02   -3.4061272E+03   9.1687044E+06   9.2052797E+06   4.0609612E+06   0.0000000E+00   0.0000000E+00   0.0000000E+00   0.0000000E+00
   2.6005914E-02   8.7009161E+06   8.7009161E+06   -9.1961756E+01   -2.8293568E+02   -2.6135245E+03   8.6659434E+06   8.7009161E+06   3.8382702E+06   0.0000000E+00   0.0000000E+00   0.0000000E+00   0.0000000E+00
   2.7945239E-02   8.1921699E+06   8.1921699E+06   -8.5002437E+01   -2.3053533E+02   -1.9849762E+03   8.1588903E+06   8.1921699E+06   3.6136807E+06   0.0000000E+00   0.0000000E+00   0.0000000E+00   0.0000000E+00
   3.0026998E-02   7.6845229E+06   7.6845229E+06   -6.9878905E+01   -1.8717528E+02   -1.4944323E+03   7.6529992E+06   7.6845229E+06   3.3896080E+06   0.0000000E+00   0.0000000E+00   0.0000000E+00   0.0000000E+00
   3.2257592E-02   7.1848984E+06   7.1848984E+06   -5.6813773E+01   -1.5154021E+02   -1.1158452E+03   7.1551596E+06   7.1848984E+06   3.1691031E+06   0.0000000E+00   0.0000000E+00   0.0000000E+00   0.0000000E+00
   3.4638294E-02   6.7017987E+06   6.7017987E+06   -6.6498059E+01   -1.2251347E+02   -8.2359386E+02   6.6738326E+06   6.7017987E+06   2.9559134E+06   0.0000000E+00   0.0000000E+00   0.0000000E+00   0.0000000E+00
   3.7160674E-02   6.2450718E+06   6.2450718E+06   -4.3195197E+01   -9.9135147E+01   -6.0562790E+02   6.2188190E+06   6.2450718E+06   2.7543793E+06   0.0000000E+00   0.0000000E+00   0.0000000E+00   0.0000000E+00
   3.9802385E-02   5.8248421E+06   5.8248421E+06   -2.9830789E+01   -8.0556064E+01   -4.4208296E+02   5.8001939E+06   5.8248421E+06   2.5689631E+06   0.0000000E+00   0.0000000E+00   0.0000000E+00   0.0000000E+00
   4.2527282E-02   5.4494025E+06   5.4494025E+06   -2.4888569E+01   -6.5984919E+01   -3.2280183E+02   5.4262082E+06   5.4494025E+06   2.4033189E+06   0.0000000E+00   0.0000000E+00   0.0000000E+00   0.0000000E+00
   4.5292971E-02   5.1228484E+06   5.1228484E+06   -2.1046108E+01   -5.4664203E+01   -2.3670364E+02   5.1009327E+06   5.1228484E+06   2.2592496E+06   0.0000000E+00   0.0000000E+00   0.0000000E+00   0.0000000E+00
   4.8062620E-02   4.8440164E+06   4.8440164E+06   -1.8091205E+01   -4.5886901E+01   -1.7458986E+02   4.8232018E+06   4.8440164E+06   2.1362386E+06   0.0000000E+00   0.0000000E+00   0.0000000E+00   0.0000000E+00
   5.0813197E-02   4.6074518E+06   4.6074518E+06   -1.5977802E+01   -3.9036591E+01   -1.2934976E+02   4.5875777E+06   4.6074518E+06   2.0318776E+06   0.0000000E+00   0.0000000E+00   0.0000000E+00   0.0000000E+00
   5.3536195E-02   4.4054686E+06   4.4054686E+06   -1.4440461E+01   -3.3615861E+01   -9.5953267E+01   4.3864021E+06   4.4054686E+06   1.9427743E+06   0.0000000E+00   0.0000000E+00   0.0000000E+00   0.0000000E+00
   5.6233585E-02   4.2299684E+06   4.2299684E+06   -1.3181025E+01   -2.9247524E+01   -7.0945491E+01   4.2116078E+06   4.2299684E+06   1.8653557E+06   0.0000000E+00   0.0000000E+00   0.0000000E+00   0.0000000E+00
   5.8913116E-02   4.0734918E+06   4.0734918E+06   -1.2341154E+01   -2.5656295E+01   -5.1882080E+01   4.0557644E+06   4.0734918E+06   1.7963308E+06   0.0000000E+00   0.0000000E+00   0.0000000E+00   0.0000000E+00
   6.1584950E-02   3.9296453E+06   3.9296453E+06   -1.1977828E+01   -2.2644956E+01   -3.7187009E+01   3.9125042E+06   3.9296453E+06   1.7328792E+06   0.0000000E+00   0.0000000E+00   0.0000000E+00   0.0000000E+00
   6.4259758E-02   3.7932014E+06   3.7932014E+06   -1.1551781E+01   -2.0073234E+01   -2.5850339E+01   3.7766210E+06   3.7932014E+06   1.6726950E+06   0.0000000E+00   0.0000000E+00   0.0000000E+00   0.0000000E+00
   6.6947816E-02   3.6600744E+06   3.6600744E+06   -1.0578449E+01   -1.7841598E+01   -1.7051917E+01   3.6440456E+06   3.6600744E+06   1.6139760E+06   0.0000000E+00   0.0000000E+00   0.0000000E+00   0.0000000E+00
   6.9658667E-02   3.5272669E+06   3.5272669E+06   -9.2471170E+00   -1.5879460E+01   -1.0104916E+01   3.5117930E+06   3.5272669E+06   1.5554000E+06   0.0000000E+00   0.0000000E+00   0.0000000E+00   0.0000000E+00
   7.2401053E-02   3.3928189E+06   3.3928189E+06   -8.0729092E+00   -1.4136846E+01   -4.5812937E+00   3.3779112E+06   3.3928189E+06   1.4961024E+06   0.0000000E+00   0.0000000E+00   0.0000000E+00   0.0000000E+00
   7.5182977E-02   3.2557598E+06   3.2557598E+06   -7.3212351E+00   -1.2578562E+01   -2.3212438E-01   3.2414334E+06   3.2557598E+06   1.4356551E+06   0.0000000E+00   0.0000000E+00   0.0000000E+00   0.0000000E+00
   7.8011799E-02   3.1160520E+06   3.1160520E+06   -6.8249980E+00   -1.1179958E+01   3.2029486E+00   3.1023217E+06   3.1160520E+06   1.3740413E+06   0.0000000E+00   0.0000000E+00   0.0000000E+00   0.0000000E+00
   8.0894354E-02   2.9745120E+06   2.9745120E+06   -5.8630265E+00   -9.9237382E+00   5.9131509E+00   2.9613889E+06   2.9745120E+06   1.3116209E+06   0.0000000E+00   0.0000000E+00   0.0000000E+00   0.0000000E+00
   8.3837051E-02   2.8326954E+06   2.8326954E+06   -4.0189233E+00   -8.7976277E+00   7.7150767E+00   2.8201832E+06   2.8326954E+06   1.2490798E+06   0.0000000E+00   0.0000000E+00   0.0000000E+00   0.0000000E+00
   8.6845963E-02   2.6927353E+06   2.6927353E+06   -3.9084033E+00   -7.7924868E+00   8.6698766E+00   2.6808283E+06   2.6927353E+06   1.1873583E+06   0.0000000E+00   0.0000000E+00   0.0000000E+00   0.0000000E+00
   8.9926904E-02   2.5571308E+06   2.5571308E+06   -3.7725574E+00   -6.9008428E+00   9.7774467E+00   2.5458118E+06   2.5571308E+06   1.1275584E+06   0.0000000E+00   0.0000000E+00   0.0000000E+00   0.0000000E+00
   9.3085495E-02   2.4284870E+06   2.4284870E+06   -3.3488836E+00   -6.1157613E+00   1.0044403E+01   2.4177271E+06   2.4284870E+06   1.0708286E+06   0.0000000E+00   0.0000000E+00   0.0000000E+00   0.0000000E+00
   9.6327214E-02   2.3092206E+06   2.3092206E+06   -2.4377738E+00   -5.4300090E+00   1.0358492E+01   2.2989798E+06   2.3092206E+06   1.0182346E+06   0.0000000E+00   0.0000000E+00   0.0000000E+00   0.0000000E+00
   9.9657439E-02   2.2012518E+06   2.2012518E+06   -2.2025182E+00   -4.8355177E+00   1.0535633E+01   2.1914815E+06   2.2012518E+06   9.7062272E+05   0.0000000E+00   0.0000000E+00   0.0000000E+00   0.0000000E+00
   1.0308148E-01   2.1057156E+06   2.1057156E+06   -2.0171064E+00   -4.3231046E+00   1.0495548E+01   2.0963619E+06   2.1057156E+06   9.2849347E+05   0.0000000E+00   0.0000000E+00   0.0000000E+00   0.0000000E+00
   1.0660463E-01   2.0227323E+06   2.0227323E+06   -1.7202853E+00   -3.8825162E+00   1.0307794E+01   2.0137404E+06   2.0227323E+06   8.9189977E+05   0.0000000E+00   0.0000000E+00   0.0000000E+00   0.0000000E+00
   1.1023214E-01   1.9512819E+06   1.9512819E+06   -1.7760708E+00   -3.5027192E+00   1.0017595E+01   1.9426014E+06   1.9512819E+06   8.6039176E+05   0.0000000E+00   0.0000000E+00   0.0000000E+00   0.0000000E+00
   1.1396928E-01   1.8892223E+06   1.8892223E+06   -1.8747214E+00   -3.1724005E+00   9.9451984E+00   1.8808122E+06   1.8892223E+06   8.3302482E+05   0.0000000E+00   0.0000000E+00   0.0000000E+00   0.0000000E+00
   1.1782135E-01   1.8334806E+06   1.8334806E+06   -1.4414661E+00   -2.8806434E+00   9.5656396E+00   1.8253134E+06   1.8334806E+06   8.0844398E+05   0.0000000E+00   0.0000000E+00   0.0000000E+00   0.0000000E+00
   1.2179367E-01   1.7804231E+06   1.7804231E+06   -1.2242419E+00   -2.6176802E+00   9.3641490E+00   1.7724876E+06   1.7804231E+06   7.8504700E+05   0.0000000E+00   0.0000000E+00   0.0000000E+00   0.0000000E+00
   1.2589161E-01   1.7263770E+06   1.7263770E+06   -1.1587045E+00   -2.3755574E+00   9.0325355E+00   1.7186779E+06   1.7263770E+06   7.6121429E+05   0.0000000E+00   0.0000000E+00   0.0000000E+00   0.0000000E+00
   1.3012059E-01   1.6682375E+06   1.6682375E+06   -1.0279914E+00   -2.1486603E+00   8.5870407E+00   1.6607937E+06   1.6682375E+06   7.3557696E+05   0.0000000E+00   0.0000000E+00   0.0000000E+00   0.0000000E+00
   1.3448607E-01   1.6040598E+06   1.6040598E+06   -1.1473444E+00   -1.9339425E+00   8.1295450E+00   1.5968987E+06   1.6040598E+06   7.0727739E+05   0.0000000E+00   0.0000000E+00   0.0000000E+00   0.0000000E+00
   1.3899360E-01   1.5335043E+06   1.5335043E+06   -8.0373398E-01   -1.7307962E+00   7.6670814E+00   1.5266550E+06   1.5335043E+06   6.7616592E+05   0.0000000E+00   0.0000000E+00   0.0000000E+00   0.0000000E+00
   1.4364877E-01   1.4580076E+06   1.4580076E+06   -8.4905063E-01   -1.5405541E+00   7.1758826E+00   1.4514924E+06   1.4580076E+06   6.4287590E+05   0.0000000E+00   0.0000000E+00   0.0000000E+00   0.0000000E+00
   1.4845725E-01   1.3805786E+06   1.3805786E+06   -7.7769485E-01   -1.3656798E+00   6.6309975E+00   1.3744068E+06   1.3805786E+06   6.0873413E+05   0.0000000E+00   0.0000000E+00   0.0000000E+00   0.0000000E+00
   1.5342480E-01   1.3051970E+06   1.3051970E+06   -6.0398983E-01   -1.2087781E+00   6.1060088E+00   1.2993598E+06   1.3051970E+06   5.7549528E+05   0.0000000E+00   0.0000000E+00   0.0000000E+00   0.0000000E+00
   1.5855724E-01   1.2358891E+06   1.2358891E+06   -5.9092578E-01   -1.0716262E+00   5.5719729E+00   1.2303597E+06   1.2358891E+06   5.4493466E+05   0.0000000E+00   0.0000000E+00   0.0000000E+00   0.0000000E+00
   1.6386051E-01   1.1756768E+06   1.1756768E+06   -4.6777225E-01   -9.5445520E-01   5.1724169E+00   1.1704149E+06   1.1756768E+06   5.1838466E+05   0.0000000E+00   0.0000000E+00   0.0000000E+00   0.0000000E+00
   1.6934063E-01   1.1256811E+06   1.1256811E+06   -4.1925558E-01   -8.5564910E-01   4.7985782E+00   1.1206412E+06   1.1256811E+06   4.9633956E+05   0.0000000E+00   0.0000000E+00   0.0000000E+00   0.0000000E+00
   1.7500374E-01   1.0846866E+06   1.0846866E+06   -4.0903441E-01   -7.7197660E-01   4.4469949E+00   1.0798287E+06   1.0846866E+06   4.7826341E+05   0.0000000E+00   0.0000000E+00   0.0000000E+00   0.0000000E+00
   1.8085610E-01   1.0493901E+06   1.0493901E+06   -3.8774852E-01   -6.9929423E-01   4.1932623E+00   1.0446888E+06   1.0493901E+06   4.6269971E+05   0.0000000E+00   0.0000000E+00   0.0000000E+00   0.0000000E+00
   1.8690413E-01   1.0153658E+06   1.0153658E+06   -3.7272989E-01   -6.3353143E-01   3.8907829E+00   1.0108156E+06   1.0153658E+06   4.4769704E+05   0.0000000E+00   0.0000000E+00   0.0000000E+00   0.0000000E+00
   1.9315440E-01   9.7851729E+05   9.7851729E+05   -3.3592169E-01   -5.7165436E-01   3.6149657E+00   9.7413106E+05   9.7851729E+05   4.3144918E+05   0.0000000E+00   0.0000000E+00   0.0000000E+00   0.0000000E+00
   1.9961369E-01   9.3653944E+05   9.3653944E+05   -2.6553063E-01   -5.1227806E-01   3.3347112E+00   9.3234029E+05   9.3653944E+05   4.1293976E+05   0.0000000E+00   0.0000000E+00   0.0000000E+00   0.0000000E+00
   2.0628899E-01   8.8980597E+05   8.8980597E+05   -2.6171991E-01   -4.5570668E-01   3.0412661E+00   8.8581538E+05   8.8980597E+05   3.9233356E+05   0.0000000E+00   0.0000000E+00   0.0000000E+00   0.0000000E+00
   2.1318755E-01   8.4122593E+05   8.4122593E+05   -2.3106604E-01   -4.0337700E-01   2.7611421E+00   8.3745234E+05   8.4122593E+05   3.7091324E+05   0.0000000E+00   0.0000000E+00   0.0000000E+00   0.0000000E+00
   2.2031692E-01   7.9499462E+05   7.9499462E+05   -1.8137381E-01   -3.5692147E-01   2.4949305E+00   7.9142763E+05   7.9499462E+05   3.5052858E+05   0.0000000E+00   0.0000000E+00   0.0000000E+00   0.0000000E+00
   2.2768501E-01   7.5468430E+05   7.5468430E+05   -1.8013491E-01   -3.1723968E-01   2.2723692E+00   7.5129749E+05   7.5468430E+05   3.3275466E+05   0.0000000E+00   0.0000000E+00   0.0000000E+00   0.0000000E+00
   2.3530013E-01   7.2153791E+05   7.2153791E+05   -1.5957243E-01   -2.8398752E-01   2.0783134E+00   7.1829921E+05   7.2153791E+05   3.1813951E+05   0.0000000E+00   0.0000000E+00   0.0000000E+00   0.0000000E+00
   2.4317106E-01   6.9387220E+05   6.9387220E+05   -1.3513862E-01   -2.5570407E-01   1.9020117E+00   6.9075711E+05   6.9387220E+05   3.0594092E+05   0.0000000E+00   0.0000000E+00   0.0000000E+00   0.0000000E+00
   2.5130711E-01   6.6802605E+05   6.6802605E+05   -1.1934463E-01   -2.3049609E-01   1.7529789E+00   6.6502648E+05   6.6802605E+05   2.9454465E+05   0.0000000E+00   0.0000000E+00   0.0000000E+00   0.0000000E+00
   2.5971824E-01   6.4044730E+05   6.4044730E+05   -1.1084749E-01   -2.0689604E-01   1.5980529E+00   6.3757109E+05   6.4044730E+05   2.8238447E+05   0.0000000E+00   0.0000000E+00   0.0000000E+00   0.0000000E+00
   2.6841513E-01   6.0974683E+05   6.0974683E+05   -1.0101002E-01   -1.8441615E-01   1.4560636E+00   6.0700808E+05   6.0974683E+05   2.6884791E+05   0.0000000E+00   0.0000000E+00   0.0000000E+00   0.0000000E+00
   2.7740929E-01   5.7740847E+05   5.7740847E+05   -8.8694897E-02   -1.6348994E-01   1.3155287E+00   5.7481459E+05   5.7740847E+05   2.5458920E+05   0.0000000E+00   0.0000000E+00   0.0000000E+00   0.0000000E+00
   2.8671321E-01   5.4659632E+05   5.4659632E+05   -8.1551168E-02   -1.4488038E-01   1.1816916E+00   5.4414052E+05   5.4659632E+05   2.4100345E+05   0.0000000E+00   0.0000000E+00   0.0000000E+00   0.0000000E+00
   2.9634047E-01   5.1980558E+05   5.1980558E+05   -7.2247576E-02   -1.2897056E-01   1.0688217E+00   5.1746985E+05   5.1980558E+05   2.2919083E+05   0.0000000E+00   0.0000000E+00   0.0000000E+00   0.0000000E+00
   3.0630598E-01   4.9705999E+05   4.9705999E+05   -6.3382216E-02   -1.1543210E-01   9.7543898E-01   4.9482619E+05   4.9705999E+05   2.1916180E+05   0.0000000E+00   0.0000000E+00   0.0000000E+00   0.0000000E+00
   3.1662608E-01   4.7608963E+05   4.7608963E+05   -5.6909443E-02   -1.0347185E-01   8.8681456E-01   4.7394984E+05   4.7608963E+05   2.0991552E+05   0.0000000E+00   0.0000000E+00   0.0000000E+00   0.0000000E+00
   3.2731890E-01   4.5438454E+05   4.5438454E+05   -5.1491941E-02   -9.2406795E-02   8.0194500E-01   4.5234207E+05   4.5438454E+05   2.0034530E+05   0.0000000E+00   0.0000000E+00   0.0000000E+00   0.0000000E+00
   3.3840450E-01   4.3134916E+05   4.3134916E+05   -4.6004573E-02   -8.2067503E-02   7.2022666E-01   4.2941004E+05   4.3134916E+05   1.9018854E+05   0.0000000E+00   0.0000000E+00   0.0000000E+00   0.0000000E+00
   3.4990533E-01   4.0856814E+05   4.0856814E+05   -3.9536431E-02   -7.2706002E-02   6.4990078E-01   4.0673126E+05   4.0856814E+05   1.8014396E+05   0.0000000E+00   0.0000000E+00   0.0000000E+00   0.0000000E+00
   3.6184652E-01   3.8794115E+05   3.8794115E+05   -3.6223092E-02   -6.4553291E-02   5.8412711E-01   3.8619685E+05   3.8794115E+05   1.7104913E+05   0.0000000E+00   0.0000000E+00   0.0000000E+00   0.0000000E+00
   3.7425642E-01   3.6965266E+05   3.6965266E+05   -3.2214550E-02   -5.7498049E-02   5.2646201E-01   3.6799044E+05   3.6965266E+05   1.6298540E+05   0.0000000E+00   0.0000000E+00   0.0000000E+00   0.0000000E+00
   3.8716716E-01   3.5219763E+05   3.5219763E+05   -2.8158856E-02   -5.1189990E-02   4.7494740E-01   3.5061377E+05   3.5219763E+05   1.5528915E+05   0.0000000E+00   0.0000000E+00   0.0000000E+00   0.0000000E+00
   4.0061531E-01   3.3434787E+05   3.3434787E+05   -2.5107294E-02   -4.5387373E-02   4.2607818E-01   3.3284417E+05   3.3434787E+05   1.4741888E+05   0.0000000E+00   0.0000000E+00   0.0000000E+00   0.0000000E+00
   4.1464283E-01   3.1654763E+05   3.1654763E+05   -2.2042619E-02   -4.0112198E-02   3.8055061E-01   3.1512388E+05   3.1654763E+05   1.3957044E+05   0.0000000E+00   0.0000000E+00   0.0000000E+00   0.0000000E+00
   4.2929807E-01   2.9996260E+05   2.9996260E+05   -1.9724071E-02   -3.5459390E-02   3.4080423E-01   2.9861335E+05   2.9996260E+05   1.3225782E+05   0.0000000E+00   0.0000000E+00   0.0000000E+00   0.0000000E+00
   4.4463713E-01   2.8467806E+05   2.8467806E+05   -1.7428284E-02   -3.1370545E-02   3.0476503E-01   2.8339748E+05   2.8467806E+05   1.2551861E+05   0.0000000E+00   0.0000000E+00   0.0000000E+00   0.0000000E+00
   4.6072559E-01   2.6976541E+05   2.6976541E+05   -1.5283284E-02   -2.7687147E-02   2.7203266E-01   2.6855183E+05   2.6976541E+05   1.1894338E+05   0.0000000E+00   0.0000000E+00   0.0000000E+00   0.0000000E+00
   4.7764061E-01   2.5491152E+05   2.5491152E+05   -1.3547805E-02   -2.4342168E-02   2.4159218E-01   2.5376470E+05   2.5491152E+05   1.1239406E+05   0.0000000E+00   0.0000000E+00   0.0000000E+00   0.0000000E+00
   4.9547370E-01   2.4071186E+05   2.4071186E+05   -1.1887588E-02   -2.1361199E-02   2.1423834E-01   2.3962887E+05   2.4071186E+05   1.0613320E+05   0.0000000E+00   0.0000000E+00   0.0000000E+00   0.0000000E+00
   5.1433420E-01   2.2730265E+05   2.2730265E+05   -1.0369022E-02   -1.8718898E-02   1.8968764E-01   2.2627993E+05   2.2730265E+05   1.0022087E+05   0.0000000E+00   0.0000000E+00   0.0000000E+00   0.0000000E+00
   5.3435385E-01   2.1418265E+05   2.1418265E+05   -9.0644145E-03   -1.6341445E-02   1.6746986E-01   2.1321891E+05   2.1418265E+05   9.4436061E+04   0.0000000E+00   0.0000000E+00   0.0000000E+00   0.0000000E+00
   5.5569261E-01   2.0135078E+05   2.0135078E+05   -7.8820073E-03   -1.4205120E-02   1.4678075E-01   2.0044474E+05   2.0135078E+05   8.8778294E+04   0.0000000E+00   0.0000000E+00   0.0000000E+00   0.0000000E+00
   5.7854617E-01   1.8904531E+05   1.8904531E+05   -6.8386611E-03   -1.2304054E-02   1.2848944E-01   1.8819460E+05   1.8904531E+05   8.3352626E+04   0.0000000E+00   0.0000000E+00   0.0000000E+00   0.0000000E+00
   6.0315551E-01   1.7704106E+05   1.7704106E+05   -5.8940895E-03   -1.0601603E-02   1.1165173E-01   1.7624434E+05   1.7704106E+05   7.8059777E+04   0.0000000E+00   0.0000000E+00   0.0000000E+00   0.0000000E+00
   6.2981877E-01   1.6530173E+05   1.6530173E+05   -5.0543579E-03   -9.0781934E-03   9.6576040E-02   1.6455780E+05   1.6530173E+05   7.2883734E+04   0.0000000E+00   0.0000000E+00   0.0000000E+00   0.0000000E+00
   6.5890524E-01   1.5388656E+05   1.5388656E+05   -4.2986670E-03   -7.7215723E-03   8.2975075E-02   1.5319398E+05   1.5388656E+05   6.7850621E+04   0.0000000E+00   0.0000000E+00   0.0000000E+00   0.0000000E+00
   6.9087031E-01   1.4268395E+05   1.4268395E+05   -3.6286039E-03   -6.5122478E-03   7.0618827E-02   1.4204177E+05   1.4268395E+05   6.2911232E+04   0.0000000E+00   0.0000000E+00   0.0000000E+00   0.0000000E+00
   7.2626772E-01   1.3172825E+05   1.3172825E+05   -3.0324981E-03   -5.4404163E-03   5.9536142E-02   1.3113534E+05   1.3172825E+05   5.8080706E+04   0.0000000E+00   0.0000000E+00   0.0000000E+00   0.0000000E+00
   7.6575124E-01   1.2098834E+05   1.2098834E+05   -2.5122245E-03   -4.4948214E-03   4.9665964E-02   1.2044376E+05   1.2098834E+05   5.3345332E+04   0.0000000E+00   0.0000000E+00   0.0000000E+00   0.0000000E+00
   8.1005193E-01   1.1049909E+05   1.1049909E+05   -2.0454358E-03   -3.6683889E-03   4.0971662E-02   1.1000171E+05   1.1049909E+05   4.8720479E+04   0.0000000E+00   0.0000000E+00   0.0000000E+00   0.0000000E+00
   8.5991405E-01   1.0031042E+05   1.0031042E+05   -1.6492885E-03   -2.9551270E-03   3.3327503E-02   9.9858879E+04   1.0031042E+05   4.4228154E+04   0.0000000E+00   0.0000000E+00   0.0000000E+00   0.0000000E+00
   9.1598465E-01   9.0516301E+04   9.0516301E+04   -1.3124652E-03   -2.3501114E-03   2.6747317E-02   9.0108837E+04   9.0516301E+04   3.9909796E+04   0.0000000E+00   0.0000000E+00   0.0000000E+00   0.0000000E+00
   9.7869110E-01   8.1237305E+04   8.1237305E+04   -1.0320955E-03   -1.8475678E-03   2.1245104E-02   8.0871602E+04   8.1237305E+04   3.5818564E+04   0.0000000E+00   0.0000000E+00   0.0000000E+00   0.0000000E+00
   1.0481876E+00   7.2590282E+04   7.2590282E+04   -8.0455901E-04   -1.4392437E-03   1.6689719E-02   7.2263496E+04   7.2590282E+04   3.2005977E+04   0.0000000E+00   0.0000000E+00   0.0000000E+00   0.0000000E+00
   1.1244337E+00   6.4658883E+04   6.4658883E+04   -6.2793341E-04   -1.1140193E-03   1.3027927E-02   6.4367795E+04   6.4658883E+04   2.8508919E+04   0.0000000E+00   0.0000000E+00   0.0000000E+00   0.0000000E+00
   1.2073622E+00   5.7476491E+04   5.7476491E+04   -4.7995946E-04   -8.5890572E-04   1.0143619E-02   5.7217733E+04   5.7476491E+04   2.5342110E+04   0.0000000E+00   0.0000000E+00   0.0000000E+00   0.0000000E+00
   1.2970215E+00   5.1026709E+04   5.1026709E+04   -3.6948259E-04   -6.6074139E-04   7.8538107E-03   5.0796984E+04   5.1026709E+04   2.2498318E+04   0.0000000E+00   0.0000000E+00   0.0000000E+00   0.0000000E+00
   1.3936281E+00   4.5262999E+04   4.5262999E+04   -2.8404427E-04   -5.0766372E-04   6.0846500E-03   4.5059219E+04   4.5262999E+04   1.9957024E+04   0.0000000E+00   0.0000000E+00   0.0000000E+00   0.0000000E+00
   1.4975491E+00   4.0126605E+04   4.0126605E+04   -2.1816291E-04   -3.8975791E-04   4.6965337E-03   3.9945947E+04   4.0126605E+04   1.7692322E+04   0.0000000E+00   0.0000000E+00   0.0000000E+00   0.0000000E+00
   1.6092619E+00   3.5555150E+04   3.5555150E+04   -1.6731277E-04   -2.9906939E-04   3.6323055E-03   3.5395072E+04   3.5555150E+04   1.5676710E+04   0.0000000E+00   0.0000000E+00   0.0000000E+00   0.0000000E+00
   1.7293213E+00   3.1490478E+04   3.1490478E+04   -1.2846134E-04   -2.2937628E-04   2.7977975E-03   3.1348699E+04   3.1490478E+04   1.3884545E+04   0.0000000E+00   0.0000000E+00   0.0000000E+00   0.0000000E+00
   1.8583413E+00   2.7878413E+04   2.7878413E+04   -9.8517449E-05   -1.7584732E-04   2.1641816E-03   2.7752895E+04   2.7878413E+04   1.2291939E+04   0.0000000E+00   0.0000000E+00   0.0000000E+00   0.0000000E+00
   1.9969879E+00   2.4670583E+04   2.4670583E+04   -7.5515850E-05   -1.3475490E-04   1.6632762E-03   2.4559507E+04   2.4670583E+04   1.0877567E+04   0.0000000E+00   0.0000000E+00   0.0000000E+00   0.0000000E+00
   2.1459788E+00   2.1823110E+04   2.1823110E+04   -5.7852990E-05   -1.0322365E-04   1.2787221E-03   2.1724853E+04   2.1823110E+04   9.6220802E+03   0.0000000E+00   0.0000000E+00   0.0000000E+00   0.0000000E+00
   2.3060857E+00   1.9296832E+04   1.9296832E+04   -4.4322342E-05   -7.9039748E-05   9.8144698E-04   1.9209950E+04   1.9296832E+04   8.5082130E+03   0.0000000E+00   0.0000000E+00   0.0000000E+00   0.0000000E+00
   2.4781377E+00   1.7056621E+04   1.7056621E+04   -3.3890981E-05   -6.0499161E-05   7.5896563E-04   1.6979824E+04   1.7056621E+04   7.5204757E+03   0.0000000E+00   0.0000000E+00   0.0000000E+00   0.0000000E+00
   2.6630262E+00   1.5070993E+04   1.5070993E+04   -2.5946140E-05   -4.6290777E-05   5.8172293E-04   1.5003137E+04   1.5070993E+04   6.6449878E+03   0.0000000E+00   0.0000000E+00   0.0000000E+00   0.0000000E+00
   2.8617088E+00   1.3311822E+04   1.3311822E+04   -1.9850940E-05   -3.5406722E-05   4.4667183E-04   1.3251885E+04   1.3311822E+04   5.8693470E+03   0.0000000E+00   0.0000000E+00   0.0000000E+00   0.0000000E+00
   3.0752147E+00   1.1753967E+04   1.1753967E+04   -1.5183204E-05   -2.7072472E-05   3.4257430E-04   1.1701045E+04   1.1753967E+04   5.1824695E+03   0.0000000E+00   0.0000000E+00   0.0000000E+00   0.0000000E+00
   3.3046497E+00   1.0374977E+04   1.0374977E+04   -1.1615240E-05   -2.0693071E-05   2.6212424E-04   1.0328263E+04   1.0374977E+04   4.5744556E+03   0.0000000E+00   0.0000000E+00   0.0000000E+00   0.0000000E+00
   3.5512025E+00   9.1548171E+03   9.1548171E+03   -8.8628508E-06   -1.5811793E-05   2.0037443E-04   9.1135973E+03   9.1548171E+03   4.0364721E+03   0.0000000E+00   0.0000000E+00   0.0000000E+00   0.0000000E+00
   3.8161500E+00   8.0756240E+03   8.0756240E+03   -6.7755115E-06   -1.2078145E-05   1.5412048E-04   8.0392632E+03   8.0756240E+03   3.5606424E+03   0.0000000E+00   0.0000000E+00   0.0000000E+00   0.0000000E+00
   4.1008647E+00   7.1214798E+03   7.1214798E+03   -5.1717697E-06   -9.2232924E-06   1.1841791E-04   7.0894150E+03   7.1214798E+03   3.1399484E+03   0.0000000E+00   0.0000000E+00   0.0000000E+00   0.0000000E+00
   4.4068213E+00   6.2782103E+03   6.2782103E+03   -3.9525801E-06   -7.0411218E-06   9.0347063E-05   6.2499423E+03   6.2782103E+03   2.7681405E+03   0.0000000E+00   0.0000000E+00   0.0000000E+00   0.0000000E+00
   4.7356046E+00   5.5332017E+03   5.5332017E+03   -3.0114397E-06   -5.3736743E-06   6.9301616E-05   5.5082881E+03   5.5332017E+03   2.4396570E+03   0.0000000E+00   0.0000000E+00   0.0000000E+00   0.0000000E+00
   5.0889178E+00   4.8752354E+03   4.8752354E+03   -2.2993780E-06   -4.0999400E-06   5.2965351E-05   4.8532844E+03   4.8752354E+03   2.1495515E+03   0.0000000E+00   0.0000000E+00   0.0000000E+00   0.0000000E+00
   5.4685909E+00   4.2943401E+03   4.2943401E+03   -1.7520594E-06   -3.1272561E-06   4.0145013E-05   4.2750046E+03   4.2943401E+03   1.8934276E+03   0.0000000E+00   0.0000000E+00   0.0000000E+00   0.0000000E+00
   5.8765906E+00   3.7816577E+03   3.7816577E+03   -1.3371817E-06   -2.3846907E-06   3.0956425E-05   3.7646305E+03   3.7816577E+03   1.6673796E+03   0.0000000E+00   0.0000000E+00   0.0000000E+00   0.0000000E+00
   6.3150303E+00   3.3293231E+03   3.3293231E+03   -1.0193366E-06   -1.8179671E-06   2.3541251E-05   3.3143326E+03   3.3293231E+03   1.4679397E+03   0.0000000E+00   0.0000000E+00   0.0000000E+00   0.0000000E+00
   6.7861810E+00   2.9303572E+03   2.9303572E+03   -7.7758569E-07   -1.3855678E-06   1.7901647E-05   2.9171630E+03   2.9303572E+03   1.2920306E+03   0.0000000E+00   0.0000000E+00   0.0000000E+00   0.0000000E+00
   7.2924832E+00   2.5785695E+03   2.5785695E+03   -5.9211139E-07   -1.0557465E-06   1.3710882E-05   2.5669593E+03   2.5785695E+03   1.1369231E+03   0.0000000E+00   0.0000000E+00   0.0000000E+00   0.0000000E+00
   7.8365595E+00   2.2684723E+03   2.2684723E+03   -4.5172345E-07   -8.0423656E-07   1.0250668E-05   2.2582583E+03   2.2684723E+03   1.0001974E+03   0.0000000E+00   0.0000000E+00   0.0000000E+00   0.0000000E+00
   8.4212282E+00   1.9952028E+03   1.9952028E+03   -3.4360528E-07   -6.1249458E-07   7.8820656E-06   1.9862193E+03   1.9952028E+03   8.7970956E+02   0.0000000E+00   0.0000000E+00   0.0000000E+00   0.0000000E+00
   9.0495177E+00   1.7544540E+03   1.7544540E+03   -2.6168121E-07   -4.6635497E-07   6.0490690E-06   1.7465545E+03   1.7544540E+03   7.7356044E+02   0.0000000E+00   0.0000000E+00   0.0000000E+00   0.0000000E+00
   9.7246826E+00   1.5424129E+03   1.5424129E+03   -1.9910193E-07   -3.5500006E-07   4.6387460E-06   1.5354680E+03   1.5424129E+03   6.8006887E+02   0.0000000E+00   0.0000000E+00   0.0000000E+00   0.0000000E+00
   1.0450220E+01   1.3557051E+03   1.3557051E+03   -1.5152550E-07   -2.7017106E-07   3.4782003E-06   1.3496009E+03   1.3557051E+03   5.9774711E+02   0.0000000E+00   0.0000000E+00   0.0000000E+00   0.0000000E+00
