#           k/h    CDM            baryon         photon         nu             mass_nu        total          no_nu          total_de       Weyl           v_CDM          v_b            v_b-v_c     
   1.1654995E-05   1.0038279E+07   1.0038279E+07   1.3380136E+07   1.2768668E+05   2.5299058E+06   1.0038302E+07   1.0038279E+07   7.4662267E+06   0.0000000E+00   0.0000000E+00   0.0000000E+00   0.0000000E+00
   1.2524549E-05   1.0038276E+07   1.0038276E+07   1.3379476E+07   1.2768498E+05   2.5298624E+06   1.0038299E+07   1.0038276E+07   7.4662244E+06   0.0000000E+00   0.0000000E+00   0.0000000E+00   0.0000000E+00
   1.3458979E-05   1.0038273E+07   1.0038273E+07   1.3378714E+07   1.2768302E+05   2.5298123E+06   1.0038295E+07   1.0038273E+07   7.4662217E+06   0.0000000E+00   0.0000000E+00   0.0000000E+00   0.0000000E+00
   1.4463124E-05   1.0038269E+07   1.0038269E+07   1.3377835E+07   1.2768075E+05   2.5297544E+06   1.0038291E+07   1.0038269E+07   7.4662185E+06   0.0000000E+00   0.0000000E+00   0.0000000E+00   0.0000000E+00
   1.5542186E-05   1.0038264E+07   1.0038264E+07   1.3376819E+07   1.2767814E+05   2.5296875E+06   1.0038287E+07   1.0038264E+07   7.4662149E+06   0.0000000E+00   0.0000000E+00   0.0000000E+00   0.0000000E+00
   1.6701755E-05   1.0038259E+07   1.0038259E+07   1.3375647E+07   1.2767512E+05   2.5296103E+06   1.0038281E+07   1.0038259E+07   7.4662108E+06   0.0000000E+00   0.0000000E+00   0.0000000E+00   0.0000000E+00
   1.7947837E-05   1.0038253E+07   1.0038253E+07   1.3374292E+07   1.2767163E+05   2.5295212E+06   1.0038275E+07   1.0038253E+07   7.4662059E+06   0.0000000E+00   0.0000000E+00   0.0000000E+00   0.0000000E+00
   1.9286886E-05   1.0038246E+07   1.0038246E+07   1.3372729E+07   1.2766760E+05   2.5294182E+06   1.0038268E+07   1.0038246E+07   7.4662004E+06   0.0000000E+00   0.0000000E+00   0.0000000E+00   0.0000000E+00
   2.0725838E-05   1.0038237E+07   1.0038237E+07   1.3370924E+07   1.2766295E+05   2.5292994E+06   1.0038259E+07   1.0038237E+07   7.4661940E+06   0.0000000E+00   0.0000000E+00   0.0000000E+00   0.0000000E+00
   2.2272148E-05   1.0038228E+07   1.0038228E+07   1.3368839E+07   1.2765758E+05   2.5291621E+06   1.0038249E+07   1.0038228E+07   7.4661865E+06   0.0000000E+00   0.0000000E+00   0.0000000E+00   0.0000000E+00
   2.3933825E-05   1.0038217E+07   1.0038217E+07   1.3366432E+07   1.2765138E+05   2.5290036E+06   1.0038238E+07   1.0038217E+07   7.4661780E+06   0.0000000E+00   0.0000000E+00   0.0000000E+00   0.0000000E+00
   2.5719475E-05   1.0038204E+07   1.0038204E+07   1.3363653E+07   1.2764421E+05   2.5288206E+06   1.0038225E+07   1.0038204E+07   7.4661681E+06   0.0000000E+00   0.0000000E+00   0.0000000E+00   0.0000000E+00
   2.7638350E-05   1.0038190E+07   1.0038190E+07   1.3360445E+07   1.2763595E+05   2.5286093E+06   1.0038210E+07   1.0038190E+07   7.4661566E+06   0.0000000E+00   0.0000000E+00   0.0000000E+00   0.0000000E+00
   2.9700387E-05   1.0038173E+07   1.0038173E+07   1.3356741E+07   1.2762640E+05   2.5283653E+06   1.0038193E+07   1.0038173E+07   7.4661435E+06   0.0000000E+00   0.0000000E+00   0.0000000E+00   0.0000000E+00
   3.1916268E-05   1.0038153E+07   1.0038153E+07   1.3352466E+07   1.2761537E+05   2.5280836E+06   1.0038173E+07   1.0038153E+07   7.4661282E+06   0.0000000E+00   0.0000000E+00   0.0000000E+00   0.0000000E+00
   3.4297472E-05   1.0038131E+07   1.0038131E+07   1.3347530E+07   1.2760264E+05   2.5277584E+06   1.0038150E+07   1.0038131E+07   7.4661106E+06   0.0000000E+00   0.0000000E+00   0.0000000E+00   0.0000000E+00
   3.6856332E-05   1.0038105E+07   1.0038105E+07   1.3341832E+07   1.2758795E+05   2.5273828E+06   1.0038123E+07   1.0038105E+07   7.4660903E+06   0.0000000E+00   0.0000000E+00   0.0000000E+00   0.0000000E+00
   3.9606102E-05   1.0038075E+07   1.0038075E+07   1.3335255E+07   1.2757098E+05   2.5269493E+06   1.0038093E+07   1.0038075E+07   7.4660669E+06   0.0000000E+00   0.0000000E+00   0.0000000E+00   0.0000000E+00
   4.2561028E-05   1.0038040E+07   1.0038040E+07   1.3327663E+07   1.2755139E+05   2.5264487E+06   1.0038057E+07   1.0038040E+07   7.4660398E+06   0.0000000E+00   0.0000000E+00   0.0000000E+00   0.0000000E+00
   4.5736414E-05   1.0038000E+07   1.0038000E+07   1.3318903E+07   1.2752877E+05   2.5258709E+06   1.0038016E+07   1.0038000E+07   7.4660086E+06   0.0000000E+00   0.0000000E+00   0.0000000E+00   0.0000000E+00
   4.9148708E-05   1.0037954E+07   1.0037954E+07   1.3308792E+07   1.2750266E+05   2.5252038E+06   1.0037969E+07   1.0037954E+07   7.4659725E+06   0.0000000E+00   0.0000000E+00   0.0000000E+00   0.0000000E+00
   5.2815586E-05   1.0037900E+07   1.0037900E+07   1.3297126E+07   1.2747251E+05   2.5244338E+06   1.0037914E+07   1.0037900E+07   7.4659308E+06   0.0000000E+00   0.0000000E+00   0.0000000E+00   0.0000000E+00
   5.6756043E-05   1.0037839E+07   1.0037839E+07   1.3283667E+07   1.2743771E+05   2.5235450E+06   1.0037851E+07   1.0037839E+07   7.4658827E+06   0.0000000E+00   0.0000000E+00   0.0000000E+00   0.0000000E+00
   6.0990488E-05   1.0037768E+07   1.0037768E+07   1.3268141E+07   1.2739755E+05   2.5225192E+06   1.0037778E+07   1.0037768E+07   7.4658272E+06   0.0000000E+00   0.0000000E+00   0.0000000E+00   0.0000000E+00
   6.5540855E-05   1.0037686E+07   1.0037686E+07   1.3250233E+07   1.2735119E+05   2.5213353E+06   1.0037694E+07   1.0037686E+07   7.4657631E+06   0.0000000E+00   0.0000000E+00   0.0000000E+00   0.0000000E+00
   7.0430716E-05   1.0037591E+07   1.0037591E+07   1.3229581E+07   1.2729768E+05   2.5199692E+06   1.0037597E+07   1.0037591E+07   7.4656891E+06   0.0000000E+00   0.0000000E+00   0.0000000E+00   0.0000000E+00
   7.5685399E-05   1.0037482E+07   1.0037482E+07   1.3205772E+07   1.2723594E+05   2.5183928E+06   1.0037486E+07   1.0037482E+07   7.4656037E+06   0.0000000E+00   0.0000000E+00   0.0000000E+00   0.0000000E+00
   8.1332122E-05   1.0037355E+07   1.0037355E+07   1.3178329E+07   1.2716469E+05   2.5165741E+06   1.0037356E+07   1.0037355E+07   7.4655051E+06   0.0000000E+00   0.0000000E+00   0.0000000E+00   0.0000000E+00
   8.7400135E-05   1.0037210E+07   1.0037210E+07   1.3146705E+07   1.2708248E+05   2.5144762E+06   1.0037207E+07   1.0037210E+07   7.4653914E+06   0.0000000E+00   0.0000000E+00   0.0000000E+00   0.0000000E+00
   9.3920870E-05   1.0037041E+07   1.0037041E+07   1.3110277E+07   1.2698764E+05   2.5120565E+06   1.0037035E+07   1.0037041E+07   7.4652602E+06   0.0000000E+00   0.0000000E+00   0.0000000E+00   0.0000000E+00
   1.0092810E-04   1.0036847E+07   1.0036847E+07   1.3068331E+07   1.2687826E+05   2.5092663E+06   1.0036837E+07   1.0036847E+07   7.4651087E+06   0.0000000E+00   0.0000000E+00   0.0000000E+00   0.0000000E+00
   1.0845813E-04   1.0036624E+07   1.0036624E+07   1.3020053E+07   1.2675211E+05   2.5060495E+06   1.0036607E+07   1.0036624E+07   7.4649340E+06   0.0000000E+00   0.0000000E+00   0.0000000E+00   0.0000000E+00
   1.1654995E-04   1.0036365E+07   1.0036365E+07   1.2964514E+07   1.2660666E+05   2.5023418E+06   1.0036343E+07   1.0036365E+07   7.4647325E+06   0.0000000E+00   0.0000000E+00   0.0000000E+00   0.0000000E+00
   1.2524549E-04   1.0036067E+07   1.0036067E+07   1.2900661E+07   1.2643901E+05   2.4980697E+06   1.0036038E+07   1.0036067E+07   7.4645001E+06   0.0000000E+00   0.0000000E+00   0.0000000E+00   0.0000000E+00
   1.3458979E-04   1.0035724E+07   1.0035724E+07   1.2827300E+07   1.2624580E+05   2.4931488E+06   1.0035686E+07   1.0035724E+07   7.4642322E+06   0.0000000E+00   0.0000000E+00   0.0000000E+00   0.0000000E+00
   1.4463124E-04   1.0035328E+07   1.0035328E+07   1.2743082E+07   1.2602322E+05   2.4874828E+06   1.0035281E+07   1.0035328E+07   7.4639233E+06   0.0000000E+00   0.0000000E+00   0.0000000E+00   0.0000000E+00
   1.5542186E-04   1.0034871E+07   1.0034871E+07   1.2646487E+07   1.2576689E+05   2.4809619E+06   1.0034814E+07   1.0034871E+07   7.4635674E+06   0.0000000E+00   0.0000000E+00   0.0000000E+00   0.0000000E+00
   1.6701755E-04   1.0034345E+07   1.0034345E+07   1.2535816E+07   1.2547183E+05   2.4734610E+06   1.0034275E+07   1.0034345E+07   7.4631573E+06   0.0000000E+00   0.0000000E+00   0.0000000E+00   0.0000000E+00
   1.7947837E-04   1.0033739E+07   1.0033739E+07   1.2409173E+07   1.2513235E+05   2.4648379E+06   1.0033655E+07   1.0033739E+07   7.4626851E+06   0.0000000E+00   0.0000000E+00   0.0000000E+00   0.0000000E+00
   1.9286886E-04   1.0033041E+07   1.0033041E+07   1.2264457E+07   1.2474199E+05   2.4549318E+06   1.0032940E+07   1.0033041E+07   7.4621414E+06   0.0000000E+00   0.0000000E+00   0.0000000E+00   0.0000000E+00
   2.0725838E-04   1.0032237E+07   1.0032237E+07   1.2099361E+07   1.2429340E+05   2.4435607E+06   1.0032117E+07   1.0032237E+07   7.4615159E+06   0.0000000E+00   0.0000000E+00   0.0000000E+00   0.0000000E+00
   2.2272148E-04   1.0031312E+07   1.0031312E+07   1.1911375E+07   1.2377830E+05   2.4305200E+06   1.0031170E+07   1.0031312E+07   7.4607965E+06   0.0000000E+00   0.0000000E+00   0.0000000E+00   0.0000000E+00
   2.3933825E-04   1.0030249E+07   1.0030249E+07   1.1697795E+07   1.2318733E+05   2.4155807E+06   1.0030082E+07   1.0030249E+07   7.4599698E+06   0.0000000E+00   0.0000000E+00   0.0000000E+00   0.0000000E+00
   2.5719475E-04   1.0029026E+07   1.0029026E+07   1.1455758E+07   1.2251000E+05   2.3984871E+06   1.0028830E+07   1.0029026E+07   7.4590203E+06   0.0000000E+00   0.0000000E+00   0.0000000E+00   0.0000000E+00
   2.7638350E-04   1.0027623E+07   1.0027623E+07   1.1182285E+07   1.2173458E+05   2.3789564E+06   1.0027393E+07   1.0027623E+07   7.4579309E+06   0.0000000E+00   0.0000000E+00   0.0000000E+00   0.0000000E+00
   2.9700387E-04   1.0026012E+07   1.0026012E+07   1.0874355E+07   1.2084806E+05   2.3566774E+06   1.0025744E+07   1.0026012E+07   7.4566820E+06   0.0000000E+00   0.0000000E+00   0.0000000E+00   0.0000000E+00
   3.1916268E-04   1.0024166E+07   1.0024166E+07   1.0529013E+07   1.1983604E+05   2.3313111E+06   1.0023853E+07   1.0024166E+07   7.4552518E+06   0.0000000E+00   0.0000000E+00   0.0000000E+00   0.0000000E+00
   3.4297472E-04   1.0022051E+07   1.0022051E+07   1.0143513E+07   1.1868281E+05   2.3024920E+06   1.0021688E+07   1.0022051E+07   7.4536161E+06   0.0000000E+00   0.0000000E+00   0.0000000E+00   0.0000000E+00
   3.6856332E-04   1.0019632E+07   1.0019632E+07   9.7155127E+06   1.1737132E+05   2.2698315E+06   1.0019211E+07   1.0019632E+07   7.4517480E+06   0.0000000E+00   0.0000000E+00   0.0000000E+00   0.0000000E+00
   3.9606102E-04   1.0016870E+07   1.0016870E+07   9.2433222E+06   1.1588331E+05   2.2329234E+06   1.0016382E+07   1.0016870E+07   7.4496180E+06   0.0000000E+00   0.0000000E+00   0.0000000E+00   0.0000000E+00
   4.2561028E-04   1.0013720E+07   1.0013720E+07   8.7262124E+06   1.1419953E+05   2.1913523E+06   1.0013156E+07   1.0013720E+07   7.4471938E+06   0.0000000E+00   0.0000000E+00   0.0000000E+00   0.0000000E+00
   4.5736414E-04   1.0010135E+07   1.0010135E+07   8.1647834E+06   1.1230006E+05   2.1447053E+06   1.0009483E+07   1.0010135E+07   7.4444406E+06   0.0000000E+00   0.0000000E+00   0.0000000E+00   0.0000000E+00
   4.9148708E-04   1.0006063E+07   1.0006063E+07   7.5613840E+06   1.1016477E+05   2.0925890E+06   1.0005311E+07   1.0006063E+07   7.4413210E+06   0.0000000E+00   0.0000000E+00   0.0000000E+00   0.0000000E+00
   5.2815586E-04   1.0001449E+07   1.0001449E+07   6.9205591E+06   1.0777401E+05   2.0346502E+06   1.0000583E+07   1.0001449E+07   7.4377957E+06   0.0000000E+00   0.0000000E+00   0.0000000E+00   0.0000000E+00
   5.6756043E-04   9.9962328E+06   9.9962328E+06   6.2494863E+06   1.0510949E+05   1.9706027E+06   9.9952377E+06   9.9962328E+06   7.4338236E+06   0.0000000E+00   0.0000000E+00   0.0000000E+00   0.0000000E+00
   6.0990488E-04   9.9903547E+06   9.9903547E+06   5.5583325E+06   1.0215535E+05   1.9002594E+06   9.9892127E+06   9.9903547E+06   7.4293631E+06   0.0000000E+00   0.0000000E+00   0.0000000E+00   0.0000000E+00
   6.5540855E-04   9.9837518E+06   9.9837518E+06   4.8604345E+06   9.8899533E+04   1.8235687E+06   9.9824434E+06   9.9837518E+06   7.4243720E+06   0.0000000E+00   0.0000000E+00   0.0000000E+00   0.0000000E+00
   7.0430716E-04   9.9763609E+06   9.9763609E+06   4.1721759E+06   9.5335360E+04   1.7406543E+06   9.9748648E+06   9.9763609E+06   7.4188096E+06   0.0000000E+00   0.0000000E+00   0.0000000E+00   0.0000000E+00
   7.5685399E-04   9.9681202E+06   9.9681202E+06   3.5124065E+06   9.1463226E+04   1.6518550E+06   9.9664128E+06   9.9681202E+06   7.4126370E+06   0.0000000E+00   0.0000000E+00   0.0000000E+00   0.0000000E+00
   8.1332122E-04   9.9589705E+06   9.9589705E+06   2.9012547E+06   8.7292384E+04   1.5577595E+06   9.9570264E+06   9.9589705E+06   7.4058186E+06   0.0000000E+00   0.0000000E+00   0.0000000E+00   0.0000000E+00
   8.7400135E-04   9.9488566E+06   9.9488566E+06   2.3582256E+06   8.2842564E+04   1.4592308E+06   9.9466484E+06   9.9488566E+06   7.3983226E+06   0.0000000E+00   0.0000000E+00   0.0000000E+00   0.0000000E+00
   9.3920870E-04   9.9377291E+06   9.9377291E+06   1.8996028E+06   7.8145227E+04   1.3574113E+06   9.9352278E+06   9.9377291E+06   7.3901219E+06   0.0000000E+00   0.0000000E+00   0.0000000E+00   0.0000000E+00
   1.0092810E-03   9.9255445E+06   9.9255445E+06   1.5353893E+06   7.3244132E+04   1.2537018E+06   9.9227198E+06   9.9255445E+06   7.3811933E+06   0.0000000E+00   0.0000000E+00   0.0000000E+00   0.0000000E+00
   1.0845813E-03   9.9122657E+06   9.9122657E+06   1.2663441E+06   6.8194905E+04   1.1497064E+06   9.9090863E+06   9.9122657E+06   7.3715168E+06   0.0000000E+00   0.0000000E+00   0.0000000E+00   0.0000000E+00
   1.1654995E-03   9.8978600E+06   9.8978600E+06   1.0820362E+06   6.3063328E+04   1.0471399E+06   9.8942946E+06   9.8978600E+06   7.3610723E+06   0.0000000E+00   0.0000000E+00   0.0000000E+00   0.0000000E+00
   1.2524549E-03   9.8822968E+06   9.8822968E+06   9.6110178E+05   5.7922252E+04   9.4770361E+05   9.8783145E+06   9.8822968E+06   7.3498370E+06   0.0000000E+00   0.0000000E+00   0.0000000E+00   0.0000000E+00
   1.3458979E-03   9.8655433E+06   9.8655433E+06   8.7478522E+05   5.2847236E+04   8.5293971E+05   9.8611147E+06   9.8655433E+06   7.3377804E+06   0.0000000E+00   0.0000000E+00   0.0000000E+00   0.0000000E+00
   1.4463124E-03   9.8475593E+06   9.8475593E+06   7.9405358E+05   4.7911404E+04   7.6408990E+05   9.8426576E+06   9.8475593E+06   7.3248597E+06   0.0000000E+00   0.0000000E+00   0.0000000E+00   0.0000000E+00
   1.5542186E-03   9.8282915E+06   9.8282915E+06   6.9890168E+05   4.3180296E+04   6.8198607E+05   9.8228933E+06   9.8282915E+06   7.3110167E+06   0.0000000E+00   0.0000000E+00   0.0000000E+00   0.0000000E+00
   1.6701755E-03   9.8076687E+06   9.8076687E+06   5.8623495E+05   3.8707632E+04   6.0700288E+05   9.8017550E+06   9.8076687E+06   7.2961755E+06   0.0000000E+00   0.0000000E+00   0.0000000E+00   0.0000000E+00
   1.7947837E-03   9.7855984E+06   9.7855984E+06   4.7118879E+05   3.4532744E+04   5.3908950E+05   9.7791551E+06   9.7855984E+06   7.2802435E+06   0.0000000E+00   0.0000000E+00   0.0000000E+00   0.0000000E+00
   1.9286886E-03   9.7619648E+06   9.7619648E+06   3.7806168E+05   3.0679896E+04   4.7787857E+05   9.7549828E+06   9.7619648E+06   7.2631135E+06   0.0000000E+00   0.0000000E+00   0.0000000E+00   0.0000000E+00
   2.0725838E-03   9.7366294E+06   9.7366294E+06   3.2293401E+05   2.7159130E+04   4.2284655E+05   9.7291041E+06   9.7366294E+06   7.2446676E+06   0.0000000E+00   0.0000000E+00   0.0000000E+00   0.0000000E+00
   2.2272148E-03   9.7094320E+06   9.7094320E+06   2.9886443E+05   2.3967993E+04   3.7347880E+05   9.7013626E+06   9.7094320E+06   7.2247786E+06   0.0000000E+00   0.0000000E+00   0.0000000E+00   0.0000000E+00
   2.3933825E-03   9.6801932E+06   9.6801932E+06   2.7866064E+05   2.1093932E+04   3.2937718E+05   9.6715806E+06   9.6801932E+06   7.2033099E+06   0.0000000E+00   0.0000000E+00   0.0000000E+00   0.0000000E+00
   2.5719475E-03   9.6487169E+06   9.6487169E+06   2.3927668E+05   1.8517698E+04   2.9024926E+05   9.6395622E+06   9.6487169E+06   7.1801147E+06   0.0000000E+00   0.0000000E+00   0.0000000E+00   0.0000000E+00
   2.7638350E-03   9.6147936E+06   9.6147936E+06   1.8686952E+05   1.6217658E+04   2.5576993E+05   9.6050961E+06   9.6147936E+06   7.1550354E+06   0.0000000E+00   0.0000000E+00   0.0000000E+00   0.0000000E+00
   2.9700387E-03   9.5782028E+06   9.5782028E+06   1.4918722E+05   1.4173170E+04   2.2543463E+05   9.5679594E+06   9.5782028E+06   7.1279063E+06   0.0000000E+00   0.0000000E+00   0.0000000E+00   0.0000000E+00
   3.1916268E-03   9.5387135E+06   9.5387135E+06   1.3605268E+05   1.2364460E+04   1.9862232E+05   9.5279186E+06   9.5387135E+06   7.0985554E+06   0.0000000E+00   0.0000000E+00   0.0000000E+00   0.0000000E+00
   3.4297472E-03   9.4960821E+06   9.4960821E+06   1.2428731E+05   1.0770019E+04   1.7488607E+05   9.4847288E+06   9.4960821E+06   7.0668038E+06   0.0000000E+00   0.0000000E+00   0.0000000E+00   0.0000000E+00
   3.6856332E-03   9.4500531E+06   9.4500531E+06   1.0022845E+05   9.3667986E+03   1.5404319E+05   9.4381347E+06   9.4500531E+06   7.0324656E+06   0.0000000E+00   0.0000000E+00   0.0000000E+00   0.0000000E+00
   3.9606102E-03   9.4003622E+06   9.4003622E+06   8.3860334E+04   8.1343490E+03   1.3580312E+05   9.3878741E+06   9.4003622E+06   6.9953492E+06   0.0000000E+00   0.0000000E+00   0.0000000E+00   0.0000000E+00
   4.2561028E-03   9.3467378E+06   9.3467378E+06   7.8077107E+04   7.0554653E+03   1.1967114E+05   9.3336781E+06   9.3467378E+06   6.9552581E+06   0.0000000E+00   0.0000000E+00   0.0000000E+00   0.0000000E+00
   4.5736414E-03   9.2888980E+06   9.2888980E+06   6.2377708E+04   6.1124111E+03   1.0546968E+05   9.2752683E+06   9.2888980E+06   6.9119891E+06   0.0000000E+00   0.0000000E+00   0.0000000E+00   0.0000000E+00
   4.9148708E-03   9.2265529E+06   9.2265529E+06   5.1696316E+04   5.2886774E+03   9.3099500E+04   9.2123602E+06   9.2265529E+06   6.8653337E+06   0.0000000E+00   0.0000000E+00   0.0000000E+00   0.0000000E+00
   5.2815586E-03   9.1594076E+06   9.1594076E+06   4.9121005E+04   4.5712349E+03   8.2108615E+04   9.1446666E+06   9.1594076E+06   6.8150818E+06   0.0000000E+00   0.0000000E+00   0.0000000E+00   0.0000000E+00
   5.6756043E-03   9.0871622E+06   9.0871622E+06   3.7841316E+04   3.9466898E+03   7.2480089E+04   9.0718963E+06   9.0871622E+06   6.7610192E+06   0.0000000E+00   0.0000000E+00   0.0000000E+00   0.0000000E+00
   6.0990488E-03   9.0095130E+06   9.0095130E+06   3.4851041E+04   3.4037467E+03   6.4036077E+04   8.9937486E+06   9.0095130E+06   6.7029252E+06   0.0000000E+00   0.0000000E+00   0.0000000E+00   0.0000000E+00
   6.5540855E-03   8.9261538E+06   8.9261538E+06   2.7693162E+04   2.9325793E+03   5.6556407E+04   8.9099132E+06   8.9261538E+06   6.6405712E+06   0.0000000E+00   0.0000000E+00   0.0000000E+00   0.0000000E+00
   7.0430716E-03   8.8367671E+06   8.8367671E+06   2.5860565E+04   2.5238574E+03   4.9974117E+04   8.8200699E+06   8.8367671E+06   6.5737207E+06   0.0000000E+00   0.0000000E+00   0.0000000E+00   0.0000000E+00
   7.5685399E-03   8.7410244E+06   8.7410244E+06   1.9798574E+04   2.1696711E+03   4.4143251E+04   8.7238999E+06   8.7410244E+06   6.5021387E+06   0.0000000E+00   0.0000000E+00   0.0000000E+00   0.0000000E+00
   8.1332122E-03   8.6385912E+06   8.6385912E+06   1.8619902E+04   1.8630396E+03   3.8993939E+04   8.6210828E+06   8.6385912E+06   6.4255881E+06   0.0000000E+00   0.0000000E+00   0.0000000E+00   0.0000000E+00
   8.7400135E-03   8.5291325E+06   8.5291325E+06   1.5238974E+04   1.5978832E+03   3.4472922E+04   8.5112832E+06   8.5291325E+06   6.3438209E+06   0.0000000E+00   0.0000000E+00   0.0000000E+00   0.0000000E+00
   9.3920870E-03   8.4123104E+06   8.4123104E+06   1.2354697E+04   1.3688307E+03   3.0429619E+04   8.3941587E+06   8.4123104E+06   6.2565831E+06   0.0000000E+00   0.0000000E+00   0.0000000E+00   0.0000000E+00
   1.0092810E-02   8.2877787E+06   8.2877787E+06   1.1168249E+04   1.1710651E+03   2.6843352E+04   8.2693698E+06   8.2877787E+06   6.1636232E+06   0.0000000E+00   0.0000000E+00   0.0000000E+00   0.0000000E+00
   1.0845813E-02   8.1551837E+06   8.1551837E+06   9.7371798E+03   1.0004834E+03   2.3689017E+04   8.1365693E+06   8.1551837E+06   6.0646835E+06   0.0000000E+00   0.0000000E+00   0.0000000E+00   0.0000000E+00
   1.1654995E-02   8.0141736E+06   8.0141736E+06   8.1917017E+03   8.5351515E+02   2.0881280E+04   7.9954052E+06   8.0141736E+06   5.9595028E+06   0.0000000E+00   0.0000000E+00   0.0000000E+00   0.0000000E+00
   1.2524549E-02   7.8644023E+06   7.8644023E+06   6.8582160E+03   7.2700562E+02   1.8382931E+04   7.8455330E+06   7.8644023E+06   5.8478251E+06   0.0000000E+00   0.0000000E+00   0.0000000E+00   0.0000000E+00
   1.3458979E-02   7.7055298E+06   7.7055298E+06   5.7692332E+03   6.1820803E+02   1.6159821E+04   7.6866183E+06   7.7055298E+06   5.7294020E+06   0.0000000E+00   0.0000000E+00   0.0000000E+00   0.0000000E+00
   1.4463124E-02   7.5372357E+06   7.5372357E+06   4.9627819E+03   5.2476638E+02   1.4180284E+04   7.5183403E+06   7.5372357E+06   5.6039950E+06   0.0000000E+00   0.0000000E+00   0.0000000E+00   0.0000000E+00
   1.5542186E-02   7.3592325E+06   7.3592325E+06   4.1863199E+03   4.4457810E+02   1.2417076E+04   7.3404122E+06   7.3592325E+06   5.4713911E+06   0.0000000E+00   0.0000000E+00   0.0000000E+00   0.0000000E+00
   1.6701755E-02   7.1712787E+06   7.1712787E+06   3.3608114E+03   3.7586795E+02   1.0854736E+04   7.1525962E+06   7.1712787E+06   5.3314135E+06   0.0000000E+00   0.0000000E+00   0.0000000E+00   0.0000000E+00
   1.7947837E-02   6.9732086E+06   6.9732086E+06   2.8371682E+03   3.1705947E+02   9.4731471E+03   6.9547253E+06   6.9732086E+06   5.1839381E+06   0.0000000E+00   0.0000000E+00   0.0000000E+00   0.0000000E+00
   1.9286886E-02   6.7649581E+06   6.7649581E+06   2.4232148E+03   2.6681379E+02   8.2364458E+03   6.7467366E+06   6.7649581E+06   5.0289183E+06   0.0000000E+00   0.0000000E+00   0.0000000E+00   0.0000000E+00
   2.0725838E-02   6.5466063E+06   6.5466063E+06   2.0188363E+03   2.2394742E+02   7.1475858E+03   6.5287078E+06   6.5466063E+06   4.8664127E+06   0.0000000E+00   0.0000000E+00   0.0000000E+00   0.0000000E+00
   2.2272147E-02   6.3184203E+06   6.3184203E+06   1.6444473E+03   1.8745319E+02   6.1793690E+03   6.3009053E+06   6.3184203E+06   4.6966199E+06   0.0000000E+00   0.0000000E+00   0.0000000E+00   0.0000000E+00
   2.3933815E-02   6.0809130E+06   6.0809130E+06   1.3773250E+03   1.5644678E+02   5.3235591E+03   6.0638399E+06   6.0809130E+06   4.5199210E+06   0.0000000E+00   0.0000000E+00   0.0000000E+00   0.0000000E+00
   2.5719422E-02   5.8349043E+06   5.8349043E+06   1.1508826E+03   1.3016910E+02   4.5704919E+03   5.8183277E+06   5.8349043E+06   4.3369245E+06   0.0000000E+00   0.0000000E+00   0.0000000E+00   0.0000000E+00
   2.7638091E-02   5.5815949E+06   5.5815949E+06   9.3947603E+02   1.0796392E+02   3.9100006E+03   5.5655647E+06   5.5815949E+06   4.1485222E+06   0.0000000E+00   0.0000000E+00   0.0000000E+00   0.0000000E+00
   2.9699295E-02   5.3226501E+06   5.3226501E+06   7.7150573E+02   8.9263934E+01   3.3342625E+03   5.3072104E+06   5.3226501E+06   3.9559511E+06   0.0000000E+00   0.0000000E+00   0.0000000E+00   0.0000000E+00
   3.1912228E-02   5.0603085E+06   5.0603085E+06   6.6664500E+02   7.3582312E+01   2.8304182E+03   5.0454950E+06   5.0603085E+06   3.7608737E+06   0.0000000E+00   0.0000000E+00   0.0000000E+00   0.0000000E+00
   3.4284254E-02   4.7975212E+06   4.7975212E+06   5.1971075E+02   6.0502698E+01   2.3951666E+03   4.7833590E+06   4.7975212E+06   3.5654822E+06   0.0000000E+00   0.0000000E+00   0.0000000E+00   0.0000000E+00
   3.6817824E-02   4.5380982E+06   4.5380982E+06   4.3637089E+02   4.9671501E+01   2.0206166E+03   4.5245997E+06   4.5380982E+06   3.3726070E+06   0.0000000E+00   0.0000000E+00   0.0000000E+00   0.0000000E+00
   3.9505747E-02   4.2867446E+06   4.2867446E+06   3.6295690E+02   4.0786908E+01   1.7041711E+03   4.2739059E+06   4.2867446E+06   3.1857432E+06   0.0000000E+00   0.0000000E+00   0.0000000E+00   0.0000000E+00
   4.2326373E-02   4.0487411E+06   4.0487411E+06   2.9673711E+02   3.3584513E+01   1.4391263E+03   4.0365405E+06   4.0487411E+06   3.0088139E+06   0.0000000E+00   0.0000000E+00   0.0000000E+00   0.0000000E+00
   4.5242742E-02   3.8290540E+06   3.8290540E+06   2.4033303E+02   2.7817753E+01   1.2207588E+03   3.8174528E+06   3.8290540E+06   2.8455083E+06   0.0000000E+00   0.0000000E+00   0.0000000E+00   0.0000000E+00
   4.8209533E-02   3.6310729E+06   3.6310729E+06   1.9834067E+02   2.3245898E+01   1.0433845E+03   3.6200194E+06   3.6310729E+06   2.6983434E+06   0.0000000E+00   0.0000000E+00   0.0000000E+00   0.0000000E+00
   5.1185579E-02   3.4557241E+06   3.4557241E+06   1.7098755E+02   1.9635152E+01   8.9957423E+02   3.4451612E+06   3.4557241E+06   2.5680057E+06   0.0000000E+00   0.0000000E+00   0.0000000E+00   0.0000000E+00
   5.4143731E-02   3.3015701E+06   3.3015701E+06   1.4886996E+02   1.6772421E+01   7.8231337E+02   3.2914425E+06   3.3015701E+06   2.4534251E+06   0.0000000E+00   0.0000000E+00   0.0000000E+00   0.0000000E+00
   5.7072770E-02   3.1656678E+06   3.1656678E+06   1.2765402E+02   1.4478868E+01   6.8633959E+02   3.1559271E+06   3.1656678E+06   2.3524131E+06   0.0000000E+00   0.0000000E+00   0.0000000E+00   0.0000000E+00
   5.9973497E-02   3.0445127E+06   3.0445127E+06   1.0936210E+02   1.2614218E+01   6.0715810E+02   3.0351196E+06   3.0445127E+06   2.2623641E+06   0.0000000E+00   0.0000000E+00   0.0000000E+00   0.0000000E+00
   6.2853591E-02   2.9346712E+06   2.9346712E+06   9.5543914E+01   1.1073354E+01   5.4071880E+02   2.9255954E+06   2.9346712E+06   2.1807256E+06   0.0000000E+00   0.0000000E+00   0.0000000E+00   0.0000000E+00
   6.5723748E-02   2.8330860E+06   2.8330860E+06   8.5094853E+01   9.7791731E+00   4.8390621E+02   2.8243059E+06   2.8330860E+06   2.1052251E+06   0.0000000E+00   0.0000000E+00   0.0000000E+00   0.0000000E+00
   6.8595429E-02   2.7371819E+06   2.7371819E+06   7.6415797E+01   8.6755781E+00   4.3452118E+02   2.7286829E+06   2.7371819E+06   2.0339483E+06   0.0000000E+00   0.0000000E+00   0.0000000E+00   0.0000000E+00
   7.1479767E-02   2.6448822E+06   2.6448822E+06   6.8587454E+01   7.7217778E+00   3.9104027E+02   2.6366556E+06   2.6448822E+06   1.9653518E+06   0.0000000E+00   0.0000000E+00   0.0000000E+00   0.0000000E+00
   7.4387134E-02   2.5545944E+06   2.5545944E+06   6.0975178E+01   6.8879603E+00   3.5237952E+02   2.5466362E+06   2.5545944E+06   1.8982519E+06   0.0000000E+00   0.0000000E+00   0.0000000E+00   0.0000000E+00
   7.7327046E-02   2.4651911E+06   2.4651911E+06   5.3274603E+01   6.1522916E+00   3.1784448E+02   2.4575004E+06   2.4651911E+06   1.8318105E+06   0.0000000E+00   0.0000000E+00   0.0000000E+00   0.0000000E+00
   8.0308207E-02   2.3759895E+06   2.3759895E+06   4.6429389E+01   5.4986515E+00   2.8703105E+02   2.3685673E+06   2.3759895E+06   1.7655203E+06   0.0000000E+00   0.0000000E+00   0.0000000E+00   0.0000000E+00
   8.3338618E-02   2.2867295E+06   2.2867295E+06   4.2342575E+01   4.9151199E+00   2.5924444E+02   2.2795774E+06   2.2867295E+06   1.6991877E+06   0.0000000E+00   0.0000000E+00   0.0000000E+00   0.0000000E+00
   8.6425693E-02   2.1975431E+06   2.1975431E+06   3.9072904E+01   4.3928150E+00   2.3350124E+02   2.1906621E+06   2.1975431E+06   1.6329107E+06   0.0000000E+00   0.0000000E+00   0.0000000E+00   0.0000000E+00
   8.9576378E-02   2.1089101E+06   2.1089101E+06   3.3278650E+01   3.9249960E+00   2.1035459E+02   2.1022997E+06   2.1089101E+06   1.5670458E+06   0.0000000E+00   0.0000000E+00   0.0000000E+00   0.0000000E+00
   9.2797242E-02   2.0215950E+06   2.0215950E+06   3.0870127E+01   3.5064393E+00   1.8967474E+02   2.0152521E+06   2.0215950E+06   1.5021610E+06   0.0000000E+00   0.0000000E+00   0.0000000E+00   0.0000000E+00
   9.6094567E-02   1.9365622E+06   1.9365622E+06   2.6619314E+01   3.1329016E+00   1.7066183E+02   1.9304805E+06   1.9365622E+06   1.4389726E+06   0.0000000E+00   0.0000000E+00   0.0000000E+00   0.0000000E+00
   9.9474416E-02   1.8548692E+06   1.8548692E+06   2.4459489E+01   2.8007144E+00   1.5372286E+02   1.8490391E+06   1.8548692E+06   1.3782665E+06   0.0000000E+00   0.0000000E+00   0.0000000E+00   0.0000000E+00
   1.0294269E-01   1.7775423E+06   1.7775423E+06   2.1893263E+01   2.5064938E+00   1.3864326E+02   1.7719507E+06   1.7775423E+06   1.3208052E+06   0.0000000E+00   0.0000000E+00   0.0000000E+00   0.0000000E+00
   1.0650518E-01   1.7054427E+06   1.7054427E+06   1.9718697E+01   2.2469034E+00   1.2519904E+02   1.7000739E+06   1.7054427E+06   1.2672286E+06   0.0000000E+00   0.0000000E+00   0.0000000E+00   0.0000000E+00
   1.1016761E-01   1.6391358E+06   1.6391358E+06   1.7770625E+01   2.0185490E+00   1.1329460E+02   1.6339720E+06   1.6391358E+06   1.2179565E+06   0.0000000E+00   0.0000000E+00   0.0000000E+00   0.0000000E+00
   1.1393564E-01   1.5787802E+06   1.5787802E+06   1.6046838E+01   1.8178958E+00   1.0270376E+02   1.5738032E+06   1.5787802E+06   1.1731069E+06   0.0000000E+00   0.0000000E+00   0.0000000E+00   0.0000000E+00
   1.1781493E-01   1.5240564E+06   1.5240564E+06   1.4338708E+01   1.6413237E+00   9.3265175E+01   1.5192489E+06   1.5240564E+06   1.1324424E+06   0.0000000E+00   0.0000000E+00   0.0000000E+00   0.0000000E+00
   1.2181114E-01   1.4741535E+06   1.4741535E+06   1.2578667E+01   1.4851928E+00   8.4996784E+01   1.4695007E+06   1.4741535E+06   1.0953603E+06   0.0000000E+00   0.0000000E+00   0.0000000E+00   0.0000000E+00
   1.2592996E-01   1.4278292E+06   1.4278292E+06   1.1806478E+01   1.3460121E+00   7.7576011E+01   1.4233200E+06   1.4278292E+06   1.0609374E+06   0.0000000E+00   0.0000000E+00   0.0000000E+00   0.0000000E+00
   1.3017709E-01   1.3835482E+06   1.3835482E+06   1.0355450E+01   1.2205973E+00   7.0733912E+01   1.3791766E+06   1.3835482E+06   1.0280331E+06   0.0000000E+00   0.0000000E+00   0.0000000E+00   0.0000000E+00
   1.3455828E-01   1.3396946E+06   1.3396946E+06   9.5919617E+00   1.1062411E+00   6.4449419E+01   1.3354594E+06   1.3396946E+06   9.9544650E+05   0.0000000E+00   0.0000000E+00   0.0000000E+00   0.0000000E+00
   1.3907936E-01   1.2948307E+06   1.2948307E+06   8.7238828E+00   1.0008619E+00   5.8672098E+01   1.2907354E+06   1.2948307E+06   9.6210940E+05   0.0000000E+00   0.0000000E+00   0.0000000E+00   0.0000000E+00
   1.4374619E-01   1.2479640E+06   1.2479640E+06   7.7721847E+00   9.0307405E-01   5.3244862E+01   1.2440152E+06   1.2479640E+06   9.2728435E+05   0.0000000E+00   0.0000000E+00   0.0000000E+00   0.0000000E+00
   1.4856470E-01   1.1987662E+06   1.1987662E+06   6.9404410E+00   8.1217714E-01   4.8193829E+01   1.1949714E+06   1.1987662E+06   8.9072733E+05   0.0000000E+00   0.0000000E+00   0.0000000E+00   0.0000000E+00
   1.5354089E-01   1.1476843E+06   1.1476843E+06   6.3890173E+00   7.2804857E-01   4.3415091E+01   1.1440498E+06   1.1476843E+06   8.5277052E+05   0.0000000E+00   0.0000000E+00   0.0000000E+00   0.0000000E+00
   1.5868085E-01   1.0958954E+06   1.0958954E+06   5.5225625E+00   6.5094938E-01   3.9018789E+01   1.0924236E+06   1.0958954E+06   8.1428858E+05   0.0000000E+00   0.0000000E+00   0.0000000E+00   0.0000000E+00
   1.6399074E-01   1.0450827E+06   1.0450827E+06   5.0239746E+00   5.8127165E-01   3.4984311E+01   1.0417707E+06   1.0450827E+06   7.7653212E+05   0.0000000E+00   0.0000000E+00   0.0000000E+00   0.0000000E+00
   1.6947682E-01   9.9705384E+05   9.9705384E+05   4.5194597E+00   5.1927734E-01   3.1415083E+01   9.9389298E+05   9.9705384E+05   7.4084423E+05   0.0000000E+00   0.0000000E+00   0.0000000E+00   0.0000000E+00
   1.7514542E-01   9.5327614E+05   9.5327614E+05   4.0036923E+00   4.6488724E-01   2.8257456E+01   9.5025310E+05   9.5327614E+05   7.0831524E+05   0.0000000E+00   0.0000000E+00   0.0000000E+00   0.0000000E+00
   1.8100302E-01   9.1444803E+05   9.1444803E+05   3.5769300E+00   4.1756941E-01   2.5536874E+01   9.1154726E+05   9.1444803E+05   6.7946405E+05   0.0000000E+00   0.0000000E+00   0.0000000E+00   0.0000000E+00
   1.8705617E-01   8.8024524E+05   8.8024524E+05   3.2248267E+00   3.7636231E-01   2.3106105E+01   8.7745218E+05   8.8024524E+05   6.5404971E+05   0.0000000E+00   0.0000000E+00   0.0000000E+00   0.0000000E+00
   1.9331159E-01   8.4935731E+05   8.4935731E+05   2.9502969E+00   3.4003314E-01   2.0962998E+01   8.4666154E+05   8.4935731E+05   6.3109848E+05   0.0000000E+00   0.0000000E+00   0.0000000E+00   0.0000000E+00
   1.9977615E-01   8.1985399E+05   8.1985399E+05   2.6719178E+00   3.0732365E-01   1.9033575E+01   8.1725120E+05   8.1985399E+05   6.0917613E+05   0.0000000E+00   0.0000000E+00   0.0000000E+00   0.0000000E+00
   2.0645688E-01   7.8980629E+05   7.8980629E+05   2.3772082E+00   2.7721371E-01   1.7240070E+01   7.8729830E+05   7.8980629E+05   5.8684934E+05   0.0000000E+00   0.0000000E+00   0.0000000E+00   0.0000000E+00
   2.1336102E-01   7.5796820E+05   7.5796820E+05   2.1487620E+00   2.4910844E-01   1.5581300E+01   7.5556077E+05   7.5796820E+05   5.6319231E+05   0.0000000E+00   0.0000000E+00   0.0000000E+00   0.0000000E+00
   2.2049604E-01   7.2425553E+05   7.2425553E+05   1.9038619E+00   2.2288513E-01   1.3986706E+01   7.2195469E+05   7.2425553E+05   5.3814246E+05   0.0000000E+00   0.0000000E+00   0.0000000E+00   0.0000000E+00
   2.2786969E-01   6.8978928E+05   6.8978928E+05   1.7090732E+00   1.9877500E-01   1.2528161E+01   6.8759750E+05   6.8978928E+05   5.1253273E+05   0.0000000E+00   0.0000000E+00   0.0000000E+00   0.0000000E+00
   2.3549004E-01   6.5642220E+05   6.5642220E+05   1.5388104E+00   1.7712596E-01   1.1205297E+01   6.5433604E+05   6.5642220E+05   4.8773977E+05   0.0000000E+00   0.0000000E+00   0.0000000E+00   0.0000000E+00
   2.4336550E-01   6.2590027E+05   6.2590027E+05   1.3513468E+00   1.5814249E-01   1.0036073E+01   6.2391076E+05   6.2590027E+05   4.6506087E+05   0.0000000E+00   0.0000000E+00   0.0000000E+00   0.0000000E+00
   2.5150495E-01   5.9902582E+05   5.9902582E+05   1.2235097E+00   1.4171653E-01   9.0241938E+00   5.9712142E+05   5.9902582E+05   4.4509220E+05   0.0000000E+00   0.0000000E+00   0.0000000E+00   0.0000000E+00
   2.5991772E-01   5.7525570E+05   5.7525570E+05   1.0947361E+00   1.2742542E-01   8.1441115E+00   5.7342658E+05   5.7525570E+05   4.2743015E+05   0.0000000E+00   0.0000000E+00   0.0000000E+00   0.0000000E+00
   2.6861374E-01   5.5300034E+05   5.5300034E+05   9.9084441E-01   1.1469201E-01   7.3616024E+00   5.5124173E+05   5.5300034E+05   4.1089364E+05   0.0000000E+00   0.0000000E+00   0.0000000E+00   0.0000000E+00
   2.7760359E-01   5.3052118E+05   5.3052118E+05   8.8385532E-01   1.0301966E-01   6.6372951E+00   5.2883382E+05   5.3052118E+05   3.9419086E+05   0.0000000E+00   0.0000000E+00   0.0000000E+00   0.0000000E+00
   2.8689862E-01   5.0693755E+05   5.0693755E+05   7.9130774E-01   9.2167370E-02   5.9573194E+00   5.0532498E+05   5.0693755E+05   3.7666746E+05   0.0000000E+00   0.0000000E+00   0.0000000E+00   0.0000000E+00
   2.9651106E-01   4.8271126E+05   4.8271126E+05   7.1105363E-01   8.2168089E-02   5.3254974E+00   4.8117557E+05   4.8271126E+05   3.5866658E+05   0.0000000E+00   0.0000000E+00   0.0000000E+00   0.0000000E+00
   3.0645415E-01   4.5924780E+05   4.5924780E+05   6.3127538E-01   7.3186287E-02   4.7595609E+00   4.5778659E+05   4.5924780E+05   3.4123251E+05   0.0000000E+00   0.0000000E+00   0.0000000E+00   0.0000000E+00
   3.1674230E-01   4.3784244E+05   4.3784244E+05   5.6308438E-01   6.5317341E-02   4.2577823E+00   4.3644918E+05   4.3784244E+05   3.2532768E+05   0.0000000E+00   0.0000000E+00   0.0000000E+00   0.0000000E+00
   3.2739130E-01   4.1872244E+05   4.1872244E+05   5.0199252E-01   5.8467639E-02   3.8275548E+00   4.1738988E+05   4.1872244E+05   3.1112095E+05   0.0000000E+00   0.0000000E+00   0.0000000E+00   0.0000000E+00
   3.3841846E-01   4.0094021E+05   4.0094021E+05   4.4929276E-01   5.2395473E-02   3.4380797E+00   3.9966412E+05   4.0094021E+05   2.9790823E+05   0.0000000E+00   0.0000000E+00   0.0000000E+00   0.0000000E+00
   3.4984295E-01   3.8323193E+05   3.8323193E+05   4.0366129E-01   4.6864217E-02   3.0835220E+00   3.8201209E+05   3.8323193E+05   2.8475047E+05   0.0000000E+00   0.0000000E+00   0.0000000E+00   0.0000000E+00
   3.6168600E-01   3.6511190E+05   3.6511190E+05   3.6045997E-01   4.1773206E-02   2.7571641E+00   3.6394963E+05   3.6511190E+05   2.7128678E+05   0.0000000E+00   0.0000000E+00   0.0000000E+00   0.0000000E+00
   3.7397130E-01   3.4719687E+05   3.4719687E+05   3.1991375E-01   3.7157453E-02   2.4583509E+00   3.4609153E+05   3.4719687E+05   2.5797542E+05   0.0000000E+00   0.0000000E+00   0.0000000E+00   0.0000000E+00
   3.8672541E-01   3.3044459E+05   3.3044459E+05   2.8483216E-01   3.3070970E-02   2.1934235E+00   3.2939251E+05   3.3044459E+05   2.4552803E+05   0.0000000E+00   0.0000000E+00   0.0000000E+00   0.0000000E+00
   3.9997824E-01   3.1510171E+05   3.1510171E+05   2.5316243E-01   2.9480337E-02   1.9612541E+00   3.1409841E+05   3.1510171E+05   2.3412785E+05   0.0000000E+00   0.0000000E+00   0.0000000E+00   0.0000000E+00
   4.1376363E-01   3.0051239E+05   3.0051239E+05   2.2563785E-01   2.6273270E-02   1.7517800E+00   2.9955547E+05   3.0051239E+05   2.2328760E+05   0.0000000E+00   0.0000000E+00   0.0000000E+00   0.0000000E+00
   4.2812013E-01   2.8598054E+05   2.8598054E+05   2.0102620E-01   2.3354277E-02   1.5605144E+00   2.8506983E+05   2.8598054E+05   2.1249006E+05   0.0000000E+00   0.0000000E+00   0.0000000E+00   0.0000000E+00
   4.4309188E-01   2.7158627E+05   2.7158627E+05   1.7789928E-01   2.0705633E-02   1.3879514E+00   2.7072135E+05   2.7158627E+05   2.0179475E+05   0.0000000E+00   0.0000000E+00   0.0000000E+00   0.0000000E+00
   4.5872972E-01   2.5790162E+05   2.5790162E+05   1.5775329E-01   1.8344824E-02   1.2324155E+00   2.5708024E+05   2.5790162E+05   1.9162671E+05   0.0000000E+00   0.0000000E+00   0.0000000E+00   0.0000000E+00
   4.7509259E-01   2.4507215E+05   2.4507215E+05   1.3977043E-01   1.6252165E-02   1.0943287E+00   2.4429159E+05   2.4507215E+05   1.8209410E+05   0.0000000E+00   0.0000000E+00   0.0000000E+00   0.0000000E+00
   4.9224928E-01   2.3265840E+05   2.3265840E+05   1.2358996E-01   1.4372263E-02   9.7036621E-01   2.3191733E+05   2.3265840E+05   1.7287037E+05   0.0000000E+00   0.0000000E+00   0.0000000E+00   0.0000000E+00
   5.1028069E-01   2.2040896E+05   2.2040896E+05   1.0893750E-01   1.2670458E-02   8.5694007E-01   2.1970687E+05   2.2040896E+05   1.6376874E+05   0.0000000E+00   0.0000000E+00   0.0000000E+00   0.0000000E+00
   5.2928262E-01   2.0857975E+05   2.0857975E+05   9.5877832E-02   1.1145051E-02   7.5555853E-01   2.0791531E+05   2.0857975E+05   1.5497935E+05   0.0000000E+00   0.0000000E+00   0.0000000E+00   0.0000000E+00
   5.4936942E-01   1.9729850E+05   1.9729850E+05   8.4144258E-02   9.7854799E-03   6.6484772E-01   1.9666997E+05   1.9729850E+05   1.4659711E+05   0.0000000E+00   0.0000000E+00   0.0000000E+00   0.0000000E+00
   5.7067870E-01   1.8631485E+05   1.8631485E+05   7.3649851E-02   8.5635549E-03   5.8308095E-01   1.8572129E+05   1.8631485E+05   1.3843600E+05   0.0000000E+00   0.0000000E+00   0.0000000E+00   0.0000000E+00
   5.9337736E-01   1.7556370E+05   1.7556370E+05   6.4169171E-02   7.4639101E-03   5.0926094E-01   1.7500437E+05   1.7556370E+05   1.3044765E+05   0.0000000E+00   0.0000000E+00   0.0000000E+00   0.0000000E+00
   6.1766936E-01   1.6517446E+05   1.6517446E+05   5.5725231E-02   6.4807795E-03   4.4296523E-01   1.6464821E+05   1.6517446E+05   1.2272820E+05   0.0000000E+00   0.0000000E+00   0.0000000E+00   0.0000000E+00
   6.4380564E-01   1.5504587E+05   1.5504587E+05   4.8133708E-02   5.5994976E-03   3.8357328E-01   1.5455187E+05   1.5504587E+05   1.1520243E+05   0.0000000E+00   0.0000000E+00   0.0000000E+00   0.0000000E+00
   6.7209652E-01   1.4511888E+05   1.4511888E+05   4.1341859E-02   4.8090795E-03   3.3028033E-01   1.4465649E+05   1.4511888E+05   1.0782644E+05   0.0000000E+00   0.0000000E+00   0.0000000E+00   0.0000000E+00
   7.0292640E-01   1.3542964E+05   1.3542964E+05   3.5268585E-02   4.1029678E-03   2.8241144E-01   1.3499811E+05   1.3542964E+05   1.0062712E+05   0.0000000E+00   0.0000000E+00   0.0000000E+00   0.0000000E+00
   7.3676986E-01   1.2590850E+05   1.2590850E+05   2.9844693E-02   3.4721407E-03   2.3959828E-01   1.2550729E+05   1.2590850E+05   9.3552699E+04   0.0000000E+00   0.0000000E+00   0.0000000E+00   0.0000000E+00
   7.7420564E-01   1.1656368E+05   1.1656368E+05   2.5022173E-02   2.9111121E-03   2.0128085E-01   1.1619224E+05   1.1656368E+05   8.6609288E+04   0.0000000E+00   0.0000000E+00   0.0000000E+00   0.0000000E+00
   8.1592082E-01   1.0737799E+05   1.0737799E+05   2.0752568E-02   2.4145140E-03   1.6731899E-01   1.0703581E+05   1.0737799E+05   7.9784118E+04   0.0000000E+00   0.0000000E+00   0.0000000E+00   0.0000000E+00
   8.6269147E-01   9.8373110E+04   9.8373110E+04   1.7006083E-02   1.9786922E-03   1.3735143E-01   9.8059617E+04   9.8373110E+04   7.3093297E+04   0.0000000E+00   0.0000000E+00   0.0000000E+00   0.0000000E+00
   9.1532127E-01   8.9589544E+04   8.9589544E+04   1.3757327E-02   1.6007573E-03   1.1140412E-01   8.9304034E+04   8.9589544E+04   6.6566916E+04   0.0000000E+00   0.0000000E+00   0.0000000E+00   0.0000000E+00
   9.7452920E-01   8.1104853E+04   8.1104853E+04   1.0986373E-02   1.2784235E-03   8.9153688E-02   8.0846376E+04   8.1104853E+04   6.0262608E+04   0.0000000E+00   0.0000000E+00   0.0000000E+00   0.0000000E+00
   1.0408154E+00   7.3020925E+04   7.3020925E+04   8.6811529E-03   1.0090662E-03   7.0522527E-02   7.2788205E+04   7.3020925E+04   5.4256075E+04   0.0000000E+00   0.0000000E+00   0.0000000E+00   0.0000000E+00
   1.1143868E+00   6.5443724E+04   6.5443724E+04   6.7800357E-03   7.8889269E-04   5.5273397E-02   6.5235148E+04   6.5443724E+04   4.8626053E+04   0.0000000E+00   0.0000000E+00   0.0000000E+00   0.0000000E+00
   1.1952203E+00   5.8456477E+04   5.8456477E+04   5.2640474E-03   6.1257740E-04   4.2981049E-02   5.8270167E+04   5.8456477E+04   4.3434380E+04   0.0000000E+00   0.0000000E+00   0.0000000E+00   0.0000000E+00
   1.2832364E+00   5.2098580E+04   5.2098580E+04   4.0697967E-03   4.7362972E-04   3.3303896E-02   5.1932531E+04   5.2098580E+04   3.8710328E+04   0.0000000E+00   0.0000000E+00   0.0000000E+00   0.0000000E+00
   1.3784631E+00   4.6365361E+04   4.6365361E+04   3.1386741E-03   3.6528497E-04   2.5730461E-02   4.6217582E+04   4.6365361E+04   3.4450425E+04   0.0000000E+00   0.0000000E+00   0.0000000E+00   0.0000000E+00
   1.4811063E+00   4.1224240E+04   4.1224240E+04   2.4171214E-03   2.8132651E-04   1.9862949E-02   4.1092846E+04   4.1224240E+04   3.0630465E+04   0.0000000E+00   0.0000000E+00   0.0000000E+00   0.0000000E+00
   1.5915392E+00   3.6627638E+04   3.6627638E+04   1.8582835E-03   2.1647473E-04   1.5303460E-02   3.6510893E+04   3.6627638E+04   2.7215093E+04   0.0000000E+00   0.0000000E+00   0.0000000E+00   0.0000000E+00
   1.7102596E+00   3.2524766E+04   3.2524766E+04   1.4305430E-03   1.6646597E-04   1.1781556E-02   3.2421097E+04   3.2524766E+04   2.4166573E+04   0.0000000E+00   0.0000000E+00   0.0000000E+00   0.0000000E+00
   1.8378528E+00   2.8866309E+04   2.8866309E+04   1.0993336E-03   1.2794042E-04   9.0650590E-03   2.8774300E+04   2.8866309E+04   2.1448264E+04   0.0000000E+00   0.0000000E+00   0.0000000E+00   0.0000000E+00
   1.9749698E+00   2.5606656E+04   2.5606656E+04   8.4443642E-04   9.8281698E-05   6.9805817E-03   2.5525036E+04   2.5606656E+04   1.9026274E+04   0.0000000E+00   0.0000000E+00   0.0000000E+00   0.0000000E+00
   2.1223178E+00   2.2704200E+04   2.2704200E+04   6.4845783E-04   7.5462178E-05   5.3603286E-03   2.2631831E+04   2.2704200E+04   1.6869689E+04   0.0000000E+00   0.0000000E+00   0.0000000E+00   0.0000000E+00
   2.2806593E+00   2.0121467E+04   2.0121467E+04   4.9758273E-04   5.7914329E-05   4.1225833E-03   2.0057331E+04   2.0121467E+04   1.4950665E+04   0.0000000E+00   0.0000000E+00   0.0000000E+00   0.0000000E+00
   2.4508143E+00   1.7824555E+04   1.7824555E+04   3.8168038E-04   4.4427231E-05   3.1612118E-03   1.7767739E+04   1.7824555E+04   1.3244011E+04   0.0000000E+00   0.0000000E+00   0.0000000E+00   0.0000000E+00
   2.6336643E+00   1.5783005E+04   1.5783005E+04   2.9265523E-04   3.4066269E-05   2.4273667E-03   1.5732697E+04   1.5783005E+04   1.1727098E+04   0.0000000E+00   0.0000000E+00   0.0000000E+00   0.0000000E+00
   2.8301562E+00   1.3969434E+04   1.3969434E+04   2.2430361E-04   2.6110703E-05   1.8639660E-03   1.3924907E+04   1.3969434E+04   1.0379577E+04   0.0000000E+00   0.0000000E+00   0.0000000E+00   0.0000000E+00
   3.0413080E+00   1.2359237E+04   1.2359237E+04   1.7184955E-04   2.0004938E-05   1.4313275E-03   1.2319842E+04   1.2359237E+04   9.1831671E+03   0.0000000E+00   0.0000000E+00   0.0000000E+00   0.0000000E+00
   3.2682134E+00   1.0930339E+04   1.0930339E+04   1.3158914E-04   1.5320950E-05   1.0954936E-03   1.0895498E+04   1.0930339E+04   8.1214665E+03   0.0000000E+00   0.0000000E+00   0.0000000E+00   0.0000000E+00
   3.5120477E+00   9.6629556E+03   9.6629556E+03   1.0076651E-04   1.1729233E-05   8.3844160E-04   9.6321547E+03   9.6629556E+03   7.1797747E+03   0.0000000E+00   0.0000000E+00   0.0000000E+00   0.0000000E+00
   3.7740740E+00   8.5393691E+03   8.5393691E+03   7.7108587E-05   8.9762304E-06   6.4243228E-04   8.5121496E+03   8.5393691E+03   6.3449268E+03   0.0000000E+00   0.0000000E+00   0.0000000E+00   0.0000000E+00
   4.0556494E+00   7.5437255E+03   7.5437255E+03   5.8986312E-05   6.8669514E-06   4.9153231E-04   7.5196795E+03   7.5437255E+03   5.6051430E+03   0.0000000E+00   0.0000000E+00   0.0000000E+00   0.0000000E+00
   4.3582326E+00   6.6618507E+03   6.6618507E+03   4.5110613E-05   5.2515128E-06   3.7654302E-04   6.6406157E+03   6.6618507E+03   4.9498919E+03   0.0000000E+00   0.0000000E+00   0.0000000E+00   0.0000000E+00
   4.6833909E+00   5.8810830E+03   5.8810830E+03   3.4486009E-05   4.0147641E-06   2.8783415E-04   5.8623368E+03   5.8810830E+03   4.3697655E+03   0.0000000E+00   0.0000000E+00   0.0000000E+00   0.0000000E+00
   5.0328085E+00   5.1901203E+03   5.1901203E+03   2.6349119E-05   3.0682817E-06   2.1988135E-04   5.1735765E+03   5.1901203E+03   3.8563660E+03   0.0000000E+00   0.0000000E+00   0.0000000E+00   0.0000000E+00
   5.4082954E+00   4.5788810E+03   4.5788810E+03   2.0135061E-05   2.3442002E-06   1.6831022E-04   4.5642856E+03   4.5788810E+03   3.4022026E+03   0.0000000E+00   0.0000000E+00   0.0000000E+00   0.0000000E+00
   5.8117966E+00   4.0383791E+03   4.0383791E+03   1.5377090E-05   1.7904514E-06   1.2849656E-04   4.0255065E+03   4.0383791E+03   3.0005986E+03   0.0000000E+00   0.0000000E+00   0.0000000E+00   0.0000000E+00
   6.2454022E+00   3.5606099E+03   3.5606099E+03   1.1743574E-05   1.3671089E-06   9.8395012E-05   3.5492603E+03   3.5606099E+03   2.6456063E+03   0.0000000E+00   0.0000000E+00   0.0000000E+00   0.0000000E+00
   6.7113580E+00   3.1384482E+03   3.1384482E+03   8.9606041E-06   1.0435673E-06   7.5106261E-05   3.1284442E+03   3.1384482E+03   2.3319315E+03   0.0000000E+00   0.0000000E+00   0.0000000E+00   0.0000000E+00
   7.2120779E+00   2.7655551E+03   2.7655551E+03   6.8382336E-06   7.9637728E-07   5.7259377E-05   2.7567397E+03   2.7655551E+03   2.0548642E+03   0.0000000E+00   0.0000000E+00   0.0000000E+00   0.0000000E+00
   7.7501554E+00   2.4362946E+03   2.4362946E+03   5.2170398E-06   6.0757812E-07   4.3650056E-05   2.4285287E+03   2.4362946E+03   1.8102169E+03   0.0000000E+00   0.0000000E+00   0.0000000E+00   0.0000000E+00
   8.3283776E+00   2.1456589E+03   2.1456589E+03   3.9788033E-06   4.6341956E-07   3.3120322E-05   2.1388194E+03   2.1456589E+03   1.5942686E+03   0.0000000E+00   0.0000000E+00   0.0000000E+00   0.0000000E+00
   8.9497398E+00   1.8892005E+03   1.8892005E+03   3.0335870E-06   3.5337781E-07   2.5519466E-05   1.8831786E+03   1.8892005E+03   1.4037148E+03   0.0000000E+00   0.0000000E+00   0.0000000E+00   0.0000000E+00
   9.6174604E+00   1.6629720E+03   1.6629720E+03   2.3122233E-06   2.6940228E-07   1.9299834E-05   1.6576711E+03   1.6629720E+03   1.2356223E+03   0.0000000E+00   0.0000000E+00   0.0000000E+00   0.0000000E+00
   1.0334998E+01   1.4634711E+03   1.4634711E+03   1.7622845E-06   2.0533548E-07   1.4797565E-05   1.4588062E+03   1.4634711E+03   1.0873891E+03   0.0000000E+00   0.0000000E+00   0.0000000E+00   0.0000000E+00
