#           k/h    CDM            baryon         photon         nu             mass_nu        total          no_nu          total_de       Weyl           v_CDM          v_b            v_b-v_c     
   1.1125266E-05   1.1194319E+06   1.1194319E+06   1.4925372E+06   1.1156327E+04   1.4450916E+03   1.1198898E+06   1.1194319E+06   1.1198145E+06   0.0000000E+00   0.0000000E+00   0.0000000E+00   0.0000000E+00
   1.1955298E-05   1.1194317E+06   1.1194317E+06   1.4925311E+06   1.1156297E+04   1.4450756E+03   1.1198896E+06   1.1194317E+06   1.1198144E+06   0.0000000E+00   0.0000000E+00   0.0000000E+00   0.0000000E+00
   1.2847257E-05   1.1194316E+06   1.1194316E+06   1.4925240E+06   1.1156263E+04   1.4450571E+03   1.1198895E+06   1.1194316E+06   1.1198142E+06   0.0000000E+00   0.0000000E+00   0.0000000E+00   0.0000000E+00
   1.3805762E-05   1.1194315E+06   1.1194315E+06   1.4925158E+06   1.1156223E+04   1.4450357E+03   1.1198893E+06   1.1194315E+06   1.1198141E+06   0.0000000E+00   0.0000000E+00   0.0000000E+00   0.0000000E+00
   1.4835780E-05   1.1194313E+06   1.1194313E+06   1.4925064E+06   1.1156177E+04   1.4450110E+03   1.1198891E+06   1.1194313E+06   1.1198139E+06   0.0000000E+00   0.0000000E+00   0.0000000E+00   0.0000000E+00
   1.5942646E-05   1.1194311E+06   1.1194311E+06   1.4924955E+06   1.1156124E+04   1.4449825E+03   1.1198889E+06   1.1194311E+06   1.1198136E+06   0.0000000E+00   0.0000000E+00   0.0000000E+00   0.0000000E+00
   1.7132092E-05   1.1194309E+06   1.1194309E+06   1.4924829E+06   1.1156062E+04   1.4449496E+03   1.1198886E+06   1.1194309E+06   1.1198134E+06   0.0000000E+00   0.0000000E+00   0.0000000E+00   0.0000000E+00
   1.8410280E-05   1.1194306E+06   1.1194306E+06   1.4924684E+06   1.1155991E+04   1.4449116E+03   1.1198883E+06   1.1194306E+06   1.1198131E+06   0.0000000E+00   0.0000000E+00   0.0000000E+00   0.0000000E+00
   1.9783831E-05   1.1194303E+06   1.1194303E+06   1.4924516E+06   1.1155909E+04   1.4448677E+03   1.1198880E+06   1.1194303E+06   1.1198127E+06   0.0000000E+00   0.0000000E+00   0.0000000E+00   0.0000000E+00
   2.1259860E-05   1.1194299E+06   1.1194299E+06   1.4924322E+06   1.1155814E+04   1.4448170E+03   1.1198876E+06   1.1194299E+06   1.1198123E+06   0.0000000E+00   0.0000000E+00   0.0000000E+00   0.0000000E+00
   2.2846012E-05   1.1194295E+06   1.1194295E+06   1.4924099E+06   1.1155705E+04   1.4447585E+03   1.1198871E+06   1.1194295E+06   1.1198118E+06   0.0000000E+00   0.0000000E+00   0.0000000E+00   0.0000000E+00
   2.4550503E-05   1.1194290E+06   1.1194290E+06   1.4923840E+06   1.1155578E+04   1.4446909E+03   1.1198866E+06   1.1194290E+06   1.1198113E+06   0.0000000E+00   0.0000000E+00   0.0000000E+00   0.0000000E+00
   2.6382163E-05   1.1194285E+06   1.1194285E+06   1.4923542E+06   1.1155433E+04   1.4446129E+03   1.1198859E+06   1.1194285E+06   1.1198107E+06   0.0000000E+00   0.0000000E+00   0.0000000E+00   0.0000000E+00
   2.8350479E-05   1.1194278E+06   1.1194278E+06   1.4923197E+06   1.1155264E+04   1.4445228E+03   1.1198852E+06   1.1194278E+06   1.1198100E+06   0.0000000E+00   0.0000000E+00   0.0000000E+00   0.0000000E+00
   3.0465646E-05   1.1194271E+06   1.1194271E+06   1.4922800E+06   1.1155070E+04   1.4444187E+03   1.1198844E+06   1.1194271E+06   1.1198091E+06   0.0000000E+00   0.0000000E+00   0.0000000E+00   0.0000000E+00
   3.2738622E-05   1.1194262E+06   1.1194262E+06   1.4922340E+06   1.1154845E+04   1.4442986E+03   1.1198834E+06   1.1194262E+06   1.1198082E+06   0.0000000E+00   0.0000000E+00   0.0000000E+00   0.0000000E+00
   3.5181179E-05   1.1194253E+06   1.1194253E+06   1.4921810E+06   1.1154586E+04   1.4441598E+03   1.1198823E+06   1.1194253E+06   1.1198071E+06   0.0000000E+00   0.0000000E+00   0.0000000E+00   0.0000000E+00
   3.7805971E-05   1.1194241E+06   1.1194241E+06   1.4921197E+06   1.1154286E+04   1.4439996E+03   1.1198810E+06   1.1194241E+06   1.1198058E+06   0.0000000E+00   0.0000000E+00   0.0000000E+00   0.0000000E+00
   4.0626592E-05   1.1194228E+06   1.1194228E+06   1.4920490E+06   1.1153940E+04   1.4438146E+03   1.1198795E+06   1.1194228E+06   1.1198043E+06   0.0000000E+00   0.0000000E+00   0.0000000E+00   0.0000000E+00
   4.3657654E-05   1.1194213E+06   1.1194213E+06   1.4919673E+06   1.1153541E+04   1.4436010E+03   1.1198778E+06   1.1194213E+06   1.1198026E+06   0.0000000E+00   0.0000000E+00   0.0000000E+00   0.0000000E+00
   4.6914857E-05   1.1194195E+06   1.1194195E+06   1.4918730E+06   1.1153080E+04   1.4433543E+03   1.1198759E+06   1.1194195E+06   1.1198006E+06   0.0000000E+00   0.0000000E+00   0.0000000E+00   0.0000000E+00
   5.0415072E-05   1.1194175E+06   1.1194175E+06   1.4917641E+06   1.1152547E+04   1.4430695E+03   1.1198736E+06   1.1194175E+06   1.1197983E+06   0.0000000E+00   0.0000000E+00   0.0000000E+00   0.0000000E+00
   5.4176431E-05   1.1194152E+06   1.1194152E+06   1.4916383E+06   1.1151932E+04   1.4427407E+03   1.1198709E+06   1.1194152E+06   1.1197957E+06   0.0000000E+00   0.0000000E+00   0.0000000E+00   0.0000000E+00
   5.8218417E-05   1.1194125E+06   1.1194125E+06   1.4914931E+06   1.1151222E+04   1.4423611E+03   1.1198679E+06   1.1194125E+06   1.1197926E+06   0.0000000E+00   0.0000000E+00   0.0000000E+00   0.0000000E+00
   6.2561967E-05   1.1194094E+06   1.1194094E+06   1.4913254E+06   1.1150402E+04   1.4419227E+03   1.1198644E+06   1.1194094E+06   1.1197891E+06   0.0000000E+00   0.0000000E+00   0.0000000E+00   0.0000000E+00
   6.7229580E-05   1.1194058E+06   1.1194058E+06   1.4911318E+06   1.1149455E+04   1.4414167E+03   1.1198603E+06   1.1194058E+06   1.1197851E+06   0.0000000E+00   0.0000000E+00   0.0000000E+00   0.0000000E+00
   7.2245432E-05   1.1194016E+06   1.1194016E+06   1.4909083E+06   1.1148362E+04   1.4408324E+03   1.1198556E+06   1.1194016E+06   1.1197804E+06   0.0000000E+00   0.0000000E+00   0.0000000E+00   0.0000000E+00
   7.7635507E-05   1.1193969E+06   1.1193969E+06   1.4906502E+06   1.1147100E+04   1.4401580E+03   1.1198502E+06   1.1193969E+06   1.1197750E+06   0.0000000E+00   0.0000000E+00   0.0000000E+00   0.0000000E+00
   8.3427724E-05   1.1193913E+06   1.1193913E+06   1.4903522E+06   1.1145642E+04   1.4393794E+03   1.1198440E+06   1.1193913E+06   1.1197687E+06   0.0000000E+00   0.0000000E+00   0.0000000E+00   0.0000000E+00
   8.9652085E-05   1.1193849E+06   1.1193849E+06   1.4900081E+06   1.1143959E+04   1.4384806E+03   1.1198368E+06   1.1193849E+06   1.1197615E+06   0.0000000E+00   0.0000000E+00   0.0000000E+00   0.0000000E+00
   9.6340833E-05   1.1193776E+06   1.1193776E+06   1.4896109E+06   1.1142016E+04   1.4374432E+03   1.1198285E+06   1.1193776E+06   1.1197532E+06   0.0000000E+00   0.0000000E+00   0.0000000E+00   0.0000000E+00
   1.0352861E-04   1.1193691E+06   1.1193691E+06   1.4891523E+06   1.1139773E+04   1.4362459E+03   1.1198188E+06   1.1193691E+06   1.1197436E+06   0.0000000E+00   0.0000000E+00   0.0000000E+00   0.0000000E+00
   1.1125266E-04   1.1193592E+06   1.1193592E+06   1.4886229E+06   1.1137183E+04   1.4348642E+03   1.1198077E+06   1.1193592E+06   1.1197325E+06   0.0000000E+00   0.0000000E+00   0.0000000E+00   0.0000000E+00
   1.1955298E-04   1.1193479E+06   1.1193479E+06   1.4880118E+06   1.1134193E+04   1.4332696E+03   1.1197949E+06   1.1193479E+06   1.1197197E+06   0.0000000E+00   0.0000000E+00   0.0000000E+00   0.0000000E+00
   1.2847257E-04   1.1193348E+06   1.1193348E+06   1.4873063E+06   1.1130741E+04   1.4314299E+03   1.1197801E+06   1.1193348E+06   1.1197049E+06   0.0000000E+00   0.0000000E+00   0.0000000E+00   0.0000000E+00
   1.3805762E-04   1.1193196E+06   1.1193196E+06   1.4864921E+06   1.1126756E+04   1.4293073E+03   1.1197630E+06   1.1193196E+06   1.1196878E+06   0.0000000E+00   0.0000000E+00   0.0000000E+00   0.0000000E+00
   1.4835780E-04   1.1193022E+06   1.1193022E+06   1.4855523E+06   1.1122156E+04   1.4268589E+03   1.1197433E+06   1.1193022E+06   1.1196681E+06   0.0000000E+00   0.0000000E+00   0.0000000E+00   0.0000000E+00
   1.5942646E-04   1.1192820E+06   1.1192820E+06   1.4844678E+06   1.1116847E+04   1.4240352E+03   1.1197205E+06   1.1192820E+06   1.1196453E+06   0.0000000E+00   0.0000000E+00   0.0000000E+00   0.0000000E+00
   1.7132092E-04   1.1192587E+06   1.1192587E+06   1.4832163E+06   1.1110719E+04   1.4207791E+03   1.1196942E+06   1.1192587E+06   1.1196190E+06   0.0000000E+00   0.0000000E+00   0.0000000E+00   0.0000000E+00
   1.8410280E-04   1.1192318E+06   1.1192318E+06   1.4817722E+06   1.1103648E+04   1.4170255E+03   1.1196639E+06   1.1192318E+06   1.1195887E+06   0.0000000E+00   0.0000000E+00   0.0000000E+00   0.0000000E+00
   1.9783831E-04   1.1192008E+06   1.1192008E+06   1.4801063E+06   1.1095487E+04   1.4126993E+03   1.1196289E+06   1.1192008E+06   1.1195536E+06   0.0000000E+00   0.0000000E+00   0.0000000E+00   0.0000000E+00
   2.1259860E-04   1.1191649E+06   1.1191649E+06   1.4781847E+06   1.1086071E+04   1.4077148E+03   1.1195884E+06   1.1191649E+06   1.1195132E+06   0.0000000E+00   0.0000000E+00   0.0000000E+00   0.0000000E+00
   2.2846012E-04   1.1191236E+06   1.1191236E+06   1.4759684E+06   1.1075207E+04   1.4019738E+03   1.1195417E+06   1.1191236E+06   1.1194665E+06   0.0000000E+00   0.0000000E+00   0.0000000E+00   0.0000000E+00
   2.4550503E-04   1.1190758E+06   1.1190758E+06   1.4734129E+06   1.1062676E+04   1.3953642E+03   1.1194878E+06   1.1190758E+06   1.1194126E+06   0.0000000E+00   0.0000000E+00   0.0000000E+00   0.0000000E+00
   2.6382163E-04   1.1190207E+06   1.1190207E+06   1.4704669E+06   1.1048224E+04   1.3877582E+03   1.1194257E+06   1.1190207E+06   1.1193504E+06   0.0000000E+00   0.0000000E+00   0.0000000E+00   0.0000000E+00
   2.8350479E-04   1.1189571E+06   1.1189571E+06   1.4670717E+06   1.1031559E+04   1.3790103E+03   1.1193539E+06   1.1189571E+06   1.1192787E+06   0.0000000E+00   0.0000000E+00   0.0000000E+00   0.0000000E+00
   3.0465646E-04   1.1188838E+06   1.1188838E+06   1.4631598E+06   1.1012346E+04   1.3689555E+03   1.1192711E+06   1.1188838E+06   1.1191959E+06   0.0000000E+00   0.0000000E+00   0.0000000E+00   0.0000000E+00
   3.2738622E-04   1.1187991E+06   1.1187991E+06   1.4586544E+06   1.0990203E+04   1.3574069E+03   1.1191756E+06   1.1187991E+06   1.1191004E+06   0.0000000E+00   0.0000000E+00   0.0000000E+00   0.0000000E+00
   3.5181179E-04   1.1187014E+06   1.1187014E+06   1.4534674E+06   1.0964690E+04   1.3441540E+03   1.1190654E+06   1.1187014E+06   1.1189902E+06   0.0000000E+00   0.0000000E+00   0.0000000E+00   0.0000000E+00
   3.7805971E-04   1.1185887E+06   1.1185887E+06   1.4474987E+06   1.0935304E+04   1.3289602E+03   1.1189384E+06   1.1185887E+06   1.1188632E+06   0.0000000E+00   0.0000000E+00   0.0000000E+00   0.0000000E+00
   4.0626592E-04   1.1184588E+06   1.1184588E+06   1.4406340E+06   1.0901471E+04   1.3115610E+03   1.1187919E+06   1.1184588E+06   1.1187167E+06   0.0000000E+00   0.0000000E+00   0.0000000E+00   0.0000000E+00
   4.3657654E-04   1.1183089E+06   1.1183089E+06   1.4327440E+06   1.0862536E+04   1.2916628E+03   1.1186230E+06   1.1183089E+06   1.1185478E+06   0.0000000E+00   0.0000000E+00   0.0000000E+00   0.0000000E+00
   4.6914857E-04   1.1181362E+06   1.1181362E+06   1.4236821E+06   1.0817753E+04   1.2689418E+03   1.1184283E+06   1.1181362E+06   1.1183531E+06   0.0000000E+00   0.0000000E+00   0.0000000E+00   0.0000000E+00
   5.0415072E-04   1.1179370E+06   1.1179370E+06   1.4132831E+06   1.0766277E+04   1.2430441E+03   1.1182040E+06   1.1179370E+06   1.1181289E+06   0.0000000E+00   0.0000000E+00   0.0000000E+00   0.0000000E+00
   5.4176431E-04   1.1177076E+06   1.1177076E+06   1.4013613E+06   1.0707149E+04   1.2135871E+03   1.1179457E+06   1.1177076E+06   1.1178706E+06   0.0000000E+00   0.0000000E+00   0.0000000E+00   0.0000000E+00
   5.8218417E-04   1.1174434E+06   1.1174434E+06   1.3877092E+06   1.0639287E+04   1.1801636E+03   1.1176483E+06   1.1174434E+06   1.1175732E+06   0.0000000E+00   0.0000000E+00   0.0000000E+00   0.0000000E+00
   6.2561967E-04   1.1171391E+06   1.1171391E+06   1.3720961E+06   1.0561476E+04   1.1423475E+03   1.1173061E+06   1.1171391E+06   1.1172311E+06   0.0000000E+00   0.0000000E+00   0.0000000E+00   0.0000000E+00
   6.7229580E-04   1.1167889E+06   1.1167889E+06   1.3542675E+06   1.0472357E+04   1.0997046E+03   1.1169126E+06   1.1167889E+06   1.1168375E+06   0.0000000E+00   0.0000000E+00   0.0000000E+00   0.0000000E+00
   7.2245432E-04   1.1163862E+06   1.1163862E+06   1.3339448E+06   1.0370416E+04   1.0518076E+03   1.1164602E+06   1.1163862E+06   1.1163852E+06   0.0000000E+00   0.0000000E+00   0.0000000E+00   0.0000000E+00
   7.7635507E-04   1.1159232E+06   1.1159232E+06   1.3108261E+06   1.0253980E+04   9.9825790E+02   1.1159405E+06   1.1159232E+06   1.1158656E+06   0.0000000E+00   0.0000000E+00   0.0000000E+00   0.0000000E+00
   8.3427724E-04   1.1153913E+06   1.1153913E+06   1.2845890E+06   1.0121216E+04   9.3871615E+02   1.1153442E+06   1.1153913E+06   1.1152692E+06   0.0000000E+00   0.0000000E+00   0.0000000E+00   0.0000000E+00
   8.9652085E-04   1.1147807E+06   1.1147807E+06   1.2548943E+06   9.9701326E+03   8.7294223E+02   1.1146604E+06   1.1147807E+06   1.1145855E+06   0.0000000E+00   0.0000000E+00   0.0000000E+00   0.0000000E+00
   9.6340833E-04   1.1140805E+06   1.1140805E+06   1.2213933E+06   9.7985967E+03   8.0084831E+02   1.1138772E+06   1.1140805E+06   1.1138023E+06   0.0000000E+00   0.0000000E+00   0.0000000E+00   0.0000000E+00
   1.0352861E-03   1.1132783E+06   1.1132783E+06   1.1837381E+06   9.6043549E+03   7.2256583E+02   1.1129811E+06   1.1132783E+06   1.1129064E+06   0.0000000E+00   0.0000000E+00   0.0000000E+00   0.0000000E+00
   1.1125266E-03   1.1123603E+06   1.1123603E+06   1.1415955E+06   9.3850766E+03   6.3852821E+02   1.1119575E+06   1.1123603E+06   1.1118828E+06   0.0000000E+00   0.0000000E+00   0.0000000E+00   0.0000000E+00
   1.1955298E-03   1.1113112E+06   1.1113112E+06   1.0946674E+06   9.1384150E+03   5.4956935E+02   1.1107899E+06   1.1113112E+06   1.1107153E+06   0.0000000E+00   0.0000000E+00   0.0000000E+00   0.0000000E+00
   1.2847257E-03   1.1101141E+06   1.1101141E+06   1.0427161E+06   8.8620941E+03   4.5703587E+02   1.1094606E+06   1.1101141E+06   1.1093861E+06   0.0000000E+00   0.0000000E+00   0.0000000E+00   0.0000000E+00
   1.3805762E-03   1.1087505E+06   1.1087505E+06   9.8559749E+05   8.5540281E+03   3.6290744E+02   1.1079501E+06   1.1087505E+06   1.1078757E+06   0.0000000E+00   0.0000000E+00   0.0000000E+00   0.0000000E+00
   1.4835780E-03   1.1072003E+06   1.1072003E+06   9.2330080E+05   8.2124763E+03   2.6991393E+02   1.1062378E+06   1.1072003E+06   1.1061635E+06   0.0000000E+00   0.0000000E+00   0.0000000E+00   0.0000000E+00
   1.5942646E-03   1.1054418E+06   1.1054418E+06   8.5599614E+05   7.8362413E+03   1.8163005E+02   1.1043017E+06   1.1054418E+06   1.1042276E+06   0.0000000E+00   0.0000000E+00   0.0000000E+00   0.0000000E+00
   1.7132092E-03   1.1034518E+06   1.1034518E+06   7.8408720E+05   7.4249087E+03   1.0251775E+02   1.1021189E+06   1.1034518E+06   1.1020449E+06   0.0000000E+00   0.0000000E+00   0.0000000E+00   0.0000000E+00
   1.8410280E-03   1.1012062E+06   1.1012062E+06   7.0826618E+05   6.9791287E+03   3.7873222E+01   1.0996660E+06   1.1012062E+06   1.0995921E+06   0.0000000E+00   0.0000000E+00   0.0000000E+00   0.0000000E+00
   1.9783831E-03   1.0986798E+06   1.0986798E+06   6.2956494E+05   6.5009283E+03   -6.3782954E+00   1.0969191E+06   1.0986798E+06   1.0968455E+06   0.0000000E+00   0.0000000E+00   0.0000000E+00   0.0000000E+00
   2.1259860E-03   1.0958469E+06   1.0958469E+06   5.4939279E+05   5.9940317E+03   -2.4108016E+01   1.0938553E+06   1.0958469E+06   1.0937818E+06   0.0000000E+00   0.0000000E+00   0.0000000E+00   0.0000000E+00
   2.2846012E-03   1.0926819E+06   1.0926819E+06   4.6954748E+05   5.4641551E+03   -9.6997694E+00   1.0904521E+06   1.0926819E+06   1.0903789E+06   0.0000000E+00   0.0000000E+00   0.0000000E+00   0.0000000E+00
   2.4550503E-03   1.0891597E+06   1.0891597E+06   3.9218210E+05   4.9192175E+03   4.0891507E+01   1.0866890E+06   1.0891597E+06   1.0866161E+06   0.0000000E+00   0.0000000E+00   0.0000000E+00   0.0000000E+00
   2.6382163E-03   1.0852562E+06   1.0852562E+06   3.1970774E+05   4.3693933E+03   1.2874152E+02   1.0825473E+06   1.0852562E+06   1.0824746E+06   0.0000000E+00   0.0000000E+00   0.0000000E+00   0.0000000E+00
   2.8350479E-03   1.0809485E+06   1.0809485E+06   2.5461327E+05   3.8269122E+03   2.5033033E+02   1.0780106E+06   1.0809485E+06   1.0779382E+06   0.0000000E+00   0.0000000E+00   0.0000000E+00   0.0000000E+00
   3.0465646E-03   1.0762153E+06   1.0762153E+06   1.9919093E+05   3.3055040E+03   3.9597783E+02   1.0730643E+06   1.0762153E+06   1.0729922E+06   0.0000000E+00   0.0000000E+00   0.0000000E+00   0.0000000E+00
   3.2738622E-03   1.0710367E+06   1.0710367E+06   1.5517557E+05   2.8194048E+03   5.4887409E+02   1.0676951E+06   1.0710367E+06   1.0676234E+06   0.0000000E+00   0.0000000E+00   0.0000000E+00   0.0000000E+00
   3.5181179E-03   1.0653934E+06   1.0653934E+06   1.2333712E+05   2.3818968E+03   6.8549627E+02   1.0618893E+06   1.0653934E+06   1.0618180E+06   0.0000000E+00   0.0000000E+00   0.0000000E+00   0.0000000E+00
   3.7805971E-03   1.0592656E+06   1.0592656E+06   1.0311133E+05   2.0034646E+03   7.7835172E+02   1.0556307E+06   1.0592656E+06   1.0555598E+06   0.0000000E+00   0.0000000E+00   0.0000000E+00   0.0000000E+00
   4.0626592E-03   1.0526318E+06   1.0526318E+06   9.2403183E+04   1.6898277E+03   8.0178906E+02   1.0488983E+06   1.0526318E+06   1.0488279E+06   0.0000000E+00   0.0000000E+00   0.0000000E+00   0.0000000E+00
   4.3657654E-03   1.0454665E+06   1.0454665E+06   8.7728291E+04   1.4403148E+03   7.4076569E+02   1.0416638E+06   1.0454665E+06   1.0415938E+06   0.0000000E+00   0.0000000E+00   0.0000000E+00   0.0000000E+00
   4.6914857E-03   1.0377399E+06   1.0377399E+06   8.4831261E+04   1.2472315E+03   6.0070517E+02   1.0338907E+06   1.0377399E+06   1.0338212E+06   0.0000000E+00   0.0000000E+00   0.0000000E+00   0.0000000E+00
   5.0415072E-03   1.0294169E+06   1.0294169E+06   7.9791768E+04   1.0968862E+03   4.1410367E+02   1.0255353E+06   1.0294169E+06   1.0254664E+06   0.0000000E+00   0.0000000E+00   0.0000000E+00   0.0000000E+00
   5.4176431E-03   1.0204591E+06   1.0204591E+06   7.0374996E+04   9.7262939E+02   2.3748807E+02   1.0165501E+06   1.0204591E+06   1.0164818E+06   0.0000000E+00   0.0000000E+00   0.0000000E+00   0.0000000E+00
   5.8218417E-03   1.0108272E+06   1.0108272E+06   5.7061357E+04   8.5949387E+02   1.3316087E+02   1.0068899E+06   1.0108272E+06   1.0068223E+06   0.0000000E+00   0.0000000E+00   0.0000000E+00   0.0000000E+00
   6.2561967E-03   1.0004850E+06   1.0004850E+06   4.2996281E+04   7.4892580E+02   1.3698574E+02   9.9651733E+05   1.0004850E+06   9.9645034E+05   0.0000000E+00   0.0000000E+00   0.0000000E+00   0.0000000E+00
   6.7229580E-03   9.8940154E+05   9.8940154E+05   3.2356451E+04   6.4119457E+02   2.2698820E+02   9.8540634E+05   9.8940154E+05   9.8534009E+05   0.0000000E+00   0.0000000E+00   0.0000000E+00   0.0000000E+00
   7.2245432E-03   9.7755116E+05   9.7755116E+05   2.7573311E+04   5.4334300E+02   3.2075871E+02   9.7353876E+05   9.7755116E+05   9.7347329E+05   0.0000000E+00   0.0000000E+00   0.0000000E+00   0.0000000E+00
   7.7635507E-03   9.6490911E+05   9.6490911E+05   2.7192303E+04   4.6280986E+02   3.2485081E+02   9.6089550E+05   9.6490911E+05   9.6083087E+05   0.0000000E+00   0.0000000E+00   0.0000000E+00   0.0000000E+00
   8.3427724E-03   9.5144679E+05   9.5144679E+05   2.6664885E+04   4.0055545E+02   2.1894820E+02   9.4744733E+05   9.5144679E+05   9.4738358E+05   0.0000000E+00   0.0000000E+00   0.0000000E+00   0.0000000E+00
   8.9652085E-03   9.3712994E+05   9.3712994E+05   2.2493472E+04   3.4965022E+02   9.6691119E+01   9.3315367E+05   9.3712994E+05   9.3309088E+05   0.0000000E+00   0.0000000E+00   0.0000000E+00   0.0000000E+00
   9.6340833E-03   9.2192276E+05   9.2192276E+05   1.6146259E+04   3.0182614E+02   8.0463029E+01   9.1797289E+05   9.2192276E+05   9.1791110E+05   0.0000000E+00   0.0000000E+00   0.0000000E+00   0.0000000E+00
   1.0352861E-02   9.0579430E+05   9.0579430E+05   1.2384375E+04   2.5580695E+02   1.6062348E+02   9.0187481E+05   9.0579430E+05   9.0181410E+05   0.0000000E+00   0.0000000E+00   0.0000000E+00   0.0000000E+00
   1.1125266E-02   8.8871908E+05   8.8871908E+05   1.2477373E+04   2.1676855E+02   1.8336901E+02   8.8483993E+05   8.8871908E+05   8.8478036E+05   0.0000000E+00   0.0000000E+00   0.0000000E+00   0.0000000E+00
   1.1955298E-02   8.7067072E+05   8.7067072E+05   1.1979592E+04   1.8662118E+02   9.0031016E+01   8.6684458E+05   8.7067072E+05   8.6678621E+05   0.0000000E+00   0.0000000E+00   0.0000000E+00   0.0000000E+00
   1.2847257E-02   8.5161926E+05   8.5161926E+05   8.5858274E+03   1.6030087E+02   4.4061873E+01   8.4785443E+05   8.5161926E+05   8.4779733E+05   0.0000000E+00   0.0000000E+00   0.0000000E+00   0.0000000E+00
   1.3805762E-02   8.3153855E+05   8.3153855E+05   6.5551391E+03   1.3517689E+02   1.0940244E+02   8.2783953E+05   8.3153855E+05   8.2778377E+05   0.0000000E+00   0.0000000E+00   0.0000000E+00   0.0000000E+00
   1.4835780E-02   8.1041045E+05   8.1041045E+05   6.9844749E+03   1.1462474E+02   9.2571347E+01   8.0678440E+05   8.1041045E+05   8.0673006E+05   0.0000000E+00   0.0000000E+00   0.0000000E+00   0.0000000E+00
   1.5942646E-02   7.8821946E+05   7.8821946E+05   5.4426573E+03   9.7972162E+01   2.5175578E+01   7.8467629E+05   7.8821946E+05   7.8462344E+05   0.0000000E+00   0.0000000E+00   0.0000000E+00   0.0000000E+00
   1.7132092E-02   7.6495607E+05   7.6495607E+05   3.9667483E+03   8.2234571E+01   7.4680359E+01   7.6150340E+05   7.6495607E+05   7.6145210E+05   0.0000000E+00   0.0000000E+00   0.0000000E+00   0.0000000E+00
   1.8410280E-02   7.4062534E+05   7.4062534E+05   4.2182034E+03   6.9560432E+01   4.6802998E+01   7.3726873E+05   7.4062534E+05   7.3721906E+05   0.0000000E+00   0.0000000E+00   0.0000000E+00   0.0000000E+00
   1.9783831E-02   7.1524445E+05   7.1524445E+05   2.8406477E+03   5.8681883E+01   2.7243651E+01   7.1199133E+05   7.1524445E+05   7.1194336E+05   0.0000000E+00   0.0000000E+00   0.0000000E+00   0.0000000E+00
   2.1259859E-02   6.8885046E+05   6.8885046E+05   2.7768442E+03   4.9018305E+01   5.0853776E+01   6.8570821E+05   6.8885046E+05   6.8566201E+05   0.0000000E+00   0.0000000E+00   0.0000000E+00   0.0000000E+00
   2.2846008E-02   6.6150661E+05   6.6150661E+05   2.0664076E+03   4.1282053E+01   1.3607785E+01   6.5848009E+05   6.6150661E+05   6.5843572E+05   0.0000000E+00   0.0000000E+00   0.0000000E+00   0.0000000E+00
   2.4550482E-02   6.3330609E+05   6.3330609E+05   1.9093573E+03   3.4275680E+01   3.7063951E+01   6.3040185E+05   6.3330609E+05   6.3035937E+05   0.0000000E+00   0.0000000E+00   0.0000000E+00   0.0000000E+00
   2.6382052E-02   6.0438223E+05   6.0438223E+05   1.3642217E+03   2.8635375E+01   1.4670201E+01   6.0160402E+05   6.0438223E+05   6.0156349E+05   0.0000000E+00   0.0000000E+00   0.0000000E+00   0.0000000E+00
   2.8349976E-02   5.7491401E+05   5.7491401E+05   1.3421904E+03   2.3730183E+01   1.5519827E+01   5.7226653E+05   5.7491401E+05   5.7222797E+05   0.0000000E+00   0.0000000E+00   0.0000000E+00   0.0000000E+00
   3.0463650E-02   5.4513710E+05   5.4513710E+05   9.6390847E+02   1.9567138E+01   2.4029563E+01   5.4262196E+05   5.4513710E+05   5.4258539E+05   0.0000000E+00   0.0000000E+00   0.0000000E+00   0.0000000E+00
   3.2731645E-02   5.1535526E+05   5.1535526E+05   7.7281924E+02   1.6193714E+01   6.0852503E+00   5.1297398E+05   5.1535526E+05   5.1293941E+05   0.0000000E+00   0.0000000E+00   0.0000000E+00   0.0000000E+00
   3.5159541E-02   4.8595406E+05   4.8595406E+05   7.1389101E+02   1.3292435E+01   5.2514402E+00   4.8370572E+05   4.8595406E+05   4.8367313E+05   0.0000000E+00   0.0000000E+00   0.0000000E+00   0.0000000E+00
   3.7746072E-02   4.5741022E+05   4.5741022E+05   5.9507509E+02   1.0880204E+01   1.1532269E+01   4.5529122E+05   4.5741022E+05   4.5526053E+05   0.0000000E+00   0.0000000E+00   0.0000000E+00   0.0000000E+00
   4.0478046E-02   4.3027537E+05   4.3027537E+05   4.5747480E+02   8.9219793E+00   1.2321319E+01   4.2827994E+05   4.3027537E+05   4.2825108E+05   0.0000000E+00   0.0000000E+00   0.0000000E+00   0.0000000E+00
   4.3326746E-02   4.0510778E+05   4.0510778E+05   3.5138489E+02   7.3407587E+00   9.5201134E+00   4.0322743E+05   4.0510778E+05   4.0320025E+05   0.0000000E+00   0.0000000E+00   0.0000000E+00   0.0000000E+00
   4.6250371E-02   3.8234743E+05   3.8234743E+05   2.8090695E+02   6.0722241E+00   6.3510014E+00   3.8057141E+05   3.8234743E+05   3.8054577E+05   0.0000000E+00   0.0000000E+00   0.0000000E+00   0.0000000E+00
   4.9204214E-02   3.6219091E+05   3.6219091E+05   2.3516043E+02   5.0642950E+00   3.7484046E+00   3.6050739E+05   3.6219091E+05   3.6048309E+05   0.0000000E+00   0.0000000E+00   0.0000000E+00   0.0000000E+00
   5.2152964E-02   3.4455287E+05   3.4455287E+05   2.0431275E+02   4.2669577E+00   1.8435040E+00   3.4295041E+05   3.4455287E+05   3.4292729E+05   0.0000000E+00   0.0000000E+00   0.0000000E+00   0.0000000E+00
   5.5077081E-02   3.2913435E+05   3.2913435E+05   1.8151932E+02   3.6321621E+00   8.0981041E-01   3.2760289E+05   3.2913435E+05   3.2758081E+05   0.0000000E+00   0.0000000E+00   0.0000000E+00   0.0000000E+00
   5.7971499E-02   3.1553503E+05   3.1553503E+05   1.6258790E+02   3.1214086E+00   6.9727696E-01   3.1406627E+05   3.1553503E+05   3.1404510E+05   0.0000000E+00   0.0000000E+00   0.0000000E+00   0.0000000E+00
   6.0840700E-02   3.0334337E+05   3.0334337E+05   1.4569170E+02   2.7050700E+00   1.2569710E+00   3.0193089E+05   3.0334337E+05   3.0191054E+05   0.0000000E+00   0.0000000E+00   0.0000000E+00   0.0000000E+00
   6.3694041E-02   2.9218598E+05   2.9218598E+05   1.3026936E+02   2.3619545E+00   1.9363011E+00   2.9082502E+05   2.9218598E+05   2.9080542E+05   0.0000000E+00   0.0000000E+00   0.0000000E+00   0.0000000E+00
   6.6542681E-02   2.8174686E+05   2.8174686E+05   1.1563259E+02   2.0765570E+00   2.3833948E+00   2.8043415E+05   2.8174686E+05   2.8041525E+05   0.0000000E+00   0.0000000E+00   0.0000000E+00   0.0000000E+00
   6.9397935E-02   2.7177135E+05   2.7177135E+05   1.0081597E+02   1.8354651E+00   2.6774362E+00   2.7050483E+05   2.7177135E+05   2.7048660E+05   0.0000000E+00   0.0000000E+00   0.0000000E+00   0.0000000E+00
   7.2270540E-02   2.6206440E+05   2.6206440E+05   8.5842527E+01   1.6291494E+00   2.7761499E+00   2.6084288E+05   2.6206440E+05   2.6082530E+05   0.0000000E+00   0.0000000E+00   0.0000000E+00   0.0000000E+00
   7.5170408E-02   2.5248732E+05   2.5248732E+05   7.2350501E+01   1.4509771E+00   2.4377267E+00   2.5131022E+05   2.5248732E+05   2.5129328E+05   0.0000000E+00   0.0000000E+00   0.0000000E+00   0.0000000E+00
   7.8106606E-02   2.4295437E+05   2.4295437E+05   6.2128188E+01   1.2959528E+00   1.6202772E+00   2.4182151E+05   2.4295437E+05   2.4180522E+05   0.0000000E+00   0.0000000E+00   0.0000000E+00   0.0000000E+00
   8.1087445E-02   2.3342933E+05   2.3342933E+05   5.5336985E+01   1.1600804E+00   6.6375707E-01   2.3234070E+05   2.3342933E+05   2.3232504E+05   0.0000000E+00   0.0000000E+00   0.0000000E+00   0.0000000E+00
   8.4120588E-02   2.2392119E+05   2.2392119E+05   5.0622682E+01   1.0397125E+00   -3.1974144E-03   2.2287676E+05   2.2392119E+05   2.2286174E+05   0.0000000E+00   0.0000000E+00   0.0000000E+00   0.0000000E+00
   8.7213172E-02   2.1447873E+05   2.1447873E+05   4.6503350E+01   9.3232297E-01   -2.6572101E-01   2.1347821E+05   2.1447873E+05   2.1346382E+05   0.0000000E+00   0.0000000E+00   0.0000000E+00   0.0000000E+00
   9.0371910E-02   2.0518304E+05   2.0518304E+05   4.2248290E+01   8.3622385E-01   -2.6782836E-01   2.0422577E+05   2.0518304E+05   2.0421201E+05   0.0000000E+00   0.0000000E+00   0.0000000E+00   0.0000000E+00
   9.3603184E-02   1.9613794E+05   1.9613794E+05   3.7793866E+01   7.5000646E-01   -1.7490636E-01   1.9522277E+05   1.9613794E+05   1.9520961E+05   0.0000000E+00   0.0000000E+00   0.0000000E+00   0.0000000E+00
   9.6913126E-02   1.8745813E+05   1.8745813E+05   3.3331184E+01   6.7260365E-01   -7.3756092E-02   1.8658337E+05   1.8745813E+05   1.8657079E+05   0.0000000E+00   0.0000000E+00   0.0000000E+00   0.0000000E+00
   1.0030767E-01   1.7925557E+05   1.7925557E+05   2.9087652E+01   6.0311914E-01   5.1222130E-02   1.7841900E+05   1.7925557E+05   1.7840697E+05   0.0000000E+00   0.0000000E+00   0.0000000E+00   0.0000000E+00
   1.0379263E-01   1.7162484E+05   1.7162484E+05   2.5360623E+01   5.4071694E-01   2.7263026E-01   1.7082381E+05   1.7162484E+05   1.7081230E+05   0.0000000E+00   0.0000000E+00   0.0000000E+00   0.0000000E+00
   1.0737371E-01   1.6462902E+05   1.6462902E+05   2.2598160E+01   4.8472454E-01   6.0783082E-01   1.6386058E+05   1.6462902E+05   1.6384953E+05   0.0000000E+00   0.0000000E+00   0.0000000E+00   0.0000000E+00
   1.1105656E-01   1.5828764E+05   1.5828764E+05   2.1180178E+01   4.3463574E-01   8.9277023E-01   1.5754874E+05   1.5828764E+05   1.5753812E+05   0.0000000E+00   0.0000000E+00   0.0000000E+00   0.0000000E+00
   1.1484681E-01   1.5256892E+05   1.5256892E+05   2.0655772E+01   3.9001284E-01   7.8688544E-01   1.5185666E+05   1.5256892E+05   1.5184642E+05   0.0000000E+00   0.0000000E+00   0.0000000E+00   0.0000000E+00
   1.1875006E-01   1.4738810E+05   1.4738810E+05   1.9280751E+01   3.5034379E-01   2.0239229E-01   1.4669997E+05   1.4738810E+05   1.4669009E+05   0.0000000E+00   0.0000000E+00   0.0000000E+00   0.0000000E+00
   1.2277195E-01   1.4261358E+05   1.4261358E+05   1.6052417E+01   3.1493708E-01   -1.3933989E-01   1.4194771E+05   1.4261358E+05   1.4193814E+05   0.0000000E+00   0.0000000E+00   0.0000000E+00   0.0000000E+00
   1.2691812E-01   1.3808147E+05   1.3808147E+05   1.3694416E+01   2.8318391E-01   3.5385396E-01   1.3743672E+05   1.3808147E+05   1.3742745E+05   0.0000000E+00   0.0000000E+00   0.0000000E+00   0.0000000E+00
   1.3119427E-01   1.3361765E+05   1.3361765E+05   1.3901472E+01   2.5489726E-01   4.6447075E-01   1.3299370E+05   1.3361765E+05   1.3298474E+05   0.0000000E+00   0.0000000E+00   0.0000000E+00   0.0000000E+00
   1.3560613E-01   1.2906517E+05   1.2906517E+05   1.2097349E+01   2.2968335E-01   -2.2876313E-02   1.2846245E+05   1.2906517E+05   1.2845379E+05   0.0000000E+00   0.0000000E+00   0.0000000E+00   0.0000000E+00
   1.4015950E-01   1.2431241E+05   1.2431241E+05   1.0393118E+01   2.0688320E-01   4.2925637E-01   1.2373187E+05   1.2431241E+05   1.2372353E+05   0.0000000E+00   0.0000000E+00   0.0000000E+00   0.0000000E+00
   1.4486023E-01   1.1931656E+05   1.1931656E+05   1.0277326E+01   1.8643984E-01   -2.1148686E-02   1.1875931E+05   1.1931656E+05   1.1875131E+05   0.0000000E+00   0.0000000E+00   0.0000000E+00   0.0000000E+00
   1.4971425E-01   1.1411601E+05   1.1411601E+05   8.2294917E+00   1.6772488E-01   3.4705369E-01   1.1358303E+05   1.1411601E+05   1.1357538E+05   0.0000000E+00   0.0000000E+00   0.0000000E+00   0.0000000E+00
   1.5472754E-01   1.0882680E+05   1.0882680E+05   8.1226390E+00   1.5087155E-01   -5.0045202E-02   1.0831850E+05   1.0882680E+05   1.0831120E+05   0.0000000E+00   0.0000000E+00   0.0000000E+00   0.0000000E+00
   1.5990619E-01   1.0362040E+05   1.0362040E+05   6.8952885E+00   1.3541784E-01   3.2218889E-01   1.0313640E+05   1.0362040E+05   1.0312945E+05   0.0000000E+00   0.0000000E+00   0.0000000E+00   0.0000000E+00
   1.6525634E-01   9.8685215E+04   9.8685215E+04   5.9245687E+00   1.2146696E-01   6.3164247E-02   9.8224251E+04   9.8685215E+04   9.8217631E+04   0.0000000E+00   0.0000000E+00   0.0000000E+00   0.0000000E+00
   1.7078426E-01   9.4178862E+04   9.4178862E+04   5.7077706E+00   1.0885891E-01   -4.9126969E-02   9.3738930E+04   9.4178862E+04   9.3732613E+04   0.0000000E+00   0.0000000E+00   0.0000000E+00   0.0000000E+00
   1.7649628E-01   9.0183416E+04   9.0183416E+04   5.1472179E+00   9.7483591E-02   1.1938699E-01   8.9762137E+04   9.0183416E+04   8.9756087E+04   0.0000000E+00   0.0000000E+00   0.0000000E+00   0.0000000E+00
   1.8239887E-01   8.6677599E+04   8.6677599E+04   4.5014227E+00   8.7314007E-02   2.3311469E-01   8.6272684E+04   8.6677599E+04   8.6266870E+04   0.0000000E+00   0.0000000E+00   0.0000000E+00   0.0000000E+00
   1.8849861E-01   8.3537802E+04   8.3537802E+04   3.9721122E+00   7.8291210E-02   1.8462888E-01   8.3147543E+04   8.3537802E+04   8.3141939E+04   0.0000000E+00   0.0000000E+00   0.0000000E+00   0.0000000E+00
   1.9480224E-01   8.0572417E+04   8.0572417E+04   3.5515829E+00   7.0244103E-02   1.6346251E-01   8.0196002E+04   8.0572417E+04   8.0190597E+04   0.0000000E+00   0.0000000E+00   0.0000000E+00   0.0000000E+00
   2.0131664E-01   7.7582677E+04   7.7582677E+04   3.2128764E+00   6.3054103E-02   1.7418942E-01   7.7220221E+04   7.7582677E+04   7.7215016E+04   0.0000000E+00   0.0000000E+00   0.0000000E+00   0.0000000E+00
   2.0804888E-01   7.4431296E+04   7.4431296E+04   2.9444776E+00   5.6605683E-02   1.7286062E-01   7.4083553E+04   7.4431296E+04   7.4078561E+04   0.0000000E+00   0.0000000E+00   0.0000000E+00   0.0000000E+00
   2.1500626E-01   7.1093060E+04   7.1093060E+04   2.7166862E+00   5.0786036E-02   1.2110512E-01   7.0760907E+04   7.1093060E+04   7.0756138E+04   0.0000000E+00   0.0000000E+00   0.0000000E+00   0.0000000E+00
   2.2219631E-01   6.7663945E+04   6.7663945E+04   2.4146395E+00   4.5516303E-02   7.6144610E-03   6.7347807E+04   6.7663945E+04   6.7343268E+04   0.0000000E+00   0.0000000E+00   0.0000000E+00   0.0000000E+00
   2.2962685E-01   6.4319485E+04   6.4319485E+04   2.0268822E+00   4.0730031E-02   8.8659040E-03   6.4018966E+04   6.4319485E+04   6.4014652E+04   0.0000000E+00   0.0000000E+00   0.0000000E+00   0.0000000E+00
   2.3730606E-01   6.1235468E+04   6.1235468E+04   1.8720241E+00   3.6405562E-02   1.1101187E-01   6.0949354E+04   6.1235468E+04   6.0945246E+04   0.0000000E+00   0.0000000E+00   0.0000000E+00   0.0000000E+00
   2.4524248E-01   5.8505117E+04   5.8505117E+04   1.6736607E+00   3.2550988E-02   -1.7581623E-02   5.8231756E+04   5.8505117E+04   5.8227831E+04   0.0000000E+00   0.0000000E+00   0.0000000E+00   0.0000000E+00
   2.5344512E-01   5.6094420E+04   5.6094420E+04   1.4980441E+00   2.9104865E-02   6.5490086E-02   5.5832318E+04   5.6094420E+04   5.5828555E+04   0.0000000E+00   0.0000000E+00   0.0000000E+00   0.0000000E+00
   2.6192351E-01   5.3862897E+04   5.3862897E+04   1.3181270E+00   2.6049154E-02   -8.6497537E-03   5.3611218E+04   5.3862897E+04   5.3607605E+04   0.0000000E+00   0.0000000E+00   0.0000000E+00   0.0000000E+00
   2.7068778E-01   5.1643303E+04   5.1643303E+04   1.2327842E+00   2.3319076E-02   2.0648543E-02   5.1401993E+04   5.1643303E+04   5.1398529E+04   0.0000000E+00   0.0000000E+00   0.0000000E+00   0.0000000E+00
   2.7974878E-01   4.9337224E+04   4.9337224E+04   1.1000836E+00   2.0869944E-02   4.2414340E-02   4.9106686E+04   4.9337224E+04   4.9103376E+04   0.0000000E+00   0.0000000E+00   0.0000000E+00   0.0000000E+00
   2.8911814E-01   4.6967981E+04   4.6967981E+04   9.7161272E-01   1.8660378E-02   3.1593342E-02   4.6748511E+04   4.6967981E+04   4.6745361E+04   0.0000000E+00   0.0000000E+00   0.0000000E+00   0.0000000E+00
   2.9880846E-01   4.4654157E+04   4.4654157E+04   8.6592747E-01   1.6663661E-02   2.9530232E-02   4.4445496E+04   4.4654157E+04   4.4442501E+04   0.0000000E+00   0.0000000E+00   0.0000000E+00   0.0000000E+00
   3.0883338E-01   4.2519027E+04   4.2519027E+04   7.7393446E-01   1.4871670E-02   1.2579189E-02   4.2320341E+04   4.2519027E+04   4.2317489E+04   0.0000000E+00   0.0000000E+00   0.0000000E+00   0.0000000E+00
   3.1920781E-01   4.0600007E+04   4.0600007E+04   6.8189763E-01   1.3271317E-02   7.0294357E-03   4.0410286E+04   4.0600007E+04   4.0407563E+04   0.0000000E+00   0.0000000E+00   0.0000000E+00   0.0000000E+00
   3.2994808E-01   3.8827410E+04   3.8827410E+04   6.0299627E-01   1.1846766E-02   1.7365463E-02   3.8645971E+04   3.8827410E+04   3.8643366E+04   0.0000000E+00   0.0000000E+00   0.0000000E+00   0.0000000E+00
   3.4107219E-01   3.7089963E+04   3.7089963E+04   5.5288806E-01   1.0576235E-02   -5.0873090E-04   3.6916642E+04   3.7089963E+04   3.6914154E+04   0.0000000E+00   0.0000000E+00   0.0000000E+00   0.0000000E+00
   3.5260004E-01   3.5330817E+04   3.5330817E+04   4.8169752E-01   9.4335599E-03   2.5603665E-02   3.5165715E+04   3.5330817E+04   3.5163345E+04   0.0000000E+00   0.0000000E+00   0.0000000E+00   0.0000000E+00
   3.6455380E-01   3.3587425E+04   3.3587425E+04   4.3233993E-01   8.4068362E-03   4.1734160E-03   3.3430469E+04   3.3587425E+04   3.3428215E+04   0.0000000E+00   0.0000000E+00   0.0000000E+00   0.0000000E+00
   3.7695821E-01   3.1939201E+04   3.1939201E+04   3.8766026E-01   7.4839932E-03   -4.1878019E-03   3.1789946E+04   3.1939201E+04   3.1787803E+04   0.0000000E+00   0.0000000E+00   0.0000000E+00   0.0000000E+00
   3.8984108E-01   3.0419036E+04   3.0419036E+04   3.4491486E-01   6.6580936E-03   5.9201972E-04   3.0276883E+04   3.0419036E+04   3.0274843E+04   0.0000000E+00   0.0000000E+00   0.0000000E+00   0.0000000E+00
   4.0323380E-01   2.8983975E+04   2.8983975E+04   3.0488297E-01   5.9216474E-03   2.8344690E-03   2.8848528E+04   2.8983975E+04   2.8846583E+04   0.0000000E+00   0.0000000E+00   0.0000000E+00   0.0000000E+00
   4.1717200E-01   2.7573927E+04   2.7573927E+04   2.7069041E-01   5.2627081E-03   9.2614616E-03   2.7445068E+04   2.7573927E+04   2.7443219E+04   0.0000000E+00   0.0000000E+00   0.0000000E+00   0.0000000E+00
   4.3169634E-01   2.6182220E+04   2.6182220E+04   2.4079786E-01   4.6709163E-03   2.1517989E-03   2.6059865E+04   2.6182220E+04   2.6058108E+04   0.0000000E+00   0.0000000E+00   0.0000000E+00   0.0000000E+00
   4.4685352E-01   2.4848719E+04   2.4848719E+04   2.1379978E-01   4.1389654E-03   1.2287388E-02   2.4732595E+04   2.4848719E+04   2.4730928E+04   0.0000000E+00   0.0000000E+00   0.0000000E+00   0.0000000E+00
   4.6269746E-01   2.3592777E+04   2.3592777E+04   1.8890712E-01   3.6637575E-03   3.1710542E-03   2.3482521E+04   2.3592777E+04   2.3480939E+04   0.0000000E+00   0.0000000E+00   0.0000000E+00   0.0000000E+00
   4.7929090E-01   2.2387451E+04   2.2387451E+04   1.6729457E-01   3.2383592E-03   4.7863658E-03   2.2282827E+04   2.2387451E+04   2.2281325E+04   0.0000000E+00   0.0000000E+00   0.0000000E+00   0.0000000E+00
   4.9670728E-01   2.1207773E+04   2.1207773E+04   1.4702960E-01   2.8572433E-03   4.3645915E-03   2.1108662E+04   2.1207773E+04   2.1107239E+04   0.0000000E+00   0.0000000E+00   0.0000000E+00   0.0000000E+00
   5.1503324E-01   2.0065179E+04   2.0065179E+04   1.2974531E-01   2.5152213E-03   -1.3166491E-03   1.9971407E+04   2.0065179E+04   1.9970061E+04   0.0000000E+00   0.0000000E+00   0.0000000E+00   0.0000000E+00
   5.3437176E-01   1.8972556E+04   1.8972556E+04   1.1386494E-01   2.2085843E-03   1.6439677E-03   1.8883891E+04   1.8972556E+04   1.8882618E+04   0.0000000E+00   0.0000000E+00   0.0000000E+00   0.0000000E+00
   5.5484621E-01   1.7916036E+04   1.7916036E+04   9.9562047E-02   1.9342398E-03   4.7323631E-03   1.7832307E+04   1.7916036E+04   1.7831106E+04   0.0000000E+00   0.0000000E+00   0.0000000E+00   0.0000000E+00
   5.7660559E-01   1.6885605E+04   1.6885605E+04   8.6967631E-02   1.6884011E-03   -1.0716880E-03   1.6806692E+04   1.6885605E+04   1.6805559E+04   0.0000000E+00   0.0000000E+00   0.0000000E+00   0.0000000E+00
   5.9983122E-01   1.5888051E+04   1.5888051E+04   7.5573274E-02   1.4680386E-03   -1.2507016E-03   1.5813800E+04   1.5888051E+04   1.5812734E+04   0.0000000E+00   0.0000000E+00   0.0000000E+00   0.0000000E+00
   6.2474545E-01   1.4919740E+04   1.4919740E+04   6.5466739E-02   1.2704919E-03   4.7472272E-03   1.4850014E+04   1.4919740E+04   1.4849013E+04   0.0000000E+00   0.0000000E+00   0.0000000E+00   0.0000000E+00
   6.5162251E-01   1.3973528E+04   1.3973528E+04   5.6341243E-02   1.0939126E-03   -7.7525184E-04   1.3908224E+04   1.3973528E+04   1.3907286E+04   0.0000000E+00   0.0000000E+00   0.0000000E+00   0.0000000E+00
   6.8080197E-01   1.3050720E+04   1.3050720E+04   4.8213565E-02   9.3595139E-04   -1.0007364E-03   1.2989728E+04   1.3050720E+04   1.2988853E+04   0.0000000E+00   0.0000000E+00   0.0000000E+00   0.0000000E+00
   7.1270419E-01   1.2147307E+04   1.2147307E+04   4.0945249E-02   7.9486074E-04   3.6832305E-03   1.2090537E+04   1.2147307E+04   1.2089722E+04   0.0000000E+00   0.0000000E+00   0.0000000E+00   0.0000000E+00
   7.4784593E-01   1.1261581E+04   1.1261581E+04   3.4476997E-02   6.6933833E-04   6.2068138E-04   1.1208950E+04   1.1261581E+04   1.1208195E+04   0.0000000E+00   0.0000000E+00   0.0000000E+00   0.0000000E+00
   7.8685112E-01   1.0392568E+04   1.0392568E+04   2.8742467E-02   5.5793987E-04   -1.8221619E-04   1.0343999E+04   1.0392568E+04   1.0343302E+04   0.0000000E+00   0.0000000E+00   0.0000000E+00   0.0000000E+00
   8.3044651E-01   9.5404454E+03   9.5404454E+03   2.3687821E-02   4.5980650E-04   2.3199282E-03   9.4958581E+03   9.5404454E+03   9.4952181E+03   0.0000000E+00   0.0000000E+00   0.0000000E+00   0.0000000E+00
   8.7942565E-01   8.7076523E+03   8.7076523E+03   1.9278836E-02   3.7421347E-04   1.8290180E-03   8.6669569E+03   8.7076523E+03   8.6663728E+03   0.0000000E+00   0.0000000E+00   0.0000000E+00   0.0000000E+00
   9.3456460E-01   7.8996675E+03   7.8996675E+03   1.5487155E-02   3.0064472E-04   -2.9688739E-04   7.8627481E+03   7.8996675E+03   7.8622182E+03   0.0000000E+00   0.0000000E+00   0.0000000E+00   0.0000000E+00
   9.9649364E-01   7.1248674E+03   7.1248674E+03   1.2285942E-02   2.3850662E-04   -5.4335461E-04   7.0915690E+03   7.1248674E+03   7.0910910E+03   0.0000000E+00   0.0000000E+00   0.0000000E+00   0.0000000E+00
   1.0655789E+00   6.3931892E+03   6.3931892E+03   9.6410681E-03   1.8715796E-04   -3.6499821E-04   6.3633103E+03   6.3931892E+03   6.3628814E+03   0.0000000E+00   0.0000000E+00   0.0000000E+00   0.0000000E+00
   1.1419055E+00   5.7136127E+03   5.7136127E+03   7.5028868E-03   1.4564858E-04   3.2873677E-04   5.6869098E+03   5.7136127E+03   5.6865265E+03   0.0000000E+00   0.0000000E+00   0.0000000E+00   0.0000000E+00
   1.2254012E+00   5.0919528E+03   5.0919528E+03   5.8063688E-03   1.1271490E-04   -6.8953592E-04   5.0681552E+03   5.0919528E+03   5.0678136E+03   0.0000000E+00   0.0000000E+00   0.0000000E+00   0.0000000E+00
   1.3160202E+00   4.5297892E+03   4.5297892E+03   4.4784564E-03   8.6933314E-05   5.4784696E-04   4.5086189E+03   4.5297892E+03   4.5083150E+03   0.0000000E+00   0.0000000E+00   0.0000000E+00   0.0000000E+00
   1.4138679E+00   4.0250477E+03   4.0250477E+03   3.4476857E-03   6.6922008E-05   8.8266577E-04   4.0062363E+03   4.0250477E+03   4.0059663E+03   0.0000000E+00   0.0000000E+00   0.0000000E+00   0.0000000E+00
   1.5192286E+00   3.5737846E+03   3.5737846E+03   2.6512776E-03   5.1461332E-05   9.9467006E-04   3.5570822E+03   3.5737846E+03   3.5568425E+03   0.0000000E+00   0.0000000E+00   0.0000000E+00   0.0000000E+00
   1.6325344E+00   3.1712250E+03   3.1712250E+03   2.0373952E-03   3.9548712E-05   1.6224498E-04   3.1564040E+03   3.1712250E+03   3.1561912E+03   0.0000000E+00   0.0000000E+00   0.0000000E+00   0.0000000E+00
   1.7543227E+00   2.8125498E+03   2.8125498E+03   1.5647795E-03   3.0373368E-05   7.1507887E-04   2.7994051E+03   2.8125498E+03   2.7992165E+03   0.0000000E+00   0.0000000E+00   0.0000000E+00   0.0000000E+00
   1.8852062E+00   2.4932546E+03   2.4932546E+03   1.2012138E-03   2.3316701E-05   4.7354032E-04   2.4816021E+03   2.4932546E+03   2.4814349E+03   0.0000000E+00   0.0000000E+00   0.0000000E+00   0.0000000E+00
   2.0258567E+00   2.2091942E+03   2.2091942E+03   9.2169500E-04   1.7891203E-05   2.8587976E-04   2.1988693E+03   2.2091942E+03   2.1987211E+03   0.0000000E+00   0.0000000E+00   0.0000000E+00   0.0000000E+00
   2.1770014E+00   1.9566338E+03   1.9566338E+03   7.0690799E-04   1.3722915E-05   -4.8807863E-05   1.9474892E+03   1.9566338E+03   1.9473580E+03   0.0000000E+00   0.0000000E+00   0.0000000E+00   0.0000000E+00
   2.3394227E+00   1.7322096E+03   1.7322096E+03   5.4194310E-04   1.0521138E-05   -3.8514953E-04   1.7241139E+03   1.7322096E+03   1.7239977E+03   0.0000000E+00   0.0000000E+00   0.0000000E+00   0.0000000E+00
   2.5139619E+00   1.5328912E+03   1.5328912E+03   4.1530182E-04   8.0623582E-06   -7.1294075E-05   1.5257271E+03   1.5328912E+03   1.5256243E+03   0.0000000E+00   0.0000000E+00   0.0000000E+00   0.0000000E+00
   2.7015232E+00   1.3559650E+03   1.3559650E+03   3.1812663E-04   6.1756114E-06   1.5842297E-04   1.3496278E+03   1.3559650E+03   1.3495368E+03   0.0000000E+00   0.0000000E+00   0.0000000E+00   0.0000000E+00
   2.9030780E+00   1.1989948E+03   1.1989948E+03   2.4359533E-04   4.7291432E-06   -1.4709000E-04   1.1933911E+03   1.1989948E+03   1.1933107E+03   0.0000000E+00   0.0000000E+00   0.0000000E+00   0.0000000E+00
   3.1196703E+00   1.0597972E+03   1.0597972E+03   1.8645481E-04   3.6197145E-06   8.5126621E-06   1.0548441E+03   1.0597972E+03   1.0547730E+03   0.0000000E+00   0.0000000E+00   0.0000000E+00   0.0000000E+00
   3.3524221E+00   9.3641815E+02   9.3641815E+02   1.4266605E-04   2.7697940E-06   -1.1691352E-04   9.3204170E+02   9.3641815E+02   9.3197888E+02   0.0000000E+00   0.0000000E+00   0.0000000E+00   0.0000000E+00
   3.6025391E+00   8.2711007E+02   8.2711007E+02   1.0913103E-04   2.1185644E-06   5.0186922E-05   8.2324448E+02   8.2711007E+02   8.2318899E+02   0.0000000E+00   0.0000000E+00   0.0000000E+00   0.0000000E+00
   3.8713167E+00   7.3031091E+02   7.3031091E+02   8.3533262E-05   1.6199677E-06   3.2551401E-05   7.2689772E+02   7.3031091E+02   7.2684873E+02   0.0000000E+00   0.0000000E+00   0.0000000E+00   0.0000000E+00
   4.1601472E+00   6.4462579E+02   6.4462579E+02   6.3798692E-05   1.2382704E-06   1.5896663E-05   6.4161306E+02   6.4462579E+02   6.4156982E+02   0.0000000E+00   0.0000000E+00   0.0000000E+00   0.0000000E+00
   4.4705268E+00   5.6880999E+02   5.6880999E+02   4.8741353E-05   9.4620789E-07   5.5128938E-05   5.6615159E+02   5.6880999E+02   5.6611343E+02   0.0000000E+00   0.0000000E+00   0.0000000E+00   0.0000000E+00
   4.8040630E+00   5.0175356E+02   5.0175356E+02   3.7229969E-05   7.2282524E-07   1.3495025E-05   4.9940856E+02   5.0175356E+02   4.9937490E+02   0.0000000E+00   0.0000000E+00   0.0000000E+00   0.0000000E+00
   5.1624838E+00   4.4246747E+02   4.4246747E+02   2.8429441E-05   5.5201407E-07   3.8109849E-05   4.4039955E+02   4.4246747E+02   4.4036987E+02   0.0000000E+00   0.0000000E+00   0.0000000E+00   0.0000000E+00
   5.5476455E+00   3.9007097E+02   3.9007097E+02   2.1703104E-05   4.2146322E-07   -4.7497975E-05   3.8824793E+02   3.9007097E+02   3.8822176E+02   0.0000000E+00   0.0000000E+00   0.0000000E+00   0.0000000E+00
   5.9615432E+00   3.4378026E+02   3.4378026E+02   1.6563519E-05   3.2167380E-07   2.4644054E-05   3.4217357E+02   3.4378026E+02   3.4215050E+02   0.0000000E+00   0.0000000E+00   0.0000000E+00   0.0000000E+00
   6.4063210E+00   3.0289824E+02   3.0289824E+02   1.2637612E-05   2.4546707E-07   -1.9035889E-05   3.0148261E+02   3.0289824E+02   3.0146230E+02   0.0000000E+00   0.0000000E+00   0.0000000E+00   0.0000000E+00
   6.8842827E+00   2.6680529E+02   2.6680529E+02   9.6396262E-06   1.8726161E-07   -4.2917180E-05   2.6555835E+02   2.6680529E+02   2.6554045E+02   0.0000000E+00   0.0000000E+00   0.0000000E+00   0.0000000E+00
   7.3979041E+00   2.3495096E+02   2.3495096E+02   7.3498468E-06   1.4281326E-07   -4.7166203E-06   2.3385289E+02   2.3495096E+02   2.3383713E+02   0.0000000E+00   0.0000000E+00   0.0000000E+00   0.0000000E+00
   7.9498457E+00   2.0684652E+02   2.0684652E+02   5.6062903E-06   1.0889195E-07   8.4626920E-07   2.0587980E+02   2.0684652E+02   2.0586592E+02   0.0000000E+00   0.0000000E+00   0.0000000E+00   0.0000000E+00
   8.5429664E+00   1.8205826E+02   1.8205826E+02   4.2719570E-06   8.3011931E-08   -6.2884479E-06   1.8120739E+02   1.8205826E+02   1.8119518E+02   0.0000000E+00   0.0000000E+00   0.0000000E+00   0.0000000E+00
   9.1803386E+00   1.6020152E+02   1.6020152E+02   3.2550741E-06   6.3267614E-08   -1.5283634E-07   1.5945280E+02   1.6020152E+02   1.5944205E+02   0.0000000E+00   0.0000000E+00   0.0000000E+00   0.0000000E+00
   9.8652637E+00   1.4093528E+02   1.4093528E+02   2.4797211E-06   4.8209789E-08   -5.5594261E-06   1.4027660E+02   1.4093528E+02   1.4026714E+02   0.0000000E+00   0.0000000E+00   0.0000000E+00   0.0000000E+00
   1.0601290E+01   1.2395735E+02   1.2395735E+02   1.8886341E-06   3.6726752E-08   1.3879481E-05   1.2337802E+02   1.2395735E+02   1.2336971E+02   0.0000000E+00   0.0000000E+00   0.0000000E+00   0.0000000E+00
