#           k/h    CDM            baryon         photon         nu             mass_nu        total          no_nu          total_de       Weyl           v_CDM          v_b            v_b-v_c     
   1.0543610E-05   1.0913088E+07   1.0913088E+07   1.4546725E+07   2.4454563E+05   2.8088024E+06   1.0913140E+07   1.0913088E+07   7.8844225E+06   0.0000000E+00   0.0000000E+00   0.0000000E+00   0.0000000E+00
   1.1330246E-05   1.0913084E+07   1.0913084E+07   1.4546090E+07   2.4454264E+05   2.8087567E+06   1.0913135E+07   1.0913084E+07   7.8844188E+06   0.0000000E+00   0.0000000E+00   0.0000000E+00   0.0000000E+00
   1.2175571E-05   1.0913078E+07   1.0913078E+07   1.4545357E+07   2.4453919E+05   2.8087040E+06   1.0913129E+07   1.0913078E+07   7.8844145E+06   0.0000000E+00   0.0000000E+00   0.0000000E+00   0.0000000E+00
   1.3083963E-05   1.0913072E+07   1.0913072E+07   1.4544510E+07   2.4453520E+05   2.8086432E+06   1.0913123E+07   1.0913072E+07   7.8844095E+06   0.0000000E+00   0.0000000E+00   0.0000000E+00   0.0000000E+00
   1.4060129E-05   1.0913064E+07   1.0913064E+07   1.4543533E+07   2.4453059E+05   2.8085729E+06   1.0913115E+07   1.0913064E+07   7.8844037E+06   0.0000000E+00   0.0000000E+00   0.0000000E+00   0.0000000E+00
   1.5109125E-05   1.0913055E+07   1.0913055E+07   1.4542404E+07   2.4452527E+05   2.8084917E+06   1.0913106E+07   1.0913055E+07   7.8843970E+06   0.0000000E+00   0.0000000E+00   0.0000000E+00   0.0000000E+00
   1.6236384E-05   1.0913045E+07   1.0913045E+07   1.4541101E+07   2.4451913E+05   2.8083980E+06   1.0913096E+07   1.0913045E+07   7.8843893E+06   0.0000000E+00   0.0000000E+00   0.0000000E+00   0.0000000E+00
   1.7447746E-05   1.0913034E+07   1.0913034E+07   1.4539596E+07   2.4451204E+05   2.8082898E+06   1.0913084E+07   1.0913034E+07   7.8843805E+06   0.0000000E+00   0.0000000E+00   0.0000000E+00   0.0000000E+00
   1.8749484E-05   1.0913020E+07   1.0913020E+07   1.4537859E+07   2.4450385E+05   2.8081648E+06   1.0913071E+07   1.0913020E+07   7.8843702E+06   0.0000000E+00   0.0000000E+00   0.0000000E+00   0.0000000E+00
   2.0148342E-05   1.0913005E+07   1.0913005E+07   1.4535853E+07   2.4449439E+05   2.8080205E+06   1.0913055E+07   1.0913005E+07   7.8843584E+06   0.0000000E+00   0.0000000E+00   0.0000000E+00   0.0000000E+00
   2.1651566E-05   1.0912987E+07   1.0912987E+07   1.4533536E+07   2.4448347E+05   2.8078539E+06   1.0913037E+07   1.0912987E+07   7.8843447E+06   0.0000000E+00   0.0000000E+00   0.0000000E+00   0.0000000E+00
   2.3266943E-05   1.0912967E+07   1.0912967E+07   1.4530862E+07   2.4447086E+05   2.8076616E+06   1.0913016E+07   1.0912967E+07   7.8843289E+06   0.0000000E+00   0.0000000E+00   0.0000000E+00   0.0000000E+00
   2.5002839E-05   1.0912943E+07   1.0912943E+07   1.4527774E+07   2.4445630E+05   2.8074394E+06   1.0912991E+07   1.0912943E+07   7.8843107E+06   0.0000000E+00   0.0000000E+00   0.0000000E+00   0.0000000E+00
   2.6868246E-05   1.0912916E+07   1.0912916E+07   1.4524209E+07   2.4443949E+05   2.8071829E+06   1.0912963E+07   1.0912916E+07   7.8842896E+06   0.0000000E+00   0.0000000E+00   0.0000000E+00   0.0000000E+00
   2.8872828E-05   1.0912884E+07   1.0912884E+07   1.4520093E+07   2.4442007E+05   2.8068868E+06   1.0912931E+07   1.0912884E+07   7.8842653E+06   0.0000000E+00   0.0000000E+00   0.0000000E+00   0.0000000E+00
   3.1026967E-05   1.0912848E+07   1.0912848E+07   1.4515342E+07   2.4439766E+05   2.8065448E+06   1.0912894E+07   1.0912848E+07   7.8842373E+06   0.0000000E+00   0.0000000E+00   0.0000000E+00   0.0000000E+00
   3.3341821E-05   1.0912806E+07   1.0912806E+07   1.4509857E+07   2.4437178E+05   2.8061500E+06   1.0912850E+07   1.0912806E+07   7.8842049E+06   0.0000000E+00   0.0000000E+00   0.0000000E+00   0.0000000E+00
   3.5829382E-05   1.0912757E+07   1.0912757E+07   1.4503525E+07   2.4434189E+05   2.8056942E+06   1.0912801E+07   1.0912757E+07   7.8841674E+06   0.0000000E+00   0.0000000E+00   0.0000000E+00   0.0000000E+00
   3.8502535E-05   1.0912701E+07   1.0912701E+07   1.4496217E+07   2.4430739E+05   2.8051680E+06   1.0912743E+07   1.0912701E+07   7.8841242E+06   0.0000000E+00   0.0000000E+00   0.0000000E+00   0.0000000E+00
   4.1375125E-05   1.0912636E+07   1.0912636E+07   1.4487782E+07   2.4426756E+05   2.8045605E+06   1.0912677E+07   1.0912636E+07   7.8840744E+06   0.0000000E+00   0.0000000E+00   0.0000000E+00   0.0000000E+00
   4.4462033E-05   1.0912561E+07   1.0912561E+07   1.4478047E+07   2.4422157E+05   2.8038591E+06   1.0912600E+07   1.0912561E+07   7.8840168E+06   0.0000000E+00   0.0000000E+00   0.0000000E+00   0.0000000E+00
   4.7779249E-05   1.0912475E+07   1.0912475E+07   1.4466813E+07   2.4416848E+05   2.8030495E+06   1.0912512E+07   1.0912475E+07   7.8839503E+06   0.0000000E+00   0.0000000E+00   0.0000000E+00   0.0000000E+00
   5.1343955E-05   1.0912375E+07   1.0912375E+07   1.4453851E+07   2.4410720E+05   2.8021150E+06   1.0912410E+07   1.0912375E+07   7.8838735E+06   0.0000000E+00   0.0000000E+00   0.0000000E+00   0.0000000E+00
   5.5174616E-05   1.0912260E+07   1.0912260E+07   1.4438897E+07   2.4403645E+05   2.8010364E+06   1.0912292E+07   1.0912260E+07   7.8837849E+06   0.0000000E+00   0.0000000E+00   0.0000000E+00   0.0000000E+00
   5.9291074E-05   1.0912127E+07   1.0912127E+07   1.4421646E+07   2.4395479E+05   2.7997915E+06   1.0912155E+07   1.0912127E+07   7.8836826E+06   0.0000000E+00   0.0000000E+00   0.0000000E+00   0.0000000E+00
   6.3714653E-05   1.0911973E+07   1.0911973E+07   1.4401750E+07   2.4386054E+05   2.7983549E+06   1.0911998E+07   1.0911973E+07   7.8835645E+06   0.0000000E+00   0.0000000E+00   0.0000000E+00   0.0000000E+00
   6.8468265E-05   1.0911796E+07   1.0911796E+07   1.4378807E+07   2.4375177E+05   2.7966971E+06   1.0911817E+07   1.0911796E+07   7.8834283E+06   0.0000000E+00   0.0000000E+00   0.0000000E+00   0.0000000E+00
   7.3576533E-05   1.0911591E+07   1.0911591E+07   1.4352357E+07   2.4362625E+05   2.7947844E+06   1.0911608E+07   1.0911591E+07   7.8832710E+06   0.0000000E+00   0.0000000E+00   0.0000000E+00   0.0000000E+00
   7.9065918E-05   1.0911355E+07   1.0911355E+07   1.4321871E+07   2.4348141E+05   2.7925778E+06   1.0911366E+07   1.0911355E+07   7.8830894E+06   0.0000000E+00   0.0000000E+00   0.0000000E+00   0.0000000E+00
   8.4964855E-05   1.0911083E+07   1.0911083E+07   1.4286743E+07   2.4331430E+05   2.7900326E+06   1.0911087E+07   1.0911083E+07   7.8828800E+06   0.0000000E+00   0.0000000E+00   0.0000000E+00   0.0000000E+00
   9.1303898E-05   1.0910768E+07   1.0910768E+07   1.4246281E+07   2.4312154E+05   2.7870973E+06   1.0910765E+07   1.0910768E+07   7.8826383E+06   0.0000000E+00   0.0000000E+00   0.0000000E+00   0.0000000E+00
   9.8115884E-05   1.0910406E+07   1.0910406E+07   1.4199694E+07   2.4289921E+05   2.7837130E+06   1.0910394E+07   1.0910406E+07   7.8823595E+06   0.0000000E+00   0.0000000E+00   0.0000000E+00   0.0000000E+00
   1.0543610E-04   1.0909987E+07   1.0909987E+07   1.4146078E+07   2.4264282E+05   2.7798117E+06   1.0909965E+07   1.0909987E+07   7.8820379E+06   0.0000000E+00   0.0000000E+00   0.0000000E+00   0.0000000E+00
   1.1330246E-04   1.0909504E+07   1.0909504E+07   1.4084405E+07   2.4234723E+05   2.7753157E+06   1.0909471E+07   1.0909504E+07   7.8816670E+06   0.0000000E+00   0.0000000E+00   0.0000000E+00   0.0000000E+00
   1.2175571E-04   1.0908948E+07   1.0908948E+07   1.4013509E+07   2.4200653E+05   2.7701361E+06   1.0908901E+07   1.0908948E+07   7.8812393E+06   0.0000000E+00   0.0000000E+00   0.0000000E+00   0.0000000E+00
   1.3083963E-04   1.0908306E+07   1.0908306E+07   1.3932066E+07   2.4161394E+05   2.7641710E+06   1.0908244E+07   1.0908306E+07   7.8807463E+06   0.0000000E+00   0.0000000E+00   0.0000000E+00   0.0000000E+00
   1.4060129E-04   1.0907566E+07   1.0907566E+07   1.3838585E+07   2.4116171E+05   2.7573042E+06   1.0907486E+07   1.0907566E+07   7.8801782E+06   0.0000000E+00   0.0000000E+00   0.0000000E+00   0.0000000E+00
   1.5109125E-04   1.0906713E+07   1.0906713E+07   1.3731386E+07   2.4064099E+05   2.7494034E+06   1.0906613E+07   1.0906713E+07   7.8795236E+06   0.0000000E+00   0.0000000E+00   0.0000000E+00   0.0000000E+00
   1.6236384E-04   1.0905730E+07   1.0905730E+07   1.3608590E+07   2.4004167E+05   2.7403178E+06   1.0905607E+07   1.0905730E+07   7.8787697E+06   0.0000000E+00   0.0000000E+00   0.0000000E+00   0.0000000E+00
   1.7447746E-04   1.0904598E+07   1.0904598E+07   1.3468106E+07   2.3935222E+05   2.7298765E+06   1.0904448E+07   1.0904598E+07   7.8779019E+06   0.0000000E+00   0.0000000E+00   0.0000000E+00   0.0000000E+00
   1.8749484E-04   1.0903295E+07   1.0903295E+07   1.3307620E+07   2.3855959E+05   2.7178862E+06   1.0903114E+07   1.0903295E+07   7.8769032E+06   0.0000000E+00   0.0000000E+00   0.0000000E+00   0.0000000E+00
   2.0148342E-04   1.0901796E+07   1.0901796E+07   1.3124592E+07   2.3764892E+05   2.7041290E+06   1.0901579E+07   1.0901796E+07   7.8757547E+06   0.0000000E+00   0.0000000E+00   0.0000000E+00   0.0000000E+00
   2.1651566E-04   1.0900072E+07   1.0900072E+07   1.2916266E+07   2.3660349E+05   2.6883601E+06   1.0899814E+07   1.0900072E+07   7.8744347E+06   0.0000000E+00   0.0000000E+00   0.0000000E+00   0.0000000E+00
   2.3266943E-04   1.0898089E+07   1.0898089E+07   1.2679680E+07   2.3540443E+05   2.6703061E+06   1.0897784E+07   1.0898089E+07   7.8729187E+06   0.0000000E+00   0.0000000E+00   0.0000000E+00   0.0000000E+00
   2.5002839E-04   1.0895813E+07   1.0895813E+07   1.2411708E+07   2.3403059E+05   2.6496632E+06   1.0895453E+07   1.0895813E+07   7.8711789E+06   0.0000000E+00   0.0000000E+00   0.0000000E+00   0.0000000E+00
   2.6868246E-04   1.0893200E+07   1.0893200E+07   1.2109107E+07   2.3245841E+05   2.6260958E+06   1.0892778E+07   1.0893200E+07   7.8691844E+06   0.0000000E+00   0.0000000E+00   0.0000000E+00   0.0000000E+00
   2.8872828E-04   1.0890204E+07   1.0890204E+07   1.1768613E+07   2.3066173E+05   2.5992371E+06   1.0889710E+07   1.0890204E+07   7.8669001E+06   0.0000000E+00   0.0000000E+00   0.0000000E+00   0.0000000E+00
   3.1026967E-04   1.0886773E+07   1.0886773E+07   1.1387053E+07   2.2861179E+05   2.5686891E+06   1.0886196E+07   1.0886773E+07   7.8642874E+06   0.0000000E+00   0.0000000E+00   0.0000000E+00   0.0000000E+00
   3.3341821E-04   1.0882848E+07   1.0882848E+07   1.0961516E+07   2.2627718E+05   2.5340257E+06   1.0882175E+07   1.0882848E+07   7.8613033E+06   0.0000000E+00   0.0000000E+00   0.0000000E+00   0.0000000E+00
   3.5829382E-04   1.0878364E+07   1.0878364E+07   1.0489572E+07   2.2362400E+05   2.4947979E+06   1.0877583E+07   1.0878364E+07   7.8579005E+06   0.0000000E+00   0.0000000E+00   0.0000000E+00   0.0000000E+00
   3.8502535E-04   1.0873249E+07   1.0873249E+07   9.9695530E+06   2.2061609E+05   2.4505413E+06   1.0872344E+07   1.0873249E+07   7.8540275E+06   0.0000000E+00   0.0000000E+00   0.0000000E+00   0.0000000E+00
   4.1375125E-04   1.0867427E+07   1.0867427E+07   9.4008989E+06   2.1721555E+05   2.4007876E+06   1.0866380E+07   1.0867427E+07   7.8496287E+06   0.0000000E+00   0.0000000E+00   0.0000000E+00   0.0000000E+00
   4.4462033E-04   1.0860812E+07   1.0860812E+07   8.7845670E+06   2.1338344E+05   2.3450813E+06   1.0859602E+07   1.0860812E+07   7.8446446E+06   0.0000000E+00   0.0000000E+00   0.0000000E+00   0.0000000E+00
   4.7779249E-04   1.0853315E+07   1.0853315E+07   8.1234936E+06   2.0908084E+05   2.2830004E+06   1.0851920E+07   1.0853315E+07   7.8390126E+06   0.0000000E+00   0.0000000E+00   0.0000000E+00   0.0000000E+00
   5.1343955E-04   1.0844840E+07   1.0844840E+07   7.4230805E+06   2.0427028E+05   2.2141845E+06   1.0843235E+07   1.0844840E+07   7.8326681E+06   0.0000000E+00   0.0000000E+00   0.0000000E+00   0.0000000E+00
   5.5174616E-04   1.0835288E+07   1.0835288E+07   6.6916567E+06   1.9891758E+05   2.1383679E+06   1.0833444E+07   1.0835288E+07   7.8255453E+06   0.0000000E+00   0.0000000E+00   0.0000000E+00   0.0000000E+00
   5.9291074E-04   1.0824558E+07   1.0824558E+07   5.9408383E+06   1.9299426E+05   2.0554192E+06   1.0822445E+07   1.0824558E+07   7.8175793E+06   0.0000000E+00   0.0000000E+00   0.0000000E+00   0.0000000E+00
   6.3714653E-04   1.0812550E+07   1.0812550E+07   5.1856739E+06   1.8648025E+05   1.9653857E+06   1.0810133E+07   1.0812550E+07   7.8087080E+06   0.0000000E+00   0.0000000E+00   0.0000000E+00   0.0000000E+00
   6.8468265E-04   1.0799167E+07   1.0799167E+07   4.4444306E+06   1.7936720E+05   1.8685392E+06   1.0796408E+07   1.0799167E+07   7.7988742E+06   0.0000000E+00   0.0000000E+00   0.0000000E+00   0.0000000E+00
   7.3576533E-04   1.0784318E+07   1.0784318E+07   3.7378548E+06   1.7166191E+05   1.7654195E+06   1.0781177E+07   1.0784318E+07   7.7880282E+06   0.0000000E+00   0.0000000E+00   0.0000000E+00   0.0000000E+00
   7.9065918E-04   1.0767923E+07   1.0767923E+07   3.0877448E+06   1.6338982E+05   1.6568691E+06   1.0764356E+07   1.0767923E+07   7.7761302E+06   0.0000000E+00   0.0000000E+00   0.0000000E+00   0.0000000E+00
   8.4964855E-04   1.0749914E+07   1.0749914E+07   2.5147414E+06   1.5459810E+05   1.5440511E+06   1.0745877E+07   1.0749914E+07   7.7631516E+06   0.0000000E+00   0.0000000E+00   0.0000000E+00   0.0000000E+00
   9.1303898E-04   1.0730243E+07   1.0730243E+07   2.0353869E+06   1.4535778E+05   1.4284393E+06   1.0725687E+07   1.0730243E+07   7.7490762E+06   0.0000000E+00   0.0000000E+00   0.0000000E+00   0.0000000E+00
   9.8115884E-04   1.0708875E+07   1.0708875E+07   1.6587665E+06   1.3576435E+05   1.3117727E+06   1.0703751E+07   1.0708875E+07   7.7338987E+06   0.0000000E+00   0.0000000E+00   0.0000000E+00   0.0000000E+00
   1.0543610E-03   1.0685794E+07   1.0685794E+07   1.3834101E+06   1.2593604E+05   1.1959681E+06   1.0680056E+07   1.0685794E+07   7.7176223E+06   0.0000000E+00   0.0000000E+00   0.0000000E+00   0.0000000E+00
   1.1330246E-03   1.0661000E+07   1.0661000E+07   1.1955262E+06   1.1600940E+05   1.0829892E+06   1.0654600E+07   1.0661000E+07   7.7002529E+06   0.0000000E+00   0.0000000E+00   0.0000000E+00   0.0000000E+00
   1.2175571E-03   1.0634497E+07   1.0634497E+07   1.0698806E+06   1.0613201E+05   9.7468514E+05   1.0627391E+07   1.0634497E+07   7.6817918E+06   0.0000000E+00   0.0000000E+00   0.0000000E+00   0.0000000E+00
   1.3083963E-03   1.0606289E+07   1.0606289E+07   9.7441335E+05   9.6452708E+04   8.7261955E+05   1.0598440E+07   1.0606289E+07   7.6622266E+06   0.0000000E+00   0.0000000E+00   0.0000000E+00   0.0000000E+00
   1.4060129E-03   1.0576369E+07   1.0576369E+07   8.7865664E+05   8.7110545E+04   7.7792464E+05   1.0567745E+07   1.0576369E+07   7.6415232E+06   0.0000000E+00   0.0000000E+00   0.0000000E+00   0.0000000E+00
   1.5109125E-03   1.0544704E+07   1.0544704E+07   7.6402616E+05   7.8224471E+04   6.9121755E+05   1.0535280E+07   1.0544704E+07   7.6196191E+06   0.0000000E+00   0.0000000E+00   0.0000000E+00   0.0000000E+00
   1.6236384E-03   1.0511229E+07   1.0511229E+07   6.3161258E+05   6.9885701E+04   6.1260621E+05   1.0500991E+07   1.0511229E+07   7.5964221E+06   0.0000000E+00   0.0000000E+00   0.0000000E+00   0.0000000E+00
   1.7447746E-03   1.0475841E+07   1.0475841E+07   5.0176616E+05   6.2154417E+04   5.4178810E+05   1.0464784E+07   1.0475841E+07   7.5718131E+06   0.0000000E+00   0.0000000E+00   0.0000000E+00   0.0000000E+00
   1.8749484E-03   1.0438398E+07   1.0438398E+07   4.0199019E+05   5.5060966E+04   4.7821398E+05   1.0426523E+07   1.0438398E+07   7.5456529E+06   0.0000000E+00   0.0000000E+00   0.0000000E+00   0.0000000E+00
   2.0148342E-03   1.0398722E+07   1.0398722E+07   3.4698256E+05   4.8610181E+04   4.2126522E+05   1.0386038E+07   1.0398722E+07   7.5177886E+06   0.0000000E+00   0.0000000E+00   0.0000000E+00   0.0000000E+00
   2.1651566E-03   1.0356603E+07   1.0356603E+07   3.2430578E+05   4.2786699E+04   3.7038985E+05   1.0343120E+07   1.0356603E+07   7.4880574E+06   0.0000000E+00   0.0000000E+00   0.0000000E+00   0.0000000E+00
   2.3266943E-03   1.0311804E+07   1.0311804E+07   3.0167635E+05   3.7560129E+04   3.2515616E+05   1.0297534E+07   1.0311804E+07   7.4562841E+06   0.0000000E+00   0.0000000E+00   0.0000000E+00   0.0000000E+00
   2.5002839E-03   1.0264069E+07   1.0264069E+07   2.5653088E+05   3.2890578E+04   2.8520343E+05   1.0249019E+07   1.0264069E+07   7.4222798E+06   0.0000000E+00   0.0000000E+00   0.0000000E+00   0.0000000E+00
   2.6868246E-03   1.0213124E+07   1.0213124E+07   2.0037536E+05   2.8735048E+04   2.5011049E+05   1.0197300E+07   1.0213124E+07   7.3858432E+06   0.0000000E+00   0.0000000E+00   0.0000000E+00   0.0000000E+00
   2.8872828E-03   1.0158687E+07   1.0158687E+07   1.6320533E+05   2.5052331E+04   2.1929548E+05   1.0142086E+07   1.0158687E+07   7.3467668E+06   0.0000000E+00   0.0000000E+00   0.0000000E+00   0.0000000E+00
   3.1026967E-03   1.0100463E+07   1.0100463E+07   1.4941064E+05   2.1802669E+04   1.9212124E+05   1.0083084E+07   1.0100463E+07   7.3048415E+06   0.0000000E+00   0.0000000E+00   0.0000000E+00   0.0000000E+00
   3.3341821E-03   1.0038148E+07   1.0038148E+07   1.3193221E+05   1.8944087E+04   1.6816799E+05   1.0019988E+07   1.0038148E+07   7.2598544E+06   0.0000000E+00   0.0000000E+00   0.0000000E+00   0.0000000E+00
   3.5829382E-03   9.9714258E+06   9.9714258E+06   1.0393968E+05   1.6433720E+04   1.4723798E+05   9.9524874E+06   9.9714258E+06   7.2115874E+06   0.0000000E+00   0.0000000E+00   0.0000000E+00   0.0000000E+00
   3.8502535E-03   9.8999791E+06   9.8999791E+06   9.0065910E+04   1.4234332E+04   1.2895584E+05   9.8802682E+06   9.8999791E+06   7.1598198E+06   0.0000000E+00   0.0000000E+00   0.0000000E+00   0.0000000E+00
   4.1375125E-03   9.8234869E+06   9.8234869E+06   8.4548835E+04   1.2313561E+04   1.1280512E+05   9.8030158E+06   9.8234869E+06   7.1043312E+06   0.0000000E+00   0.0000000E+00   0.0000000E+00   0.0000000E+00
   4.4462033E-03   9.7416234E+06   9.7416234E+06   6.5701800E+04   1.0637920E+04   9.8675832E+04   9.7204135E+06   9.7416234E+06   7.0448992E+06   0.0000000E+00   0.0000000E+00   0.0000000E+00   0.0000000E+00
   4.7779249E-03   9.6540644E+06   9.6540644E+06   5.5475158E+04   9.1775533E+03   8.6426884E+04   9.6321496E+06   9.6540644E+06   6.9813047E+06   0.0000000E+00   0.0000000E+00   0.0000000E+00   0.0000000E+00
   5.1343955E-03   9.5604938E+06   9.5604938E+06   5.1095724E+04   7.9085308E+03   7.5585885E+04   9.5379194E+06   9.5604938E+06   6.9133331E+06   0.0000000E+00   0.0000000E+00   0.0000000E+00   0.0000000E+00
   5.5174616E-03   9.4605972E+06   9.4605972E+06   3.9951655E+04   6.8064148E+03   6.6167677E+04   9.4374104E+06   9.4605972E+06   6.8407637E+06   0.0000000E+00   0.0000000E+00   0.0000000E+00   0.0000000E+00
   5.9291074E-03   9.3540659E+06   9.3540659E+06   3.7366305E+04   5.8510353E+03   5.7882249E+04   9.3303049E+06   9.3540659E+06   6.7633715E+06   0.0000000E+00   0.0000000E+00   0.0000000E+00   0.0000000E+00
   6.3714653E-03   9.2405843E+06   9.2405843E+06   2.8366867E+04   5.0235348E+03   5.0628473E+04   9.2162844E+06   9.2405843E+06   6.6809304E+06   0.0000000E+00   0.0000000E+00   0.0000000E+00   0.0000000E+00
   6.8468265E-03   9.1198321E+06   9.1198321E+06   2.7173111E+04   4.3074600E+03   4.4263027E+04   9.0950471E+06   9.1198321E+06   6.5932258E+06   0.0000000E+00   0.0000000E+00   0.0000000E+00   0.0000000E+00
   7.3576533E-03   8.9914948E+06   8.9914948E+06   2.0931110E+04   3.6886680E+03   3.8702770E+04   8.9662975E+06   8.9914948E+06   6.5000475E+06   0.0000000E+00   0.0000000E+00   0.0000000E+00   0.0000000E+00
   7.9065918E-03   8.8552697E+06   8.8552697E+06   1.8724112E+04   3.1547629E+03   3.3795160E+04   8.8297265E+06   8.8552697E+06   6.4011747E+06   0.0000000E+00   0.0000000E+00   0.0000000E+00   0.0000000E+00
   8.4964855E-03   8.7108571E+06   8.7108571E+06   1.6326758E+04   2.6942557E+03   2.9534593E+04   8.6850270E+06   8.7108571E+06   6.2963877E+06   0.0000000E+00   0.0000000E+00   0.0000000E+00   0.0000000E+00
   9.1303898E-03   8.5579528E+06   8.5579528E+06   1.2660630E+04   2.2976441E+03   2.5761279E+04   8.5319077E+06   8.5579528E+06   6.1854781E+06   0.0000000E+00   0.0000000E+00   0.0000000E+00   0.0000000E+00
   9.8115884E-03   8.3962546E+06   8.3962546E+06   1.1079283E+04   1.9564423E+03   2.2440860E+04   8.3700724E+06   8.3962546E+06   6.0682334E+06   0.0000000E+00   0.0000000E+00   0.0000000E+00   0.0000000E+00
   1.0543610E-02   8.2254747E+06   8.2254747E+06   9.8045738E+03   1.6631807E+03   1.9537739E+04   8.1992306E+06   8.2254747E+06   5.9444452E+06   0.0000000E+00   0.0000000E+00   0.0000000E+00   0.0000000E+00
   1.1330246E-02   8.0453355E+06   8.0453355E+06   8.4642731E+03   1.4114087E+03   1.6996980E+04   8.0191074E+06   8.0453355E+06   5.8139157E+06   0.0000000E+00   0.0000000E+00   0.0000000E+00   0.0000000E+00
   1.2175571E-02   7.8555736E+06   7.8555736E+06   7.0730675E+03   1.1955264E+03   1.4762712E+04   7.8294470E+06   7.8555736E+06   5.6764613E+06   0.0000000E+00   0.0000000E+00   0.0000000E+00   0.0000000E+00
   1.3083963E-02   7.6559594E+06   7.6559594E+06   6.0000552E+03   1.0106806E+03   1.2794707E+04   7.6300140E+06   7.6559594E+06   5.5319124E+06   0.0000000E+00   0.0000000E+00   0.0000000E+00   0.0000000E+00
   1.4060129E-02   7.4463025E+06   7.4463025E+06   4.9968151E+03   8.5256652E+02   1.1065145E+04   7.4206226E+06   7.4463025E+06   5.3801357E+06   0.0000000E+00   0.0000000E+00   0.0000000E+00   0.0000000E+00
   1.5109125E-02   7.2264743E+06   7.2264743E+06   4.0336160E+03   7.1755353E+02   9.5464721E+03   7.2011445E+06   7.2264743E+06   5.2210391E+06   0.0000000E+00   0.0000000E+00   0.0000000E+00   0.0000000E+00
   1.6236384E-02   6.9964383E+06   6.9964383E+06   3.2254707E+03   6.0240976E+02   8.2261049E+03   6.9715421E+06   6.9964383E+06   5.0545963E+06   0.0000000E+00   0.0000000E+00   0.0000000E+00   0.0000000E+00
   1.7447746E-02   6.7562780E+06   6.7562780E+06   2.8802355E+03   5.0440000E+02   7.0687681E+03   6.7318977E+06   6.7562780E+06   4.8808676E+06   0.0000000E+00   0.0000000E+00   0.0000000E+00   0.0000000E+00
   1.8749484E-02   6.5062453E+06   6.5062453E+06   2.3154792E+03   4.2113004E+02   6.0440466E+03   6.4824620E+06   6.5062453E+06   4.7000357E+06   0.0000000E+00   0.0000000E+00   0.0000000E+00   0.0000000E+00
   2.0148341E-02   6.2468104E+06   6.2468104E+06   1.9870650E+03   3.5052945E+02   5.1642218E+03   6.2237007E+06   6.2468104E+06   4.5124386E+06   0.0000000E+00   0.0000000E+00   0.0000000E+00   0.0000000E+00
   2.1651560E-02   5.9787235E+06   5.9787235E+06   1.5457693E+03   2.9082199E+02   4.3897209E+03   5.9563613E+06   5.9787235E+06   4.3186188E+06   0.0000000E+00   0.0000000E+00   0.0000000E+00   0.0000000E+00
   2.3266904E-02   5.7030850E+06   5.7030850E+06   1.2997211E+03   2.4046379E+02   3.7158544E+03   5.6815370E+06   5.7030850E+06   4.1193696E+06   0.0000000E+00   0.0000000E+00   0.0000000E+00   0.0000000E+00
   2.5002649E-02   5.4214202E+06   5.4214202E+06   1.0820387E+03   1.9812870E+02   3.1351340E+03   5.4007452E+06   5.4214202E+06   3.9157913E+06   0.0000000E+00   0.0000000E+00   0.0000000E+00   0.0000000E+00
   2.6867428E-02   5.1357668E+06   5.1357668E+06   8.7067211E+02   1.6267528E+02   2.6356483E+03   5.1160138E+06   5.1357668E+06   3.7093547E+06   0.0000000E+00   0.0000000E+00   0.0000000E+00   0.0000000E+00
   2.8869745E-02   4.8487763E+06   4.8487763E+06   7.0976492E+02   1.3312157E+02   2.2093935E+03   4.8299817E+06   4.8487763E+06   3.5019734E+06   0.0000000E+00   0.0000000E+00   0.0000000E+00   0.0000000E+00
   3.1016706E-02   4.5638396E+06   4.5638396E+06   6.1161390E+02   1.0863045E+02   1.8423266E+03   4.5460238E+06   4.5638396E+06   3.2960945E+06   0.0000000E+00   0.0000000E+00   0.0000000E+00   0.0000000E+00
   3.3311436E-02   4.2852052E+06   4.2852052E+06   4.6915123E+02   8.8486730E+01   1.5346569E+03   4.2683693E+06   4.2852052E+06   3.0947849E+06   0.0000000E+00   0.0000000E+00   0.0000000E+00   0.0000000E+00
   3.5748932E-02   4.0179750E+06   4.0179750E+06   3.8555397E+02   7.2082438E+01   1.2748769E+03   4.0020975E+06   4.0179750E+06   2.9017272E+06   0.0000000E+00   0.0000000E+00   0.0000000E+00   0.0000000E+00
   3.8311489E-02   3.7677341E+06   3.7677341E+06   3.2305764E+02   5.8883782E+01   1.0622233E+03   3.7527685E+06   3.7677341E+06   2.7209532E+06   0.0000000E+00   0.0000000E+00   0.0000000E+00   0.0000000E+00
   4.0967132E-02   3.5395982E+06   3.5395982E+06   2.6672034E+02   4.8400829E+01   8.8963085E+02   3.5254747E+06   3.5395982E+06   2.5561552E+06   0.0000000E+00   0.0000000E+00   0.0000000E+00   0.0000000E+00
   4.3674878E-02   3.3368788E+06   3.3368788E+06   2.1987216E+02   4.0161759E+01   7.5100578E+02   3.3235112E+06   3.3368788E+06   2.4097226E+06   0.0000000E+00   0.0000000E+00   0.0000000E+00   0.0000000E+00
   4.6395852E-02   3.1601477E+06   3.1601477E+06   1.8279929E+02   3.3714983E+01   6.4048787E+02   3.1474445E+06   3.1601477E+06   2.2820660E+06   0.0000000E+00   0.0000000E+00   0.0000000E+00   0.0000000E+00
   4.9103110E-02   3.0073697E+06   3.0073697E+06   1.5434074E+02   2.8652160E+01   5.5228587E+02   2.9952449E+06   3.0073697E+06   2.1717141E+06   0.0000000E+00   0.0000000E+00   0.0000000E+00   0.0000000E+00
   5.1784442E-02   2.8748819E+06   2.8748819E+06   1.3250691E+02   2.4632355E+01   4.8114282E+02   2.8632615E+06   2.8748819E+06   2.0760198E+06   0.0000000E+00   0.0000000E+00   0.0000000E+00   0.0000000E+00
   5.4439300E-02   2.7584704E+06   2.7584704E+06   1.1536373E+02   2.1389972E+01   4.2287766E+02   2.7472957E+06   2.7584704E+06   1.9919388E+06   0.0000000E+00   0.0000000E+00   0.0000000E+00   0.0000000E+00
   5.7074051E-02   2.6540860E+06   2.6540860E+06   1.0152241E+02   1.8727301E+01   3.7438320E+02   2.6433130E+06   2.6540860E+06   1.9165463E+06   0.0000000E+00   0.0000000E+00   0.0000000E+00   0.0000000E+00
   5.9698233E-02   2.5581797E+06   2.5581797E+06   9.0064121E+01   1.6500951E+01   3.3330941E+02   2.5477780E+06   2.5581797E+06   1.8472786E+06   0.0000000E+00   0.0000000E+00   0.0000000E+00   0.0000000E+00
   6.2322302E-02   2.4678088E+06   2.4678088E+06   8.0312621E+01   1.4607794E+01   2.9796611E+02   2.4577589E+06   2.4678088E+06   1.7820102E+06   0.0000000E+00   0.0000000E+00   0.0000000E+00   0.0000000E+00
   6.4956513E-02   2.3806420E+06   2.3806420E+06   7.1749778E+01   1.2973743E+01   2.6709413E+02   2.3709334E+06   2.3806420E+06   1.7190573E+06   0.0000000E+00   0.0000000E+00   0.0000000E+00   0.0000000E+00
   6.7610457E-02   2.2949334E+06   2.2949334E+06   6.4075982E+01   1.1545556E+01   2.3975549E+02   2.2855624E+06   2.2949334E+06   1.6571588E+06   0.0000000E+00   0.0000000E+00   0.0000000E+00   0.0000000E+00
   7.0292944E-02   2.2094915E+06   2.2094915E+06   5.7161350E+01   1.0284807E+01   2.1529919E+02   2.2004588E+06   2.2094915E+06   1.5954543E+06   0.0000000E+00   0.0000000E+00   0.0000000E+00   0.0000000E+00
   7.3012032E-02   2.1236495E+06   2.1236495E+06   5.0842163E+01   9.1638168E+00   1.9323651E+02   2.1149585E+06   2.1236495E+06   1.5334620E+06   0.0000000E+00   0.0000000E+00   0.0000000E+00   0.0000000E+00
   7.5775119E-02   2.0372322E+06   2.0372322E+06   4.4765601E+01   8.1625615E+00   1.7325842E+02   2.0288866E+06   2.0372322E+06   1.4710553E+06   0.0000000E+00   0.0000000E+00   0.0000000E+00   0.0000000E+00
   7.8589054E-02   1.9505138E+06   1.9505138E+06   3.8684920E+01   7.2664249E+00   1.5527217E+02   1.9425162E+06   1.9505138E+06   1.4084321E+06   0.0000000E+00   0.0000000E+00   0.0000000E+00   0.0000000E+00
   8.1460241E-02   1.8641591E+06   1.8641591E+06   3.3577860E+01   6.4646146E+00   1.3930526E+02   1.8565090E+06   1.8641591E+06   1.3460722E+06   0.0000000E+00   0.0000000E+00   0.0000000E+00   0.0000000E+00
   8.4394730E-02   1.7791427E+06   1.7791427E+06   3.1057567E+01   5.7489133E+00   1.2489283E+02   1.7718357E+06   1.7791427E+06   1.2846795E+06   0.0000000E+00   0.0000000E+00   0.0000000E+00   0.0000000E+00
   8.7398296E-02   1.6966440E+06   1.6966440E+06   2.7917034E+01   5.1126230E+00   1.1143332E+02   1.6896707E+06   1.6966440E+06   1.2251054E+06   0.0000000E+00   0.0000000E+00   0.0000000E+00   0.0000000E+00
   9.0476506E-02   1.6179191E+06   1.6179191E+06   2.3867070E+01   4.5497899E+00   9.9991154E+01   1.6112648E+06   1.6179191E+06   1.1682568E+06   0.0000000E+00   0.0000000E+00   0.0000000E+00   0.0000000E+00
   9.3634774E-02   1.5441536E+06   1.5441536E+06   2.2107511E+01   4.0547623E+00   8.9438280E+01   1.5377985E+06   1.5441536E+06   1.1149898E+06   0.0000000E+00   0.0000000E+00   0.0000000E+00   0.0000000E+00
   9.6878406E-02   1.4763088E+06   1.4763088E+06   1.9533870E+01   3.6216514E+00   8.0570527E+01   1.4702293E+06   1.4763088E+06   1.0659984E+06   0.0000000E+00   0.0000000E+00   0.0000000E+00   0.0000000E+00
   1.0021263E-01   1.4149756E+06   1.4149756E+06   1.6899837E+01   3.2442538E+00   7.2476396E+01   1.4091454E+06   1.4149756E+06   1.0217092E+06   0.0000000E+00   0.0000000E+00   0.0000000E+00   0.0000000E+00
   1.0364264E-01   1.3602553E+06   1.3602553E+06   1.5345446E+01   2.9158992E+00   6.5385433E+01   1.3546476E+06   1.3602553E+06   9.8219527E+05   0.0000000E+00   0.0000000E+00   0.0000000E+00   0.0000000E+00
   1.0717361E-01   1.3116906E+06   1.3116906E+06   1.3950200E+01   2.6296374E+00   5.9257089E+01   1.3062803E+06   1.3116906E+06   9.4712637E+05   0.0000000E+00   0.0000000E+00   0.0000000E+00   0.0000000E+00
   1.1081071E-01   1.2682658E+06   1.2682658E+06   1.2491975E+01   2.3784372E+00   5.3899348E+01   1.2630321E+06   1.2682658E+06   9.1576903E+05   0.0000000E+00   0.0000000E+00   0.0000000E+00   0.0000000E+00
   1.1455912E-01   1.2284920E+06   1.2284920E+06   1.1273287E+01   2.1555561E+00   4.9193990E+01   1.2234202E+06   1.2284920E+06   8.8704821E+05   0.0000000E+00   0.0000000E+00   0.0000000E+00   0.0000000E+00
   1.1842407E-01   1.1905817E+06   1.1905817E+06   1.0680364E+01   1.9549146E+00   4.4840473E+01   1.1856643E+06   1.1905817E+06   8.5967315E+05   0.0000000E+00   0.0000000E+00   0.0000000E+00   0.0000000E+00
   1.2241080E-01   1.1527000E+06   1.1527000E+06   9.3298374E+00   1.7714562E+00   4.0736143E+01   1.1479372E+06   1.1527000E+06   8.3231891E+05   0.0000000E+00   0.0000000E+00   0.0000000E+00   0.0000000E+00
   1.2652463E-01   1.1132630E+06   1.1132630E+06   8.7714456E+00   1.6014437E+00   3.7047863E+01   1.1086615E+06   1.1132630E+06   8.0384180E+05   0.0000000E+00   0.0000000E+00   0.0000000E+00   0.0000000E+00
   1.3077090E-01   1.0712334E+06   1.0712334E+06   7.7178773E+00   1.4425900E+00   3.3578925E+01   1.0668040E+06   1.0712334E+06   7.7349278E+05   0.0000000E+00   0.0000000E+00   0.0000000E+00   0.0000000E+00
   1.3515503E-01   1.0263503E+06   1.0263503E+06   6.8338403E+00   1.2940082E+00   3.0242191E+01   1.0221051E+06   1.0263503E+06   7.4108360E+05   0.0000000E+00   0.0000000E+00   0.0000000E+00   0.0000000E+00
   1.3968251E-01   9.7922918E+05   9.7922918E+05   6.1577228E+00   1.1559440E+00   2.7138739E+01   9.7517757E+05   9.7922918E+05   7.0705856E+05   0.0000000E+00   0.0000000E+00   0.0000000E+00   0.0000000E+00
   1.4435888E-01   9.3127983E+05   9.3127983E+05   5.6243690E+00   1.0293509E+00   2.4235124E+01   9.2742547E+05   9.3127983E+05   6.7243562E+05   0.0000000E+00   0.0000000E+00   0.0000000E+00   0.0000000E+00
   1.4918975E-01   8.8442711E+05   8.8442711E+05   4.8281812E+00   9.1534953E-01   2.1594876E+01   8.8076563E+05   8.8442711E+05   6.3860463E+05   0.0000000E+00   0.0000000E+00   0.0000000E+00   0.0000000E+00
   1.5418085E-01   8.4066744E+05   8.4066744E+05   4.4415319E+00   8.1469178E-01   1.9333093E+01   8.3718621E+05   8.4066744E+05   6.0700711E+05   0.0000000E+00   0.0000000E+00   0.0000000E+00   0.0000000E+00
   1.5933794E-01   8.0155182E+05   8.0155182E+05   3.8837845E+00   7.2734601E-01   1.7348503E+01   7.9823173E+05   8.0155182E+05   5.7876294E+05   0.0000000E+00   0.0000000E+00   0.0000000E+00   0.0000000E+00
   1.6466693E-01   7.6773167E+05   7.6773167E+05   3.4715296E+00   6.5230508E-01   1.5617102E+01   7.6455092E+05   7.6773167E+05   5.5434246E+05   0.0000000E+00   0.0000000E+00   0.0000000E+00   0.0000000E+00
   1.7017380E-01   7.3871866E+05   7.3871866E+05   3.1842087E+00   5.8768526E-01   1.4114724E+01   7.3565743E+05   7.3871866E+05   5.3339307E+05   0.0000000E+00   0.0000000E+00   0.0000000E+00   0.0000000E+00
   1.7586467E-01   7.1297371E+05   7.1297371E+05   2.8374433E+00   5.3107934E-01   1.2763868E+01   7.1001855E+05   7.1297371E+05   5.1480344E+05   0.0000000E+00   0.0000000E+00   0.0000000E+00   0.0000000E+00
   1.8174578E-01   6.8835077E+05   6.8835077E+05   2.5887030E+00   4.8008383E-01   1.1615549E+01   6.8549710E+05   6.8835077E+05   4.9702402E+05   0.0000000E+00   0.0000000E+00   0.0000000E+00   0.0000000E+00
   1.8782355E-01   6.6279352E+05   6.6279352E+05   2.2924096E+00   4.3282686E-01   1.0506671E+01   6.6004529E+05   6.6279352E+05   4.7857003E+05   0.0000000E+00   0.0000000E+00   0.0000000E+00   0.0000000E+00
   1.9410457E-01   6.3506046E+05   6.3506046E+05   2.0642056E+00   3.8831959E-01   9.4593242E+00   6.3242677E+05   6.3506046E+05   4.5854505E+05   0.0000000E+00   0.0000000E+00   0.0000000E+00   0.0000000E+00
   2.0059564E-01   6.0519353E+05   6.0519353E+05   1.8769703E+00   3.4651012E-01   8.4585978E+00   6.0268328E+05   6.0519353E+05   4.3697936E+05   0.0000000E+00   0.0000000E+00   0.0000000E+00   0.0000000E+00
   2.0730379E-01   5.7449786E+05   5.7449786E+05   1.6232275E+00   3.0800809E-01   7.5379643E+00   5.7211456E+05   5.7449786E+05   4.1481531E+05   0.0000000E+00   0.0000000E+00   0.0000000E+00   0.0000000E+00
   2.1423636E-01   5.4497804E+05   5.4497804E+05   1.4612138E+00   2.7359123E-01   6.7069533E+00   5.4271687E+05   5.4497804E+05   3.9350034E+05   0.0000000E+00   0.0000000E+00   0.0000000E+00   0.0000000E+00
   2.2140099E-01   5.1842674E+05   5.1842674E+05   1.2986999E+00   2.4369711E-01   5.9929343E+00   5.1627543E+05   5.1842674E+05   3.7432881E+05   0.0000000E+00   0.0000000E+00   0.0000000E+00   0.0000000E+00
   2.2880572E-01   4.9557239E+05   4.9557239E+05   1.1533640E+00   2.1812101E-01   5.3911033E+00   4.9351565E+05   4.9557239E+05   3.5782669E+05   0.0000000E+00   0.0000000E+00   0.0000000E+00   0.0000000E+00
   2.3645903E-01   4.7573082E+05   4.7573082E+05   1.0528579E+00   1.9605029E-01   4.8505717E+00   4.7375619E+05   4.7573082E+05   3.4349997E+05   0.0000000E+00   0.0000000E+00   0.0000000E+00   0.0000000E+00
   2.4436991E-01   4.5719653E+05   4.5719653E+05   9.5086164E-01   1.7640831E-01   4.3811291E+00   4.5529861E+05   4.5719653E+05   3.3011718E+05   0.0000000E+00   0.0000000E+00   0.0000000E+00   0.0000000E+00
   2.5254794E-01   4.3821244E+05   4.3821244E+05   8.4797229E-01   1.5831005E-01   3.9390776E+00   4.3639313E+05   4.3821244E+05   3.1640965E+05   0.0000000E+00   0.0000000E+00   0.0000000E+00   0.0000000E+00
   2.6100338E-01   4.1797890E+05   4.1797890E+05   7.5164418E-01   1.4137824E-01   3.5338832E+00   4.1624341E+05   4.1797890E+05   3.0179997E+05   0.0000000E+00   0.0000000E+00   0.0000000E+00   0.0000000E+00
   2.6974728E-01   3.9706671E+05   3.9706671E+05   6.6630044E-01   1.2574321E-01   3.1478139E+00   3.9541790E+05   3.9706671E+05   2.8670030E+05   0.0000000E+00   0.0000000E+00   0.0000000E+00   0.0000000E+00
   2.7879162E-01   3.7692759E+05   3.7692759E+05   5.9323173E-01   1.1174991E-01   2.8053553E+00   3.7536226E+05   3.7692759E+05   2.7215883E+05   0.0000000E+00   0.0000000E+00   0.0000000E+00   0.0000000E+00
   2.8814940E-01   3.5880591E+05   3.5880591E+05   5.3418088E-01   9.9581448E-02   2.5033393E+00   3.5731571E+05   3.5880591E+05   2.5907406E+05   0.0000000E+00   0.0000000E+00   0.0000000E+00   0.0000000E+00
   2.9783485E-01   3.4283554E+05   3.4283554E+05   4.7783745E-01   8.9060998E-02   2.2458429E+00   3.4141155E+05   3.4283554E+05   2.4754265E+05   0.0000000E+00   0.0000000E+00   0.0000000E+00   0.0000000E+00
   3.0786360E-01   3.2802858E+05   3.2802858E+05   4.2632183E-01   7.9752495E-02   2.0149238E+00   3.2666599E+05   3.2802858E+05   2.3685129E+05   0.0000000E+00   0.0000000E+00   0.0000000E+00   0.0000000E+00
   3.1825289E-01   3.1317604E+05   3.1317604E+05   3.8114487E-01   7.1251403E-02   1.8067476E+00   3.1187505E+05   3.1317604E+05   2.2612703E+05   0.0000000E+00   0.0000000E+00   0.0000000E+00   0.0000000E+00
   3.2902186E-01   2.9788234E+05   2.9788234E+05   3.3949618E-01   6.3409276E-02   1.6104118E+00   2.9664480E+05   2.9788234E+05   2.1508424E+05   0.0000000E+00   0.0000000E+00   0.0000000E+00   0.0000000E+00
   3.4019180E-01   2.8278802E+05   2.8278802E+05   2.9944000E-01   5.6309198E-02   1.4328820E+00   2.8161311E+05   2.8278802E+05   2.0418541E+05   0.0000000E+00   0.0000000E+00   0.0000000E+00   0.0000000E+00
   3.5178659E-01   2.6878246E+05   2.6878246E+05   2.6624946E-01   5.0051092E-02   1.2733825E+00   2.6766568E+05   2.6878246E+05   1.9407273E+05   0.0000000E+00   0.0000000E+00   0.0000000E+00   0.0000000E+00
   3.6383309E-01   2.5604045E+05   2.5604045E+05   2.3838617E-01   4.4573222E-02   1.1377008E+00   2.5497655E+05   2.5604045E+05   1.8487240E+05   0.0000000E+00   0.0000000E+00   0.0000000E+00   0.0000000E+00
   3.7636169E-01   2.4392756E+05   2.4392756E+05   2.1217910E-01   3.9684352E-02   1.0151375E+00   2.4291393E+05   2.4392756E+05   1.7612632E+05   0.0000000E+00   0.0000000E+00   0.0000000E+00   0.0000000E+00
   3.8940696E-01   2.3183459E+05   2.3183459E+05   1.8766591E-01   3.5232483E-02   9.0460490E-01   2.3087117E+05   2.3183459E+05   1.6739464E+05   0.0000000E+00   0.0000000E+00   0.0000000E+00   0.0000000E+00
   4.0300844E-01   2.1987200E+05   2.1987200E+05   1.6659908E-01   3.1197441E-02   8.0256266E-01   2.1895825E+05   2.1987200E+05   1.5875710E+05   0.0000000E+00   0.0000000E+00   0.0000000E+00   0.0000000E+00
   4.1721166E-01   2.0854766E+05   2.0854766E+05   1.4732703E-01   2.7610537E-02   7.1091050E-01   2.0768093E+05   2.0854766E+05   1.5058041E+05   0.0000000E+00   0.0000000E+00   0.0000000E+00   0.0000000E+00
   4.3206932E-01   1.9796007E+05   1.9796007E+05   1.3017880E-01   2.4437302E-02   6.3049063E-01   1.9713731E+05   1.9796007E+05   1.4293569E+05   0.0000000E+00   0.0000000E+00   0.0000000E+00   0.0000000E+00
   4.4764292E-01   1.8772081E+05   1.8772081E+05   1.1523207E-01   2.1588954E-02   5.5781227E-01   1.8694057E+05   1.8772081E+05   1.3554248E+05   0.0000000E+00   0.0000000E+00   0.0000000E+00   0.0000000E+00
   4.6400464E-01   1.7763400E+05   1.7763400E+05   1.0137687E-01   1.9013759E-02   4.9193553E-01   1.7689565E+05   1.7763400E+05   1.2825935E+05   0.0000000E+00   0.0000000E+00   0.0000000E+00   0.0000000E+00
   4.8123990E-01   1.6792039E+05   1.6792039E+05   8.9061303E-02   1.6709666E-02   4.3372214E-01   1.6722239E+05   1.6792039E+05   1.2124568E+05   0.0000000E+00   0.0000000E+00   0.0000000E+00   0.0000000E+00
   4.9945056E-01   1.5867204E+05   1.5867204E+05   7.8200114E-02   1.4659014E-02   3.8068797E-01   1.5801247E+05   1.5867204E+05   1.1456797E+05   0.0000000E+00   0.0000000E+00   0.0000000E+00   0.0000000E+00
   5.1875903E-01   1.4968262E+05   1.4968262E+05   6.8338050E-02   1.2818327E-02   3.3379289E-01   1.4906039E+05   1.4968262E+05   1.0807721E+05   0.0000000E+00   0.0000000E+00   0.0000000E+00   0.0000000E+00
   5.3931361E-01   1.4090587E+05   1.4090587E+05   5.9525697E-02   1.1164526E-02   2.9091446E-01   1.4032011E+05   1.4090587E+05   1.0174001E+05   0.0000000E+00   0.0000000E+00   0.0000000E+00   0.0000000E+00
   5.6129535E-01   1.3243923E+05   1.3243923E+05   5.1640469E-02   9.6878655E-03   2.5302664E-01   1.3188865E+05   1.3243923E+05   9.5626724E+04   0.0000000E+00   0.0000000E+00   0.0000000E+00   0.0000000E+00
   5.8492679E-01   1.2420128E+05   1.2420128E+05   4.4606346E-02   8.3660241E-03   2.1886590E-01   1.2368494E+05   1.2420128E+05   8.9678568E+04   0.0000000E+00   0.0000000E+00   0.0000000E+00   0.0000000E+00
   6.1048299E-01   1.1614635E+05   1.1614635E+05   3.8284451E-02   7.1821848E-03   1.8833117E-01   1.1566347E+05   1.1614635E+05   8.3862556E+04   0.0000000E+00   0.0000000E+00   0.0000000E+00   0.0000000E+00
   6.3830466E-01   1.0829818E+05   1.0829818E+05   3.2655648E-02   6.1258188E-03   1.6079405E-01   1.0784792E+05   1.0829818E+05   7.8195840E+04   0.0000000E+00   0.0000000E+00   0.0000000E+00   0.0000000E+00
   6.6881284E-01   1.0060458E+05   1.0060458E+05   2.7630494E-02   5.1833364E-03   1.3623696E-01   1.0018630E+05   1.0060458E+05   7.2640734E+04   0.0000000E+00   0.0000000E+00   0.0000000E+00   0.0000000E+00
   7.0252227E-01   9.3067755E+04   9.3067755E+04   2.3164979E-02   4.3459103E-03   1.1450088E-01   9.2680802E+04   9.3067755E+04   6.7198820E+04   0.0000000E+00   0.0000000E+00   0.0000000E+00   0.0000000E+00
   7.4004713E-01   8.5674524E+04   8.5674524E+04   1.9216134E-02   3.6052588E-03   9.5152816E-02   8.5318302E+04   8.5674524E+04   6.1860591E+04   0.0000000E+00   0.0000000E+00   0.0000000E+00   0.0000000E+00
   7.8208747E-01   7.8437679E+04   7.8437679E+04   1.5751594E-02   2.9554184E-03   7.8151488E-02   7.8111539E+04   7.8437679E+04   5.6635281E+04   0.0000000E+00   0.0000000E+00   0.0000000E+00   0.0000000E+00
   8.2937956E-01   7.1385801E+04   7.1385801E+04   1.2746651E-02   2.3917290E-03   6.3233208E-02   7.1088976E+04   7.1385801E+04   5.1543526E+04   0.0000000E+00   0.0000000E+00   0.0000000E+00   0.0000000E+00
   8.8259945E-01   6.4576573E+04   6.4576573E+04   1.0181718E-02   1.9105359E-03   5.0684338E-02   6.4308057E+04   6.4576573E+04   4.6626976E+04   0.0000000E+00   0.0000000E+00   0.0000000E+00   0.0000000E+00
   9.4223960E-01   5.8089185E+04   5.8089185E+04   8.0357767E-03   1.5079320E-03   4.0098340E-02   5.7847639E+04   5.8089185E+04   4.1942808E+04   0.0000000E+00   0.0000000E+00   0.0000000E+00   0.0000000E+00
   1.0085275E+00   5.2007505E+04   5.2007505E+04   6.2853209E-03   1.1784239E-03   3.1346519E-02   5.1791245E+04   5.2007505E+04   3.7551580E+04   0.0000000E+00   0.0000000E+00   0.0000000E+00   0.0000000E+00
   1.0814639E+00   4.6398571E+04   4.6398571E+04   4.8727630E-03   9.1430778E-04   2.4398746E-02   4.6205630E+04   4.6398571E+04   3.3501694E+04   0.0000000E+00   0.0000000E+00   0.0000000E+00   0.0000000E+00
   1.1609728E+00   4.1297263E+04   4.1297263E+04   3.7628088E-03   7.0613995E-04   1.8837769E-02   4.1125533E+04   4.1297263E+04   2.9818336E+04   0.0000000E+00   0.0000000E+00   0.0000000E+00   0.0000000E+00
   1.2470595E+00   3.6702371E+04   3.6702371E+04   2.8981951E-03   5.4392015E-04   1.4535228E-02   3.6549747E+04   3.6702371E+04   2.6500632E+04   0.0000000E+00   0.0000000E+00   0.0000000E+00   0.0000000E+00
   1.3398880E+00   3.2587365E+04   3.2587365E+04   2.2289556E-03   4.1833969E-04   1.1202780E-02   3.2451851E+04   3.2587365E+04   2.3529427E+04   0.0000000E+00   0.0000000E+00   0.0000000E+00   0.0000000E+00
   1.4397798E+00   2.8914515E+04   2.8914515E+04   1.7127664E-03   3.2147114E-04   8.6233837E-03   2.8794273E+04   2.8914515E+04   2.0877476E+04   0.0000000E+00   0.0000000E+00   0.0000000E+00   0.0000000E+00
   1.5471757E+00   2.5641563E+04   2.5641563E+04   1.3153096E-03   2.4687973E-04   6.6312351E-03   2.5534932E+04   2.5641563E+04   1.8514269E+04   0.0000000E+00   0.0000000E+00   0.0000000E+00   0.0000000E+00
   1.6626010E+00   2.2728172E+04   2.2728172E+04   1.0077860E-03   1.8950053E-04   5.0941650E-03   2.2633655E+04   2.2728172E+04   1.6410679E+04   0.0000000E+00   0.0000000E+00   0.0000000E+00   0.0000000E+00
   1.7866426E+00   2.0136555E+04   2.0136555E+04   7.7468303E-04   1.4538976E-04   3.9164814E-03   2.0052815E+04   2.0136555E+04   1.4539425E+04   0.0000000E+00   0.0000000E+00   0.0000000E+00   0.0000000E+00
   1.9199399E+00   1.7832701E+04   1.7832701E+04   5.9406239E-04   1.1149831E-04   3.0095189E-03   1.7758542E+04   1.7832701E+04   1.2875947E+04   0.0000000E+00   0.0000000E+00   0.0000000E+00   0.0000000E+00
   2.0631824E+00   1.5785714E+04   1.5785714E+04   4.5548323E-04   8.5470951E-05   2.2967233E-03   1.5720067E+04   1.5785714E+04   1.1397937E+04   0.0000000E+00   0.0000000E+00   0.0000000E+00   0.0000000E+00
   2.2171120E+00   1.3967994E+04   1.3967994E+04   3.4893090E-04   6.5492423E-05   1.7670822E-03   1.3909906E+04   1.3967994E+04   1.0085469E+04   0.0000000E+00   0.0000000E+00   0.0000000E+00   0.0000000E+00
   2.3825259E+00   1.2354681E+04   1.2354681E+04   2.6724622E-04   5.0163978E-05   1.3603361E-03   1.2303302E+04   1.2354681E+04   8.9205897E+03   0.0000000E+00   0.0000000E+00   0.0000000E+00   0.0000000E+00
   2.5602809E+00   1.0923498E+04   1.0923498E+04   2.0461078E-04   3.8408418E-05   1.0348507E-03   1.0878071E+04   1.0923498E+04   7.8872162E+03   0.0000000E+00   0.0000000E+00   0.0000000E+00   0.0000000E+00
   2.7512979E+00   9.6545042E+03   9.6545042E+03   1.5659794E-04   2.9396738E-05   7.9550814E-04   9.6143542E+03   9.6545042E+03   6.9709503E+03   0.0000000E+00   0.0000000E+00   0.0000000E+00   0.0000000E+00
   2.9565663E+00   8.5298462E+03   8.5298462E+03   1.1980897E-04   2.2491353E-05   6.0737999E-04   8.4943732E+03   8.5298462E+03   6.1589008E+03   0.0000000E+00   0.0000000E+00   0.0000000E+00   0.0000000E+00
   3.1771493E+00   7.5335564E+03   7.5335564E+03   9.1637754E-05   1.7202048E-05   4.6878902E-04   7.5022266E+03   7.5335564E+03   5.4395384E+03   0.0000000E+00   0.0000000E+00   0.0000000E+00   0.0000000E+00
   3.4141895E+00   6.6513686E+03   6.6513686E+03   7.0059096E-05   1.3152191E-05   3.5639227E-04   6.6237075E+03   6.6513686E+03   4.8025624E+03   0.0000000E+00   0.0000000E+00   0.0000000E+00   0.0000000E+00
   3.6689148E+00   5.8705454E+03   5.8705454E+03   5.3549340E-05   1.0052485E-05   2.7389866E-04   5.8461315E+03   5.8705454E+03   4.2387758E+03   0.0000000E+00   0.0000000E+00   0.0000000E+00   0.0000000E+00
   3.9426445E+00   5.1797229E+03   5.1797229E+03   4.0913809E-05   7.6808747E-06   2.0837913E-04   5.1581819E+03   5.1797229E+03   3.7399735E+03   0.0000000E+00   0.0000000E+00   0.0000000E+00   0.0000000E+00
   4.2367967E+00   4.5687696E+03   4.5687696E+03   3.1252259E-05   5.8669727E-06   1.5817226E-04   4.5497693E+03   4.5687696E+03   3.2988400E+03   0.0000000E+00   0.0000000E+00   0.0000000E+00   0.0000000E+00
   4.5528949E+00   4.0286588E+03   4.0286588E+03   2.3862636E-05   4.4800971E-06   1.2003434E-04   4.0119047E+03   4.0286588E+03   2.9088577E+03   0.0000000E+00   0.0000000E+00   0.0000000E+00   0.0000000E+00
   4.8925765E+00   3.5513537E+03   3.5513537E+03   1.8212242E-05   3.4200680E-06   9.3025222E-05   3.5365846E+03   3.5513537E+03   2.5642238E+03   0.0000000E+00   0.0000000E+00   0.0000000E+00   0.0000000E+00
   5.2576010E+00   3.1297031E+03   3.1297031E+03   1.3902670E-05   2.6101180E-06   7.0907046E-05   3.1166875E+03   3.1297031E+03   2.2597746E+03   0.0000000E+00   0.0000000E+00   0.0000000E+00   0.0000000E+00
   5.6498592E+00   2.7573477E+03   2.7573477E+03   1.0606209E-05   1.9914397E-06   5.3486858E-05   2.7458807E+03   2.7573477E+03   1.9909187E+03   0.0000000E+00   0.0000000E+00   0.0000000E+00   0.0000000E+00
   6.0713829E+00   2.4286360E+03   2.4286360E+03   8.0951244E-06   1.5190064E-06   4.0879502E-05   2.4185360E+03   2.4286360E+03   1.7535753E+03   0.0000000E+00   0.0000000E+00   0.0000000E+00   0.0000000E+00
   6.5243556E+00   2.1385478E+03   2.1385478E+03   6.1677015E-06   1.1583529E-06   3.1771414E-05   2.1296542E+03   2.1385478E+03   1.5441197E+03   0.0000000E+00   0.0000000E+00   0.0000000E+00   0.0000000E+00
   7.0111236E+00   1.8826266E+03   1.8826266E+03   4.7026164E-06   8.8311017E-07   2.3833553E-05   1.8747972E+03   1.8826266E+03   1.3593340E+03   0.0000000E+00   0.0000000E+00   0.0000000E+00   0.0000000E+00
   7.5342083E+00   1.6569179E+03   1.6569179E+03   3.5841053E-06   6.7310780E-07   1.8618751E-05   1.6500272E+03   1.6569179E+03   1.1963630E+03   0.0000000E+00   0.0000000E+00   0.0000000E+00   0.0000000E+00
   8.0963192E+00   1.4579150E+03   1.4579150E+03   2.7321804E-06   5.1292532E-07   1.4018904E-05   1.4518519E+03   1.4579150E+03   1.0526747E+03   0.0000000E+00   0.0000000E+00   0.0000000E+00   0.0000000E+00
   8.7003680E+00   1.2825091E+03   1.2825091E+03   2.0804084E-06   3.9077475E-07   1.0849795E-05   1.2771755E+03   1.2825091E+03   9.2602445E+02   0.0000000E+00   0.0000000E+00   0.0000000E+00   0.0000000E+00
   9.3494836E+00   1.1279462E+03   1.1279462E+03   1.5844884E-06   2.9764968E-07   7.9470980E-06   1.1232553E+03   1.1279462E+03   8.1442363E+02   0.0000000E+00   0.0000000E+00   0.0000000E+00   0.0000000E+00
   1.0047028E+01   9.9178694E+02   9.9178694E+02   1.2061905E-06   2.2667004E-07   6.2446596E-06   9.8766235E+02   9.9178694E+02   7.1611104E+02   0.0000000E+00   0.0000000E+00   0.0000000E+00   0.0000000E+00
