#           k/h    CDM            baryon         photon         nu             mass_nu        total          no_nu          total_de       Weyl           v_CDM          v_b            v_b-v_c     
   9.6741434E-06   2.1416254E+07   2.1416254E+07   2.8541025E+07   -1.6951005E+06   -4.6441953E+07   2.1416274E+07   2.1416254E+07   8.5847409E+06   0.0000000E+00   0.0000000E+00   0.0000000E+00   0.0000000E+00
   1.0395910E-05   2.1416271E+07   2.1416271E+07   2.8538884E+07   -1.6950749E+06   -4.6441088E+07   2.1416291E+07   2.1416271E+07   8.5847443E+06   0.0000000E+00   0.0000000E+00   0.0000000E+00   0.0000000E+00
   1.1171527E-05   2.1416291E+07   2.1416291E+07   2.8536413E+07   -1.6950454E+06   -4.6440089E+07   2.1416310E+07   2.1416291E+07   8.5847482E+06   0.0000000E+00   0.0000000E+00   0.0000000E+00   0.0000000E+00
   1.2005010E-05   2.1416313E+07   2.1416313E+07   2.8533559E+07   -1.6950112E+06   -4.6438936E+07   2.1416332E+07   2.1416313E+07   8.5847527E+06   0.0000000E+00   0.0000000E+00   0.0000000E+00   0.0000000E+00
   1.2900678E-05   2.1416340E+07   2.1416340E+07   2.8530263E+07   -1.6949718E+06   -4.6437604E+07   2.1416358E+07   2.1416340E+07   8.5847579E+06   0.0000000E+00   0.0000000E+00   0.0000000E+00   0.0000000E+00
   1.3863169E-05   2.1416370E+07   2.1416370E+07   2.8526458E+07   -1.6949263E+06   -4.6436066E+07   2.1416388E+07   2.1416370E+07   8.5847640E+06   0.0000000E+00   0.0000000E+00   0.0000000E+00   0.0000000E+00
   1.4897470E-05   2.1416405E+07   2.1416405E+07   2.8522064E+07   -1.6948737E+06   -4.6434290E+07   2.1416423E+07   2.1416405E+07   8.5847709E+06   0.0000000E+00   0.0000000E+00   0.0000000E+00   0.0000000E+00
   1.6008938E-05   2.1416446E+07   2.1416446E+07   2.8516991E+07   -1.6948130E+06   -4.6432239E+07   2.1416463E+07   2.1416446E+07   8.5847790E+06   0.0000000E+00   0.0000000E+00   0.0000000E+00   0.0000000E+00
   1.7203330E-05   2.1416493E+07   2.1416493E+07   2.8511134E+07   -1.6947429E+06   -4.6429871E+07   2.1416509E+07   2.1416493E+07   8.5847882E+06   0.0000000E+00   0.0000000E+00   0.0000000E+00   0.0000000E+00
   1.8486833E-05   2.1416547E+07   2.1416547E+07   2.8504372E+07   -1.6946620E+06   -4.6427136E+07   2.1416562E+07   2.1416547E+07   8.5847990E+06   0.0000000E+00   0.0000000E+00   0.0000000E+00   0.0000000E+00
   1.9866096E-05   2.1416609E+07   2.1416609E+07   2.8496565E+07   -1.6945685E+06   -4.6423979E+07   2.1416623E+07   2.1416609E+07   8.5848114E+06   0.0000000E+00   0.0000000E+00   0.0000000E+00   0.0000000E+00
   2.1348262E-05   2.1416681E+07   2.1416681E+07   2.8487552E+07   -1.6944606E+06   -4.6420333E+07   2.1416694E+07   2.1416681E+07   8.5848256E+06   0.0000000E+00   0.0000000E+00   0.0000000E+00   0.0000000E+00
   2.2941009E-05   2.1416764E+07   2.1416764E+07   2.8477146E+07   -1.6943360E+06   -4.6416123E+07   2.1416776E+07   2.1416764E+07   8.5848422E+06   0.0000000E+00   0.0000000E+00   0.0000000E+00   0.0000000E+00
   2.4652588E-05   2.1416860E+07   2.1416860E+07   2.8465135E+07   -1.6941921E+06   -4.6411263E+07   2.1416871E+07   2.1416860E+07   8.5848612E+06   0.0000000E+00   0.0000000E+00   0.0000000E+00   0.0000000E+00
   2.6491864E-05   2.1416971E+07   2.1416971E+07   2.8451270E+07   -1.6940260E+06   -4.6405651E+07   2.1416980E+07   2.1416971E+07   8.5848832E+06   0.0000000E+00   0.0000000E+00   0.0000000E+00   0.0000000E+00
   2.8468365E-05   2.1417099E+07   2.1417099E+07   2.8435267E+07   -1.6938342E+06   -4.6399172E+07   2.1417106E+07   2.1417099E+07   8.5849086E+06   0.0000000E+00   0.0000000E+00   0.0000000E+00   0.0000000E+00
   3.0592328E-05   2.1417247E+07   2.1417247E+07   2.8416796E+07   -1.6936127E+06   -4.6391691E+07   2.1417251E+07   2.1417247E+07   8.5849379E+06   0.0000000E+00   0.0000000E+00   0.0000000E+00   0.0000000E+00
   3.2874755E-05   2.1417417E+07   2.1417417E+07   2.8395480E+07   -1.6933570E+06   -4.6383055E+07   2.1417419E+07   2.1417417E+07   8.5849718E+06   0.0000000E+00   0.0000000E+00   0.0000000E+00   0.0000000E+00
   3.5327469E-05   2.1417614E+07   2.1417614E+07   2.8370882E+07   -1.6930618E+06   -4.6373084E+07   2.1417613E+07   2.1417614E+07   8.5850108E+06   0.0000000E+00   0.0000000E+00   0.0000000E+00   0.0000000E+00
   3.7963175E-05   2.1417841E+07   2.1417841E+07   2.8342501E+07   -1.6927210E+06   -4.6361574E+07   2.1417837E+07   2.1417841E+07   8.5850559E+06   0.0000000E+00   0.0000000E+00   0.0000000E+00   0.0000000E+00
   4.0795525E-05   2.1418104E+07   2.1418104E+07   2.8309758E+07   -1.6923276E+06   -4.6348288E+07   2.1418095E+07   2.1418104E+07   8.5851080E+06   0.0000000E+00   0.0000000E+00   0.0000000E+00   0.0000000E+00
   4.3839190E-05   2.1418407E+07   2.1418407E+07   2.8271989E+07   -1.6918734E+06   -4.6332951E+07   2.1418394E+07   2.1418407E+07   8.5851681E+06   0.0000000E+00   0.0000000E+00   0.0000000E+00   0.0000000E+00
   4.7109937E-05   2.1418756E+07   2.1418756E+07   2.8228431E+07   -1.6913491E+06   -4.6315249E+07   2.1418738E+07   2.1418756E+07   8.5852374E+06   0.0000000E+00   0.0000000E+00   0.0000000E+00   0.0000000E+00
   5.0624707E-05   2.1419160E+07   2.1419160E+07   2.8178205E+07   -1.6907439E+06   -4.6294819E+07   2.1419135E+07   2.1419160E+07   8.5853174E+06   0.0000000E+00   0.0000000E+00   0.0000000E+00   0.0000000E+00
   5.4401706E-05   2.1419626E+07   2.1419626E+07   2.8120304E+07   -1.6900455E+06   -4.6271243E+07   2.1419594E+07   2.1419626E+07   8.5854097E+06   0.0000000E+00   0.0000000E+00   0.0000000E+00   0.0000000E+00
   5.8460500E-05   2.1420163E+07   2.1420163E+07   2.8053573E+07   -1.6892394E+06   -4.6244038E+07   2.1420123E+07   2.1420163E+07   8.5855161E+06   0.0000000E+00   0.0000000E+00   0.0000000E+00   0.0000000E+00
   6.2822110E-05   2.1420783E+07   2.1420783E+07   2.7976690E+07   -1.6883092E+06   -4.6212650E+07   2.1420734E+07   2.1420783E+07   8.5856389E+06   0.0000000E+00   0.0000000E+00   0.0000000E+00   0.0000000E+00
   6.7509132E-05   2.1421499E+07   2.1421499E+07   2.7888140E+07   -1.6872359E+06   -4.6176440E+07   2.1421438E+07   2.1421499E+07   8.5857805E+06   0.0000000E+00   0.0000000E+00   0.0000000E+00   0.0000000E+00
   7.2545841E-05   2.1422324E+07   2.1422324E+07   2.7786196E+07   -1.6859976E+06   -4.6134674E+07   2.1422251E+07   2.1422324E+07   8.5859437E+06   0.0000000E+00   0.0000000E+00   0.0000000E+00   0.0000000E+00
   7.7958329E-05   2.1423276E+07   2.1423276E+07   2.7668888E+07   -1.6845692E+06   -4.6086509E+07   2.1423188E+07   2.1423276E+07   8.5861319E+06   0.0000000E+00   0.0000000E+00   0.0000000E+00   0.0000000E+00
   8.3774631E-05   2.1424373E+07   2.1424373E+07   2.7533973E+07   -1.6829218E+06   -4.6030976E+07   2.1424269E+07   2.1424373E+07   8.5863487E+06   0.0000000E+00   0.0000000E+00   0.0000000E+00   0.0000000E+00
   9.0024874E-05   2.1425638E+07   2.1425638E+07   2.7378906E+07   -1.6810221E+06   -4.5966963E+07   2.1425515E+07   2.1425638E+07   8.5865984E+06   0.0000000E+00   0.0000000E+00   0.0000000E+00   0.0000000E+00
   9.6741434E-05   2.1427096E+07   2.1427096E+07   2.7200809E+07   -1.6788320E+06   -4.5893196E+07   2.1426950E+07   2.1427096E+07   8.5868859E+06   0.0000000E+00   0.0000000E+00   0.0000000E+00   0.0000000E+00
   1.0395910E-04   2.1428776E+07   2.1428776E+07   2.6996435E+07   -1.6763077E+06   -4.5808215E+07   2.1428604E+07   2.1428776E+07   8.5872168E+06   0.0000000E+00   0.0000000E+00   0.0000000E+00   0.0000000E+00
   1.1171527E-04   2.1430711E+07   2.1430711E+07   2.6762134E+07   -1.6733992E+06   -4.5710353E+07   2.1430509E+07   2.1430711E+07   8.5875974E+06   0.0000000E+00   0.0000000E+00   0.0000000E+00   0.0000000E+00
   1.2005010E-04   2.1432939E+07   2.1432939E+07   2.6493830E+07   -1.6700491E+06   -4.5597706E+07   2.1432703E+07   2.1432939E+07   8.5880349E+06   0.0000000E+00   0.0000000E+00   0.0000000E+00   0.0000000E+00
   1.2900678E-04   2.1435502E+07   2.1435502E+07   2.6186989E+07   -1.6661918E+06   -4.5468103E+07   2.1435226E+07   2.1435502E+07   8.5885375E+06   0.0000000E+00   0.0000000E+00   0.0000000E+00   0.0000000E+00
   1.3863169E-04   2.1438450E+07   2.1438450E+07   2.5836610E+07   -1.6617526E+06   -4.5319078E+07   2.1438129E+07   2.1438450E+07   8.5891144E+06   0.0000000E+00   0.0000000E+00   0.0000000E+00   0.0000000E+00
   1.4897470E-04   2.1441839E+07   2.1441839E+07   2.5437216E+07   -1.6566464E+06   -4.5147832E+07   2.1441465E+07   2.1441839E+07   8.5897759E+06   0.0000000E+00   0.0000000E+00   0.0000000E+00   0.0000000E+00
   1.6008938E-04   2.1445731E+07   2.1445731E+07   2.4982876E+07   -1.6507766E+06   -4.4951203E+07   2.1445296E+07   2.1445731E+07   8.5905337E+06   0.0000000E+00   0.0000000E+00   0.0000000E+00   0.0000000E+00
   1.7203330E-04   2.1450198E+07   2.1450198E+07   2.4467251E+07   -1.6440337E+06   -4.4725626E+07   2.1449692E+07   2.1450198E+07   8.5914005E+06   0.0000000E+00   0.0000000E+00   0.0000000E+00   0.0000000E+00
   1.8486833E-04   2.1455319E+07   2.1455319E+07   2.3883674E+07   -1.6362940E+06   -4.4467101E+07   2.1454733E+07   2.1455319E+07   8.5923907E+06   0.0000000E+00   0.0000000E+00   0.0000000E+00   0.0000000E+00
   1.9866096E-04   2.1461183E+07   2.1461183E+07   2.3225285E+07   -1.6274185E+06   -4.4171160E+07   2.1460504E+07   2.1461183E+07   8.5935199E+06   0.0000000E+00   0.0000000E+00   0.0000000E+00   0.0000000E+00
   2.1348262E-04   2.1467890E+07   2.1467890E+07   2.2485233E+07   -1.6172515E+06   -4.3832844E+07   2.1467104E+07   2.1467890E+07   8.5948050E+06   0.0000000E+00   0.0000000E+00   0.0000000E+00   0.0000000E+00
   2.2941009E-04   2.1475550E+07   2.1475550E+07   2.1656953E+07   -1.6056196E+06   -4.3446684E+07   2.1474641E+07   2.1475550E+07   8.5962642E+06   0.0000000E+00   0.0000000E+00   0.0000000E+00   0.0000000E+00
   2.4652588E-04   2.1484282E+07   2.1484282E+07   2.0734553E+07   -1.5923306E+06   -4.3006702E+07   2.1483231E+07   2.1484282E+07   8.5979164E+06   0.0000000E+00   0.0000000E+00   0.0000000E+00   0.0000000E+00
   2.6491864E-04   2.1494216E+07   2.1494216E+07   1.9713310E+07   -1.5771736E+06   -4.2506424E+07   2.1493003E+07   2.1494216E+07   8.5997814E+06   0.0000000E+00   0.0000000E+00   0.0000000E+00   0.0000000E+00
   2.8468365E-04   2.1505492E+07   2.1505492E+07   1.8590307E+07   -1.5599189E+06   -4.1938933E+07   2.1504092E+07   2.1505492E+07   8.6018788E+06   0.0000000E+00   0.0000000E+00   0.0000000E+00   0.0000000E+00
   3.0592328E-04   2.1518256E+07   2.1518256E+07   1.7365210E+07   -1.5403193E+06   -4.1296950E+07   2.1516642E+07   2.1518256E+07   8.6042273E+06   0.0000000E+00   0.0000000E+00   0.0000000E+00   0.0000000E+00
   3.2874755E-04   2.1532660E+07   2.1532660E+07   1.6041172E+07   -1.5181122E+06   -4.0572967E+07   2.1530801E+07   2.1532660E+07   8.6068437E+06   0.0000000E+00   0.0000000E+00   0.0000000E+00   0.0000000E+00
   3.5327469E-04   2.1548854E+07   2.1548854E+07   1.4625853E+07   -1.4930238E+06   -3.9759439E+07   2.1546715E+07   2.1548854E+07   8.6097409E+06   0.0000000E+00   0.0000000E+00   0.0000000E+00   0.0000000E+00
   3.7963175E-04   2.1566985E+07   2.1566985E+07   1.3132463E+07   -1.4647751E+06   -3.8849054E+07   2.1564524E+07   2.1566985E+07   8.6129264E+06   0.0000000E+00   0.0000000E+00   0.0000000E+00   0.0000000E+00
   4.0795525E-04   2.1587184E+07   2.1587184E+07   1.1580735E+07   -1.4330900E+06   -3.7835086E+07   2.1584357E+07   2.1587184E+07   8.6163991E+06   0.0000000E+00   0.0000000E+00   0.0000000E+00   0.0000000E+00
   4.3839190E-04   2.1609557E+07   2.1609557E+07   9.9976335E+06   -1.3977074E+06   -3.6711838E+07   2.1606313E+07   2.1609557E+07   8.6201464E+06   0.0000000E+00   0.0000000E+00   0.0000000E+00   0.0000000E+00
   4.7109937E-04   2.1634174E+07   2.1634174E+07   8.4175427E+06   -1.3583952E+06   -3.5475187E+07   2.1630456E+07   2.1634174E+07   8.6241403E+06   0.0000000E+00   0.0000000E+00   0.0000000E+00   0.0000000E+00
   5.0624707E-04   2.1661047E+07   2.1661047E+07   6.8816213E+06   -1.3149699E+06   -3.4123220E+07   2.1656792E+07   2.1661047E+07   8.6283325E+06   0.0000000E+00   0.0000000E+00   0.0000000E+00   0.0000000E+00
   5.4401706E-04   2.1690114E+07   2.1690114E+07   5.4359481E+06   -1.2673178E+06   -3.2656924E+07   2.1685252E+07   2.1690114E+07   8.6326502E+06   0.0000000E+00   0.0000000E+00   0.0000000E+00   0.0000000E+00
   5.8460500E-04   2.1721216E+07   2.1721216E+07   4.1281364E+06   -1.2154210E+06   -3.1080897E+07   2.1715669E+07   2.1721216E+07   8.6369901E+06   0.0000000E+00   0.0000000E+00   0.0000000E+00   0.0000000E+00
   6.2822110E-04   2.1754070E+07   2.1754070E+07   3.0022490E+06   -1.1593837E+06   -2.9404003E+07   2.1747754E+07   2.1754070E+07   8.6412141E+06   0.0000000E+00   0.0000000E+00   0.0000000E+00   0.0000000E+00
   6.7509132E-04   2.1788249E+07   2.1788249E+07   2.0922130E+06   -1.0994586E+06   -2.7639845E+07   2.1781073E+07   2.1788249E+07   8.6451456E+06   0.0000000E+00   0.0000000E+00   0.0000000E+00   0.0000000E+00
   7.2545841E-04   2.1823159E+07   2.1823159E+07   1.4145329E+06   -1.0360694E+06   -2.5806948E+07   2.1815026E+07   2.1823159E+07   8.6485670E+06   0.0000000E+00   0.0000000E+00   0.0000000E+00   0.0000000E+00
   7.7958329E-04   2.1858027E+07   2.1858027E+07   9.6190766E+05   -9.6982315E+05   -2.3928479E+07   2.1848833E+07   2.1858027E+07   8.6512212E+06   0.0000000E+00   0.0000000E+00   0.0000000E+00   0.0000000E+00
   8.3774631E-04   2.1891900E+07   2.1891900E+07   7.0016573E+05   -9.0150911E+05   -2.2031400E+07   2.1881538E+07   2.1891900E+07   8.6528166E+06   0.0000000E+00   0.0000000E+00   0.0000000E+00   0.0000000E+00
   9.0024874E-04   2.1923661E+07   2.1923661E+07   5.7130662E+05   -8.3207687E+05   -2.0144968E+07   2.1912021E+07   2.1923661E+07   8.6530363E+06   0.0000000E+00   0.0000000E+00   0.0000000E+00   0.0000000E+00
   9.6741434E-04   2.1952063E+07   2.1952063E+07   5.0468779E+05   -7.6259015E+05   -1.8298669E+07   2.1939036E+07   2.1952063E+07   8.6515524E+06   0.0000000E+00   0.0000000E+00   0.0000000E+00   0.0000000E+00
   1.0395910E-03   2.1975791E+07   2.1975791E+07   4.3582225E+05   -6.9415621E+05   -1.6519816E+07   2.1961271E+07   2.1975791E+07   8.6480435E+06   0.0000000E+00   0.0000000E+00   0.0000000E+00   0.0000000E+00
   1.1171527E-03   2.1993536E+07   2.1993536E+07   3.2775830E+05   -6.2783723E+05   -1.4831249E+07   2.1977421E+07   2.1993536E+07   8.6422126E+06   0.0000000E+00   0.0000000E+00   0.0000000E+00   0.0000000E+00
   1.2005010E-03   2.2004072E+07   2.2004072E+07   1.8507553E+05   -5.6455759E+05   -1.3249665E+07   2.1986271E+07   2.2004072E+07   8.6338010E+06   0.0000000E+00   0.0000000E+00   0.0000000E+00   0.0000000E+00
   1.2900678E-03   2.2006329E+07   2.2006329E+07   4.8935094E+04   -5.0502782E+05   -1.1785061E+07   2.1986762E+07   2.2006329E+07   8.6225949E+06   0.0000000E+00   0.0000000E+00   0.0000000E+00   0.0000000E+00
   1.3863169E-03   2.1999430E+07   2.1999430E+07   -3.1560097E+04   -4.4970642E+05   -1.0441405E+07   2.1978032E+07   2.1999430E+07   8.6084210E+06   0.0000000E+00   0.0000000E+00   0.0000000E+00   0.0000000E+00
   1.4897470E-03   2.1982694E+07   2.1982694E+07   -3.9406295E+04   -3.9881128E+05   -9.2181685E+06   2.1959414E+07   2.1982694E+07   8.5911326E+06   0.0000000E+00   0.0000000E+00   0.0000000E+00   0.0000000E+00
   1.6008938E-03   2.1955595E+07   2.1955595E+07   -1.0452746E+04   -3.5237310E+05   -8.1119627E+06   2.1930399E+07   2.1955595E+07   8.5705923E+06   0.0000000E+00   0.0000000E+00   0.0000000E+00   0.0000000E+00
   1.7203330E-03   2.1917711E+07   2.1917711E+07   -6.3026554E+03   -3.1030226E+05   -7.1175796E+06   2.1890578E+07   2.1917711E+07   8.5466595E+06   0.0000000E+00   0.0000000E+00   0.0000000E+00   0.0000000E+00
   1.8486833E-03   2.1868686E+07   2.1868686E+07   -5.1392229E+04   -2.7243589E+05   -6.2284230E+06   2.1839601E+07   2.1868686E+07   8.5191885E+06   0.0000000E+00   0.0000000E+00   0.0000000E+00   0.0000000E+00
   1.9866096E-03   2.1808205E+07   2.1808205E+07   -1.0125632E+05   -2.3855321E+05   -5.4369172E+06   2.1777160E+07   2.1808205E+07   8.4880334E+06   0.0000000E+00   0.0000000E+00   0.0000000E+00   0.0000000E+00
   2.1348262E-03   2.1735993E+07   2.1735993E+07   -9.9266060E+04   -2.0838088E+05   -4.7352256E+06   2.1702975E+07   2.1735993E+07   8.4530505E+06   0.0000000E+00   0.0000000E+00   0.0000000E+00   0.0000000E+00
   2.2941009E-03   2.1651788E+07   2.1651788E+07   -6.2465428E+04   -1.8161709E+05   -4.1156791E+06   2.1616781E+07   2.1651788E+07   8.4140920E+06   0.0000000E+00   0.0000000E+00   0.0000000E+00   0.0000000E+00
   2.4652588E-03   2.1555320E+07   2.1555320E+07   -5.5556363E+04   -1.5796512E+05   -3.5704661E+06   2.1518300E+07   2.1555320E+07   8.3709986E+06   0.0000000E+00   0.0000000E+00   0.0000000E+00   0.0000000E+00
   2.6491864E-03   2.1446296E+07   2.1446296E+07   -7.4885557E+04   -1.3714049E+05   -3.0916702E+06   2.1407237E+07   2.1446296E+07   8.3236028E+06   0.0000000E+00   0.0000000E+00   0.0000000E+00   0.0000000E+00
   2.8468365E-03   2.1324417E+07   2.1324417E+07   -6.7059203E+04   -1.1885830E+05   -2.6722864E+06   2.1283294E+07   2.1324417E+07   8.2717359E+06   0.0000000E+00   0.0000000E+00   0.0000000E+00   0.0000000E+00
   3.0592328E-03   2.1189368E+07   2.1189368E+07   -5.3487879E+04   -1.0284465E+05   -2.3061536E+06   2.1146162E+07   2.1189368E+07   8.2152269E+06   0.0000000E+00   0.0000000E+00   0.0000000E+00   0.0000000E+00
   3.2874755E-03   2.1040807E+07   2.1040807E+07   -5.9083025E+04   -8.8854289E+04   -1.9869203E+06   2.0995508E+07   2.1040807E+07   8.1538972E+06   0.0000000E+00   0.0000000E+00   0.0000000E+00   0.0000000E+00
   3.5327469E-03   2.0878372E+07   2.0878372E+07   -4.5663163E+04   -7.6656962E+04   -1.7091310E+06   2.0830980E+07   2.0878372E+07   8.0875653E+06   0.0000000E+00   0.0000000E+00   0.0000000E+00   0.0000000E+00
   3.7963175E-03   2.0701682E+07   2.0701682E+07   -4.3001922E+04   -6.6040790E+04   -1.4681123E+06   2.0652212E+07   2.0701682E+07   8.0160465E+06   0.0000000E+00   0.0000000E+00   0.0000000E+00   0.0000000E+00
   4.0795525E-03   2.0510330E+07   2.0510330E+07   -4.3002959E+04   -5.6820543E+04   -1.2589054E+06   2.0458822E+07   2.0510330E+07   7.9391551E+06   0.0000000E+00   0.0000000E+00   0.0000000E+00   0.0000000E+00
   4.3839190E-03   2.0303909E+07   2.0303909E+07   -3.1632783E+04   -4.8822571E+04   -1.0780443E+06   2.0250437E+07   2.0303909E+07   7.8567112E+06   0.0000000E+00   0.0000000E+00   0.0000000E+00   0.0000000E+00
   4.7109937E-03   2.0082012E+07   2.0082012E+07   -3.3498519E+04   -4.1896920E+04   -9.2159674E+05   2.0026678E+07   2.0082012E+07   7.7685364E+06   0.0000000E+00   0.0000000E+00   0.0000000E+00   0.0000000E+00
   5.0624707E-03   1.9844240E+07   1.9844240E+07   -2.6560593E+04   -3.5906767E+04   -7.8669412E+05   1.9787144E+07   1.9844240E+07   7.6744477E+06   0.0000000E+00   0.0000000E+00   0.0000000E+00   0.0000000E+00
   5.4401706E-03   1.9590190E+07   1.9590190E+07   -2.3884457E+04   -3.0733409E+04   -6.7037012E+05   1.9531415E+07   1.9590190E+07   7.5742569E+06   0.0000000E+00   0.0000000E+00   0.0000000E+00   0.0000000E+00
   5.8460500E-03   1.9319442E+07   1.9319442E+07   -2.2726719E+04   -2.6270793E+04   -5.7042501E+05   1.9259084E+07   1.9319442E+07   7.4677845E+06   0.0000000E+00   0.0000000E+00   0.0000000E+00   0.0000000E+00
   6.2822110E-03   1.9031556E+07   1.9031556E+07   -1.6923219E+04   -2.2426668E+04   -4.8449595E+05   1.8969762E+07   1.9031556E+07   7.3548600E+06   0.0000000E+00   0.0000000E+00   0.0000000E+00   0.0000000E+00
   6.7509132E-03   1.8726095E+07   1.8726095E+07   -1.6233687E+04   -1.9118750E+04   -4.1074765E+05   1.8663041E+07   1.8726095E+07   7.2353083E+06   0.0000000E+00   0.0000000E+00   0.0000000E+00   0.0000000E+00
   7.2545841E-03   1.8402641E+07   1.8402641E+07   -1.4757935E+04   -1.6275389E+04   -3.4763075E+05   1.8338490E+07   1.8402641E+07   7.1089474E+06   0.0000000E+00   0.0000000E+00   0.0000000E+00   0.0000000E+00
   7.7958329E-03   1.8060783E+07   1.8060783E+07   -1.2830892E+04   -1.3834475E+04   -2.9366430E+05   1.7995702E+07   1.8060783E+07   6.9756064E+06   0.0000000E+00   0.0000000E+00   0.0000000E+00   0.0000000E+00
   8.3774631E-03   1.7700088E+07   1.7700088E+07   -1.0506367E+04   -1.1741457E+04   -2.4757159E+05   1.7634274E+07   1.7700088E+07   6.8351174E+06   0.0000000E+00   0.0000000E+00   0.0000000E+00   0.0000000E+00
   9.0024874E-03   1.7320107E+07   1.7320107E+07   -8.8967120E+03   -9.9488046E+03   -2.0825630E+05   1.7253768E+07   1.7320107E+07   6.6873005E+06   0.0000000E+00   0.0000000E+00   0.0000000E+00   0.0000000E+00
   9.6741434E-03   1.6920401E+07   1.6920401E+07   -7.8316619E+03   -8.4151788E+03   -1.7480067E+05   1.6853747E+07   1.6920401E+07   6.5319781E+06   0.0000000E+00   0.0000000E+00   0.0000000E+00   0.0000000E+00
   1.0395910E-02   1.6500544E+07   1.6500544E+07   -6.9020856E+03   -7.1048132E+03   -1.4637238E+05   1.6433797E+07   1.6500544E+07   6.3689814E+06   0.0000000E+00   0.0000000E+00   0.0000000E+00   0.0000000E+00
   1.1171527E-02   1.6060103E+07   1.6060103E+07   -5.8842461E+03   -5.9865664E+03   -1.2224075E+05   1.5993503E+07   1.6060103E+07   6.1981439E+06   0.0000000E+00   0.0000000E+00   0.0000000E+00   0.0000000E+00
   1.2005010E-02   1.5598680E+07   1.5598680E+07   -4.5838316E+03   -5.0334877E+03   -1.0182844E+05   1.5532454E+07   1.5598680E+07   6.0193002E+06   0.0000000E+00   0.0000000E+00   0.0000000E+00   0.0000000E+00
   1.2900678E-02   1.5115926E+07   1.5115926E+07   -4.0000413E+03   -4.2223165E+03   -8.4600046E+04   1.5050324E+07   1.5115926E+07   5.8323186E+06   0.0000000E+00   0.0000000E+00   0.0000000E+00   0.0000000E+00
   1.3863169E-02   1.4611565E+07   1.4611565E+07   -3.4501362E+03   -3.5329384E+03   -7.0040957E+04   1.4546831E+07   1.4611565E+07   5.6370858E+06   0.0000000E+00   0.0000000E+00   0.0000000E+00   0.0000000E+00
   1.4897470E-02   1.4085466E+07   1.4085466E+07   -2.8947529E+03   -2.9479713E+03   -5.7823229E+04   1.4021849E+07   1.4085466E+07   5.4335497E+06   0.0000000E+00   0.0000000E+00   0.0000000E+00   0.0000000E+00
   1.6008938E-02   1.3537684E+07   1.3537684E+07   -2.3197427E+03   -2.4524664E+03   -4.7550524E+04   1.3475431E+07   1.3537684E+07   5.2217270E+06   0.0000000E+00   0.0000000E+00   0.0000000E+00   0.0000000E+00
   1.7203330E-02   1.2968570E+07   1.2968570E+07   -2.0073482E+03   -2.0335508E+03   -3.8952800E+04   1.2907928E+07   1.2968570E+07   5.0017515E+06   0.0000000E+00   0.0000000E+00   0.0000000E+00   0.0000000E+00
   1.8486833E-02   1.2378867E+07   1.2378867E+07   -1.6908388E+03   -1.6801436E+03   -3.1782559E+04   1.2320074E+07   1.2378867E+07   4.7739046E+06   0.0000000E+00   0.0000000E+00   0.0000000E+00   0.0000000E+00
   1.9866095E-02   1.1769861E+07   1.1769861E+07   -1.3868490E+03   -1.3827364E+03   -2.5816736E+04   1.1713146E+07   1.1769861E+07   4.5386798E+06   0.0000000E+00   0.0000000E+00   0.0000000E+00   0.0000000E+00
   2.1348259E-02   1.1143536E+07   1.1143536E+07   -1.1080651E+03   -1.1331733E+03   -2.0872947E+04   1.1089116E+07   1.1143536E+07   4.2968386E+06   0.0000000E+00   0.0000000E+00   0.0000000E+00   0.0000000E+00
   2.2940991E-02   1.0502764E+07   1.0502764E+07   -9.6986837E+02   -9.2445686E+02   -1.6791884E+04   1.0450834E+07   1.0502764E+07   4.0494844E+06   0.0000000E+00   0.0000000E+00   0.0000000E+00   0.0000000E+00
   2.4652493E-02   9.8515088E+06   9.8515088E+06   -7.3471170E+02   -7.5058939E+02   -1.3435871E+04   9.8022386E+06   9.8515088E+06   3.7981417E+06   0.0000000E+00   0.0000000E+00   0.0000000E+00   0.0000000E+00
   2.6491429E-02   9.1950397E+06   9.1950397E+06   -6.0199611E+02   -6.0643523E+02   -1.0690758E+04   9.1485659E+06   9.1950397E+06   3.5448381E+06   0.0000000E+00   0.0000000E+00   0.0000000E+00   0.0000000E+00
   2.8466623E-02   8.5401616E+06   8.5401616E+06   -4.8232194E+02   -4.8759854E+02   -8.4641003E+03   8.4965780E+06   8.5401616E+06   3.2921929E+06   0.0000000E+00   0.0000000E+00   0.0000000E+00   0.0000000E+00
   3.0586197E-02   7.8954553E+06   7.8954553E+06   -3.9902680E+02   -3.9032644E+02   -6.6713389E+03   7.8548029E+06   7.8954553E+06   3.0435093E+06   0.0000000E+00   0.0000000E+00   0.0000000E+00   0.0000000E+00
   3.2855618E-02   7.2714756E+06   7.2714756E+06   -3.2691461E+02   -3.1142130E+02   -5.2337291E+03   7.2337314E+06   7.2714756E+06   2.8028516E+06   0.0000000E+00   0.0000000E+00   0.0000000E+00   0.0000000E+00
   3.5274172E-02   6.6806891E+06   6.6806891E+06   -2.6985402E+02   -2.4814434E+02   -4.1041257E+03   6.6457551E+06   6.6806891E+06   2.5750204E+06   0.0000000E+00   0.0000000E+00   0.0000000E+00   0.0000000E+00
   3.7830211E-02   6.1366741E+06   6.1366741E+06   -2.1484395E+02   -1.9811429E+02   -3.2234703E+03   6.1043713E+06   6.1366741E+06   2.3652447E+06   0.0000000E+00   0.0000000E+00   0.0000000E+00   0.0000000E+00
   4.0497605E-02   5.6520415E+06   5.6520415E+06   -1.7514116E+02   -1.5917824E+02   -2.5470598E+03   5.6221135E+06   5.6520415E+06   2.1783805E+06   0.0000000E+00   0.0000000E+00   0.0000000E+00   0.0000000E+00
   4.3237618E-02   5.2352550E+06   5.2352550E+06   -1.3683811E+02   -1.2931278E+02   -2.0353671E+03   5.2073894E+06   5.2352550E+06   2.0176848E+06   0.0000000E+00   0.0000000E+00   0.0000000E+00   0.0000000E+00
   4.6008141E-02   4.8879501E+06   4.8879501E+06   -1.0679761E+02   -1.0660776E+02   -1.6533504E+03   4.8618150E+06   4.8879501E+06   1.8837835E+06   0.0000000E+00   0.0000000E+00   0.0000000E+00   0.0000000E+00
   4.8775336E-02   4.6047013E+06   4.6047013E+06   -9.4366336E+01   -8.9340732E+01   -1.3663472E+03   4.5799839E+06   4.6047013E+06   1.7745814E+06   0.0000000E+00   0.0000000E+00   0.0000000E+00   0.0000000E+00
   5.1520041E-02   4.3752954E+06   4.3752954E+06   -8.3468710E+01   -7.6073331E+01   -1.1470478E+03   4.3517293E+06   4.3752954E+06   1.6861389E+06   0.0000000E+00   0.0000000E+00   0.0000000E+00   0.0000000E+00
   5.4236866E-02   4.1877044E+06   4.1877044E+06   -7.1014573E+01   -6.5690529E+01   -9.7739440E+02   4.1650816E+06   4.1877044E+06   1.6138181E+06   0.0000000E+00   0.0000000E+00   0.0000000E+00   0.0000000E+00
   5.6929652E-02   4.0302300E+06   4.0302300E+06   -6.1552467E+01   -5.7373854E+01   -8.4321025E+02   4.0084011E+06   4.0302300E+06   1.5531088E+06   0.0000000E+00   0.0000000E+00   0.0000000E+00   0.0000000E+00
   5.9607015E-02   3.8925487E+06   3.8925487E+06   -5.3960232E+01   -5.0541933E+01   -7.3408411E+02   3.8714167E+06   3.8925487E+06   1.5000313E+06   0.0000000E+00   0.0000000E+00   0.0000000E+00   0.0000000E+00
   6.2279381E-02   3.7660413E+06   3.7660413E+06   -4.6863505E+01   -4.4788303E+01   -6.4322511E+02   3.7455538E+06   3.7660413E+06   1.4512632E+06   0.0000000E+00   0.0000000E+00   0.0000000E+00   0.0000000E+00
   6.4957381E-02   3.6438065E+06   3.6438065E+06   -4.0810597E+01   -3.9831314E+01   -5.6614996E+02   3.6239470E+06   3.6438065E+06   1.4041443E+06   0.0000000E+00   0.0000000E+00   0.0000000E+00   0.0000000E+00
   6.7651126E-02   3.5205824E+06   3.5205824E+06   -3.6838658E+01   -3.5477377E+01   -4.9944202E+02   3.5013620E+06   3.5205824E+06   1.3566465E+06   0.0000000E+00   0.0000000E+00   0.0000000E+00   0.0000000E+00
   7.0369958E-02   3.3926663E+06   3.3926663E+06   -3.4508470E+01   -3.1594817E+01   -4.4037753E+02   3.3741156E+06   3.3926663E+06   1.3073427E+06   0.0000000E+00   0.0000000E+00   0.0000000E+00   0.0000000E+00
   7.3122426E-02   3.2578491E+06   3.2578491E+06   -3.1192910E+01   -2.8095868E+01   -3.8734573E+02   3.2400102E+06   3.2578491E+06   1.2553814E+06   0.0000000E+00   0.0000000E+00   0.0000000E+00   0.0000000E+00
   7.5916363E-02   3.1153543E+06   3.1153543E+06   -2.5718555E+01   -2.4923771E+01   -3.4027683E+02   3.0982733E+06   3.1153543E+06   1.2004633E+06   0.0000000E+00   0.0000000E+00   0.0000000E+00   0.0000000E+00
   7.8758988E-02   2.9657589E+06   2.9657589E+06   -2.3651020E+01   -2.2043330E+01   -2.9869839E+02   2.9494783E+06   2.9657589E+06   1.1428105E+06   0.0000000E+00   0.0000000E+00   0.0000000E+00   0.0000000E+00
   8.1657020E-02   2.8108729E+06   2.8108729E+06   -2.0952452E+01   -1.9433975E+01   -2.6037388E+02   2.7954251E+06   2.8108729E+06   1.0831205E+06   0.0000000E+00   0.0000000E+00   0.0000000E+00   0.0000000E+00
   8.4616778E-02   2.6535586E+06   2.6535586E+06   -1.8440693E+01   -1.7083983E+01   -2.2734420E+02   2.6389600E+06   2.6535586E+06   1.0224960E+06   0.0000000E+00   0.0000000E+00   0.0000000E+00   0.0000000E+00
   8.7644263E-02   2.4974750E+06   2.4974750E+06   -1.5506572E+01   -1.4986324E+01   -1.9737015E+02   2.4837215E+06   2.4974750E+06   9.6234675E+05   0.0000000E+00   0.0000000E+00   0.0000000E+00   0.0000000E+00
   9.0745238E-02   2.3467434E+06   2.3467434E+06   -1.4287036E+01   -1.3134921E+01   -1.7145049E+02   2.3338081E+06   2.3467434E+06   9.0426084E+05   0.0000000E+00   0.0000000E+00   0.0000000E+00   0.0000000E+00
   9.3925283E-02   2.2055421E+06   2.2055421E+06   -1.2602007E+01   -1.1522077E+01   -1.4922668E+02   2.1933746E+06   2.2055421E+06   8.4984809E+05   0.0000000E+00   0.0000000E+00   0.0000000E+00   0.0000000E+00
   9.7189850E-02   2.0776508E+06   2.0776508E+06   -1.1125542E+01   -1.0136419E+01   -1.3021933E+02   2.0661795E+06   2.0776508E+06   8.0056473E+05   0.0000000E+00   0.0000000E+00   0.0000000E+00   0.0000000E+00
   1.0054430E-01   1.9659819E+06   1.9659819E+06   -9.9438079E+00   -8.9617986E+00   -1.1405580E+02   1.9551189E+06   1.9659819E+06   7.5753291E+05   0.0000000E+00   0.0000000E+00   0.0000000E+00   0.0000000E+00
   1.0399393E-01   1.8721519E+06   1.8721519E+06   -8.2610354E+00   -7.9769410E+00   -1.0066644E+02   1.8617999E+06   1.8721519E+06   7.2137526E+05   0.0000000E+00   0.0000000E+00   0.0000000E+00   0.0000000E+00
   1.0754403E-01   1.7961527E+06   1.7961527E+06   -7.9626421E+00   -7.1559350E+00   -8.9709709E+01   1.7862142E+06   1.7961527E+06   6.9208864E+05   0.0000000E+00   0.0000000E+00   0.0000000E+00   0.0000000E+00
   1.1119985E-01   1.7361943E+06   1.7361943E+06   -6.6803014E+00   -6.4695411E+00   -8.0406523E+01   1.7265814E+06   1.7361943E+06   6.6898314E+05   0.0000000E+00   0.0000000E+00   0.0000000E+00   0.0000000E+00
   1.1496668E-01   1.6887746E+06   1.6887746E+06   -6.1956735E+00   -5.8871034E+00   -7.2467469E+01   1.6794186E+06   1.6887746E+06   6.5070930E+05   0.0000000E+00   0.0000000E+00   0.0000000E+00   0.0000000E+00
   1.1884982E-01   1.6490186E+06   1.6490186E+06   -5.6802824E+00   -5.3789092E+00   -6.5684479E+01   1.6398776E+06   1.6490186E+06   6.3538863E+05   0.0000000E+00   0.0000000E+00   0.0000000E+00   0.0000000E+00
   1.2285459E-01   1.6112868E+06   1.6112868E+06   -5.1180759E+00   -4.9186666E+00   -5.9667001E+01   1.6023502E+06   1.6112868E+06   6.2084814E+05   0.0000000E+00   0.0000000E+00   0.0000000E+00   0.0000000E+00
   1.2698639E-01   1.5700041E+06   1.5700041E+06   -4.9015324E+00   -4.4857422E+00   -5.4038028E+01   1.5612920E+06   1.5700041E+06   6.0493964E+05   0.0000000E+00   0.0000000E+00   0.0000000E+00   0.0000000E+00
   1.3125064E-01   1.5206000E+06   1.5206000E+06   -4.3604371E+00   -4.0667615E+00   -4.8535735E+01   1.5121580E+06   1.5206000E+06   5.8590207E+05   0.0000000E+00   0.0000000E+00   0.0000000E+00   0.0000000E+00
   1.3565283E-01   1.4603966E+06   1.4603966E+06   -4.0324985E+00   -3.6562492E+00   -4.3334058E+01   1.4522851E+06   1.4603966E+06   5.6270362E+05   0.0000000E+00   0.0000000E+00   0.0000000E+00   0.0000000E+00
   1.4019852E-01   1.3892456E+06   1.3892456E+06   -3.6276778E+00   -3.2561067E+00   -3.8298453E+01   1.3815260E+06   1.3892456E+06   5.3528718E+05   0.0000000E+00   0.0000000E+00   0.0000000E+00   0.0000000E+00
   1.4489332E-01   1.3097197E+06   1.3097197E+06   -3.0969287E+00   -2.8738899E+00   -3.3492451E+01   1.3024390E+06   1.3097197E+06   5.0464402E+05   0.0000000E+00   0.0000000E+00   0.0000000E+00   0.0000000E+00
   1.4974293E-01   1.2267201E+06   1.2267201E+06   -2.7186444E+00   -2.5201253E+00   -2.9245891E+01   1.2198982E+06   1.2267201E+06   4.7266266E+05   0.0000000E+00   0.0000000E+00   0.0000000E+00   0.0000000E+00
   1.5475312E-01   1.1464813E+06   1.1464813E+06   -2.3098846E+00   -2.2051556E+00   -2.5357655E+01   1.1401033E+06   1.1464813E+06   4.4174523E+05   0.0000000E+00   0.0000000E+00   0.0000000E+00   0.0000000E+00
   1.5992975E-01   1.0751128E+06   1.0751128E+06   -2.0350192E+00   -1.9361141E+00   -2.2094572E+01   1.0691297E+06   1.0751128E+06   4.1424574E+05   0.0000000E+00   0.0000000E+00   0.0000000E+00   0.0000000E+00
   1.6527876E-01   1.0169946E+06   1.0169946E+06   -1.8308362E+00   -1.7147810E+00   -1.9455723E+01   1.0113331E+06   1.0169946E+06   3.9185179E+05   0.0000000E+00   0.0000000E+00   0.0000000E+00   0.0000000E+00
   1.7080622E-01   9.7346777E+05   9.7346777E+05   -1.6857709E+00   -1.5368521E+00   -1.7296802E+01   9.6804694E+05   9.7346777E+05   3.7508009E+05   0.0000000E+00   0.0000000E+00   0.0000000E+00   0.0000000E+00
   1.7651830E-01   9.4227930E+05   9.4227930E+05   -1.5115033E+00   -1.3928865E+00   -1.5590258E+01   9.3703062E+05   9.4227930E+05   3.6306246E+05   0.0000000E+00   0.0000000E+00   0.0000000E+00   0.0000000E+00
   1.8242129E-01   9.1809512E+05   9.1809512E+05   -1.4052501E+00   -1.2707251E+00   -1.4114813E+01   9.1297974E+05   9.1809512E+05   3.5374368E+05   0.0000000E+00   0.0000000E+00   0.0000000E+00   0.0000000E+00
   1.8852166E-01   8.9408843E+05   8.9408843E+05   -1.2405178E+00   -1.1587014E+00   -1.2752158E+01   8.8910552E+05   8.9408843E+05   3.4449334E+05   0.0000000E+00   0.0000000E+00   0.0000000E+00   0.0000000E+00
   1.9482602E-01   8.6420383E+05   8.6420383E+05   -1.1607915E+00   -1.0486519E+00   -1.1471281E+01   8.5938629E+05   8.6420383E+05   3.3297829E+05   0.0000000E+00   0.0000000E+00   0.0000000E+00   0.0000000E+00
   2.0134121E-01   8.2533973E+05   8.2533973E+05   -1.0309838E+00   -9.3770888E-01   -1.0191557E+01   8.2073778E+05   8.2533973E+05   3.1800350E+05   0.0000000E+00   0.0000000E+00   0.0000000E+00   0.0000000E+00
   2.0807428E-01   7.7855962E+05   7.7855962E+05   -8.9661978E-01   -8.2821704E-01   -8.9377620E+00   7.7421756E+05   7.7855962E+05   2.9997874E+05   0.0000000E+00   0.0000000E+00   0.0000000E+00   0.0000000E+00
   2.1503256E-01   7.2868148E+05   7.2868148E+05   -8.0036094E-01   -7.2578022E-01   -7.7911142E+00   7.2461675E+05   7.2868148E+05   2.8076038E+05   0.0000000E+00   0.0000000E+00   0.0000000E+00   0.0000000E+00
   2.2222369E-01   6.8221094E+05   6.8221094E+05   -7.0068630E-01   -6.3621260E-01   -6.7763601E+00   6.7840470E+05   6.8221094E+05   2.6285502E+05   0.0000000E+00   0.0000000E+00   0.0000000E+00   0.0000000E+00
   2.2965567E-01   6.4437986E+05   6.4437986E+05   -5.9948287E-01   -5.6265790E-01   -5.9632009E+00   6.4078402E+05   6.4437986E+05   2.4827849E+05   0.0000000E+00   0.0000000E+00   0.0000000E+00   0.0000000E+00
   2.3733693E-01   6.1664846E+05   6.1664846E+05   -5.4249786E-01   -5.0415199E-01   -5.3018947E+00   6.1320678E+05   6.1664846E+05   2.3759339E+05   0.0000000E+00   0.0000000E+00   0.0000000E+00   0.0000000E+00
   2.4527637E-01   5.9602166E+05   5.9602166E+05   -4.9185656E-01   -4.5625266E-01   -4.7745633E+00   5.9269456E+05   5.9602166E+05   2.2964571E+05   0.0000000E+00   0.0000000E+00   0.0000000E+00   0.0000000E+00
   2.5348347E-01   5.7673560E+05   5.7673560E+05   -4.5437685E-01   -4.1336386E-01   -4.3015813E+00   5.7351567E+05   5.7673560E+05   2.2221464E+05   0.0000000E+00   0.0000000E+00   0.0000000E+00   0.0000000E+00
   2.6196836E-01   5.5355720E+05   5.5355720E+05   -4.0509916E-01   -3.7146402E-01   -3.8306236E+00   5.5046622E+05   5.5355720E+05   2.1328388E+05   0.0000000E+00   0.0000000E+00   0.0000000E+00   0.0000000E+00
   2.7074192E-01   5.2482331E+05   5.2482331E+05   -3.5614949E-01   -3.2972134E-01   -3.3882568E+00   5.2189237E+05   5.2482331E+05   2.0221264E+05   0.0000000E+00   0.0000000E+00   0.0000000E+00   0.0000000E+00
   2.7981590E-01   4.9325435E+05   4.9325435E+05   -3.1344047E-01   -2.9010997E-01   -2.9625881E+00   4.9049935E+05   4.9325435E+05   1.9004909E+05   0.0000000E+00   0.0000000E+00   0.0000000E+00   0.0000000E+00
   2.8920306E-01   4.6385182E+05   4.6385182E+05   -2.7932334E-01   -2.5538907E-01   -2.5939717E+00   4.6126073E+05   4.6385182E+05   1.7872027E+05   0.0000000E+00   0.0000000E+00   0.0000000E+00   0.0000000E+00
   2.9891730E-01   4.4021630E+05   4.4021630E+05   -2.4872932E-01   -2.2687641E-01   -2.2908746E+00   4.3775695E+05   4.4021630E+05   1.6961349E+05   0.0000000E+00   0.0000000E+00   0.0000000E+00   0.0000000E+00
   3.0897388E-01   4.2197547E+05   4.2197547E+05   -2.1954370E-01   -2.0354901E-01   -2.0413854E+00   4.1961778E+05   4.2197547E+05   1.6258527E+05   0.0000000E+00   0.0000000E+00   0.0000000E+00   0.0000000E+00
   3.1938957E-01   4.0539550E+05   4.0539550E+05   -1.9851634E-01   -1.8300489E-01   -1.8290642E+00   4.0313021E+05   4.0539550E+05   1.5619699E+05   0.0000000E+00   0.0000000E+00   0.0000000E+00   0.0000000E+00
   3.3018296E-01   3.8674849E+05   3.8674849E+05   -1.7856412E-01   -1.6335870E-01   -1.6220392E+00   3.8458720E+05   3.8674849E+05   1.4901230E+05   0.0000000E+00   0.0000000E+00   0.0000000E+00   0.0000000E+00
   3.4137470E-01   3.6551495E+05   3.6551495E+05   -1.5711608E-01   -1.4443086E-01   -1.4255063E+00   3.6347212E+05   3.6551495E+05   1.4083105E+05   0.0000000E+00   0.0000000E+00   0.0000000E+00   0.0000000E+00
   3.5298787E-01   3.4443981E+05   3.4443981E+05   -1.3874440E-01   -1.2729318E-01   -1.2494774E+00   3.4251461E+05   3.4443981E+05   1.3271084E+05   0.0000000E+00   0.0000000E+00   0.0000000E+00   0.0000000E+00
   3.6504839E-01   3.2639664E+05   3.2639664E+05   -1.2214201E-01   -1.1278557E-01   -1.1011531E+00   3.2457215E+05   3.2639664E+05   1.2575884E+05   0.0000000E+00   0.0000000E+00   0.0000000E+00   0.0000000E+00
   3.7758550E-01   3.1136452E+05   3.1136452E+05   -1.0971591E-01   -1.0056499E-01   -9.7860279E-01   3.0962391E+05   3.1136452E+05   1.1996699E+05   0.0000000E+00   0.0000000E+00   0.0000000E+00   0.0000000E+00
   3.9063241E-01   2.9684524E+05   2.9684524E+05   -9.7558500E-02   -8.9577846E-02   -8.6627854E-01   2.9518568E+05   2.9684524E+05   1.1437275E+05   0.0000000E+00   0.0000000E+00   0.0000000E+00   0.0000000E+00
   4.0422696E-01   2.8111711E+05   2.8111711E+05   -8.6134022E-02   -7.9221117E-02   -7.6320199E-01   2.7954537E+05   2.8111711E+05   1.0831275E+05   0.0000000E+00   0.0000000E+00   0.0000000E+00   0.0000000E+00
   4.1841264E-01   2.6516998E+05   2.6516998E+05   -7.5748302E-02   -6.9745390E-02   -6.6763185E-01   2.6368731E+05   2.6516998E+05   1.0216838E+05   0.0000000E+00   0.0000000E+00   0.0000000E+00   0.0000000E+00
   4.3323962E-01   2.5085370E+05   2.5085370E+05   -6.6935045E-02   -6.1540732E-02   -5.8607806E-01   2.4945099E+05   2.5085370E+05   9.6652367E+04   0.0000000E+00   0.0000000E+00   0.0000000E+00   0.0000000E+00
   4.4876626E-01   2.3808676E+05   2.3808676E+05   -5.9206540E-02   -5.4436822E-02   -5.1625717E-01   2.3675536E+05   2.3808676E+05   9.1733312E+04   0.0000000E+00   0.0000000E+00   0.0000000E+00   0.0000000E+00
   4.6506085E-01   2.2534783E+05   2.2534783E+05   -5.2194600E-02   -4.7976680E-02   -4.5271471E-01   2.2408760E+05   2.2534783E+05   8.6825057E+04   0.0000000E+00   0.0000000E+00   0.0000000E+00   0.0000000E+00
   4.8220394E-01   2.1235253E+05   2.1235253E+05   -4.5734076E-02   -4.2052262E-02   -3.9497111E-01   2.1116491E+05   2.1235253E+05   8.1818029E+04   0.0000000E+00   0.0000000E+00   0.0000000E+00   0.0000000E+00
   5.0029119E-01   2.0015687E+05   2.0015687E+05   -4.0059834E-02   -3.6822768E-02   -3.4437123E-01   1.9903740E+05   2.0015687E+05   7.7119097E+04   0.0000000E+00   0.0000000E+00   0.0000000E+00   0.0000000E+00
   5.1943718E-01   1.8884494E+05   1.8884494E+05   -3.5107366E-02   -3.2227768E-02   -2.9961000E-01   1.8778869E+05   1.8884494E+05   7.2760669E+04   0.0000000E+00   0.0000000E+00   0.0000000E+00   0.0000000E+00
   5.3978022E-01   1.7760164E+05   1.7760164E+05   -3.0563224E-02   -2.8067381E-02   -2.5968029E-01   1.7660823E+05   1.7760164E+05   6.8428684E+04   0.0000000E+00   0.0000000E+00   0.0000000E+00   0.0000000E+00
   5.6148858E-01   1.6658677E+05   1.6658677E+05   -2.6481016E-02   -2.4330210E-02   -2.2399102E-01   1.6565493E+05   1.6658677E+05   6.4184712E+04   0.0000000E+00   0.0000000E+00   0.0000000E+00   0.0000000E+00
   5.8476847E-01   1.5616729E+05   1.5616729E+05   -2.2900870E-02   -2.1028495E-02   -1.9282394E-01   1.5529370E+05   1.5616729E+05   6.0170146E+04   0.0000000E+00   0.0000000E+00   0.0000000E+00   0.0000000E+00
   6.0987420E-01   1.4593977E+05   1.4593977E+05   -1.9680278E-02   -1.8066647E-02   -1.6498980E-01   1.4512336E+05   1.4593977E+05   5.6229545E+04   0.0000000E+00   0.0000000E+00   0.0000000E+00   0.0000000E+00
   6.3712062E-01   1.3595469E+05   1.3595469E+05   -1.6800934E-02   -1.5421760E-02   -1.4019883E-01   1.3519411E+05   1.3595469E+05   5.2382352E+04   0.0000000E+00   0.0000000E+00   0.0000000E+00   0.0000000E+00
   6.6689751E-01   1.2628656E+05   1.2628656E+05   -1.4242226E-02   -1.3074372E-02   -1.1817264E-01   1.2558004E+05   1.2628656E+05   4.8657282E+04   0.0000000E+00   0.0000000E+00   0.0000000E+00   0.0000000E+00
   6.9968439E-01   1.1678609E+05   1.1678609E+05   -1.1966275E-02   -1.0984166E-02   -9.8811588E-02   1.1613270E+05   1.1678609E+05   4.4996814E+04   0.0000000E+00   0.0000000E+00   0.0000000E+00   0.0000000E+00
   7.3606101E-01   1.0753037E+05   1.0753037E+05   -9.9007132E-03   -9.1386635E-03   -8.1802578E-02   1.0692874E+05   1.0753037E+05   4.1430643E+04   0.0000000E+00   0.0000000E+00   0.0000000E+00   0.0000000E+00
   7.7670437E-01   9.8470717E+04   9.8470717E+04   -8.1915119E-03   -7.5157730E-03   -6.6949270E-02   9.7919761E+04   9.8470717E+04   3.7940021E+04   0.0000000E+00   0.0000000E+00   0.0000000E+00   0.0000000E+00
   8.2235710E-01   8.9653765E+04   8.9653765E+04   -6.6517038E-03   -6.1041375E-03   -5.4024685E-02   8.9152126E+04   8.9653765E+04   3.4542910E+04   0.0000000E+00   0.0000000E+00   0.0000000E+00   0.0000000E+00
   8.7375101E-01   8.1127688E+04   8.1127688E+04   -5.3322412E-03   -4.8929301E-03   -4.3123476E-02   8.0673742E+04   8.1127688E+04   3.1257873E+04   0.0000000E+00   0.0000000E+00   0.0000000E+00   0.0000000E+00
   9.3148820E-01   7.2976091E+04   7.2976091E+04   -4.2213906E-03   -3.8725771E-03   -3.3939180E-02   7.2567746E+04   7.2976091E+04   2.8117121E+04   0.0000000E+00   0.0000000E+00   0.0000000E+00   0.0000000E+00
   9.9592735E-01   6.5302544E+04   6.5302544E+04   -3.3044401E-03   -3.0314311E-03   -2.6441222E-02   6.4937128E+04   6.5302544E+04   2.5160559E+04   0.0000000E+00   0.0000000E+00   0.0000000E+00   0.0000000E+00
   1.0671608E+00   5.8198265E+04   5.8198265E+04   -2.5671194E-03   -2.3530016E-03   -2.0374009E-02   5.7872595E+04   5.8198265E+04   2.2423333E+04   0.0000000E+00   0.0000000E+00   0.0000000E+00   0.0000000E+00
   1.1451244E+00   5.1719790E+04   5.1719790E+04   -1.9797312E-03   -1.8160261E-03   -1.5671765E-02   5.1430367E+04   5.1719790E+04   1.9927225E+04   0.0000000E+00   0.0000000E+00   0.0000000E+00   0.0000000E+00
   1.2297699E+00   4.5880876E+04   4.5880876E+04   -1.5230939E-03   -1.3968615E-03   -1.1991377E-02   4.5624122E+04   4.5880876E+04   1.7677536E+04   0.0000000E+00   0.0000000E+00   0.0000000E+00   0.0000000E+00
   1.3211871E+00   4.0656967E+04   4.0656967E+04   -1.1695269E-03   -1.0724441E-03   -9.1585404E-03   4.0429443E+04   4.0656967E+04   1.5664804E+04   0.0000000E+00   0.0000000E+00   0.0000000E+00   0.0000000E+00
   1.4196338E+00   3.6002235E+04   3.6002235E+04   -8.9731903E-04   -8.2251514E-04   -6.9973720E-03   3.5800758E+04   3.6002235E+04   1.3871372E+04   0.0000000E+00   0.0000000E+00   0.0000000E+00   0.0000000E+00
   1.5255090E+00   3.1864333E+04   3.1864333E+04   -6.8748369E-04   -6.3043628E-04   -5.3347480E-03   3.1686010E+04   3.1864333E+04   1.2277071E+04   0.0000000E+00   0.0000000E+00   0.0000000E+00   0.0000000E+00
   1.6393123E+00   2.8189589E+04   2.8189589E+04   -5.2682914E-04   -4.8298081E-04   -4.0722483E-03   2.8031830E+04   2.8189589E+04   1.0861221E+04   0.0000000E+00   0.0000000E+00   0.0000000E+00   0.0000000E+00
   1.7616150E+00   2.4928903E+04   2.4928903E+04   -4.0347922E-04   -3.6986585E-04   -3.1081742E-03   2.4789390E+04   2.4928903E+04   9.6049045E+03   0.0000000E+00   0.0000000E+00   0.0000000E+00   0.0000000E+00
   1.8930446E+00   2.2036931E+04   2.2036931E+04   -3.0888550E-04   -2.8313333E-04   -2.3674367E-03   2.1913602E+04   2.2036931E+04   8.4906506E+03   0.0000000E+00   0.0000000E+00   0.0000000E+00   0.0000000E+00
   2.0342805E+00   1.9473430E+04   1.9473430E+04   -2.3642277E-04   -2.1666091E-04   -1.8100789E-03   1.9364447E+04   1.9473430E+04   7.5029544E+03   0.0000000E+00   0.0000000E+00   0.0000000E+00   0.0000000E+00
   2.1860537E+00   1.7201991E+04   1.7201991E+04   -1.8075508E-04   -1.6573526E-04   -1.3840142E-03   1.7105720E+04   1.7201991E+04   6.6277872E+03   0.0000000E+00   0.0000000E+00   0.0000000E+00   0.0000000E+00
   2.3491504E+00   1.5190297E+04   1.5190297E+04   -1.3825742E-04   -1.2673607E-04   -1.0548130E-03   1.5105284E+04   1.5190297E+04   5.8526977E+03   0.0000000E+00   0.0000000E+00   0.0000000E+00   0.0000000E+00
   2.5244154E+00   1.3409399E+04   1.3409399E+04   -1.0570031E-04   -9.6881503E-05   -8.0194255E-04   1.3334352E+04   1.3409399E+04   5.1665319E+03   0.0000000E+00   0.0000000E+00   0.0000000E+00   0.0000000E+00
   2.7127566E+00   1.1833449E+04   1.1833449E+04   -8.0779999E-05   -7.4035521E-05   -6.1240659E-04   1.1767222E+04   1.1833449E+04   4.5593311E+03   0.0000000E+00   0.0000000E+00   0.0000000E+00   0.0000000E+00
   2.9151495E+00   1.0439427E+04   1.0439427E+04   -6.1709348E-05   -5.6559080E-05   -4.6517539E-04   1.0381001E+04   1.0439427E+04   4.0222259E+03   0.0000000E+00   0.0000000E+00   0.0000000E+00   0.0000000E+00
   3.1326424E+00   9.2068115E+03   9.2068115E+03   -4.7154117E-05   -4.3194773E-05   -3.5513089E-04   9.1552842E+03   9.2068115E+03   3.5473091E+03   0.0000000E+00   0.0000000E+00   0.0000000E+00   0.0000000E+00
   3.3663621E+00   8.1173219E+03   8.1173219E+03   -3.5983348E-05   -3.2978472E-05   -2.7104614E-04   8.0718920E+03   8.1173219E+03   3.1275376E+03   0.0000000E+00   0.0000000E+00   0.0000000E+00   0.0000000E+00
   3.6175190E+00   7.1546889E+03   7.1546889E+03   -2.7459511E-05   -2.5171191E-05   -2.0642915E-04   7.1146465E+03   7.1546889E+03   2.7566430E+03   0.0000000E+00   0.0000000E+00   0.0000000E+00   0.0000000E+00
   3.8874143E+00   6.3044418E+03   6.3044418E+03   -2.0958086E-05   -1.9206759E-05   -1.5710380E-04   6.2691578E+03   6.3044418E+03   2.4290497E+03   0.0000000E+00   0.0000000E+00   0.0000000E+00   0.0000000E+00
   4.1774458E+00   5.5537165E+03   5.5537165E+03   -1.5994183E-05   -1.4651593E-05   -1.2003316E-04   5.5226341E+03   5.5537165E+03   2.1398014E+03   0.0000000E+00   0.0000000E+00   0.0000000E+00   0.0000000E+00
   4.4891160E+00   4.8910842E+03   4.8910842E+03   -1.2193201E-05   -1.1173749E-05   -9.1310902E-05   4.8637103E+03   4.8910842E+03   1.8844946E+03   0.0000000E+00   0.0000000E+00   0.0000000E+00   0.0000000E+00
   4.8240392E+00   4.3063961E+03   4.3063961E+03   -9.2964555E-06   -8.5192097E-06   -6.9712606E-05   4.2822945E+03   4.3063961E+03   1.6592191E+03   0.0000000E+00   0.0000000E+00   0.0000000E+00   0.0000000E+00
   5.1839502E+00   3.7906453E+03   3.7906453E+03   -7.0866471E-06   -6.4936477E-06   -5.3140046E-05   3.7694302E+03   3.7906453E+03   1.4605045E+03   0.0000000E+00   0.0000000E+00   0.0000000E+00   0.0000000E+00
   5.5707135E+00   3.3358420E+03   3.3358420E+03   -5.4000779E-06   -4.9484577E-06   -4.0401579E-05   3.3171723E+03   3.3358420E+03   1.2852725E+03   0.0000000E+00   0.0000000E+00   0.0000000E+00   0.0000000E+00
   5.9863324E+00   2.9349023E+03   2.9349023E+03   -4.1141935E-06   -3.7700321E-06   -3.0618503E-05   2.9184765E+03   2.9349023E+03   1.1307938E+03   0.0000000E+00   0.0000000E+00   0.0000000E+00   0.0000000E+00
   6.4329596E+00   2.5815483E+03   2.5815483E+03   -3.1338456E-06   -2.8715522E-06   -2.3310512E-05   2.5671001E+03   2.5815483E+03   9.9464935E+02   0.0000000E+00   0.0000000E+00   0.0000000E+00   0.0000000E+00
   6.9129088E+00   2.2702190E+03   2.2702190E+03   -2.3863789E-06   -2.1866888E-06   -1.7363530E-05   2.2575132E+03   2.2702190E+03   8.7469672E+02   0.0000000E+00   0.0000000E+00   0.0000000E+00   0.0000000E+00
   7.4286659E+00   1.9959906E+03   1.9959906E+03   -1.8172389E-06   -1.6647835E-06   -1.3293088E-05   1.9848196E+03   1.9959906E+03   7.6903879E+02   0.0000000E+00   0.0000000E+00   0.0000000E+00   0.0000000E+00
   7.9829025E+00   1.7545056E+03   1.7545056E+03   -1.3828625E-06   -1.2671585E-06   -1.0353854E-05   1.7446861E+03   1.7545056E+03   6.7599659E+02   0.0000000E+00   0.0000000E+00   0.0000000E+00   0.0000000E+00
   8.5784895E+00   1.5419087E+03   1.5419087E+03   -1.0524661E-06   -9.6429142E-07   -7.7716790E-06   1.5332791E+03   1.5419087E+03   5.9408476E+02   0.0000000E+00   0.0000000E+00   0.0000000E+00   0.0000000E+00
   9.2185120E+00   1.3547908E+03   1.3547908E+03   -8.0088156E-07   -7.3365390E-07   -5.7963487E-06   1.3472084E+03   1.3547908E+03   5.2198977E+02   0.0000000E+00   0.0000000E+00   0.0000000E+00   0.0000000E+00
   9.9062851E+00   1.1901383E+03   1.1901383E+03   -6.0909989E-07   -5.5806004E-07   -4.4028870E-06   1.1834774E+03   1.1901383E+03   4.5855050E+02   0.0000000E+00   0.0000000E+00   0.0000000E+00   0.0000000E+00
   1.0645372E+01   1.0452881E+03   1.0452881E+03   -4.6332932E-07   -4.2440310E-07   -3.4066813E-06   1.0394379E+03   1.0452881E+03   4.0274090E+02   0.0000000E+00   0.0000000E+00   0.0000000E+00   0.0000000E+00
