#           k/h    CDM            baryon         photon         nu             mass_nu        total          no_nu          total_de       Weyl           v_CDM          v_b            v_b-v_c     
   9.6741434E-06   1.9085667E+07   1.9085667E+07   2.5437676E+07   -5.1829445E+05   -1.2611380E+07   1.9085715E+07   1.9085667E+07   1.1192726E+07   0.0000000E+00   0.0000000E+00   0.0000000E+00   0.0000000E+00
   1.0395910E-05   1.9085668E+07   1.9085668E+07   2.5436149E+07   -5.1828810E+05   -1.2611168E+07   1.9085716E+07   1.9085668E+07   1.1192726E+07   0.0000000E+00   0.0000000E+00   0.0000000E+00   0.0000000E+00
   1.1171527E-05   1.9085670E+07   1.9085670E+07   2.5434386E+07   -5.1828076E+05   -1.2610924E+07   1.9085718E+07   1.9085670E+07   1.1192726E+07   0.0000000E+00   0.0000000E+00   0.0000000E+00   0.0000000E+00
   1.2005010E-05   1.9085672E+07   1.9085672E+07   2.5432351E+07   -5.1827229E+05   -1.2610642E+07   1.9085719E+07   1.9085672E+07   1.1192727E+07   0.0000000E+00   0.0000000E+00   0.0000000E+00   0.0000000E+00
   1.2900678E-05   1.9085675E+07   1.9085675E+07   2.5430000E+07   -5.1826250E+05   -1.2610316E+07   1.9085721E+07   1.9085675E+07   1.1192727E+07   0.0000000E+00   0.0000000E+00   0.0000000E+00   0.0000000E+00
   1.3863169E-05   1.9085678E+07   1.9085678E+07   2.5427286E+07   -5.1825120E+05   -1.2609940E+07   1.9085724E+07   1.9085678E+07   1.1192727E+07   0.0000000E+00   0.0000000E+00   0.0000000E+00   0.0000000E+00
   1.4897470E-05   1.9085681E+07   1.9085681E+07   2.5424152E+07   -5.1823815E+05   -1.2609506E+07   1.9085727E+07   1.9085681E+07   1.1192728E+07   0.0000000E+00   0.0000000E+00   0.0000000E+00   0.0000000E+00
   1.6008938E-05   1.9085685E+07   1.9085685E+07   2.5420534E+07   -5.1822309E+05   -1.2609004E+07   1.9085730E+07   1.9085685E+07   1.1192728E+07   0.0000000E+00   0.0000000E+00   0.0000000E+00   0.0000000E+00
   1.7203330E-05   1.9085689E+07   1.9085689E+07   2.5416356E+07   -5.1820569E+05   -1.2608425E+07   1.9085734E+07   1.9085689E+07   1.1192729E+07   0.0000000E+00   0.0000000E+00   0.0000000E+00   0.0000000E+00
   1.8486833E-05   1.9085694E+07   1.9085694E+07   2.5411532E+07   -5.1818560E+05   -1.2607756E+07   1.9085738E+07   1.9085694E+07   1.1192730E+07   0.0000000E+00   0.0000000E+00   0.0000000E+00   0.0000000E+00
   1.9866096E-05   1.9085700E+07   1.9085700E+07   2.5405963E+07   -5.1816240E+05   -1.2606984E+07   1.9085743E+07   1.9085700E+07   1.1192731E+07   0.0000000E+00   0.0000000E+00   0.0000000E+00   0.0000000E+00
   2.1348262E-05   1.9085707E+07   1.9085707E+07   2.5399533E+07   -5.1813561E+05   -1.2606093E+07   1.9085749E+07   1.9085707E+07   1.1192732E+07   0.0000000E+00   0.0000000E+00   0.0000000E+00   0.0000000E+00
   2.2941009E-05   1.9085715E+07   1.9085715E+07   2.5392109E+07   -5.1810468E+05   -1.2605063E+07   1.9085756E+07   1.9085715E+07   1.1192733E+07   0.0000000E+00   0.0000000E+00   0.0000000E+00   0.0000000E+00
   2.4652588E-05   1.9085724E+07   1.9085724E+07   2.5383539E+07   -5.1806896E+05   -1.2603875E+07   1.9085763E+07   1.9085724E+07   1.1192734E+07   0.0000000E+00   0.0000000E+00   0.0000000E+00   0.0000000E+00
   2.6491864E-05   1.9085734E+07   1.9085734E+07   2.5373646E+07   -5.1802772E+05   -1.2602502E+07   1.9085772E+07   1.9085734E+07   1.1192736E+07   0.0000000E+00   0.0000000E+00   0.0000000E+00   0.0000000E+00
   2.8468365E-05   1.9085747E+07   1.9085747E+07   2.5362227E+07   -5.1798009E+05   -1.2600918E+07   1.9085783E+07   1.9085747E+07   1.1192738E+07   0.0000000E+00   0.0000000E+00   0.0000000E+00   0.0000000E+00
   3.0592328E-05   1.9085761E+07   1.9085761E+07   2.5349045E+07   -5.1792511E+05   -1.2599088E+07   1.9085795E+07   1.9085761E+07   1.1192740E+07   0.0000000E+00   0.0000000E+00   0.0000000E+00   0.0000000E+00
   3.2874755E-05   1.9085777E+07   1.9085777E+07   2.5333832E+07   -5.1786162E+05   -1.2596976E+07   1.9085808E+07   1.9085777E+07   1.1192742E+07   0.0000000E+00   0.0000000E+00   0.0000000E+00   0.0000000E+00
   3.5327469E-05   1.9085795E+07   1.9085795E+07   2.5316274E+07   -5.1778832E+05   -1.2594537E+07   1.9085824E+07   1.9085795E+07   1.1192745E+07   0.0000000E+00   0.0000000E+00   0.0000000E+00   0.0000000E+00
   3.7963175E-05   1.9085817E+07   1.9085817E+07   2.5296012E+07   -5.1770370E+05   -1.2591722E+07   1.9085842E+07   1.9085817E+07   1.1192748E+07   0.0000000E+00   0.0000000E+00   0.0000000E+00   0.0000000E+00
   4.0795525E-05   1.9085842E+07   1.9085842E+07   2.5272633E+07   -5.1760599E+05   -1.2588472E+07   1.9085864E+07   1.9085842E+07   1.1192752E+07   0.0000000E+00   0.0000000E+00   0.0000000E+00   0.0000000E+00
   4.3839190E-05   1.9085870E+07   1.9085870E+07   2.5245661E+07   -5.1749319E+05   -1.2584720E+07   1.9085888E+07   1.9085870E+07   1.1192756E+07   0.0000000E+00   0.0000000E+00   0.0000000E+00   0.0000000E+00
   4.7109937E-05   1.9085903E+07   1.9085903E+07   2.5214547E+07   -5.1736297E+05   -1.2580390E+07   1.9085916E+07   1.9085903E+07   1.1192761E+07   0.0000000E+00   0.0000000E+00   0.0000000E+00   0.0000000E+00
   5.0624707E-05   1.9085941E+07   1.9085941E+07   2.5178662E+07   -5.1721264E+05   -1.2575392E+07   1.9085948E+07   1.9085941E+07   1.1192767E+07   0.0000000E+00   0.0000000E+00   0.0000000E+00   0.0000000E+00
   5.4401706E-05   1.9085985E+07   1.9085985E+07   2.5137281E+07   -5.1703912E+05   -1.2569623E+07   1.9085986E+07   1.9085985E+07   1.1192773E+07   0.0000000E+00   0.0000000E+00   0.0000000E+00   0.0000000E+00
   5.8460500E-05   1.9086036E+07   1.9086036E+07   2.5089574E+07   -5.1683883E+05   -1.2562966E+07   1.9086029E+07   1.9086036E+07   1.1192781E+07   0.0000000E+00   0.0000000E+00   0.0000000E+00   0.0000000E+00
   6.2822110E-05   1.9086095E+07   1.9086095E+07   2.5034588E+07   -5.1660766E+05   -1.2555285E+07   1.9086079E+07   1.9086095E+07   1.1192789E+07   0.0000000E+00   0.0000000E+00   0.0000000E+00   0.0000000E+00
   6.7509132E-05   1.9086162E+07   1.9086162E+07   2.4971231E+07   -5.1634087E+05   -1.2546422E+07   1.9086136E+07   1.9086162E+07   1.1192799E+07   0.0000000E+00   0.0000000E+00   0.0000000E+00   0.0000000E+00
   7.2545841E-05   1.9086240E+07   1.9086240E+07   2.4898252E+07   -5.1603301E+05   -1.2536198E+07   1.9086202E+07   1.9086240E+07   1.1192810E+07   0.0000000E+00   0.0000000E+00   0.0000000E+00   0.0000000E+00
   7.7958329E-05   1.9086329E+07   1.9086329E+07   2.4814226E+07   -5.1567779E+05   -1.2524406E+07   1.9086278E+07   1.9086329E+07   1.1192823E+07   0.0000000E+00   0.0000000E+00   0.0000000E+00   0.0000000E+00
   8.3774631E-05   1.9086432E+07   1.9086432E+07   2.4717522E+07   -5.1526797E+05   -1.2510807E+07   1.9086366E+07   1.9086432E+07   1.1192838E+07   0.0000000E+00   0.0000000E+00   0.0000000E+00   0.0000000E+00
   9.0024874E-05   1.9086551E+07   1.9086551E+07   2.4606287E+07   -5.1479523E+05   -1.2495128E+07   1.9086467E+07   1.9086551E+07   1.1192854E+07   0.0000000E+00   0.0000000E+00   0.0000000E+00   0.0000000E+00
   9.6741434E-05   1.9086688E+07   1.9086688E+07   2.4478415E+07   -5.1425001E+05   -1.2477055E+07   1.9086583E+07   1.9086688E+07   1.1192873E+07   0.0000000E+00   0.0000000E+00   0.0000000E+00   0.0000000E+00
   1.0395910E-04   1.9086845E+07   1.9086845E+07   2.4331522E+07   -5.1362131E+05   -1.2456228E+07   1.9086716E+07   1.9086845E+07   1.1192895E+07   0.0000000E+00   0.0000000E+00   0.0000000E+00   0.0000000E+00
   1.1171527E-04   1.9087026E+07   1.9087026E+07   2.4162915E+07   -5.1289652E+05   -1.2432236E+07   1.9086869E+07   1.9087026E+07   1.1192919E+07   0.0000000E+00   0.0000000E+00   0.0000000E+00   0.0000000E+00
   1.2005010E-04   1.9087234E+07   1.9087234E+07   2.3969567E+07   -5.1206116E+05   -1.2404608E+07   1.9087045E+07   1.9087234E+07   1.1192947E+07   0.0000000E+00   0.0000000E+00   0.0000000E+00   0.0000000E+00
   1.2900678E-04   1.9087472E+07   1.9087472E+07   2.3748088E+07   -5.1109866E+05   -1.2372806E+07   1.9087247E+07   1.9087472E+07   1.1192978E+07   0.0000000E+00   0.0000000E+00   0.0000000E+00   0.0000000E+00
   1.3863169E-04   1.9087746E+07   1.9087746E+07   2.3494706E+07   -5.0999005E+05   -1.2336219E+07   1.9087478E+07   1.9087746E+07   1.1193013E+07   0.0000000E+00   0.0000000E+00   0.0000000E+00   0.0000000E+00
   1.4897470E-04   1.9088059E+07   1.9088059E+07   2.3205247E+07   -5.0871366E+05   -1.2294151E+07   1.9087743E+07   1.9088059E+07   1.1193051E+07   0.0000000E+00   0.0000000E+00   0.0000000E+00   0.0000000E+00
   1.6008938E-04   1.9088418E+07   1.9088418E+07   2.2875132E+07   -5.0724478E+05   -1.2245813E+07   1.9088045E+07   1.9088418E+07   1.1193093E+07   0.0000000E+00   0.0000000E+00   0.0000000E+00   0.0000000E+00
   1.7203330E-04   1.9088827E+07   1.9088827E+07   2.2499388E+07   -5.0555530E+05   -1.2190312E+07   1.9088390E+07   1.9088827E+07   1.1193139E+07   0.0000000E+00   0.0000000E+00   0.0000000E+00   0.0000000E+00
   1.8486833E-04   1.9089294E+07   1.9089294E+07   2.2072676E+07   -5.0361327E+05   -1.2126645E+07   1.9088782E+07   1.9089294E+07   1.1193189E+07   0.0000000E+00   0.0000000E+00   0.0000000E+00   0.0000000E+00
   1.9866096E-04   1.9089825E+07   1.9089825E+07   2.1589355E+07   -5.0138254E+05   -1.2053684E+07   1.9089227E+07   1.9089825E+07   1.1193241E+07   0.0000000E+00   0.0000000E+00   0.0000000E+00   0.0000000E+00
   2.1348262E-04   1.9090428E+07   1.9090428E+07   2.1043583E+07   -4.9882231E+05   -1.1970171E+07   1.9089731E+07   1.9090428E+07   1.1193295E+07   0.0000000E+00   0.0000000E+00   0.0000000E+00   0.0000000E+00
   2.2941009E-04   1.9091111E+07   1.9091111E+07   2.0429469E+07   -4.9588671E+05   -1.1874710E+07   1.9090300E+07   1.9091111E+07   1.1193350E+07   0.0000000E+00   0.0000000E+00   0.0000000E+00   0.0000000E+00
   2.4652588E-04   1.9091881E+07   1.9091881E+07   1.9741297E+07   -4.9252443E+05   -1.1765763E+07   1.9090939E+07   1.9091881E+07   1.1193401E+07   0.0000000E+00   0.0000000E+00   0.0000000E+00   0.0000000E+00
   2.6491864E-04   1.9092745E+07   1.9092745E+07   1.8973822E+07   -4.8867835E+05   -1.1641651E+07   1.9091653E+07   1.9092745E+07   1.1193446E+07   0.0000000E+00   0.0000000E+00   0.0000000E+00   0.0000000E+00
   2.8468365E-04   1.9093712E+07   1.9093712E+07   1.8122669E+07   -4.8428535E+05   -1.1500556E+07   1.9092447E+07   1.9093712E+07   1.1193479E+07   0.0000000E+00   0.0000000E+00   0.0000000E+00   0.0000000E+00
   3.0592328E-04   1.9094786E+07   1.9094786E+07   1.7184843E+07   -4.7927621E+05   -1.1340542E+07   1.9093323E+07   1.9094786E+07   1.1193491E+07   0.0000000E+00   0.0000000E+00   0.0000000E+00   0.0000000E+00
   3.2874755E-04   1.9095971E+07   1.9095971E+07   1.6159356E+07   -4.7357579E+05   -1.1159571E+07   1.9094281E+07   1.9095971E+07   1.1193473E+07   0.0000000E+00   0.0000000E+00   0.0000000E+00   0.0000000E+00
   3.5327469E-04   1.9097265E+07   1.9097265E+07   1.5047962E+07   -4.6710346E+05   -1.0955554E+07   1.9095316E+07   1.9097265E+07   1.1193408E+07   0.0000000E+00   0.0000000E+00   0.0000000E+00   0.0000000E+00
   3.7963175E-04   1.9098665E+07   1.9098665E+07   1.3856006E+07   -4.5977407E+05   -1.0726395E+07   1.9096418E+07   1.9098665E+07   1.1193279E+07   0.0000000E+00   0.0000000E+00   0.0000000E+00   0.0000000E+00
   4.0795525E-04   1.9100155E+07   1.9100155E+07   1.2593296E+07   -4.5149944E+05   -1.0470082E+07   1.9097570E+07   1.9100155E+07   1.1193057E+07   0.0000000E+00   0.0000000E+00   0.0000000E+00   0.0000000E+00
   4.3839190E-04   1.9101713E+07   1.9101713E+07   1.1274957E+07   -4.4219058E+05   -1.0184779E+07   1.9098743E+07   1.9101713E+07   1.1192708E+07   0.0000000E+00   0.0000000E+00   0.0000000E+00   0.0000000E+00
   4.7109937E-04   1.9103301E+07   1.9103301E+07   9.9220828E+06   -4.3176084E+05   -9.8689651E+06   1.9099892E+07   1.9103301E+07   1.1192187E+07   0.0000000E+00   0.0000000E+00   0.0000000E+00   0.0000000E+00
   5.0624707E-04   1.9104861E+07   1.9104861E+07   8.5620240E+06   -4.2013019E+05   -9.5215908E+06   1.9100954E+07   1.9104861E+07   1.1191434E+07   0.0000000E+00   0.0000000E+00   0.0000000E+00   0.0000000E+00
   5.4401706E-04   1.9106312E+07   1.9106312E+07   7.2280201E+06   -4.0723069E+05   -9.1422605E+06   1.9101843E+07   1.9106312E+07   1.1190374E+07   0.0000000E+00   0.0000000E+00   0.0000000E+00   0.0000000E+00
   5.8460500E-04   1.9107540E+07   1.9107540E+07   5.9578935E+06   -3.9301327E+05   -8.7314363E+06   1.9102437E+07   1.9107540E+07   1.1188914E+07   0.0000000E+00   0.0000000E+00   0.0000000E+00   0.0000000E+00
   6.2822110E-04   1.9108393E+07   1.9108393E+07   4.7915063E+06   -3.7745579E+05   -8.2906420E+06   1.9102576E+07   1.9108393E+07   1.1186934E+07   0.0000000E+00   0.0000000E+00   0.0000000E+00   0.0000000E+00
   6.7509132E-04   1.9108668E+07   1.9108668E+07   3.7668025E+06   -3.6057207E+05   -7.8226466E+06   1.9102055E+07   1.9108668E+07   1.1184290E+07   0.0000000E+00   0.0000000E+00   0.0000000E+00   0.0000000E+00
   7.2545841E-04   1.9108108E+07   1.9108108E+07   2.9145221E+06   -3.4242124E+05   -7.3315940E+06   1.9100606E+07   1.9108108E+07   1.1180808E+07   0.0000000E+00   0.0000000E+00   0.0000000E+00   0.0000000E+00
   7.7958329E-04   1.9106387E+07   1.9106387E+07   2.2521376E+06   -3.2311643E+05   -6.8230359E+06   1.9097902E+07   1.9106387E+07   1.1176282E+07   0.0000000E+00   0.0000000E+00   0.0000000E+00   0.0000000E+00
   8.3774631E-04   1.9103110E+07   1.9103110E+07   1.7782125E+06   -3.0283118E+05   -6.3038234E+06   1.9093542E+07   1.9103110E+07   1.1170474E+07   0.0000000E+00   0.0000000E+00   0.0000000E+00   0.0000000E+00
   9.0024874E-04   1.9097805E+07   1.9097805E+07   1.4690880E+06   -2.8180156E+05   -5.7818193E+06   1.9087051E+07   1.9097805E+07   1.1163117E+07   0.0000000E+00   0.0000000E+00   0.0000000E+00   0.0000000E+00
   9.6741434E-04   1.9089927E+07   1.9089927E+07   1.2802376E+06   -2.6032172E+05   -5.2654145E+06   1.9077887E+07   1.9089927E+07   1.1153919E+07   0.0000000E+00   0.0000000E+00   0.0000000E+00   0.0000000E+00
   1.0395910E-03   1.9078872E+07   1.9078872E+07   1.1542477E+06   -2.3873081E+05   -4.7628791E+06   1.9065445E+07   1.9078872E+07   1.1142574E+07   0.0000000E+00   0.0000000E+00   0.0000000E+00   0.0000000E+00
   1.1171527E-03   1.9063990E+07   1.9063990E+07   1.0355663E+06   -2.1739048E+05   -4.2816344E+06   1.9049085E+07   1.9063990E+07   1.1128769E+07   0.0000000E+00   0.0000000E+00   0.0000000E+00   0.0000000E+00
   1.2005010E-03   1.9044617E+07   1.9044617E+07   8.8864968E+05   -1.9665424E+05   -3.8275985E+06   1.9028149E+07   1.9044617E+07   1.1112203E+07   0.0000000E+00   0.0000000E+00   0.0000000E+00   0.0000000E+00
   1.2900678E-03   1.9020103E+07   1.9020103E+07   7.1182624E+05   -1.7683354E+05   -3.4047814E+06   1.9001999E+07   1.9020103E+07   1.1092595E+07   0.0000000E+00   0.0000000E+00   0.0000000E+00   0.0000000E+00
   1.3863169E-03   1.8989841E+07   1.8989841E+07   5.3687410E+05   -1.5816841E+05   -3.0152678E+06   1.8970044E+07   1.8989841E+07   1.1069694E+07   0.0000000E+00   0.0000000E+00   0.0000000E+00   0.0000000E+00
   1.4897470E-03   1.8953285E+07   1.8953285E+07   4.0826576E+05   -1.4081174E+05   -2.6595772E+06   1.8931754E+07   1.8953285E+07   1.1043273E+07   0.0000000E+00   0.0000000E+00   0.0000000E+00   0.0000000E+00
   1.6008938E-03   1.8909953E+07   1.8909953E+07   3.4893221E+05   -1.2483363E+05   -2.3372049E+06   1.8886662E+07   1.8909953E+07   1.1013126E+07   0.0000000E+00   0.0000000E+00   0.0000000E+00   0.0000000E+00
   1.7203330E-03   1.8859413E+07   1.8859413E+07   3.3619272E+05   -1.1024322E+05   -2.0470301E+06   1.8834351E+07   1.8859413E+07   1.0979050E+07   0.0000000E+00   0.0000000E+00   0.0000000E+00   0.0000000E+00
   1.8486833E-03   1.8801262E+07   1.8801262E+07   3.1546468E+05   -9.7015801E+04   -1.7874161E+06   1.8774426E+07   1.8801262E+07   1.0940835E+07   0.0000000E+00   0.0000000E+00   0.0000000E+00   0.0000000E+00
   1.9866096E-03   1.8735109E+07   1.8735109E+07   2.5192018E+05   -8.5108800E+04   -1.5561873E+06   1.8706502E+07   1.8735109E+07   1.0898263E+07   0.0000000E+00   0.0000000E+00   0.0000000E+00   0.0000000E+00
   2.1348262E-03   1.8660573E+07   1.8660573E+07   1.7103775E+05   -7.4460611E+04   -1.3508889E+06   1.8630197E+07   1.8660573E+07   1.0851105E+07   0.0000000E+00   0.0000000E+00   0.0000000E+00   0.0000000E+00
   2.2941009E-03   1.8577286E+07   1.8577286E+07   1.2796278E+05   -6.4985380E+04   -1.1693322E+06   1.8545139E+07   1.8577286E+07   1.0799137E+07   0.0000000E+00   0.0000000E+00   0.0000000E+00   0.0000000E+00
   2.4652588E-03   1.8484883E+07   1.8484883E+07   1.2842184E+05   -5.6582584E+04   -1.0097288E+06   1.8450957E+07   1.8484883E+07   1.0742130E+07   0.0000000E+00   0.0000000E+00   0.0000000E+00   0.0000000E+00
   2.6491864E-03   1.8382991E+07   1.8382991E+07   1.2013209E+05   -4.9157342E+04   -8.7005650E+05   1.8347270E+07   1.8382991E+07   1.0679845E+07   0.0000000E+00   0.0000000E+00   0.0000000E+00   0.0000000E+00
   2.8468365E-03   1.8271217E+07   1.8271217E+07   8.6774044E+04   -4.2624770E+04   -7.4782027E+05   1.8233688E+07   1.8271217E+07   1.0612036E+07   0.0000000E+00   0.0000000E+00   0.0000000E+00   0.0000000E+00
   3.0592328E-03   1.8149170E+07   1.8149170E+07   7.0833023E+04   -3.6896275E+04   -6.4103721E+05   1.8109823E+07   1.8149170E+07   1.0538457E+07   0.0000000E+00   0.0000000E+00   0.0000000E+00   0.0000000E+00
   3.2874755E-03   1.8016453E+07   1.8016453E+07   6.7827766E+04   -3.1881837E+04   -5.4839618E+05   1.7975285E+07   1.8016453E+07   1.0458863E+07   0.0000000E+00   0.0000000E+00   0.0000000E+00   0.0000000E+00
   3.5327469E-03   1.7872652E+07   1.7872652E+07   4.6806333E+04   -2.7505176E+04   -4.6800424E+05   1.7829671E+07   1.7872652E+07   1.0372999E+07   0.0000000E+00   0.0000000E+00   0.0000000E+00   0.0000000E+00
   3.7963175E-03   1.7717348E+07   1.7717348E+07   4.1996627E+04   -2.3694816E+04   -3.9824957E+05   1.7672574E+07   1.7717348E+07   1.0280611E+07   0.0000000E+00   0.0000000E+00   0.0000000E+00   0.0000000E+00
   4.0795525E-03   1.7550113E+07   1.7550113E+07   4.0625554E+04   -2.0380841E+04   -3.3833187E+05   1.7503588E+07   1.7550113E+07   1.0181447E+07   0.0000000E+00   0.0000000E+00   0.0000000E+00   0.0000000E+00
   4.3839190E-03   1.7370519E+07   1.7370519E+07   2.5580758E+04   -1.7506999E+04   -2.8648640E+05   1.7322315E+07   1.7370519E+07   1.0075259E+07   0.0000000E+00   0.0000000E+00   0.0000000E+00   0.0000000E+00
   4.7109937E-03   1.7178152E+07   1.7178152E+07   2.7638529E+04   -1.5017580E+04   -2.4196027E+05   1.7128368E+07   1.7178152E+07   9.9618084E+06   0.0000000E+00   0.0000000E+00   0.0000000E+00   0.0000000E+00
   5.0624707E-03   1.6972612E+07   1.6972612E+07   1.8954184E+04   -1.2864264E+04   -2.0377317E+05   1.6921348E+07   1.6972612E+07   9.8408512E+06   0.0000000E+00   0.0000000E+00   0.0000000E+00   0.0000000E+00
   5.4401706E-03   1.6753504E+07   1.6753504E+07   1.9197900E+04   -1.1004412E+04   -1.7112828E+05   1.6700844E+07   1.6753504E+07   9.7121359E+06   0.0000000E+00   0.0000000E+00   0.0000000E+00   0.0000000E+00
   5.8460500E-03   1.6520425E+07   1.6520425E+07   1.3013248E+04   -9.4008843E+03   -1.4320781E+05   1.6466454E+07   1.6520425E+07   9.5754197E+06   0.0000000E+00   0.0000000E+00   0.0000000E+00   0.0000000E+00
   6.2822110E-03   1.6272957E+07   1.6272957E+07   1.2645927E+04   -8.0198766E+03   -1.1957487E+05   1.6217805E+07   1.6272957E+07   9.4304759E+06   0.0000000E+00   0.0000000E+00   0.0000000E+00   0.0000000E+00
   6.7509132E-03   1.6010688E+07   1.6010688E+07   1.0810300E+04   -6.8323912E+03   -9.9341679E+04   1.5954519E+07   1.6010688E+07   9.2770770E+06   0.0000000E+00   0.0000000E+00   0.0000000E+00   0.0000000E+00
   7.2545841E-03   1.5733230E+07   1.5733230E+07   7.7605401E+03   -5.8119810E+03   -8.2273981E+04   1.5676196E+07   1.5733230E+07   9.1149835E+06   0.0000000E+00   0.0000000E+00   0.0000000E+00   0.0000000E+00
   7.7958329E-03   1.5440206E+07   1.5440206E+07   6.3351170E+03   -4.9365469E+03   -6.7903748E+04   1.5382455E+07   1.5440206E+07   8.9439672E+06   0.0000000E+00   0.0000000E+00   0.0000000E+00   0.0000000E+00
   8.3774631E-03   1.5131223E+07   1.5131223E+07   6.3023656E+03   -4.1864925E+03   -5.5781698E+04   1.5072927E+07   1.5131223E+07   8.7638093E+06   0.0000000E+00   0.0000000E+00   0.0000000E+00   0.0000000E+00
   9.0024874E-03   1.4805873E+07   1.4805873E+07   5.4172660E+03   -3.5445657E+03   -4.5581372E+04   1.4747219E+07   1.4805873E+07   8.5742755E+06   0.0000000E+00   0.0000000E+00   0.0000000E+00   0.0000000E+00
   9.6741434E-03   1.4463767E+07   1.4463767E+07   4.5675338E+03   -2.9958044E+03   -3.7069917E+04   1.4404939E+07   1.4463767E+07   8.3751342E+06   0.0000000E+00   0.0000000E+00   0.0000000E+00   0.0000000E+00
   1.0395910E-02   1.4104523E+07   1.4104523E+07   3.8562465E+03   -2.5273244E+03   -2.9985270E+04   1.4045713E+07   1.4104523E+07   8.1661640E+06   0.0000000E+00   0.0000000E+00   0.0000000E+00   0.0000000E+00
   1.1171527E-02   1.3727758E+07   1.3727758E+07   3.0486409E+03   -2.1278853E+03   -2.4107207E+04   1.3669176E+07   1.3727758E+07   7.9471496E+06   0.0000000E+00   0.0000000E+00   0.0000000E+00   0.0000000E+00
   1.2005010E-02   1.3333119E+07   1.3333119E+07   2.2274453E+03   -1.7877191E+03   -1.9257998E+04   1.3274962E+07   1.3333119E+07   7.7178764E+06   0.0000000E+00   0.0000000E+00   0.0000000E+00   0.0000000E+00
   1.2900678E-02   1.2920300E+07   1.2920300E+07   1.7379390E+03   -1.4985082E+03   -1.5250386E+04   1.2862781E+07   1.2920300E+07   7.4781721E+06   0.0000000E+00   0.0000000E+00   0.0000000E+00   0.0000000E+00
   1.3863169E-02   1.2489055E+07   1.2489055E+07   1.7482151E+03   -1.2529078E+03   -1.1989314E+04   1.2432383E+07   1.2489055E+07   7.2278905E+06   0.0000000E+00   0.0000000E+00   0.0000000E+00   0.0000000E+00
   1.4897470E-02   1.2039266E+07   1.2039266E+07   1.2318576E+03   -1.0447041E+03   -9.3443801E+03   1.1983653E+07   1.2039266E+07   6.9669622E+06   0.0000000E+00   0.0000000E+00   0.0000000E+00   0.0000000E+00
   1.6008938E-02   1.1570972E+07   1.1570972E+07   1.1610083E+03   -8.6849551E+02   -7.2006035E+03   1.1516629E+07   1.1570972E+07   6.6954080E+06   0.0000000E+00   0.0000000E+00   0.0000000E+00   0.0000000E+00
   1.7203330E-02   1.1084470E+07   1.1084470E+07   9.0327800E+02   -7.1966219E+02   -5.4789878E+03   1.1031604E+07   1.1084470E+07   6.4133971E+06   0.0000000E+00   0.0000000E+00   0.0000000E+00   0.0000000E+00
   1.8486833E-02   1.0580389E+07   1.0580389E+07   7.1016925E+02   -5.9420557E+02   -4.1146919E+03   1.0529201E+07   1.0580389E+07   6.1212898E+06   0.0000000E+00   0.0000000E+00   0.0000000E+00   0.0000000E+00
   1.9866095E-02   1.0059825E+07   1.0059825E+07   5.7386246E+02   -4.8871761E+02   -3.0388583E+03   1.0010508E+07   1.0059825E+07   5.8197184E+06   0.0000000E+00   0.0000000E+00   0.0000000E+00   0.0000000E+00
   2.1348259E-02   9.5244699E+06   9.5244699E+06   4.9421030E+02   -4.0027375E+02   -2.1993363E+03   9.4772044E+06   9.5244699E+06   5.5096583E+06   0.0000000E+00   0.0000000E+00   0.0000000E+00   0.0000000E+00
   2.2940991E-02   8.9767768E+06   8.9767768E+06   4.4002846E+02   -3.2636241E+02   -1.5596441E+03   8.9317244E+06   8.9767768E+06   5.1925237E+06   0.0000000E+00   0.0000000E+00   0.0000000E+00   0.0000000E+00
   2.4652493E-02   8.4201309E+06   8.4201309E+06   2.8016681E+02   -2.6483837E+02   -1.0691718E+03   8.3774320E+06   8.4201309E+06   4.8702696E+06   0.0000000E+00   0.0000000E+00   0.0000000E+00   0.0000000E+00
   2.6491429E-02   7.8590343E+06   7.8590343E+06   2.8352743E+02   -2.1386510E+02   -7.0393877E+02   7.8187996E+06   7.8590343E+06   4.5454955E+06   0.0000000E+00   0.0000000E+00   0.0000000E+00   0.0000000E+00
   2.8466623E-02   7.2993015E+06   7.2993015E+06   2.1862273E+02   -1.7187386E+02   -4.3272886E+02   7.2616050E+06   7.2993015E+06   4.2215599E+06   0.0000000E+00   0.0000000E+00   0.0000000E+00   0.0000000E+00
   3.0586197E-02   6.7482657E+06   6.7482657E+06   1.7377881E+02   -1.3752461E+02   -2.4177829E+02   6.7131361E+06   6.7482657E+06   3.9026993E+06   0.0000000E+00   0.0000000E+00   0.0000000E+00   0.0000000E+00
   3.2855618E-02   6.2149469E+06   6.2149469E+06   1.4372310E+02   -1.0967736E+02   -1.1226900E+02   6.1823579E+06   6.2149469E+06   3.5941250E+06   0.0000000E+00   0.0000000E+00   0.0000000E+00   0.0000000E+00
   3.5274172E-02   5.7099998E+06   5.7099998E+06   8.9250395E+01   -8.7358676E+01   -2.3477754E+01   5.6798611E+06   5.7099998E+06   3.3019936E+06   0.0000000E+00   0.0000000E+00   0.0000000E+00   0.0000000E+00
   3.7830211E-02   5.2450292E+06   5.2450292E+06   9.0651423E+01   -6.9721399E+01   3.1850397E+01   5.2171807E+06   5.2450292E+06   3.0330107E+06   0.0000000E+00   0.0000000E+00   0.0000000E+00   0.0000000E+00
   4.0497605E-02   4.8308133E+06   4.8308133E+06   7.0231439E+01   -5.6001855E+01   6.7356392E+01   4.8050292E+06   4.8308133E+06   2.7934038E+06   0.0000000E+00   0.0000000E+00   0.0000000E+00   0.0000000E+00
   4.3237618E-02   4.4745858E+06   4.4745858E+06   5.1045929E+01   -4.5482741E+01   8.5931672E+01   4.4505929E+06   4.4745858E+06   2.5873503E+06   0.0000000E+00   0.0000000E+00   0.0000000E+00   0.0000000E+00
   4.6008141E-02   4.1777445E+06   4.1777445E+06   3.9451330E+01   -3.7488555E+01   9.4355995E+01   4.1552535E+06   4.1777445E+06   2.4156534E+06   0.0000000E+00   0.0000000E+00   0.0000000E+00   0.0000000E+00
   4.8775336E-02   3.9356519E+06   3.9356519E+06   3.3135453E+01   -3.1411105E+01   9.7276336E+01   3.9143909E+06   3.9356519E+06   2.2756270E+06   0.0000000E+00   0.0000000E+00   0.0000000E+00   0.0000000E+00
   5.1520041E-02   3.7395789E+06   3.7395789E+06   2.9113218E+01   -2.6742556E+01   9.7473602E+01   3.7193168E+06   3.7395789E+06   2.1622199E+06   0.0000000E+00   0.0000000E+00   0.0000000E+00   0.0000000E+00
   5.4236866E-02   3.5792451E+06   3.5792451E+06   2.4360763E+01   -2.3089877E+01   9.5881984E+01   3.5598012E+06   3.5792451E+06   2.0694850E+06   0.0000000E+00   0.0000000E+00   0.0000000E+00   0.0000000E+00
   5.6929652E-02   3.4446520E+06   3.4446520E+06   2.1272813E+01   -2.0164597E+01   9.2831146E+01   3.4258966E+06   3.4446520E+06   1.9916391E+06   0.0000000E+00   0.0000000E+00   0.0000000E+00   0.0000000E+00
   5.9607015E-02   3.3269761E+06   3.3269761E+06   2.0973516E+01   -1.7761838E+01   8.9433584E+01   3.3088248E+06   3.3269761E+06   1.9235792E+06   0.0000000E+00   0.0000000E+00   0.0000000E+00   0.0000000E+00
   6.2279381E-02   3.2188504E+06   3.2188504E+06   1.9848671E+01   -1.5738588E+01   8.6269457E+01   3.2012575E+06   3.2188504E+06   1.8610446E+06   0.0000000E+00   0.0000000E+00   0.0000000E+00   0.0000000E+00
   6.4957381E-02   3.1143764E+06   3.1143764E+06   1.6226076E+01   -1.3995653E+01   8.2706169E+01   3.0973269E+06   3.1143764E+06   1.8006245E+06   0.0000000E+00   0.0000000E+00   0.0000000E+00   0.0000000E+00
   6.7651126E-02   3.0090569E+06   3.0090569E+06   1.2680041E+01   -1.2464832E+01   7.8161319E+01   2.9925598E+06   3.0090569E+06   1.7397180E+06   0.0000000E+00   0.0000000E+00   0.0000000E+00   0.0000000E+00
   7.0369958E-02   2.8997270E+06   2.8997270E+06   1.1162136E+01   -1.1099857E+01   7.3130980E+01   2.8838080E+06   2.8997270E+06   1.6764951E+06   0.0000000E+00   0.0000000E+00   0.0000000E+00   0.0000000E+00
   7.3122426E-02   2.7844986E+06   2.7844986E+06   1.0700496E+01   -9.8698222E+00   6.8202473E+01   2.7691934E+06   2.7844986E+06   1.6098639E+06   0.0000000E+00   0.0000000E+00   0.0000000E+00   0.0000000E+00
   7.5916363E-02   2.6627081E+06   2.6627081E+06   1.0007231E+01   -8.7547604E+00   6.3351521E+01   2.6480557E+06   2.6627081E+06   1.5394406E+06   0.0000000E+00   0.0000000E+00   0.0000000E+00   0.0000000E+00
   7.8758988E-02   2.5348486E+06   2.5348486E+06   8.7958508E+00   -7.7423283E+00   5.8518179E+01   2.5208852E+06   2.5348486E+06   1.4655102E+06   0.0000000E+00   0.0000000E+00   0.0000000E+00   0.0000000E+00
   8.1657020E-02   2.4024671E+06   2.4024671E+06   7.2806971E+00   -6.8252285E+00   5.3801274E+01   2.3892201E+06   2.4024671E+06   1.3889669E+06   0.0000000E+00   0.0000000E+00   0.0000000E+00   0.0000000E+00
   8.4616778E-02   2.2680101E+06   2.2680101E+06   6.3984323E+00   -5.9993914E+00   4.9373841E+01   2.2554932E+06   2.2680101E+06   1.3112250E+06   0.0000000E+00   0.0000000E+00   0.0000000E+00   0.0000000E+00
   8.7644263E-02   2.1346049E+06   2.1346049E+06   6.3380595E+00   -5.2622806E+00   4.4753293E+01   2.1228143E+06   2.1346049E+06   1.2340923E+06   0.0000000E+00   0.0000000E+00   0.0000000E+00   0.0000000E+00
   9.0745238E-02   2.0057741E+06   2.0057741E+06   4.6425401E+00   -4.6117969E+00   4.0572523E+01   1.9946864E+06   2.0057741E+06   1.1596054E+06   0.0000000E+00   0.0000000E+00   0.0000000E+00   0.0000000E+00
   9.3925283E-02   1.8850889E+06   1.8850889E+06   5.0759184E+00   -4.0451908E+00   3.6706333E+01   1.8746605E+06   1.8850889E+06   1.0898286E+06   0.0000000E+00   0.0000000E+00   0.0000000E+00   0.0000000E+00
   9.7189850E-02   1.7757796E+06   1.7757796E+06   3.6828357E+00   -3.5584752E+00   3.3419983E+01   1.7659492E+06   1.7757796E+06   1.0266295E+06   0.0000000E+00   0.0000000E+00   0.0000000E+00   0.0000000E+00
   1.0054430E-01   1.6803359E+06   1.6803359E+06   3.2262371E+00   -3.1459452E+00   3.0124712E+01   1.6710277E+06   1.6803359E+06   9.7144714E+05   0.0000000E+00   0.0000000E+00   0.0000000E+00   0.0000000E+00
   1.0399393E-01   1.6001390E+06   1.6001390E+06   3.1445435E+00   -2.8001153E+00   2.7478483E+01   1.5912696E+06   1.6001390E+06   9.2507992E+05   0.0000000E+00   0.0000000E+00   0.0000000E+00   0.0000000E+00
   1.0754403E-01   1.5351822E+06   1.5351822E+06   2.7942900E+00   -2.5118735E+00   2.5286760E+01   1.5266680E+06   1.5351822E+06   8.8752392E+05   0.0000000E+00   0.0000000E+00   0.0000000E+00   0.0000000E+00
   1.1119985E-01   1.4839355E+06   1.4839355E+06   2.2749977E+00   -2.2709272E+00   2.3500819E+01   1.4757011E+06   1.4839355E+06   8.5789440E+05   0.0000000E+00   0.0000000E+00   0.0000000E+00   0.0000000E+00
   1.1496668E-01   1.4434058E+06   1.4434058E+06   2.2963517E+00   -2.0664973E+00   2.2064338E+01   1.4353921E+06   1.4434058E+06   8.3446086E+05   0.0000000E+00   0.0000000E+00   0.0000000E+00   0.0000000E+00
   1.1884982E-01   1.4094262E+06   1.4094262E+06   2.0839705E+00   -1.8881291E+00   2.0456177E+01   1.4015974E+06   1.4094262E+06   8.1481437E+05   0.0000000E+00   0.0000000E+00   0.0000000E+00   0.0000000E+00
   1.2285459E-01   1.3771767E+06   1.3771767E+06   1.9961776E+00   -1.7265874E+00   1.9096680E+01   1.3695236E+06   1.3771767E+06   7.9616832E+05   0.0000000E+00   0.0000000E+00   0.0000000E+00   0.0000000E+00
   1.2698639E-01   1.3418923E+06   1.3418923E+06   1.9131517E+00   -1.5746196E+00   1.7794169E+01   1.3344320E+06   1.3418923E+06   7.7576791E+05   0.0000000E+00   0.0000000E+00   0.0000000E+00   0.0000000E+00
   1.3125064E-01   1.2996664E+06   1.2996664E+06   1.7117871E+00   -1.4275270E+00   1.6433524E+01   1.2924380E+06   1.2996664E+06   7.5135476E+05   0.0000000E+00   0.0000000E+00   0.0000000E+00   0.0000000E+00
   1.3565283E-01   1.2482103E+06   1.2482103E+06   1.3645447E+00   -1.2833923E+00   1.5036006E+01   1.2412653E+06   1.2482103E+06   7.2160569E+05   0.0000000E+00   0.0000000E+00   0.0000000E+00   0.0000000E+00
   1.4019852E-01   1.1873972E+06   1.1873972E+06   1.2748970E+00   -1.1428897E+00   1.3771098E+01   1.1807882E+06   1.1873972E+06   6.8644747E+05   0.0000000E+00   0.0000000E+00   0.0000000E+00   0.0000000E+00
   1.4489332E-01   1.1194259E+06   1.1194259E+06   1.0481050E+00   -1.0086758E+00   1.2260674E+01   1.1131931E+06   1.1194259E+06   6.4715127E+05   0.0000000E+00   0.0000000E+00   0.0000000E+00   0.0000000E+00
   1.4974293E-01   1.0484857E+06   1.0484857E+06   9.9596682E-01   -8.8445704E-01   1.0927723E+01   1.0426460E+06   1.0484857E+06   6.0613892E+05   0.0000000E+00   0.0000000E+00   0.0000000E+00   0.0000000E+00
   1.5475312E-01   9.7990511E+05   9.7990511E+05   8.2974761E-01   -7.7387094E-01   9.7592200E+00   9.7444575E+05   9.7990511E+05   5.6649089E+05   0.0000000E+00   0.0000000E+00   0.0000000E+00   0.0000000E+00
   1.5992975E-01   9.1890602E+05   9.1890602E+05   8.1507659E-01   -6.7942189E-01   8.7167355E+00   9.1378502E+05   9.1890602E+05   5.3122596E+05   0.0000000E+00   0.0000000E+00   0.0000000E+00   0.0000000E+00
   1.6527876E-01   8.6923204E+05   8.6923204E+05   6.1381660E-01   -6.0173629E-01   7.8400153E+00   8.6438656E+05   8.6923204E+05   5.0250831E+05   0.0000000E+00   0.0000000E+00   0.0000000E+00   0.0000000E+00
   1.7080622E-01   8.3202945E+05   8.3202945E+05   5.6907943E-01   -5.3929868E-01   7.0919420E+00   8.2739016E+05   8.3202945E+05   4.8100056E+05   0.0000000E+00   0.0000000E+00   0.0000000E+00   0.0000000E+00
   1.7651830E-01   8.0537249E+05   8.0537249E+05   5.0463430E-01   -4.8878893E-01   6.5299023E+00   8.0088075E+05   8.0537249E+05   4.6558940E+05   0.0000000E+00   0.0000000E+00   0.0000000E+00   0.0000000E+00
   1.8242129E-01   7.8470215E+05   7.8470215E+05   4.9714644E-01   -4.4593233E-01   6.0784141E+00   7.8032468E+05   7.8470215E+05   4.5363919E+05   0.0000000E+00   0.0000000E+00   0.0000000E+00   0.0000000E+00
   1.8852166E-01   7.6418350E+05   7.6418350E+05   4.3894824E-01   -4.0662838E-01   5.5932438E+00   7.5991958E+05   7.6418350E+05   4.4177674E+05   0.0000000E+00   0.0000000E+00   0.0000000E+00   0.0000000E+00
   1.9482602E-01   7.3864095E+05   7.3864095E+05   3.8992113E-01   -3.6800936E-01   5.1416096E+00   7.3451872E+05   7.3864095E+05   4.2701002E+05   0.0000000E+00   0.0000000E+00   0.0000000E+00   0.0000000E+00
   2.0134121E-01   7.0542357E+05   7.0542357E+05   3.7965617E-01   -3.2906929E-01   4.6556195E+00   7.0148596E+05   7.0542357E+05   4.0780653E+05   0.0000000E+00   0.0000000E+00   0.0000000E+00   0.0000000E+00
   2.0807428E-01   6.6544032E+05   6.6544032E+05   3.0849034E-01   -2.9063445E-01   4.1367819E+00   6.6172522E+05   6.6544032E+05   3.8469175E+05   0.0000000E+00   0.0000000E+00   0.0000000E+00   0.0000000E+00
   2.1503256E-01   6.2280915E+05   6.2280915E+05   2.8679376E-01   -2.5467589E-01   3.6647420E+00   6.1933146E+05   6.2280915E+05   3.6004628E+05   0.0000000E+00   0.0000000E+00   0.0000000E+00   0.0000000E+00
   2.2222369E-01   5.8309048E+05   5.8309048E+05   2.4196969E-01   -2.2323779E-01   3.2584479E+00   5.7983405E+05   5.8309048E+05   3.3708458E+05   0.0000000E+00   0.0000000E+00   0.0000000E+00   0.0000000E+00
   2.2965567E-01   5.5075600E+05   5.5075600E+05   2.2192028E-01   -1.9742472E-01   2.9039198E+00   5.4767969E+05   5.5075600E+05   3.1839175E+05   0.0000000E+00   0.0000000E+00   0.0000000E+00   0.0000000E+00
   2.3733693E-01   5.2705380E+05   5.2705380E+05   2.0378490E-01   -1.7689725E-01   2.6320975E+00   5.2410946E+05   5.2705380E+05   3.0468927E+05   0.0000000E+00   0.0000000E+00   0.0000000E+00   0.0000000E+00
   2.4527637E-01   5.0942394E+05   5.0942394E+05   1.7421651E-01   -1.6009373E-01   2.4110130E+00   5.0657771E+05   5.0942394E+05   2.9449724E+05   0.0000000E+00   0.0000000E+00   0.0000000E+00   0.0000000E+00
   2.5348347E-01   4.9294003E+05   4.9294003E+05   1.6443063E-01   -1.4504745E-01   2.2119006E+00   4.9018554E+05   4.9294003E+05   2.8496771E+05   0.0000000E+00   0.0000000E+00   0.0000000E+00   0.0000000E+00
   2.6196836E-01   4.7312929E+05   4.7312929E+05   1.4545257E-01   -1.3034495E-01   1.9968597E+00   4.7048519E+05   4.7312929E+05   2.7351497E+05   0.0000000E+00   0.0000000E+00   0.0000000E+00   0.0000000E+00
   2.7074192E-01   4.4857024E+05   4.4857024E+05   1.2577758E-01   -1.1569559E-01   1.7984469E+00   4.4606310E+05   4.4857024E+05   2.5931727E+05   0.0000000E+00   0.0000000E+00   0.0000000E+00   0.0000000E+00
   2.7981590E-01   4.2158804E+05   4.2158804E+05   1.0890416E-01   -1.0179305E-01   1.5934062E+00   4.1923146E+05   4.2158804E+05   2.4371879E+05   0.0000000E+00   0.0000000E+00   0.0000000E+00   0.0000000E+00
   2.8920306E-01   3.9645749E+05   3.9645749E+05   9.9259216E-02   -8.9608157E-02   1.4163308E+00   3.9424116E+05   3.9645749E+05   2.2919076E+05   0.0000000E+00   0.0000000E+00   0.0000000E+00   0.0000000E+00
   2.9891730E-01   3.7625605E+05   3.7625605E+05   8.8990904E-02   -7.9603479E-02   1.2699511E+00   3.7415245E+05   3.7625605E+05   2.1751226E+05   0.0000000E+00   0.0000000E+00   0.0000000E+00   0.0000000E+00
   3.0897388E-01   3.6066549E+05   3.6066549E+05   8.0609872E-02   -7.1419473E-02   1.1452926E+00   3.5864888E+05   3.6066549E+05   2.0849931E+05   0.0000000E+00   0.0000000E+00   0.0000000E+00   0.0000000E+00
   3.1938957E-01   3.4649448E+05   3.4649448E+05   7.1188286E-02   -6.4211887E-02   1.0375136E+00   3.4455694E+05   3.4649448E+05   2.0030700E+05   0.0000000E+00   0.0000000E+00   0.0000000E+00   0.0000000E+00
   3.3018296E-01   3.3055675E+05   3.3055675E+05   6.2780444E-02   -5.7318271E-02   9.3213204E-01   3.2870819E+05   3.3055675E+05   1.9109339E+05   0.0000000E+00   0.0000000E+00   0.0000000E+00   0.0000000E+00
   3.4137470E-01   3.1240829E+05   3.1240829E+05   5.5989907E-02   -5.0676212E-02   8.3322057E-01   3.1066109E+05   3.1240829E+05   1.8060177E+05   0.0000000E+00   0.0000000E+00   0.0000000E+00   0.0000000E+00
   3.5298787E-01   2.9439522E+05   2.9439522E+05   4.8831765E-02   -4.4662365E-02   7.3876687E-01   2.9274865E+05   2.9439522E+05   1.7018843E+05   0.0000000E+00   0.0000000E+00   0.0000000E+00   0.0000000E+00
   3.6504839E-01   2.7897360E+05   2.7897360E+05   4.4126974E-02   -3.9572027E-02   6.6059679E-01   2.7741318E+05   2.7897360E+05   1.6127320E+05   0.0000000E+00   0.0000000E+00   0.0000000E+00   0.0000000E+00
   3.7758550E-01   2.6612553E+05   2.6612553E+05   3.9023324E-02   -3.5284455E-02   5.9164702E-01   2.6463688E+05   2.6612553E+05   1.5384575E+05   0.0000000E+00   0.0000000E+00   0.0000000E+00   0.0000000E+00
   3.9063241E-01   2.5371581E+05   2.5371581E+05   3.4690926E-02   -3.1429711E-02   5.3067948E-01   2.5229649E+05   2.5371581E+05   1.4667170E+05   0.0000000E+00   0.0000000E+00   0.0000000E+00   0.0000000E+00
   4.0422696E-01   2.4027286E+05   2.4027286E+05   3.0721987E-02   -2.7795676E-02   4.7345917E-01   2.3892867E+05   2.4027286E+05   1.3890036E+05   0.0000000E+00   0.0000000E+00   0.0000000E+00   0.0000000E+00
   4.1841264E-01   2.2664274E+05   2.2664274E+05   2.7106419E-02   -2.4470729E-02   4.1827832E-01   2.2537473E+05   2.2664274E+05   1.3102083E+05   0.0000000E+00   0.0000000E+00   0.0000000E+00   0.0000000E+00
   4.3323962E-01   2.1440651E+05   2.1440651E+05   2.3868337E-02   -2.1592001E-02   3.7126787E-01   2.1320690E+05   2.1440651E+05   1.2394710E+05   0.0000000E+00   0.0000000E+00   0.0000000E+00   0.0000000E+00
   4.4876626E-01   2.0349451E+05   2.0349451E+05   2.1095471E-02   -1.9099598E-02   3.3067977E-01   2.0235590E+05   2.0349451E+05   1.1763891E+05   0.0000000E+00   0.0000000E+00   0.0000000E+00   0.0000000E+00
   4.6506085E-01   1.9260646E+05   1.9260646E+05   1.8504630E-02   -1.6832955E-02   2.9303853E-01   1.9152872E+05   1.9260646E+05   1.1134457E+05   0.0000000E+00   0.0000000E+00   0.0000000E+00   0.0000000E+00
   4.8220394E-01   1.8149928E+05   1.8149928E+05   1.6263029E-02   -1.4754214E-02   2.5837955E-01   1.8048366E+05   1.8149928E+05   1.0492355E+05   0.0000000E+00   0.0000000E+00   0.0000000E+00   0.0000000E+00
   5.0029119E-01   1.7107556E+05   1.7107556E+05   1.4205802E-02   -1.2919391E-02   2.2732636E-01   1.7011822E+05   1.7107556E+05   9.8897644E+04   0.0000000E+00   0.0000000E+00   0.0000000E+00   0.0000000E+00
   5.1943718E-01   1.6140718E+05   1.6140718E+05   1.2454447E-02   -1.1307227E-02   1.9994483E-01   1.6050391E+05   1.6140718E+05   9.3308396E+04   0.0000000E+00   0.0000000E+00   0.0000000E+00   0.0000000E+00
   5.3978022E-01   1.5179744E+05   1.5179744E+05   1.0849825E-02   -9.8475195E-03   1.7535104E-01   1.5094792E+05   1.5179744E+05   8.7753056E+04   0.0000000E+00   0.0000000E+00   0.0000000E+00   0.0000000E+00
   5.6148858E-01   1.4238295E+05   1.4238295E+05   9.3850520E-03   -8.5362926E-03   1.5288884E-01   1.4158609E+05   1.4238295E+05   8.2310585E+04   0.0000000E+00   0.0000000E+00   0.0000000E+00   0.0000000E+00
   5.8476847E-01   1.3347734E+05   1.3347734E+05   8.1217896E-03   -7.3778666E-03   1.3285794E-01   1.3273030E+05   1.3347734E+05   7.7162304E+04   0.0000000E+00   0.0000000E+00   0.0000000E+00   0.0000000E+00
   6.0987420E-01   1.2473581E+05   1.2473581E+05   6.9711120E-03   -6.3386753E-03   1.1460146E-01   1.2403767E+05   1.2473581E+05   7.2108873E+04   0.0000000E+00   0.0000000E+00   0.0000000E+00   0.0000000E+00
   6.3712062E-01   1.1620149E+05   1.1620149E+05   5.9477509E-03   -5.4107117E-03   9.8616635E-02   1.1555109E+05   1.1620149E+05   6.7175230E+04   0.0000000E+00   0.0000000E+00   0.0000000E+00   0.0000000E+00
   6.6689751E-01   1.0793807E+05   1.0793807E+05   5.0427372E-03   -4.5871233E-03   8.4124495E-02   1.0733391E+05   1.0793807E+05   6.2398196E+04   0.0000000E+00   0.0000000E+00   0.0000000E+00   0.0000000E+00
   6.9968439E-01   9.9817950E+04   9.9817950E+04   4.2349859E-03   -3.8537708E-03   7.0918090E-02   9.9259224E+04   9.9817950E+04   5.7704007E+04   0.0000000E+00   0.0000000E+00   0.0000000E+00   0.0000000E+00
   7.3606101E-01   9.1907010E+04   9.1907010E+04   3.5231820E-03   -3.2062746E-03   5.9392707E-02   9.1392552E+04   9.1907010E+04   5.3130745E+04   0.0000000E+00   0.0000000E+00   0.0000000E+00   0.0000000E+00
   7.7670437E-01   8.4163662E+04   8.4163662E+04   2.8924607E-03   -2.6368784E-03   4.9060894E-02   8.3692536E+04   8.4163662E+04   4.8654367E+04   0.0000000E+00   0.0000000E+00   0.0000000E+00   0.0000000E+00
   8.2235710E-01   7.6627748E+04   7.6627748E+04   2.3587767E-03   -2.1416077E-03   4.0002551E-02   7.6198795E+04   7.6627748E+04   4.4297907E+04   0.0000000E+00   0.0000000E+00   0.0000000E+00   0.0000000E+00
   8.7375101E-01   6.9340447E+04   6.9340447E+04   1.8849241E-03   -1.7166572E-03   3.2252608E-02   6.8952279E+04   6.9340447E+04   4.0085169E+04   0.0000000E+00   0.0000000E+00   0.0000000E+00   0.0000000E+00
   9.3148820E-01   6.2373216E+04   6.2373216E+04   1.4918957E-03   -1.3586688E-03   2.5657639E-02   6.2024043E+04   6.2373216E+04   3.6057463E+04   0.0000000E+00   0.0000000E+00   0.0000000E+00   0.0000000E+00
   9.9592735E-01   5.5814579E+04   5.5814579E+04   1.1676291E-03   -1.0635566E-03   2.0242455E-02   5.5502116E+04   5.5814579E+04   3.2265963E+04   0.0000000E+00   0.0000000E+00   0.0000000E+00   0.0000000E+00
   1.0671608E+00   4.9742499E+04   4.9742499E+04   9.0617268E-04   -8.2553151E-04   1.5763549E-02   4.9464023E+04   4.9742499E+04   2.8755739E+04   0.0000000E+00   0.0000000E+00   0.0000000E+00   0.0000000E+00
   1.1451244E+00   4.4205298E+04   4.4205298E+04   7.0020642E-04   -6.3713676E-04   1.2263122E-02   4.3957818E+04   4.4205298E+04   2.5554725E+04   0.0000000E+00   0.0000000E+00   0.0000000E+00   0.0000000E+00
   1.2297699E+00   3.9214735E+04   3.9214735E+04   5.3706311E-04   -4.9007510E-04   9.4691754E-03   3.8995190E+04   3.9214735E+04   2.2669719E+04   0.0000000E+00   0.0000000E+00   0.0000000E+00   0.0000000E+00
   1.3211871E+00   3.4749821E+04   3.4749821E+04   4.1307622E-04   -3.7625518E-04   7.3019146E-03   3.4555271E+04   3.4749821E+04   2.0088587E+04   0.0000000E+00   0.0000000E+00   0.0000000E+00   0.0000000E+00
   1.4196338E+00   3.0771387E+04   3.0771387E+04   3.1671650E-04   -2.8856946E-04   5.6167503E-03   3.0599109E+04   3.0771387E+04   1.7788686E+04   0.0000000E+00   0.0000000E+00   0.0000000E+00   0.0000000E+00
   1.5255090E+00   2.7234691E+04   2.7234691E+04   2.4278248E-04   -2.2118025E-04   4.3413098E-03   2.7082213E+04   2.7234691E+04   1.5744151E+04   0.0000000E+00   0.0000000E+00   0.0000000E+00   0.0000000E+00
   1.6393123E+00   2.4093860E+04   2.4093860E+04   1.8610003E-04   -1.6944673E-04   3.3313666E-03   2.3958965E+04   2.4093860E+04   1.3928461E+04   0.0000000E+00   0.0000000E+00   0.0000000E+00   0.0000000E+00
   1.7616150E+00   2.1306928E+04   2.1306928E+04   1.4235511E-04   -1.2976134E-04   2.5539291E-03   2.1187635E+04   2.1306928E+04   1.2317358E+04   0.0000000E+00   0.0000000E+00   0.0000000E+00   0.0000000E+00
   1.8930446E+00   1.8835138E+04   1.8835138E+04   1.0894543E-04   -9.9332114E-05   1.9588657E-03   1.8729683E+04   1.8835138E+04   1.0888436E+04   0.0000000E+00   0.0000000E+00   0.0000000E+00   0.0000000E+00
   2.0342805E+00   1.6644095E+04   1.6644095E+04   8.3358050E-05   -7.6011065E-05   1.5044415E-03   1.6550907E+04   1.6644095E+04   9.6218124E+03   0.0000000E+00   0.0000000E+00   0.0000000E+00   0.0000000E+00
   2.1860537E+00   1.4702679E+04   1.4702679E+04   6.3758903E-05   -5.8144410E-05   1.1448818E-03   1.4620360E+04   1.4702679E+04   8.4994959E+03   0.0000000E+00   0.0000000E+00   0.0000000E+00   0.0000000E+00
   2.3491504E+00   1.2983269E+04   1.2983269E+04   4.8581658E-05   -4.4462129E-05   8.8406120E-04   1.2910577E+04   1.2983269E+04   7.5055193E+03   0.0000000E+00   0.0000000E+00   0.0000000E+00   0.0000000E+00
   2.5244154E+00   1.1461122E+04   1.1461122E+04   3.7308630E-05   -3.3988124E-05   6.8086401E-04   1.1396952E+04   1.1461122E+04   6.6255787E+03   0.0000000E+00   0.0000000E+00   0.0000000E+00   0.0000000E+00
   2.7127566E+00   1.0114146E+04   1.0114146E+04   2.8489159E-05   -2.5972988E-05   5.1742072E-04   1.0057517E+04   1.0114146E+04   5.8469029E+03   0.0000000E+00   0.0000000E+00   0.0000000E+00   0.0000000E+00
   2.9151495E+00   8.9226651E+03   8.9226651E+03   2.1759824E-05   -1.9841706E-05   3.9847207E-04   8.8727076E+03   8.9226651E+03   5.1581178E+03   0.0000000E+00   0.0000000E+00   0.0000000E+00   0.0000000E+00
   3.1326424E+00   7.8691395E+03   7.8691395E+03   1.6614026E-05   -1.5153130E-05   3.0443089E-04   7.8250805E+03   7.8691395E+03   4.5490835E+03   0.0000000E+00   0.0000000E+00   0.0000000E+00   0.0000000E+00
   3.3663621E+00   6.9379447E+03   6.9379447E+03   1.2687306E-05   -1.1568978E-05   2.3301522E-04   6.8990994E+03   6.9379447E+03   4.0107675E+03   0.0000000E+00   0.0000000E+00   0.0000000E+00   0.0000000E+00
   3.6175190E+00   6.1151753E+03   6.1151753E+03   9.6755232E-06   -8.8299961E-06   1.7813970E-04   6.0809365E+03   6.1151753E+03   3.5351314E+03   0.0000000E+00   0.0000000E+00   0.0000000E+00   0.0000000E+00
   3.8874143E+00   5.3884628E+03   5.3884628E+03   7.3851948E-06   -6.7375514E-06   1.3684251E-04   5.3582929E+03   5.3884628E+03   3.1150250E+03   0.0000000E+00   0.0000000E+00   0.0000000E+00   0.0000000E+00
   4.1774458E+00   4.7468125E+03   4.7468125E+03   5.6375503E-06   -5.1395189E-06   1.0359794E-04   4.7202351E+03   4.7468125E+03   2.7440923E+03   0.0000000E+00   0.0000000E+00   0.0000000E+00   0.0000000E+00
   4.4891160E+00   4.1804558E+03   4.1804558E+03   4.2984330E-06   -3.9194474E-06   8.0081673E-05   4.1570494E+03   4.1804558E+03   2.4166863E+03   0.0000000E+00   0.0000000E+00   0.0000000E+00   0.0000000E+00
   4.8240392E+00   3.6807187E+03   3.6807187E+03   3.2766819E-06   -2.9882132E-06   6.0791813E-05   3.6601103E+03   3.6807187E+03   2.1277925E+03   0.0000000E+00   0.0000000E+00   0.0000000E+00   0.0000000E+00
   5.1839502E+00   3.2399028E+03   3.2399028E+03   2.4986282E-06   -2.2776413E-06   4.6706842E-05   3.2217625E+03   3.2399028E+03   1.8729605E+03   0.0000000E+00   0.0000000E+00   0.0000000E+00   0.0000000E+00
   5.5707135E+00   2.8511791E+03   2.8511791E+03   1.9056597E-06   -1.7355945E-06   3.5872486E-05   2.8352153E+03   2.8511791E+03   1.6482426E+03   0.0000000E+00   0.0000000E+00   0.0000000E+00   0.0000000E+00
   5.9863324E+00   2.5084931E+03   2.5084931E+03   1.4499183E-06   -1.3222159E-06   2.6870857E-05   2.4944480E+03   2.5084931E+03   1.4501387E+03   0.0000000E+00   0.0000000E+00   0.0000000E+00   0.0000000E+00
   6.4329596E+00   2.2064789E+03   2.2064789E+03   1.1053958E-06   -1.0070473E-06   2.0621662E-05   2.1941248E+03   2.2064789E+03   1.2755469E+03   0.0000000E+00   0.0000000E+00   0.0000000E+00   0.0000000E+00
   6.9129088E+00   1.9403836E+03   1.9403836E+03   8.4169506E-07   -7.6681759E-07   1.5882663E-05   1.9295193E+03   1.9403836E+03   1.1217194E+03   0.0000000E+00   0.0000000E+00   0.0000000E+00   0.0000000E+00
   7.4286659E+00   1.7059987E+03   1.7059987E+03   6.4084155E-07   -5.8375499E-07   1.1847331E-05   1.6964468E+03   1.7059987E+03   9.8622347E+02   0.0000000E+00   0.0000000E+00   0.0000000E+00   0.0000000E+00
   7.9829025E+00   1.4995998E+03   1.4995998E+03   4.8804858E-07   -4.4428998E-07   9.0556722E-06   1.4912035E+03   1.4995998E+03   8.6690600E+02   0.0000000E+00   0.0000000E+00   0.0000000E+00   0.0000000E+00
   8.5784895E+00   1.3178918E+03   1.3178918E+03   3.7108405E-07   -3.3806538E-07   6.9724938E-06   1.3105129E+03   1.3178918E+03   7.6186215E+02   0.0000000E+00   0.0000000E+00   0.0000000E+00   0.0000000E+00
   9.2185120E+00   1.1579609E+03   1.1579609E+03   2.8254506E-07   -2.5717803E-07   5.3358822E-06   1.1514775E+03   1.1579609E+03   6.6940743E+02   0.0000000E+00   0.0000000E+00   0.0000000E+00   0.0000000E+00
   9.9062851E+00   1.0172313E+03   1.0172313E+03   2.1495573E-07   -1.9559876E-07   3.9166482E-06   1.0115358E+03   1.0172313E+03   5.8805283E+02   0.0000000E+00   0.0000000E+00   0.0000000E+00   0.0000000E+00
   1.0645372E+01   8.9342691E+02   8.9342691E+02   1.6337636E-07   -1.4872956E-07   3.0443963E-06   8.8842458E+02   8.9342691E+02   5.1648255E+02   0.0000000E+00   0.0000000E+00   0.0000000E+00   0.0000000E+00
