#           k/h    CDM            baryon         photon         nu             mass_nu        total          no_nu          total_de       Weyl           v_CDM          v_b            v_b-v_c     
   9.9550432E-06   2.5095243E+07   2.5095243E+07   3.3445772E+07   4.4294381E+06   4.7852995E+07   2.5095255E+07   2.5095243E+07   6.1534197E+06   0.0000000E+00   0.0000000E+00   0.0000000E+00   0.0000000E+00
   1.0697767E-05   2.5095137E+07   2.5095137E+07   3.3443378E+07   4.4293417E+06   4.7851561E+07   2.5095148E+07   2.5095137E+07   6.1533878E+06   0.0000000E+00   0.0000000E+00   0.0000000E+00   0.0000000E+00
   1.1495905E-05   2.5095015E+07   2.5095015E+07   3.3440615E+07   4.4292305E+06   4.7849906E+07   2.5095026E+07   2.5095015E+07   6.1533510E+06   0.0000000E+00   0.0000000E+00   0.0000000E+00   0.0000000E+00
   1.2353589E-05   2.5094873E+07   2.5094873E+07   3.3437424E+07   4.4291021E+06   4.7847994E+07   2.5094884E+07   2.5094873E+07   6.1533084E+06   0.0000000E+00   0.0000000E+00   0.0000000E+00   0.0000000E+00
   1.3275263E-05   2.5094710E+07   2.5094710E+07   3.3433739E+07   4.4289537E+06   4.7845787E+07   2.5094720E+07   2.5094710E+07   6.1532593E+06   0.0000000E+00   0.0000000E+00   0.0000000E+00   0.0000000E+00
   1.4265702E-05   2.5094521E+07   2.5094521E+07   3.3429485E+07   4.4287825E+06   4.7843238E+07   2.5094531E+07   2.5094521E+07   6.1532025E+06   0.0000000E+00   0.0000000E+00   0.0000000E+00   0.0000000E+00
   1.5330035E-05   2.5094303E+07   2.5094303E+07   3.3424573E+07   4.4285847E+06   4.7840295E+07   2.5094312E+07   2.5094303E+07   6.1531370E+06   0.0000000E+00   0.0000000E+00   0.0000000E+00   0.0000000E+00
   1.6473776E-05   2.5094052E+07   2.5094052E+07   3.3418901E+07   4.4283563E+06   4.7836897E+07   2.5094060E+07   2.5094052E+07   6.1530613E+06   0.0000000E+00   0.0000000E+00   0.0000000E+00   0.0000000E+00
   1.7702848E-05   2.5093761E+07   2.5093761E+07   3.3412353E+07   4.4280927E+06   4.7832973E+07   2.5093769E+07   2.5093761E+07   6.1529739E+06   0.0000000E+00   0.0000000E+00   0.0000000E+00   0.0000000E+00
   1.9023619E-05   2.5093426E+07   2.5093426E+07   3.3404792E+07   4.4277882E+06   4.7828442E+07   2.5093433E+07   2.5093426E+07   6.1528730E+06   0.0000000E+00   0.0000000E+00   0.0000000E+00   0.0000000E+00
   2.0442930E-05   2.5093038E+07   2.5093038E+07   3.3396064E+07   4.4274366E+06   4.7823210E+07   2.5093045E+07   2.5093038E+07   6.1527565E+06   0.0000000E+00   0.0000000E+00   0.0000000E+00   0.0000000E+00
   2.1968133E-05   2.5092591E+07   2.5092591E+07   3.3385987E+07   4.4270307E+06   4.7817170E+07   2.5092596E+07   2.5092591E+07   6.1526220E+06   0.0000000E+00   0.0000000E+00   0.0000000E+00   0.0000000E+00
   2.3607128E-05   2.5092075E+07   2.5092075E+07   3.3374355E+07   4.4265620E+06   4.7810196E+07   2.5092079E+07   2.5092075E+07   6.1524667E+06   0.0000000E+00   0.0000000E+00   0.0000000E+00   0.0000000E+00
   2.5368404E-05   2.5091478E+07   2.5091478E+07   3.3360927E+07   4.4260208E+06   4.7802144E+07   2.5091481E+07   2.5091478E+07   6.1522874E+06   0.0000000E+00   0.0000000E+00   0.0000000E+00   0.0000000E+00
   2.7261086E-05   2.5090790E+07   2.5090790E+07   3.3345428E+07   4.4253960E+06   4.7792848E+07   2.5090791E+07   2.5090790E+07   6.1520803E+06   0.0000000E+00   0.0000000E+00   0.0000000E+00   0.0000000E+00
   2.9294976E-05   2.5089995E+07   2.5089995E+07   3.3327538E+07   4.4246746E+06   4.7782117E+07   2.5089994E+07   2.5089995E+07   6.1518413E+06   0.0000000E+00   0.0000000E+00   0.0000000E+00   0.0000000E+00
   3.1480611E-05   2.5089078E+07   2.5089078E+07   3.3306892E+07   4.4238417E+06   4.7769728E+07   2.5089074E+07   2.5089078E+07   6.1515654E+06   0.0000000E+00   0.0000000E+00   0.0000000E+00   0.0000000E+00
   3.3829311E-05   2.5088018E+07   2.5088018E+07   3.3283066E+07   4.4228802E+06   4.7755426E+07   2.5088013E+07   2.5088018E+07   6.1512468E+06   0.0000000E+00   0.0000000E+00   0.0000000E+00   0.0000000E+00
   3.6353242E-05   2.5086795E+07   2.5086795E+07   3.3255573E+07   4.4217703E+06   4.7738918E+07   2.5086787E+07   2.5086795E+07   6.1508791E+06   0.0000000E+00   0.0000000E+00   0.0000000E+00   0.0000000E+00
   3.9065478E-05   2.5085383E+07   2.5085383E+07   3.3223853E+07   4.4204890E+06   4.7719863E+07   2.5085371E+07   2.5085383E+07   6.1504546E+06   0.0000000E+00   0.0000000E+00   0.0000000E+00   0.0000000E+00
   4.1980069E-05   2.5083754E+07   2.5083754E+07   3.3187261E+07   4.4190100E+06   4.7697872E+07   2.5083738E+07   2.5083754E+07   6.1499647E+06   0.0000000E+00   0.0000000E+00   0.0000000E+00   0.0000000E+00
   4.5112111E-05   2.5081872E+07   2.5081872E+07   3.3145056E+07   4.4173030E+06   4.7672493E+07   2.5081852E+07   2.5081872E+07   6.1493993E+06   0.0000000E+00   0.0000000E+00   0.0000000E+00   0.0000000E+00
   4.8477827E-05   2.5079701E+07   2.5079701E+07   3.3096385E+07   4.4153328E+06   4.7643208E+07   2.5079676E+07   2.5079701E+07   6.1487467E+06   0.0000000E+00   0.0000000E+00   0.0000000E+00   0.0000000E+00
   5.2094653E-05   2.5077195E+07   2.5077195E+07   3.3040269E+07   4.4130591E+06   4.7609418E+07   2.5077164E+07   2.5077195E+07   6.1479937E+06   0.0000000E+00   0.0000000E+00   0.0000000E+00   0.0000000E+00
   5.5981322E-05   2.5074304E+07   2.5074304E+07   3.2975587E+07   4.4104356E+06   4.7570437E+07   2.5074265E+07   2.5074304E+07   6.1471249E+06   0.0000000E+00   0.0000000E+00   0.0000000E+00   0.0000000E+00
   6.0157967E-05   2.5070967E+07   2.5070967E+07   3.2901052E+07   4.4074085E+06   4.7525474E+07   2.5070921E+07   2.5070967E+07   6.1461225E+06   0.0000000E+00   0.0000000E+00   0.0000000E+00   0.0000000E+00
   6.4646222E-05   2.5067117E+07   2.5067117E+07   3.2815190E+07   4.4039165E+06   4.7473619E+07   2.5067062E+07   2.5067117E+07   6.1449664E+06   0.0000000E+00   0.0000000E+00   0.0000000E+00   0.0000000E+00
   6.9469336E-05   2.5062677E+07   2.5062677E+07   3.2716318E+07   4.3998886E+06   4.7413829E+07   2.5062611E+07   2.5062677E+07   6.1436330E+06   0.0000000E+00   0.0000000E+00   0.0000000E+00   0.0000000E+00
   7.4652292E-05   2.5057555E+07   2.5057555E+07   3.2602514E+07   4.3952435E+06   4.7344906E+07   2.5057477E+07   2.5057555E+07   6.1420956E+06   0.0000000E+00   0.0000000E+00   0.0000000E+00   0.0000000E+00
   8.0221938E-05   2.5051648E+07   2.5051648E+07   3.2471591E+07   4.3898877E+06   4.7265475E+07   2.5051556E+07   2.5051648E+07   6.1403233E+06   0.0000000E+00   0.0000000E+00   0.0000000E+00   0.0000000E+00
   8.6207122E-05   2.5044839E+07   2.5044839E+07   3.2321061E+07   4.3837140E+06   4.7173964E+07   2.5044731E+07   2.5044839E+07   6.1382808E+06   0.0000000E+00   0.0000000E+00   0.0000000E+00   0.0000000E+00
   9.2638848E-05   2.5036990E+07   2.5036990E+07   3.2148104E+07   4.3765993E+06   4.7068574E+07   2.5036863E+07   2.5036990E+07   6.1359276E+06   0.0000000E+00   0.0000000E+00   0.0000000E+00   0.0000000E+00
   9.9550432E-05   2.5027946E+07   2.5027946E+07   3.1949536E+07   4.3684030E+06   4.6947250E+07   2.5027798E+07   2.5027946E+07   6.1332175E+06   0.0000000E+00   0.0000000E+00   0.0000000E+00   0.0000000E+00
   1.0697767E-04   2.5017529E+07   2.5017529E+07   3.1721768E+07   4.3589640E+06   4.6807650E+07   2.5017355E+07   2.5017529E+07   6.1300976E+06   0.0000000E+00   0.0000000E+00   0.0000000E+00   0.0000000E+00
   1.1495905E-04   2.5005533E+07   2.5005533E+07   3.1460782E+07   4.3480985E+06   4.6647111E+07   2.5005330E+07   2.5005533E+07   6.1265076E+06   0.0000000E+00   0.0000000E+00   0.0000000E+00   0.0000000E+00
   1.2353589E-04   2.4991726E+07   2.4991726E+07   3.1162095E+07   4.3355972E+06   4.6462611E+07   2.4991491E+07   2.4991726E+07   6.1223790E+06   0.0000000E+00   0.0000000E+00   0.0000000E+00   0.0000000E+00
   1.3275263E-04   2.4975844E+07   2.4975844E+07   3.0820737E+07   4.3212217E+06   4.6250729E+07   2.4975570E+07   2.4975844E+07   6.1176341E+06   0.0000000E+00   0.0000000E+00   0.0000000E+00   0.0000000E+00
   1.4265702E-04   2.4957585E+07   2.4957585E+07   3.0431246E+07   4.3047020E+06   4.6007611E+07   2.4957267E+07   2.4957585E+07   6.1121847E+06   0.0000000E+00   0.0000000E+00   0.0000000E+00   0.0000000E+00
   1.5330035E-04   2.4936607E+07   2.4936607E+07   2.9987666E+07   4.2857324E+06   4.5728926E+07   2.4936238E+07   2.4936607E+07   6.1059317E+06   0.0000000E+00   0.0000000E+00   0.0000000E+00   0.0000000E+00
   1.6473776E-04   2.4912524E+07   2.4912524E+07   2.9483584E+07   4.2639687E+06   4.5409836E+07   2.4912096E+07   2.4912524E+07   6.0987634E+06   0.0000000E+00   0.0000000E+00   0.0000000E+00   0.0000000E+00
   1.7702848E-04   2.4884902E+07   2.4884902E+07   2.8912188E+07   4.2390242E+06   4.5044960E+07   2.4884407E+07   2.4884902E+07   6.0905552E+06   0.0000000E+00   0.0000000E+00   0.0000000E+00   0.0000000E+00
   1.9023619E-04   2.4853255E+07   2.4853255E+07   2.8266375E+07   4.2104669E+06   4.4628361E+07   2.4852682E+07   2.4853255E+07   6.0811683E+06   0.0000000E+00   0.0000000E+00   0.0000000E+00   0.0000000E+00
   2.0442930E-04   2.4817038E+07   2.4817038E+07   2.7538922E+07   4.1778173E+06   4.4153538E+07   2.4816375E+07   2.4817038E+07   6.0704497E+06   0.0000000E+00   0.0000000E+00   0.0000000E+00   0.0000000E+00
   2.1968133E-04   2.4775650E+07   2.4775650E+07   2.6722722E+07   4.1405461E+06   4.3613440E+07   2.4774885E+07   2.4775650E+07   6.0582313E+06   0.0000000E+00   0.0000000E+00   0.0000000E+00   0.0000000E+00
   2.3607128E-04   2.4728428E+07   2.4728428E+07   2.5811120E+07   4.0980742E+06   4.3000522E+07   2.4727544E+07   2.4728428E+07   6.0443308E+06   0.0000000E+00   0.0000000E+00   0.0000000E+00   0.0000000E+00
   2.5368404E-04   2.4674648E+07   2.4674648E+07   2.4798357E+07   4.0497744E+06   4.2306820E+07   2.4673628E+07   2.4674648E+07   6.0285526E+06   0.0000000E+00   0.0000000E+00   0.0000000E+00   0.0000000E+00
   2.7261086E-04   2.4613529E+07   2.4613529E+07   2.3680138E+07   3.9949756E+06   4.1524104E+07   2.4612352E+07   2.4613529E+07   6.0106900E+06   0.0000000E+00   0.0000000E+00   0.0000000E+00   0.0000000E+00
   2.9294976E-04   2.4544236E+07   2.4544236E+07   2.2454345E+07   3.9329709E+06   4.0644079E+07   2.4542880E+07   2.4544236E+07   5.9905284E+06   0.0000000E+00   0.0000000E+00   0.0000000E+00   0.0000000E+00
   3.1480611E-04   2.4465896E+07   2.4465896E+07   2.1121879E+07   3.8630299E+06   3.9658673E+07   2.4464334E+07   2.4465896E+07   5.9678501E+06   0.0000000E+00   0.0000000E+00   0.0000000E+00   0.0000000E+00
   3.3829311E-04   2.4377608E+07   2.4377608E+07   1.9687627E+07   3.7844173E+06   3.8560429E+07   2.4375812E+07   2.4377608E+07   5.9424419E+06   0.0000000E+00   0.0000000E+00   0.0000000E+00   0.0000000E+00
   3.6353242E-04   2.4278473E+07   2.4278473E+07   1.8161484E+07   3.6964187E+06   3.7342999E+07   2.4276408E+07   2.4278473E+07   5.9141035E+06   0.0000000E+00   0.0000000E+00   0.0000000E+00   0.0000000E+00
   3.9065478E-04   2.4167621E+07   2.4167621E+07   1.6559360E+07   3.5983740E+06   3.6001752E+07   2.4165249E+07   2.4167621E+07   5.8826600E+06   0.0000000E+00   0.0000000E+00   0.0000000E+00   0.0000000E+00
   4.1980069E-04   2.4044255E+07   2.4044255E+07   1.4903997E+07   3.4897209E+06   3.4534500E+07   2.4041533E+07   2.4044255E+07   5.8479761E+06   0.0000000E+00   0.0000000E+00   0.0000000E+00   0.0000000E+00
   4.5112111E-04   2.3907703E+07   2.3907703E+07   1.3225384E+07   3.3700475E+06   3.2942310E+07   2.3904583E+07   2.3907703E+07   5.8099727E+06   0.0000000E+00   0.0000000E+00   0.0000000E+00   0.0000000E+00
   4.8477827E-04   2.3757481E+07   2.3757481E+07   1.1560485E+07   3.2391539E+06   3.1230353E+07   2.3753910E+07   2.3757481E+07   5.7686461E+06   0.0000000E+00   0.0000000E+00   0.0000000E+00   0.0000000E+00
   5.2094653E-04   2.3593362E+07   2.3593362E+07   9.9519310E+06   3.0971206E+06   2.9408724E+07   2.3589280E+07   2.3593362E+07   5.7240869E+06   0.0000000E+00   0.0000000E+00   0.0000000E+00   0.0000000E+00
   5.5981322E-04   2.3415451E+07   2.3415451E+07   8.4453422E+06   2.9443796E+06   2.7493097E+07   2.3410794E+07   2.3415451E+07   5.6764979E+06   0.0000000E+00   0.0000000E+00   0.0000000E+00   0.0000000E+00
   6.0157967E-04   2.3224261E+07   2.3224261E+07   7.0850635E+06   2.7817801E+06   2.5505066E+07   2.3218956E+07   2.3224261E+07   5.6262072E+06   0.0000000E+00   0.0000000E+00   0.0000000E+00   0.0000000E+00
   6.4646222E-04   2.3020773E+07   2.3020773E+07   5.9083708E+06   2.6106400E+06   2.3471977E+07   2.3014744E+07   2.3020773E+07   5.5736739E+06   0.0000000E+00   0.0000000E+00   0.0000000E+00   0.0000000E+00
   6.9469336E-04   2.2806474E+07   2.2806474E+07   4.9387130E+06   2.4327692E+06   2.1426072E+07   2.2799637E+07   2.2806474E+07   5.5194802E+06   0.0000000E+00   0.0000000E+00   0.0000000E+00   0.0000000E+00
   7.4652292E-04   2.2583357E+07   2.2583357E+07   4.1792678E+06   2.2504504E+06   1.9402794E+07   2.2575625E+07   2.2583357E+07   5.4643087E+06   0.0000000E+00   0.0000000E+00   0.0000000E+00   0.0000000E+00
   8.0221938E-04   2.2353866E+07   2.2353866E+07   3.6088824E+06   2.0663633E+06   1.7438250E+07   2.2345147E+07   2.2353866E+07   5.4089002E+06   0.0000000E+00   0.0000000E+00   0.0000000E+00   0.0000000E+00
   8.6207122E-04   2.2120778E+07   2.2120778E+07   3.1829855E+06   1.8834451E+06   1.5566029E+07   2.2110978E+07   2.2120778E+07   5.3539951E+06   0.0000000E+00   0.0000000E+00   0.0000000E+00   0.0000000E+00
   9.2638848E-04   2.1887017E+07   2.1887017E+07   2.8417097E+06   1.7046890E+06   1.3813840E+07   2.1876042E+07   2.1887017E+07   5.3002635E+06   0.0000000E+00   0.0000000E+00   0.0000000E+00   0.0000000E+00
   9.9550432E-04   2.1655420E+07   2.1655420E+07   2.5255555E+06   1.5328995E+06   1.2200714E+07   2.1643178E+07   2.1655420E+07   5.2482367E+06   0.0000000E+00   0.0000000E+00   0.0000000E+00   0.0000000E+00
   1.0697767E-03   2.1428479E+07   2.1428479E+07   2.1951421E+06   1.3704458E+06   1.0735594E+07   2.1414883E+07   2.1428479E+07   5.1982561E+06   0.0000000E+00   0.0000000E+00   0.0000000E+00   0.0000000E+00
   1.1495905E-03   2.1208121E+07   2.1208121E+07   1.8468395E+06   1.2190628E+06   9.4179616E+06   2.1193091E+07   2.1208121E+07   5.1504563E+06   0.0000000E+00   0.0000000E+00   0.0000000E+00   0.0000000E+00
   1.2353589E-03   2.0995565E+07   2.0995565E+07   1.5133347E+06   1.0797573E+06   8.2404628E+06   2.0979032E+07   2.0995565E+07   5.1047904E+06   0.0000000E+00   0.0000000E+00   0.0000000E+00   0.0000000E+00
   1.3275263E-03   2.0791309E+07   2.0791309E+07   1.2421566E+06   9.5284728E+05   7.1926271E+06   2.0773217E+07   2.0791309E+07   5.0610894E+06   0.0000000E+00   0.0000000E+00   0.0000000E+00   0.0000000E+00
   1.4265702E-03   2.0595233E+07   2.0595233E+07   1.0589433E+06   8.3812201E+05   6.2640235E+06   2.0575541E+07   2.0595233E+07   5.0191300E+06   0.0000000E+00   0.0000000E+00   0.0000000E+00   0.0000000E+00
   1.5330035E-03   2.0406778E+07   2.0406778E+07   9.4064194E+05   7.3505333E+05   5.4453992E+06   2.0385458E+07   2.0406778E+07   4.9786788E+06   0.0000000E+00   0.0000000E+00   0.0000000E+00   0.0000000E+00
   1.6473776E-03   2.0225117E+07   2.0225117E+07   8.2893770E+05   6.4296958E+05   4.7277249E+06   2.0202153E+07   2.0225117E+07   4.9394938E+06   0.0000000E+00   0.0000000E+00   0.0000000E+00   0.0000000E+00
   1.7702848E-03   2.0049250E+07   2.0049250E+07   6.8534105E+05   5.6113386E+05   4.1008494E+06   2.0024638E+07   2.0049250E+07   4.9013009E+06   0.0000000E+00   0.0000000E+00   0.0000000E+00   0.0000000E+00
   1.9023619E-03   1.9878041E+07   1.9878041E+07   5.3574549E+05   4.8874753E+05   3.5537860E+06   1.9851781E+07   1.9878041E+07   4.8637844E+06   0.0000000E+00   0.0000000E+00   0.0000000E+00   0.0000000E+00
   2.0442930E-03   1.9710234E+07   1.9710234E+07   4.3830077E+05   4.2495499E+05   3.0765546E+06   1.9682325E+07   1.9710234E+07   4.8266138E+06   0.0000000E+00   0.0000000E+00   0.0000000E+00   0.0000000E+00
   2.1968133E-03   1.9544508E+07   1.9544508E+07   3.9696003E+05   3.6889489E+05   2.6611778E+06   1.9514944E+07   1.9544508E+07   4.7894785E+06   0.0000000E+00   0.0000000E+00   0.0000000E+00   0.0000000E+00
   2.3607128E-03   1.9379537E+07   1.9379537E+07   3.5066702E+05   3.1975788E+05   2.3005823E+06   1.9348308E+07   1.9379537E+07   4.7520869E+06   0.0000000E+00   0.0000000E+00   0.0000000E+00   0.0000000E+00
   2.5368404E-03   1.9214018E+07   1.9214018E+07   2.7827857E+05   2.7679602E+05   1.9876543E+06   1.9181107E+07   1.9214018E+07   4.7141435E+06   0.0000000E+00   0.0000000E+00   0.0000000E+00   0.0000000E+00
   2.7261086E-03   1.9046670E+07   1.9046670E+07   2.2918240E+05   2.3930865E+05   1.7161189E+06   1.9012059E+07   1.9046670E+07   4.6753563E+06   0.0000000E+00   0.0000000E+00   0.0000000E+00   0.0000000E+00
   2.9294976E-03   1.8876250E+07   1.8876250E+07   2.0381462E+05   2.0665291E+05   1.4809059E+06   1.8839926E+07   1.8876250E+07   4.6354567E+06   0.0000000E+00   0.0000000E+00   0.0000000E+00   0.0000000E+00
   3.1480611E-03   1.8701569E+07   1.8701569E+07   1.6416308E+05   1.7825294E+05   1.2772697E+06   1.8663525E+07   1.8701569E+07   4.5941890E+06   0.0000000E+00   0.0000000E+00   0.0000000E+00   0.0000000E+00
   3.3829311E-03   1.8521488E+07   1.8521488E+07   1.4077596E+05   1.5358910E+05   1.1009962E+06   1.8481724E+07   1.8521488E+07   4.5513025E+06   0.0000000E+00   0.0000000E+00   0.0000000E+00   0.0000000E+00
   3.6353242E-03   1.8334918E+07   1.8334918E+07   1.2307242E+05   1.3219735E+05   9.4852339E+05   1.8293446E+07   1.8334918E+07   4.5065636E+06   0.0000000E+00   0.0000000E+00   0.0000000E+00   0.0000000E+00
   3.9065478E-03   1.8140821E+07   1.8140821E+07   9.4916588E+04   1.1366536E+05   8.1672983E+05   1.8097672E+07   1.8140821E+07   4.4597482E+06   0.0000000E+00   0.0000000E+00   0.0000000E+00   0.0000000E+00
   4.1980069E-03   1.7938217E+07   1.7938217E+07   8.8218838E+04   9.7628460E+04   7.0287028E+05   1.7893446E+07   1.7938217E+07   4.4106470E+06   0.0000000E+00   0.0000000E+00   0.0000000E+00   0.0000000E+00
   4.5112111E-03   1.7726187E+07   1.7726187E+07   6.8615817E+04   8.3765760E+04   6.0449490E+05   1.7679879E+07   1.7726187E+07   4.3590633E+06   0.0000000E+00   0.0000000E+00   0.0000000E+00   0.0000000E+00
   4.8477827E-03   1.7503875E+07   1.7503875E+07   6.1571591E+04   7.1794046E+04   5.1962136E+05   1.7456119E+07   1.7503875E+07   4.3048087E+06   0.0000000E+00   0.0000000E+00   0.0000000E+00   0.0000000E+00
   5.2094653E-03   1.7270478E+07   1.7270478E+07   4.9226877E+04   6.1465720E+04   4.4635630E+05   1.7221347E+07   1.7270478E+07   4.2476997E+06   0.0000000E+00   0.0000000E+00   0.0000000E+00   0.0000000E+00
   5.5981322E-03   1.7025226E+07   1.7025226E+07   4.2633744E+04   5.2563427E+04   3.8312147E+05   1.6974793E+07   1.7025226E+07   4.1875633E+06   0.0000000E+00   0.0000000E+00   0.0000000E+00   0.0000000E+00
   6.0157967E-03   1.6767370E+07   1.6767370E+07   3.6760531E+04   4.4896982E+04   3.2865377E+05   1.6715744E+07   1.6767370E+07   4.1242380E+06   0.0000000E+00   0.0000000E+00   0.0000000E+00   0.0000000E+00
   6.4646222E-03   1.6496194E+07   1.6496194E+07   2.8958880E+04   3.8301415E+04   2.8166993E+05   1.6443521E+07   1.6496194E+07   4.0575701E+06   0.0000000E+00   0.0000000E+00   0.0000000E+00   0.0000000E+00
   6.9469336E-03   1.6211033E+07   1.6211033E+07   2.4829704E+04   3.2632384E+04   2.4119489E+05   1.6157451E+07   1.6211033E+07   3.9874050E+06   0.0000000E+00   0.0000000E+00   0.0000000E+00   0.0000000E+00
   7.4652292E-03   1.5911257E+07   1.5911257E+07   2.1553417E+04   2.7764240E+04   2.0634722E+05   1.5856900E+07   1.5911257E+07   3.9135960E+06   0.0000000E+00   0.0000000E+00   0.0000000E+00   0.0000000E+00
   8.0221938E-03   1.5596247E+07   1.5596247E+07   1.8607866E+04   2.3587889E+04   1.7636170E+05   1.5541270E+07   1.5596247E+07   3.8360049E+06   0.0000000E+00   0.0000000E+00   0.0000000E+00   0.0000000E+00
   8.6207122E-03   1.5265384E+07   1.5265384E+07   1.5474810E+04   2.0008635E+04   1.5056115E+05   1.5209958E+07   1.5265384E+07   3.7544904E+06   0.0000000E+00   0.0000000E+00   0.0000000E+00   0.0000000E+00
   9.2638848E-03   1.4918076E+07   1.4918076E+07   1.2982337E+04   1.6944269E+04   1.2836685E+05   1.4862374E+07   1.4918076E+07   3.6689136E+06   0.0000000E+00   0.0000000E+00   0.0000000E+00   0.0000000E+00
   9.9550432E-03   1.4553761E+07   1.4553761E+07   1.0875787E+04   1.4323527E+04   1.0928656E+05   1.4497958E+07   1.4553761E+07   3.5791426E+06   0.0000000E+00   0.0000000E+00   0.0000000E+00   0.0000000E+00
   1.0697767E-02   1.4171882E+07   1.4171882E+07   8.7701967E+03   1.2084697E+04   9.2902912E+04   1.4116176E+07   1.4171882E+07   3.4850501E+06   0.0000000E+00   0.0000000E+00   0.0000000E+00   0.0000000E+00
   1.1495905E-02   1.3771917E+07   1.3771917E+07   7.0457857E+03   1.0174422E+04   7.8849848E+04   1.3716497E+07   1.3771917E+07   3.3865101E+06   0.0000000E+00   0.0000000E+00   0.0000000E+00   0.0000000E+00
   1.2353589E-02   1.3353405E+07   1.3353405E+07   6.2671126E+03   8.5465466E+03   6.6789931E+04   1.3298470E+07   1.3353405E+07   3.2834147E+06   0.0000000E+00   0.0000000E+00   0.0000000E+00   0.0000000E+00
   1.3275263E-02   1.2915943E+07   1.2915943E+07   4.9692887E+03   7.1612526E+03   5.6441050E+04   1.2861698E+07   1.2915943E+07   3.1756694E+06   0.0000000E+00   0.0000000E+00   0.0000000E+00   0.0000000E+00
   1.4265702E-02   1.2459265E+07   1.2459265E+07   4.3421356E+03   5.9841288E+03   4.7596444E+04   1.2405914E+07   1.2459265E+07   3.0632112E+06   0.0000000E+00   0.0000000E+00   0.0000000E+00   0.0000000E+00
   1.5330035E-02   1.1983267E+07   1.1983267E+07   3.3728324E+03   4.9855676E+03   4.0024011E+04   1.1931017E+07   1.1983267E+07   2.9460175E+06   0.0000000E+00   0.0000000E+00   0.0000000E+00   0.0000000E+00
   1.6473776E-02   1.1488101E+07   1.1488101E+07   2.7971837E+03   4.1400441E+03   3.3550980E+04   1.1437156E+07   1.1488101E+07   2.8241276E+06   0.0000000E+00   0.0000000E+00   0.0000000E+00   0.0000000E+00
   1.7702848E-02   1.0974264E+07   1.0974264E+07   2.3218447E+03   3.4256094E+03   2.8034331E+04   1.0924823E+07   1.0974264E+07   2.6976648E+06   0.0000000E+00   0.0000000E+00   0.0000000E+00   0.0000000E+00
   1.9023619E-02   1.0442722E+07   1.0442722E+07   1.8819251E+03   2.8233938E+03   2.3341060E+04   1.0394982E+07   1.0442722E+07   2.5668683E+06   0.0000000E+00   0.0000000E+00   0.0000000E+00   0.0000000E+00
   2.0442928E-02   9.8950513E+06   9.8950513E+06   1.5442827E+03   2.3171915E+03   1.9357290E+04   9.8491949E+06   9.8950513E+06   2.4321260E+06   0.0000000E+00   0.0000000E+00   0.0000000E+00   0.0000000E+00
   2.1968118E-02   9.3336082E+06   9.3336082E+06   1.3315402E+03   1.8930947E+03   1.5977824E+04   9.2898035E+06   9.3336082E+06   2.2940168E+06   0.0000000E+00   0.0000000E+00   0.0000000E+00   0.0000000E+00
   2.3607049E-02   8.7617072E+06   8.7617072E+06   1.0198244E+03   1.5391642E+03   1.3131288E+04   8.7201030E+06   8.7617072E+06   2.1533557E+06   0.0000000E+00   0.0000000E+00   0.0000000E+00   0.0000000E+00
   2.5368038E-02   8.1838173E+06   8.1838173E+06   8.1349616E+02   1.2451648E+03   1.0736229E+04   8.1445352E+06   8.1838173E+06   2.0112406E+06   0.0000000E+00   0.0000000E+00   0.0000000E+00   0.0000000E+00
   2.7259603E-02   7.6057714E+06   7.6057714E+06   6.5315869E+02   1.0023241E+03   8.7363204E+03   7.5688983E+06   7.6057714E+06   1.8691040E+06   0.0000000E+00   0.0000000E+00   0.0000000E+00   0.0000000E+00
   2.9289697E-02   7.0349894E+06   7.0349894E+06   5.2549300E+02   8.0314058E+02   7.0775589E+03   7.0005694E+06   7.0349894E+06   1.7287684E+06   0.0000000E+00   0.0000000E+00   0.0000000E+00   0.0000000E+00
   3.1463951E-02   6.4806755E+06   6.4806755E+06   4.3968654E+02   6.4121093E+02   5.7117118E+03   6.4487001E+06   6.4806755E+06   1.5924945E+06   0.0000000E+00   0.0000000E+00   0.0000000E+00   0.0000000E+00
   3.3782421E-02   5.9538174E+06   5.9538174E+06   3.3972709E+02   5.1105247E+02   4.6024100E+03   5.9242156E+06   5.9538174E+06   1.4629806E+06   0.0000000E+00   0.0000000E+00   0.0000000E+00   0.0000000E+00
   3.6235061E-02   5.4665774E+06   5.4665774E+06   2.6373810E+02   4.0789541E+02   3.7125434E+03   5.4392091E+06   5.4665774E+06   1.3432139E+06   0.0000000E+00   0.0000000E+00   0.0000000E+00   0.0000000E+00
   3.8798023E-02   5.0305711E+06   5.0305711E+06   2.1322010E+02   3.2743433E+02   3.0112077E+03   5.0052288E+06   5.0305711E+06   1.2360464E+06   0.0000000E+00   0.0000000E+00   0.0000000E+00   0.0000000E+00
   4.1434825E-02   4.6540732E+06   4.6540732E+06   1.7909487E+02   2.6561834E+02   2.4671416E+03   4.6304986E+06   4.6540732E+06   1.1435096E+06   0.0000000E+00   0.0000000E+00   0.0000000E+00   0.0000000E+00
   4.4104670E-02   4.3394588E+06   4.3394588E+06   1.4853253E+02   2.1859859E+02   2.0491469E+03   4.3173722E+06   4.3394588E+06   1.0661850E+06   0.0000000E+00   0.0000000E+00   0.0000000E+00   0.0000000E+00
   4.6773809E-02   4.0826930E+06   4.0826930E+06   1.1883997E+02   1.8287017E+02   1.7288117E+03   4.0618263E+06   4.0826930E+06   1.0030793E+06   0.0000000E+00   0.0000000E+00   0.0000000E+00   0.0000000E+00
   4.9422381E-02   3.8751601E+06   3.8751601E+06   9.8434613E+01   1.5547513E+02   1.4818138E+03   3.8552822E+06   3.8751601E+06   9.5207418E+05   0.0000000E+00   0.0000000E+00   0.0000000E+00   0.0000000E+00
   5.2044109E-02   3.7063166E+06   3.7063166E+06   8.5910445E+01   1.3410105E+02   1.2879411E+03   3.6872445E+06   3.7063166E+06   9.1057799E+05   0.0000000E+00   0.0000000E+00   0.0000000E+00   0.0000000E+00
   5.4642060E-02   3.5657064E+06   3.5657064E+06   7.6535805E+01   1.1704054E+02   1.1321028E+03   3.5473066E+06   3.5657064E+06   8.7602085E+05   0.0000000E+00   0.0000000E+00   0.0000000E+00   0.0000000E+00
   5.7224255E-02   3.4439869E+06   3.4439869E+06   6.8416402E+01   1.0307579E+02   1.0036070E+03   3.4261711E+06   3.4439869E+06   8.4610683E+05   0.0000000E+00   0.0000000E+00   0.0000000E+00   0.0000000E+00
   5.9800663E-02   3.3332784E+06   3.3332784E+06   6.1138494E+01   9.1353411E+01   8.9490483E+02   3.3159970E+06   3.3332784E+06   8.1889962E+05   0.0000000E+00   0.0000000E+00   0.0000000E+00   0.0000000E+00
   6.2381555E-02   3.2272017E+06   3.2272017E+06   5.4459040E+01   8.1280796E+01   8.0076724E+02   3.2104367E+06   3.2272017E+06   7.9283165E+05   0.0000000E+00   0.0000000E+00   0.0000000E+00   0.0000000E+00
   6.4976740E-02   3.1208186E+06   3.1208186E+06   4.8025145E+01   7.2449559E+01   7.1758311E+02   3.1045767E+06   3.1208186E+06   7.6668957E+05   0.0000000E+00   0.0000000E+00   0.0000000E+00   0.0000000E+00
   6.7595298E-02   3.0105667E+06   3.0105667E+06   4.1627067E+01   6.4581344E+01   6.4295205E+02   2.9948723E+06   3.0105667E+06   7.3959804E+05   0.0000000E+00   0.0000000E+00   0.0000000E+00   0.0000000E+00
   7.0245541E-02   2.8942079E+06   2.8942079E+06   3.6026137E+01   5.7490054E+01   5.7541580E+02   2.8790969E+06   2.8942079E+06   7.1100713E+05   0.0000000E+00   0.0000000E+00   0.0000000E+00   0.0000000E+00
   7.2935081E-02   2.7707836E+06   2.7707836E+06   3.2931685E+01   5.1055096E+01   5.1375428E+02   2.7562965E+06   2.7707836E+06   6.8068131E+05   0.0000000E+00   0.0000000E+00   0.0000000E+00   0.0000000E+00
   7.5670929E-02   2.6405573E+06   2.6405573E+06   3.0348219E+01   4.5201830E+01   4.5679423E+02   2.6267329E+06   2.6405573E+06   6.4868520E+05   0.0000000E+00   0.0000000E+00   0.0000000E+00   0.0000000E+00
   7.8459603E-02   2.5049230E+06   2.5049230E+06   2.4967135E+01   3.9886871E+01   4.0495666E+02   2.4917926E+06   2.5049230E+06   6.1536126E+05   0.0000000E+00   0.0000000E+00   0.0000000E+00   0.0000000E+00
   8.1307228E-02   2.3662622E+06   2.3662622E+06   2.3465838E+01   3.5086634E+01   3.5784303E+02   2.3538444E+06   2.3662622E+06   5.8129446E+05   0.0000000E+00   0.0000000E+00   0.0000000E+00   0.0000000E+00
   8.4219615E-02   2.2277344E+06   2.2277344E+06   1.9299872E+01   3.0788130E+01   3.1539681E+02   2.2160310E+06   2.2277344E+06   5.4726090E+05   0.0000000E+00   0.0000000E+00   0.0000000E+00   0.0000000E+00
   8.7202340E-02   2.0929952E+06   2.0929952E+06   1.7363986E+01   2.6981582E+01   2.7745780E+02   2.0819886E+06   2.0929952E+06   5.1415856E+05   0.0000000E+00   0.0000000E+00   0.0000000E+00   0.0000000E+00
   9.0260796E-02   1.9658464E+06   1.9658464E+06   1.5629551E+01   2.3654575E+01   2.4424927E+02   1.9554987E+06   1.9658464E+06   4.8292132E+05   0.0000000E+00   0.0000000E+00   0.0000000E+00   0.0000000E+00
   9.3400248E-02   1.8498337E+06   1.8498337E+06   1.3768569E+01   2.0787773E+01   2.1550690E+02   1.8400879E+06   1.8498337E+06   4.5442012E+05   0.0000000E+00   0.0000000E+00   0.0000000E+00   0.0000000E+00
   9.6625872E-02   1.7478220E+06   1.7478220E+06   1.1945732E+01   1.8352193E+01   1.9098570E+02   1.7386060E+06   1.7478220E+06   4.2935868E+05   0.0000000E+00   0.0000000E+00   0.0000000E+00   0.0000000E+00
   9.9942785E-02   1.6615928E+06   1.6615928E+06   1.0187364E+01   1.6308127E+01   1.7036659E+02   1.6528245E+06   1.6615928E+06   4.0817456E+05   0.0000000E+00   0.0000000E+00   0.0000000E+00   0.0000000E+00
   1.0335607E-01   1.5915183E+06   1.5915183E+06   9.6203555E+00   1.4605792E+01   1.5318095E+02   1.5831135E+06   1.5915183E+06   3.9095910E+05   0.0000000E+00   0.0000000E+00   0.0000000E+00   0.0000000E+00
   1.0687082E-01   1.5363732E+06   1.5363732E+06   8.2598620E+00   1.3187596E+01   1.3873809E+02   1.5282539E+06   1.5363732E+06   3.7741128E+05   0.0000000E+00   0.0000000E+00   0.0000000E+00   0.0000000E+00
   1.1049210E-01   1.4933430E+06   1.4933430E+06   7.8788948E+00   1.1991814E+01   1.2660870E+02   1.4854458E+06   1.4933430E+06   3.6683965E+05   0.0000000E+00   0.0000000E+00   0.0000000E+00   0.0000000E+00
   1.1422503E-01   1.4582692E+06   1.4582692E+06   7.2536593E+00   1.0957285E+01   1.1609081E+02   1.4505526E+06   1.4582692E+06   3.5822263E+05   0.0000000E+00   0.0000000E+00   0.0000000E+00   0.0000000E+00
   1.1807475E-01   1.4261438E+06   1.4261438E+06   6.5627067E+00   1.0028527E+01   1.0656455E+02   1.4185927E+06   1.4261438E+06   3.5033000E+05   0.0000000E+00   0.0000000E+00   0.0000000E+00   0.0000000E+00
   1.2204643E-01   1.3918212E+06   1.3918212E+06   5.7560548E+00   9.1605563E+00   9.7625620E+01   1.3844476E+06   1.3918212E+06   3.4189772E+05   0.0000000E+00   0.0000000E+00   0.0000000E+00   0.0000000E+00
   1.2614532E-01   1.3508611E+06   1.3508611E+06   5.4773626E+00   8.3225940E+00   8.9008427E+01   1.3437007E+06   1.3508611E+06   3.3183508E+05   0.0000000E+00   0.0000000E+00   0.0000000E+00   0.0000000E+00
   1.3037670E-01   1.3003659E+06   1.3003659E+06   4.7416675E+00   7.4999598E+00   8.0436503E+01   1.2934696E+06   1.3003659E+06   3.1943024E+05   0.0000000E+00   0.0000000E+00   0.0000000E+00   0.0000000E+00
   1.3474592E-01   1.2396342E+06   1.2396342E+06   4.1981111E+00   6.6936048E+00   7.1971001E+01   1.2330568E+06   1.2396342E+06   3.0451098E+05   0.0000000E+00   0.0000000E+00   0.0000000E+00   0.0000000E+00
   1.3925838E-01   1.1704491E+06   1.1704491E+06   3.7642269E+00   5.9171576E+00   6.3804463E+01   1.1642360E+06   1.1704491E+06   2.8751529E+05   0.0000000E+00   0.0000000E+00   0.0000000E+00   0.0000000E+00
   1.4391957E-01   1.0968555E+06   1.0968555E+06   3.4117760E+00   5.1918150E+00   5.6084404E+01   1.0910305E+06   1.0968555E+06   2.6943676E+05   0.0000000E+00   0.0000000E+00   0.0000000E+00   0.0000000E+00
   1.4873505E-01   1.0243760E+06   1.0243760E+06   2.8869836E+00   4.5399232E+00   4.9186988E+01   1.0189337E+06   1.0243760E+06   2.5163204E+05   0.0000000E+00   0.0000000E+00   0.0000000E+00   0.0000000E+00
   1.5371045E-01   9.5875747E+05   9.5875747E+05   2.5000497E+00   3.9785333E+00   4.3200641E+01   9.5366185E+05   9.5875747E+05   2.3551276E+05   0.0000000E+00   0.0000000E+00   0.0000000E+00   0.0000000E+00
   1.5885151E-01   9.0449784E+05   9.0449784E+05   2.2413892E+00   3.5143850E+00   3.8245894E+01   8.9968884E+05   9.0449784E+05   2.2218381E+05   0.0000000E+00   0.0000000E+00   0.0000000E+00   0.0000000E+00
   1.6416406E-01   8.6354006E+05   8.6354006E+05   2.0485686E+00   3.1416085E+00   3.4261485E+01   8.5894724E+05   8.6354006E+05   2.1212243E+05   0.0000000E+00   0.0000000E+00   0.0000000E+00   0.0000000E+00
   1.6965402E-01   8.3456382E+05   8.3456382E+05   1.8370405E+00   2.8428645E+00   3.1081706E+01   8.3012365E+05   8.3456382E+05   2.0500429E+05   0.0000000E+00   0.0000000E+00   0.0000000E+00   0.0000000E+00
   1.7532747E-01   8.1321271E+05   8.1321271E+05   1.6708037E+00   2.5937454E+00   2.8427499E+01   8.0888479E+05   8.1321271E+05   1.9975923E+05   0.0000000E+00   0.0000000E+00   0.0000000E+00   0.0000000E+00
   1.8119061E-01   7.9334393E+05   7.9334393E+05   1.5438266E+00   2.3692546E+00   2.6026734E+01   7.8912051E+05   7.9334393E+05   1.9487833E+05   0.0000000E+00   0.0000000E+00   0.0000000E+00   0.0000000E+00
   1.8724982E-01   7.6902487E+05   7.6902487E+05   1.3663483E+00   2.1503990E+00   2.3683696E+01   7.6492978E+05   7.6902487E+05   1.8890429E+05   0.0000000E+00   0.0000000E+00   0.0000000E+00   0.0000000E+00
   1.9351165E-01   7.3664251E+05   7.3664251E+05   1.2183038E+00   1.9287050E+00   2.1293367E+01   7.3271883E+05   7.3664251E+05   1.8094960E+05   0.0000000E+00   0.0000000E+00   0.0000000E+00   0.0000000E+00
   1.9998289E-01   6.9630223E+05   6.9630223E+05   1.1016354E+00   1.7070216E+00   1.8899557E+01   6.9259250E+05   6.9630223E+05   1.7104015E+05   0.0000000E+00   0.0000000E+00   0.0000000E+00   0.0000000E+00
   2.0667058E-01   6.5182348E+05   6.5182348E+05   9.4543257E-01   1.4962506E+00   1.6600650E+01   6.4834990E+05   6.5182348E+05   1.6011417E+05   0.0000000E+00   0.0000000E+00   0.0000000E+00   0.0000000E+00
   2.1358205E-01   6.0913728E+05   6.0913728E+05   8.3033408E-01   1.3092475E+00   1.4564186E+01   6.0589046E+05   6.0913728E+05   1.4962855E+05   0.0000000E+00   0.0000000E+00   0.0000000E+00   0.0000000E+00
   2.2072497E-01   5.7361992E+05   5.7361992E+05   7.3417226E-01   1.1544097E+00   1.2877506E+01   5.7056177E+05   5.7361992E+05   1.4090391E+05   0.0000000E+00   0.0000000E+00   0.0000000E+00   0.0000000E+00
   2.2810744E-01   5.4753818E+05   5.4753818E+05   6.5454517E-01   1.0317500E+00   1.1537807E+01   5.4461851E+05   5.4753818E+05   1.3449706E+05   0.0000000E+00   0.0000000E+00   0.0000000E+00   0.0000000E+00
   2.3573799E-01   5.2893877E+05   5.2893877E+05   5.9025660E-01   9.3321935E-01   1.0461977E+01   5.2611775E+05   5.2893877E+05   1.2992818E+05   0.0000000E+00   0.0000000E+00   0.0000000E+00   0.0000000E+00
   2.4362571E-01   5.1274139E+05   5.1274139E+05   5.4717112E-01   8.4700898E-01   9.5235528E+00   5.1000627E+05   5.1274139E+05   1.2594935E+05   0.0000000E+00   0.0000000E+00   0.0000000E+00   0.0000000E+00
   2.5178029E-01   4.9362746E+05   4.9362746E+05   4.9112615E-01   7.6346932E-01   8.6076745E+00   4.9099386E+05   4.9362746E+05   1.2125412E+05   0.0000000E+00   0.0000000E+00   0.0000000E+00   0.0000000E+00
   2.6021216E-01   4.6914281E+05   4.6914281E+05   4.3530177E-01   6.7934058E-01   7.6708931E+00   4.6663945E+05   4.6914281E+05   1.1523964E+05   0.0000000E+00   0.0000000E+00   0.0000000E+00   0.0000000E+00
   2.6893256E-01   4.4105859E+05   4.4105859E+05   3.8540147E-01   5.9793000E-01   6.7698671E+00   4.3870474E+05   4.4105859E+05   1.0834099E+05   0.0000000E+00   0.0000000E+00   0.0000000E+00   0.0000000E+00
   2.7795368E-01   4.1395217E+05   4.1395217E+05   3.3477649E-01   5.2535039E-01   5.9697838E+00   4.1174267E+05   4.1395217E+05   1.0168253E+05   0.0000000E+00   0.0000000E+00   0.0000000E+00   0.0000000E+00
   2.8728884E-01   3.9183406E+05   3.9183406E+05   2.9918426E-01   4.6548924E-01   5.2903809E+00   3.8974235E+05   3.9183406E+05   9.6249411E+04   0.0000000E+00   0.0000000E+00   0.0000000E+00   0.0000000E+00
   2.9695259E-01   3.7522685E+05   3.7522685E+05   2.6511605E-01   4.1721896E-01   4.7581399E+00   3.7322353E+05   3.7522685E+05   9.2169985E+04   0.0000000E+00   0.0000000E+00   0.0000000E+00   0.0000000E+00
   3.0696097E-01   3.6101203E+05   3.6101203E+05   2.3990250E-01   3.7566322E-01   4.2944420E+00   3.5908438E+05   3.6101203E+05   8.8678231E+04   0.0000000E+00   0.0000000E+00   0.0000000E+00   0.0000000E+00
   3.1733171E-01   3.4527221E+05   3.4527221E+05   2.1420209E-01   3.3618484E-01   3.8561323E+00   3.4342840E+05   3.4527221E+05   8.4811887E+04   0.0000000E+00   0.0000000E+00   0.0000000E+00   0.0000000E+00
   3.2808454E-01   3.2672081E+05   3.2672081E+05   1.8980627E-01   2.9761190E-01   3.4186641E+00   3.2497588E+05   3.2672081E+05   8.0254919E+04   0.0000000E+00   0.0000000E+00   0.0000000E+00   0.0000000E+00
   3.3924147E-01   3.0755674E+05   3.0755674E+05   1.6674908E-01   2.6203212E-01   3.0159852E+00   3.0591400E+05   3.0755674E+05   7.5547464E+04   0.0000000E+00   0.0000000E+00   0.0000000E+00   0.0000000E+00
   3.5082721E-01   2.9088642E+05   2.9088642E+05   1.4786094E-01   2.3173149E-01   2.6721422E+00   2.8933257E+05   2.9088642E+05   7.1452572E+04   0.0000000E+00   0.0000000E+00   0.0000000E+00   0.0000000E+00
   3.6286962E-01   2.7738528E+05   2.7738528E+05   1.3197417E-01   2.0655227E-01   2.3876546E+00   2.7590342E+05   2.7738528E+05   6.8136157E+04   0.0000000E+00   0.0000000E+00   0.0000000E+00   0.0000000E+00
   3.7540033E-01   2.6486558E+05   2.6486558E+05   1.1742073E-01   1.8428239E-01   2.1335733E+00   2.6345049E+05   2.6486558E+05   6.5060825E+04   0.0000000E+00   0.0000000E+00   0.0000000E+00   0.0000000E+00
   3.8845538E-01   2.5119102E+05   2.5119102E+05   1.0398429E-01   1.6321880E-01   1.8935494E+00   2.4984887E+05   2.5119102E+05   6.1701818E+04   0.0000000E+00   0.0000000E+00   0.0000000E+00   0.0000000E+00
   4.0207612E-01   2.3684151E+05   2.3684151E+05   9.1787388E-02   1.4364510E-01   1.6712574E+00   2.3557594E+05   2.3684151E+05   5.8177025E+04   0.0000000E+00   0.0000000E+00   0.0000000E+00   0.0000000E+00
   4.1631028E-01   2.2378791E+05   2.2378791E+05   8.0610323E-02   1.2660551E-01   1.4758955E+00   2.2259201E+05   2.2378791E+05   5.4970558E+04   0.0000000E+00   0.0000000E+00   0.0000000E+00   0.0000000E+00
   4.3121332E-01   2.1244247E+05   2.1244247E+05   7.1517813E-02   1.1202300E-01   1.3076938E+00   2.1130712E+05   2.1244247E+05   5.2183682E+04   0.0000000E+00   0.0000000E+00   0.0000000E+00   0.0000000E+00
   4.4685008E-01   2.0132644E+05   2.0132644E+05   6.3081046E-02   9.8861564E-02   1.1550739E+00   2.0025042E+05   2.0132644E+05   4.9453159E+04   0.0000000E+00   0.0000000E+00   0.0000000E+00   0.0000000E+00
   4.6329699E-01   1.8975663E+05   1.8975663E+05   5.5306194E-02   8.6682060E-02   1.0140379E+00   1.8874239E+05   1.8975663E+05   4.6611175E+04   0.0000000E+00   0.0000000E+00   0.0000000E+00   0.0000000E+00
   4.8064478E-01   1.7874418E+05   1.7874418E+05   4.8326940E-02   7.5863907E-02   8.8809027E-01   1.7778875E+05   1.7874418E+05   4.3906102E+04   0.0000000E+00   0.0000000E+00   0.0000000E+00   0.0000000E+00
   4.9900202E-01   1.6870235E+05   1.6870235E+05   4.2314590E-02   6.6430648E-02   7.7858660E-01   1.6780055E+05   1.6870235E+05   4.1439450E+04   0.0000000E+00   0.0000000E+00   0.0000000E+00   0.0000000E+00
   5.1849966E-01   1.5878041E+05   1.5878041E+05   3.6890759E-02   5.7909827E-02   6.7928120E-01   1.5793160E+05   1.5878041E+05   3.9002248E+04   0.0000000E+00   0.0000000E+00   0.0000000E+00   0.0000000E+00
   5.3929693E-01   1.4891512E+05   1.4891512E+05   3.1982606E-02   5.0203698E-02   5.8983419E-01   1.4811900E+05   1.4891512E+05   3.6578963E+04   0.0000000E+00   0.0000000E+00   0.0000000E+00   0.0000000E+00
   5.6158881E-01   1.3962943E+05   1.3962943E+05   2.7654149E-02   4.3410327E-02   5.1097018E-01   1.3888292E+05   1.3962943E+05   3.4298053E+04   0.0000000E+00   0.0000000E+00   0.0000000E+00   0.0000000E+00
   5.8561565E-01   1.3056601E+05   1.3056601E+05   2.3780574E-02   3.7330016E-02   4.3989131E-01   1.2986792E+05   1.3056601E+05   3.2071739E+04   0.0000000E+00   0.0000000E+00   0.0000000E+00   0.0000000E+00
   6.1167492E-01   1.2164947E+05   1.2164947E+05   2.0308665E-02   3.1880315E-02   3.7669466E-01   1.2099904E+05   1.2164947E+05   2.9881510E+04   0.0000000E+00   0.0000000E+00   0.0000000E+00   0.0000000E+00
   6.4013503E-01   1.1306101E+05   1.1306101E+05   1.7230494E-02   2.7053514E-02   3.2044320E-01   1.1245647E+05   1.1306101E+05   2.7771866E+04   0.0000000E+00   0.0000000E+00   0.0000000E+00   0.0000000E+00
   6.7144957E-01   1.0460110E+05   1.0460110E+05   1.4486777E-02   2.2749079E-02   2.7008343E-01   1.0404176E+05   1.0460110E+05   2.5693800E+04   0.0000000E+00   0.0000000E+00   0.0000000E+00   0.0000000E+00
   7.0616824E-01   9.6367752E+04   9.6367752E+04   1.2065012E-02   1.8948291E-02   2.2517977E-01   9.5852428E+04   9.6367752E+04   2.3671389E+04   0.0000000E+00   0.0000000E+00   0.0000000E+00   0.0000000E+00
   7.4493565E-01   8.8299991E+04   8.8299991E+04   9.9414170E-03   1.5601923E-02   1.8570539E-01   8.7827791E+04   8.8299991E+04   2.1689653E+04   0.0000000E+00   0.0000000E+00   0.0000000E+00   0.0000000E+00
   7.8846422E-01   8.0448966E+04   8.0448966E+04   8.0802408E-03   1.2688544E-02   1.5140209E-01   8.0018735E+04   8.0448966E+04   1.9761155E+04   0.0000000E+00   0.0000000E+00   0.0000000E+00   0.0000000E+00
   8.3746485E-01   7.2847010E+04   7.2847010E+04   6.4832276E-03   1.0184369E-02   1.2150527E-01   7.2457420E+04   7.2847010E+04   1.7893838E+04   0.0000000E+00   0.0000000E+00   0.0000000E+00   0.0000000E+00
   8.9253510E-01   6.5569137E+04   6.5569137E+04   5.1363821E-03   8.0705805E-03   9.6432741E-02   6.5218458E+04   6.5569137E+04   1.6106129E+04   0.0000000E+00   0.0000000E+00   0.0000000E+00   0.0000000E+00
   9.5404569E-01   5.8706918E+04   5.8706918E+04   4.0245251E-03   6.3242225E-03   7.5701637E-02   5.8392931E+04   5.8706918E+04   1.4420520E+04   0.0000000E+00   0.0000000E+00   0.0000000E+00   0.0000000E+00
   1.0221071E+00   5.2342903E+04   5.2342903E+04   3.1161300E-03   4.9127141E-03   5.8924814E-02   5.2062945E+04   5.2342903E+04   1.2857288E+04   0.0000000E+00   0.0000000E+00   0.0000000E+00   0.0000000E+00
   1.0966646E+00   4.6531207E+04   4.6531207E+04   2.4143114E-03   3.7936167E-03   4.5568759E-02   4.6282328E+04   4.6531207E+04   1.1429727E+04   0.0000000E+00   0.0000000E+00   0.0000000E+00   0.0000000E+00
   1.1776640E+00   4.1287861E+04   4.1287861E+04   1.8573990E-03   2.9190174E-03   3.5159491E-02   4.1067022E+04   4.1287861E+04   1.0141772E+04   0.0000000E+00   0.0000000E+00   0.0000000E+00   0.0000000E+00
   1.2651766E+00   3.6593577E+04   3.6593577E+04   1.4261885E-03   2.2416094E-03   2.7065786E-02   3.6397842E+04   3.6593577E+04   8.9886878E+03   0.0000000E+00   0.0000000E+00   0.0000000E+00   0.0000000E+00
   1.3594366E+00   3.2409089E+04   3.2409089E+04   1.0939118E-03   1.7195174E-03   2.0778319E-02   3.2235734E+04   3.2409089E+04   7.9608276E+03   0.0000000E+00   0.0000000E+00   0.0000000E+00   0.0000000E+00
   1.4608175E+00   2.8688186E+04   2.8688186E+04   8.3871319E-04   1.3181632E-03   1.5953183E-02   2.8534732E+04   2.8688186E+04   7.0468407E+03   0.0000000E+00   0.0000000E+00   0.0000000E+00   0.0000000E+00
   1.5697933E+00   2.5383092E+04   2.5383092E+04   6.4247721E-04   1.0099920E-03   1.2249353E-02   2.5247315E+04   2.5383092E+04   6.2349914E+03   0.0000000E+00   0.0000000E+00   0.0000000E+00   0.0000000E+00
   1.6869090E+00   2.2449906E+04   2.2449906E+04   4.9203957E-04   7.7355284E-04   9.3710157E-03   2.2329818E+04   2.2449906E+04   5.5144962E+03   0.0000000E+00   0.0000000E+00   0.0000000E+00   0.0000000E+00
   1.8127649E+00   1.9847976E+04   1.9847976E+04   3.7668653E-04   5.9223274E-04   7.1620325E-03   1.9741805E+04   1.9847976E+04   4.8753693E+03   0.0000000E+00   0.0000000E+00   0.0000000E+00   0.0000000E+00
   1.9480112E+00   1.7541221E+04   1.7541221E+04   2.8827499E-04   4.5324863E-04   5.5040460E-03   1.7447389E+04   1.7541221E+04   4.3087481E+03   0.0000000E+00   0.0000000E+00   0.0000000E+00   0.0000000E+00
   2.0933481E+00   1.5496980E+04   1.5496980E+04   2.2055329E-04   3.4675625E-04   4.2257956E-03   1.5414082E+04   1.5496980E+04   3.8066096E+03   0.0000000E+00   0.0000000E+00   0.0000000E+00   0.0000000E+00
   2.2495282E+00   1.3686234E+04   1.3686234E+04   1.6869100E-04   2.6519282E-04   3.2280243E-03   1.3613022E+04   1.3686234E+04   3.3618259E+03   0.0000000E+00   0.0000000E+00   0.0000000E+00   0.0000000E+00
   2.4173607E+00   1.2083010E+04   1.2083010E+04   1.2895417E-04   2.0274660E-04   2.4764870E-03   1.2018374E+04   1.2083010E+04   2.9680169E+03   0.0000000E+00   0.0000000E+00   0.0000000E+00   0.0000000E+00
   2.5977147E+00   1.0664096E+04   1.0664096E+04   9.8550937E-05   1.5495416E-04   1.8807211E-03   1.0607050E+04   1.0664096E+04   2.6194811E+03   0.0000000E+00   0.0000000E+00   0.0000000E+00   0.0000000E+00
   2.7915245E+00   9.4088157E+03   9.4088157E+03   7.5293003E-05   1.1839000E-04   1.4409830E-03   9.3584842E+03   9.4088157E+03   2.3111396E+03   0.0000000E+00   0.0000000E+00   0.0000000E+00   0.0000000E+00
   2.9997941E+00   8.2987352E+03   8.2987352E+03   5.7508266E-05   9.0425917E-05   1.1031189E-03   8.2543418E+03   8.2987352E+03   2.0384643E+03   0.0000000E+00   0.0000000E+00   0.0000000E+00   0.0000000E+00
   3.2236023E+00   7.3174309E+03   7.3174309E+03   4.3914844E-05   6.9046358E-05   8.4719416E-04   7.2782867E+03   7.3174309E+03   1.7974211E+03   0.0000000E+00   0.0000000E+00   0.0000000E+00   0.0000000E+00
   3.4641082E+00   6.4502819E+03   6.4502819E+03   3.3520250E-05   5.2706249E-05   6.4014425E-04   6.4157764E+03   6.4502819E+03   1.5844184E+03   0.0000000E+00   0.0000000E+00   0.0000000E+00   0.0000000E+00
   3.7225578E+00   5.6842814E+03   5.6842814E+03   2.5580660E-05   4.0221705E-05   4.9188088E-04   5.6538735E+03   5.6842814E+03   1.3962615E+03   0.0000000E+00   0.0000000E+00   0.0000000E+00   0.0000000E+00
   4.0002898E+00   5.0078646E+03   5.0078646E+03   1.9514206E-05   3.0685922E-05   3.7601063E-04   4.9810751E+03   5.0078646E+03   1.2301095E+03   0.0000000E+00   0.0000000E+00   0.0000000E+00   0.0000000E+00
   4.2987427E+00   4.4107549E+03   4.4107549E+03   1.4888378E-05   2.3404615E-05   2.8858239E-04   4.3871597E+03   4.4107549E+03   1.0834381E+03   0.0000000E+00   0.0000000E+00   0.0000000E+00   0.0000000E+00
   4.6194626E+00   3.8838256E+03   3.8838256E+03   1.1349608E-05   1.7846398E-05   2.1743478E-04   3.8630491E+03   3.8838256E+03   9.5400553E+02   0.0000000E+00   0.0000000E+00   0.0000000E+00   0.0000000E+00
   4.9641106E+00   3.4189748E+03   3.4189748E+03   8.6516700E-06   1.3604712E-05   1.6578200E-04   3.4006850E+03   3.4189748E+03   8.3982166E+02   0.0000000E+00   0.0000000E+00   0.0000000E+00   0.0000000E+00
   5.3344721E+00   3.0090148E+03   3.0090148E+03   6.5941358E-06   1.0368616E-05   1.2732592E-04   2.9929181E+03   3.0090148E+03   7.3912092E+02   0.0000000E+00   0.0000000E+00   0.0000000E+00   0.0000000E+00
   5.7324655E+00   2.6475717E+03   2.6475717E+03   5.0250205E-06   7.9003746E-06   9.7885602E-05   2.6334085E+03   2.6475717E+03   6.5033764E+02   0.0000000E+00   0.0000000E+00   0.0000000E+00   0.0000000E+00
   6.1601523E+00   2.3289958E+03   2.3289958E+03   3.8253205E-06   6.0182841E-06   7.4356810E-05   2.3165368E+03   2.3289958E+03   5.7208410E+02   0.0000000E+00   0.0000000E+00   0.0000000E+00   0.0000000E+00
   6.6197479E+00   2.0482822E+03   2.0482822E+03   2.9149207E-06   4.5835123E-06   5.5522342E-05   2.0373248E+03   2.0482822E+03   5.0313085E+02   0.0000000E+00   0.0000000E+00   0.0000000E+00   0.0000000E+00
   7.1136329E+00   1.8009985E+03   1.8009985E+03   2.2192752E-06   3.4900152E-06   4.3005374E-05   1.7913640E+03   1.8009985E+03   4.4238918E+02   0.0000000E+00   0.0000000E+00   0.0000000E+00   0.0000000E+00
   7.6443656E+00   1.5832214E+03   1.5832214E+03   1.6895432E-06   2.6568181E-06   3.2372141E-05   1.5747520E+03   1.5832214E+03   3.8889541E+02   0.0000000E+00   0.0000000E+00   0.0000000E+00   0.0000000E+00
   8.2146951E+00   1.3914798E+03   1.3914798E+03   1.2854243E-06   2.0221074E-06   2.4229450E-05   1.3840361E+03   1.3914798E+03   3.4179686E+02   0.0000000E+00   0.0000000E+00   0.0000000E+00   0.0000000E+00
   8.8275757E+00   1.2227035E+03   1.2227035E+03   9.7850224E-07   1.5387098E-06   1.8575982E-05   1.2161627E+03   1.2227035E+03   3.0033941E+02   0.0000000E+00   0.0000000E+00   0.0000000E+00   0.0000000E+00
   9.4861820E+00   1.0741783E+03   1.0741783E+03   7.4444087E-07   1.1706349E-06   1.4271639E-05   1.0684320E+03   1.0741783E+03   2.6385634E+02   0.0000000E+00   0.0000000E+00   0.0000000E+00   0.0000000E+00
   1.0193925E+01   9.4350536E+02   9.4350536E+02   5.6607788E-07   8.9043134E-07   1.0997721E-05   9.3845805E+02   9.4350536E+02   2.3175842E+02   0.0000000E+00   0.0000000E+00   0.0000000E+00   0.0000000E+00
