#           k/h    CDM            baryon         photon         nu             mass_nu        total          no_nu          total_de       Weyl           v_CDM          v_b            v_b-v_c     
   9.9550432E-06   7.0623452E+06   7.0623452E+06   9.4150606E+06   1.2253863E+05   5.3392709E+05   7.0625566E+06   7.0623452E+06   6.1257689E+06   0.0000000E+00   0.0000000E+00   0.0000000E+00   0.0000000E+00
   1.0697767E-05   7.0623428E+06   7.0623428E+06   9.4148408E+06   1.2253765E+05   5.3392157E+05   7.0625541E+06   7.0623428E+06   6.1257666E+06   0.0000000E+00   0.0000000E+00   0.0000000E+00   0.0000000E+00
   1.1495905E-05   7.0623401E+06   7.0623401E+06   9.4145870E+06   1.2253652E+05   5.3391520E+05   7.0625512E+06   7.0623401E+06   6.1257640E+06   0.0000000E+00   0.0000000E+00   0.0000000E+00   0.0000000E+00
   1.2353589E-05   7.0623370E+06   7.0623370E+06   9.4142939E+06   1.2253521E+05   5.3390784E+05   7.0625479E+06   7.0623370E+06   6.1257610E+06   0.0000000E+00   0.0000000E+00   0.0000000E+00   0.0000000E+00
   1.3275263E-05   7.0623333E+06   7.0623333E+06   9.4139555E+06   1.2253370E+05   5.3389934E+05   7.0625440E+06   7.0623333E+06   6.1257576E+06   0.0000000E+00   0.0000000E+00   0.0000000E+00   0.0000000E+00
   1.4265702E-05   7.0623291E+06   7.0623291E+06   9.4135647E+06   1.2253196E+05   5.3388953E+05   7.0625396E+06   7.0623291E+06   6.1257536E+06   0.0000000E+00   0.0000000E+00   0.0000000E+00   0.0000000E+00
   1.5330035E-05   7.0623243E+06   7.0623243E+06   9.4131134E+06   1.2252995E+05   5.3387820E+05   7.0625344E+06   7.0623243E+06   6.1257490E+06   0.0000000E+00   0.0000000E+00   0.0000000E+00   0.0000000E+00
   1.6473776E-05   7.0623186E+06   7.0623186E+06   9.4125923E+06   1.2252762E+05   5.3386512E+05   7.0625285E+06   7.0623186E+06   6.1257436E+06   0.0000000E+00   0.0000000E+00   0.0000000E+00   0.0000000E+00
   1.7702848E-05   7.0623122E+06   7.0623122E+06   9.4119906E+06   1.2252494E+05   5.3385001E+05   7.0625217E+06   7.0623122E+06   6.1257375E+06   0.0000000E+00   0.0000000E+00   0.0000000E+00   0.0000000E+00
   1.9023619E-05   7.0623047E+06   7.0623047E+06   9.4112958E+06   1.2252184E+05   5.3383257E+05   7.0625138E+06   7.0623047E+06   6.1257304E+06   0.0000000E+00   0.0000000E+00   0.0000000E+00   0.0000000E+00
   2.0442930E-05   7.0622960E+06   7.0622960E+06   9.4104935E+06   1.2251826E+05   5.3381242E+05   7.0625047E+06   7.0622960E+06   6.1257221E+06   0.0000000E+00   0.0000000E+00   0.0000000E+00   0.0000000E+00
   2.1968133E-05   7.0622861E+06   7.0622861E+06   9.4095672E+06   1.2251413E+05   5.3378916E+05   7.0624941E+06   7.0622861E+06   6.1257127E+06   0.0000000E+00   0.0000000E+00   0.0000000E+00   0.0000000E+00
   2.3607128E-05   7.0622746E+06   7.0622746E+06   9.4084975E+06   1.2250936E+05   5.3376230E+05   7.0624820E+06   7.0622746E+06   6.1257017E+06   0.0000000E+00   0.0000000E+00   0.0000000E+00   0.0000000E+00
   2.5368404E-05   7.0622613E+06   7.0622613E+06   9.4072625E+06   1.2250384E+05   5.3373129E+05   7.0624679E+06   7.0622613E+06   6.1256891E+06   0.0000000E+00   0.0000000E+00   0.0000000E+00   0.0000000E+00
   2.7261086E-05   7.0622459E+06   7.0622459E+06   9.4058364E+06   1.2249748E+05   5.3369547E+05   7.0624517E+06   7.0622459E+06   6.1256745E+06   0.0000000E+00   0.0000000E+00   0.0000000E+00   0.0000000E+00
   2.9294976E-05   7.0622282E+06   7.0622282E+06   9.4041899E+06   1.2249014E+05   5.3365412E+05   7.0624330E+06   7.0622282E+06   6.1256576E+06   0.0000000E+00   0.0000000E+00   0.0000000E+00   0.0000000E+00
   3.1480611E-05   7.0622077E+06   7.0622077E+06   9.4022889E+06   1.2248165E+05   5.3360637E+05   7.0624113E+06   7.0622077E+06   6.1256381E+06   0.0000000E+00   0.0000000E+00   0.0000000E+00   0.0000000E+00
   3.3829311E-05   7.0621840E+06   7.0621840E+06   9.4000942E+06   1.2247186E+05   5.3355125E+05   7.0623864E+06   7.0621840E+06   6.1256157E+06   0.0000000E+00   0.0000000E+00   0.0000000E+00   0.0000000E+00
   3.6353242E-05   7.0621567E+06   7.0621567E+06   9.3975603E+06   1.2246055E+05   5.3348759E+05   7.0623575E+06   7.0621567E+06   6.1255897E+06   0.0000000E+00   0.0000000E+00   0.0000000E+00   0.0000000E+00
   3.9065478E-05   7.0621252E+06   7.0621252E+06   9.3946351E+06   1.2244749E+05   5.3341410E+05   7.0623242E+06   7.0621252E+06   6.1255597E+06   0.0000000E+00   0.0000000E+00   0.0000000E+00   0.0000000E+00
   4.1980069E-05   7.0620888E+06   7.0620888E+06   9.3912581E+06   1.2243241E+05   5.3332925E+05   7.0622858E+06   7.0620888E+06   6.1255251E+06   0.0000000E+00   0.0000000E+00   0.0000000E+00   0.0000000E+00
   4.5112111E-05   7.0620467E+06   7.0620467E+06   9.3873600E+06   1.2241500E+05   5.3323129E+05   7.0622414E+06   7.0620467E+06   6.1254851E+06   0.0000000E+00   0.0000000E+00   0.0000000E+00   0.0000000E+00
   4.8477827E-05   7.0619982E+06   7.0619982E+06   9.3828604E+06   1.2239490E+05   5.3311820E+05   7.0621901E+06   7.0619982E+06   6.1254390E+06   0.0000000E+00   0.0000000E+00   0.0000000E+00   0.0000000E+00
   5.2094653E-05   7.0619422E+06   7.0619422E+06   9.3776670E+06   1.2237170E+05   5.3298764E+05   7.0621309E+06   7.0619422E+06   6.1253857E+06   0.0000000E+00   0.0000000E+00   0.0000000E+00   0.0000000E+00
   5.5981322E-05   7.0618774E+06   7.0618774E+06   9.3716732E+06   1.2234491E+05   5.3283693E+05   7.0620626E+06   7.0618774E+06   6.1253242E+06   0.0000000E+00   0.0000000E+00   0.0000000E+00   0.0000000E+00
   6.0157967E-05   7.0618027E+06   7.0618027E+06   9.3647563E+06   1.2231399E+05   5.3266296E+05   7.0619837E+06   7.0618027E+06   6.1252532E+06   0.0000000E+00   0.0000000E+00   0.0000000E+00   0.0000000E+00
   6.4646222E-05   7.0617165E+06   7.0617165E+06   9.3567750E+06   1.2227829E+05   5.3246217E+05   7.0618926E+06   7.0617165E+06   6.1251712E+06   0.0000000E+00   0.0000000E+00   0.0000000E+00   0.0000000E+00
   6.9469336E-05   7.0616169E+06   7.0616169E+06   9.3475664E+06   1.2223709E+05   5.3223042E+05   7.0617875E+06   7.0616169E+06   6.1250766E+06   0.0000000E+00   0.0000000E+00   0.0000000E+00   0.0000000E+00
   7.4652292E-05   7.0615019E+06   7.0615019E+06   9.3369435E+06   1.2218954E+05   5.3196297E+05   7.0616661E+06   7.0615019E+06   6.1249673E+06   0.0000000E+00   0.0000000E+00   0.0000000E+00   0.0000000E+00
   8.0221938E-05   7.0613692E+06   7.0613692E+06   9.3246909E+06   1.2213465E+05   5.3165436E+05   7.0615259E+06   7.0613692E+06   6.1248412E+06   0.0000000E+00   0.0000000E+00   0.0000000E+00   0.0000000E+00
   8.6207122E-05   7.0612160E+06   7.0612160E+06   9.3105612E+06   1.2207132E+05   5.3129828E+05   7.0613642E+06   7.0612160E+06   6.1246956E+06   0.0000000E+00   0.0000000E+00   0.0000000E+00   0.0000000E+00
   9.2638848E-05   7.0610392E+06   7.0610392E+06   9.2942702E+06   1.2199823E+05   5.3088749E+05   7.0611774E+06   7.0610392E+06   6.1245275E+06   0.0000000E+00   0.0000000E+00   0.0000000E+00   0.0000000E+00
   9.9550432E-05   7.0608351E+06   7.0608351E+06   9.2754921E+06   1.2191392E+05   5.3041366E+05   7.0609619E+06   7.0608351E+06   6.1243336E+06   0.0000000E+00   0.0000000E+00   0.0000000E+00   0.0000000E+00
   1.0697767E-04   7.0605995E+06   7.0605995E+06   9.2538533E+06   1.2181665E+05   5.2986720E+05   7.0607132E+06   7.0605995E+06   6.1241098E+06   0.0000000E+00   0.0000000E+00   0.0000000E+00   0.0000000E+00
   1.1495905E-04   7.0603277E+06   7.0603277E+06   9.2289260E+06   1.2170447E+05   5.2923712E+05   7.0604262E+06   7.0603277E+06   6.1238515E+06   0.0000000E+00   0.0000000E+00   0.0000000E+00   0.0000000E+00
   1.2353589E-04   7.0600140E+06   7.0600140E+06   9.2002215E+06   1.2157511E+05   5.2851078E+05   7.0600950E+06   7.0600140E+06   6.1235536E+06   0.0000000E+00   0.0000000E+00   0.0000000E+00   0.0000000E+00
   1.3275263E-04   7.0596521E+06   7.0596521E+06   9.1671818E+06   1.2142596E+05   5.2767371E+05   7.0597129E+06   7.0596521E+06   6.1232099E+06   0.0000000E+00   0.0000000E+00   0.0000000E+00   0.0000000E+00
   1.4265702E-04   7.0592347E+06   7.0592347E+06   9.1291714E+06   1.2125405E+05   5.2670933E+05   7.0592721E+06   7.0592347E+06   6.1228134E+06   0.0000000E+00   0.0000000E+00   0.0000000E+00   0.0000000E+00
   1.5330035E-04   7.0587532E+06   7.0587532E+06   9.0854680E+06   1.2105596E+05   5.2559868E+05   7.0587637E+06   7.0587532E+06   6.1223562E+06   0.0000000E+00   0.0000000E+00   0.0000000E+00   0.0000000E+00
   1.6473776E-04   7.0581980E+06   7.0581980E+06   9.0352530E+06   1.2082777E+05   5.2432010E+05   7.0581775E+06   7.0581980E+06   6.1218291E+06   0.0000000E+00   0.0000000E+00   0.0000000E+00   0.0000000E+00
   1.7702848E-04   7.0575578E+06   7.0575578E+06   8.9776010E+06   1.2056503E+05   5.2284891E+05   7.0575016E+06   7.0575578E+06   6.1212215E+06   0.0000000E+00   0.0000000E+00   0.0000000E+00   0.0000000E+00
   1.9023619E-04   7.0568200E+06   7.0568200E+06   8.9114706E+06   1.2026262E+05   5.2115702E+05   7.0567226E+06   7.0568200E+06   6.1205214E+06   0.0000000E+00   0.0000000E+00   0.0000000E+00   0.0000000E+00
   2.0442930E-04   7.0559697E+06   7.0559697E+06   8.8356941E+06   1.1991474E+05   5.1921259E+05   7.0558249E+06   7.0559697E+06   6.1197148E+06   0.0000000E+00   0.0000000E+00   0.0000000E+00   0.0000000E+00
   2.1968133E-04   7.0549903E+06   7.0549903E+06   8.7489692E+06   1.1951478E+05   5.1697955E+05   7.0547909E+06   7.0549903E+06   6.1187860E+06   0.0000000E+00   0.0000000E+00   0.0000000E+00   0.0000000E+00
   2.3607128E-04   7.0538625E+06   7.0538625E+06   8.6498531E+06   1.1905527E+05   5.1441725E+05   7.0536003E+06   7.0538625E+06   6.1177169E+06   0.0000000E+00   0.0000000E+00   0.0000000E+00   0.0000000E+00
   2.5368404E-04   7.0525644E+06   7.0525644E+06   8.5367586E+06   1.1852776E+05   5.1148002E+05   7.0522299E+06   7.0525644E+06   6.1164870E+06   0.0000000E+00   0.0000000E+00   0.0000000E+00   0.0000000E+00
   2.7261086E-04   7.0510710E+06   7.0510710E+06   8.4079562E+06   1.1792273E+05   5.0811682E+05   7.0506535E+06   7.0510710E+06   6.1150727E+06   0.0000000E+00   0.0000000E+00   0.0000000E+00   0.0000000E+00
   2.9294976E-04   7.0493539E+06   7.0493539E+06   8.2615829E+06   1.1722951E+05   5.0427088E+05   7.0488411E+06   7.0493539E+06   6.1134476E+06   0.0000000E+00   0.0000000E+00   0.0000000E+00   0.0000000E+00
   3.1480611E-04   7.0473810E+06   7.0473810E+06   8.0956606E+06   1.1643620E+05   4.9987953E+05   7.0467587E+06   7.0473810E+06   6.1115815E+06   0.0000000E+00   0.0000000E+00   0.0000000E+00   0.0000000E+00
   3.3829311E-04   7.0451158E+06   7.0451158E+06   7.9081276E+06   1.1552963E+05   4.9487410E+05   7.0443681E+06   7.0451158E+06   6.1094408E+06   0.0000000E+00   0.0000000E+00   0.0000000E+00   0.0000000E+00
   3.6353242E-04   7.0425173E+06   7.0425173E+06   7.6968879E+06   1.1449527E+05   4.8918008E+05   7.0416259E+06   7.0425173E+06   6.1069872E+06   0.0000000E+00   0.0000000E+00   0.0000000E+00   0.0000000E+00
   3.9065478E-04   7.0395393E+06   7.0395393E+06   7.4598817E+06   1.1331729E+05   4.8271762E+05   7.0384836E+06   7.0395393E+06   6.1041782E+06   0.0000000E+00   0.0000000E+00   0.0000000E+00   0.0000000E+00
   4.1980069E-04   7.0361303E+06   7.0361303E+06   7.1951840E+06   1.1197861E+05   4.7540238E+05   7.0348870E+06   7.0361303E+06   6.1009666E+06   0.0000000E+00   0.0000000E+00   0.0000000E+00   0.0000000E+00
   4.5112111E-04   7.0322330E+06   7.0322330E+06   6.9011356E+06   1.1046100E+05   4.6714694E+05   7.0307758E+06   7.0322330E+06   6.0972999E+06   0.0000000E+00   0.0000000E+00   0.0000000E+00   0.0000000E+00
   4.8477827E-04   7.0277839E+06   7.0277839E+06   6.5765122E+06   1.0874539E+05   4.5786293E+05   7.0260835E+06   7.0277839E+06   6.0931207E+06   0.0000000E+00   0.0000000E+00   0.0000000E+00   0.0000000E+00
   5.2094653E-04   7.0227135E+06   7.0227135E+06   6.2207353E+06   1.0681220E+05   4.4746396E+05   7.0207369E+06   7.0227135E+06   6.0883662E+06   0.0000000E+00   0.0000000E+00   0.0000000E+00   0.0000000E+00
   5.5981322E-04   7.0169457E+06   7.0169457E+06   5.8341244E+06   1.0464190E+05   4.3586950E+05   7.0146565E+06   7.0169457E+06   6.0829690E+06   0.0000000E+00   0.0000000E+00   0.0000000E+00   0.0000000E+00
   6.0157967E-04   7.0103988E+06   7.0103988E+06   5.4181866E+06   1.0221575E+05   4.2300990E+05   7.0077567E+06   7.0103988E+06   6.0768569E+06   0.0000000E+00   0.0000000E+00   0.0000000E+00   0.0000000E+00
   6.4646222E-04   7.0029851E+06   7.0029851E+06   4.9759280E+06   9.9516729E+04   4.0883251E+05   6.9999462E+06   7.0029851E+06   6.0699539E+06   0.0000000E+00   0.0000000E+00   0.0000000E+00   0.0000000E+00
   6.9469336E-04   6.9946124E+06   6.9946124E+06   4.5121607E+06   9.6530816E+04   3.9330894E+05   6.9911290E+06   6.9946124E+06   6.0621812E+06   0.0000000E+00   0.0000000E+00   0.0000000E+00   0.0000000E+00
   7.4652292E-04   6.9851848E+06   6.9851848E+06   4.0337600E+06   9.3248373E+04   3.7644306E+05   6.9812057E+06   6.9851848E+06   6.0534586E+06   0.0000000E+00   0.0000000E+00   0.0000000E+00   0.0000000E+00
   8.0221938E-04   6.9746040E+06   6.9746040E+06   3.5498068E+06   8.9665847E+04   3.5827952E+05   6.9700754E+06   6.9746040E+06   6.0437061E+06   0.0000000E+00   0.0000000E+00   0.0000000E+00   0.0000000E+00
   8.6207122E-04   6.9627718E+06   6.9627718E+06   3.0715262E+06   8.5787556E+04   3.3891169E+05   6.9576374E+06   6.9627718E+06   6.0328460E+06   0.0000000E+00   0.0000000E+00   0.0000000E+00   0.0000000E+00
   9.2638848E-04   6.9495913E+06   6.9495913E+06   2.6119163E+06   8.1627478E+04   3.1848812E+05   6.9437941E+06   6.9495913E+06   6.0208045E+06   0.0000000E+00   0.0000000E+00   0.0000000E+00   0.0000000E+00
   9.9550432E-04   6.9349700E+06   6.9349700E+06   2.1849570E+06   7.7210814E+04   2.9721585E+05   6.9284532E+06   6.9349700E+06   6.0075146E+06   0.0000000E+00   0.0000000E+00   0.0000000E+00   0.0000000E+00
   1.0697767E-03   6.9188212E+06   6.9188212E+06   1.8043189E+06   7.2575016E+04   2.7535906E+05   6.9115302E+06   6.9188212E+06   5.9929166E+06   0.0000000E+00   0.0000000E+00   0.0000000E+00   0.0000000E+00
   1.1495905E-03   6.9010654E+06   6.9010654E+06   1.4815654E+06   6.7769936E+04   2.5323133E+05   6.8929502E+06   6.9010654E+06   5.9769593E+06   0.0000000E+00   0.0000000E+00   0.0000000E+00   0.0000000E+00
   1.2353589E-03   6.8816313E+06   6.8816313E+06   1.2239939E+06   6.2856712E+04   2.3118073E+05   6.8726490E+06   6.8816313E+06   5.9595993E+06   0.0000000E+00   0.0000000E+00   0.0000000E+00   0.0000000E+00
   1.3275263E-03   6.8604542E+06   6.8604542E+06   1.0324803E+06   5.7905114E+04   2.0956795E+05   6.8505715E+06   6.8604542E+06   5.9407981E+06   0.0000000E+00   0.0000000E+00   0.0000000E+00   0.0000000E+00
   1.4265702E-03   6.8374739E+06   6.8374739E+06   8.9995538E+05   5.2989278E+04   1.8873969E+05   6.8266698E+06   6.8374739E+06   5.9205178E+06   0.0000000E+00   0.0000000E+00   0.0000000E+00   0.0000000E+00
   1.5330035E-03   6.8126301E+06   6.8126301E+06   8.1135896E+05   4.8182153E+04   1.6900138E+05   6.8008978E+06   6.8126301E+06   5.8987153E+06   0.0000000E+00   0.0000000E+00   0.0000000E+00   0.0000000E+00
   1.6473776E-03   6.7858571E+06   6.7858571E+06   7.4589947E+05   4.3549482E+04   1.5059479E+05   6.7732050E+06   6.7858571E+06   5.8753351E+06   0.0000000E+00   0.0000000E+00   0.0000000E+00   0.0000000E+00
   1.7702848E-03   6.7570780E+06   6.7570780E+06   6.8196720E+05   3.9144616E+04   1.3368500E+05   6.7435300E+06   6.7570780E+06   5.8503034E+06   0.0000000E+00   0.0000000E+00   0.0000000E+00   0.0000000E+00
   1.9023619E-03   6.7262006E+06   6.7262006E+06   6.0392803E+05   3.5005642E+04   1.1835801E+05   6.7117937E+06   6.7262006E+06   5.8235245E+06   0.0000000E+00   0.0000000E+00   0.0000000E+00   0.0000000E+00
   2.0442930E-03   6.6931156E+06   6.6931156E+06   5.0840386E+05   3.1155812E+04   1.0462489E+05   6.6778960E+06   6.6931156E+06   5.7948816E+06   0.0000000E+00   0.0000000E+00   0.0000000E+00   0.0000000E+00
   2.1968133E-03   6.6576976E+06   6.6576976E+06   4.0631314E+05   2.7607034E+04   9.2425349E+04   6.6417156E+06   6.6576976E+06   5.7642411E+06   0.0000000E+00   0.0000000E+00   0.0000000E+00   0.0000000E+00
   2.3607128E-03   6.6198084E+06   6.6198084E+06   3.1740363E+05   2.4364406E+04   8.1628570E+04   6.6031120E+06   6.6198084E+06   5.7314598E+06   0.0000000E+00   0.0000000E+00   0.0000000E+00   0.0000000E+00
   2.5368404E-03   6.5792991E+06   6.5792991E+06   2.5774708E+05   2.1428714E+04   7.2043717E+04   6.5619291E+06   6.5792991E+06   5.6963898E+06   0.0000000E+00   0.0000000E+00   0.0000000E+00   0.0000000E+00
   2.7261086E-03   6.5360104E+06   6.5360104E+06   2.2714600E+05   1.8794875E+04   6.3463308E+04   6.5179970E+06   6.5360104E+06   5.6588791E+06   0.0000000E+00   0.0000000E+00   0.0000000E+00   0.0000000E+00
   2.9294976E-03   6.4897696E+06   6.4897696E+06   2.0780975E+05   1.6448032E+04   5.5743494E+04   6.4711330E+06   6.4897696E+06   5.6187684E+06   0.0000000E+00   0.0000000E+00   0.0000000E+00   0.0000000E+00
   3.1480611E-03   6.4403897E+06   6.4403897E+06   1.8005484E+05   1.4362880E+04   4.8864268E+04   6.4211442E+06   6.4403897E+06   5.5758897E+06   0.0000000E+00   0.0000000E+00   0.0000000E+00   0.0000000E+00
   3.3829311E-03   6.3876739E+06   6.3876739E+06   1.4307910E+05   1.2510590E+04   4.2870919E+04   6.3678337E+06   6.3876739E+06   5.5300706E+06   0.0000000E+00   0.0000000E+00   0.0000000E+00   0.0000000E+00
   3.6353242E-03   6.3314229E+06   6.3314229E+06   1.1525037E+05   1.0869025E+04   3.7697474E+04   6.3110075E+06   6.3314229E+06   5.4811435E+06   0.0000000E+00   0.0000000E+00   0.0000000E+00   0.0000000E+00
   3.9065478E-03   6.2714392E+06   6.2714392E+06   1.0662531E+05   9.4244020E+03   3.3097615E+04   6.2504765E+06   6.2714392E+06   5.4289474E+06   0.0000000E+00   0.0000000E+00   0.0000000E+00   0.0000000E+00
   4.1980069E-03   6.2075219E+06   6.2075219E+06   1.0072386E+05   8.1609307E+03   2.8890546E+04   6.1860492E+06   6.2075219E+06   5.3733205E+06   0.0000000E+00   0.0000000E+00   0.0000000E+00   0.0000000E+00
   4.5112111E-03   6.1394670E+06   6.1394670E+06   8.2110650E+04   7.0547158E+03   2.5194178E+04   6.1175316E+06   6.1394670E+06   5.3140969E+06   0.0000000E+00   0.0000000E+00   0.0000000E+00   0.0000000E+00
   4.8477827E-03   6.0670779E+06   6.0670779E+06   6.5235461E+04   6.0846219E+03   2.2099591E+04   6.0447367E+06   6.0670779E+06   5.2511176E+06   0.0000000E+00   0.0000000E+00   0.0000000E+00   0.0000000E+00
   5.2094653E-03   5.9901734E+06   5.9901734E+06   6.0333950E+04   5.2396654E+03   1.9336505E+04   5.9674880E+06   5.9901734E+06   5.1842337E+06   0.0000000E+00   0.0000000E+00   0.0000000E+00   0.0000000E+00
   5.5981322E-03   5.9085753E+06   5.9085753E+06   4.9813794E+04   4.5065520E+03   1.6821411E+04   5.8856003E+06   5.9085753E+06   5.1132875E+06   0.0000000E+00   0.0000000E+00   0.0000000E+00   0.0000000E+00
   6.0157967E-03   5.8220957E+06   5.8220957E+06   3.8372912E+04   3.8681230E+03   1.4755410E+04   5.7988731E+06   5.8220957E+06   5.0381080E+06   0.0000000E+00   0.0000000E+00   0.0000000E+00   0.0000000E+00
   6.4646222E-03   5.7305469E+06   5.7305469E+06   3.7089434E+04   3.3151225E+03   1.2864970E+04   5.7071222E+06   5.7305469E+06   4.9585386E+06   0.0000000E+00   0.0000000E+00   0.0000000E+00   0.0000000E+00
   6.9469336E-03   5.6337446E+06   5.6337446E+06   2.9395035E+04   2.8365496E+03   1.1164461E+04   5.6101877E+06   5.6337446E+06   4.8744429E+06   0.0000000E+00   0.0000000E+00   0.0000000E+00   0.0000000E+00
   7.4652292E-03   5.5315160E+06   5.5315160E+06   2.6473882E+04   2.4222459E+03   9.7647395E+03   5.5079081E+06   5.5315160E+06   4.7856834E+06   0.0000000E+00   0.0000000E+00   0.0000000E+00   0.0000000E+00
   8.0221938E-03   5.4236935E+06   5.4236935E+06   2.1528333E+04   2.0660738E+03   8.4258537E+03   5.4000932E+06   5.4236935E+06   4.6920970E+06   0.0000000E+00   0.0000000E+00   0.0000000E+00   0.0000000E+00
   8.6207122E-03   5.3100959E+06   5.3100959E+06   1.8360642E+04   1.7580531E+03   7.3670550E+03   5.2865567E+06   5.3100959E+06   4.5935239E+06   0.0000000E+00   0.0000000E+00   0.0000000E+00   0.0000000E+00
   9.2638848E-03   5.1905467E+06   5.1905467E+06   1.4891725E+04   1.4934905E+03   6.3488436E+03   5.1671443E+06   5.1905467E+06   4.4898320E+06   0.0000000E+00   0.0000000E+00   0.0000000E+00   0.0000000E+00
   9.9550432E-03   5.0648773E+06   5.0648773E+06   1.3914617E+04   1.2660763E+03   5.5110279E+03   5.0416808E+06   5.0648773E+06   4.3808707E+06   0.0000000E+00   0.0000000E+00   0.0000000E+00   0.0000000E+00
   1.0697767E-02   4.9329181E+06   4.9329181E+06   1.0471153E+04   1.0710206E+03   4.7575238E+03   4.9099902E+06   4.9329181E+06   4.2664883E+06   0.0000000E+00   0.0000000E+00   0.0000000E+00   0.0000000E+00
   1.1495905E-02   4.7945067E+06   4.7945067E+06   9.1015994E+03   9.0400329E+02   4.0742392E+03   4.7719195E+06   4.7945067E+06   4.1465535E+06   0.0000000E+00   0.0000000E+00   0.0000000E+00   0.0000000E+00
   1.2353589E-02   4.6495012E+06   4.6495012E+06   8.2078513E+03   7.6105354E+02   3.5170062E+03   4.6273231E+06   4.6495012E+06   4.0209406E+06   0.0000000E+00   0.0000000E+00   0.0000000E+00   0.0000000E+00
   1.3275263E-02   4.4977775E+06   4.4977775E+06   6.6011670E+03   6.3902916E+02   3.0228221E+03   4.4760716E+06   4.4977775E+06   3.8895382E+06   0.0000000E+00   0.0000000E+00   0.0000000E+00   0.0000000E+00
   1.4265702E-02   4.3392553E+06   4.3392553E+06   5.1931723E+03   5.3503008E+02   2.5843439E+03   4.3180936E+06   4.3392553E+06   3.7522852E+06   0.0000000E+00   0.0000000E+00   0.0000000E+00   0.0000000E+00
   1.5330035E-02   4.1739113E+06   4.1739113E+06   4.3076567E+03   4.4658663E+02   2.1954583E+03   4.1533550E+06   4.1739113E+06   3.6091525E+06   0.0000000E+00   0.0000000E+00   0.0000000E+00   0.0000000E+00
   1.6473776E-02   4.0018090E+06   4.0018090E+06   3.5516617E+03   3.7148870E+02   1.8607539E+03   3.9819249E+06   4.0018090E+06   3.4602010E+06   0.0000000E+00   0.0000000E+00   0.0000000E+00   0.0000000E+00
   1.7702848E-02   3.8231302E+06   3.8231302E+06   2.9790149E+03   3.0785946E+02   1.5750229E+03   3.8039774E+06   3.8231302E+06   3.3055824E+06   0.0000000E+00   0.0000000E+00   0.0000000E+00   0.0000000E+00
   1.9023619E-02   3.6382203E+06   3.6382203E+06   2.5240386E+03   2.5412185E+02   1.3256909E+03   3.6198579E+06   3.6382203E+06   3.1455975E+06   0.0000000E+00   0.0000000E+00   0.0000000E+00   0.0000000E+00
   2.0442928E-02   3.4476359E+06   3.4476359E+06   2.1270255E+03   2.0885030E+02   1.1073854E+03   3.4301167E+06   3.4476359E+06   2.9807248E+06   0.0000000E+00   0.0000000E+00   0.0000000E+00   0.0000000E+00
   2.1968118E-02   3.2522041E+06   3.2522041E+06   1.6982742E+03   1.7085513E+02   9.1985071E+02   3.2355753E+06   3.2522041E+06   2.8116786E+06   0.0000000E+00   0.0000000E+00   0.0000000E+00   0.0000000E+00
   2.3607049E-02   3.0530861E+06   3.0530861E+06   1.3738001E+03   1.3908548E+02   7.6289791E+02   3.0373876E+06   3.0530861E+06   2.6394619E+06   0.0000000E+00   0.0000000E+00   0.0000000E+00   0.0000000E+00
   2.5368038E-02   2.8518446E+06   2.8518446E+06   1.1143287E+03   1.1264844E+02   6.3021090E+02   2.8371063E+06   2.8518446E+06   2.4654244E+06   0.0000000E+00   0.0000000E+00   0.0000000E+00   0.0000000E+00
   2.7259603E-02   2.6505169E+06   2.6505169E+06   8.7932499E+02   9.0778677E+01   5.1408979E+02   2.6367561E+06   2.6505169E+06   2.2913255E+06   0.0000000E+00   0.0000000E+00   0.0000000E+00   0.0000000E+00
   2.9289697E-02   2.4516933E+06   2.4516933E+06   7.3618053E+02   7.2813719E+01   4.1855790E+02   2.4389119E+06   2.4516933E+06   2.1194033E+06   0.0000000E+00   0.0000000E+00   0.0000000E+00   0.0000000E+00
   3.1463951E-02   2.2585858E+06   2.2585858E+06   5.9572685E+02   5.8187563E+01   3.4084947E+02   2.2467672E+06   2.2585858E+06   1.9524330E+06   0.0000000E+00   0.0000000E+00   0.0000000E+00   0.0000000E+00
   3.3782421E-02   2.0750273E+06   2.0750273E+06   4.7659259E+02   4.6414886E+01   2.7593453E+02   2.0641329E+06   2.0750273E+06   1.7937265E+06   0.0000000E+00   0.0000000E+00   0.0000000E+00   0.0000000E+00
   3.6235061E-02   1.9052602E+06   1.9052602E+06   3.7722316E+02   3.7073036E+01   2.2225952E+02   1.8952275E+06   1.9052602E+06   1.6469497E+06   0.0000000E+00   0.0000000E+00   0.0000000E+00   0.0000000E+00
   3.8798023E-02   1.7533361E+06   1.7533361E+06   2.8511341E+02   2.9776421E+01   1.8043483E+02   1.7440793E+06   1.7533361E+06   1.5156034E+06   0.0000000E+00   0.0000000E+00   0.0000000E+00   0.0000000E+00
   4.1434825E-02   1.6221421E+06   1.6221421E+06   2.2618316E+02   2.4163508E+01   1.5026296E+02   1.6135587E+06   1.6221421E+06   1.4021821E+06   0.0000000E+00   0.0000000E+00   0.0000000E+00   0.0000000E+00
   4.4104670E-02   1.5125087E+06   1.5125087E+06   2.0252268E+02   1.9889951E+01   1.2528916E+02   1.5044900E+06   1.5125087E+06   1.3074021E+06   0.0000000E+00   0.0000000E+00   0.0000000E+00   0.0000000E+00
   4.6773809E-02   1.4230319E+06   1.4230319E+06   1.6537850E+02   1.6640344E+01   1.0419220E+02   1.4154751E+06   1.4230319E+06   1.2300488E+06   0.0000000E+00   0.0000000E+00   0.0000000E+00   0.0000000E+00
   4.9422381E-02   1.3507107E+06   1.3507107E+06   1.3171333E+02   1.4146098E+01   9.0183572E+01   1.3435277E+06   1.3507107E+06   1.1675269E+06   0.0000000E+00   0.0000000E+00   0.0000000E+00   0.0000000E+00
   5.2044109E-02   1.2918714E+06   1.2918714E+06   1.1911505E+02   1.2199123E+01   7.9369556E+01   1.2849930E+06   1.2918714E+06   1.1166606E+06   0.0000000E+00   0.0000000E+00   0.0000000E+00   0.0000000E+00
   5.4642060E-02   1.2428705E+06   1.2428705E+06   1.0819251E+02   1.0645200E+01   6.9148589E+01   1.2362460E+06   1.2428705E+06   1.0742997E+06   0.0000000E+00   0.0000000E+00   0.0000000E+00   0.0000000E+00
   5.7224255E-02   1.2004522E+06   1.2004522E+06   9.1629728E+01   9.3733177E+00   6.0760605E+01   1.1940478E+06   1.2004522E+06   1.0376296E+06   0.0000000E+00   0.0000000E+00   0.0000000E+00   0.0000000E+00
   5.9800663E-02   1.1618704E+06   1.1618704E+06   7.8079370E+01   8.3059334E+00   5.4648222E+01   1.1556667E+06   1.1618704E+06   1.0042766E+06   0.0000000E+00   0.0000000E+00   0.0000000E+00   0.0000000E+00
   6.2381555E-02   1.1249018E+06   1.1249018E+06   7.1834278E+01   7.3891329E+00   4.9464233E+01   1.1188910E+06   1.1249018E+06   9.7231870E+05   0.0000000E+00   0.0000000E+00   0.0000000E+00   0.0000000E+00
   6.4976740E-02   1.0878254E+06   1.0878254E+06   6.6207669E+01   6.5860257E+00   4.3976113E+01   1.0820089E+06   1.0878254E+06   9.4026821E+05   0.0000000E+00   0.0000000E+00   0.0000000E+00   0.0000000E+00
   6.7595298E-02   1.0493995E+06   1.0493995E+06   5.7395141E+01   5.8709650E+00   3.9188297E+01   1.0437852E+06   1.0493995E+06   9.0705184E+05   0.0000000E+00   0.0000000E+00   0.0000000E+00   0.0000000E+00
   7.0245541E-02   1.0088442E+06   1.0088442E+06   5.1037101E+01   5.2269114E+00   3.5179368E+01   1.0034439E+06   1.0088442E+06   8.7199529E+05   0.0000000E+00   0.0000000E+00   0.0000000E+00   0.0000000E+00
   7.2935081E-02   9.6582544E+05   9.6582544E+05   4.4502474E+01   4.6427386E+00   3.1308505E+01   9.6065278E+05   9.6582544E+05   8.3480980E+05   0.0000000E+00   0.0000000E+00   0.0000000E+00   0.0000000E+00
   7.5670929E-02   9.2043498E+05   9.2043498E+05   3.9805986E+01   4.1115102E+00   2.8315547E+01   9.1550316E+05   9.2043498E+05   7.9557475E+05   0.0000000E+00   0.0000000E+00   0.0000000E+00   0.0000000E+00
   7.8459603E-02   8.7315890E+05   8.7315890E+05   3.6629318E+01   3.6293702E+00   2.4560628E+01   8.6847840E+05   8.7315890E+05   7.5471019E+05   0.0000000E+00   0.0000000E+00   0.0000000E+00   0.0000000E+00
   8.1307228E-02   8.2482736E+05   8.2482736E+05   2.9720571E+01   3.1938328E+00   2.2017974E+01   8.2040419E+05   8.2482736E+05   7.1293363E+05   0.0000000E+00   0.0000000E+00   0.0000000E+00   0.0000000E+00
   8.4219615E-02   7.7654171E+05   7.7654171E+05   2.8440801E+01   2.8037477E+00   1.9190596E+01   7.7237596E+05   7.7654171E+05   6.7119702E+05   0.0000000E+00   0.0000000E+00   0.0000000E+00   0.0000000E+00
   8.7202340E-02   7.2957629E+05   7.2957629E+05   2.3239429E+01   2.4581643E+00   1.7186974E+01   7.2566116E+05   7.2957629E+05   6.3060176E+05   0.0000000E+00   0.0000000E+00   0.0000000E+00   0.0000000E+00
   9.0260796E-02   6.8525639E+05   6.8525639E+05   2.0755626E+01   2.1559309E+00   1.4730450E+01   6.8157791E+05   6.8525639E+05   5.9229334E+05   0.0000000E+00   0.0000000E+00   0.0000000E+00   0.0000000E+00
   9.3400248E-02   6.4481799E+05   6.4481799E+05   1.9203479E+01   1.8952532E+00   1.3173209E+01   6.4135557E+05   6.4481799E+05   5.5734003E+05   0.0000000E+00   0.0000000E+00   0.0000000E+00   0.0000000E+00
   9.6625872E-02   6.0925983E+05   6.0925983E+05   1.6476196E+01   1.6735273E+00   1.1865395E+01   6.0598744E+05   6.0925983E+05   5.2660504E+05   0.0000000E+00   0.0000000E+00   0.0000000E+00   0.0000000E+00
   9.9942785E-02   5.7920296E+05   5.7920296E+05   1.4116669E+01   1.4872180E+00   1.0578025E+01   5.7609120E+05   5.7920296E+05   5.0062515E+05   0.0000000E+00   0.0000000E+00   0.0000000E+00   0.0000000E+00
   1.0335607E-01   5.5477713E+05   5.5477713E+05   1.2490193E+01   1.3318246E+00   9.4758480E+00   5.5179588E+05   5.5477713E+05   4.7951246E+05   0.0000000E+00   0.0000000E+00   0.0000000E+00   0.0000000E+00
   1.0687082E-01   5.3555534E+05   5.3555534E+05   1.1390172E+01   1.2022057E+00   8.6010949E+00   5.3267672E+05   5.3555534E+05   4.6289787E+05   0.0000000E+00   0.0000000E+00   0.0000000E+00   0.0000000E+00
   1.1049210E-01   5.2055650E+05   5.2055650E+05   1.0708340E+01   1.0927998E+00   7.8424147E+00   5.1775790E+05   5.2055650E+05   4.4993339E+05   0.0000000E+00   0.0000000E+00   0.0000000E+00   0.0000000E+00
   1.1422503E-01   5.0833103E+05   5.0833103E+05   9.8379975E+00   9.9811740E-01   7.0955528E+00   5.0559762E+05   5.0833103E+05   4.3936608E+05   0.0000000E+00   0.0000000E+00   0.0000000E+00   0.0000000E+00
   1.1807475E-01   4.9713327E+05   4.9713327E+05   8.9443791E+00   9.1316839E-01   6.5254793E+00   4.9445956E+05   4.9713327E+05   4.2968709E+05   0.0000000E+00   0.0000000E+00   0.0000000E+00   0.0000000E+00
   1.2204643E-01   4.8516951E+05   4.8516951E+05   8.0243577E+00   8.3389937E-01   5.8993719E+00   4.8255968E+05   4.8516951E+05   4.1934606E+05   0.0000000E+00   0.0000000E+00   0.0000000E+00   0.0000000E+00
   1.2614532E-01   4.7089197E+05   4.7089197E+05   7.5006298E+00   7.5750031E-01   5.5132244E+00   4.6835851E+05   4.7089197E+05   4.0700522E+05   0.0000000E+00   0.0000000E+00   0.0000000E+00   0.0000000E+00
   1.3037670E-01   4.5329052E+05   4.5329052E+05   6.4084499E+00   6.8264386E-01   4.9018709E+00   4.5085139E+05   4.5329052E+05   3.9179147E+05   0.0000000E+00   0.0000000E+00   0.0000000E+00   0.0000000E+00
   1.3474592E-01   4.3212072E+05   4.3212072E+05   5.9137260E+00   6.0936746E-01   4.3166111E+00   4.2979515E+05   4.3212072E+05   3.7349354E+05   0.0000000E+00   0.0000000E+00   0.0000000E+00   0.0000000E+00
   1.3925838E-01   4.0800411E+05   4.0800411E+05   5.3410520E+00   5.3886662E-01   3.8362996E+00   4.0580803E+05   4.0800411E+05   3.5264866E+05   0.0000000E+00   0.0000000E+00   0.0000000E+00   0.0000000E+00
   1.4391957E-01   3.8235065E+05   3.8235065E+05   4.6625530E+00   4.7302050E-01   3.3684491E+00   3.8029237E+05   3.8235065E+05   3.3047547E+05   0.0000000E+00   0.0000000E+00   0.0000000E+00   0.0000000E+00
   1.4873505E-01   3.5708550E+05   3.5708550E+05   3.9463344E+00   4.1381579E-01   2.9586619E+00   3.5516300E+05   3.5708550E+05   3.0863796E+05   0.0000000E+00   0.0000000E+00   0.0000000E+00   0.0000000E+00
   1.5371045E-01   3.3421194E+05   3.3421194E+05   3.4640219E+00   3.6277395E-01   2.6765552E+00   3.3241238E+05   3.3421194E+05   2.8886759E+05   0.0000000E+00   0.0000000E+00   0.0000000E+00   0.0000000E+00
   1.5885151E-01   3.1529790E+05   3.1529790E+05   3.1464315E+00   3.2050179E-01   2.3193201E+00   3.1359999E+05   3.1529790E+05   2.7251957E+05   0.0000000E+00   0.0000000E+00   0.0000000E+00   0.0000000E+00
   1.6416406E-01   3.0102069E+05   3.0102069E+05   2.7731198E+00   2.8647747E-01   2.0903927E+00   2.9939950E+05   3.0102069E+05   2.6017929E+05   0.0000000E+00   0.0000000E+00   0.0000000E+00   0.0000000E+00
   1.6965402E-01   2.9092009E+05   2.9092009E+05   2.5702581E+00   2.5915185E-01   1.9026699E+00   2.8935314E+05   2.9092009E+05   2.5144897E+05   0.0000000E+00   0.0000000E+00   0.0000000E+00   0.0000000E+00
   1.7532747E-01   2.8347749E+05   2.8347749E+05   2.3351533E+00   2.3634210E-01   1.7605922E+00   2.8195049E+05   2.8347749E+05   2.4501605E+05   0.0000000E+00   0.0000000E+00   0.0000000E+00   0.0000000E+00
   1.8119061E-01   2.7655160E+05   2.7655160E+05   2.1414069E+00   2.1580353E-01   1.6063634E+00   2.7506178E+05   2.7655160E+05   2.3902974E+05   0.0000000E+00   0.0000000E+00   0.0000000E+00   0.0000000E+00
   1.8724982E-01   2.6807437E+05   2.6807437E+05   1.9255060E+00   1.9582911E-01   1.4256334E+00   2.6663011E+05   2.6807437E+05   2.3170258E+05   0.0000000E+00   0.0000000E+00   0.0000000E+00   0.0000000E+00
   1.9351165E-01   2.5678635E+05   2.5678635E+05   1.6720513E+00   1.7564519E-01   1.3091832E+00   2.5540280E+05   2.5678635E+05   2.2194601E+05   0.0000000E+00   0.0000000E+00   0.0000000E+00   0.0000000E+00
   1.9998289E-01   2.4272426E+05   2.4272426E+05   1.5201365E+00   1.5549663E-01   1.1349251E+00   2.4141637E+05   2.4272426E+05   2.0979176E+05   0.0000000E+00   0.0000000E+00   0.0000000E+00   0.0000000E+00
   2.0667058E-01   2.2721951E+05   2.2721951E+05   1.3345186E+00   1.3634951E-01   1.0121449E+00   2.2599509E+05   2.2721951E+05   1.9639061E+05   0.0000000E+00   0.0000000E+00   0.0000000E+00   0.0000000E+00
   2.1358205E-01   2.1233961E+05   2.1233961E+05   1.1475948E+00   1.1935137E-01   8.8857032E-01   2.1119530E+05   2.1233961E+05   1.8352953E+05   0.0000000E+00   0.0000000E+00   0.0000000E+00   0.0000000E+00
   2.2072497E-01   1.9995867E+05   1.9995867E+05   1.0097407E+00   1.0525354E-01   7.9364397E-01   1.9888102E+05   1.9995867E+05   1.7282838E+05   0.0000000E+00   0.0000000E+00   0.0000000E+00   0.0000000E+00
   2.2810744E-01   1.9086689E+05   1.9086689E+05   9.2825320E-01   9.4059288E-02   7.0176910E-01   1.8983818E+05   1.9086689E+05   1.6497012E+05   0.0000000E+00   0.0000000E+00   0.0000000E+00   0.0000000E+00
   2.3573799E-01   1.8438337E+05   1.8438337E+05   8.1489863E-01   8.5050923E-02   6.4115960E-01   1.8338955E+05   1.8438337E+05   1.5936623E+05   0.0000000E+00   0.0000000E+00   0.0000000E+00   0.0000000E+00
   2.4362571E-01   1.7873716E+05   1.7873716E+05   7.3798773E-01   7.7170076E-02   5.7439701E-01   1.7777373E+05   1.7873716E+05   1.5448606E+05   0.0000000E+00   0.0000000E+00   0.0000000E+00   0.0000000E+00
   2.5178029E-01   1.7207427E+05   1.7207427E+05   6.7004285E-01   6.9549201E-02   5.2262101E-01   1.7114671E+05   1.7207427E+05   1.4872716E+05   0.0000000E+00   0.0000000E+00   0.0000000E+00   0.0000000E+00
   2.6021216E-01   1.6353919E+05   1.6353919E+05   5.9815320E-01   6.1891907E-02   4.6362085E-01   1.6265760E+05   1.6353919E+05   1.4135009E+05   0.0000000E+00   0.0000000E+00   0.0000000E+00   0.0000000E+00
   2.6893256E-01   1.5374931E+05   1.5374931E+05   5.3287034E-01   5.4489344E-02   4.1372012E-01   1.5292046E+05   1.5374931E+05   1.3288848E+05   0.0000000E+00   0.0000000E+00   0.0000000E+00   0.0000000E+00
   2.7795368E-01   1.4430029E+05   1.4430029E+05   4.6136318E-01   4.7886769E-02   3.6446715E-01   1.4352235E+05   1.4430029E+05   1.2472148E+05   0.0000000E+00   0.0000000E+00   0.0000000E+00   0.0000000E+00
   2.8728884E-01   1.3659014E+05   1.3659014E+05   4.1082802E-01   4.2432363E-02   3.2324662E-01   1.3585373E+05   1.3659014E+05   1.1805743E+05   0.0000000E+00   0.0000000E+00   0.0000000E+00   0.0000000E+00
   2.9695259E-01   1.3080103E+05   1.3080103E+05   3.7013062E-01   3.8025735E-02   2.8664594E-01   1.3009581E+05   1.3080103E+05   1.1305377E+05   0.0000000E+00   0.0000000E+00   0.0000000E+00   0.0000000E+00
   3.0696097E-01   1.2584588E+05   1.2584588E+05   3.3136546E-01   3.4231251E-02   2.5852827E-01   1.2516736E+05   1.2584588E+05   1.0877093E+05   0.0000000E+00   0.0000000E+00   0.0000000E+00   0.0000000E+00
   3.1733171E-01   1.2035914E+05   1.2035914E+05   2.9705060E-01   3.0631699E-02   2.3030189E-01   1.1971018E+05   1.2035914E+05   1.0402862E+05   0.0000000E+00   0.0000000E+00   0.0000000E+00   0.0000000E+00
   3.2808454E-01   1.1389229E+05   1.1389229E+05   2.6145729E-01   2.7120472E-02   2.0606655E-01   1.1327819E+05   1.1389229E+05   9.8439191E+04   0.0000000E+00   0.0000000E+00   0.0000000E+00   0.0000000E+00
   3.3924147E-01   1.0721187E+05   1.0721187E+05   2.3167963E-01   2.3882294E-02   1.7894953E-01   1.0663377E+05   1.0721187E+05   9.2665168E+04   0.0000000E+00   0.0000000E+00   0.0000000E+00   0.0000000E+00
   3.5082721E-01   1.0140075E+05   1.0140075E+05   2.0487418E-01   2.1121504E-02   1.6164823E-01   1.0085397E+05   1.0140075E+05   8.7642497E+04   0.0000000E+00   0.0000000E+00   0.0000000E+00   0.0000000E+00
   3.6286962E-01   9.6694370E+04   9.6694370E+04   1.8280471E-01   1.8824223E-02   1.4321184E-01   9.6172955E+04   9.6694370E+04   8.3574680E+04   0.0000000E+00   0.0000000E+00   0.0000000E+00   0.0000000E+00
   3.7540033E-01   9.2330115E+04   9.2330115E+04   1.6343681E-01   1.6793032E-02   1.2879794E-01   9.1832223E+04   9.2330115E+04   7.9802567E+04   0.0000000E+00   0.0000000E+00   0.0000000E+00   0.0000000E+00
   3.8845538E-01   8.7563280E+04   8.7563280E+04   1.4398851E-01   1.4874095E-02   1.1329525E-01   8.7091083E+04   8.7563280E+04   7.5682498E+04   0.0000000E+00   0.0000000E+00   0.0000000E+00   0.0000000E+00
   4.0207612E-01   8.2561164E+04   8.2561164E+04   1.2687340E-01   1.3091739E-02   9.9378435E-02   8.2115933E+04   8.2561164E+04   7.1359073E+04   0.0000000E+00   0.0000000E+00   0.0000000E+00   0.0000000E+00
   4.1631028E-01   7.8010788E+04   7.8010788E+04   1.1211541E-01   1.1538969E-02   8.9006653E-02   7.7590088E+04   7.8010788E+04   6.7426096E+04   0.0000000E+00   0.0000000E+00   0.0000000E+00   0.0000000E+00
   4.3121332E-01   7.4055863E+04   7.4055863E+04   9.9112911E-02   1.0209285E-02   7.8613482E-02   7.3656484E+04   7.4055863E+04   6.4007778E+04   0.0000000E+00   0.0000000E+00   0.0000000E+00   0.0000000E+00
   4.4685008E-01   7.0180906E+04   7.0180906E+04   8.7393451E-02   9.0094723E-03   6.9003844E-02   6.9802419E+04   7.0180906E+04   6.0658580E+04   0.0000000E+00   0.0000000E+00   0.0000000E+00   0.0000000E+00
   4.6329699E-01   6.6147765E+04   6.6147765E+04   7.6657758E-02   7.8999583E-03   6.0201076E-02   6.5791023E+04   6.6147765E+04   5.7172662E+04   0.0000000E+00   0.0000000E+00   0.0000000E+00   0.0000000E+00
   4.8064478E-01   6.2308915E+04   6.2308915E+04   6.7038146E-02   6.9140864E-03   5.3605675E-02   6.1972871E+04   6.2308915E+04   5.3854673E+04   0.0000000E+00   0.0000000E+00   0.0000000E+00   0.0000000E+00
   4.9900202E-01   5.8808415E+04   5.8808415E+04   5.8665469E-02   6.0541708E-03   4.6807741E-02   5.8491245E+04   5.8808415E+04   5.0829126E+04   0.0000000E+00   0.0000000E+00   0.0000000E+00   0.0000000E+00
   5.1849966E-01   5.5349703E+04   5.5349703E+04   5.1127212E-02   5.2776271E-03   4.0561621E-02   5.5051183E+04   5.5349703E+04   4.7839698E+04   0.0000000E+00   0.0000000E+00   0.0000000E+00   0.0000000E+00
   5.3929693E-01   5.1910739E+04   5.1910739E+04   4.4354829E-02   4.5754976E-03   3.5108893E-02   5.1630763E+04   5.1910739E+04   4.4867340E+04   0.0000000E+00   0.0000000E+00   0.0000000E+00   0.0000000E+00
   5.6158881E-01   4.8673821E+04   4.8673821E+04   3.8347470E-02   3.9563198E-03   3.0044251E-02   4.8411300E+04   4.8673821E+04   4.2069614E+04   0.0000000E+00   0.0000000E+00   0.0000000E+00   0.0000000E+00
   5.8561565E-01   4.5514381E+04   4.5514381E+04   3.2976424E-02   3.4021554E-03   2.6097105E-02   4.5268898E+04   4.5514381E+04   3.9338853E+04   0.0000000E+00   0.0000000E+00   0.0000000E+00   0.0000000E+00
   6.1167492E-01   4.2406147E+04   4.2406147E+04   2.8163873E-02   2.9055174E-03   2.2226169E-02   4.2177425E+04   4.2406147E+04   3.6652351E+04   0.0000000E+00   0.0000000E+00   0.0000000E+00   0.0000000E+00
   6.4013503E-01   3.9412274E+04   3.9412274E+04   2.3895383E-02   2.4655942E-03   1.9210467E-02   3.9199697E+04   3.9412274E+04   3.4064694E+04   0.0000000E+00   0.0000000E+00   0.0000000E+00   0.0000000E+00
   6.7144957E-01   3.6463211E+04   3.6463211E+04   2.0093965E-02   2.0732998E-03   1.6259042E-02   3.6266538E+04   3.6463211E+04   3.1515767E+04   0.0000000E+00   0.0000000E+00   0.0000000E+00   0.0000000E+00
   7.0616824E-01   3.3593129E+04   3.3593129E+04   1.6737547E-02   1.7269061E-03   1.3480115E-02   3.3411935E+04   3.3593129E+04   2.9035106E+04   0.0000000E+00   0.0000000E+00   0.0000000E+00   0.0000000E+00
   7.4493565E-01   3.0780767E+04   3.0780767E+04   1.3780926E-02   1.4219366E-03   1.0851043E-02   3.0614741E+04   3.0780767E+04   2.6604333E+04   0.0000000E+00   0.0000000E+00   0.0000000E+00   0.0000000E+00
   7.8846422E-01   2.8043958E+04   2.8043958E+04   1.1207033E-02   1.1564212E-03   8.9464840E-03   2.7892692E+04   2.8043958E+04   2.4238862E+04   0.0000000E+00   0.0000000E+00   0.0000000E+00   0.0000000E+00
   8.3746485E-01   2.5393972E+04   2.5393972E+04   8.9950871E-03   9.2819466E-04   7.2492584E-03   2.5256999E+04   2.5393972E+04   2.1948433E+04   0.0000000E+00   0.0000000E+00   0.0000000E+00   0.0000000E+00
   8.9253510E-01   2.2856958E+04   2.2856958E+04   7.1279933E-03   7.3554392E-04   5.9067608E-03   2.2733669E+04   2.2856958E+04   1.9755650E+04   0.0000000E+00   0.0000000E+00   0.0000000E+00   0.0000000E+00
   9.5404569E-01   2.0464839E+04   2.0464839E+04   5.5854791E-03   5.7638919E-04   4.3896708E-03   2.0354452E+04   2.0464839E+04   1.7688100E+04   0.0000000E+00   0.0000000E+00   0.0000000E+00   0.0000000E+00
   1.0221071E+00   1.8246389E+04   1.8246389E+04   4.3387537E-03   4.4774664E-04   3.4303593E-03   1.8147968E+04   1.8246389E+04   1.5770657E+04   0.0000000E+00   0.0000000E+00   0.0000000E+00   0.0000000E+00
   1.0966646E+00   1.6220474E+04   1.6220474E+04   3.3503299E-03   3.4575244E-04   2.7073264E-03   1.6132980E+04   1.6220474E+04   1.4019624E+04   0.0000000E+00   0.0000000E+00   0.0000000E+00   0.0000000E+00
   1.1776640E+00   1.4392681E+04   1.4392681E+04   2.5778967E-03   2.6604177E-04   2.1191518E-03   1.4315046E+04   1.4392681E+04   1.2439832E+04   0.0000000E+00   0.0000000E+00   0.0000000E+00   0.0000000E+00
   1.2651766E+00   1.2756287E+04   1.2756287E+04   1.9792577E-03   2.0430305E-04   1.6876782E-03   1.2687478E+04   1.2756287E+04   1.1025470E+04   0.0000000E+00   0.0000000E+00   0.0000000E+00   0.0000000E+00
   1.3594366E+00   1.1297605E+04   1.1297605E+04   1.5194073E-03   1.5672073E-04   1.1860214E-03   1.1236664E+04   1.1297605E+04   9.7647061E+03   0.0000000E+00   0.0000000E+00   0.0000000E+00   0.0000000E+00
   1.4608175E+00   1.0000525E+04   1.0000525E+04   1.1642186E-03   1.2014149E-04   9.5610634E-04   9.9465802E+03   1.0000525E+04   8.6436182E+03   0.0000000E+00   0.0000000E+00   0.0000000E+00   0.0000000E+00
   1.5697933E+00   8.8483924E+03   8.8483924E+03   8.9196416E-04   9.2054435E-05   7.2309593E-04   8.8006626E+03   8.8483924E+03   7.6478112E+03   0.0000000E+00   0.0000000E+00   0.0000000E+00   0.0000000E+00
   1.6869090E+00   7.8259048E+03   7.8259048E+03   6.8312710E-04   7.0505417E-05   5.0434809E-04   7.7836904E+03   7.8259048E+03   6.7640583E+03   0.0000000E+00   0.0000000E+00   0.0000000E+00   0.0000000E+00
   1.8127649E+00   6.9188907E+03   6.9188907E+03   5.2298916E-04   5.3979608E-05   4.4455889E-04   6.8815688E+03   6.9188907E+03   5.9801110E+03   0.0000000E+00   0.0000000E+00   0.0000000E+00   0.0000000E+00
   1.9480112E+00   6.1147726E+03   6.1147726E+03   4.0024761E-04   4.1312335E-05   3.2128681E-04   6.0817882E+03   6.1147726E+03   5.2850984E+03   0.0000000E+00   0.0000000E+00   0.0000000E+00   0.0000000E+00
   2.0933481E+00   5.4021648E+03   5.4021648E+03   3.0620355E-04   3.1606473E-05   2.3734904E-04   5.3730243E+03   5.4021648E+03   4.6691798E+03   0.0000000E+00   0.0000000E+00   0.0000000E+00   0.0000000E+00
   2.2495282E+00   4.7709519E+03   4.7709519E+03   2.3417667E-04   2.4172462E-05   1.8366458E-04   4.7452163E+03   4.7709519E+03   4.1236120E+03   0.0000000E+00   0.0000000E+00   0.0000000E+00   0.0000000E+00
   2.4173607E+00   4.2120796E+03   4.2120796E+03   1.7902880E-04   1.8480851E-05   1.5978587E-04   4.1893586E+03   4.2120796E+03   3.6405695E+03   0.0000000E+00   0.0000000E+00   0.0000000E+00   0.0000000E+00
   2.5977147E+00   3.7174565E+03   3.7174565E+03   1.3692873E-04   1.4124817E-05   1.1195418E-04   3.6974036E+03   3.7174565E+03   3.2130587E+03   0.0000000E+00   0.0000000E+00   0.0000000E+00   0.0000000E+00
   2.7915245E+00   3.2798749E+03   3.2798749E+03   1.0456056E-04   1.0792161E-05   8.8839452E-05   3.2621824E+03   3.2798749E+03   2.8348497E+03   0.0000000E+00   0.0000000E+00   0.0000000E+00   0.0000000E+00
   2.9997941E+00   2.8929090E+03   2.8929090E+03   7.9794724E-05   8.2432986E-06   6.3839435E-05   2.8773040E+03   2.8929090E+03   2.5003887E+03   0.0000000E+00   0.0000000E+00   0.0000000E+00   0.0000000E+00
   3.2236023E+00   2.5508336E+03   2.5508336E+03   6.0971537E-05   6.2945828E-06   4.3742476E-05   2.5370738E+03   2.5508336E+03   2.2047273E+03   0.0000000E+00   0.0000000E+00   0.0000000E+00   0.0000000E+00
   3.4641082E+00   2.2485520E+03   2.2485520E+03   4.6546349E-05   4.8051430E-06   4.0957328E-05   2.2364227E+03   2.2485520E+03   1.9434603E+03   0.0000000E+00   0.0000000E+00   0.0000000E+00   0.0000000E+00
   3.7225578E+00   1.9815300E+03   1.9815300E+03   3.5522059E-05   3.6671536E-06   2.6144457E-05   1.9708411E+03   1.9815300E+03   1.7126689E+03   0.0000000E+00   0.0000000E+00   0.0000000E+00   0.0000000E+00
   4.0002898E+00   1.7457363E+03   1.7457363E+03   2.7122667E-05   2.7979116E-06   2.0050452E-05   1.7363193E+03   1.7457363E+03   1.5088685E+03   0.0000000E+00   0.0000000E+00   0.0000000E+00   0.0000000E+00
   4.2987427E+00   1.5375885E+03   1.5375885E+03   2.0669589E-05   2.1341597E-06   1.8356980E-05   1.5292943E+03   1.5375885E+03   1.3289629E+03   0.0000000E+00   0.0000000E+00   0.0000000E+00   0.0000000E+00
   4.6194626E+00   1.3539051E+03   1.3539051E+03   1.5760104E-05   1.6274701E-06   8.1670586E-06   1.3466017E+03   1.3539051E+03   1.1702023E+03   0.0000000E+00   0.0000000E+00   0.0000000E+00   0.0000000E+00
   4.9641106E+00   1.1918618E+03   1.1918618E+03   1.2014430E-05   1.2407720E-06   9.7158855E-06   1.1854326E+03   1.1918618E+03   1.0301457E+03   0.0000000E+00   0.0000000E+00   0.0000000E+00   0.0000000E+00
   5.3344721E+00   1.0489531E+03   1.0489531E+03   9.1624297E-06   9.4573823E-07   7.5331326E-06   1.0432947E+03   1.0489531E+03   9.0662733E+02   0.0000000E+00   0.0000000E+00   0.0000000E+00   0.0000000E+00
   5.7324655E+00   9.2295699E+02   9.2295699E+02   6.9750423E-06   7.2069695E-07   7.3898097E-06   9.1797831E+02   9.2295699E+02   7.9772685E+02   0.0000000E+00   0.0000000E+00   0.0000000E+00   0.0000000E+00
   6.1601523E+00   8.1190415E+02   8.1190415E+02   5.3122296E-06   5.4908736E-07   3.6092116E-06   8.0752451E+02   8.1190415E+02   7.0174205E+02   0.0000000E+00   0.0000000E+00   0.0000000E+00   0.0000000E+00
   6.6197479E+00   7.1404980E+02   7.1404980E+02   4.0483731E-06   4.1825406E-07   3.8876355E-06   7.1019802E+02   7.1404980E+02   6.1716494E+02   0.0000000E+00   0.0000000E+00   0.0000000E+00   0.0000000E+00
   7.1136329E+00   6.2784891E+02   6.2784891E+02   3.0821706E-06   3.1853257E-07   2.4711112E-06   6.2446212E+02   6.2784891E+02   5.4266010E+02   0.0000000E+00   0.0000000E+00   0.0000000E+00   0.0000000E+00
   7.6443656E+00   5.5193385E+02   5.5193385E+02   2.3461740E-06   2.4254152E-07   7.7369091E-07   5.4895656E+02   5.5193385E+02   4.7704546E+02   0.0000000E+00   0.0000000E+00   0.0000000E+00   0.0000000E+00
   8.2146951E+00   4.8509455E+02   4.8509455E+02   1.7858190E-06   1.8464628E-07   2.9997991E-06   4.8247782E+02   4.8509455E+02   4.1927517E+02   0.0000000E+00   0.0000000E+00   0.0000000E+00   0.0000000E+00
   8.8275757E+00   4.2626081E+02   4.2626081E+02   1.3584644E-06   1.4054757E-07   1.8237891E-06   4.2396144E+02   4.2626081E+02   3.6842420E+02   0.0000000E+00   0.0000000E+00   0.0000000E+00   0.0000000E+00
   9.4861820E+00   3.7448644E+02   3.7448644E+02   1.0337489E-06   1.0696436E-07   7.5416567E-07   3.7246636E+02   3.7448644E+02   3.2367476E+02   0.0000000E+00   0.0000000E+00   0.0000000E+00   0.0000000E+00
   1.0193925E+01   3.2893525E+02   3.2893525E+02   7.8638445E-07   8.1393784E-08   8.0632443E-07   3.2716089E+02   3.2893525E+02   2.8430413E+02   0.0000000E+00   0.0000000E+00   0.0000000E+00   0.0000000E+00
