#           k/h    CDM            baryon         photon         nu             mass_nu        total          no_nu          total_de       Weyl           v_CDM          v_b            v_b-v_c     
   1.1190384E-05   1.5175378E+07   1.5175378E+07   2.0224706E+07   -4.4503982E+05   -1.4308798E+07   1.5175389E+07   1.5175378E+07   8.1805967E+06   0.0000000E+00   0.0000000E+00   0.0000000E+00   0.0000000E+00
   1.2025274E-05   1.5175382E+07   1.5175382E+07   2.0223297E+07   -4.4503338E+05   -1.4308526E+07   1.5175393E+07   1.5175382E+07   8.1805980E+06   0.0000000E+00   0.0000000E+00   0.0000000E+00   0.0000000E+00
   1.2922454E-05   1.5175386E+07   1.5175386E+07   2.0221671E+07   -4.4502593E+05   -1.4308212E+07   1.5175397E+07   1.5175386E+07   8.1805994E+06   0.0000000E+00   0.0000000E+00   0.0000000E+00   0.0000000E+00
   1.3886570E-05   1.5175391E+07   1.5175391E+07   2.0219793E+07   -4.4501733E+05   -1.4307850E+07   1.5175401E+07   1.5175391E+07   8.1806011E+06   0.0000000E+00   0.0000000E+00   0.0000000E+00   0.0000000E+00
   1.4922617E-05   1.5175396E+07   1.5175396E+07   2.0217625E+07   -4.4500740E+05   -1.4307431E+07   1.5175407E+07   1.5175396E+07   8.1806030E+06   0.0000000E+00   0.0000000E+00   0.0000000E+00   0.0000000E+00
   1.6035961E-05   1.5175403E+07   1.5175403E+07   2.0215121E+07   -4.4499594E+05   -1.4306948E+07   1.5175413E+07   1.5175403E+07   8.1806052E+06   0.0000000E+00   0.0000000E+00   0.0000000E+00   0.0000000E+00
   1.7232369E-05   1.5175410E+07   1.5175410E+07   2.0212230E+07   -4.4498269E+05   -1.4306389E+07   1.5175420E+07   1.5175410E+07   8.1806078E+06   0.0000000E+00   0.0000000E+00   0.0000000E+00   0.0000000E+00
   1.8518038E-05   1.5175418E+07   1.5175418E+07   2.0208893E+07   -4.4496741E+05   -1.4305744E+07   1.5175428E+07   1.5175418E+07   8.1806107E+06   0.0000000E+00   0.0000000E+00   0.0000000E+00   0.0000000E+00
   1.9899629E-05   1.5175428E+07   1.5175428E+07   2.0205039E+07   -4.4494975E+05   -1.4305000E+07   1.5175438E+07   1.5175428E+07   8.1806141E+06   0.0000000E+00   0.0000000E+00   0.0000000E+00   0.0000000E+00
   2.1384297E-05   1.5175439E+07   1.5175439E+07   2.0200589E+07   -4.4492936E+05   -1.4304140E+07   1.5175448E+07   1.5175439E+07   8.1806181E+06   0.0000000E+00   0.0000000E+00   0.0000000E+00   0.0000000E+00
   2.2979733E-05   1.5175452E+07   1.5175452E+07   2.0195453E+07   -4.4490582E+05   -1.4303148E+07   1.5175461E+07   1.5175452E+07   8.1806226E+06   0.0000000E+00   0.0000000E+00   0.0000000E+00   0.0000000E+00
   2.4694201E-05   1.5175467E+07   1.5175467E+07   2.0189522E+07   -4.4487864E+05   -1.4302002E+07   1.5175476E+07   1.5175467E+07   8.1806279E+06   0.0000000E+00   0.0000000E+00   0.0000000E+00   0.0000000E+00
   2.6536582E-05   1.5175485E+07   1.5175485E+07   2.0182675E+07   -4.4484726E+05   -1.4300678E+07   1.5175492E+07   1.5175485E+07   8.1806340E+06   0.0000000E+00   0.0000000E+00   0.0000000E+00   0.0000000E+00
   2.8516418E-05   1.5175504E+07   1.5175504E+07   2.0174772E+07   -4.4481102E+05   -1.4299150E+07   1.5175512E+07   1.5175504E+07   8.1806410E+06   0.0000000E+00   0.0000000E+00   0.0000000E+00   0.0000000E+00
   3.0643966E-05   1.5175528E+07   1.5175528E+07   2.0165648E+07   -4.4476917E+05   -1.4297386E+07   1.5175534E+07   1.5175528E+07   8.1806491E+06   0.0000000E+00   0.0000000E+00   0.0000000E+00   0.0000000E+00
   3.2930246E-05   1.5175554E+07   1.5175554E+07   2.0155118E+07   -4.4472086E+05   -1.4295349E+07   1.5175560E+07   1.5175554E+07   8.1806584E+06   0.0000000E+00   0.0000000E+00   0.0000000E+00   0.0000000E+00
   3.5387100E-05   1.5175585E+07   1.5175585E+07   2.0142963E+07   -4.4466507E+05   -1.4292998E+07   1.5175590E+07   1.5175585E+07   8.1806692E+06   0.0000000E+00   0.0000000E+00   0.0000000E+00   0.0000000E+00
   3.8027255E-05   1.5175620E+07   1.5175620E+07   2.0128936E+07   -4.4460066E+05   -1.4290283E+07   1.5175624E+07   1.5175620E+07   8.1806817E+06   0.0000000E+00   0.0000000E+00   0.0000000E+00   0.0000000E+00
   4.0864386E-05   1.5175661E+07   1.5175661E+07   2.0112749E+07   -4.4452630E+05   -1.4287148E+07   1.5175664E+07   1.5175661E+07   8.1806961E+06   0.0000000E+00   0.0000000E+00   0.0000000E+00   0.0000000E+00
   4.3913189E-05   1.5175709E+07   1.5175709E+07   2.0094071E+07   -4.4444045E+05   -1.4283530E+07   1.5175710E+07   1.5175709E+07   8.1807126E+06   0.0000000E+00   0.0000000E+00   0.0000000E+00   0.0000000E+00
   4.7189457E-05   1.5175763E+07   1.5175763E+07   2.0072522E+07   -4.4434134E+05   -1.4279353E+07   1.5175763E+07   1.5175763E+07   8.1807318E+06   0.0000000E+00   0.0000000E+00   0.0000000E+00   0.0000000E+00
   5.0710160E-05   1.5175826E+07   1.5175826E+07   2.0047665E+07   -4.4422693E+05   -1.4274532E+07   1.5175824E+07   1.5175826E+07   8.1807539E+06   0.0000000E+00   0.0000000E+00   0.0000000E+00   0.0000000E+00
   5.4493535E-05   1.5175899E+07   1.5175899E+07   2.0018995E+07   -4.4409485E+05   -1.4268967E+07   1.5175894E+07   1.5175899E+07   8.1807794E+06   0.0000000E+00   0.0000000E+00   0.0000000E+00   0.0000000E+00
   5.8559179E-05   1.5175983E+07   1.5175983E+07   1.9985935E+07   -4.4394240E+05   -1.4262545E+07   1.5175976E+07   1.5175983E+07   8.1808088E+06   0.0000000E+00   0.0000000E+00   0.0000000E+00   0.0000000E+00
   6.2928152E-05   1.5176080E+07   1.5176080E+07   1.9947821E+07   -4.4376644E+05   -1.4255133E+07   1.5176070E+07   1.5176080E+07   8.1808427E+06   0.0000000E+00   0.0000000E+00   0.0000000E+00   0.0000000E+00
   6.7623085E-05   1.5176192E+07   1.5176192E+07   1.9903891E+07   -4.4356336E+05   -1.4246581E+07   1.5176178E+07   1.5176192E+07   8.1808819E+06   0.0000000E+00   0.0000000E+00   0.0000000E+00   0.0000000E+00
   7.2668296E-05   1.5176321E+07   1.5176321E+07   1.9853273E+07   -4.4332900E+05   -1.4236714E+07   1.5176303E+07   1.5176321E+07   8.1809270E+06   0.0000000E+00   0.0000000E+00   0.0000000E+00   0.0000000E+00
   7.8089920E-05   1.5176470E+07   1.5176470E+07   1.9794968E+07   -4.4305858E+05   -1.4225331E+07   1.5176447E+07   1.5176470E+07   8.1809790E+06   0.0000000E+00   0.0000000E+00   0.0000000E+00   0.0000000E+00
   8.3916039E-05   1.5176641E+07   1.5176641E+07   1.9727835E+07   -4.4274657E+05   -1.4212202E+07   1.5176614E+07   1.5176641E+07   8.1810390E+06   0.0000000E+00   0.0000000E+00   0.0000000E+00   0.0000000E+00
   9.0176833E-05   1.5176839E+07   1.5176839E+07   1.9650574E+07   -4.4238664E+05   -1.4197061E+07   1.5176806E+07   1.5176839E+07   8.1811081E+06   0.0000000E+00   0.0000000E+00   0.0000000E+00   0.0000000E+00
   9.6904731E-05   1.5177067E+07   1.5177067E+07   1.9561702E+07   -4.4197148E+05   -1.4179604E+07   1.5177027E+07   1.5177067E+07   8.1811876E+06   0.0000000E+00   0.0000000E+00   0.0000000E+00   0.0000000E+00
   1.0413458E-04   1.5177330E+07   1.5177330E+07   1.9459537E+07   -4.4149271E+05   -1.4159482E+07   1.5177282E+07   1.5177330E+07   8.1812792E+06   0.0000000E+00   0.0000000E+00   0.0000000E+00   0.0000000E+00
   1.1190384E-04   1.5177633E+07   1.5177633E+07   1.9342174E+07   -4.4094071E+05   -1.4136293E+07   1.5177575E+07   1.5177633E+07   8.1813847E+06   0.0000000E+00   0.0000000E+00   0.0000000E+00   0.0000000E+00
   1.2025274E-04   1.5177982E+07   1.5177982E+07   1.9207460E+07   -4.4030442E+05   -1.4109580E+07   1.5177913E+07   1.5177982E+07   8.1815059E+06   0.0000000E+00   0.0000000E+00   0.0000000E+00   0.0000000E+00
   1.2922454E-04   1.5178384E+07   1.5178384E+07   1.9052976E+07   -4.3957118E+05   -1.4078818E+07   1.5178303E+07   1.5178384E+07   8.1816453E+06   0.0000000E+00   0.0000000E+00   0.0000000E+00   0.0000000E+00
   1.3886570E-04   1.5178846E+07   1.5178846E+07   1.8876013E+07   -4.3872649E+05   -1.4043408E+07   1.5178751E+07   1.5178846E+07   8.1818054E+06   0.0000000E+00   0.0000000E+00   0.0000000E+00   0.0000000E+00
   1.4922617E-04   1.5179378E+07   1.5179378E+07   1.8673555E+07   -4.3775376E+05   -1.4002670E+07   1.5179266E+07   1.5179378E+07   8.1819892E+06   0.0000000E+00   0.0000000E+00   0.0000000E+00   0.0000000E+00
   1.6035961E-04   1.5179989E+07   1.5179989E+07   1.8442266E+07   -4.3663409E+05   -1.3955827E+07   1.5179858E+07   1.5179989E+07   8.1821998E+06   0.0000000E+00   0.0000000E+00   0.0000000E+00   0.0000000E+00
   1.7232369E-04   1.5180691E+07   1.5180691E+07   1.8178485E+07   -4.3534592E+05   -1.3902001E+07   1.5180538E+07   1.5180691E+07   8.1824411E+06   0.0000000E+00   0.0000000E+00   0.0000000E+00   0.0000000E+00
   1.8518038E-04   1.5181497E+07   1.5181497E+07   1.7878234E+07   -4.3386472E+05   -1.3840197E+07   1.5181319E+07   1.5181497E+07   8.1827170E+06   0.0000000E+00   0.0000000E+00   0.0000000E+00   0.0000000E+00
   1.9899629E-04   1.5182421E+07   1.5182421E+07   1.7537244E+07   -4.3216272E+05   -1.3769297E+07   1.5182213E+07   1.5182421E+07   8.1830322E+06   0.0000000E+00   0.0000000E+00   0.0000000E+00   0.0000000E+00
   2.1384297E-04   1.5183479E+07   1.5183479E+07   1.7151003E+07   -4.3020849E+05   -1.3688043E+07   1.5183238E+07   1.5183479E+07   8.1833914E+06   0.0000000E+00   0.0000000E+00   0.0000000E+00   0.0000000E+00
   2.2979733E-04   1.5184689E+07   1.5184689E+07   1.6714836E+07   -4.2796665E+05   -1.3595034E+07   1.5184409E+07   1.5184689E+07   8.1838000E+06   0.0000000E+00   0.0000000E+00   0.0000000E+00   0.0000000E+00
   2.4694201E-04   1.5186071E+07   1.5186071E+07   1.6224028E+07   -4.2539747E+05   -1.3488712E+07   1.5185747E+07   1.5186071E+07   8.1842637E+06   0.0000000E+00   0.0000000E+00   0.0000000E+00   0.0000000E+00
   2.6536582E-04   1.5187646E+07   1.5187646E+07   1.5674000E+07   -4.2245663E+05   -1.3367360E+07   1.5187271E+07   1.5187646E+07   8.1847884E+06   0.0000000E+00   0.0000000E+00   0.0000000E+00   0.0000000E+00
   2.8516418E-04   1.5189439E+07   1.5189439E+07   1.5060551E+07   -4.1909495E+05   -1.3229104E+07   1.5189004E+07   1.5189439E+07   8.1853802E+06   0.0000000E+00   0.0000000E+00   0.0000000E+00   0.0000000E+00
   3.0643966E-04   1.5191473E+07   1.5191473E+07   1.4380170E+07   -4.1525822E+05   -1.3071914E+07   1.5190971E+07   1.5191473E+07   8.1860449E+06   0.0000000E+00   0.0000000E+00   0.0000000E+00   0.0000000E+00
   3.2930246E-04   1.5193775E+07   1.5193775E+07   1.3630448E+07   -4.1088723E+05   -1.2893623E+07   1.5193195E+07   1.5193775E+07   8.1867880E+06   0.0000000E+00   0.0000000E+00   0.0000000E+00   0.0000000E+00
   3.5387100E-04   1.5196372E+07   1.5196372E+07   1.2810576E+07   -4.0591795E+05   -1.2691952E+07   1.5195703E+07   1.5196372E+07   8.1876143E+06   0.0000000E+00   0.0000000E+00   0.0000000E+00   0.0000000E+00
   3.8027255E-04   1.5199291E+07   1.5199291E+07   1.1921944E+07   -4.0028209E+05   -1.2464555E+07   1.5198520E+07   1.5199291E+07   8.1885269E+06   0.0000000E+00   0.0000000E+00   0.0000000E+00   0.0000000E+00
   4.0864386E-04   1.5202557E+07   1.5202557E+07   1.0968805E+07   -3.9390791E+05   -1.2209078E+07   1.5201668E+07   1.5202557E+07   8.1895268E+06   0.0000000E+00   0.0000000E+00   0.0000000E+00   0.0000000E+00
   4.3913189E-04   1.5206191E+07   1.5206191E+07   9.9589939E+06   -3.8672169E+05   -1.1923249E+07   1.5205169E+07   1.5206191E+07   8.1906116E+06   0.0000000E+00   0.0000000E+00   0.0000000E+00   0.0000000E+00
   4.7189457E-04   1.5210210E+07   1.5210210E+07   8.9046040E+06   -3.7864972E+05   -1.1604985E+07   1.5209035E+07   1.5210210E+07   8.1917746E+06   0.0000000E+00   0.0000000E+00   0.0000000E+00   0.0000000E+00
   5.0710160E-04   1.5214622E+07   1.5214622E+07   7.8225257E+06   -3.6962108E+05   -1.1252541E+07   1.5213272E+07   1.5214622E+07   8.1930026E+06   0.0000000E+00   0.0000000E+00   0.0000000E+00   0.0000000E+00
   5.4493535E-04   1.5219421E+07   1.5219421E+07   6.7346827E+06   -3.5957137E+05   -1.0864679E+07   1.5217874E+07   1.5219421E+07   8.1942747E+06   0.0000000E+00   0.0000000E+00   0.0000000E+00   0.0000000E+00
   5.8559179E-04   1.5224588E+07   1.5224588E+07   5.6677580E+06   -3.4844731E+05   -1.0440875E+07   1.5222815E+07   1.5224588E+07   8.1955596E+06   0.0000000E+00   0.0000000E+00   0.0000000E+00   0.0000000E+00
   6.2928152E-04   1.5230076E+07   1.5230076E+07   4.6521648E+06   -3.3621245E+05   -9.9815375E+06   1.5228049E+07   1.5230076E+07   8.1968130E+06   0.0000000E+00   0.0000000E+00   0.0000000E+00   0.0000000E+00
   6.7623085E-04   1.5235813E+07   1.5235813E+07   3.7200298E+06   -3.2285371E+05   -9.4882358E+06   1.5233498E+07   1.5235813E+07   8.1979756E+06   0.0000000E+00   0.0000000E+00   0.0000000E+00   0.0000000E+00
   7.2668296E-04   1.5241688E+07   1.5241688E+07   2.9020371E+06   -3.0838859E+05   -8.9639068E+06   1.5239050E+07   1.5241688E+07   8.1989697E+06   0.0000000E+00   0.0000000E+00   0.0000000E+00   0.0000000E+00
   7.8089920E-04   1.5247548E+07   1.5247548E+07   2.2231939E+06   -2.9287240E+05   -8.4130049E+06   1.5244548E+07   1.5247548E+07   8.1996979E+06   0.0000000E+00   0.0000000E+00   0.0000000E+00   0.0000000E+00
   8.3916039E-04   1.5253190E+07   1.5253190E+07   1.6979443E+06   -2.7640480E+05   -7.8415518E+06   1.5249786E+07   1.5253190E+07   8.2000407E+06   0.0000000E+00   0.0000000E+00   0.0000000E+00   0.0000000E+00
   9.0176833E-04   1.5258355E+07   1.5258355E+07   1.3255776E+06   -2.5913421E+05   -7.2570377E+06   1.5254503E+07   1.5258355E+07   8.1998572E+06   0.0000000E+00   0.0000000E+00   0.0000000E+00   0.0000000E+00
   9.6904731E-04   1.5262727E+07   1.5262727E+07   1.0874453E+06   -2.4125879E+05   -6.6681300E+06   1.5258380E+07   1.5262727E+07   8.1989864E+06   0.0000000E+00   0.0000000E+00   0.0000000E+00   0.0000000E+00
   1.0413458E-03   1.5265937E+07   1.5265937E+07   9.4786633E+05   -2.2302219E+05   -6.0841709E+06   1.5261048E+07   1.5265937E+07   8.1972509E+06   0.0000000E+00   0.0000000E+00   0.0000000E+00   0.0000000E+00
   1.1190384E-03   1.5267568E+07   1.5267568E+07   8.6032257E+05   -2.0470284E+05   -5.5144855E+06   1.5262088E+07   1.5267568E+07   8.1944635E+06   0.0000000E+00   0.0000000E+00   0.0000000E+00   0.0000000E+00
   1.2025274E-03   1.5267172E+07   1.5267172E+07   7.7914009E+05   -1.8659628E+05   -4.9675868E+06   1.5261052E+07   1.5267172E+07   8.1904350E+06   0.0000000E+00   0.0000000E+00   0.0000000E+00   0.0000000E+00
   1.2922454E-03   1.5264288E+07   1.5264288E+07   6.7408174E+05   -1.6899171E+05   -4.4504246E+06   1.5257483E+07   1.5264288E+07   8.1849831E+06   0.0000000E+00   0.0000000E+00   0.0000000E+00   0.0000000E+00
   1.3886570E-03   1.5258467E+07   1.5258467E+07   5.4182432E+05   -1.5214617E+05   -3.9678686E+06   1.5250934E+07   1.5258467E+07   8.1779401E+06   0.0000000E+00   0.0000000E+00   0.0000000E+00   0.0000000E+00
   1.4922617E-03   1.5249290E+07   1.5249290E+07   4.0633562E+05   -1.3626194E+05   -3.5225831E+06   1.5240992E+07   1.5249290E+07   8.1691568E+06   0.0000000E+00   0.0000000E+00   0.0000000E+00   0.0000000E+00
   1.6035961E-03   1.5236388E+07   1.5236388E+07   3.0310435E+05   -1.2147337E+05   -3.1153321E+06   1.5227291E+07   1.5236388E+07   8.1585025E+06   0.0000000E+00   0.0000000E+00   0.0000000E+00   0.0000000E+00
   1.7232369E-03   1.5219436E+07   1.5219436E+07   2.5221434E+05   -1.0784760E+05   -2.7455611E+06   1.5209515E+07   1.5219436E+07   8.1458580E+06   0.0000000E+00   0.0000000E+00   0.0000000E+00   0.0000000E+00
   1.8518038E-03   1.5198153E+07   1.5198153E+07   2.3860713E+05   -9.5398342E+04   -2.4119588E+06   1.5187387E+07   1.5198153E+07   8.1311073E+06   0.0000000E+00   0.0000000E+00   0.0000000E+00   0.0000000E+00
   1.9899629E-03   1.5172281E+07   1.5172281E+07   2.2149697E+05   -8.4105193E+04   -2.1127472E+06   1.5160656E+07   1.5172281E+07   8.1141301E+06   0.0000000E+00   0.0000000E+00   0.0000000E+00   0.0000000E+00
   2.1384297E-03   1.5141571E+07   1.5141571E+07   1.7392556E+05   -7.3928317E+04   -1.8457294E+06   1.5129076E+07   1.5141571E+07   8.0947987E+06   0.0000000E+00   0.0000000E+00   0.0000000E+00   0.0000000E+00
   2.2979733E-03   1.5105782E+07   1.5105782E+07   1.1475375E+05   -6.4812891E+04   -1.6083944E+06   1.5092407E+07   1.5105782E+07   8.0729806E+06   0.0000000E+00   0.0000000E+00   0.0000000E+00   0.0000000E+00
   2.4694201E-03   1.5064673E+07   1.5064673E+07   8.5644658E+04   -5.6688791E+04   -1.3982362E+06   1.5050409E+07   1.5064673E+07   8.0485397E+06   0.0000000E+00   0.0000000E+00   0.0000000E+00   0.0000000E+00
   2.6536582E-03   1.5018001E+07   1.5018001E+07   8.9600206E+04   -4.9475781E+04   -1.2129542E+06   1.5002836E+07   1.5018001E+07   8.0213344E+06   0.0000000E+00   0.0000000E+00   0.0000000E+00   0.0000000E+00
   2.8516418E-03   1.4965510E+07   1.4965510E+07   8.4219791E+04   -4.3094366E+04   -1.0502052E+06   1.4949428E+07   1.4965510E+07   7.9912121E+06   0.0000000E+00   0.0000000E+00   0.0000000E+00   0.0000000E+00
   3.0643966E-03   1.4906925E+07   1.4906925E+07   5.6697563E+04   -3.7470036E+04   -9.0744573E+05   1.4889908E+07   1.4906925E+07   7.9580094E+06   0.0000000E+00   0.0000000E+00   0.0000000E+00   0.0000000E+00
   3.2930246E-03   1.4841958E+07   1.4841958E+07   4.3481765E+04   -3.2528156E+04   -7.8245379E+05   1.4823988E+07   1.4841958E+07   7.9215563E+06   0.0000000E+00   0.0000000E+00   0.0000000E+00   0.0000000E+00
   3.5387100E-03   1.4770306E+07   1.4770306E+07   4.3934360E+04   -2.8194857E+04   -6.7350140E+05   1.4751366E+07   1.4770306E+07   7.8816765E+06   0.0000000E+00   0.0000000E+00   0.0000000E+00   0.0000000E+00
   3.8027255E-03   1.4691645E+07   1.4691645E+07   3.0692259E+04   -2.4404451E+04   -5.7865537E+05   1.4671722E+07   1.4691645E+07   7.8381839E+06   0.0000000E+00   0.0000000E+00   0.0000000E+00   0.0000000E+00
   4.0864386E-03   1.4605635E+07   1.4605635E+07   2.6745040E+04   -2.1096372E+04   -4.9614078E+05   1.4584720E+07   1.4605635E+07   7.7908844E+06   0.0000000E+00   0.0000000E+00   0.0000000E+00   0.0000000E+00
   4.3913189E-03   1.4511917E+07   1.4511917E+07   2.5087045E+04   -1.8213179E+04   -4.2471752E+05   1.4490006E+07   1.4511917E+07   7.7395765E+06   0.0000000E+00   0.0000000E+00   0.0000000E+00   0.0000000E+00
   4.7189457E-03   1.4410115E+07   1.4410115E+07   1.4855794E+04   -1.5705647E+04   -3.6276872E+05   1.4387214E+07   1.4410115E+07   7.6840517E+06   0.0000000E+00   0.0000000E+00   0.0000000E+00   0.0000000E+00
   5.0710160E-03   1.4299838E+07   1.4299838E+07   1.7964911E+04   -1.3527505E+04   -3.0927962E+05   1.4275966E+07   1.4299838E+07   7.6240979E+06   0.0000000E+00   0.0000000E+00   0.0000000E+00   0.0000000E+00
   5.4493535E-03   1.4180687E+07   1.4180687E+07   1.0603709E+04   -1.1638182E+04   -2.6312451E+05   1.4155876E+07   1.4180687E+07   7.5594987E+06   0.0000000E+00   0.0000000E+00   0.0000000E+00   0.0000000E+00
   5.8559179E-03   1.4052252E+07   1.4052252E+07   1.1654465E+04   -1.0001430E+04   -2.2335194E+05   1.4026539E+07   1.4052252E+07   7.4900284E+06   0.0000000E+00   0.0000000E+00   0.0000000E+00   0.0000000E+00
   6.2928152E-03   1.3914115E+07   1.3914115E+07   7.6628537E+03   -8.5850860E+03   -1.8915220E+05   1.3887530E+07   1.3914115E+07   7.4154524E+06   0.0000000E+00   0.0000000E+00   0.0000000E+00   0.0000000E+00
   6.7623085E-03   1.3765839E+07   1.3765839E+07   7.1093859E+03   -7.3608542E+03   -1.5987162E+05   1.3738413E+07   1.3765839E+07   7.3355307E+06   0.0000000E+00   0.0000000E+00   0.0000000E+00   0.0000000E+00
   7.2668296E-03   1.3606968E+07   1.3606968E+07   6.6265239E+03   -6.3041391E+03   -1.3472230E+05   1.3578750E+07   1.3606968E+07   7.2500236E+06   0.0000000E+00   0.0000000E+00   0.0000000E+00   0.0000000E+00
   7.8089920E-03   1.3437033E+07   1.3437033E+07   4.0014700E+03   -5.3926702E+03   -1.1325359E+05   1.3408094E+07   1.3437033E+07   7.1586858E+06   0.0000000E+00   0.0000000E+00   0.0000000E+00   0.0000000E+00
   8.3916039E-03   1.3255565E+07   1.3255565E+07   3.6402784E+03   -4.6072756E+03   -9.4947823E+04   1.3225969E+07   1.3255565E+07   7.0612595E+06   0.0000000E+00   0.0000000E+00   0.0000000E+00   0.0000000E+00
   9.0176833E-03   1.3062084E+07   1.3062084E+07   3.4746986E+03   -3.9312872E+03   -7.9358260E+04   1.3031898E+07   1.3062084E+07   6.9574850E+06   0.0000000E+00   0.0000000E+00   0.0000000E+00   0.0000000E+00
   9.6904731E-03   1.2856100E+07   1.2856100E+07   3.2424386E+03   -3.3500419E+03   -6.6107503E+04   1.2825403E+07   1.2856100E+07   6.8471030E+06   0.0000000E+00   0.0000000E+00   0.0000000E+00   0.0000000E+00
   1.0413458E-02   1.2637106E+07   1.2637106E+07   2.6365081E+03   -2.8507231E+03   -5.4878398E+04   1.2605984E+07   1.2637106E+07   6.7298444E+06   0.0000000E+00   0.0000000E+00   0.0000000E+00   0.0000000E+00
   1.1190384E-02   1.2404593E+07   1.2404593E+07   2.1567989E+03   -2.4222055E+03   -4.5398240E+04   1.2373136E+07   1.2404593E+07   6.6054356E+06   0.0000000E+00   0.0000000E+00   0.0000000E+00   0.0000000E+00
   1.2025274E-02   1.2158057E+07   1.2158057E+07   1.7678187E+03   -2.0548423E+03   -3.7414449E+04   1.2126358E+07   1.2158057E+07   6.4736075E+06   0.0000000E+00   0.0000000E+00   0.0000000E+00   0.0000000E+00
   1.2922454E-02   1.1896999E+07   1.1896999E+07   1.2362150E+03   -1.7402517E+03   -3.0698265E+04   1.1865164E+07   1.1896999E+07   6.3340979E+06   0.0000000E+00   0.0000000E+00   0.0000000E+00   0.0000000E+00
   1.3886570E-02   1.1620942E+07   1.1620942E+07   8.6107300E+02   -1.4711299E+03   -2.5064241E+04   1.1589073E+07   1.1620942E+07   6.1866480E+06   0.0000000E+00   0.0000000E+00   0.0000000E+00   0.0000000E+00
   1.4922617E-02   1.1329452E+07   1.1329452E+07   9.9845354E+02   -1.2411942E+03   -2.0369247E+04   1.1297657E+07   1.1329452E+07   6.0310287E+06   0.0000000E+00   0.0000000E+00   0.0000000E+00   0.0000000E+00
   1.6035961E-02   1.1022156E+07   1.1022156E+07   6.2069760E+02   -1.0449657E+03   -1.6473630E+04   1.0990548E+07   1.1022156E+07   5.8670409E+06   0.0000000E+00   0.0000000E+00   0.0000000E+00   0.0000000E+00
   1.7232369E-02   1.0698787E+07   1.0698787E+07   6.9020118E+02   -8.7774855E+02   -1.3235383E+04   1.0667479E+07   1.0698787E+07   5.6945419E+06   0.0000000E+00   0.0000000E+00   0.0000000E+00   0.0000000E+00
   1.8518038E-02   1.0359225E+07   1.0359225E+07   4.2114933E+02   -7.3545568E+02   -1.0568833E+04   1.0328333E+07   1.0359225E+07   5.5134673E+06   0.0000000E+00   0.0000000E+00   0.0000000E+00   0.0000000E+00
   1.9899629E-02   1.0003561E+07   1.0003561E+07   3.1838262E+02   -6.1457877E+02   -8.3862643E+03   9.9731992E+06   1.0003561E+07   5.3238642E+06   0.0000000E+00   0.0000000E+00   0.0000000E+00   0.0000000E+00
   2.1384297E-02   9.6321672E+06   9.6321672E+06   2.6963904E+02   -5.1208373E+02   -6.6024691E+03   9.6024491E+06   9.6321672E+06   5.1259300E+06   0.0000000E+00   0.0000000E+00   0.0000000E+00   0.0000000E+00
   2.2979730E-02   9.2457928E+06   9.2457928E+06   2.1367792E+02   -4.2536310E+02   -5.1527510E+03   9.2168292E+06   9.2457928E+06   4.9200625E+06   0.0000000E+00   0.0000000E+00   0.0000000E+00   0.0000000E+00
   2.4694183E-02   8.8456638E+06   8.8456638E+06   2.1495341E+02   -3.5216981E+02   -3.9830758E+03   8.8175598E+06   8.8456638E+06   4.7069126E+06   0.0000000E+00   0.0000000E+00   0.0000000E+00   0.0000000E+00
   2.6536485E-02   8.4336042E+06   8.4336042E+06   1.8661261E+02   -2.9056881E+02   -3.0545150E+03   8.4064567E+06   8.4336042E+06   4.4874489E+06   0.0000000E+00   0.0000000E+00   0.0000000E+00   0.0000000E+00
   2.8515972E-02   8.0121661E+06   8.0121661E+06   1.4347878E+02   -2.3890101E+02   -2.3098112E+03   7.9860622E+06   8.0121661E+06   4.2630282E+06   0.0000000E+00   0.0000000E+00   0.0000000E+00   0.0000000E+00
   3.0642175E-02   7.5847858E+06   7.5847858E+06   9.6146296E+01   -1.9574015E+02   -1.7286287E+03   7.5597979E+06   7.5847858E+06   4.0354765E+06   0.0000000E+00   0.0000000E+00   0.0000000E+00   0.0000000E+00
   3.2923914E-02   7.1559742E+06   7.1559742E+06   7.7605673E+01   -1.5986931E+02   -1.2756702E+03   7.1321568E+06   7.1559742E+06   3.8071917E+06   0.0000000E+00   0.0000000E+00   0.0000000E+00   0.0000000E+00
   3.5367250E-02   6.7315371E+06   6.7315371E+06   7.4141324E+01   -1.3025311E+02   -9.2674690E+02   6.7089216E+06   6.7315371E+06   3.5812606E+06   0.0000000E+00   0.0000000E+00   0.0000000E+00   0.0000000E+00
   3.7971742E-02   6.3187246E+06   6.3187246E+06   6.3528085E+01   -1.0601217E+02   -6.6510148E+02   6.2973142E+06   6.3187246E+06   3.3615378E+06   0.0000000E+00   0.0000000E+00   0.0000000E+00   0.0000000E+00
   4.0725342E-02   5.9260261E+06   5.9260261E+06   4.9767219E+01   -8.6391321E+01   -4.6711891E+02   5.9057912E+06   5.9260261E+06   3.1525373E+06   0.0000000E+00   0.0000000E+00   0.0000000E+00   0.0000000E+00
   4.3600432E-02   5.5621872E+06   5.5621872E+06   3.3155458E+01   -7.0714168E+01   -3.2409792E+02   5.5430635E+06   5.5621872E+06   2.9589089E+06   0.0000000E+00   0.0000000E+00   0.0000000E+00   0.0000000E+00
   4.6555573E-02   5.2343298E+06   5.2343298E+06   2.7095736E+01   -5.8342728E+01   -2.2146274E+02   5.2162238E+06   5.2343298E+06   2.7844383E+06   0.0000000E+00   0.0000000E+00   0.0000000E+00   0.0000000E+00
   4.9545215E-02   4.9459674E+06   4.9459674E+06   2.3803599E+01   -4.8659168E+01   -1.4829526E+02   4.9287680E+06   4.9459674E+06   2.6309916E+06   0.0000000E+00   0.0000000E+00   0.0000000E+00   0.0000000E+00
   5.2532339E-02   4.6962531E+06   4.6962531E+06   2.1523874E+01   -4.1084877E+01   -9.6311837E+01   4.6798467E+06   4.6962531E+06   2.4981153E+06   0.0000000E+00   0.0000000E+00   0.0000000E+00   0.0000000E+00
   5.5495661E-02   4.4809009E+06   4.4809009E+06   1.9729298E+01   -3.5116805E+01   -5.9223920E+01   4.4651843E+06   4.4809009E+06   2.3835268E+06   0.0000000E+00   0.0000000E+00   0.0000000E+00   0.0000000E+00
   5.8428898E-02   4.2938802E+06   4.2938802E+06   1.7921506E+01   -3.0350137E+01   -3.2466014E+01   4.2787669E+06   4.2938802E+06   2.2840158E+06   0.0000000E+00   0.0000000E+00   0.0000000E+00   0.0000000E+00
   6.1335923E-02   4.1288375E+06   4.1288375E+06   1.5480867E+01   -2.6477354E+01   -1.2909996E+01   4.1142605E+06   4.1288375E+06   2.1962012E+06   0.0000000E+00   0.0000000E+00   0.0000000E+00   0.0000000E+00
   6.4225914E-02   3.9798994E+06   3.9798994E+06   1.2108996E+01   -2.3272732E+01   1.3268787E+00   3.9658099E+06   3.9798994E+06   2.1169573E+06   0.0000000E+00   0.0000000E+00   0.0000000E+00   0.0000000E+00
   6.7110088E-02   3.8419990E+06   3.8419990E+06   9.3774947E+00   -2.0573283E+01   1.1458634E+01   3.8283645E+06   3.8419990E+06   2.0435882E+06   0.0000000E+00   0.0000000E+00   0.0000000E+00   0.0000000E+00
   6.9999930E-02   3.7109591E+06   3.7109591E+06   8.8140610E+00   -1.8261858E+01   1.8707110E+01   3.6977607E+06   3.7109591E+06   1.9738712E+06   0.0000000E+00   0.0000000E+00   0.0000000E+00   0.0000000E+00
   7.2906379E-02   3.5834815E+06   3.5834815E+06   9.2335419E+00   -1.6254164E+01   2.4137016E+01   3.5707110E+06   3.5834815E+06   1.9060514E+06   0.0000000E+00   0.0000000E+00   0.0000000E+00   0.0000000E+00
   7.5839550E-02   3.4571141E+06   3.4571141E+06   8.7638893E+00   -1.4489471E+01   2.8149161E+01   3.4447714E+06   3.4571141E+06   1.8388244E+06   0.0000000E+00   0.0000000E+00   0.0000000E+00   0.0000000E+00
   7.8808700E-02   3.3302189E+06   3.3302189E+06   7.4969889E+00   -1.2924007E+01   3.0788565E+01   3.3183092E+06   3.3302189E+06   1.7713184E+06   0.0000000E+00   0.0000000E+00   0.0000000E+00   0.0000000E+00
   8.1822308E-02   3.2019408E+06   3.2019408E+06   6.3499482E+00   -1.1526230E+01   3.2260830E+01   3.1904722E+06   3.2019408E+06   1.7030785E+06   0.0000000E+00   0.0000000E+00   0.0000000E+00   0.0000000E+00
   8.4888188E-02   3.0721696E+06   3.0721696E+06   5.6948481E+00   -1.0273410E+01   3.2860756E+01   3.0611499E+06   3.0721696E+06   1.6340459E+06   0.0000000E+00   0.0000000E+00   0.0000000E+00   0.0000000E+00
   8.8013610E-02   2.9414817E+06   2.9414817E+06   5.3769731E+00   -9.1491009E+00   3.2741919E+01   2.9309167E+06   2.9414817E+06   1.5645270E+06   0.0000000E+00   0.0000000E+00   0.0000000E+00   0.0000000E+00
   9.1205407E-02   2.8110534E+06   2.8110534E+06   4.6965291E+00   -8.1412265E+00   3.2020968E+01   2.8009442E+06   2.8110534E+06   1.4951474E+06   0.0000000E+00   0.0000000E+00   0.0000000E+00   0.0000000E+00
   9.4470067E-02   2.6825353E+06   2.6825353E+06   3.2474717E+00   -7.2405432E+00   3.1156682E+01   2.6728771E+06   2.6825353E+06   1.4267849E+06   0.0000000E+00   0.0000000E+00   0.0000000E+00   0.0000000E+00
   9.7813818E-02   2.5578853E+06   2.5578853E+06   3.4693743E+00   -6.4394591E+00   3.0207370E+01   2.5486658E+06   2.5578853E+06   1.3604806E+06   0.0000000E+00   0.0000000E+00   0.0000000E+00   0.0000000E+00
   1.0124269E-01   2.4391619E+06   2.4391619E+06   2.6622764E+00   -5.7311215E+00   2.8709191E+01   2.4303612E+06   2.4391619E+06   1.2973294E+06   0.0000000E+00   0.0000000E+00   0.0000000E+00   0.0000000E+00
   1.0476257E-01   2.3282866E+06   2.3282866E+06   2.9540297E+00   -5.1087126E+00   2.7442937E+01   2.3198779E+06   2.3282866E+06   1.2383532E+06   0.0000000E+00   0.0000000E+00   0.0000000E+00   0.0000000E+00
   1.0837924E-01   2.2267951E+06   2.2267951E+06   2.2684698E+00   -4.5649975E+00   2.6152375E+01   2.2187456E+06   2.2267951E+06   1.1843685E+06   0.0000000E+00   0.0000000E+00   0.0000000E+00   0.0000000E+00
   1.1209844E-01   2.1356001E+06   2.1356001E+06   1.8244182E+00   -4.0920643E+00   2.4764590E+01   2.1278736E+06   2.1356001E+06   1.1358609E+06   0.0000000E+00   0.0000000E+00   0.0000000E+00   0.0000000E+00
   1.1592585E-01   2.0548021E+06   2.0548021E+06   1.6556865E+00   -3.6813286E+00   2.3484774E+01   2.0473620E+06   2.0548021E+06   1.0928837E+06   0.0000000E+00   0.0000000E+00   0.0000000E+00   0.0000000E+00
   1.1986716E-01   1.9835824E+06   1.9835824E+06   1.7316270E+00   -3.3237041E+00   2.2280866E+01   1.9763946E+06   1.9835824E+06   1.0550012E+06   0.0000000E+00   0.0000000E+00   0.0000000E+00   0.0000000E+00
   1.2392807E-01   1.9202120E+06   1.9202120E+06   1.6663695E+00   -3.0099716E+00   2.0997985E+01   1.9132488E+06   1.9202120E+06   1.0212938E+06   0.0000000E+00   0.0000000E+00   0.0000000E+00   0.0000000E+00
   1.2811428E-01   1.8622031E+06   1.8622031E+06   1.2302944E+00   -2.7312828E+00   1.9973420E+01   1.8554457E+06   1.8622031E+06   9.9043842E+05   0.0000000E+00   0.0000000E+00   0.0000000E+00   0.0000000E+00
   1.3243158E-01   1.8066065E+06   1.8066065E+06   1.1943510E+00   -2.4796927E+00   1.8799079E+01   1.8000466E+06   1.8066065E+06   9.6086632E+05   0.0000000E+00   0.0000000E+00   0.0000000E+00   0.0000000E+00
   1.3688574E-01   1.7504360E+06   1.7504360E+06   1.1702764E+00   -2.2486894E+00   1.7713143E+01   1.7440762E+06   1.7504360E+06   9.3098920E+05   0.0000000E+00   0.0000000E+00   0.0000000E+00   0.0000000E+00
   1.4148264E-01   1.6911656E+06   1.6911656E+06   1.0107248E+00   -2.0335745E+00   1.6603289E+01   1.6850176E+06   1.6911656E+06   8.9946367E+05   0.0000000E+00   0.0000000E+00   0.0000000E+00   0.0000000E+00
   1.4622820E-01   1.6272168E+06   1.6272168E+06   7.9760646E-01   -1.8316482E+00   1.5517359E+01   1.6212981E+06   1.6272168E+06   8.6545011E+05   0.0000000E+00   0.0000000E+00   0.0000000E+00   0.0000000E+00
   1.5112841E-01   1.5583280E+06   1.5583280E+06   8.9798929E-01   -1.6421094E+00   1.4400596E+01   1.5526569E+06   1.5583280E+06   8.2880934E+05   0.0000000E+00   0.0000000E+00   0.0000000E+00   0.0000000E+00
   1.5618933E-01   1.4856977E+06   1.4856977E+06   6.4005372E-01   -1.4656764E+00   1.3246701E+01   1.4802883E+06   1.4856977E+06   7.9017889E+05   0.0000000E+00   0.0000000E+00   0.0000000E+00   0.0000000E+00
   1.6141710E-01   1.4118197E+06   1.4118197E+06   5.8663997E-01   -1.3039625E+00   1.2110700E+01   1.4066769E+06   1.4118197E+06   7.5088509E+05   0.0000000E+00   0.0000000E+00   0.0000000E+00   0.0000000E+00
   1.6681794E-01   1.3399851E+06   1.3399851E+06   5.1251580E-01   -1.1587108E+00   1.1087066E+01   1.3351019E+06   1.3399851E+06   7.1267825E+05   0.0000000E+00   0.0000000E+00   0.0000000E+00   0.0000000E+00
   1.7239819E-01   1.2735150E+06   1.2735150E+06   5.3542995E-01   -1.0310460E+00   1.0156167E+01   1.2688721E+06   1.2735150E+06   6.7732474E+05   0.0000000E+00   0.0000000E+00   0.0000000E+00   0.0000000E+00
   1.7816425E-01   1.2148852E+06   1.2148852E+06   4.0756760E-01   -9.2090928E-01   9.2859039E+00   1.2104544E+06   1.2148852E+06   6.4614129E+05   0.0000000E+00   0.0000000E+00   0.0000000E+00   0.0000000E+00
   1.8412265E-01   1.1649788E+06   1.1649788E+06   3.9618517E-01   -8.2682649E-01   8.5309553E+00   1.1607284E+06   1.1649788E+06   6.1959751E+05   0.0000000E+00   0.0000000E+00   0.0000000E+00   0.0000000E+00
   1.9028006E-01   1.1227248E+06   1.1227248E+06   3.4291179E-01   -7.4608784E-01   7.8878427E+00   1.1186271E+06   1.1227248E+06   5.9712380E+05   0.0000000E+00   0.0000000E+00   0.0000000E+00   0.0000000E+00
   1.9664326E-01   1.0853132E+06   1.0853132E+06   3.2416886E-01   -6.7529670E-01   7.3317040E+00   1.0813507E+06   1.0853132E+06   5.7722566E+05   0.0000000E+00   0.0000000E+00   0.0000000E+00   0.0000000E+00
   2.0321923E-01   1.0490149E+06   1.0490149E+06   2.8601777E-01   -6.1114411E-01   6.7550527E+00   1.0451837E+06   1.0490149E+06   5.5791968E+05   0.0000000E+00   0.0000000E+00   0.0000000E+00   0.0000000E+00
   2.1001510E-01   1.0104110E+06   1.0104110E+06   2.6465464E-01   -5.5116285E-01   6.2208229E+00   1.0067198E+06   1.0104110E+06   5.3738760E+05   0.0000000E+00   0.0000000E+00   0.0000000E+00   0.0000000E+00
   2.1703822E-01   9.6762796E+05   9.6762796E+05   2.2366295E-01   -4.9420429E-01   5.7054261E+00   9.6409206E+05   9.6762796E+05   5.1463288E+05   0.0000000E+00   0.0000000E+00   0.0000000E+00   0.0000000E+00
   2.2429622E-01   9.2107712E+05   9.2107712E+05   2.2817306E-01   -4.4046066E-01   5.1747992E+00   9.1771045E+05   9.2107712E+05   4.8987434E+05   0.0000000E+00   0.0000000E+00   0.0000000E+00   0.0000000E+00
   2.3179698E-01   8.7331069E+05   8.7331069E+05   2.0342142E-01   -3.9101336E-01   4.6891097E+00   8.7011783E+05   8.7331069E+05   4.6446936E+05   0.0000000E+00   0.0000000E+00   0.0000000E+00   0.0000000E+00
   2.3954874E-01   8.2793136E+05   8.2793136E+05   1.7774816E-01   -3.4708021E-01   4.2297771E+00   8.2490370E+05   8.2793136E+05   4.4033403E+05   0.0000000E+00   0.0000000E+00   0.0000000E+00   0.0000000E+00
   2.4756011E-01   7.8794453E+05   7.8794453E+05   1.4573118E-01   -3.0927657E-01   3.8435424E+00   7.8506247E+05   7.8794453E+05   4.1906675E+05   0.0000000E+00   0.0000000E+00   0.0000000E+00   0.0000000E+00
   2.5584018E-01   7.5430264E+05   7.5430264E+05   1.2756430E-01   -2.7721394E-01   3.5013891E+00   7.5154306E+05   7.5430264E+05   4.0117407E+05   0.0000000E+00   0.0000000E+00   0.0000000E+00   0.0000000E+00
   2.6439853E-01   7.2542706E+05   7.2542706E+05   1.2442373E-01   -2.4962044E-01   3.2054716E+00   7.2277259E+05   7.2542706E+05   3.8581638E+05   0.0000000E+00   0.0000000E+00   0.0000000E+00   0.0000000E+00
   2.7324537E-01   6.9807748E+05   6.9807748E+05   1.0422301E-01   -2.2490534E-01   2.9210226E+00   6.9552261E+05   6.9807748E+05   3.7127032E+05   0.0000000E+00   0.0000000E+00   0.0000000E+00   0.0000000E+00
   2.8239160E-01   6.6919814E+05   6.6919814E+05   9.4049254E-02   -2.0185867E-01   2.6636326E+00   6.6674855E+05   6.6919814E+05   3.5591070E+05   0.0000000E+00   0.0000000E+00   0.0000000E+00   0.0000000E+00
   2.9184894E-01   6.3769971E+05   6.3769971E+05   9.0577109E-02   -1.8008885E-01   2.4125401E+00   6.3536503E+05   6.3769971E+05   3.3915816E+05   0.0000000E+00   0.0000000E+00   0.0000000E+00   0.0000000E+00
   3.0163004E-01   6.0502322E+05   6.0502322E+05   7.8308410E-02   -1.5995533E-01   2.1771866E+00   6.0280783E+05   6.0502322E+05   3.2177911E+05   0.0000000E+00   0.0000000E+00   0.0000000E+00   0.0000000E+00
   3.1174860E-01   5.7401528E+05   5.7401528E+05   7.1058376E-02   -1.4206283E-01   1.9568329E+00   5.7191312E+05   5.7401528E+05   3.0528750E+05   0.0000000E+00   0.0000000E+00   0.0000000E+00   0.0000000E+00
   3.2221960E-01   5.4681344E+05   5.4681344E+05   6.2091383E-02   -1.2667640E-01   1.7695763E+00   5.4481062E+05   5.4681344E+05   2.9082017E+05   0.0000000E+00   0.0000000E+00   0.0000000E+00   0.0000000E+00
   3.3305944E-01   5.2328416E+05   5.2328416E+05   5.6087063E-02   -1.1346250E-01   1.6018019E+00   5.2136728E+05   5.2328416E+05   2.7830610E+05   0.0000000E+00   0.0000000E+00   0.0000000E+00   0.0000000E+00
   3.4428616E-01   5.0128061E+05   5.0128061E+05   5.0077852E-02   -1.0171803E-01   1.4559108E+00   4.9944410E+05   5.0128061E+05   2.6660350E+05   0.0000000E+00   0.0000000E+00   0.0000000E+00   0.0000000E+00
   3.5591974E-01   4.7856638E+05   4.7856638E+05   4.4481353E-02   -9.0863602E-02   1.3144986E+00   4.7681288E+05   4.7856638E+05   2.5452294E+05   0.0000000E+00   0.0000000E+00   0.0000000E+00   0.0000000E+00
   3.6798239E-01   4.5474160E+05   4.5474160E+05   3.9743579E-02   -8.0771006E-02   1.1816677E+00   4.5307522E+05   4.5474160E+05   2.4185176E+05   0.0000000E+00   0.0000000E+00   0.0000000E+00   0.0000000E+00
   3.8049891E-01   4.3136828E+05   4.3136828E+05   3.3905455E-02   -7.1660470E-02   1.0620111E+00   4.2978738E+05   4.3136828E+05   2.2942070E+05   0.0000000E+00   0.0000000E+00   0.0000000E+00   0.0000000E+00
   3.9349715E-01   4.1016147E+05   4.1016147E+05   3.0259913E-02   -6.3709623E-02   9.5229446E-01   4.0865815E+05   4.1016147E+05   2.1814191E+05   0.0000000E+00   0.0000000E+00   0.0000000E+00   0.0000000E+00
   4.0700854E-01   3.9114932E+05   3.9114932E+05   2.7071713E-02   -5.6789390E-02   8.5690322E-01   3.8971555E+05   3.9114932E+05   2.0803033E+05   0.0000000E+00   0.0000000E+00   0.0000000E+00   0.0000000E+00
   4.2106873E-01   3.7284093E+05   3.7284093E+05   2.4555635E-02   -5.0576251E-02   7.7295028E-01   3.7147416E+05   3.7284093E+05   1.9829307E+05   0.0000000E+00   0.0000000E+00   0.0000000E+00   0.0000000E+00
   4.3571838E-01   3.5415330E+05   3.5415330E+05   2.1740050E-02   -4.4864655E-02   6.9151443E-01   3.5285492E+05   3.5415330E+05   1.8835411E+05   0.0000000E+00   0.0000000E+00   0.0000000E+00   0.0000000E+00
   4.5100416E-01   3.3563316E+05   3.3563316E+05   1.9063033E-02   -3.9684811E-02   6.1779891E-01   3.3440258E+05   3.3563316E+05   1.7850424E+05   0.0000000E+00   0.0000000E+00   0.0000000E+00   0.0000000E+00
   4.6697995E-01   3.1839370E+05   3.1839370E+05   1.6873066E-02   -3.5114390E-02   5.5191222E-01   3.1722624E+05   3.1839370E+05   1.6933551E+05   0.0000000E+00   0.0000000E+00   0.0000000E+00   0.0000000E+00
   4.8370838E-01   3.0239855E+05   3.0239855E+05   1.4911973E-02   -3.1083309E-02   4.9247325E-01   3.0128967E+05   3.0239855E+05   1.6082856E+05   0.0000000E+00   0.0000000E+00   0.0000000E+00   0.0000000E+00
   5.0126272E-01   2.8670388E+05   2.8670388E+05   1.3126853E-02   -2.7441943E-02   4.3876693E-01   2.8565248E+05   2.8670388E+05   1.5248142E+05   0.0000000E+00   0.0000000E+00   0.0000000E+00   0.0000000E+00
   5.1972935E-01   2.7109746E+05   2.7109746E+05   1.1555156E-02   -2.4136817E-02   3.8956281E-01   2.7010323E+05   2.7109746E+05   1.4418122E+05   0.0000000E+00   0.0000000E+00   0.0000000E+00   0.0000000E+00
   5.3921086E-01   2.5621078E+05   2.5621078E+05   1.0151257E-02   -2.1192698E-02   3.4479495E-01   2.5527108E+05   2.5621078E+05   1.3626382E+05   0.0000000E+00   0.0000000E+00   0.0000000E+00   0.0000000E+00
   5.5983010E-01   2.4209461E+05   2.4209461E+05   8.8831443E-03   -1.8577038E-02   3.0475277E-01   2.4120663E+05   2.4209461E+05   1.2875621E+05   0.0000000E+00   0.0000000E+00   0.0000000E+00   0.0000000E+00
   5.8173527E-01   2.2822488E+05   2.2822488E+05   7.7700491E-03   -1.6218611E-02   2.6813888E-01   2.2738774E+05   2.2822488E+05   1.2137967E+05   0.0000000E+00   0.0000000E+00   0.0000000E+00   0.0000000E+00
   6.0510666E-01   2.1467484E+05   2.1467484E+05   6.7611854E-03   -1.4099899E-02   2.3494155E-01   2.1388736E+05   2.1467484E+05   1.1417317E+05   0.0000000E+00   0.0000000E+00   0.0000000E+00   0.0000000E+00
   6.3016516E-01   2.0166235E+05   2.0166235E+05   5.8494660E-03   -1.2212738E-02   2.0547487E-01   2.0092256E+05   2.0166235E+05   1.0725255E+05   0.0000000E+00   0.0000000E+00   0.0000000E+00   0.0000000E+00
   6.5718311E-01   1.8891889E+05   1.8891889E+05   5.0277641E-03   -1.0519553E-02   1.7837739E-01   1.8822582E+05   1.8891889E+05   1.0047502E+05   0.0000000E+00   0.0000000E+00   0.0000000E+00   0.0000000E+00
   6.8649765E-01   1.7645616E+05   1.7645616E+05   4.3064370E-03   -9.0043266E-03   1.5395260E-01   1.7580878E+05   1.7645616E+05   9.3846801E+04   0.0000000E+00   0.0000000E+00   0.0000000E+00   0.0000000E+00
   7.1852621E-01   1.6430851E+05   1.6430851E+05   3.6570390E-03   -7.6535957E-03   1.3181647E-01   1.6370567E+05   1.6430851E+05   8.7386158E+04   0.0000000E+00   0.0000000E+00   0.0000000E+00   0.0000000E+00
   7.5378253E-01   1.5236569E+05   1.5236569E+05   3.0797204E-03   -6.4488714E-03   1.1199119E-01   1.5180665E+05   1.5236569E+05   8.1034453E+04   0.0000000E+00   0.0000000E+00   0.0000000E+00   0.0000000E+00
   7.9288826E-01   1.4067025E+05   1.4067025E+05   2.5689881E-03   -5.3810241E-03   9.4195073E-02   1.4015410E+05   1.4067025E+05   7.4814317E+04   0.0000000E+00   0.0000000E+00   0.0000000E+00   0.0000000E+00
   8.3657059E-01   1.2918993E+05   1.2918993E+05   2.1181557E-03   -4.4392338E-03   7.8348389E-02   1.2871588E+05   1.2918993E+05   6.8708593E+04   0.0000000E+00   0.0000000E+00   0.0000000E+00   0.0000000E+00
   8.8562952E-01   1.1797082E+05   1.1797082E+05   1.7296279E-03   -3.6170381E-03   6.4352289E-02   1.1753792E+05   1.1797082E+05   6.2741792E+04   0.0000000E+00   0.0000000E+00   0.0000000E+00   0.0000000E+00
   9.4085738E-01   1.0707789E+05   1.0707789E+05   1.3875139E-03   -2.9089295E-03   5.2188195E-02   1.0668496E+05   1.0707789E+05   5.6948474E+04   0.0000000E+00   0.0000000E+00   0.0000000E+00   0.0000000E+00
   1.0029116E+00   9.6619943E+04   9.6619943E+04   1.1008423E-03   -2.3100470E-03   4.1773267E-02   9.6265372E+04   9.6619943E+04   5.1386496E+04   0.0000000E+00   0.0000000E+00   0.0000000E+00   0.0000000E+00
   1.0721901E+00   8.6729641E+04   8.6729641E+04   8.6407147E-04   -1.8142677E-03   3.3062327E-02   8.6411354E+04   8.6729641E+04   4.6126417E+04   0.0000000E+00   0.0000000E+00   0.0000000E+00   0.0000000E+00
   1.1488019E+00   7.7530701E+04   7.7530701E+04   6.7244877E-04   -1.4127301E-03   2.5944621E-02   7.7246166E+04   7.7530701E+04   4.1234036E+04   0.0000000E+00   0.0000000E+00   0.0000000E+00   0.0000000E+00
   1.2326806E+00   6.9106451E+04   6.9106451E+04   5.1415882E-04   -1.0936836E-03   2.0241229E-02   6.8852826E+04   6.9106451E+04   3.6753667E+04   0.0000000E+00   0.0000000E+00   0.0000000E+00   0.0000000E+00
   1.3237706E+00   6.1482091E+04   6.1482091E+04   4.0194370E-04   -8.4371486E-04   1.5726319E-02   6.1256444E+04   6.1482091E+04   3.2698715E+04   0.0000000E+00   0.0000000E+00   0.0000000E+00   0.0000000E+00
   1.4221621E+00   5.4633536E+04   5.4633536E+04   3.0918413E-04   -6.4957923E-04   1.2195204E-02   5.4433020E+04   5.4633536E+04   2.9056368E+04   0.0000000E+00   0.0000000E+00   0.0000000E+00   0.0000000E+00
   1.5281273E+00   4.8509506E+04   4.8509506E+04   2.3761731E-04   -4.9954787E-04   9.4242521E-03   4.8331463E+04   4.8509506E+04   2.5799355E+04   0.0000000E+00   0.0000000E+00   0.0000000E+00   0.0000000E+00
   1.6420918E+00   4.3045700E+04   4.3045700E+04   1.8250120E-04   -3.8388643E-04   7.2866925E-03   4.2887709E+04   4.3045700E+04   2.2893477E+04   0.0000000E+00   0.0000000E+00   0.0000000E+00   0.0000000E+00
   1.7645916E+00   3.8177602E+04   3.8177602E+04   1.4031153E-04   -2.9483997E-04   5.6262033E-03   3.8037476E+04   3.8177602E+04   2.0304420E+04   0.0000000E+00   0.0000000E+00   0.0000000E+00   0.0000000E+00
   1.8962407E+00   3.3843764E+04   3.3843764E+04   1.0755027E-04   -2.2633732E-04   4.3380624E-03   3.3719544E+04   3.3843764E+04   1.7999507E+04   0.0000000E+00   0.0000000E+00   0.0000000E+00   0.0000000E+00
   2.0377144E+00   2.9988275E+04   2.9988275E+04   8.2492069E-05   -1.7367098E-04   3.3415875E-03   2.9878204E+04   2.9988275E+04   1.5948998E+04   0.0000000E+00   0.0000000E+00   0.0000000E+00   0.0000000E+00
   2.1897437E+00   2.6560245E+04   2.6560245E+04   6.3251172E-05   -1.3320054E-04   2.5790415E-03   2.6462757E+04   2.6560245E+04   1.4125830E+04   0.0000000E+00   0.0000000E+00   0.0000000E+00   0.0000000E+00
   2.3531157E+00   2.3514101E+04   2.3514101E+04   4.8487597E-05   -1.0211745E-04   1.9829681E-03   2.3427793E+04   2.3514101E+04   1.2505766E+04   0.0000000E+00   0.0000000E+00   0.0000000E+00   0.0000000E+00
   2.5286766E+00   2.0808722E+04   2.0808722E+04   3.7113981E-05   -7.8255424E-05   1.5234019E-03   2.0732344E+04   2.0808722E+04   1.1066934E+04   0.0000000E+00   0.0000000E+00   0.0000000E+00   0.0000000E+00
   2.7173356E+00   1.8407235E+04   1.8407235E+04   2.8479644E-05   -5.9945248E-05   1.1729906E-03   1.8339671E+04   1.8407235E+04   9.7897239E+03   0.0000000E+00   0.0000000E+00   0.0000000E+00   0.0000000E+00
   2.9200701E+00   1.6276592E+04   1.6276592E+04   2.1795129E-05   -4.5901448E-05   8.9997298E-04   1.6216848E+04   1.6276592E+04   8.6565603E+03   0.0000000E+00   0.0000000E+00   0.0000000E+00   0.0000000E+00
   3.1379302E+00   1.4387167E+04   1.4387167E+04   1.6677645E-05   -3.5134556E-05   6.9040763E-04   1.4334358E+04   1.4387167E+04   7.6516862E+03   0.0000000E+00   0.0000000E+00   0.0000000E+00   0.0000000E+00
   3.3720444E+00   1.2712437E+04   1.2712437E+04   1.2750620E-05   -2.6883378E-05   5.3051532E-04   1.2665775E+04   1.2712437E+04   6.7609961E+03   0.0000000E+00   0.0000000E+00   0.0000000E+00   0.0000000E+00
   3.6236253E+00   1.1228683E+04   1.1228683E+04   9.7481420E-06   -2.0562651E-05   4.0668100E-04   1.1187467E+04   1.1228683E+04   5.9718746E+03   0.0000000E+00   0.0000000E+00   0.0000000E+00   0.0000000E+00
   3.8939761E+00   9.9147060E+03   9.9147060E+03   7.4661715E-06   -1.5722609E-05   3.1189735E-04   9.8783131E+03   9.9147060E+03   5.2730476E+03   0.0000000E+00   0.0000000E+00   0.0000000E+00   0.0000000E+00
   4.1844972E+00   8.7515753E+03   8.7515753E+03   5.7044034E-06   -1.2017792E-05   2.3893554E-04   8.7194517E+03   8.7515753E+03   4.6544469E+03   0.0000000E+00   0.0000000E+00   0.0000000E+00   0.0000000E+00
   4.4966934E+00   7.7223983E+03   7.7223983E+03   4.3591222E-06   -9.1829749E-06   1.8298919E-04   7.6940523E+03   7.7223983E+03   4.1070883E+03   0.0000000E+00   0.0000000E+00   0.0000000E+00   0.0000000E+00
   4.8321820E+00   6.8121118E+03   6.8121118E+03   3.3257272E-06   -7.0146269E-06   1.4021018E-04   6.7871071E+03   6.8121118E+03   3.6229606E+03   0.0000000E+00   0.0000000E+00   0.0000000E+00   0.0000000E+00
   5.1927006E+00   6.0072931E+03   6.0072931E+03   2.5456301E-06   -5.3566343E-06   1.0728108E-04   5.9852426E+03   6.0072931E+03   3.1949250E+03   0.0000000E+00   0.0000000E+00   0.0000000E+00   0.0000000E+00
   5.5801167E+00   5.2959892E+03   5.2959892E+03   1.9410689E-06   -4.0893014E-06   8.1633551E-05   5.2765496E+03   5.2959892E+03   2.8166244E+03   0.0000000E+00   0.0000000E+00   0.0000000E+00   0.0000000E+00
   5.9964371E+00   4.6675626E+03   4.6675626E+03   1.4820553E-06   -3.1208969E-06   6.2968429E-05   4.6504297E+03   4.6675626E+03   2.4824013E+03   0.0000000E+00   0.0000000E+00   0.0000000E+00   0.0000000E+00
   6.4438182E+00   4.1125524E+03   4.1125524E+03   1.1305921E-06   -2.3811453E-06   4.7729206E-05   4.0974567E+03   4.1125524E+03   2.1872241E+03   0.0000000E+00   0.0000000E+00   0.0000000E+00   0.0000000E+00
   6.9245775E+00   3.6225489E+03   3.6225489E+03   8.6274996E-07   -1.8162333E-06   3.6434533E-05   3.6092518E+03   3.6225489E+03   1.9266201E+03   0.0000000E+00   0.0000000E+00   0.0000000E+00   0.0000000E+00
   7.4412052E+00   3.1900815E+03   3.1900815E+03   6.5706545E-07   -1.3849672E-06   2.7957911E-05   3.1783718E+03   3.1900815E+03   1.6966162E+03   0.0000000E+00   0.0000000E+00   0.0000000E+00   0.0000000E+00
   7.9963774E+00   2.8085168E+03   2.8085168E+03   5.0141958E-07   -1.0558252E-06   2.1416544E-05   2.7982078E+03   2.8085168E+03   1.4936845E+03   0.0000000E+00   0.0000000E+00   0.0000000E+00   0.0000000E+00
   8.5929697E+00   2.4719686E+03   2.4719686E+03   3.8247818E-07   -8.0469569E-07   1.6200871E-05   2.4628948E+03   2.4719686E+03   1.3146943E+03   0.0000000E+00   0.0000000E+00   0.0000000E+00   0.0000000E+00
   9.2340725E+00   2.1752156E+03   2.1752156E+03   2.9120358E-07   -6.1314152E-07   1.2297281E-05   2.1672311E+03   2.1752156E+03   1.1568689E+03   0.0000000E+00   0.0000000E+00   0.0000000E+00   0.0000000E+00
   9.9230066E+00   1.9136293E+03   1.9136293E+03   2.2175809E-07   -4.6706921E-07   9.3985725E-06   1.9066050E+03   1.9136293E+03   1.0177465E+03   0.0000000E+00   0.0000000E+00   0.0000000E+00   0.0000000E+00
   1.0663341E+01   1.6831080E+03   1.6831080E+03   1.6903442E-07   -3.5570913E-07   7.1566269E-06   1.6769298E+03   1.6831080E+03   8.9514584E+02   0.0000000E+00   0.0000000E+00   0.0000000E+00   0.0000000E+00
