#           k/h    CDM            baryon         photon         nu             mass_nu        total          no_nu          total_de       Weyl           v_CDM          v_b            v_b-v_c     
   9.4979366E-06   1.8855539E+07   1.8855539E+07   2.5130799E+07   2.1574983E+05   3.2062993E+06   1.8855582E+07   1.8855539E+07   9.2045510E+06   0.0000000E+00   0.0000000E+00   0.0000000E+00   0.0000000E+00
   1.0206557E-05   1.8855532E+07   1.8855532E+07   2.5129254E+07   2.1574622E+05   3.2062387E+06   1.8855574E+07   1.8855532E+07   9.2045474E+06   0.0000000E+00   0.0000000E+00   0.0000000E+00   0.0000000E+00
   1.0968046E-05   1.8855523E+07   1.8855523E+07   2.5127470E+07   2.1574206E+05   3.2061688E+06   1.8855565E+07   1.8855523E+07   9.2045431E+06   0.0000000E+00   0.0000000E+00   0.0000000E+00   0.0000000E+00
   1.1786348E-05   1.8855513E+07   1.8855513E+07   2.5125410E+07   2.1573724E+05   3.2060881E+06   1.8855555E+07   1.8855513E+07   9.2045383E+06   0.0000000E+00   0.0000000E+00   0.0000000E+00   0.0000000E+00
   1.2665702E-05   1.8855501E+07   1.8855501E+07   2.5123031E+07   2.1573168E+05   3.2059949E+06   1.8855543E+07   1.8855501E+07   9.2045327E+06   0.0000000E+00   0.0000000E+00   0.0000000E+00   0.0000000E+00
   1.3610663E-05   1.8855488E+07   1.8855488E+07   2.5120284E+07   2.1572527E+05   3.2058873E+06   1.8855529E+07   1.8855488E+07   9.2045262E+06   0.0000000E+00   0.0000000E+00   0.0000000E+00   0.0000000E+00
   1.4626125E-05   1.8855473E+07   1.8855473E+07   2.5117112E+07   2.1571785E+05   3.2057630E+06   1.8855513E+07   1.8855473E+07   9.2045187E+06   0.0000000E+00   0.0000000E+00   0.0000000E+00   0.0000000E+00
   1.5717348E-05   1.8855455E+07   1.8855455E+07   2.5113450E+07   2.1570930E+05   3.2056195E+06   1.8855495E+07   1.8855455E+07   9.2045100E+06   0.0000000E+00   0.0000000E+00   0.0000000E+00   0.0000000E+00
   1.6889985E-05   1.8855434E+07   1.8855434E+07   2.5109222E+07   2.1569941E+05   3.2054538E+06   1.8855474E+07   1.8855434E+07   9.2045000E+06   0.0000000E+00   0.0000000E+00   0.0000000E+00   0.0000000E+00
   1.8150110E-05   1.8855411E+07   1.8855411E+07   2.5104340E+07   2.1568800E+05   3.2052625E+06   1.8855449E+07   1.8855411E+07   9.2044885E+06   0.0000000E+00   0.0000000E+00   0.0000000E+00   0.0000000E+00
   1.9504251E-05   1.8855383E+07   1.8855383E+07   2.5098704E+07   2.1567483E+05   3.2050416E+06   1.8855421E+07   1.8855383E+07   9.2044752E+06   0.0000000E+00   0.0000000E+00   0.0000000E+00   0.0000000E+00
   2.0959420E-05   1.8855351E+07   1.8855351E+07   2.5092197E+07   2.1565961E+05   3.2047865E+06   1.8855388E+07   1.8855351E+07   9.2044598E+06   0.0000000E+00   0.0000000E+00   0.0000000E+00   0.0000000E+00
   2.2523157E-05   1.8855315E+07   1.8855315E+07   2.5084684E+07   2.1564205E+05   3.2044920E+06   1.8855351E+07   1.8855315E+07   9.2044420E+06   0.0000000E+00   0.0000000E+00   0.0000000E+00   0.0000000E+00
   2.4203561E-05   1.8855273E+07   1.8855273E+07   2.5076011E+07   2.1562176E+05   3.2041519E+06   1.8855307E+07   1.8855273E+07   9.2044215E+06   0.0000000E+00   0.0000000E+00   0.0000000E+00   0.0000000E+00
   2.6009336E-05   1.8855224E+07   1.8855224E+07   2.5066000E+07   2.1559834E+05   3.2037593E+06   1.8855257E+07   1.8855224E+07   9.2043978E+06   0.0000000E+00   0.0000000E+00   0.0000000E+00   0.0000000E+00
   2.7949836E-05   1.8855168E+07   1.8855168E+07   2.5054443E+07   2.1557130E+05   3.2033059E+06   1.8855199E+07   1.8855168E+07   9.2043705E+06   0.0000000E+00   0.0000000E+00   0.0000000E+00   0.0000000E+00
   3.0035113E-05   1.8855103E+07   1.8855103E+07   2.5041104E+07   2.1554009E+05   3.2027826E+06   1.8855132E+07   1.8855103E+07   9.2043389E+06   0.0000000E+00   0.0000000E+00   0.0000000E+00   0.0000000E+00
   3.2275967E-05   1.8855028E+07   1.8855028E+07   2.5025709E+07   2.1550405E+05   3.2021783E+06   1.8855054E+07   1.8855028E+07   9.2043024E+06   0.0000000E+00   0.0000000E+00   0.0000000E+00   0.0000000E+00
   3.4684007E-05   1.8854941E+07   1.8854941E+07   2.5007942E+07   2.1546244E+05   3.2014807E+06   1.8854965E+07   1.8854941E+07   9.2042603E+06   0.0000000E+00   0.0000000E+00   0.0000000E+00   0.0000000E+00
   3.7271706E-05   1.8854841E+07   1.8854841E+07   2.4987439E+07   2.1541440E+05   3.2006755E+06   1.8854862E+07   1.8854841E+07   9.2042117E+06   0.0000000E+00   0.0000000E+00   0.0000000E+00   0.0000000E+00
   4.0052467E-05   1.8854725E+07   1.8854725E+07   2.4963783E+07   2.1535895E+05   3.1997459E+06   1.8854743E+07   1.8854725E+07   9.2041556E+06   0.0000000E+00   0.0000000E+00   0.0000000E+00   0.0000000E+00
   4.3040694E-05   1.8854592E+07   1.8854592E+07   2.4936492E+07   2.1529495E+05   3.1986730E+06   1.8854605E+07   1.8854592E+07   9.2040908E+06   0.0000000E+00   0.0000000E+00   0.0000000E+00   0.0000000E+00
   4.6251867E-05   1.8854438E+07   1.8854438E+07   2.4905011E+07   2.1522108E+05   3.1974346E+06   1.8854446E+07   1.8854438E+07   9.2040160E+06   0.0000000E+00   0.0000000E+00   0.0000000E+00   0.0000000E+00
   4.9702618E-05   1.8854260E+07   1.8854260E+07   2.4868704E+07   2.1513581E+05   3.1960054E+06   1.8854263E+07   1.8854260E+07   9.2039296E+06   0.0000000E+00   0.0000000E+00   0.0000000E+00   0.0000000E+00
   5.3410823E-05   1.8854055E+07   1.8854055E+07   2.4826839E+07   2.1503742E+05   3.1943562E+06   1.8854051E+07   1.8854055E+07   9.2038300E+06   0.0000000E+00   0.0000000E+00   0.0000000E+00   0.0000000E+00
   5.7395688E-05   1.8853818E+07   1.8853818E+07   2.4778577E+07   2.1492388E+05   3.1924532E+06   1.8853807E+07   1.8853818E+07   9.2037149E+06   0.0000000E+00   0.0000000E+00   0.0000000E+00   0.0000000E+00
   6.1677856E-05   1.8853545E+07   1.8853545E+07   2.4722955E+07   2.1479287E+05   3.1902576E+06   1.8853525E+07   1.8853545E+07   9.2035821E+06   0.0000000E+00   0.0000000E+00   0.0000000E+00   0.0000000E+00
   6.6279507E-05   1.8853229E+07   1.8853229E+07   2.4658869E+07   2.1464174E+05   3.1877250E+06   1.8853200E+07   1.8853229E+07   9.2034289E+06   0.0000000E+00   0.0000000E+00   0.0000000E+00   0.0000000E+00
   7.1224477E-05   1.8852865E+07   1.8852865E+07   2.4585059E+07   2.1446742E+05   3.1848039E+06   1.8852824E+07   1.8852865E+07   9.2032520E+06   0.0000000E+00   0.0000000E+00   0.0000000E+00   0.0000000E+00
   7.6538380E-05   1.8852445E+07   1.8852445E+07   2.4500083E+07   2.1426638E+05   3.1814355E+06   1.8852391E+07   1.8852445E+07   9.2030479E+06   0.0000000E+00   0.0000000E+00   0.0000000E+00   0.0000000E+00
   8.2248743E-05   1.8851960E+07   1.8851960E+07   2.4402299E+07   2.1403457E+05   3.1775520E+06   1.8851891E+07   1.8851960E+07   9.2028125E+06   0.0000000E+00   0.0000000E+00   0.0000000E+00   0.0000000E+00
   8.8385143E-05   1.8851401E+07   1.8851401E+07   2.4289836E+07   2.1376736E+05   3.1730760E+06   1.8851314E+07   1.8851401E+07   9.2025409E+06   0.0000000E+00   0.0000000E+00   0.0000000E+00   0.0000000E+00
   9.4979366E-05   1.8850756E+07   1.8850756E+07   2.4160574E+07   2.1345942E+05   3.1679185E+06   1.8850649E+07   1.8850756E+07   9.2022277E+06   0.0000000E+00   0.0000000E+00   0.0000000E+00   0.0000000E+00
   1.0206557E-04   1.8850012E+07   1.8850012E+07   2.4012112E+07   2.1310464E+05   3.1619776E+06   1.8849881E+07   1.8850012E+07   9.2018664E+06   0.0000000E+00   0.0000000E+00   0.0000000E+00   0.0000000E+00
   1.0968046E-04   1.8849154E+07   1.8849154E+07   2.3841740E+07   2.1269605E+05   3.1551372E+06   1.8848997E+07   1.8849154E+07   9.2014500E+06   0.0000000E+00   0.0000000E+00   0.0000000E+00   0.0000000E+00
   1.1786348E-04   1.8848165E+07   1.8848165E+07   2.3646417E+07   2.1222570E+05   3.1472645E+06   1.8847977E+07   1.8848165E+07   9.2009700E+06   0.0000000E+00   0.0000000E+00   0.0000000E+00   0.0000000E+00
   1.2665702E-04   1.8847025E+07   1.8847025E+07   2.3422739E+07   2.1168450E+05   3.1382084E+06   1.8846801E+07   1.8847025E+07   9.2004168E+06   0.0000000E+00   0.0000000E+00   0.0000000E+00   0.0000000E+00
   1.3610663E-04   1.8845712E+07   1.8845712E+07   2.3166927E+07   2.1106212E+05   3.1277974E+06   1.8845447E+07   1.8845712E+07   9.1997797E+06   0.0000000E+00   0.0000000E+00   0.0000000E+00   0.0000000E+00
   1.4626125E-04   1.8844199E+07   1.8844199E+07   2.2874804E+07   2.1034686E+05   3.1158368E+06   1.8843887E+07   1.8844199E+07   9.1990460E+06   0.0000000E+00   0.0000000E+00   0.0000000E+00   0.0000000E+00
   1.5717348E-04   1.8842458E+07   1.8842458E+07   2.2541800E+07   2.0952544E+05   3.1021071E+06   1.8842091E+07   1.8842458E+07   9.1982016E+06   0.0000000E+00   0.0000000E+00   0.0000000E+00   0.0000000E+00
   1.6889985E-04   1.8840455E+07   1.8840455E+07   2.2162963E+07   2.0858293E+05   3.0863609E+06   1.8840024E+07   1.8840455E+07   9.1972301E+06   0.0000000E+00   0.0000000E+00   0.0000000E+00   0.0000000E+00
   1.8150110E-04   1.8838151E+07   1.8838151E+07   2.1732995E+07   2.0750253E+05   3.0683212E+06   1.8837647E+07   1.8838151E+07   9.1961132E+06   0.0000000E+00   0.0000000E+00   0.0000000E+00   0.0000000E+00
   1.9504251E-04   1.8835502E+07   1.8835502E+07   2.1246324E+07   2.0626546E+05   3.0476790E+06   1.8834914E+07   1.8835502E+07   9.1948298E+06   0.0000000E+00   0.0000000E+00   0.0000000E+00   0.0000000E+00
   2.0959420E-04   1.8832460E+07   1.8832460E+07   2.0697211E+07   2.0485085E+05   3.0240918E+06   1.8831776E+07   1.8832460E+07   9.1933564E+06   0.0000000E+00   0.0000000E+00   0.0000000E+00   0.0000000E+00
   2.2523157E-04   1.8828969E+07   1.8828969E+07   2.0079916E+07   2.0323563E+05   2.9971831E+06   1.8828174E+07   1.8828969E+07   9.1916661E+06   0.0000000E+00   0.0000000E+00   0.0000000E+00   0.0000000E+00
   2.4203561E-04   1.8824965E+07   1.8824965E+07   1.9388931E+07   2.0139454E+05   2.9665419E+06   1.8824043E+07   1.8824965E+07   9.1897290E+06   0.0000000E+00   0.0000000E+00   0.0000000E+00   0.0000000E+00
   2.6009336E-04   1.8820380E+07   1.8820380E+07   1.8619292E+07   1.9930013E+05   2.9317248E+06   1.8819311E+07   1.8820380E+07   9.1875115E+06   0.0000000E+00   0.0000000E+00   0.0000000E+00   0.0000000E+00
   2.7949836E-04   1.8815134E+07   1.8815134E+07   1.7766998E+07   1.9692295E+05   2.8922594E+06   1.8813896E+07   1.8815134E+07   9.1849763E+06   0.0000000E+00   0.0000000E+00   0.0000000E+00   0.0000000E+00
   3.0035113E-04   1.8809140E+07   1.8809140E+07   1.6829529E+07   1.9423187E+05   2.8476509E+06   1.8807710E+07   1.8809140E+07   9.1820820E+06   0.0000000E+00   0.0000000E+00   0.0000000E+00   0.0000000E+00
   3.2275967E-04   1.8802302E+07   1.8802302E+07   1.5806492E+07   1.9119452E+05   2.7973912E+06   1.8800651E+07   1.8802302E+07   9.1787830E+06   0.0000000E+00   0.0000000E+00   0.0000000E+00   0.0000000E+00
   3.4684007E-04   1.8794515E+07   1.8794515E+07   1.4700364E+07   1.8777805E+05   2.7409732E+06   1.8792612E+07   1.8794515E+07   9.1750298E+06   0.0000000E+00   0.0000000E+00   0.0000000E+00   0.0000000E+00
   3.7271706E-04   1.8785665E+07   1.8785665E+07   1.3517331E+07   1.8395013E+05   2.6779091E+06   1.8783472E+07   1.8785665E+07   9.1707684E+06   0.0000000E+00   0.0000000E+00   0.0000000E+00   0.0000000E+00
   4.0052467E-04   1.8775627E+07   1.8775627E+07   1.2268151E+07   1.7968030E+05   2.6077552E+06   1.8773104E+07   1.8775627E+07   9.1659411E+06   0.0000000E+00   0.0000000E+00   0.0000000E+00   0.0000000E+00
   4.3040694E-04   1.8764269E+07   1.8764269E+07   1.0968943E+07   1.7494163E+05   2.5301418E+06   1.8761372E+07   1.8764269E+07   9.1604866E+06   0.0000000E+00   0.0000000E+00   0.0000000E+00   0.0000000E+00
   4.6251867E-04   1.8751453E+07   1.8751453E+07   9.6417641E+06   1.6971281E+05   2.4448101E+06   1.8748130E+07   1.8751453E+07   9.1543404E+06   0.0000000E+00   0.0000000E+00   0.0000000E+00   0.0000000E+00
   4.9702618E-04   1.8737032E+07   1.8737032E+07   8.3147519E+06   1.6398056E+05   2.3516541E+06   1.8733226E+07   1.8737032E+07   9.1474358E+06   0.0000000E+00   0.0000000E+00   0.0000000E+00   0.0000000E+00
   5.3410823E-04   1.8720858E+07   1.8720858E+07   7.0215666E+06   1.5774223E+05   2.2507654E+06   1.8716507E+07   1.8720858E+07   9.1397042E+06   0.0000000E+00   0.0000000E+00   0.0000000E+00   0.0000000E+00
   5.7395688E-04   1.8702778E+07   1.8702778E+07   5.7998367E+06   1.5100854E+05   2.1424791E+06   1.8697812E+07   1.8702778E+07   9.1310764E+06   0.0000000E+00   0.0000000E+00   0.0000000E+00   0.0000000E+00
   6.1677856E-04   1.8682640E+07   1.8682640E+07   4.6883372E+06   1.4380610E+05   2.0274142E+06   1.8676985E+07   1.8682640E+07   9.1214829E+06   0.0000000E+00   0.0000000E+00   0.0000000E+00   0.0000000E+00
   6.6279507E-04   1.8660293E+07   1.8660293E+07   3.7227721E+06   1.3617930E+05   1.9065034E+06   1.8653867E+07   1.8660293E+07   9.1108542E+06   0.0000000E+00   0.0000000E+00   0.0000000E+00   0.0000000E+00
   7.1224477E-04   1.8635587E+07   1.8635587E+07   2.9303401E+06   1.2819125E+05   1.7810034E+06   1.8628304E+07   1.8635587E+07   9.0991212E+06   0.0000000E+00   0.0000000E+00   0.0000000E+00   0.0000000E+00
   7.6538380E-04   1.8608376E+07   1.8608376E+07   2.3237613E+06   1.1992322E+05   1.6524780E+06   1.8600145E+07   1.8608376E+07   9.0862137E+06   0.0000000E+00   0.0000000E+00   0.0000000E+00   0.0000000E+00
   8.2248743E-04   1.8578512E+07   1.8578512E+07   1.8961177E+06   1.1147221E+05   1.5227476E+06   1.8569239E+07   1.8578512E+07   9.0720589E+06   0.0000000E+00   0.0000000E+00   0.0000000E+00   0.0000000E+00
   8.8385143E-04   1.8545844E+07   1.8545844E+07   1.6185233E+06   1.0294664E+05   1.3938007E+06   1.8535435E+07   1.8545844E+07   9.0565783E+06   0.0000000E+00   0.0000000E+00   0.0000000E+00   0.0000000E+00
   9.4979366E-04   1.8510215E+07   1.8510215E+07   1.4429332E+06   9.4460359E+04   1.2676715E+06   1.8498574E+07   1.8510215E+07   9.0396850E+06   0.0000000E+00   0.0000000E+00   0.0000000E+00   0.0000000E+00
   1.0206557E-03   1.8471450E+07   1.8471450E+07   1.3117411E+06   8.6125799E+04   1.1462911E+06   1.8458486E+07   1.8471450E+07   9.0212793E+06   0.0000000E+00   0.0000000E+00   0.0000000E+00   0.0000000E+00
   1.0968046E-03   1.8429354E+07   1.8429354E+07   1.1736236E+06   7.8047554E+04   1.0313304E+06   1.8414981E+07   1.8429354E+07   9.0012468E+06   0.0000000E+00   0.0000000E+00   0.0000000E+00   0.0000000E+00
   1.1786348E-03   1.8383705E+07   1.8383705E+07   1.0013023E+06   7.0317477E+04   9.2405694E+05   1.8367848E+07   1.8383705E+07   8.9794568E+06   0.0000000E+00   0.0000000E+00   0.0000000E+00   0.0000000E+00
   1.2665702E-03   1.8334251E+07   1.8334251E+07   8.0277738E+05   6.3011951E+04   8.2523223E+05   1.8316847E+07   1.8334251E+07   8.9557635E+06   0.0000000E+00   0.0000000E+00   0.0000000E+00   0.0000000E+00
   1.3610663E-03   1.8280711E+07   1.8280711E+07   6.1634141E+05   5.6190722E+04   7.3507844E+05   1.8261711E+07   1.8280711E+07   8.9300085E+06   0.0000000E+00   0.0000000E+00   0.0000000E+00   0.0000000E+00
   1.4626125E-03   1.8222772E+07   1.8222772E+07   4.8557884E+05   4.9895682E+04   6.5334318E+05   1.8202143E+07   1.8222772E+07   8.9020237E+06   0.0000000E+00   0.0000000E+00   0.0000000E+00   0.0000000E+00
   1.5717348E-03   1.8160091E+07   1.8160091E+07   4.2504307E+05   4.4148258E+04   5.7947724E+05   1.8137813E+07   1.8160091E+07   8.8716327E+06   0.0000000E+00   0.0000000E+00   0.0000000E+00   0.0000000E+00
   1.6889985E-03   1.8092293E+07   1.8092293E+07   4.0281644E+05   3.8946515E+04   5.1289087E+05   1.8068359E+07   1.8092293E+07   8.8386500E+06   0.0000000E+00   0.0000000E+00   0.0000000E+00   0.0000000E+00
   1.8150110E-03   1.8018971E+07   1.8018971E+07   3.6415401E+05   3.4266212E+04   4.5316644E+05   1.7993384E+07   1.8018971E+07   8.8028791E+06   0.0000000E+00   0.0000000E+00   0.0000000E+00   0.0000000E+00
   1.9504251E-03   1.7939700E+07   1.7939700E+07   2.8581037E+05   3.0069783E+04   4.0004850E+05   1.7912463E+07   1.7939700E+07   8.7641125E+06   0.0000000E+00   0.0000000E+00   0.0000000E+00   0.0000000E+00
   2.0959420E-03   1.7854036E+07   1.7854036E+07   2.0401153E+05   2.6320254E+04   3.5316236E+05   1.7825154E+07   1.7854036E+07   8.7221354E+06   0.0000000E+00   0.0000000E+00   0.0000000E+00   0.0000000E+00
   2.2523157E-03   1.7761534E+07   1.7761534E+07   1.6726516E+05   2.2988397E+04   3.1176524E+05   1.7731003E+07   1.7761534E+07   8.6767291E+06   0.0000000E+00   0.0000000E+00   0.0000000E+00   0.0000000E+00
   2.4203561E-03   1.7661736E+07   1.7661736E+07   1.6372735E+05   2.0045364E+04   2.7498693E+05   1.7629546E+07   1.7661736E+07   8.6276707E+06   0.0000000E+00   0.0000000E+00   0.0000000E+00   0.0000000E+00
   2.6009336E-03   1.7554164E+07   1.7554164E+07   1.4154665E+05   1.7452742E+04   2.4237642E+05   1.7520303E+07   1.7554164E+07   8.5747310E+06   0.0000000E+00   0.0000000E+00   0.0000000E+00   0.0000000E+00
   2.7949836E-03   1.7438332E+07   1.7438332E+07   1.0380404E+05   1.5169293E+04   2.1379319E+05   1.7402788E+07   1.7438332E+07   8.5176775E+06   0.0000000E+00   0.0000000E+00   0.0000000E+00   0.0000000E+00
   3.0035113E-03   1.7313754E+07   1.7313754E+07   9.1375379E+04   1.3164289E+04   1.8868689E+05   1.7276519E+07   1.7313754E+07   8.4562806E+06   0.0000000E+00   0.0000000E+00   0.0000000E+00   0.0000000E+00
   3.2275967E-03   1.7179942E+07   1.7179942E+07   8.2283020E+04   1.1410891E+04   1.6639834E+05   1.7141018E+07   1.7179942E+07   8.3903108E+06   0.0000000E+00   0.0000000E+00   0.0000000E+00   0.0000000E+00
   3.4684007E-03   1.7036402E+07   1.7036402E+07   5.8166176E+04   9.8772471E+03   1.4688249E+05   1.6995799E+07   1.7036402E+07   8.3195362E+06   0.0000000E+00   0.0000000E+00   0.0000000E+00   0.0000000E+00
   3.7271706E-03   1.6882644E+07   1.6882644E+07   5.5868672E+04   8.5385218E+03   1.2975039E+05   1.6840384E+07   1.6882644E+07   8.2437284E+06   0.0000000E+00   0.0000000E+00   0.0000000E+00   0.0000000E+00
   4.0052467E-03   1.6718183E+07   1.6718183E+07   4.7121203E+04   7.3736478E+03   1.1447698E+05   1.6674313E+07   1.6718183E+07   8.1626658E+06   0.0000000E+00   0.0000000E+00   0.0000000E+00   0.0000000E+00
   4.3040694E-03   1.6542546E+07   1.6542546E+07   3.4711980E+04   6.3585748E+03   1.0122720E+05   1.6497141E+07   1.6542546E+07   8.0761351E+06   0.0000000E+00   0.0000000E+00   0.0000000E+00   0.0000000E+00
   4.6251867E-03   1.6355285E+07   1.6355285E+07   3.3802027E+04   5.4774320E+03   8.9431193E+04   1.6308441E+07   1.6355285E+07   7.9839313E+06   0.0000000E+00   0.0000000E+00   0.0000000E+00   0.0000000E+00
   4.9702618E-03   1.6155970E+07   1.6155970E+07   2.5028504E+04   4.7126521E+03   7.9115187E+04   1.6107776E+07   1.6155970E+07   7.8858441E+06   0.0000000E+00   0.0000000E+00   0.0000000E+00   0.0000000E+00
   5.3410823E-03   1.5944181E+07   1.5944181E+07   2.2914214E+04   4.0503425E+03   6.9903290E+04   1.5894710E+07   1.5944181E+07   7.7816630E+06   0.0000000E+00   0.0000000E+00   0.0000000E+00   0.0000000E+00
   5.7395688E-03   1.5719495E+07   1.5719495E+07   1.8491089E+04   3.4762403E+03   6.1856970E+04   1.5668834E+07   1.5719495E+07   7.6711901E+06   0.0000000E+00   0.0000000E+00   0.0000000E+00   0.0000000E+00
   6.1677856E-03   1.5481494E+07   1.5481494E+07   1.4595580E+04   2.9798511E+03   5.4629310E+04   1.5429774E+07   1.5481494E+07   7.5542455E+06   0.0000000E+00   0.0000000E+00   0.0000000E+00   0.0000000E+00
   6.6279507E-03   1.5229782E+07   1.5229782E+07   1.4009042E+04   2.5508396E+03   4.8309337E+04   1.5177157E+07   1.5229782E+07   7.4306479E+06   0.0000000E+00   0.0000000E+00   0.0000000E+00   0.0000000E+00
   7.1224477E-03   1.4963998E+07   1.4963998E+07   1.1011978E+04   2.1806555E+03   4.2707047E+04   1.4910600E+07   1.4963998E+07   7.3002126E+06   0.0000000E+00   0.0000000E+00   0.0000000E+00   0.0000000E+00
   7.6538380E-03   1.4683786E+07   1.4683786E+07   8.1584437E+03   1.8614559E+03   3.7697039E+04   1.4629757E+07   1.4683786E+07   7.1627711E+06   0.0000000E+00   0.0000000E+00   0.0000000E+00   0.0000000E+00
   8.2248743E-03   1.4388792E+07   1.4388792E+07   7.1085875E+03   1.5865187E+03   3.3237327E+04   1.4334295E+07   1.4388792E+07   7.0181622E+06   0.0000000E+00   0.0000000E+00   0.0000000E+00   0.0000000E+00
   8.8385143E-03   1.4078669E+07   1.4078669E+07   6.2594315E+03   1.3499451E+03   2.9294176E+04   1.4023875E+07   1.4078669E+07   6.8662211E+06   0.0000000E+00   0.0000000E+00   0.0000000E+00   0.0000000E+00
   9.4979366E-03   1.3753103E+07   1.3753103E+07   5.2852932E+03   1.1466508E+03   2.5781923E+04   1.3698179E+07   1.3753103E+07   6.7067934E+06   0.0000000E+00   0.0000000E+00   0.0000000E+00   0.0000000E+00
   1.0206557E-02   1.3411793E+07   1.3411793E+07   4.3915724E+03   9.7210590E+02   2.2658125E+04   1.3356918E+07   1.3411793E+07   6.5397386E+06   0.0000000E+00   0.0000000E+00   0.0000000E+00   0.0000000E+00
   1.0968046E-02   1.3054464E+07   1.3054464E+07   3.4330377E+03   8.2248120E+02   1.9887287E+04   1.2999828E+07   1.3054464E+07   6.3649281E+06   0.0000000E+00   0.0000000E+00   0.0000000E+00   0.0000000E+00
   1.1786348E-02   1.2680892E+07   1.2680892E+07   2.7602341E+03   6.9436817E+02   1.7420719E+04   1.2626673E+07   1.2680892E+07   6.1822470E+06   0.0000000E+00   0.0000000E+00   0.0000000E+00   0.0000000E+00
   1.2665702E-02   1.2290912E+07   1.2290912E+07   2.6204875E+03   5.8483664E+02   1.5222473E+04   1.2237305E+07   1.2290912E+07   5.9916235E+06   0.0000000E+00   0.0000000E+00   0.0000000E+00   0.0000000E+00
   1.3610663E-02   1.1884453E+07   1.1884453E+07   2.1244674E+03   4.9134847E+02   1.3248829E+04   1.1831643E+07   1.1884453E+07   5.7930191E+06   0.0000000E+00   0.0000000E+00   0.0000000E+00   0.0000000E+00
   1.4626125E-02   1.1461584E+07   1.1461584E+07   1.6599482E+03   4.1165570E+02   1.1522386E+04   1.1409763E+07   1.1461584E+07   5.5864706E+06   0.0000000E+00   0.0000000E+00   0.0000000E+00   0.0000000E+00
   1.5717348E-02   1.1022561E+07   1.1022561E+07   1.4171782E+03   3.4388022E+02   9.9665271E+03   1.0971913E+07   1.1022561E+07   5.3721002E+06   0.0000000E+00   0.0000000E+00   0.0000000E+00   0.0000000E+00
   1.6889985E-02   1.0567907E+07   1.0567907E+07   1.2460054E+03   2.8633383E+02   8.6068971E+03   1.0518616E+07   1.0567907E+07   5.1501643E+06   0.0000000E+00   0.0000000E+00   0.0000000E+00   0.0000000E+00
   1.8150110E-02   1.0098492E+07   1.0098492E+07   9.5757882E+02   2.3759454E+02   7.3998158E+03   1.0050731E+07   1.0098492E+07   4.9210840E+06   0.0000000E+00   0.0000000E+00   0.0000000E+00   0.0000000E+00
   1.9504249E-02   9.6156448E+06   9.6156448E+06   7.6834897E+02   1.9642698E+02   6.3330752E+03   9.5695778E+06   9.6156448E+06   4.6855057E+06   0.0000000E+00   0.0000000E+00   0.0000000E+00   0.0000000E+00
   2.0959411E-02   9.1212694E+06   9.1212694E+06   6.5321197E+02   1.6175596E+02   5.3962318E+03   9.0770490E+06   9.1212694E+06   4.4443562E+06   0.0000000E+00   0.0000000E+00   0.0000000E+00   0.0000000E+00
   2.2523104E-02   8.6179792E+06   8.6179792E+06   5.5682430E+02   1.3265825E+02   4.5727274E+03   8.5757388E+06   8.6179792E+06   4.1989059E+06   0.0000000E+00   0.0000000E+00   0.0000000E+00   0.0000000E+00
   2.4203305E-02   8.1092373E+06   8.1092373E+06   3.8895370E+02   1.0833708E+02   3.8596587E+03   8.0690876E+06   8.1092373E+06   3.9508395E+06   0.0000000E+00   0.0000000E+00   0.0000000E+00   0.0000000E+00
   2.6008267E-02   7.5995076E+06   7.5995076E+06   3.5484475E+02   8.8107710E+01   3.2389626E+03   7.5615317E+06   7.5995076E+06   3.7023294E+06   0.0000000E+00   0.0000000E+00   0.0000000E+00   0.0000000E+00
   2.7945925E-02   7.0944229E+06   7.0944229E+06   2.9521626E+02   7.1379903E+01   2.7085431E+03   7.0586692E+06   7.0944229E+06   3.4561165E+06   0.0000000E+00   0.0000000E+00   0.0000000E+00   0.0000000E+00
   3.0022444E-02   6.6009560E+06   6.6009560E+06   2.3668296E+02   5.7650241E+01   2.2543540E+03   6.5674308E+06   6.6009560E+06   3.2155946E+06   0.0000000E+00   0.0000000E+00   0.0000000E+00   0.0000000E+00
   3.2239417E-02   6.1274979E+06   6.1274979E+06   1.7242863E+02   4.6486131E+01   1.8707175E+03   6.0961577E+06   6.1274979E+06   2.9848477E+06   0.0000000E+00   0.0000000E+00   0.0000000E+00   0.0000000E+00
   3.4589648E-02   5.6835632E+06   5.6835632E+06   1.3870725E+02   3.7514914E+01   1.5549946E+03   5.6543085E+06   5.6835632E+06   2.7685072E+06   0.0000000E+00   0.0000000E+00   0.0000000E+00   0.0000000E+00
   3.7053094E-02   5.2786956E+06   5.2786956E+06   1.0881507E+02   3.0405279E+01   1.2921658E+03   5.2513706E+06   5.2786956E+06   2.5712184E+06   0.0000000E+00   0.0000000E+00   0.0000000E+00   0.0000000E+00
   3.9596622E-02   4.9204098E+06   4.9204098E+06   1.0102928E+02   2.4847150E+01   1.0832811E+03   4.8948120E+06   4.9204098E+06   2.3966380E+06   0.0000000E+00   0.0000000E+00   0.0000000E+00   0.0000000E+00
   4.2180650E-02   4.6119431E+06   4.6119431E+06   7.8596921E+01   2.0544636E+01   9.1761951E+02   4.5878453E+06   4.6119431E+06   2.2463391E+06   0.0000000E+00   0.0000000E+00   0.0000000E+00   0.0000000E+00
   4.4770147E-02   4.3513274E+06   4.3513274E+06   5.8426606E+01   1.7221395E+01   7.8522482E+02   4.3285054E+06   4.3513274E+06   2.1193593E+06   0.0000000E+00   0.0000000E+00   0.0000000E+00   0.0000000E+00
   4.7342713E-02   4.1324517E+06   4.1324517E+06   5.1350295E+01   1.4637024E+01   6.7945852E+02   4.1107069E+06   4.1324517E+06   2.0127193E+06   0.0000000E+00   0.0000000E+00   0.0000000E+00   0.0000000E+00
   4.9889655E-02   3.9471641E+06   3.9471641E+06   4.9370954E+01   1.2597806E+01   5.9545370E+02   3.9263354E+06   3.9471641E+06   1.9224460E+06   0.0000000E+00   0.0000000E+00   0.0000000E+00   0.0000000E+00
   5.2412354E-02   3.7870889E+06   3.7870889E+06   3.9215686E+01   1.0957438E+01   5.2678632E+02   3.7670552E+06   3.7870889E+06   1.8444581E+06   0.0000000E+00   0.0000000E+00   0.0000000E+00   0.0000000E+00
   5.4917830E-02   3.6446491E+06   3.6446491E+06   3.4177171E+01   9.6098333E+00   4.6825795E+02   3.6253266E+06   3.6446491E+06   1.7750639E+06   0.0000000E+00   0.0000000E+00   0.0000000E+00   0.0000000E+00
   5.7415509E-02   3.5134594E+06   3.5134594E+06   3.2666506E+01   8.4792925E+00   4.1925927E+02   3.4947961E+06   3.5134594E+06   1.7111526E+06   0.0000000E+00   0.0000000E+00   0.0000000E+00   0.0000000E+00
   5.9915366E-02   3.3883966E+06   3.3883966E+06   2.5598367E+01   7.5124562E+00   3.7634338E+02   3.3703661E+06   3.3883966E+06   1.6502282E+06   0.0000000E+00   0.0000000E+00   0.0000000E+00   0.0000000E+00
   6.2427044E-02   3.2655515E+06   3.2655515E+06   2.3869996E+01   6.6718602E+00   3.3774609E+02   3.2481470E+06   3.2655515E+06   1.5903863E+06   0.0000000E+00   0.0000000E+00   0.0000000E+00   0.0000000E+00
   6.4959508E-02   3.1421555E+06   3.1421555E+06   2.3282145E+01   5.9312102E+00   3.0406514E+02   3.1253845E+06   3.1421555E+06   1.5302784E+06   0.0000000E+00   0.0000000E+00   0.0000000E+00   0.0000000E+00
   6.7520973E-02   3.0165131E+06   3.0165131E+06   1.8620346E+01   5.2721724E+00   2.7348343E+02   3.0003913E+06   3.0165131E+06   1.4690782E+06   0.0000000E+00   0.0000000E+00   0.0000000E+00   0.0000000E+00
   7.0118960E-02   2.8879348E+06   2.8879348E+06   1.5257438E+01   4.6820606E+00   2.4508371E+02   2.8724814E+06   2.8879348E+06   1.4064498E+06   0.0000000E+00   0.0000000E+00   0.0000000E+00   0.0000000E+00
   7.2760383E-02   2.7566620E+06   2.7566620E+06   1.4028403E+01   4.1521411E+00   2.1923590E+02   2.7418944E+06   2.7566620E+06   1.3425108E+06   0.0000000E+00   0.0000000E+00   0.0000000E+00   0.0000000E+00
   7.5451658E-02   2.6237669E+06   2.6237669E+06   1.2916249E+01   3.6763722E+00   1.9588535E+02   2.6096964E+06   2.6237669E+06   1.2777829E+06   0.0000000E+00   0.0000000E+00   0.0000000E+00   0.0000000E+00
   7.8198797E-02   2.4910150E+06   2.4910150E+06   1.1342689E+01   3.2505627E+00   1.7478342E+02   2.4776435E+06   2.4910150E+06   1.2131260E+06   0.0000000E+00   0.0000000E+00   0.0000000E+00   0.0000000E+00
   8.1007493E-02   2.3606835E+06   2.3606835E+06   9.5797440E+00   2.8715398E+00   1.5582926E+02   2.3480000E+06   2.3606835E+06   1.1496488E+06   0.0000000E+00   0.0000000E+00   0.0000000E+00   0.0000000E+00
   8.3883195E-02   2.2353302E+06   2.2353302E+06   8.4964038E+00   2.5366235E+00   1.3903038E+02   2.2233101E+06   2.2353302E+06   1.0885971E+06   0.0000000E+00   0.0000000E+00   0.0000000E+00   0.0000000E+00
   8.6831167E-02   2.1175230E+06   2.1175230E+06   8.4026670E+00   2.2432011E+00   1.2395563E+02   2.1061273E+06   2.1175230E+06   1.0312210E+06   0.0000000E+00   0.0000000E+00   0.0000000E+00   0.0000000E+00
   8.9856535E-02   2.0095406E+06   2.0095406E+06   7.0946246E+00   1.9883953E+00   1.1054630E+02   1.9987179E+06   2.0095406E+06   9.7863027E+05   0.0000000E+00   0.0000000E+00   0.0000000E+00   0.0000000E+00
   9.2964331E-02   1.9130733E+06   1.9130733E+06   6.2899414E+00   1.7688826E+00   9.9327035E+01   1.9027629E+06   1.9130733E+06   9.3164795E+05   0.0000000E+00   0.0000000E+00   0.0000000E+00   0.0000000E+00
   9.6159527E-02   1.8289557E+06   1.8289557E+06   5.2521770E+00   1.5808757E+00   8.9260804E+01   1.8190921E+06   1.8289557E+06   8.9068033E+05   0.0000000E+00   0.0000000E+00   0.0000000E+00   0.0000000E+00
   9.9447056E-02   1.7569724E+06   1.7569724E+06   5.1441954E+00   1.4201041E+00   8.0719690E+01   1.7474911E+06   1.7569724E+06   8.5562241E+05   0.0000000E+00   0.0000000E+00   0.0000000E+00   0.0000000E+00
   1.0283184E-01   1.6957789E+06   1.6957789E+06   4.7541128E+00   1.2820269E+00   7.3406874E+01   1.6866225E+06   1.6957789E+06   8.2581936E+05   0.0000000E+00   0.0000000E+00   0.0000000E+00   0.0000000E+00
   1.0631881E-01   1.6429734E+06   1.6429734E+06   4.1077092E+00   1.1620536E+00   6.6991065E+01   1.6340972E+06   1.6429734E+06   8.0010147E+05   0.0000000E+00   0.0000000E+00   0.0000000E+00   0.0000000E+00
   1.0991291E-01   1.5953402E+06   1.5953402E+06   3.4676390E+00   1.0558442E+00   6.1387781E+01   1.5867168E+06   1.5953402E+06   7.7690269E+05   0.0000000E+00   0.0000000E+00   0.0000000E+00   0.0000000E+00
   1.1361911E-01   1.5492600E+06   1.5492600E+06   3.6209950E+00   9.5960817E-01   5.6187602E+01   1.5408816E+06   1.5492600E+06   7.5446045E+05   0.0000000E+00   0.0000000E+00   0.0000000E+00   0.0000000E+00
   1.1744243E-01   1.5012493E+06   1.5012493E+06   2.8823506E+00   8.7038361E-01   5.1279508E+01   1.4931267E+06   1.5012493E+06   7.3107828E+05   0.0000000E+00   0.0000000E+00   0.0000000E+00   0.0000000E+00
   1.2138793E-01   1.4485530E+06   1.4485530E+06   2.7565732E+00   7.8620838E-01   4.6539481E+01   1.4407122E+06   1.4485530E+06   7.0541460E+05   0.0000000E+00   0.0000000E+00   0.0000000E+00   0.0000000E+00
   1.2546071E-01   1.3896838E+06   1.3896838E+06   2.5673804E+00   7.0617656E-01   4.2072600E+01   1.3821585E+06   1.3896838E+06   6.7674500E+05   0.0000000E+00   0.0000000E+00   0.0000000E+00   0.0000000E+00
   1.2966596E-01   1.3247800E+06   1.3247800E+06   2.2323586E+00   6.3034151E-01   3.7763813E+01   1.3176033E+06   1.3247800E+06   6.4513692E+05   0.0000000E+00   0.0000000E+00   0.0000000E+00   0.0000000E+00
   1.3400889E-01   1.2556676E+06   1.2556676E+06   1.8668081E+00   5.5946418E-01   3.3783962E+01   1.2488628E+06   1.2556676E+06   6.1147958E+05   0.0000000E+00   0.0000000E+00   0.0000000E+00   0.0000000E+00
   1.3849482E-01   1.1855503E+06   1.1855503E+06   1.8084295E+00   4.9465482E-01   2.9974187E+01   1.1791232E+06   1.1855503E+06   5.7733305E+05   0.0000000E+00   0.0000000E+00   0.0000000E+00   0.0000000E+00
   1.4312910E-01   1.1183330E+06   1.1183330E+06   1.6262365E+00   4.3696079E-01   2.6673488E+01   1.1122683E+06   1.1183330E+06   5.4459896E+05   0.0000000E+00   0.0000000E+00   0.0000000E+00   0.0000000E+00
   1.4791719E-01   1.0576878E+06   1.0576878E+06   1.4382210E+00   3.8700143E-01   2.3748098E+01   1.0519502E+06   1.0576878E+06   5.1506546E+05   0.0000000E+00   0.0000000E+00   0.0000000E+00   0.0000000E+00
   1.5286462E-01   1.0060737E+06   1.0060737E+06   1.2435620E+00   3.4470856E-01   2.1226044E+01   1.0006145E+06   1.0060737E+06   4.8993003E+05   0.0000000E+00   0.0000000E+00   0.0000000E+00   0.0000000E+00
   1.5797701E-01   9.6399063E+05   9.6399063E+05   1.0474697E+00   3.0927283E-01   1.9184436E+01   9.5875830E+05   9.6399063E+05   4.6943600E+05   0.0000000E+00   0.0000000E+00   0.0000000E+00   0.0000000E+00
   1.6326011E-01   9.2973840E+05   9.2973840E+05   9.8575574E-01   2.7929417E-01   1.7378440E+01   9.2469066E+05   9.2973840E+05   4.5275549E+05   0.0000000E+00   0.0000000E+00   0.0000000E+00   0.0000000E+00
   1.6871975E-01   8.9984520E+05   8.9984520E+05   9.0401351E-01   2.5310136E-01   1.5825343E+01   8.9495854E+05   8.9984520E+05   4.3819778E+05   0.0000000E+00   0.0000000E+00   0.0000000E+00   0.0000000E+00
   1.7436193E-01   8.7012399E+05   8.7012399E+05   7.6861209E-01   2.2915998E-01   1.4412658E+01   8.6539763E+05   8.7012399E+05   4.2372391E+05   0.0000000E+00   0.0000000E+00   0.0000000E+00   0.0000000E+00
   1.8019278E-01   8.3707067E+05   8.3707067E+05   7.5692121E-01   2.0642665E-01   1.3048868E+01   8.3252283E+05   8.3707067E+05   4.0762745E+05   0.0000000E+00   0.0000000E+00   0.0000000E+00   0.0000000E+00
   1.8621861E-01   7.9911901E+05   7.9911901E+05   6.5862279E-01   1.8453528E-01   1.1731874E+01   7.9477646E+05   7.9911901E+05   3.8914573E+05   0.0000000E+00   0.0000000E+00   0.0000000E+00   0.0000000E+00
   1.9244597E-01   7.5722831E+05   7.5722831E+05   5.9045021E-01   1.6374731E-01   1.0451956E+01   7.5311259E+05   7.5722831E+05   3.6874589E+05   0.0000000E+00   0.0000000E+00   0.0000000E+00   0.0000000E+00
   1.9888159E-01   7.1446894E+05   7.1446894E+05   5.1334368E-01   1.4468218E-01   9.2588089E+00   7.1058491E+05   7.1446894E+05   3.4792309E+05   0.0000000E+00   0.0000000E+00   0.0000000E+00   0.0000000E+00
   2.0553254E-01   6.7467077E+05   6.7467077E+05   4.6142568E-01   1.2793786E-01   8.2351462E+00   6.7100244E+05   6.7467077E+05   3.2854237E+05   0.0000000E+00   0.0000000E+00   0.0000000E+00   0.0000000E+00
   2.1240618E-01   6.4066478E+05   6.4066478E+05   4.1180399E-01   1.1376075E-01   7.3498886E+00   6.3718077E+05   6.4066478E+05   3.1198229E+05   0.0000000E+00   0.0000000E+00   0.0000000E+00   0.0000000E+00
   2.1951024E-01   6.1294445E+05   6.1294445E+05   3.4939401E-01   1.0190947E-01   6.6030653E+00   6.0961067E+05   6.1294445E+05   2.9848317E+05   0.0000000E+00   0.0000000E+00   0.0000000E+00   0.0000000E+00
   2.2685290E-01   5.8948055E+05   5.8948055E+05   3.2955436E-01   9.1765512E-02   5.9715111E+00   5.8627392E+05   5.8948055E+05   2.8705681E+05   0.0000000E+00   0.0000000E+00   0.0000000E+00   0.0000000E+00
   2.3444285E-01   5.6688469E+05   5.6688469E+05   2.9483407E-01   8.2626210E-02   5.3999551E+00   5.6380055E+05   5.6688469E+05   2.7605320E+05   0.0000000E+00   0.0000000E+00   0.0000000E+00   0.0000000E+00
   2.4228935E-01   5.4234915E+05   5.4234915E+05   2.5234400E-01   7.4015050E-02   4.8555179E+00   5.3939811E+05   5.4234915E+05   2.6410505E+05   0.0000000E+00   0.0000000E+00   0.0000000E+00   0.0000000E+00
   2.5040234E-01   5.1523584E+05   5.1523584E+05   2.2587517E-01   6.5836554E-02   4.3319743E+00   5.1243198E+05   5.1523584E+05   2.5090165E+05   0.0000000E+00   0.0000000E+00   0.0000000E+00   0.0000000E+00
   2.5879253E-01   4.8728348E+05   4.8728348E+05   2.0169938E-01   5.8298035E-02   3.8556337E+00   4.8463143E+05   4.8728348E+05   2.3728969E+05   0.0000000E+00   0.0000000E+00   0.0000000E+00   0.0000000E+00
   2.6747152E-01   4.6123706E+05   4.6123706E+05   1.8013847E-01   5.1662188E-02   3.4232835E+00   4.5872649E+05   4.6123706E+05   2.2460587E+05   0.0000000E+00   0.0000000E+00   0.0000000E+00   0.0000000E+00
   2.7645197E-01   4.3882073E+05   4.3882073E+05   1.5911785E-01   4.6011040E-02   3.0588981E+00   4.3643193E+05   4.3882073E+05   2.1368981E+05   0.0000000E+00   0.0000000E+00   0.0000000E+00   0.0000000E+00
   2.8574771E-01   4.1955102E+05   4.1955102E+05   1.4602552E-01   4.1175116E-02   2.7486560E+00   4.1726690E+05   4.1955102E+05   2.0430605E+05   0.0000000E+00   0.0000000E+00   0.0000000E+00   0.0000000E+00
   2.9537394E-01   4.0132998E+05   4.0132998E+05   1.3053859E-01   3.6861468E-02   2.4679498E+00   3.9914485E+05   4.0132998E+05   1.9543297E+05   0.0000000E+00   0.0000000E+00   0.0000000E+00   0.0000000E+00
   3.0534748E-01   3.8232454E+05   3.8232454E+05   1.1359080E-01   3.2860299E-02   2.2067321E+00   3.8024271E+05   3.8232454E+05   1.8617793E+05   0.0000000E+00   0.0000000E+00   0.0000000E+00   0.0000000E+00
   3.1568699E-01   3.6247584E+05   3.6247584E+05   1.0082066E-01   2.9148355E-02   1.9670318E+00   3.6050194E+05   3.6247584E+05   1.7651227E+05   0.0000000E+00   0.0000000E+00   0.0000000E+00   0.0000000E+00
   3.2641330E-01   3.4325650E+05   3.4325650E+05   8.9633411E-02   2.5819616E-02   1.7431210E+00   3.4138711E+05   3.4325650E+05   1.6715309E+05   0.0000000E+00   0.0000000E+00   0.0000000E+00   0.0000000E+00
   3.3754973E-01   3.2597273E+05   3.2597273E+05   7.9409666E-02   2.2928793E-02   1.5552328E+00   3.2419735E+05   3.2597273E+05   1.5873648E+05   0.0000000E+00   0.0000000E+00   0.0000000E+00   0.0000000E+00
   3.4912259E-01   3.1042319E+05   3.1042319E+05   7.0737665E-02   2.0411623E-02   1.3862073E+00   3.0873237E+05   3.1042319E+05   1.5116438E+05   0.0000000E+00   0.0000000E+00   0.0000000E+00   0.0000000E+00
   3.6116167E-01   2.9535104E+05   2.9535104E+05   6.3667324E-02   1.8147560E-02   1.2365602E+00   2.9374222E+05   2.9535104E+05   1.4382477E+05   0.0000000E+00   0.0000000E+00   0.0000000E+00   0.0000000E+00
   3.7370090E-01   2.8004415E+05   2.8004415E+05   5.5960968E-02   1.6072274E-02   1.0980603E+00   2.7851861E+05   2.8004415E+05   1.3637084E+05   0.0000000E+00   0.0000000E+00   0.0000000E+00   0.0000000E+00
   3.8677916E-01   2.6504057E+05   2.6504057E+05   4.9315674E-02   1.4200293E-02   9.7290006E-01   2.6359668E+05   2.6504057E+05   1.2906463E+05   0.0000000E+00   0.0000000E+00   0.0000000E+00   0.0000000E+00
   4.0044124E-01   2.5111519E+05   2.5111519E+05   4.3602504E-02   1.2551949E-02   8.6243193E-01   2.4974709E+05   2.5111519E+05   1.2228346E+05   0.0000000E+00   0.0000000E+00   0.0000000E+00   0.0000000E+00
   4.1473911E-01   2.3812304E+05   2.3812304E+05   3.8709430E-02   1.1096119E-02   7.6441253E-01   2.3682565E+05   2.3812304E+05   1.1595675E+05   0.0000000E+00   0.0000000E+00   0.0000000E+00   0.0000000E+00
   4.2973348E-01   2.2539698E+05   2.2539698E+05   3.4132738E-02   9.7831366E-03   6.7594932E-01   2.2416887E+05   2.2539698E+05   1.0975962E+05   0.0000000E+00   0.0000000E+00   0.0000000E+00   0.0000000E+00
   4.4549576E-01   2.1286556E+05   2.1286556E+05   2.9965904E-02   8.5971688E-03   5.9544740E-01   2.1170567E+05   2.1286556E+05   1.0365728E+05   0.0000000E+00   0.0000000E+00   0.0000000E+00   0.0000000E+00
   4.6211057E-01   2.0094202E+05   2.0094202E+05   2.6222709E-02   7.5426557E-03   5.2342803E-01   1.9984706E+05   2.0094202E+05   9.7850953E+04   0.0000000E+00   0.0000000E+00   0.0000000E+00   0.0000000E+00
   4.7967901E-01   1.8959978E+05   1.8959978E+05   2.3001344E-02   6.6052008E-03   4.5950638E-01   1.8856658E+05   1.8959978E+05   9.2327704E+04   0.0000000E+00   0.0000000E+00   0.0000000E+00   0.0000000E+00
   4.9832280E-01   1.7851459E+05   1.7851459E+05   2.0049436E-02   5.7624439E-03   4.0165338E-01   1.7754176E+05   1.7851459E+05   8.6929629E+04   0.0000000E+00   0.0000000E+00   0.0000000E+00   0.0000000E+00
   5.1818970E-01   1.6774662E+05   1.6774662E+05   1.7419721E-02   5.0076918E-03   3.5008116E-01   1.6683244E+05   1.6774662E+05   8.1686031E+04   0.0000000E+00   0.0000000E+00   0.0000000E+00   0.0000000E+00
   5.3946034E-01   1.5739637E+05   1.5739637E+05   1.5072684E-02   4.3355348E-03   3.0372358E-01   1.5653856E+05   1.5739637E+05   7.6645850E+04   0.0000000E+00   0.0000000E+00   0.0000000E+00   0.0000000E+00
   5.6235714E-01   1.4730329E+05   1.4730329E+05   1.2975331E-02   3.7338752E-03   2.6245605E-01   1.4650046E+05   1.4730329E+05   7.1730902E+04   0.0000000E+00   0.0000000E+00   0.0000000E+00   0.0000000E+00
   5.8715517E-01   1.3746826E+05   1.3746826E+05   1.1110207E-02   3.1964850E-03   2.2518558E-01   1.3671901E+05   1.3746826E+05   6.6941618E+04   0.0000000E+00   0.0000000E+00   0.0000000E+00   0.0000000E+00
   6.1419519E-01   1.2789567E+05   1.2789567E+05   9.4424971E-03   2.7178502E-03   1.9186984E-01   1.2719857E+05   1.2789567E+05   6.2280135E+04   0.0000000E+00   0.0000000E+00   0.0000000E+00   0.0000000E+00
   6.4389761E-01   1.1852336E+05   1.1852336E+05   7.9613142E-03   2.2916966E-03   1.6208887E-01   1.1787732E+05   1.1852336E+05   5.7716178E+04   0.0000000E+00   0.0000000E+00   0.0000000E+00   0.0000000E+00
   6.7677429E-01   1.0936209E+05   1.0936209E+05   6.6483355E-03   1.9141258E-03   1.3576962E-01   1.0876598E+05   1.0936209E+05   5.3254997E+04   0.0000000E+00   0.0000000E+00   0.0000000E+00   0.0000000E+00
   7.1343093E-01   1.0039461E+05   1.0039461E+05   5.4910864E-03   1.5812565E-03   1.1247044E-01   9.9847358E+04   1.0039461E+05   4.8888182E+04   0.0000000E+00   0.0000000E+00   0.0000000E+00   0.0000000E+00
   7.5454778E-01   9.1643097E+04   9.1643097E+04   4.4797547E-03   1.2904122E-03   9.1952715E-02   9.1143535E+04   9.1643097E+04   4.4626536E+04   0.0000000E+00   0.0000000E+00   0.0000000E+00   0.0000000E+00
   8.0082235E-01   8.3148893E+04   8.3148893E+04   3.6103331E-03   1.0394179E-03   7.4256458E-02   8.2695623E+04   8.3148893E+04   4.0490192E+04   0.0000000E+00   0.0000000E+00   0.0000000E+00   0.0000000E+00
   8.5286846E-01   7.4986786E+04   7.4986786E+04   2.8694407E-03   8.2647666E-04   5.9202121E-02   7.4578000E+04   7.4986786E+04   3.6515566E+04   0.0000000E+00   0.0000000E+00   0.0000000E+00   0.0000000E+00
   9.1110057E-01   6.7255902E+04   6.7255902E+04   2.2540249E-03   6.4955082E-04   4.6639438E-02   6.6889252E+04   6.7255902E+04   3.2750931E+04   0.0000000E+00   0.0000000E+00   0.0000000E+00   0.0000000E+00
   9.7567756E-01   6.0054010E+04   6.0054010E+04   1.7548158E-03   5.0576531E-04   3.6402556E-02   5.9726615E+04   6.0054010E+04   2.9243895E+04   0.0000000E+00   0.0000000E+00   0.0000000E+00   0.0000000E+00
   1.0465685E+00   5.3450457E+04   5.3450457E+04   1.3571645E-03   3.9123772E-04   2.8223447E-02   5.3159058E+04   5.3450457E+04   2.6028227E+04   0.0000000E+00   0.0000000E+00   0.0000000E+00   0.0000000E+00
   1.1237075E+00   4.7473355E+04   4.7473355E+04   1.0443748E-03   3.0141969E-04   2.1789411E-02   4.7214537E+04   4.7473355E+04   2.3117616E+04   0.0000000E+00   0.0000000E+00   0.0000000E+00   0.0000000E+00
   1.2071311E+00   4.2110782E+04   4.2110782E+04   8.0417184E-04   2.3169531E-04   1.6782622E-02   4.1881196E+04   4.2110782E+04   2.0506257E+04   0.0000000E+00   0.0000000E+00   0.0000000E+00   0.0000000E+00
   1.2970322E+00   3.7322977E+04   3.7322977E+04   6.1696716E-04   1.7787383E-04   1.2914295E-02   3.7119492E+04   3.7322977E+04   1.8174787E+04   0.0000000E+00   0.0000000E+00   0.0000000E+00   0.0000000E+00
   1.3937463E+00   3.3060415E+04   3.3060415E+04   4.7317684E-04   1.3645294E-04   9.9315537E-03   3.2880168E+04   3.3060415E+04   1.6099090E+04   0.0000000E+00   0.0000000E+00   0.0000000E+00   0.0000000E+00
   1.4977143E+00   2.9270821E+04   2.9270821E+04   3.6269755E-04   1.0462219E-04   7.6275698E-03   2.9111233E+04   2.9270821E+04   1.4253710E+04   0.0000000E+00   0.0000000E+00   0.0000000E+00   0.0000000E+00
   1.6094513E+00   2.5904460E+04   2.5904460E+04   2.7805612E-04   8.0181029E-05   5.8496070E-03   2.5763224E+04   2.5904460E+04   1.2614427E+04   0.0000000E+00   0.0000000E+00   0.0000000E+00   0.0000000E+00
   1.7295281E+00   2.2916058E+04   2.2916058E+04   2.1292373E-04   6.1424760E-05   4.4873453E-03   2.2791115E+04   2.2916058E+04   1.1159196E+04   0.0000000E+00   0.0000000E+00   0.0000000E+00   0.0000000E+00
   1.8585642E+00   2.0264490E+04   2.0264490E+04   1.6302388E-04   4.7037645E-05   3.4443773E-03   2.0154004E+04   2.0264490E+04   9.8679887E+03   0.0000000E+00   0.0000000E+00   0.0000000E+00   0.0000000E+00
   1.9972277E+00   1.7912974E+04   1.7912974E+04   1.2478044E-04   3.6006846E-05   2.6378804E-03   1.7815308E+04   1.7912974E+04   8.7228949E+03   0.0000000E+00   0.0000000E+00   0.0000000E+00   0.0000000E+00
   2.1462365E+00   1.5828575E+04   1.5828575E+04   9.5471360E-05   2.7552908E-05   2.0200625E-03   1.5742273E+04   1.5828575E+04   7.7078766E+03   0.0000000E+00   0.0000000E+00   0.0000000E+00   0.0000000E+00
   2.3063625E+00   1.3981747E+04   1.3981747E+04   7.2916189E-05   2.1076424E-05   1.5459567E-03   1.3905514E+04   1.3981747E+04   6.8085456E+03   0.0000000E+00   0.0000000E+00   0.0000000E+00   0.0000000E+00
   2.4784352E+00   1.2346158E+04   1.2346158E+04   5.5855781E-05   1.6116759E-05   1.1851303E-03   1.2278843E+04   1.2346158E+04   6.0120800E+03   0.0000000E+00   0.0000000E+00   0.0000000E+00   0.0000000E+00
   2.6633459E+00   1.0898268E+04   1.0898268E+04   4.2691122E-05   1.2320128E-05   9.0621134E-04   1.0838847E+04   1.0898268E+04   5.3070159E+03   0.0000000E+00   0.0000000E+00   0.0000000E+00   0.0000000E+00
   2.8620523E+00   9.6170608E+03   9.6170608E+03   3.2619542E-05   9.4148646E-06   6.9351047E-04   9.5646252E+03   9.6170608E+03   4.6831198E+03   0.0000000E+00   0.0000000E+00   0.0000000E+00   0.0000000E+00
   3.0755838E+00   8.4838022E+03   8.4838022E+03   2.4919316E-05   7.1924716E-06   5.3104731E-04   8.4375454E+03   8.4838022E+03   4.1312686E+03   0.0000000E+00   0.0000000E+00   0.0000000E+00   0.0000000E+00
   3.3050465E+00   7.4817967E+03   7.4817967E+03   1.9031287E-05   5.4930334E-06   4.0411118E-04   7.4410031E+03   7.4817967E+03   3.6433324E+03   0.0000000E+00   0.0000000E+00   0.0000000E+00   0.0000000E+00
   3.5516288E+00   6.5961758E+03   6.5961758E+03   1.4526475E-05   4.1939109E-06   3.0961390E-04   6.5602109E+03   6.5961758E+03   3.2120708E+03   0.0000000E+00   0.0000000E+00   0.0000000E+00   0.0000000E+00
   3.8166081E+00   5.8137064E+03   5.8137064E+03   1.1090507E-05   3.2011391E-06   2.3586180E-04   5.7820078E+03   5.8137064E+03   2.8310398E+03   0.0000000E+00   0.0000000E+00   0.0000000E+00   0.0000000E+00
   4.1013570E+00   5.1226180E+03   5.1226180E+03   8.4612739E-06   2.4427079E-06   1.7955965E-04   5.0946875E+03   5.1226180E+03   2.4945078E+03   0.0000000E+00   0.0000000E+00   0.0000000E+00   0.0000000E+00
   4.4073503E+00   4.5124478E+03   4.5124478E+03   6.4542066E-06   1.8634763E-06   1.3751084E-04   4.4878441E+03   4.5124478E+03   2.1973795E+03   0.0000000E+00   0.0000000E+00   0.0000000E+00   0.0000000E+00
   4.7361731E+00   3.9738999E+03   3.9738999E+03   4.9220940E-06   1.4212338E-06   1.0550104E-04   3.9522326E+03   3.9738999E+03   1.9351285E+03   0.0000000E+00   0.0000000E+00   0.0000000E+00   0.0000000E+00
   5.0895287E+00   3.4987206E+03   3.4987206E+03   3.7527116E-06   1.0836789E-06   8.0470225E-05   3.4796441E+03   3.4987206E+03   1.7037354E+03   0.0000000E+00   0.0000000E+00   0.0000000E+00   0.0000000E+00
   5.4692474E+00   3.0795846E+03   3.0795846E+03   2.8614071E-06   8.2610117E-07   6.1080962E-05   3.0627934E+03   3.0795846E+03   1.4996331E+03   0.0000000E+00   0.0000000E+00   0.0000000E+00   0.0000000E+00
   5.8772961E+00   2.7099945E+03   2.7099945E+03   2.1788274E-06   6.2960251E-07   4.6587429E-05   2.6952185E+03   2.7099945E+03   1.3196577E+03   0.0000000E+00   0.0000000E+00   0.0000000E+00   0.0000000E+00
   6.3157884E+00   2.3841895E+03   2.3841895E+03   1.6608023E-06   4.7973883E-07   3.5206085E-05   2.3711899E+03   2.3841895E+03   1.1610038E+03   0.0000000E+00   0.0000000E+00   0.0000000E+00   0.0000000E+00
   6.7869957E+00   2.0970648E+03   2.0970648E+03   1.2645933E-06   3.6547001E-07   2.7181852E-05   2.0856307E+03   2.0970648E+03   1.0211857E+03   0.0000000E+00   0.0000000E+00   0.0000000E+00   0.0000000E+00
   7.2933587E+00   1.8440985E+03   1.8440985E+03   9.6336148E-07   2.7836316E-07   2.0482974E-05   1.8340437E+03   1.8440985E+03   8.9800134E+02   0.0000000E+00   0.0000000E+00   0.0000000E+00   0.0000000E+00
   7.8375003E+00   1.6212872E+03   1.6212872E+03   7.3345497E-07   2.1197707E-07   1.5773475E-05   1.6124473E+03   1.6212872E+03   7.8950127E+02   0.0000000E+00   0.0000000E+00   0.0000000E+00   0.0000000E+00
   8.4222392E+00   1.4250879E+03   1.4250879E+03   5.5833342E-07   1.6139407E-07   1.1915109E-05   1.4173177E+03   1.4250879E+03   6.9396016E+02   0.0000000E+00   0.0000000E+00   0.0000000E+00   0.0000000E+00
   9.0506042E+00   1.2523664E+03   1.2523664E+03   4.2478448E-07   1.2286053E-07   9.0219187E-06   1.2455379E+03   1.2523664E+03   6.0985175E+02   0.0000000E+00   0.0000000E+00   0.0000000E+00   0.0000000E+00
   9.7258501E+00   1.1003510E+03   1.1003510E+03   3.2328506E-07   9.3512063E-08   7.0658284E-06   1.0943514E+03   1.1003510E+03   5.3582639E+02   0.0000000E+00   0.0000000E+00   0.0000000E+00   0.0000000E+00
   1.0451475E+01   9.6659179E+02   9.6659179E+02   2.4578084E-07   7.1163883E-08   5.1918813E-06   9.6132151E+02   9.6659179E+02   4.7069108E+02   0.0000000E+00   0.0000000E+00   0.0000000E+00   0.0000000E+00
