#           k/h    CDM            baryon         photon         nu             mass_nu        total          no_nu          total_de       Weyl           v_CDM          v_b            v_b-v_c     
   1.0487535E-05   6.0751439E+06   6.0751439E+06   8.0989909E+06   2.2954037E+04   2.4653381E+05   6.0752692E+06   6.0751439E+06   5.7414977E+06   0.0000000E+00   0.0000000E+00   0.0000000E+00   0.0000000E+00
   1.1269988E-05   6.0751428E+06   6.0751428E+06   8.0988035E+06   2.2953809E+04   2.4653164E+05   6.0752680E+06   6.0751428E+06   5.7414966E+06   0.0000000E+00   0.0000000E+00   0.0000000E+00   0.0000000E+00
   1.2110817E-05   6.0751415E+06   6.0751415E+06   8.0985872E+06   2.2953545E+04   2.4652913E+05   6.0752666E+06   6.0751415E+06   5.7414953E+06   0.0000000E+00   0.0000000E+00   0.0000000E+00   0.0000000E+00
   1.3014379E-05   6.0751401E+06   6.0751401E+06   8.0983373E+06   2.2953240E+04   2.4652624E+05   6.0752650E+06   6.0751401E+06   5.7414937E+06   0.0000000E+00   0.0000000E+00   0.0000000E+00   0.0000000E+00
   1.3985353E-05   6.0751384E+06   6.0751384E+06   8.0980488E+06   2.2952889E+04   2.4652290E+05   6.0752632E+06   6.0751384E+06   5.7414920E+06   0.0000000E+00   0.0000000E+00   0.0000000E+00   0.0000000E+00
   1.5028770E-05   6.0751364E+06   6.0751364E+06   8.0977157E+06   2.2952482E+04   2.4651904E+05   6.0752611E+06   6.0751364E+06   5.7414900E+06   0.0000000E+00   0.0000000E+00   0.0000000E+00   0.0000000E+00
   1.6150034E-05   6.0751341E+06   6.0751341E+06   8.0973310E+06   2.2952013E+04   2.4651458E+05   6.0752586E+06   6.0751341E+06   5.7414876E+06   0.0000000E+00   0.0000000E+00   0.0000000E+00   0.0000000E+00
   1.7354953E-05   6.0751315E+06   6.0751315E+06   8.0968868E+06   2.2951471E+04   2.4650944E+05   6.0752558E+06   6.0751315E+06   5.7414850E+06   0.0000000E+00   0.0000000E+00   0.0000000E+00   0.0000000E+00
   1.8649768E-05   6.0751284E+06   6.0751284E+06   8.0963738E+06   2.2950846E+04   2.4650350E+05   6.0752525E+06   6.0751284E+06   5.7414818E+06   0.0000000E+00   0.0000000E+00   0.0000000E+00   0.0000000E+00
   2.0041187E-05   6.0751249E+06   6.0751249E+06   8.0957815E+06   2.2950123E+04   2.4649664E+05   6.0752488E+06   6.0751249E+06   5.7414783E+06   0.0000000E+00   0.0000000E+00   0.0000000E+00   0.0000000E+00
   2.1536416E-05   6.0751209E+06   6.0751209E+06   8.0950976E+06   2.2949289E+04   2.4648872E+05   6.0752444E+06   6.0751209E+06   5.7414741E+06   0.0000000E+00   0.0000000E+00   0.0000000E+00   0.0000000E+00
   2.3143202E-05   6.0751162E+06   6.0751162E+06   8.0943079E+06   2.2948326E+04   2.4647957E+05   6.0752394E+06   6.0751162E+06   5.7414693E+06   0.0000000E+00   0.0000000E+00   0.0000000E+00   0.0000000E+00
   2.4869866E-05   6.0751108E+06   6.0751108E+06   8.0933960E+06   2.2947214E+04   2.4646901E+05   6.0752336E+06   6.0751108E+06   5.7414638E+06   0.0000000E+00   0.0000000E+00   0.0000000E+00   0.0000000E+00
   2.6725352E-05   6.0751045E+06   6.0751045E+06   8.0923432E+06   2.2945929E+04   2.4645681E+05   6.0752269E+06   6.0751045E+06   5.7414574E+06   0.0000000E+00   0.0000000E+00   0.0000000E+00   0.0000000E+00
   2.8719273E-05   6.0750973E+06   6.0750973E+06   8.0911275E+06   2.2944446E+04   2.4644273E+05   6.0752192E+06   6.0750973E+06   5.7414501E+06   0.0000000E+00   0.0000000E+00   0.0000000E+00   0.0000000E+00
   3.0861955E-05   6.0750890E+06   6.0750890E+06   8.0897239E+06   2.2942734E+04   2.4642647E+05   6.0752102E+06   6.0750890E+06   5.7414416E+06   0.0000000E+00   0.0000000E+00   0.0000000E+00   0.0000000E+00
   3.3164499E-05   6.0750794E+06   6.0750794E+06   8.0881033E+06   2.2940757E+04   2.4640770E+05   6.0751999E+06   6.0750794E+06   5.7414317E+06   0.0000000E+00   0.0000000E+00   0.0000000E+00   0.0000000E+00
   3.5638830E-05   6.0750683E+06   6.0750683E+06   8.0862323E+06   2.2938474E+04   2.4638602E+05   6.0751880E+06   6.0750683E+06   5.7414204E+06   0.0000000E+00   0.0000000E+00   0.0000000E+00   0.0000000E+00
   3.8297766E-05   6.0750555E+06   6.0750555E+06   8.0840722E+06   2.2935838E+04   2.4636099E+05   6.0751743E+06   6.0750555E+06   5.7414073E+06   0.0000000E+00   0.0000000E+00   0.0000000E+00   0.0000000E+00
   4.1155079E-05   6.0750407E+06   6.0750407E+06   8.0815784E+06   2.2932794E+04   2.4633209E+05   6.0751584E+06   6.0750407E+06   5.7413922E+06   0.0000000E+00   0.0000000E+00   0.0000000E+00   0.0000000E+00
   4.4225570E-05   6.0750236E+06   6.0750236E+06   8.0786996E+06   2.2929281E+04   2.4629873E+05   6.0751400E+06   6.0750236E+06   5.7413747E+06   0.0000000E+00   0.0000000E+00   0.0000000E+00   0.0000000E+00
   4.7525144E-05   6.0750039E+06   6.0750039E+06   8.0753764E+06   2.2925224E+04   2.4626022E+05   6.0751189E+06   6.0750039E+06   5.7413546E+06   0.0000000E+00   0.0000000E+00   0.0000000E+00   0.0000000E+00
   5.1070891E-05   6.0749811E+06   6.0749811E+06   8.0715405E+06   2.2920541E+04   2.4621575E+05   6.0750944E+06   6.0749811E+06   5.7413313E+06   0.0000000E+00   0.0000000E+00   0.0000000E+00   0.0000000E+00
   5.4881180E-05   6.0749548E+06   6.0749548E+06   8.0671130E+06   2.2915134E+04   2.4616442E+05   6.0750662E+06   6.0749548E+06   5.7413044E+06   0.0000000E+00   0.0000000E+00   0.0000000E+00   0.0000000E+00
   5.8975745E-05   6.0749244E+06   6.0749244E+06   8.0620032E+06   2.2908893E+04   2.4610517E+05   6.0750336E+06   6.0749244E+06   5.7412734E+06   0.0000000E+00   0.0000000E+00   0.0000000E+00   0.0000000E+00
   6.3375798E-05   6.0748893E+06   6.0748893E+06   8.0561063E+06   2.2901689E+04   2.4603678E+05   6.0749959E+06   6.0748893E+06   5.7412375E+06   0.0000000E+00   0.0000000E+00   0.0000000E+00   0.0000000E+00
   6.8104128E-05   6.0748488E+06   6.0748488E+06   8.0493019E+06   2.2893374E+04   2.4595785E+05   6.0749525E+06   6.0748488E+06   5.7411961E+06   0.0000000E+00   0.0000000E+00   0.0000000E+00   0.0000000E+00
   7.3185229E-05   6.0748021E+06   6.0748021E+06   8.0414512E+06   2.2883777E+04   2.4586675E+05   6.0749023E+06   6.0748021E+06   5.7411484E+06   0.0000000E+00   0.0000000E+00   0.0000000E+00   0.0000000E+00
   7.8645420E-05   6.0747481E+06   6.0747481E+06   8.0323945E+06   2.2872701E+04   2.4576163E+05   6.0748444E+06   6.0747481E+06   5.7410932E+06   0.0000000E+00   0.0000000E+00   0.0000000E+00   0.0000000E+00
   8.4512984E-05   6.0746858E+06   6.0746858E+06   8.0219482E+06   2.2859921E+04   2.4564033E+05   6.0747775E+06   6.0746858E+06   5.7410296E+06   0.0000000E+00   0.0000000E+00   0.0000000E+00   0.0000000E+00
   9.0818315E-05   6.0746138E+06   6.0746138E+06   8.0099014E+06   2.2845175E+04   2.4550039E+05   6.0747003E+06   6.0746138E+06   5.7409561E+06   0.0000000E+00   0.0000000E+00   0.0000000E+00   0.0000000E+00
   9.7594072E-05   6.0745308E+06   6.0745308E+06   7.9960116E+06   2.2828163E+04   2.4533897E+05   6.0746112E+06   6.0745308E+06   5.7408712E+06   0.0000000E+00   0.0000000E+00   0.0000000E+00   0.0000000E+00
   1.0487535E-04   6.0744349E+06   6.0744349E+06   7.9800008E+06   2.2808539E+04   2.4515279E+05   6.0745083E+06   6.0744349E+06   5.7407733E+06   0.0000000E+00   0.0000000E+00   0.0000000E+00   0.0000000E+00
   1.1269988E-04   6.0743243E+06   6.0743243E+06   7.9615503E+06   2.2785908E+04   2.4493810E+05   6.0743896E+06   6.0743243E+06   5.7406602E+06   0.0000000E+00   0.0000000E+00   0.0000000E+00   0.0000000E+00
   1.2110817E-04   6.0741966E+06   6.0741966E+06   7.9402953E+06   2.2759814E+04   2.4469060E+05   6.0742525E+06   6.0741966E+06   5.7405298E+06   0.0000000E+00   0.0000000E+00   0.0000000E+00   0.0000000E+00
   1.3014379E-04   6.0740492E+06   6.0740492E+06   7.9158185E+06   2.2729732E+04   2.4440533E+05   6.0740944E+06   6.0740492E+06   5.7403792E+06   0.0000000E+00   0.0000000E+00   0.0000000E+00   0.0000000E+00
   1.3985353E-04   6.0738791E+06   6.0738791E+06   7.8876438E+06   2.2695064E+04   2.4407663E+05   6.0739119E+06   6.0738791E+06   5.7402055E+06   0.0000000E+00   0.0000000E+00   0.0000000E+00   0.0000000E+00
   1.5028770E-04   6.0736829E+06   6.0736829E+06   7.8552286E+06   2.2655122E+04   2.4369803E+05   6.0737013E+06   6.0736829E+06   5.7400050E+06   0.0000000E+00   0.0000000E+00   0.0000000E+00   0.0000000E+00
   1.6150034E-04   6.0734565E+06   6.0734565E+06   7.8179563E+06   2.2609121E+04   2.4326211E+05   6.0734584E+06   6.0734565E+06   5.7397738E+06   0.0000000E+00   0.0000000E+00   0.0000000E+00   0.0000000E+00
   1.7354953E-04   6.0731953E+06   6.0731953E+06   7.7751276E+06   2.2556163E+04   2.4276043E+05   6.0731782E+06   6.0731953E+06   5.7395070E+06   0.0000000E+00   0.0000000E+00   0.0000000E+00   0.0000000E+00
   1.8649768E-04   6.0728941E+06   6.0728941E+06   7.7259520E+06   2.2495225E+04   2.4218337E+05   6.0728550E+06   6.0728941E+06   5.7391994E+06   0.0000000E+00   0.0000000E+00   0.0000000E+00   0.0000000E+00
   2.0041187E-04   6.0725467E+06   6.0725467E+06   7.6695394E+06   2.2425143E+04   2.4151999E+05   6.0724824E+06   6.0725467E+06   5.7388448E+06   0.0000000E+00   0.0000000E+00   0.0000000E+00   0.0000000E+00
   2.1536416E-04   6.0721463E+06   6.0721463E+06   7.6048912E+06   2.2344597E+04   2.4075793E+05   6.0720528E+06   6.0721463E+06   5.7384359E+06   0.0000000E+00   0.0000000E+00   0.0000000E+00   0.0000000E+00
   2.3143202E-04   6.0716848E+06   6.0716848E+06   7.5308936E+06   2.2252091E+04   2.3988319E+05   6.0715578E+06   6.0716848E+06   5.7379647E+06   0.0000000E+00   0.0000000E+00   0.0000000E+00   0.0000000E+00
   2.4869866E-04   6.0711530E+06   6.0711530E+06   7.4463112E+06   2.2145939E+04   2.3888004E+05   6.0709874E+06   6.0711530E+06   5.7374219E+06   0.0000000E+00   0.0000000E+00   0.0000000E+00   0.0000000E+00
   2.6725352E-04   6.0705404E+06   6.0705404E+06   7.3497843E+06   2.2024249E+04   2.3773085E+05   6.0703304E+06   6.0705404E+06   5.7367967E+06   0.0000000E+00   0.0000000E+00   0.0000000E+00   0.0000000E+00
   2.8719273E-04   6.0698351E+06   6.0698351E+06   7.2398298E+06   2.1884901E+04   2.3641596E+05   6.0695740E+06   6.0698351E+06   5.7360770E+06   0.0000000E+00   0.0000000E+00   0.0000000E+00   0.0000000E+00
   3.0861955E-04   6.0690234E+06   6.0690234E+06   7.1148480E+06   2.1725541E+04   2.3491359E+05   6.0687036E+06   6.0690234E+06   5.7352489E+06   0.0000000E+00   0.0000000E+00   0.0000000E+00   0.0000000E+00
   3.3164499E-04   6.0680896E+06   6.0680896E+06   6.9731381E+06   2.1543569E+04   2.3319975E+05   6.0677024E+06   6.0680896E+06   5.7342966E+06   0.0000000E+00   0.0000000E+00   0.0000000E+00   0.0000000E+00
   3.5638830E-04   6.0670161E+06   6.0670161E+06   6.8129239E+06   2.1336134E+04   2.3124830E+05   6.0665516E+06   6.0670161E+06   5.7332020E+06   0.0000000E+00   0.0000000E+00   0.0000000E+00   0.0000000E+00
   3.8297766E-04   6.0657828E+06   6.0657828E+06   6.6323945E+06   2.1100146E+04   2.2903098E+05   6.0652297E+06   6.0657828E+06   5.7319449E+06   0.0000000E+00   0.0000000E+00   0.0000000E+00   0.0000000E+00
   4.1155079E-04   6.0643668E+06   6.0643668E+06   6.4297640E+06   2.0832292E+04   2.2651764E+05   6.0637124E+06   6.0643668E+06   5.7305022E+06   0.0000000E+00   0.0000000E+00   0.0000000E+00   0.0000000E+00
   4.4225570E-04   6.0627426E+06   6.0627426E+06   6.2033539E+06   2.0529072E+04   2.2367663E+05   6.0619724E+06   6.0627426E+06   5.7288482E+06   0.0000000E+00   0.0000000E+00   0.0000000E+00   0.0000000E+00
   4.7525144E-04   6.0608814E+06   6.0608814E+06   5.9517034E+06   2.0186866E+04   2.2047533E+05   6.0599790E+06   6.0608814E+06   5.7269537E+06   0.0000000E+00   0.0000000E+00   0.0000000E+00   0.0000000E+00
   5.1070891E-04   6.0587508E+06   6.0587508E+06   5.6737125E+06   1.9802017E+04   2.1688096E+05   6.0576979E+06   6.0587508E+06   5.7247864E+06   0.0000000E+00   0.0000000E+00   0.0000000E+00   0.0000000E+00
   5.4881180E-04   6.0563150E+06   6.0563150E+06   5.3688209E+06   1.9370960E+04   2.1286158E+05   6.0550910E+06   6.0563150E+06   5.7223103E+06   0.0000000E+00   0.0000000E+00   0.0000000E+00   0.0000000E+00
   5.8975745E-04   6.0535342E+06   6.0535342E+06   5.0372230E+06   1.8890392E+04   2.0838754E+05   6.0521162E+06   6.0535342E+06   5.7194857E+06   0.0000000E+00   0.0000000E+00   0.0000000E+00   0.0000000E+00
   6.3375798E-04   6.0503643E+06   6.0503643E+06   4.6801158E+06   1.8357483E+04   2.0343301E+05   6.0487270E+06   6.0503643E+06   5.7162690E+06   0.0000000E+00   0.0000000E+00   0.0000000E+00   0.0000000E+00
   6.8104128E-04   6.0467573E+06   6.0467573E+06   4.2999671E+06   1.7770149E+04   1.9797794E+05   6.0448729E+06   6.0467573E+06   5.7126127E+06   0.0000000E+00   0.0000000E+00   0.0000000E+00   0.0000000E+00
   7.3185229E-04   6.0426609E+06   6.0426609E+06   3.9007837E+06   1.7127361E+04   1.9201010E+05   6.0404990E+06   6.0426609E+06   5.7084653E+06   0.0000000E+00   0.0000000E+00   0.0000000E+00   0.0000000E+00
   7.8645420E-04   6.0380184E+06   6.0380184E+06   3.4883404E+06   1.6429507E+04   1.8552713E+05   6.0355463E+06   6.0380184E+06   5.7037718E+06   0.0000000E+00   0.0000000E+00   0.0000000E+00   0.0000000E+00
   8.4512984E-04   6.0327693E+06   6.0327693E+06   3.0703163E+06   1.5678755E+04   1.7853842E+05   6.0299521E+06   6.0327693E+06   5.6984735E+06   0.0000000E+00   0.0000000E+00   0.0000000E+00   0.0000000E+00
   9.0818315E-04   6.0268489E+06   6.0268489E+06   2.6562637E+06   1.4879408E+04   1.7106634E+05   6.0236501E+06   6.0268489E+06   5.6925088E+06   0.0000000E+00   0.0000000E+00   0.0000000E+00   0.0000000E+00
   9.7594072E-04   6.0201892E+06   6.0201892E+06   2.2573176E+06   1.4038175E+04   1.6314676E+05   6.0165709E+06   6.0201892E+06   5.6858134E+06   0.0000000E+00   0.0000000E+00   0.0000000E+00   0.0000000E+00
   1.0487535E-03   6.0127186E+06   6.0127186E+06   1.8855520E+06   1.3164292E+04   1.5482838E+05   6.0086427E+06   6.0127186E+06   5.6783209E+06   0.0000000E+00   0.0000000E+00   0.0000000E+00   0.0000000E+00
   1.1269988E-03   6.0043624E+06   6.0043624E+06   1.5529061E+06   1.2269395E+04   1.4617096E+05   5.9997915E+06   6.0043624E+06   5.6699628E+06   0.0000000E+00   0.0000000E+00   0.0000000E+00   0.0000000E+00
   1.2110817E-03   5.9950427E+06   5.9950427E+06   1.2696702E+06   1.1367062E+04   1.3724276E+05   5.9899414E+06   5.9950427E+06   5.6606691E+06   0.0000000E+00   0.0000000E+00   0.0000000E+00   0.0000000E+00
   1.3014379E-03   5.9846781E+06   5.9846781E+06   1.0426365E+06   1.0471948E+04   1.2811823E+05   5.9790146E+06   5.9846781E+06   5.6503678E+06   0.0000000E+00   0.0000000E+00   0.0000000E+00   0.0000000E+00
   1.3985353E-03   5.9731831E+06   5.9731831E+06   8.7321170E+05   9.5985158E+03   1.1887756E+05   5.9669308E+06   5.9731831E+06   5.6389847E+06   0.0000000E+00   0.0000000E+00   0.0000000E+00   0.0000000E+00
   1.5028770E-03   5.9604673E+06   5.9604673E+06   7.5601070E+05   8.7594843E+03   1.0960978E+05   5.9536065E+06   5.9604673E+06   5.6264415E+06   0.0000000E+00   0.0000000E+00   0.0000000E+00   0.0000000E+00
   1.6150034E-03   5.9464343E+06   5.9464343E+06   6.7865127E+05   7.9642517E+03   1.0042048E+05   5.9389536E+06   5.9464343E+06   5.6126555E+06   0.0000000E+00   0.0000000E+00   0.0000000E+00   0.0000000E+00
   1.7354953E-03   5.9309805E+06   5.9309805E+06   6.2348100E+05   7.2177521E+03   9.1442439E+04   5.9228780E+06   5.9309805E+06   5.5975370E+06   0.0000000E+00   0.0000000E+00   0.0000000E+00   0.0000000E+00
   1.8649768E-03   5.9139948E+06   5.9139948E+06   5.7160448E+05   6.5202595E+03   8.2842757E+04   5.9052784E+06   5.9139948E+06   5.5809886E+06   0.0000000E+00   0.0000000E+00   0.0000000E+00   0.0000000E+00
   2.0041187E-03   5.8953594E+06   5.8953594E+06   5.0866375E+05   5.8685494E+03   7.4815073E+04   5.8860457E+06   5.8953594E+06   5.5629047E+06   0.0000000E+00   0.0000000E+00   0.0000000E+00   0.0000000E+00
   2.1536416E-03   5.8749509E+06   5.8749509E+06   4.3044904E+05   5.2583819E+03   6.7544246E+04   5.8650637E+06   5.8749509E+06   5.5431722E+06   0.0000000E+00   0.0000000E+00   0.0000000E+00   0.0000000E+00
   2.3143202E-03   5.8526428E+06   5.8526428E+06   3.4518767E+05   4.6875182E+03   6.1141042E+04   5.8422100E+06   5.8526428E+06   5.5216718E+06   0.0000000E+00   0.0000000E+00   0.0000000E+00   0.0000000E+00
   2.4869866E-03   5.8283072E+06   5.8283072E+06   2.6953286E+05   4.1577245E+03   5.5570242E+04   5.8173573E+06   5.8283072E+06   5.4982798E+06   0.0000000E+00   0.0000000E+00   0.0000000E+00   0.0000000E+00
   2.6725352E-03   5.8018150E+06   5.8018150E+06   2.1819360E+05   3.6741058E+03   5.0628376E+04   5.7903730E+06   5.8018150E+06   5.4728684E+06   0.0000000E+00   0.0000000E+00   0.0000000E+00   0.0000000E+00
   2.8719273E-03   5.7730328E+06   5.7730328E+06   1.9262675E+05   3.2413579E+03   4.6032588E+04   5.7611180E+06   5.7730328E+06   5.4453046E+06   0.0000000E+00   0.0000000E+00   0.0000000E+00   0.0000000E+00
   3.0861955E-03   5.7418193E+06   5.7418193E+06   1.7850009E+05   2.8590718E+03   4.1613375E+04   5.7294444E+06   5.7418193E+06   5.4154482E+06   0.0000000E+00   0.0000000E+00   0.0000000E+00   0.0000000E+00
   3.3164499E-03   5.7080233E+06   5.7080233E+06   1.5792365E+05   2.5202563E+03   3.7464740E+04   5.6951963E+06   5.7080233E+06   5.3831512E+06   0.0000000E+00   0.0000000E+00   0.0000000E+00   0.0000000E+00
   3.5638830E-03   5.6714859E+06   5.6714859E+06   1.2789833E+05   2.2157023E+03   3.3835832E+04   5.6582130E+06   5.6714859E+06   5.3482618E+06   0.0000000E+00   0.0000000E+00   0.0000000E+00   0.0000000E+00
   3.8297766E-03   5.6320455E+06   5.6320455E+06   1.0322485E+05   1.9408161E+03   3.0769570E+04   5.6183350E+06   5.6320455E+06   5.3106293E+06   0.0000000E+00   0.0000000E+00   0.0000000E+00   0.0000000E+00
   4.1155079E-03   5.5895395E+06   5.5895395E+06   9.4465701E+04   1.6968143E+03   2.7935359E+04   5.5754044E+06   5.5895395E+06   5.2701043E+06   0.0000000E+00   0.0000000E+00   0.0000000E+00   0.0000000E+00
   4.4225570E-03   5.5438003E+06   5.5438003E+06   8.9472265E+04   1.4837627E+03   2.5070891E+04   5.5292594E+06   5.5438003E+06   5.2265345E+06   0.0000000E+00   0.0000000E+00   0.0000000E+00   0.0000000E+00
   4.7525144E-03   5.4946535E+06   5.4946535E+06   7.3543850E+04   1.2958120E+03   2.2456366E+04   5.4797320E+06   5.4946535E+06   5.1797615E+06   0.0000000E+00   0.0000000E+00   0.0000000E+00   0.0000000E+00
   5.1070891E-03   5.4419247E+06   5.4419247E+06   5.7449937E+04   1.1275634E+03   2.0377440E+04   5.4266552E+06   5.4419247E+06   5.1296279E+06   0.0000000E+00   0.0000000E+00   0.0000000E+00   0.0000000E+00
   5.4881180E-03   5.3854451E+06   5.3854451E+06   5.2666838E+04   9.7954285E+02   1.8446231E+04   5.3698660E+06   5.3854451E+06   5.0759800E+06   0.0000000E+00   0.0000000E+00   0.0000000E+00   0.0000000E+00
   5.8975745E-03   5.3250488E+06   5.3250488E+06   4.4949636E+04   8.5086870E+02   1.6503899E+04   5.3091984E+06   5.3250488E+06   5.0186615E+06   0.0000000E+00   0.0000000E+00   0.0000000E+00   0.0000000E+00
   6.3375798E-03   5.2605624E+06   5.2605624E+06   3.4892456E+04   7.3710453E+02   1.4970595E+04   5.2444718E+06   5.2605624E+06   4.9575019E+06   0.0000000E+00   0.0000000E+00   0.0000000E+00   0.0000000E+00
   6.8104128E-03   5.1918086E+06   5.1918086E+06   3.3781453E+04   6.3784266E+02   1.3464876E+04   5.1755042E+06   5.1918086E+06   4.8923297E+06   0.0000000E+00   0.0000000E+00   0.0000000E+00   0.0000000E+00
   7.3185229E-03   5.1186047E+06   5.1186047E+06   2.7348131E+04   5.5129149E+02   1.1965773E+04   5.1021240E+06   5.1186047E+06   4.8229833E+06   0.0000000E+00   0.0000000E+00   0.0000000E+00   0.0000000E+00
   7.8645420E-03   5.0407703E+06   5.0407703E+06   2.3604818E+04   4.7485611E+02   1.0820308E+04   5.0241669E+06   5.0407703E+06   4.7493074E+06   0.0000000E+00   0.0000000E+00   0.0000000E+00   0.0000000E+00
   8.4512984E-03   4.9581321E+06   4.9581321E+06   1.9874806E+04   4.0908412E+02   9.5850160E+03   4.9414541E+06   4.9581321E+06   4.6711335E+06   0.0000000E+00   0.0000000E+00   0.0000000E+00   0.0000000E+00
   9.0818315E-03   4.8705093E+06   4.8705093E+06   1.6682396E+04   3.5132838E+02   8.6615241E+03   4.8537917E+06   4.8705093E+06   4.5882785E+06   0.0000000E+00   0.0000000E+00   0.0000000E+00   0.0000000E+00
   9.7594072E-03   4.7777160E+06   4.7777160E+06   1.4251958E+04   3.0135410E+02   7.6270218E+03   4.7610041E+06   4.7777160E+06   4.5005767E+06   0.0000000E+00   0.0000000E+00   0.0000000E+00   0.0000000E+00
   1.0487535E-02   4.6795693E+06   4.6795693E+06   1.2749590E+04   2.5780315E+02   6.8262195E+03   4.6629154E+06   4.6795693E+06   4.4078622E+06   0.0000000E+00   0.0000000E+00   0.0000000E+00   0.0000000E+00
   1.1269988E-02   4.5758920E+06   4.5758920E+06   9.6497537E+03   2.2020383E+02   6.0367266E+03   4.5593402E+06   4.5758920E+06   4.3099597E+06   0.0000000E+00   0.0000000E+00   0.0000000E+00   0.0000000E+00
   1.2110817E-02   4.4665072E+06   4.4665072E+06   8.8256622E+03   1.8763453E+02   5.3031360E+03   4.4501054E+06   4.4665072E+06   4.2067060E+06   0.0000000E+00   0.0000000E+00   0.0000000E+00   0.0000000E+00
   1.3014379E-02   4.3512522E+06   4.3512522E+06   7.7321266E+03   1.5943797E+02   4.7051565E+03   4.3350512E+06   4.3512522E+06   4.0979500E+06   0.0000000E+00   0.0000000E+00   0.0000000E+00   0.0000000E+00
   1.3985353E-02   4.2299840E+06   4.2299840E+06   6.0576015E+03   1.3517979E+02   4.1460821E+03   4.2140298E+06   4.2299840E+06   3.9835522E+06   0.0000000E+00   0.0000000E+00   0.0000000E+00   0.0000000E+00
   1.5028770E-02   4.1025864E+06   4.1025864E+06   4.9300521E+03   1.1428015E+02   3.6198987E+03   4.0869275E+06   4.1025864E+06   3.8634053E+06   0.0000000E+00   0.0000000E+00   0.0000000E+00   0.0000000E+00
   1.6150034E-02   3.9689922E+06   3.9689922E+06   4.1200196E+03   9.6370378E+01   3.1405031E+03   3.9536774E+06   3.9689922E+06   3.7374461E+06   0.0000000E+00   0.0000000E+00   0.0000000E+00   0.0000000E+00
   1.7354953E-02   3.8291975E+06   3.8291975E+06   3.4333321E+03   8.0974785E+01   2.7279569E+03   3.8142729E+06   3.8291975E+06   3.6056684E+06   0.0000000E+00   0.0000000E+00   0.0000000E+00   0.0000000E+00
   1.8649768E-02   3.6832919E+06   3.6832919E+06   2.8730781E+03   6.7828517E+01   2.3604333E+03   3.6688029E+06   3.6832919E+06   3.4681565E+06   0.0000000E+00   0.0000000E+00   0.0000000E+00   0.0000000E+00
   2.0041186E-02   3.5314876E+06   3.5314876E+06   2.4161248E+03   5.6602734E+01   2.0428053E+03   3.5174788E+06   3.5314876E+06   3.3251101E+06   0.0000000E+00   0.0000000E+00   0.0000000E+00   0.0000000E+00
   2.1536413E-02   3.3741605E+06   3.3741605E+06   2.1240155E+03   4.7064035E+01   1.7468698E+03   3.3606718E+06   3.3741605E+06   3.1768803E+06   0.0000000E+00   0.0000000E+00   0.0000000E+00   0.0000000E+00
   2.3143184E-02   3.2118929E+06   3.2118929E+06   1.7348498E+03   3.8980475E+01   1.4752738E+03   3.1989629E+06   3.2118929E+06   3.0240163E+06   0.0000000E+00   0.0000000E+00   0.0000000E+00   0.0000000E+00
   2.4869771E-02   3.0455237E+06   3.0455237E+06   1.3468818E+03   3.2140935E+01   1.2618678E+03   3.0331850E+06   3.0455237E+06   2.8673056E+06   0.0000000E+00   0.0000000E+00   0.0000000E+00   0.0000000E+00
   2.6724919E-02   2.8762035E+06   2.8762035E+06   1.1748342E+03   2.6394043E+01   1.0557148E+03   2.8644829E+06   2.8762035E+06   2.7078304E+06   0.0000000E+00   0.0000000E+00   0.0000000E+00   0.0000000E+00
   2.8717539E-02   2.7054561E+06   2.7054561E+06   9.3094901E+02   2.1581021E+01   8.9491866E+02   2.6943731E+06   2.7054561E+06   2.5470242E+06   0.0000000E+00   0.0000000E+00   0.0000000E+00   0.0000000E+00
   3.0855847E-02   2.5352516E+06   2.5352516E+06   7.2618824E+02   1.7579971E+01   7.4295353E+02   2.5248163E+06   2.5352516E+06   2.3867407E+06   0.0000000E+00   0.0000000E+00   0.0000000E+00   0.0000000E+00
   3.3145408E-02   2.3680826E+06   2.3680826E+06   5.9367124E+02   1.4276197E+01   6.1466610E+02   2.3582936E+06   2.3680826E+06   2.2293251E+06   0.0000000E+00   0.0000000E+00   0.0000000E+00   0.0000000E+00
   3.5585595E-02   2.2069978E+06   2.2069978E+06   4.8040800E+02   1.1575820E+01   5.0946330E+02   2.1978398E+06   2.2069978E+06   2.0776464E+06   0.0000000E+00   0.0000000E+00   0.0000000E+00   0.0000000E+00
   3.8164797E-02   2.0554728E+06   2.0554728E+06   3.8428773E+02   9.3958094E+00   4.2411606E+02   2.0469144E+06   2.0554728E+06   1.9349750E+06   0.0000000E+00   0.0000000E+00   0.0000000E+00   0.0000000E+00
   4.0856797E-02   1.9169572E+06   1.9169572E+06   3.1840759E+02   7.6606372E+00   3.5583639E+02   1.9089518E+06   1.9169572E+06   1.8045573E+06   0.0000000E+00   0.0000000E+00   0.0000000E+00   0.0000000E+00
   4.3622589E-02   1.7940885E+06   1.7940885E+06   2.7528654E+02   6.2990070E+00   2.9721561E+02   1.7865766E+06   1.7940885E+06   1.6888747E+06   0.0000000E+00   0.0000000E+00   0.0000000E+00   0.0000000E+00
   4.6419628E-02   1.6879271E+06   1.6879271E+06   2.2453438E+02   5.2392519E+00   2.4852530E+02   1.6808440E+06   1.6879271E+06   1.5889243E+06   0.0000000E+00   0.0000000E+00   0.0000000E+00   0.0000000E+00
   4.9213609E-02   1.5977465E+06   1.5977465E+06   1.7996325E+02   4.4147523E+00   2.1407051E+02   1.5910289E+06   1.5977465E+06   1.5040210E+06   0.0000000E+00   0.0000000E+00   0.0000000E+00   0.0000000E+00
   5.1985014E-02   1.5214871E+06   1.5214871E+06   1.5804032E+02   3.7685872E+00   1.8734607E+02   1.5150796E+06   1.5214871E+06   1.4322252E+06   0.0000000E+00   0.0000000E+00   0.0000000E+00   0.0000000E+00
   5.4728272E-02   1.4564725E+06   1.4564725E+06   1.4150511E+02   3.2551870E+00   1.6302001E+02   1.4503301E+06   1.4564725E+06   1.3710167E+06   0.0000000E+00   0.0000000E+00   0.0000000E+00   0.0000000E+00
   5.7447183E-02   1.3999741E+06   1.3999741E+06   1.2123909E+02   2.8397040E+00   1.4265654E+02   1.3940628E+06   1.3999741E+06   1.3178265E+06   0.0000000E+00   0.0000000E+00   0.0000000E+00   0.0000000E+00
   6.0150413E-02   1.3495143E+06   1.3495143E+06   1.0287660E+02   2.4966294E+00   1.2719802E+02   1.3438098E+06   1.3495143E+06   1.2703217E+06   0.0000000E+00   0.0000000E+00   0.0000000E+00   0.0000000E+00
   6.2848477E-02   1.3029797E+06   1.3029797E+06   9.1095691E+01   2.2078672E+00   1.1482325E+02   1.2974666E+06   1.3029797E+06   1.2265129E+06   0.0000000E+00   0.0000000E+00   0.0000000E+00   0.0000000E+00
   6.5552113E-02   1.2586439E+06   1.2586439E+06   8.4027540E+01   1.9604923E+00   1.0317205E+02   1.2533138E+06   1.2586439E+06   1.1847747E+06   0.0000000E+00   0.0000000E+00   0.0000000E+00   0.0000000E+00
   6.8271537E-02   1.2151578E+06   1.2151578E+06   7.5946786E+01   1.7452986E+00   9.1563691E+01   1.2100079E+06   1.2151578E+06   1.1438371E+06   0.0000000E+00   0.0000000E+00   0.0000000E+00   0.0000000E+00
   7.1016188E-02   1.1715338E+06   1.1715338E+06   6.4769367E+01   1.5556096E+00   8.1784823E+01   1.1665653E+06   1.1715338E+06   1.1027702E+06   0.0000000E+00   0.0000000E+00   0.0000000E+00   0.0000000E+00
   7.3794709E-02   1.1271324E+06   1.1271324E+06   5.6663086E+01   1.3867403E+00   7.4637660E+01   1.1223491E+06   1.1271324E+06   1.0609720E+06   0.0000000E+00   0.0000000E+00   0.0000000E+00   0.0000000E+00
   7.6615012E-02   1.0816488E+06   1.0816488E+06   5.3493028E+01   1.2354389E+00   6.7061098E+01   1.0770559E+06   1.0816488E+06   1.0181558E+06   0.0000000E+00   0.0000000E+00   0.0000000E+00   0.0000000E+00
   7.9484394E-02   1.0350973E+06   1.0350973E+06   4.6450044E+01   1.0994061E+00   5.8840135E+01   1.0306996E+06   1.0350973E+06   9.7433457E+05   0.0000000E+00   0.0000000E+00   0.0000000E+00   0.0000000E+00
   8.2409644E-02   9.8778533E+05   9.8778533E+05   3.9877836E+01   9.7688024E-01   5.3756076E+01   9.8358655E+05   9.8778533E+05   9.2979796E+05   0.0000000E+00   0.0000000E+00   0.0000000E+00   0.0000000E+00
   8.5397144E-02   9.4027563E+05   9.4027563E+05   3.7678997E+01   8.6691178E-01   4.7403024E+01   9.3627695E+05   9.4027563E+05   8.8507555E+05   0.0000000E+00   0.0000000E+00   0.0000000E+00   0.0000000E+00
   8.8452957E-02   8.9333078E+05   8.9333078E+05   3.1134288E+01   7.6856050E-01   4.2451642E+01   8.8953010E+05   8.9333078E+05   8.4088512E+05   0.0000000E+00   0.0000000E+00   0.0000000E+00   0.0000000E+00
   9.1582903E-02   8.4783967E+05   8.4783967E+05   2.9355405E+01   6.8113632E-01   3.7529487E+01   8.4423108E+05   8.4783967E+05   7.9806334E+05   0.0000000E+00   0.0000000E+00   0.0000000E+00   0.0000000E+00
   9.4792619E-02   8.0472676E+05   8.0472676E+05   2.5015835E+01   6.0402303E-01   3.4056242E+01   8.0130039E+05   8.0472676E+05   7.5748037E+05   0.0000000E+00   0.0000000E+00   0.0000000E+00   0.0000000E+00
   9.8087609E-02   7.6484835E+05   7.6484835E+05   2.1894327E+01   5.3659140E-01   2.9788499E+01   7.6159063E+05   7.6484835E+05   7.1994219E+05   0.0000000E+00   0.0000000E+00   0.0000000E+00   0.0000000E+00
   1.0147329E-01   7.2888398E+05   7.2888398E+05   2.0347937E+01   4.7802953E-01   2.6594657E+01   7.2577843E+05   7.2888398E+05   6.8608843E+05   0.0000000E+00   0.0000000E+00   0.0000000E+00   0.0000000E+00
   1.0495501E-01   6.9723428E+05   6.9723428E+05   1.8450511E+01   4.2750256E-01   2.4185467E+01   6.9426266E+05   6.9723428E+05   6.5629614E+05   0.0000000E+00   0.0000000E+00   0.0000000E+00   0.0000000E+00
   1.0853809E-01   6.6993969E+05   6.6993969E+05   1.6491417E+01   3.8401104E-01   2.2013804E+01   6.6708358E+05   6.6993969E+05   6.3060339E+05   0.0000000E+00   0.0000000E+00   0.0000000E+00   0.0000000E+00
   1.1222787E-01   6.4663593E+05   6.4663593E+05   1.4894565E+01   3.4651339E-01   1.9958259E+01   6.4387842E+05   6.4663593E+05   6.0866723E+05   0.0000000E+00   0.0000000E+00   0.0000000E+00   0.0000000E+00
   1.1602965E-01   6.2656063E+05   6.2656063E+05   1.3536867E+01   3.1389373E-01   1.8013692E+01   6.2388806E+05   6.2656063E+05   5.8977007E+05   0.0000000E+00   0.0000000E+00   0.0000000E+00   0.0000000E+00
   1.1994881E-01   6.0862166E+05   6.0862166E+05   1.1965096E+01   2.8508150E-01   1.6271719E+01   6.0602498E+05   6.0862166E+05   5.7288386E+05   0.0000000E+00   0.0000000E+00   0.0000000E+00   0.0000000E+00
   1.2399071E-01   5.9152911E+05   5.9152911E+05   1.0610087E+01   2.5911860E-01   1.5127595E+01   5.8900479E+05   5.9152911E+05   5.5679443E+05   0.0000000E+00   0.0000000E+00   0.0000000E+00   0.0000000E+00
   1.2816079E-01   5.7398158E+05   5.7398158E+05   1.0095207E+01   2.3521976E-01   1.3739275E+01   5.7153163E+05   5.7398158E+05   5.4027682E+05   0.0000000E+00   0.0000000E+00   0.0000000E+00   0.0000000E+00
   1.3246455E-01   5.5488334E+05   5.5488334E+05   8.6938504E+00   2.1281459E-01   1.2497934E+01   5.5251443E+05   5.5488334E+05   5.2229960E+05   0.0000000E+00   0.0000000E+00   0.0000000E+00   0.0000000E+00
   1.3690750E-01   5.3355538E+05   5.3355538E+05   8.1765897E+00   1.9160559E-01   1.1167798E+01   5.3127710E+05   5.3355538E+05   5.0222365E+05   0.0000000E+00   0.0000000E+00   0.0000000E+00   0.0000000E+00
   1.4149528E-01   5.0989445E+05   5.0989445E+05   7.3063054E+00   1.7152047E-01   1.0255831E+01   5.0771683E+05   5.0989445E+05   4.7995180E+05   0.0000000E+00   0.0000000E+00   0.0000000E+00   0.0000000E+00
   1.4623353E-01   4.8443289E+05   4.8443289E+05   6.3551611E+00   1.5270074E-01   9.1840252E+00   4.8236366E+05   4.8443289E+05   4.5598510E+05   0.0000000E+00   0.0000000E+00   0.0000000E+00   0.0000000E+00
   1.5112802E-01   4.5826400E+05   4.5826400E+05   5.6164955E+00   1.3538767E-01   8.1656587E+00   4.5630624E+05   4.5826400E+05   4.3135266E+05   0.0000000E+00   0.0000000E+00   0.0000000E+00   0.0000000E+00
   1.5618457E-01   4.3282371E+05   4.3282371E+05   5.0571232E+00   1.1984584E-01   7.2415917E+00   4.3097436E+05   4.3282371E+05   4.0740608E+05   0.0000000E+00   0.0000000E+00   0.0000000E+00   0.0000000E+00
   1.6140909E-01   4.0955664E+05   4.0955664E+05   4.5193909E+00   1.0625939E-01   6.3040288E+00   4.0780646E+05   4.0955664E+05   3.8550514E+05   0.0000000E+00   0.0000000E+00   0.0000000E+00   0.0000000E+00
   1.6680759E-01   3.8953669E+05   3.8953669E+05   3.8639664E+00   9.4654844E-02   5.6955665E+00   3.8787185E+05   3.8953669E+05   3.6666068E+05   0.0000000E+00   0.0000000E+00   0.0000000E+00   0.0000000E+00
   1.7238618E-01   3.7314489E+05   3.7314489E+05   3.5944483E+00   8.4877613E-02   5.0724442E+00   3.7154991E+05   3.7314489E+05   3.5123132E+05   0.0000000E+00   0.0000000E+00   0.0000000E+00   0.0000000E+00
   1.7815109E-01   3.5991540E+05   3.5991540E+05   3.2294558E+00   7.6601552E-02   4.6883292E+00   3.5837679E+05   3.5991540E+05   3.3877859E+05   0.0000000E+00   0.0000000E+00   0.0000000E+00   0.0000000E+00
   1.8410869E-01   3.4863095E+05   3.4863095E+05   2.8799065E+00   6.9416291E-02   4.2663738E+00   3.4714042E+05   3.4863095E+05   3.2815669E+05   0.0000000E+00   0.0000000E+00   0.0000000E+00   0.0000000E+00
   1.9026549E-01   3.3767897E+05   3.3767897E+05   2.6179426E+00   6.2908111E-02   3.8860292E+00   3.3623512E+05   3.3767897E+05   3.1784776E+05   0.0000000E+00   0.0000000E+00   0.0000000E+00   0.0000000E+00
   1.9662817E-01   3.2558330E+05   3.2558330E+05   2.4071291E+00   5.6774099E-02   3.4995284E+00   3.2419103E+05   3.2558330E+05   3.0646232E+05   0.0000000E+00   0.0000000E+00   0.0000000E+00   0.0000000E+00
   2.0320362E-01   3.1153648E+05   3.1153648E+05   2.1253516E+00   5.0875839E-02   3.0830687E+00   3.1020416E+05   3.1153648E+05   2.9324033E+05   0.0000000E+00   0.0000000E+00   0.0000000E+00   0.0000000E+00
   2.0999897E-01   2.9571777E+05   2.9571777E+05   1.9031266E+00   4.5247414E-02   2.8153489E+00   2.9445299E+05   2.9571777E+05   2.7835053E+05   0.0000000E+00   0.0000000E+00   0.0000000E+00   0.0000000E+00
   2.1702162E-01   2.7922983E+05   2.7922983E+05   1.6502422E+00   4.0039486E-02   2.4776225E+00   2.7803547E+05   2.7922983E+05   2.6283082E+05   0.0000000E+00   0.0000000E+00   0.0000000E+00   0.0000000E+00
   2.2427926E-01   2.6362856E+05   2.6362856E+05   1.4594549E+00   3.5421255E-02   2.1911505E+00   2.6250085E+05   2.6362856E+05   2.4814573E+05   0.0000000E+00   0.0000000E+00   0.0000000E+00   0.0000000E+00
   2.3177998E-01   2.5021370E+05   2.5021370E+05   1.3043538E+00   3.1486350E-02   1.9695388E+00   2.4914329E+05   2.5021370E+05   2.3551864E+05   0.0000000E+00   0.0000000E+00   0.0000000E+00   0.0000000E+00
   2.3953228E-01   2.3940232E+05   2.3940232E+05   1.1910881E+00   2.8199224E-02   1.7532720E+00   2.3837810E+05   2.3940232E+05   2.2534215E+05   0.0000000E+00   0.0000000E+00   0.0000000E+00   0.0000000E+00
   2.4754514E-01   2.3052235E+05   2.3052235E+05   1.0482446E+00   2.5407255E-02   1.5825001E+00   2.2953606E+05   2.3052235E+05   2.1698365E+05   0.0000000E+00   0.0000000E+00   0.0000000E+00   0.0000000E+00
   2.5582813E-01   2.2218484E+05   2.2218484E+05   9.5507894E-01   2.2914886E-02   1.4171872E+00   2.2123416E+05   2.2218484E+05   2.0913575E+05   0.0000000E+00   0.0000000E+00   0.0000000E+00   0.0000000E+00
   2.6439146E-01   2.1307617E+05   2.1307617E+05   8.5687222E-01   2.0571181E-02   1.2780208E+00   2.1216442E+05   2.1307617E+05   2.0056199E+05   0.0000000E+00   0.0000000E+00   0.0000000E+00   0.0000000E+00
   2.7324611E-01   2.0272454E+05   2.0272454E+05   7.5994872E-01   1.8329834E-02   1.1545084E+00   2.0185703E+05   2.0272454E+05   1.9081828E+05   0.0000000E+00   0.0000000E+00   0.0000000E+00   0.0000000E+00
   2.8240394E-01   1.9174553E+05   1.9174553E+05   6.8315273E-01   1.6240764E-02   1.0182425E+00   1.9092497E+05   1.9174553E+05   1.8048405E+05   0.0000000E+00   0.0000000E+00   0.0000000E+00   0.0000000E+00
   2.9187780E-01   1.8136345E+05   1.8136345E+05   6.0084340E-01   1.4387070E-02   9.1339149E-01   1.8058728E+05   1.8136345E+05   1.7071168E+05   0.0000000E+00   0.0000000E+00   0.0000000E+00   0.0000000E+00
   3.0168174E-01   1.7250506E+05   1.7250506E+05   5.3497477E-01   1.2809592E-02   8.1461072E-01   1.7176677E+05   1.7250506E+05   1.6237353E+05   0.0000000E+00   0.0000000E+00   0.0000000E+00   0.0000000E+00
   3.1183111E-01   1.6512563E+05   1.6512563E+05   4.8112238E-01   1.1472252E-02   7.2323149E-01   1.6441889E+05   1.6512563E+05   1.5542748E+05   0.0000000E+00   0.0000000E+00   0.0000000E+00   0.0000000E+00
   3.2234287E-01   1.5831235E+05   1.5831235E+05   4.2912307E-01   1.0289171E-02   6.5783393E-01   1.5763475E+05   1.5831235E+05   1.4901433E+05   0.0000000E+00   0.0000000E+00   0.0000000E+00   0.0000000E+00
   3.3323573E-01   1.5110510E+05   1.5110510E+05   3.8214756E-01   9.1886864E-03   5.8827515E-01   1.5045832E+05   1.5110510E+05   1.4223036E+05   0.0000000E+00   0.0000000E+00   0.0000000E+00   0.0000000E+00
   3.4453053E-01   1.4332609E+05   1.4332609E+05   3.4108598E-01   8.1562552E-03   5.2088093E-01   1.4271259E+05   1.4332609E+05   1.3490821E+05   0.0000000E+00   0.0000000E+00   0.0000000E+00   0.0000000E+00
   3.5625055E-01   1.3564304E+05   1.3564304E+05   3.0016790E-01   7.2218168E-03   4.6009713E-01   1.3506241E+05   1.3564304E+05   1.2767639E+05   0.0000000E+00   0.0000000E+00   0.0000000E+00   0.0000000E+00
   3.6842190E-01   1.2879954E+05   1.2879954E+05   2.6679461E-01   6.4121306E-03   4.0898214E-01   1.2824819E+05   1.2879954E+05   1.2123481E+05   0.0000000E+00   0.0000000E+00   0.0000000E+00   0.0000000E+00
   3.8107409E-01   1.2282085E+05   1.2282085E+05   2.3843197E-01   5.7138680E-03   3.6668410E-01   1.2229508E+05   1.2282085E+05   1.1560725E+05   0.0000000E+00   0.0000000E+00   0.0000000E+00   0.0000000E+00
   3.9424058E-01   1.1707429E+05   1.1707429E+05   2.1173126E-01   5.0881345E-03   3.2439655E-01   1.1657310E+05   1.1707429E+05   1.1019819E+05   0.0000000E+00   0.0000000E+00   0.0000000E+00   0.0000000E+00
   4.0795953E-01   1.1109181E+05   1.1109181E+05   1.8808904E-01   4.5092062E-03   2.8898021E-01   1.1061622E+05   1.1109181E+05   1.0456706E+05   0.0000000E+00   0.0000000E+00   0.0000000E+00   0.0000000E+00
   4.2227477E-01   1.0510411E+05   1.0510411E+05   1.6585296E-01   3.9828147E-03   2.5465846E-01   1.0465414E+05   1.0510411E+05   9.8931028E+04   0.0000000E+00   0.0000000E+00   0.0000000E+00   0.0000000E+00
   4.3723688E-01   9.9595020E+04   9.9595020E+04   1.4672918E-01   3.5201349E-03   2.2549694E-01   9.9168627E+04   9.9595020E+04   9.3745493E+04   0.0000000E+00   0.0000000E+00   0.0000000E+00   0.0000000E+00
   4.5290467E-01   9.4560129E+04   9.4560129E+04   1.2975066E-01   3.1146096E-03   2.0108003E-01   9.4155284E+04   9.4560129E+04   8.9006310E+04   0.0000000E+00   0.0000000E+00   0.0000000E+00   0.0000000E+00
   4.6934697E-01   8.9597759E+04   8.9597759E+04   1.1474051E-01   2.7479394E-03   1.7680698E-01   8.9214152E+04   8.9597759E+04   8.4335388E+04   0.0000000E+00   0.0000000E+00   0.0000000E+00   0.0000000E+00
   4.8664495E-01   8.4613990E+04   8.4613990E+04   1.0076722E-01   2.4141449E-03   1.5695913E-01   8.4251713E+04   8.4613990E+04   7.9644326E+04   0.0000000E+00   0.0000000E+00   0.0000000E+00   0.0000000E+00
   5.0489501E-01   7.9883709E+04   7.9883709E+04   8.8373217E-02   2.1174731E-03   1.3737934E-01   7.9541679E+04   7.9883709E+04   7.5191864E+04   0.0000000E+00   0.0000000E+00   0.0000000E+00   0.0000000E+00
   5.2421259E-01   7.5437527E+04   7.5437527E+04   7.7399298E-02   1.8548122E-03   1.2107545E-01   7.5114529E+04   7.5437527E+04   7.1006817E+04   0.0000000E+00   0.0000000E+00   0.0000000E+00   0.0000000E+00
   5.4473703E-01   7.1052582E+04   7.1052582E+04   6.7465732E-02   1.6179156E-03   1.0436230E-01   7.0748353E+04   7.1052582E+04   6.6879410E+04   0.0000000E+00   0.0000000E+00   0.0000000E+00   0.0000000E+00
   5.6663785E-01   6.6761223E+04   6.6761223E+04   5.8587191E-02   1.4050018E-03   9.1297503E-02   6.6475364E+04   6.6761223E+04   6.2840094E+04   0.0000000E+00   0.0000000E+00   0.0000000E+00   0.0000000E+00
   5.9012277E-01   6.2663921E+04   6.2663921E+04   5.0715745E-02   1.2158684E-03   7.9651095E-02   6.2395603E+04   6.2663921E+04   5.8983438E+04   0.0000000E+00   0.0000000E+00   0.0000000E+00   0.0000000E+00
   6.1544793E-01   5.8648833E+04   5.8648833E+04   4.3630192E-02   1.0462367E-03   6.8094162E-02   5.8397703E+04   5.8648833E+04   5.5204167E+04   0.0000000E+00   0.0000000E+00   0.0000000E+00   0.0000000E+00
   6.4293046E-01   5.4723382E+04   5.4723382E+04   3.7312275E-02   8.9458005E-04   5.8476267E-02   5.4489058E+04   5.4723382E+04   5.1509270E+04   0.0000000E+00   0.0000000E+00   0.0000000E+00   0.0000000E+00
   6.7296298E-01   5.0907648E+04   5.0907648E+04   3.1676549E-02   7.5955847E-04   5.0419616E-02   5.0689659E+04   5.0907648E+04   4.7917645E+04   0.0000000E+00   0.0000000E+00   0.0000000E+00   0.0000000E+00
   7.0602853E-01   4.7156326E+04   4.7156326E+04   2.6658880E-02   6.3924666E-04   4.1913117E-02   4.6954398E+04   4.7156326E+04   4.4386651E+04   0.0000000E+00   0.0000000E+00   0.0000000E+00   0.0000000E+00
   7.4271130E-01   4.3490226E+04   4.3490226E+04   2.2217536E-02   5.3276372E-04   3.4610411E-02   4.3303994E+04   4.3490226E+04   4.0935873E+04   0.0000000E+00   0.0000000E+00   0.0000000E+00   0.0000000E+00
   7.8369382E-01   3.9895236E+04   3.9895236E+04   1.8304699E-02   4.3894264E-04   2.8835558E-02   3.9724397E+04   3.9895236E+04   3.7552030E+04   0.0000000E+00   0.0000000E+00   0.0000000E+00   0.0000000E+00
   8.2972545E-01   3.6387792E+04   3.6387792E+04   1.4894403E-02   3.5717404E-04   2.3606334E-02   3.6231970E+04   3.6387792E+04   3.4250590E+04   0.0000000E+00   0.0000000E+00   0.0000000E+00   0.0000000E+00
   8.8154578E-01   3.2987841E+04   3.2987841E+04   1.1961624E-02   2.8685588E-04   1.8887575E-02   3.2846577E+04   3.2987841E+04   3.1050330E+04   0.0000000E+00   0.0000000E+00   0.0000000E+00   0.0000000E+00
   9.3976484E-01   2.9729357E+04   2.9729357E+04   9.4857078E-03   2.2748570E-04   1.4891093E-02   2.9602046E+04   2.9729357E+04   2.7983229E+04   0.0000000E+00   0.0000000E+00   0.0000000E+00   0.0000000E+00
   1.0047479E+00   2.6653710E+04   2.6653710E+04   7.4397888E-03   1.7842286E-04   1.1968102E-02   2.6539569E+04   2.6653710E+04   2.5088227E+04   0.0000000E+00   0.0000000E+00   0.0000000E+00   0.0000000E+00
   1.0765907E+00   2.3798513E+04   2.3798513E+04   5.7857675E-03   1.3875851E-04   9.2340904E-03   2.3696598E+04   2.3798513E+04   2.2400726E+04   0.0000000E+00   0.0000000E+00   0.0000000E+00   0.0000000E+00
   1.1552293E+00   2.1188379E+04   2.1188379E+04   4.4737237E-03   1.0729549E-04   7.2260407E-03   2.1097641E+04   2.1188379E+04   1.9943896E+04   0.0000000E+00   0.0000000E+00   0.0000000E+00   0.0000000E+00
   1.2406141E+00   1.8830111E+04   1.8830111E+04   3.4473307E-03   8.2681914E-05   5.5019268E-03   1.8749472E+04   1.8830111E+04   1.7724139E+04   0.0000000E+00   0.0000000E+00   0.0000000E+00   0.0000000E+00
   1.3328336E+00   1.6715047E+04   1.6715047E+04   2.6513288E-03   6.3591166E-05   4.2817805E-03   1.6643466E+04   1.6715047E+04   1.5733301E+04   0.0000000E+00   0.0000000E+00   0.0000000E+00   0.0000000E+00
   1.4321466E+00   1.4826375E+04   1.4826375E+04   2.0383815E-03   4.8855148E-05   3.2777541E-03   1.4762881E+04   1.4826375E+04   1.3955559E+04   0.0000000E+00   0.0000000E+00   0.0000000E+00   0.0000000E+00
   1.5389544E+00   1.3143627E+04   1.3143627E+04   1.5639078E-03   3.7508528E-05   2.4363192E-03   1.3087340E+04   1.3143627E+04   1.2371646E+04   0.0000000E+00   0.0000000E+00   0.0000000E+00   0.0000000E+00
   1.6537605E+00   1.1646192E+04   1.1646192E+04   1.1999271E-03   2.8781536E-05   1.9644026E-03   1.1596317E+04   1.1646192E+04   1.0962161E+04   0.0000000E+00   0.0000000E+00   0.0000000E+00   0.0000000E+00
   1.7771411E+00   1.0314762E+04   1.0314762E+04   9.2027670E-04   2.2075275E-05   1.4605955E-03   1.0270588E+04   1.0314762E+04   9.7089311E+03   0.0000000E+00   0.0000000E+00   0.0000000E+00   0.0000000E+00
   1.9097291E+00   9.1316439E+03   9.1316439E+03   7.0550624E-04   1.6924404E-05   1.1665905E-03   9.0925371E+03   9.1316439E+03   8.5953028E+03   0.0000000E+00   0.0000000E+00   0.0000000E+00   0.0000000E+00
   2.0522097E+00   8.0808990E+03   8.0808990E+03   5.4063784E-04   1.2970100E-05   8.8872222E-04   8.0462920E+03   8.0808990E+03   7.6062726E+03   0.0000000E+00   0.0000000E+00   0.0000000E+00   0.0000000E+00
   2.2053206E+00   7.1482232E+03   7.1482232E+03   4.1413410E-04   9.9358952E-06   6.6579524E-04   7.1176104E+03   7.1482232E+03   6.7283769E+03   0.0000000E+00   0.0000000E+00   0.0000000E+00   0.0000000E+00
   2.3698548E+00   6.3207444E+03   6.3207444E+03   3.1710845E-04   7.6086401E-06   4.4910997E-04   6.2936752E+03   6.3207444E+03   5.9494995E+03   0.0000000E+00   0.0000000E+00   0.0000000E+00   0.0000000E+00
   2.5466645E+00   5.5869624E+03   5.5869624E+03   2.4272600E-04   5.8242984E-06   3.6329618E-04   5.5630357E+03   5.5869624E+03   5.2588157E+03   0.0000000E+00   0.0000000E+00   0.0000000E+00   0.0000000E+00
   2.7366656E+00   4.9365747E+03   4.9365747E+03   1.8571206E-04   4.4568328E-06   2.8433797E-04   4.9154333E+03   4.9365747E+03   4.6466280E+03   0.0000000E+00   0.0000000E+00   0.0000000E+00   0.0000000E+00
   2.9408423E+00   4.3603626E+03   4.3603626E+03   1.4197550E-04   3.4092833E-06   2.1398143E-04   4.3416889E+03   4.3603626E+03   4.1042594E+03   0.0000000E+00   0.0000000E+00   0.0000000E+00   0.0000000E+00
   3.1602522E+00   3.8500903E+03   3.8500903E+03   1.0860758E-04   2.6070848E-06   1.8590987E-04   3.8336019E+03   3.8500903E+03   3.6239577E+03   0.0000000E+00   0.0000000E+00   0.0000000E+00   0.0000000E+00
   3.3960317E+00   3.3984042E+03   3.3984042E+03   8.3039050E-05   1.9930482E-06   1.0932889E-04   3.3838502E+03   3.3984042E+03   3.1988010E+03   0.0000000E+00   0.0000000E+00   0.0000000E+00   0.0000000E+00
   3.6494023E+00   2.9987423E+03   2.9987423E+03   6.3448371E-05   1.5231435E-06   9.6106710E-05   2.9858998E+03   2.9987423E+03   2.8226130E+03   0.0000000E+00   0.0000000E+00   0.0000000E+00   0.0000000E+00
   3.9216763E+00   2.6452532E+03   2.6452532E+03   4.8466459E-05   1.1636939E-06   7.6677341E-05   2.6339246E+03   2.6452532E+03   2.4898859E+03   0.0000000E+00   0.0000000E+00   0.0000000E+00   0.0000000E+00
   4.2142640E+00   2.3327234E+03   2.3327234E+03   3.7025853E-05   8.8882712E-07   5.3834448E-05   2.3227332E+03   2.3327234E+03   2.1957123E+03   0.0000000E+00   0.0000000E+00   0.0000000E+00   0.0000000E+00
   4.5286811E+00   2.0565099E+03   2.0565099E+03   2.8256562E-05   6.7870020E-07   4.9655228E-05   2.0477027E+03   2.0565099E+03   1.9357221E+03   0.0000000E+00   0.0000000E+00   0.0000000E+00   0.0000000E+00
   4.8665562E+00   1.8124813E+03   1.8124813E+03   2.1564613E-05   5.1812256E-07   2.8568063E-05   1.8047191E+03   1.8124813E+03   1.7060263E+03   0.0000000E+00   0.0000000E+00   0.0000000E+00   0.0000000E+00
   5.2296394E+00   1.5969630E+03   1.5969630E+03   1.6453397E-05   3.9543766E-07   2.4469930E-05   1.5901239E+03   1.5969630E+03   1.5031664E+03   0.0000000E+00   0.0000000E+00   0.0000000E+00   0.0000000E+00
   5.6198114E+00   1.4066890E+03   1.4066890E+03   1.2554411E-05   3.0173698E-07   1.9608188E-05   1.4006647E+03   1.4066890E+03   1.3240680E+03   0.0000000E+00   0.0000000E+00   0.0000000E+00   0.0000000E+00
   6.0390933E+00   1.2387579E+03   1.2387579E+03   9.5648847E-06   2.3018826E-07   1.7573893E-05   1.2334527E+03   1.2387579E+03   1.1660001E+03   0.0000000E+00   0.0000000E+00   0.0000000E+00   0.0000000E+00
   6.4896570E+00   1.0905934E+03   1.0905934E+03   7.2967563E-06   1.7557189E-07   1.3364268E-05   1.0859228E+03   1.0905934E+03   1.0265381E+03   0.0000000E+00   0.0000000E+00   0.0000000E+00   0.0000000E+00
   6.9738362E+00   9.5990980E+02   9.5990980E+02   5.5659039E-06   1.3388910E-07   1.1031676E-05   9.5579887E+02   9.5990980E+02   9.0353007E+02   0.0000000E+00   0.0000000E+00   0.0000000E+00   0.0000000E+00
   7.4941389E+00   8.4467935E+02   8.4467935E+02   4.2382587E-06   1.0208584E-07   7.6096547E-06   8.4106190E+02   8.4467935E+02   7.9506761E+02   0.0000000E+00   0.0000000E+00   0.0000000E+00   0.0000000E+00
   8.0532604E+00   7.4310458E+02   7.4310458E+02   3.2287320E-06   7.7825372E-08   6.9213069E-06   7.3992214E+02   7.4310458E+02   6.9945878E+02   0.0000000E+00   0.0000000E+00   0.0000000E+00   0.0000000E+00
   8.6540966E+00   6.5359273E+02   6.5359273E+02   2.4592743E-06   5.9322993E-08   4.0637397E-06   6.5079363E+02   6.5359273E+02   6.1520435E+02   0.0000000E+00   0.0000000E+00   0.0000000E+00   0.0000000E+00
   9.2997600E+00   5.7473308E+02   5.7473308E+02   1.8723776E-06   4.5214776E-08   2.5291748E-06   5.7227171E+02   5.7473308E+02   5.4097647E+02   0.0000000E+00   0.0000000E+00   0.0000000E+00   0.0000000E+00
   9.9935949E+00   5.0527670E+02   5.0527670E+02   1.4258504E-06   3.4458845E-08   2.3568295E-06   5.0311279E+02   5.0527670E+02   4.7559957E+02   0.0000000E+00   0.0000000E+00   0.0000000E+00   0.0000000E+00
   1.0739195E+01   4.4411835E+02   4.4411835E+02   1.0851983E-06   2.6260198E-08   2.0922791E-06   4.4221635E+02   4.4411835E+02   4.1803332E+02   0.0000000E+00   0.0000000E+00   0.0000000E+00   0.0000000E+00
