#           k/h    CDM            baryon         photon         nu             mass_nu        total          no_nu          total_de       Weyl           v_CDM          v_b            v_b-v_c     
   9.6003079E-06   2.2492786E+07   2.2492786E+07   2.9975844E+07   -2.9198360E+06   -1.0372153E+08   2.2492817E+07   2.2492786E+07   1.1229555E+07   0.0000000E+00   0.0000000E+00   0.0000000E+00   0.0000000E+00
   1.0316566E-05   2.2492814E+07   2.2492814E+07   2.9973632E+07   -2.9197960E+06   -1.0371981E+08   2.2492845E+07   2.2492814E+07   1.1229562E+07   0.0000000E+00   0.0000000E+00   0.0000000E+00   0.0000000E+00
   1.1086263E-05   2.2492847E+07   2.2492847E+07   2.9971078E+07   -2.9197498E+06   -1.0371782E+08   2.2492878E+07   2.2492847E+07   1.1229570E+07   0.0000000E+00   0.0000000E+00   0.0000000E+00   0.0000000E+00
   1.1913385E-05   2.2492885E+07   2.2492885E+07   2.9968129E+07   -2.9196965E+06   -1.0371553E+08   2.2492915E+07   2.2492885E+07   1.1229579E+07   0.0000000E+00   0.0000000E+00   0.0000000E+00   0.0000000E+00
   1.2802216E-05   2.2492928E+07   2.2492928E+07   2.9964724E+07   -2.9196349E+06   -1.0371288E+08   2.2492958E+07   2.2492928E+07   1.1229590E+07   0.0000000E+00   0.0000000E+00   0.0000000E+00   0.0000000E+00
   1.3757362E-05   2.2492978E+07   2.2492978E+07   2.9960792E+07   -2.9195638E+06   -1.0370982E+08   2.2493008E+07   2.2492978E+07   1.1229602E+07   0.0000000E+00   0.0000000E+00   0.0000000E+00   0.0000000E+00
   1.4783769E-05   2.2493037E+07   2.2493037E+07   2.9956253E+07   -2.9194817E+06   -1.0370629E+08   2.2493066E+07   2.2493037E+07   1.1229616E+07   0.0000000E+00   0.0000000E+00   0.0000000E+00   0.0000000E+00
   1.5886754E-05   2.2493104E+07   2.2493104E+07   2.9951011E+07   -2.9193869E+06   -1.0370222E+08   2.2493132E+07   2.2493104E+07   1.1229633E+07   0.0000000E+00   0.0000000E+00   0.0000000E+00   0.0000000E+00
   1.7072030E-05   2.2493181E+07   2.2493181E+07   2.9944959E+07   -2.9192774E+06   -1.0369751E+08   2.2493209E+07   2.2493181E+07   1.1229652E+07   0.0000000E+00   0.0000000E+00   0.0000000E+00   0.0000000E+00
   1.8345737E-05   2.2493271E+07   2.2493271E+07   2.9937971E+07   -2.9191510E+06   -1.0369207E+08   2.2493297E+07   2.2493271E+07   1.1229674E+07   0.0000000E+00   0.0000000E+00   0.0000000E+00   0.0000000E+00
   1.9714472E-05   2.2493374E+07   2.2493374E+07   2.9929904E+07   -2.9190050E+06   -1.0368579E+08   2.2493399E+07   2.2493374E+07   1.1229699E+07   0.0000000E+00   0.0000000E+00   0.0000000E+00   0.0000000E+00
   2.1185326E-05   2.2493493E+07   2.2493493E+07   2.9920591E+07   -2.9188365E+06   -1.0367855E+08   2.2493517E+07   2.2493493E+07   1.1229728E+07   0.0000000E+00   0.0000000E+00   0.0000000E+00   0.0000000E+00
   2.2765918E-05   2.2493631E+07   2.2493631E+07   2.9909839E+07   -2.9186418E+06   -1.0367018E+08   2.2493654E+07   2.2493631E+07   1.1229762E+07   0.0000000E+00   0.0000000E+00   0.0000000E+00   0.0000000E+00
   2.4464433E-05   2.2493790E+07   2.2493790E+07   2.9897427E+07   -2.9184171E+06   -1.0366051E+08   2.2493811E+07   2.2493790E+07   1.1229801E+07   0.0000000E+00   0.0000000E+00   0.0000000E+00   0.0000000E+00
   2.6289672E-05   2.2493974E+07   2.2493974E+07   2.9883099E+07   -2.9181576E+06   -1.0364935E+08   2.2493993E+07   2.2493974E+07   1.1229846E+07   0.0000000E+00   0.0000000E+00   0.0000000E+00   0.0000000E+00
   2.8251087E-05   2.2494186E+07   2.2494186E+07   2.9866562E+07   -2.9178580E+06   -1.0363647E+08   2.2494202E+07   2.2494186E+07   1.1229898E+07   0.0000000E+00   0.0000000E+00   0.0000000E+00   0.0000000E+00
   3.0358839E-05   2.2494431E+07   2.2494431E+07   2.9847474E+07   -2.9175121E+06   -1.0362160E+08   2.2494444E+07   2.2494431E+07   1.1229958E+07   0.0000000E+00   0.0000000E+00   0.0000000E+00   0.0000000E+00
   3.2623846E-05   2.2494714E+07   2.2494714E+07   2.9825445E+07   -2.9171127E+06   -1.0360442E+08   2.2494724E+07   2.2494714E+07   1.1230028E+07   0.0000000E+00   0.0000000E+00   0.0000000E+00   0.0000000E+00
   3.5057840E-05   2.2495040E+07   2.2495040E+07   2.9800025E+07   -2.9166515E+06   -1.0358460E+08   2.2495047E+07   2.2495040E+07   1.1230108E+07   0.0000000E+00   0.0000000E+00   0.0000000E+00   0.0000000E+00
   3.7673430E-05   2.2495417E+07   2.2495417E+07   2.9770693E+07   -2.9161192E+06   -1.0356171E+08   2.2495420E+07   2.2495417E+07   1.1230200E+07   0.0000000E+00   0.0000000E+00   0.0000000E+00   0.0000000E+00
   4.0484163E-05   2.2495852E+07   2.2495852E+07   2.9736853E+07   -2.9155045E+06   -1.0353529E+08   2.2495850E+07   2.2495852E+07   1.1230307E+07   0.0000000E+00   0.0000000E+00   0.0000000E+00   0.0000000E+00
   4.3504598E-05   2.2496354E+07   2.2496354E+07   2.9697816E+07   -2.9147950E+06   -1.0350479E+08   2.2496346E+07   2.2496354E+07   1.1230430E+07   0.0000000E+00   0.0000000E+00   0.0000000E+00   0.0000000E+00
   4.6750382E-05   2.2496934E+07   2.2496934E+07   2.9652793E+07   -2.9139760E+06   -1.0346958E+08   2.2496920E+07   2.2496934E+07   1.1230572E+07   0.0000000E+00   0.0000000E+00   0.0000000E+00   0.0000000E+00
   5.0238326E-05   2.2497603E+07   2.2497603E+07   2.9600875E+07   -2.9130305E+06   -1.0342895E+08   2.2497582E+07   2.2497603E+07   1.1230736E+07   0.0000000E+00   0.0000000E+00   0.0000000E+00   0.0000000E+00
   5.3986498E-05   2.2498375E+07   2.2498375E+07   2.9541020E+07   -2.9119392E+06   -1.0338206E+08   2.2498345E+07   2.2498375E+07   1.1230926E+07   0.0000000E+00   0.0000000E+00   0.0000000E+00   0.0000000E+00
   5.8014314E-05   2.2499267E+07   2.2499267E+07   2.9472032E+07   -2.9106798E+06   -1.0332794E+08   2.2499227E+07   2.2499267E+07   1.1231144E+07   0.0000000E+00   0.0000000E+00   0.0000000E+00   0.0000000E+00
   6.2342636E-05   2.2500295E+07   2.2500295E+07   2.9392541E+07   -2.9092263E+06   -1.0326550E+08   2.2500244E+07   2.2500295E+07   1.1231396E+07   0.0000000E+00   0.0000000E+00   0.0000000E+00   0.0000000E+00
   6.6993885E-05   2.2501482E+07   2.2501482E+07   2.9300979E+07   -2.9075491E+06   -1.0319345E+08   2.2501417E+07   2.2501482E+07   1.1231687E+07   0.0000000E+00   0.0000000E+00   0.0000000E+00   0.0000000E+00
   7.1992153E-05   2.2502851E+07   2.2502851E+07   2.9195555E+07   -2.9056139E+06   -1.0311035E+08   2.2502771E+07   2.2502851E+07   1.1232022E+07   0.0000000E+00   0.0000000E+00   0.0000000E+00   0.0000000E+00
   7.7363331E-05   2.2504430E+07   2.2504430E+07   2.9074224E+07   -2.9033814E+06   -1.0301449E+08   2.2504333E+07   2.2504430E+07   1.1232408E+07   0.0000000E+00   0.0000000E+00   0.0000000E+00   0.0000000E+00
   8.3135241E-05   2.2506252E+07   2.2506252E+07   2.8934662E+07   -2.9008062E+06   -1.0290396E+08   2.2506134E+07   2.2506252E+07   1.1232853E+07   0.0000000E+00   0.0000000E+00   0.0000000E+00   0.0000000E+00
   8.9337781E-05   2.2508352E+07   2.2508352E+07   2.8774225E+07   -2.8978364E+06   -1.0277652E+08   2.2508211E+07   2.2508352E+07   1.1233367E+07   0.0000000E+00   0.0000000E+00   0.0000000E+00   0.0000000E+00
   9.6003079E-05   2.2510773E+07   2.2510773E+07   2.8589922E+07   -2.8944121E+06   -1.0262963E+08   2.2510605E+07   2.2510773E+07   1.1233958E+07   0.0000000E+00   0.0000000E+00   0.0000000E+00   0.0000000E+00
   1.0316566E-04   2.2513564E+07   2.2513564E+07   2.8378374E+07   -2.8904646E+06   -1.0246037E+08   2.2513364E+07   2.2513564E+07   1.1234639E+07   0.0000000E+00   0.0000000E+00   0.0000000E+00   0.0000000E+00
   1.1086263E-04   2.2516779E+07   2.2516779E+07   2.8135782E+07   -2.8859153E+06   -1.0226540E+08   2.2516543E+07   2.2516779E+07   1.1235422E+07   0.0000000E+00   0.0000000E+00   0.0000000E+00   0.0000000E+00
   1.1913385E-04   2.2520482E+07   2.2520482E+07   2.7857893E+07   -2.8806742E+06   -1.0204090E+08   2.2520205E+07   2.2520482E+07   1.1236324E+07   0.0000000E+00   0.0000000E+00   0.0000000E+00   0.0000000E+00
   1.2802216E-04   2.2524745E+07   2.2524745E+07   2.7539973E+07   -2.8746380E+06   -1.0178251E+08   2.2524420E+07   2.2524745E+07   1.1237361E+07   0.0000000E+00   0.0000000E+00   0.0000000E+00   0.0000000E+00
   1.3757362E-04   2.2529651E+07   2.2529651E+07   2.7176786E+07   -2.8676892E+06   -1.0148526E+08   2.2529271E+07   2.2529651E+07   1.1238552E+07   0.0000000E+00   0.0000000E+00   0.0000000E+00   0.0000000E+00
   1.4783769E-04   2.2535294E+07   2.2535294E+07   2.6762585E+07   -2.8596935E+06   -1.0114352E+08   2.2534850E+07   2.2535294E+07   1.1239920E+07   0.0000000E+00   0.0000000E+00   0.0000000E+00   0.0000000E+00
   1.5886754E-04   2.2541779E+07   2.2541779E+07   2.6291131E+07   -2.8504983E+06   -1.0075089E+08   2.2541262E+07   2.2541779E+07   1.1241489E+07   0.0000000E+00   0.0000000E+00   0.0000000E+00   0.0000000E+00
   1.7072030E-04   2.2549229E+07   2.2549229E+07   2.5755725E+07   -2.8399306E+06   -1.0030015E+08   2.2548627E+07   2.2549229E+07   1.1243287E+07   0.0000000E+00   0.0000000E+00   0.0000000E+00   0.0000000E+00
   1.8345737E-04   2.2557778E+07   2.2557778E+07   2.5149291E+07   -2.8277942E+06   -9.9783171E+07   2.2557079E+07   2.2557778E+07   1.1245345E+07   0.0000000E+00   0.0000000E+00   0.0000000E+00   0.0000000E+00
   1.9714472E-04   2.2567579E+07   2.2567579E+07   2.4464504E+07   -2.8138684E+06   -9.9190835E+07   2.2566769E+07   2.2567579E+07   1.1247697E+07   0.0000000E+00   0.0000000E+00   0.0000000E+00   0.0000000E+00
   2.1185326E-04   2.2578805E+07   2.2578805E+07   2.3693981E+07   -2.7979048E+06   -9.8512978E+07   2.2577865E+07   2.2578805E+07   1.1250381E+07   0.0000000E+00   0.0000000E+00   0.0000000E+00   0.0000000E+00
   2.2765918E-04   2.2591644E+07   2.2591644E+07   2.2830562E+07   -2.7796260E+06   -9.7738328E+07   2.2590556E+07   2.2591644E+07   1.1253438E+07   0.0000000E+00   0.0000000E+00   0.0000000E+00   0.0000000E+00
   2.4464433E-04   2.2606307E+07   2.2606307E+07   2.1867691E+07   -2.7587236E+06   -9.6854483E+07   2.2605049E+07   2.2606307E+07   1.1256913E+07   0.0000000E+00   0.0000000E+00   0.0000000E+00   0.0000000E+00
   2.6289672E-04   2.2623025E+07   2.2623025E+07   2.0799919E+07   -2.7348570E+06   -9.5847909E+07   2.2621570E+07   2.2623025E+07   1.1260852E+07   0.0000000E+00   0.0000000E+00   0.0000000E+00   0.0000000E+00
   2.8251087E-04   2.2642047E+07   2.2642047E+07   1.9623550E+07   -2.7076532E+06   -9.4703996E+07   2.2640367E+07   2.2642047E+07   1.1265304E+07   0.0000000E+00   0.0000000E+00   0.0000000E+00   0.0000000E+00
   3.0358839E-04   2.2663641E+07   2.2663641E+07   1.8337439E+07   -2.6767075E+06   -9.3407179E+07   2.2661703E+07   2.2663641E+07   1.1270320E+07   0.0000000E+00   0.0000000E+00   0.0000000E+00   0.0000000E+00
   3.2623846E-04   2.2688091E+07   2.2688091E+07   1.6943943E+07   -2.6415863E+06   -9.1941145E+07   2.2685856E+07   2.2688091E+07   1.1275948E+07   0.0000000E+00   0.0000000E+00   0.0000000E+00   0.0000000E+00
   3.5057840E-04   2.2715686E+07   2.2715686E+07   1.5449990E+07   -2.6018320E+06   -9.0289157E+07   2.2713113E+07   2.2715686E+07   1.1282233E+07   0.0000000E+00   0.0000000E+00   0.0000000E+00   0.0000000E+00
   3.7673430E-04   2.2746723E+07   2.2746723E+07   1.3868224E+07   -2.5569704E+06   -8.8434515E+07   2.2743763E+07   2.2746723E+07   1.1289215E+07   0.0000000E+00   0.0000000E+00   0.0000000E+00   0.0000000E+00
   4.0484163E-04   2.2781486E+07   2.2781486E+07   1.2218103E+07   -2.5065232E+06   -8.6361187E+07   2.2778084E+07   2.2781486E+07   1.1296921E+07   0.0000000E+00   0.0000000E+00   0.0000000E+00   0.0000000E+00
   4.3504598E-04   2.2820236E+07   2.2820236E+07   1.0526782E+07   -2.4500233E+06   -8.4054633E+07   2.2816331E+07   2.2820236E+07   1.1305362E+07   0.0000000E+00   0.0000000E+00   0.0000000E+00   0.0000000E+00
   4.6750382E-04   2.2863192E+07   2.2863192E+07   8.8295220E+06   -2.3870367E+06   -8.1502843E+07   2.2858714E+07   2.2863192E+07   1.1314528E+07   0.0000000E+00   0.0000000E+00   0.0000000E+00   0.0000000E+00
   5.0238326E-04   2.2910503E+07   2.2910503E+07   7.1692970E+06   -2.3171903E+06   -7.8697575E+07   2.2905376E+07   2.2910503E+07   1.1324375E+07   0.0000000E+00   0.0000000E+00   0.0000000E+00   0.0000000E+00
   5.3986498E-04   2.2962223E+07   2.2962223E+07   5.5952040E+06   -2.2402051E+06   -7.5635790E+07   2.2956361E+07   2.2962223E+07   1.1334821E+07   0.0000000E+00   0.0000000E+00   0.0000000E+00   0.0000000E+00
   5.8014314E-04   2.3018274E+07   2.3018274E+07   4.1592879E+06   -2.1559367E+06   -7.2321195E+07   2.3011584E+07   2.3018274E+07   1.1345734E+07   0.0000000E+00   0.0000000E+00   0.0000000E+00   0.0000000E+00
   6.2342636E-04   2.3078406E+07   2.3078406E+07   2.9115221E+06   -2.0644188E+06   -6.8765786E+07   2.3070784E+07   2.3078406E+07   1.1356922E+07   0.0000000E+00   0.0000000E+00   0.0000000E+00   0.0000000E+00
   6.6993885E-04   2.3142158E+07   2.3142158E+07   1.8930052E+06   -1.9659090E+06   -6.4991215E+07   2.3133495E+07   2.3142158E+07   1.1368126E+07   0.0000000E+00   0.0000000E+00   0.0000000E+00   0.0000000E+00
   7.1992153E-04   2.3208822E+07   2.3208822E+07   1.1280118E+06   -1.8609319E+06   -6.1029709E+07   2.3198998E+07   2.3208822E+07   1.1379011E+07   0.0000000E+00   0.0000000E+00   0.0000000E+00   0.0000000E+00
   7.7363331E-04   2.3277411E+07   2.3277411E+07   6.1636531E+05   -1.7503115E+06   -5.6924266E+07   2.3266300E+07   2.3277411E+07   1.1389167E+07   0.0000000E+00   0.0000000E+00   0.0000000E+00   0.0000000E+00
   8.3135241E-04   2.3346643E+07   2.3346643E+07   3.2854106E+05   -1.6351860E+06   -5.2727790E+07   2.3334114E+07   2.3346643E+07   1.1398115E+07   0.0000000E+00   0.0000000E+00   0.0000000E+00   0.0000000E+00
   8.9337781E-04   2.3414953E+07   2.3414953E+07   2.0655660E+05   -1.5169933E+06   -4.8500942E+07   2.3400871E+07   2.3414953E+07   1.1405315E+07   0.0000000E+00   0.0000000E+00   0.0000000E+00   0.0000000E+00
   9.6003079E-04   2.3480527E+07   2.3480527E+07   1.7339532E+05   -1.3974211E+06   -4.4308608E+07   2.3464758E+07   2.3480527E+07   1.1410193E+07   0.0000000E+00   0.0000000E+00   0.0000000E+00   0.0000000E+00
   1.0316566E-03   2.3541381E+07   2.3541381E+07   1.5159653E+05   -1.2783144E+06   -4.0215231E+07   2.3523793E+07   2.3541381E+07   1.1412171E+07   0.0000000E+00   0.0000000E+00   0.0000000E+00   0.0000000E+00
   1.1086263E-03   2.3595467E+07   2.3595467E+07   8.7288596E+04   -1.1615454E+06   -3.6279614E+07   2.3575935E+07   2.3595467E+07   1.1410702E+07   0.0000000E+00   0.0000000E+00   0.0000000E+00   0.0000000E+00
   1.1913385E-03   2.3640801E+07   2.3640801E+07   -2.9755975E+04   -1.0488616E+06   -3.2550172E+07   2.3619209E+07   2.3640801E+07   1.1405298E+07   0.0000000E+00   0.0000000E+00   0.0000000E+00   0.0000000E+00
   1.2802216E-03   2.3675592E+07   2.3675592E+07   -1.6319029E+05   -9.4173742E+05   -2.9061747E+07   2.3651842E+07   2.3675592E+07   1.1395562E+07   0.0000000E+00   0.0000000E+00   0.0000000E+00   0.0000000E+00
   1.3757362E-03   2.3698345E+07   2.3698345E+07   -2.5366708E+05   -8.4126733E+05   -2.5834823E+07   2.3672355E+07   2.3698345E+07   1.1381184E+07   0.0000000E+00   0.0000000E+00   0.0000000E+00   0.0000000E+00
   1.4783769E-03   2.3707901E+07   2.3707901E+07   -2.6286149E+05   -7.4812761E+05   -2.2877181E+07   2.3679608E+07   2.3707901E+07   1.1361933E+07   0.0000000E+00   0.0000000E+00   0.0000000E+00   0.0000000E+00
   1.5886754E-03   2.3703418E+07   2.3703418E+07   -2.0957712E+05   -6.6261631E+05   -2.0187073E+07   2.3672778E+07   2.3703418E+07   1.1337622E+07   0.0000000E+00   0.0000000E+00   0.0000000E+00   0.0000000E+00
   1.7072030E-03   2.3684303E+07   2.3684303E+07   -1.6044459E+05   -5.8474519E+05   -1.7756421E+07   2.3651292E+07   2.3684303E+07   1.1308081E+07   0.0000000E+00   0.0000000E+00   0.0000000E+00   0.0000000E+00
   1.8345737E-03   2.3650136E+07   2.3650136E+07   -1.6754599E+05   -5.1433504E+05   -1.5572999E+07   2.3614738E+07   2.3650136E+07   1.1273138E+07   0.0000000E+00   0.0000000E+00   0.0000000E+00   0.0000000E+00
   1.9714472E-03   2.3600613E+07   2.3600613E+07   -2.0891328E+05   -4.5107496E+05   -1.3621748E+07   2.3562821E+07   2.3600613E+07   1.1232620E+07   0.0000000E+00   0.0000000E+00   0.0000000E+00   0.0000000E+00
   2.1185326E-03   2.3535519E+07   2.3535519E+07   -2.1446118E+05   -3.9454939E+05   -1.1885994E+07   2.3495324E+07   2.3535519E+07   1.1186361E+07   0.0000000E+00   0.0000000E+00   0.0000000E+00   0.0000000E+00
   2.2765918E-03   2.3454699E+07   2.3454699E+07   -1.6711485E+05   -3.4427019E+05   -1.0348513E+07   2.3412087E+07   2.3454699E+07   1.1134201E+07   0.0000000E+00   0.0000000E+00   0.0000000E+00   0.0000000E+00
   2.4464433E-03   2.3358013E+07   2.3358013E+07   -1.3176036E+05   -2.9972725E+05   -8.9917212E+06   2.3312963E+07   2.3358013E+07   1.1075967E+07   0.0000000E+00   0.0000000E+00   0.0000000E+00   0.0000000E+00
   2.6289672E-03   2.3245314E+07   2.3245314E+07   -1.3963452E+05   -2.6041970E+05   -7.7977231E+06   2.3197798E+07   2.3245314E+07   1.1011475E+07   0.0000000E+00   0.0000000E+00   0.0000000E+00   0.0000000E+00
   2.8251087E-03   2.3116445E+07   2.3116445E+07   -1.3376760E+05   -2.2584857E+05   -6.7497115E+06   2.3066439E+07   2.3116445E+07   1.0940537E+07   0.0000000E+00   0.0000000E+00   0.0000000E+00   0.0000000E+00
   3.0358839E-03   2.2971242E+07   2.2971242E+07   -1.0458264E+05   -1.9552256E+05   -5.8327770E+06   2.2918727E+07   2.2971242E+07   1.0862964E+07   0.0000000E+00   0.0000000E+00   0.0000000E+00   0.0000000E+00
   3.2623846E-03   2.2809510E+07   2.2809510E+07   -1.0157507E+05   -1.6899024E+05   -5.0322692E+06   2.2754477E+07   2.2809510E+07   1.0778561E+07   0.0000000E+00   0.0000000E+00   0.0000000E+00   0.0000000E+00
   3.5057840E-03   2.2631026E+07   2.2631026E+07   -9.0948565E+04   -1.4583460E+05   -4.3344630E+06   2.2573479E+07   2.2631026E+07   1.0687124E+07   0.0000000E+00   0.0000000E+00   0.0000000E+00   0.0000000E+00
   3.7673430E-03   2.2435552E+07   2.2435552E+07   -7.1737373E+04   -1.2566268E+05   -3.7280395E+06   2.2375512E+07   2.2435552E+07   1.0588454E+07   0.0000000E+00   0.0000000E+00   0.0000000E+00   0.0000000E+00
   4.0484163E-03   2.2222822E+07   2.2222822E+07   -7.4229657E+04   -1.0812775E+05   -3.2014427E+06   2.2160339E+07   2.2222822E+07   1.0482349E+07   0.0000000E+00   0.0000000E+00   0.0000000E+00   0.0000000E+00
   4.3504598E-03   2.1992570E+07   2.1992570E+07   -5.6119299E+04   -9.2910932E+04   -2.7451243E+06   2.1927733E+07   2.1992570E+07   1.0368623E+07   0.0000000E+00   0.0000000E+00   0.0000000E+00   0.0000000E+00
   4.6750382E-03   2.1744534E+07   2.1744534E+07   -5.5065444E+04   -7.9726418E+04   -2.3504590E+06   2.1677471E+07   2.1744534E+07   1.0247098E+07   0.0000000E+00   0.0000000E+00   0.0000000E+00   0.0000000E+00
   5.0238326E-03   2.1478465E+07   2.1478465E+07   -4.3529379E+04   -6.8320946E+04   -2.0093997E+06   2.1409310E+07   2.1478465E+07   1.0117594E+07   0.0000000E+00   0.0000000E+00   0.0000000E+00   0.0000000E+00
   5.3986498E-03   2.1194111E+07   2.1194111E+07   -4.1778460E+04   -5.8467753E+04   -1.7152874E+06   2.1122974E+07   2.1194111E+07   9.9799222E+06   0.0000000E+00   0.0000000E+00   0.0000000E+00   0.0000000E+00
   5.8014314E-03   2.0891207E+07   2.0891207E+07   -3.3289139E+04   -4.9967731E+04   -1.4621019E+06   2.0818203E+07   2.0891207E+07   9.8339086E+06   0.0000000E+00   0.0000000E+00   0.0000000E+00   0.0000000E+00
   6.2342636E-03   2.0569480E+07   2.0569480E+07   -2.9358613E+04   -4.2645743E+04   -1.2441722E+06   2.0494781E+07   2.0569480E+07   9.6794054E+06   0.0000000E+00   0.0000000E+00   0.0000000E+00   0.0000000E+00
   6.6993885E-03   2.0228671E+07   2.0228671E+07   -2.7054454E+04   -3.6345358E+04   -1.0571560E+06   2.0152495E+07   2.0228671E+07   9.5162725E+06   0.0000000E+00   0.0000000E+00   0.0000000E+00   0.0000000E+00
   7.1992153E-03   1.9868557E+07   1.9868557E+07   -2.2201204E+04   -3.0931091E+04   -8.9675226E+05   1.9791109E+07   1.9868557E+07   9.3443625E+06   0.0000000E+00   0.0000000E+00   0.0000000E+00   0.0000000E+00
   7.7363331E-03   1.9488934E+07   1.9488934E+07   -1.8172715E+04   -2.6284398E+04   -7.5935678E+05   1.9410417E+07   1.9488934E+07   9.1635471E+06   0.0000000E+00   0.0000000E+00   0.0000000E+00   0.0000000E+00
   8.3135241E-03   1.9089599E+07   1.9089599E+07   -1.5442029E+04   -2.2301339E+04   -6.4184201E+05   1.9010246E+07   1.9089599E+07   8.9737179E+06   0.0000000E+00   0.0000000E+00   0.0000000E+00   0.0000000E+00
   8.9337781E-03   1.8670348E+07   1.8670348E+07   -1.3470196E+04   -1.8891229E+04   -5.4151605E+05   1.8590411E+07   1.8670348E+07   8.7747636E+06   0.0000000E+00   0.0000000E+00   0.0000000E+00   0.0000000E+00
   9.6003079E-03   1.8231007E+07   1.8231007E+07   -1.1408730E+04   -1.5975296E+04   -4.5599454E+05   1.8150739E+07   1.8231007E+07   8.5665816E+06   0.0000000E+00   0.0000000E+00   0.0000000E+00   0.0000000E+00
   1.0316566E-02   1.7771432E+07   1.7771432E+07   -9.5841401E+03   -1.3485169E+04   -3.8320297E+05   1.7691089E+07   1.7771432E+07   8.3490882E+06   0.0000000E+00   0.0000000E+00   0.0000000E+00   0.0000000E+00
   1.1086263E-02   1.7291495E+07   1.7291495E+07   -8.3208408E+03   -1.1361455E+04   -3.2133439E+05   1.7211363E+07   1.7291495E+07   8.1222210E+06   0.0000000E+00   0.0000000E+00   0.0000000E+00   0.0000000E+00
   1.1913385E-02   1.6791120E+07   1.6791120E+07   -7.5187334E+03   -9.5526314E+03   -2.6882101E+05   1.6711465E+07   1.6791120E+07   7.8859216E+06   0.0000000E+00   0.0000000E+00   0.0000000E+00   0.0000000E+00
   1.2802216E-02   1.6270295E+07   1.6270295E+07   -6.1355839E+03   -8.0142788E+03   -2.2431351E+05   1.6191402E+07   1.6270295E+07   7.6401813E+06   0.0000000E+00   0.0000000E+00   0.0000000E+00   0.0000000E+00
   1.3757362E-02   1.5729094E+07   1.5729094E+07   -5.0901947E+03   -6.7077934E+03   -1.8673916E+05   1.5651245E+07   1.5729094E+07   7.3850232E+06   0.0000000E+00   0.0000000E+00   0.0000000E+00   0.0000000E+00
   1.4783769E-02   1.5167740E+07   1.5167740E+07   -4.3177106E+03   -5.6000876E+03   -1.5497294E+05   1.5091216E+07   1.5167740E+07   7.1205435E+06   0.0000000E+00   0.0000000E+00   0.0000000E+00   0.0000000E+00
   1.5886754E-02   1.4586640E+07   1.4586640E+07   -3.7422164E+03   -4.6624680E+03   -1.2826389E+05   1.4511721E+07   1.4586640E+07   6.8469260E+06   0.0000000E+00   0.0000000E+00   0.0000000E+00   0.0000000E+00
   1.7072030E-02   1.3986482E+07   1.3986482E+07   -3.0059658E+03   -3.8703601E+03   -1.0581176E+05   1.3913441E+07   1.3986482E+07   6.5644854E+06   0.0000000E+00   0.0000000E+00   0.0000000E+00   0.0000000E+00
   1.8345737E-02   1.3368316E+07   1.3368316E+07   -2.4729725E+03   -3.2025602E+03   -8.6985972E+04   1.3297413E+07   1.3368316E+07   6.2737062E+06   0.0000000E+00   0.0000000E+00   0.0000000E+00   0.0000000E+00
   1.9714472E-02   1.2733684E+07   1.2733684E+07   -2.0856858E+03   -2.6408895E+03   -7.1247512E+04   1.2665171E+07   1.2733684E+07   5.9753059E+06   0.0000000E+00   0.0000000E+00   0.0000000E+00   0.0000000E+00
   2.1185324E-02   1.2084748E+07   1.2084748E+07   -1.7713119E+03   -2.1697508E+03   -5.8122772E+04   1.2018857E+07   1.2084748E+07   5.6702915E+06   0.0000000E+00   0.0000000E+00   0.0000000E+00   0.0000000E+00
   2.2765902E-02   1.1424450E+07   1.1424450E+07   -1.3590678E+03   -1.7757616E+03   -4.7227564E+04   1.1361390E+07   1.1424450E+07   5.3600363E+06   0.0000000E+00   0.0000000E+00   0.0000000E+00   0.0000000E+00
   2.4464351E-02   1.0756678E+07   1.0756678E+07   -1.1864035E+03   -1.4474649E+03   -3.8215991E+04   1.0696627E+07   1.0756678E+07   5.0463572E+06   0.0000000E+00   0.0000000E+00   0.0000000E+00   0.0000000E+00
   2.6289288E-02   1.0086431E+07   1.0086431E+07   -9.4111806E+02   -1.1750551E+03   -3.0796264E+04   1.0029532E+07   1.0086431E+07   4.7315924E+06   0.0000000E+00   0.0000000E+00   0.0000000E+00   0.0000000E+00
   2.8249536E-02   9.4200010E+06   9.4200010E+06   -7.5975368E+02   -9.5014998E+02   -2.4712188E+04   9.3663497E+06   9.4200010E+06   4.4186864E+06   0.0000000E+00   0.0000000E+00   0.0000000E+00   0.0000000E+00
   3.0353322E-02   8.7651635E+06   8.7651635E+06   -6.3187517E+02   -7.6559950E+02   -1.9755544E+04   8.7148020E+06   8.7651635E+06   4.1112794E+06   0.0000000E+00   0.0000000E+00   0.0000000E+00   0.0000000E+00
   3.2606451E-02   8.1313430E+06   8.1313430E+06   -4.8050824E+02   -6.1532551E+02   -1.5750761E+04   8.0842474E+06   8.1313430E+06   3.8137848E+06   0.0000000E+00   0.0000000E+00   0.0000000E+00   0.0000000E+00
   3.5008922E-02   7.5295835E+06   7.5295835E+06   -4.1168546E+02   -4.9415649E+02   -1.2550609E+04   7.4856550E+06   7.5295835E+06   3.5313756E+06   0.0000000E+00   0.0000000E+00   0.0000000E+00   0.0000000E+00
   3.7550234E-02   6.9719132E+06   6.9719132E+06   -3.2909022E+02   -3.9763636E+02   -1.0022343E+04   6.9309708E+06   6.9719132E+06   3.2696860E+06   0.0000000E+00   0.0000000E+00   0.0000000E+00   0.0000000E+00
   4.0205578E-02   6.4695961E+06   6.4695961E+06   -2.6795018E+02   -3.2179615E+02   -8.0485445E+03   6.4313810E+06   6.4695961E+06   3.0339919E+06   0.0000000E+00   0.0000000E+00   0.0000000E+00   0.0000000E+00
   4.2937092E-02   6.0303325E+06   6.0303325E+06   -2.2125552E+02   -2.6295285E+02   -6.5264082E+03   5.9945287E+06   6.0303325E+06   2.8278978E+06   0.0000000E+00   0.0000000E+00   0.0000000E+00   0.0000000E+00
   4.5702534E-02   5.6557471E+06   5.6557471E+06   -1.7774457E+02   -2.1764342E+02   -5.3623181E+03   5.6220167E+06   5.6557471E+06   2.6521588E+06   0.0000000E+00   0.0000000E+00   0.0000000E+00   0.0000000E+00
   4.8467036E-02   5.3409936E+06   5.3409936E+06   -1.4333622E+02   -1.8272925E+02   -4.4728755E+03   5.3090167E+06   5.3409936E+06   2.5044965E+06   0.0000000E+00   0.0000000E+00   0.0000000E+00   0.0000000E+00
   5.1210140E-02   5.0767281E+06   5.0767281E+06   -1.2241706E+02   -1.5556099E+02   -3.7854964E+03   5.0462312E+06   5.0767281E+06   2.3805242E+06   0.0000000E+00   0.0000000E+00   0.0000000E+00   0.0000000E+00
   5.3925435E-02   4.8518761E+06   4.8518761E+06   -1.0855285E+02   -1.3406249E+02   -3.2439426E+03   4.8226447E+06   4.8518761E+06   2.2750449E+06   0.0000000E+00   0.0000000E+00   0.0000000E+00   0.0000000E+00
   5.6616150E-02   4.6557041E+06   4.6557041E+06   -9.6624382E+01   -1.1669464E+02   -2.8081063E+03   4.6275826E+06   4.6557041E+06   2.1830227E+06   0.0000000E+00   0.0000000E+00   0.0000000E+00   0.0000000E+00
   5.9290616E-02   4.4788527E+06   4.4788527E+06   -8.5600746E+01   -1.0235427E+02   -2.4500342E+03   4.4517379E+06   4.4788527E+06   2.1000668E+06   0.0000000E+00   0.0000000E+00   0.0000000E+00   0.0000000E+00
   6.1959167E-02   4.3136648E+06   4.3136648E+06   -7.5746833E+01   -9.0263975E+01   -2.1498423E+03   4.2874971E+06   4.3136648E+06   2.0225855E+06   0.0000000E+00   0.0000000E+00   0.0000000E+00   0.0000000E+00
   6.4632439E-02   4.1541875E+06   4.1541875E+06   -6.7039897E+01   -7.9879382E+01   -1.8933755E+03   4.1289413E+06   4.1541875E+06   1.9477864E+06   0.0000000E+00   0.0000000E+00   0.0000000E+00   0.0000000E+00
   6.7320588E-02   3.9960681E+06   3.9960681E+06   -5.9040434E+01   -7.0820492E+01   -1.6708666E+03   3.9717426E+06   3.9960681E+06   1.8736279E+06   0.0000000E+00   0.0000000E+00   0.0000000E+00   0.0000000E+00
   7.0033013E-02   3.8364370E+06   3.8364370E+06   -5.1282746E+01   -6.2822932E+01   -1.4756202E+03   3.8130480E+06   3.8364370E+06   1.7987640E+06   0.0000000E+00   0.0000000E+00   0.0000000E+00   0.0000000E+00
   7.2778316E-02   3.6737972E+06   3.6737972E+06   -4.4014572E+01   -5.5703415E+01   -1.3032012E+03   3.6513687E+06   3.6737972E+06   1.7224923E+06   0.0000000E+00   0.0000000E+00   0.0000000E+00   0.0000000E+00
   7.5564378E-02   3.5079119E+06   3.5079119E+06   -3.9055654E+01   -4.9335647E+01   -1.1504068E+03   3.4864686E+06   3.5079119E+06   1.6447016E+06   0.0000000E+00   0.0000000E+00   0.0000000E+00   0.0000000E+00
   7.8398455E-02   3.3396736E+06   3.3396736E+06   -3.6738398E+01   -4.3632725E+01   -1.0134251E+03   3.3192346E+06   3.3396736E+06   1.5658100E+06   0.0000000E+00   0.0000000E+00   0.0000000E+00   0.0000000E+00
   8.1287296E-02   3.1709371E+06   3.1709371E+06   -3.1277686E+01   -3.8533927E+01   -8.9082485E+02   3.1515094E+06   3.1709371E+06   1.4866868E+06   0.0000000E+00   0.0000000E+00   0.0000000E+00   0.0000000E+00
   8.4237241E-02   3.0043018E+06   3.0043018E+06   -2.7856090E+01   -3.3994988E+01   -7.8383888E+02   2.9858762E+06   3.0043018E+06   1.4085506E+06   0.0000000E+00   0.0000000E+00   0.0000000E+00   0.0000000E+00
   8.7254309E-02   2.8428394E+06   2.8428394E+06   -2.3970047E+01   -2.9980428E+01   -6.8814275E+02   2.8253874E+06   2.8428394E+06   1.3328414E+06   0.0000000E+00   0.0000000E+00   0.0000000E+00   0.0000000E+00
   9.0344271E-02   2.6897683E+06   2.6897683E+06   -2.2242619E+01   -2.6457812E+01   -6.0518456E+02   2.6732412E+06   2.6897683E+06   1.2610678E+06   0.0000000E+00   0.0000000E+00   0.0000000E+00   0.0000000E+00
   9.3512715E-02   2.5480900E+06   2.5480900E+06   -1.9712071E+01   -2.3393538E+01   -5.3355888E+02   2.5324203E+06   2.5480900E+06   1.1946369E+06   0.0000000E+00   0.0000000E+00   0.0000000E+00   0.0000000E+00
   9.6765091E-02   2.4202135E+06   2.4202135E+06   -1.7377032E+01   -2.0750223E+01   -4.7173206E+02   2.4053185E+06   2.4202135E+06   1.1346778E+06   0.0000000E+00   0.0000000E+00   0.0000000E+00   0.0000000E+00
   1.0010676E-01   2.3076056E+06   2.3076056E+06   -1.5609404E+01   -1.8485332E+01   -4.1874820E+02   2.2933931E+06   2.3076056E+06   1.0818782E+06   0.0000000E+00   0.0000000E+00   0.0000000E+00   0.0000000E+00
   1.0354302E-01   2.2105132E+06   2.2105132E+06   -1.3819239E+01   -1.6551281E+01   -3.7340409E+02   2.1968891E+06   2.2105132E+06   1.0363534E+06   0.0000000E+00   0.0000000E+00   0.0000000E+00   0.0000000E+00
   1.0707915E-01   2.1278094E+06   2.1278094E+06   -1.1783946E+01   -1.4896779E+01   -3.3520250E+02   2.1146865E+06   2.1278094E+06   9.9757509E+05   0.0000000E+00   0.0000000E+00   0.0000000E+00   0.0000000E+00
   1.1072039E-01   2.0570109E+06   2.0570109E+06   -1.1402530E+01   -1.3469197E+01   -3.0204892E+02   2.0443168E+06   2.0570109E+06   9.6437886E+05   0.0000000E+00   0.0000000E+00   0.0000000E+00   0.0000000E+00
   1.1447202E-01   1.9944966E+06   1.9944966E+06   -9.9468077E+00   -1.2217619E+01   -2.7334651E+02   1.9821811E+06   1.9944966E+06   9.3506695E+05   0.0000000E+00   0.0000000E+00   0.0000000E+00   0.0000000E+00
   1.1833934E-01   1.9359365E+06   1.9359365E+06   -8.8966776E+00   -1.1096271E+01   -2.4740842E+02   1.9239760E+06   1.9359365E+06   9.0760928E+05   0.0000000E+00   0.0000000E+00   0.0000000E+00   0.0000000E+00
   1.2232766E-01   1.8768980E+06   1.8768980E+06   -8.1719671E+00   -1.0067641E+01   -2.2384376E+02   1.8652961E+06   1.8768980E+06   8.7992769E+05   0.0000000E+00   0.0000000E+00   0.0000000E+00   0.0000000E+00
   1.2644235E-01   1.8135548E+06   1.8135548E+06   -7.6756271E+00   -9.1048666E+00   -2.0174265E+02   1.8023390E+06   1.8135548E+06   8.5022837E+05   0.0000000E+00   0.0000000E+00   0.0000000E+00   0.0000000E+00
   1.3068883E-01   1.7433825E+06   1.7433825E+06   -6.5492965E+00   -8.1928436E+00   -1.8091549E+02   1.7325957E+06   1.7433825E+06   8.1732776E+05   0.0000000E+00   0.0000000E+00   0.0000000E+00   0.0000000E+00
   1.3507258E-01   1.6656926E+06   1.6656926E+06   -6.1536732E+00   -7.3277314E+00   -1.6133194E+02   1.6553819E+06   1.6656926E+06   7.8090312E+05   0.0000000E+00   0.0000000E+00   0.0000000E+00   0.0000000E+00
   1.3959914E-01   1.5818589E+06   1.5818589E+06   -5.4852924E+00   -6.5147979E+00   -1.4311383E+02   1.5720632E+06   1.5818589E+06   7.4159855E+05   0.0000000E+00   0.0000000E+00   0.0000000E+00   0.0000000E+00
   1.4427411E-01   1.4951231E+06   1.4951231E+06   -4.8570066E+00   -5.7648510E+00   -1.2622840E+02   1.4858608E+06   1.4951231E+06   7.0093369E+05   0.0000000E+00   0.0000000E+00   0.0000000E+00   0.0000000E+00
   1.4910317E-01   1.4099459E+06   1.4099459E+06   -4.1180113E+00   -5.0898637E+00   -1.1109403E+02   1.4012080E+06   1.4099459E+06   6.6099987E+05   0.0000000E+00   0.0000000E+00   0.0000000E+00   0.0000000E+00
   1.5409207E-01   1.3309879E+06   1.3309879E+06   -3.7720508E+00   -4.4986419E+00   -9.7999618E+01   1.3227364E+06   1.3309879E+06   6.2398193E+05   0.0000000E+00   0.0000000E+00   0.0000000E+00   0.0000000E+00
   1.5924667E-01   1.2619258E+06   1.2619258E+06   -3.3133230E+00   -3.9934947E+00   -8.6803921E+01   1.2540999E+06   1.2619258E+06   5.9160356E+05   0.0000000E+00   0.0000000E+00   0.0000000E+00   0.0000000E+00
   1.6457289E-01   1.2044150E+06   1.2044150E+06   -2.9994511E+00   -3.5687291E+00   -7.7337698E+01   1.1969434E+06   1.2044150E+06   5.6464076E+05   0.0000000E+00   0.0000000E+00   0.0000000E+00   0.0000000E+00
   1.7007677E-01   1.1575329E+06   1.1575329E+06   -2.6229900E+00   -3.2113912E+00   -6.9336191E+01   1.1503500E+06   1.1575329E+06   5.4266093E+05   0.0000000E+00   0.0000000E+00   0.0000000E+00   0.0000000E+00
   1.7576447E-01   1.1179571E+06   1.1179571E+06   -2.4321718E+00   -2.9040879E+00   -6.2610679E+01   1.1110179E+06   1.1179571E+06   5.2410653E+05   0.0000000E+00   0.0000000E+00   0.0000000E+00   0.0000000E+00
   1.8164226E-01   1.0809325E+06   1.0809325E+06   -2.1831536E+00   -2.6291092E+00   -5.6554014E+01   1.0742213E+06   1.0809325E+06   5.0674822E+05   0.0000000E+00   0.0000000E+00   0.0000000E+00   0.0000000E+00
   1.8771657E-01   1.0418009E+06   1.0418009E+06   -1.9807579E+00   -2.3725736E+00   -5.0863150E+01   1.0353311E+06   1.0418009E+06   4.8840226E+05   0.0000000E+00   0.0000000E+00   0.0000000E+00   0.0000000E+00
   1.9399402E-01   9.9760608E+05   9.9760608E+05   -1.7313572E+00   -2.1272465E+00   -4.5528567E+01   9.9140928E+05   9.9760608E+05   4.6768277E+05   0.0000000E+00   0.0000000E+00   0.0000000E+00   0.0000000E+00
   2.0048138E-01   9.4815683E+05   9.4815683E+05   -1.5296527E+00   -1.8930474E+00   -4.0402335E+01   9.4226589E+05   9.4815683E+05   4.4450006E+05   0.0000000E+00   0.0000000E+00   0.0000000E+00   0.0000000E+00
   2.0718570E-01   8.9604611E+05   8.9604611E+05   -1.3728622E+00   -1.6750727E+00   -3.5685939E+01   8.9047777E+05   8.9604611E+05   4.2006975E+05   0.0000000E+00   0.0000000E+00   0.0000000E+00   0.0000000E+00
   2.1411426E-01   8.4550267E+05   8.4550267E+05   -1.2226624E+00   -1.4799271E+00   -3.1412820E+01   8.4024738E+05   8.4550267E+05   3.9637428E+05   0.0000000E+00   0.0000000E+00   0.0000000E+00   0.0000000E+00
   2.2127466E-01   8.0047754E+05   8.0047754E+05   -1.0917324E+00   -1.3118895E+00   -2.7793162E+01   7.9550119E+05   8.0047754E+05   3.7526590E+05   0.0000000E+00   0.0000000E+00   0.0000000E+00   0.0000000E+00
   2.2867486E-01   7.6281089E+05   7.6281089E+05   -9.5501024E-01   -1.1705450E+00   -2.4740224E+01   7.5806787E+05   7.6281089E+05   3.5760726E+05   0.0000000E+00   0.0000000E+00   0.0000000E+00   0.0000000E+00
   2.3632323E-01   7.3140775E+05   7.3140775E+05   -8.7712049E-01   -1.0508790E+00   -2.2195800E+01   7.2685924E+05   7.3140775E+05   3.4288503E+05   0.0000000E+00   0.0000000E+00   0.0000000E+00   0.0000000E+00
   2.4422862E-01   7.0293093E+05   7.0293093E+05   -7.8759378E-01   -9.4563597E-01   -1.9919667E+01   6.9855882E+05   7.0293093E+05   3.2953472E+05   0.0000000E+00   0.0000000E+00   0.0000000E+00   0.0000000E+00
   2.5240045E-01   6.7371697E+05   6.7371697E+05   -6.9283933E-01   -8.4859267E-01   -1.7836492E+01   6.6952595E+05   6.7371697E+05   3.1583888E+05   0.0000000E+00   0.0000000E+00   0.0000000E+00   0.0000000E+00
   2.6084876E-01   6.4185351E+05   6.4185351E+05   -6.2225674E-01   -7.5693292E-01   -1.5862304E+01   6.3786015E+05   6.4185351E+05   3.0090100E+05   0.0000000E+00   0.0000000E+00   0.0000000E+00   0.0000000E+00
   2.6958436E-01   6.0814305E+05   6.0814305E+05   -5.4878489E-01   -6.7144593E-01   -1.4054441E+01   6.0435893E+05   6.0814305E+05   2.8509728E+05   0.0000000E+00   0.0000000E+00   0.0000000E+00   0.0000000E+00
   2.7861890E-01   5.7529648E+05   5.7529648E+05   -4.8802451E-01   -5.9465015E-01   -1.2412930E+01   5.7171631E+05   5.7529648E+05   2.6969860E+05   0.0000000E+00   0.0000000E+00   0.0000000E+00   0.0000000E+00
   2.8796503E-01   5.4587777E+05   5.4587777E+05   -4.3227808E-01   -5.2820642E-01   -1.1008623E+01   5.4248028E+05   5.4587777E+05   2.5590694E+05   0.0000000E+00   0.0000000E+00   0.0000000E+00   0.0000000E+00
   2.9763651E-01   5.2047156E+05   5.2047156E+05   -3.8865522E-01   -4.7142275E-01   -9.8041027E+00   5.1723184E+05   5.2047156E+05   2.4399635E+05   0.0000000E+00   0.0000000E+00   0.0000000E+00   0.0000000E+00
   3.0764846E-01   4.9746067E+05   4.9746067E+05   -3.4532581E-01   -4.2172955E-01   -8.7571285E+00   4.9436386E+05   4.9746067E+05   2.3320872E+05   0.0000000E+00   0.0000000E+00   0.0000000E+00   0.0000000E+00
   3.1801750E-01   4.7456306E+05   4.7456306E+05   -3.1063748E-01   -3.7650849E-01   -7.8044700E+00   4.7160851E+05   4.7456306E+05   2.2247422E+05   0.0000000E+00   0.0000000E+00   0.0000000E+00   0.0000000E+00
   3.2876201E-01   4.5078413E+05   4.5078413E+05   -2.7490285E-01   -3.3464605E-01   -6.9260097E+00   4.4797736E+05   4.5078413E+05   2.1132657E+05   0.0000000E+00   0.0000000E+00   0.0000000E+00   0.0000000E+00
   3.3990242E-01   4.2703610E+05   4.2703610E+05   -2.4346134E-01   -2.9657468E-01   -6.1227625E+00   4.2437698E+05   4.2703610E+05   2.0019344E+05   0.0000000E+00   0.0000000E+00   0.0000000E+00   0.0000000E+00
   3.5146156E-01   4.0491586E+05   4.0491586E+05   -2.1752721E-01   -2.6301759E-01   -5.4224483E+00   4.0239426E+05   4.0491586E+05   1.8982342E+05   0.0000000E+00   0.0000000E+00   0.0000000E+00   0.0000000E+00
   3.6346505E-01   3.8496748E+05   3.8496748E+05   -1.9248880E-01   -2.3381535E-01   -4.8099374E+00   3.8256993E+05   3.8496748E+05   1.8047159E+05   0.0000000E+00   0.0000000E+00   0.0000000E+00   0.0000000E+00
   3.7594178E-01   3.6628078E+05   3.6628078E+05   -1.7116978E-01   -2.0794379E-01   -4.2726061E+00   3.6399944E+05   3.6628078E+05   1.7171124E+05   0.0000000E+00   0.0000000E+00   0.0000000E+00   0.0000000E+00
   3.8892452E-01   3.4774692E+05   3.4774692E+05   -1.5245820E-01   -1.8446087E-01   -3.7822849E+00   3.4558087E+05   3.4774692E+05   1.6302255E+05   0.0000000E+00   0.0000000E+00   0.0000000E+00   0.0000000E+00
   4.0245065E-01   3.2933651E+05   3.2933651E+05   -1.3448646E-01   -1.6314902E-01   -3.3404881E+00   3.2728500E+05   3.2933651E+05   1.5439175E+05   0.0000000E+00   0.0000000E+00   0.0000000E+00   0.0000000E+00
   4.1656304E-01   3.1182253E+05   3.1182253E+05   -1.1907236E-01   -1.4418318E-01   -2.9478274E+00   3.0988000E+05   3.1182253E+05   1.4618120E+05   0.0000000E+00   0.0000000E+00   0.0000000E+00   0.0000000E+00
   4.3131119E-01   2.9551559E+05   2.9551559E+05   -1.0505164E-01   -1.2745773E-01   -2.6024344E+00   2.9367454E+05   2.9551559E+05   1.3853652E+05   0.0000000E+00   0.0000000E+00   0.0000000E+00   0.0000000E+00
   4.4675259E-01   2.7990668E+05   2.7990668E+05   -9.2952652E-02   -1.1252401E-01   -2.2926726E+00   2.7816277E+05   2.7990668E+05   1.3121907E+05   0.0000000E+00   0.0000000E+00   0.0000000E+00   0.0000000E+00
   4.6295449E-01   2.6459182E+05   2.6459182E+05   -8.1723431E-02   -9.9052342E-02   -2.0156595E+00   2.6294325E+05   2.6459182E+05   1.2403949E+05   0.0000000E+00   0.0000000E+00   0.0000000E+00   0.0000000E+00
   4.7999615E-01   2.4980483E+05   2.4980483E+05   -7.1767243E-02   -8.6993872E-02   -1.7677851E+00   2.4824830E+05   2.4980483E+05   1.1710737E+05   0.0000000E+00   0.0000000E+00   0.0000000E+00   0.0000000E+00
   4.9797168E-01   2.3575677E+05   2.3575677E+05   -6.2989671E-02   -7.6281142E-02   -1.5482325E+00   2.3428771E+05   2.3575677E+05   1.1052167E+05   0.0000000E+00   0.0000000E+00   0.0000000E+00   0.0000000E+00
   5.1699366E-01   2.2220918E+05   2.2220918E+05   -5.5086326E-02   -6.6704200E-02   -1.3511135E+00   2.2082448E+05   2.2220918E+05   1.0417060E+05   0.0000000E+00   0.0000000E+00   0.0000000E+00   0.0000000E+00
   5.3719794E-01   2.0901690E+05   2.0901690E+05   -4.7966399E-02   -5.8112983E-02   -1.1755837E+00   2.0771435E+05   2.0901690E+05   9.7986089E+04   0.0000000E+00   0.0000000E+00   0.0000000E+00   0.0000000E+00
   5.5874966E-01   1.9629883E+05   1.9629883E+05   -4.1635907E-02   -5.0447854E-02   -1.0187890E+00   1.9507549E+05   1.9629883E+05   9.2023899E+04   0.0000000E+00   0.0000000E+00   0.0000000E+00   0.0000000E+00
   5.8185111E-01   1.8399774E+05   1.8399774E+05   -3.5998113E-02   -4.3606100E-02   -8.7959492E-01   1.8285101E+05   1.8399774E+05   8.6257187E+04   0.0000000E+00   0.0000000E+00   0.0000000E+00   0.0000000E+00
   6.0675160E-01   1.7201053E+05   1.7201053E+05   -3.0949740E-02   -3.7487872E-02   -7.5474212E-01   1.7093847E+05   1.7201053E+05   8.0637625E+04   0.0000000E+00   0.0000000E+00   0.0000000E+00   0.0000000E+00
   6.3375974E-01   1.6036104E+05   1.6036104E+05   -2.6449981E-02   -3.2033651E-02   -6.4406964E-01   1.5936155E+05   1.6036104E+05   7.5176388E+04   0.0000000E+00   0.0000000E+00   0.0000000E+00   0.0000000E+00
   6.6325771E-01   1.4899362E+05   1.4899362E+05   -2.2439052E-02   -2.7174341E-02   -5.4563171E-01   1.4806495E+05   1.4899362E+05   6.9847386E+04   0.0000000E+00   0.0000000E+00   0.0000000E+00   0.0000000E+00
   6.9571604E-01   1.3788555E+05   1.3788555E+05   -1.8876621E-02   -2.2856498E-02   -4.5818877E-01   1.3702609E+05   1.3788555E+05   6.4639971E+04   0.0000000E+00   0.0000000E+00   0.0000000E+00   0.0000000E+00
   7.3170481E-01   1.2702307E+05   1.2702307E+05   -1.5725029E-02   -1.9035528E-02   -3.8127518E-01   1.2623129E+05   1.2702307E+05   5.9547691E+04   0.0000000E+00   0.0000000E+00   0.0000000E+00   0.0000000E+00
   7.7189238E-01   1.1640626E+05   1.1640626E+05   -1.2943807E-02   -1.5675319E-02   -3.1326275E-01   1.1568064E+05   1.1640626E+05   5.4570581E+04   0.0000000E+00   0.0000000E+00   0.0000000E+00   0.0000000E+00
   8.1701694E-01   1.0605994E+05   1.0605994E+05   -1.0530090E-02   -1.2748000E-02   -2.5432833E-01   1.0539879E+05   1.0605994E+05   4.9720276E+04   0.0000000E+00   0.0000000E+00   0.0000000E+00   0.0000000E+00
   8.6781444E-01   9.6044398E+04   9.6044398E+04   -8.4521661E-03   -1.0232227E-02   -2.0390284E-01   9.5445668E+04   9.6044398E+04   4.5025040E+04   0.0000000E+00   0.0000000E+00   0.0000000E+00   0.0000000E+00
   9.2490244E-01   8.6454901E+04   8.6454901E+04   -6.6985829E-03   -8.1086567E-03   -1.6130324E-01   8.5915937E+04   8.6454901E+04   4.0529534E+04   0.0000000E+00   0.0000000E+00   0.0000000E+00   0.0000000E+00
   9.8866293E-01   7.7411437E+04   7.7411437E+04   -5.2496016E-03   -6.3541758E-03   -1.2615956E-01   7.6928838E+04   7.7411437E+04   3.6290007E+04   0.0000000E+00   0.0000000E+00   0.0000000E+00   0.0000000E+00
   1.0592085E+00   6.9025311E+04   6.9025311E+04   -4.0821976E-03   -4.9362281E-03   -9.7888353E-02   6.8594984E+04   6.9025311E+04   3.2358638E+04   0.0000000E+00   0.0000000E+00   0.0000000E+00   0.0000000E+00
   1.1364820E+00   6.1366666E+04   6.1366666E+04   -3.1491450E-03   -3.8120329E-03   -7.5472484E-02   6.0984078E+04   6.1366666E+04   2.8768309E+04   0.0000000E+00   0.0000000E+00   0.0000000E+00   0.0000000E+00
   1.2204276E+00   5.4455388E+04   5.4455388E+04   -2.4236738E-03   -2.9333592E-03   -5.8014953E-02   5.4115882E+04   5.4455388E+04   2.5528342E+04   0.0000000E+00   0.0000000E+00   0.0000000E+00   0.0000000E+00
   1.3111206E+00   4.8268019E+04   4.8268019E+04   -1.8615425E-03   -2.2527972E-03   -4.4468520E-02   4.7967084E+04   4.8268019E+04   2.2627741E+04   0.0000000E+00   0.0000000E+00   0.0000000E+00   0.0000000E+00
   1.4088048E+00   4.2751898E+04   4.2751898E+04   -1.4282072E-03   -1.7282280E-03   -3.4069537E-02   4.2485351E+04   4.2751898E+04   2.0041817E+04   0.0000000E+00   0.0000000E+00   0.0000000E+00   0.0000000E+00
   1.5138677E+00   3.7845967E+04   3.7845967E+04   -1.0944519E-03   -1.3249217E-03   -2.6109824E-02   3.7610005E+04   3.7845967E+04   1.7741946E+04   0.0000000E+00   0.0000000E+00   0.0000000E+00   0.0000000E+00
   1.6268011E+00   3.3488295E+04   3.3488295E+04   -8.3903553E-04   -1.0152429E-03   -1.9971025E-02   3.3279500E+04   3.3488295E+04   1.5699097E+04   0.0000000E+00   0.0000000E+00   0.0000000E+00   0.0000000E+00
   1.7481700E+00   2.9620139E+04   2.9620139E+04   -6.4269782E-04   -7.7761541E-04   -1.5289985E-02   2.9435460E+04   2.9620139E+04   1.3885729E+04   0.0000000E+00   0.0000000E+00   0.0000000E+00   0.0000000E+00
   1.8785964E+00   2.6188828E+04   2.6188828E+04   -4.9210476E-04   -5.9537895E-04   -1.1681850E-02   2.6025542E+04   2.6188828E+04   1.2277152E+04   0.0000000E+00   0.0000000E+00   0.0000000E+00   0.0000000E+00
   2.0187543E+00   2.3146298E+04   2.3146298E+04   -3.7665760E-04   -4.5567806E-04   -8.9345642E-03   2.3001980E+04   2.3146298E+04   1.0850833E+04   0.0000000E+00   0.0000000E+00   0.0000000E+00   0.0000000E+00
   2.1693692E+00   2.0449890E+04   2.0449890E+04   -2.8822824E-04   -3.4863153E-04   -6.8250838E-03   2.0322384E+04   2.0449890E+04   9.5867746E+03   0.0000000E+00   0.0000000E+00   0.0000000E+00   0.0000000E+00
   2.3312211E+00   1.8061285E+04   1.8061285E+04   -2.2037336E-04   -2.6663870E-04   -5.2261173E-03   1.7948672E+04   1.8061285E+04   8.4670122E+03   0.0000000E+00   0.0000000E+00   0.0000000E+00   0.0000000E+00
   2.5051484E+00   1.5946234E+04   1.5946234E+04   -1.6850505E-04   -2.0385977E-04   -3.9896722E-03   1.5846808E+04   1.5946234E+04   7.4754900E+03   0.0000000E+00   0.0000000E+00   0.0000000E+00   0.0000000E+00
   2.6920521E+00   1.4074234E+04   1.4074234E+04   -1.2879542E-04   -1.5581056E-04   -3.0466970E-03   1.3986479E+04   1.4074234E+04   6.5979081E+03   0.0000000E+00   0.0000000E+00   0.0000000E+00   0.0000000E+00
   2.8929003E+00   1.2418021E+04   1.2418021E+04   -9.8410272E-05   -1.1904823E-04   -2.3263918E-03   1.2340593E+04   1.2418021E+04   5.8214865E+03   0.0000000E+00   0.0000000E+00   0.0000000E+00   0.0000000E+00
   3.1087333E+00   1.0953297E+04   1.0953297E+04   -7.5161879E-05   -9.0931370E-05   -1.7758233E-03   1.0885002E+04   1.0953297E+04   5.1348334E+03   0.0000000E+00   0.0000000E+00   0.0000000E+00   0.0000000E+00
   3.3406691E+00   9.6584196E+03   9.6584196E+03   -5.7396226E-05   -6.9434127E-05   -1.3550664E-03   9.5981977E+03   9.6584196E+03   4.5278033E+03   0.0000000E+00   0.0000000E+00   0.0000000E+00   0.0000000E+00
   3.5899092E+00   8.5141190E+03   8.5141190E+03   -4.3814920E-05   -5.3003478E-05   -1.0334548E-03   8.4610320E+03   8.5141190E+03   3.9913627E+03   0.0000000E+00   0.0000000E+00   0.0000000E+00   0.0000000E+00
   3.8577445E+00   7.5032491E+03   7.5032491E+03   -3.3436640E-05   -4.0449335E-05   -7.9016660E-04   7.4564649E+03   7.5032491E+03   3.5174735E+03   0.0000000E+00   0.0000000E+00   0.0000000E+00   0.0000000E+00
   4.1455625E+00   6.6105625E+03   6.6105625E+03   -2.5510642E-05   -3.0860110E-05   -6.0273008E-04   6.5693443E+03   6.6105625E+03   3.0989879E+03   0.0000000E+00   0.0000000E+00   0.0000000E+00   0.0000000E+00
   4.4548539E+00   5.8225086E+03   5.8225086E+03   -1.9444803E-05   -2.3537796E-05   -4.5838874E-04   5.7862041E+03   5.8225086E+03   2.7295535E+03   0.0000000E+00   0.0000000E+00   0.0000000E+00   0.0000000E+00
   4.7872208E+00   5.1270517E+03   5.1270517E+03   -1.4837162E-05   -1.7948138E-05   -3.4930144E-04   5.0950834E+03   5.1270517E+03   2.4035279E+03   0.0000000E+00   0.0000000E+00   0.0000000E+00   0.0000000E+00
   5.1443850E+00   4.5135068E+03   4.5135068E+03   -1.1311290E-05   -1.3682366E-05   -2.6695020E-04   4.4853641E+03   4.5135068E+03   2.1159021E+03   0.0000000E+00   0.0000000E+00   0.0000000E+00   0.0000000E+00
   5.5281964E+00   3.9723936E+03   3.9723936E+03   -8.6206145E-06   -1.0427834E-05   -2.0329281E-04   3.9476249E+03   3.9723936E+03   1.8622318E+03   0.0000000E+00   0.0000000E+00   0.0000000E+00   0.0000000E+00
   5.9406431E+00   3.4953045E+03   3.4953045E+03   -6.5652348E-06   -7.9454927E-06   -1.5458451E-04   3.4735105E+03   3.4953045E+03   1.6385756E+03   0.0000000E+00   0.0000000E+00   0.0000000E+00   0.0000000E+00
   6.3838616E+00   3.0747867E+03   3.0747867E+03   -5.0051162E-06   -6.0526258E-06   -1.1739106E-04   3.0556147E+03   3.0747867E+03   1.4414396E+03   0.0000000E+00   0.0000000E+00   0.0000000E+00   0.0000000E+00
   6.8601477E+00   2.7042372E+03   2.7042372E+03   -3.8105870E-06   -4.6096248E-06   -8.9121531E-05   2.6873757E+03   2.7042372E+03   1.2677285E+03   0.0000000E+00   0.0000000E+00   0.0000000E+00   0.0000000E+00
   7.3719684E+00   2.3778084E+03   2.3778084E+03   -2.9018216E-06   -3.5098477E-06   -6.8195384E-05   2.3629821E+03   2.3778084E+03   1.1147008E+03   0.0000000E+00   0.0000000E+00   0.0000000E+00   0.0000000E+00
   7.9219749E+00   2.0903236E+03   2.0903236E+03   -2.2088418E-06   -2.6718630E-06   -5.2030705E-05   2.0772900E+03   2.0903236E+03   9.7992984E+02   0.0000000E+00   0.0000000E+00   0.0000000E+00   0.0000000E+00
   8.5130163E+00   1.8372028E+03   1.8372028E+03   -1.6814961E-06   -2.0335054E-06   -3.9486860E-05   1.8257473E+03   1.8372028E+03   8.6126845E+02   0.0000000E+00   0.0000000E+00   0.0000000E+00   0.0000000E+00
   9.1481539E+00   1.6143945E+03   1.6143945E+03   -1.2791937E-06   -1.5473322E-06   -3.0018010E-05   1.6043283E+03   1.6143945E+03   7.5681740E+02   0.0000000E+00   0.0000000E+00   0.0000000E+00   0.0000000E+00
   9.8306778E+00   1.4183169E+03   1.4183169E+03   -9.7316119E-07   -1.1771468E-06   -2.2827608E-05   1.4094734E+03   1.4183169E+03   6.6489755E+02   0.0000000E+00   0.0000000E+00   0.0000000E+00   0.0000000E+00
   1.0564123E+01   1.2458044E+03   1.2458044E+03   -7.4024516E-07   -8.9534019E-07   -1.7471053E-05   1.2380365E+03   1.2458044E+03   5.8402484E+02   0.0000000E+00   0.0000000E+00   0.0000000E+00   0.0000000E+00
