#           k/h    CDM            baryon         photon         nu             mass_nu        total          no_nu          total_de       Weyl           v_CDM          v_b            v_b-v_c     
   9.3751215E-06   1.7705655E+07   1.7705655E+07   2.3599736E+07   -3.9090838E+05   -1.2148499E+07   1.7705736E+07   1.7705655E+07   1.3196883E+07   0.0000000E+00   0.0000000E+00   0.0000000E+00   0.0000000E+00
   1.0074579E-05   1.7705655E+07   1.7705655E+07   2.3598528E+07   -3.9090456E+05   -1.2148328E+07   1.7705735E+07   1.7705655E+07   1.3196883E+07   0.0000000E+00   0.0000000E+00   0.0000000E+00   0.0000000E+00
   1.0826221E-05   1.7705654E+07   1.7705654E+07   2.3597132E+07   -3.9090015E+05   -1.2148130E+07   1.7705734E+07   1.7705654E+07   1.3196882E+07   0.0000000E+00   0.0000000E+00   0.0000000E+00   0.0000000E+00
   1.1633942E-05   1.7705654E+07   1.7705654E+07   2.3595521E+07   -3.9089506E+05   -1.2147901E+07   1.7705733E+07   1.7705654E+07   1.3196881E+07   0.0000000E+00   0.0000000E+00   0.0000000E+00   0.0000000E+00
   1.2501925E-05   1.7705653E+07   1.7705653E+07   2.3593661E+07   -3.9088917E+05   -1.2147637E+07   1.7705733E+07   1.7705653E+07   1.3196880E+07   0.0000000E+00   0.0000000E+00   0.0000000E+00   0.0000000E+00
   1.3434667E-05   1.7705652E+07   1.7705652E+07   2.3591513E+07   -3.9088238E+05   -1.2147333E+07   1.7705731E+07   1.7705652E+07   1.3196879E+07   0.0000000E+00   0.0000000E+00   0.0000000E+00   0.0000000E+00
   1.4436998E-05   1.7705652E+07   1.7705652E+07   2.3589033E+07   -3.9087454E+05   -1.2146981E+07   1.7705730E+07   1.7705652E+07   1.3196878E+07   0.0000000E+00   0.0000000E+00   0.0000000E+00   0.0000000E+00
   1.5514111E-05   1.7705651E+07   1.7705651E+07   2.3586169E+07   -3.9086548E+05   -1.2146574E+07   1.7705729E+07   1.7705651E+07   1.3196876E+07   0.0000000E+00   0.0000000E+00   0.0000000E+00   0.0000000E+00
   1.6671585E-05   1.7705650E+07   1.7705650E+07   2.3582862E+07   -3.9085502E+05   -1.2146105E+07   1.7705727E+07   1.7705650E+07   1.3196874E+07   0.0000000E+00   0.0000000E+00   0.0000000E+00   0.0000000E+00
   1.7915416E-05   1.7705649E+07   1.7705649E+07   2.3579044E+07   -3.9084295E+05   -1.2145563E+07   1.7705725E+07   1.7705649E+07   1.3196872E+07   0.0000000E+00   0.0000000E+00   0.0000000E+00   0.0000000E+00
   1.9252047E-05   1.7705647E+07   1.7705647E+07   2.3574636E+07   -3.9082900E+05   -1.2144938E+07   1.7705723E+07   1.7705647E+07   1.3196870E+07   0.0000000E+00   0.0000000E+00   0.0000000E+00   0.0000000E+00
   2.0688400E-05   1.7705646E+07   1.7705646E+07   2.3569546E+07   -3.9081290E+05   -1.2144215E+07   1.7705720E+07   1.7705646E+07   1.3196867E+07   0.0000000E+00   0.0000000E+00   0.0000000E+00   0.0000000E+00
   2.2231917E-05   1.7705644E+07   1.7705644E+07   2.3563670E+07   -3.9079430E+05   -1.2143381E+07   1.7705717E+07   1.7705644E+07   1.3196864E+07   0.0000000E+00   0.0000000E+00   0.0000000E+00   0.0000000E+00
   2.3890592E-05   1.7705642E+07   1.7705642E+07   2.3556887E+07   -3.9077283E+05   -1.2142418E+07   1.7705714E+07   1.7705642E+07   1.3196860E+07   0.0000000E+00   0.0000000E+00   0.0000000E+00   0.0000000E+00
   2.5673017E-05   1.7705639E+07   1.7705639E+07   2.3549055E+07   -3.9074804E+05   -1.2141306E+07   1.7705709E+07   1.7705639E+07   1.3196856E+07   0.0000000E+00   0.0000000E+00   0.0000000E+00   0.0000000E+00
   2.7588425E-05   1.7705636E+07   1.7705636E+07   2.3540014E+07   -3.9071941E+05   -1.2140022E+07   1.7705705E+07   1.7705636E+07   1.3196852E+07   0.0000000E+00   0.0000000E+00   0.0000000E+00   0.0000000E+00
   2.9646737E-05   1.7705633E+07   1.7705633E+07   2.3529578E+07   -3.9068635E+05   -1.2138539E+07   1.7705699E+07   1.7705633E+07   1.3196846E+07   0.0000000E+00   0.0000000E+00   0.0000000E+00   0.0000000E+00
   3.1858616E-05   1.7705629E+07   1.7705629E+07   2.3517532E+07   -3.9064818E+05   -1.2136827E+07   1.7705693E+07   1.7705629E+07   1.3196840E+07   0.0000000E+00   0.0000000E+00   0.0000000E+00   0.0000000E+00
   3.4235518E-05   1.7705625E+07   1.7705625E+07   2.3503629E+07   -3.9060411E+05   -1.2134851E+07   1.7705686E+07   1.7705625E+07   1.3196832E+07   0.0000000E+00   0.0000000E+00   0.0000000E+00   0.0000000E+00
   3.6789756E-05   1.7705620E+07   1.7705620E+07   2.3487583E+07   -3.9055323E+05   -1.2132569E+07   1.7705678E+07   1.7705620E+07   1.3196824E+07   0.0000000E+00   0.0000000E+00   0.0000000E+00   0.0000000E+00
   3.9534559E-05   1.7705614E+07   1.7705614E+07   2.3469067E+07   -3.9049447E+05   -1.2129935E+07   1.7705668E+07   1.7705614E+07   1.3196814E+07   0.0000000E+00   0.0000000E+00   0.0000000E+00   0.0000000E+00
   4.2484147E-05   1.7705607E+07   1.7705607E+07   2.3447701E+07   -3.9042664E+05   -1.2126894E+07   1.7705657E+07   1.7705607E+07   1.3196802E+07   0.0000000E+00   0.0000000E+00   0.0000000E+00   0.0000000E+00
   4.5653797E-05   1.7705600E+07   1.7705600E+07   2.3423052E+07   -3.9034832E+05   -1.2123384E+07   1.7705644E+07   1.7705600E+07   1.3196789E+07   0.0000000E+00   0.0000000E+00   0.0000000E+00   0.0000000E+00
   4.9059928E-05   1.7705591E+07   1.7705591E+07   2.3394617E+07   -3.9025791E+05   -1.2119331E+07   1.7705629E+07   1.7705591E+07   1.3196774E+07   0.0000000E+00   0.0000000E+00   0.0000000E+00   0.0000000E+00
   5.2720182E-05   1.7705580E+07   1.7705580E+07   2.3361822E+07   -3.9015353E+05   -1.2114654E+07   1.7705612E+07   1.7705580E+07   1.3196756E+07   0.0000000E+00   0.0000000E+00   0.0000000E+00   0.0000000E+00
   5.6653521E-05   1.7705568E+07   1.7705568E+07   2.3324004E+07   -3.9003304E+05   -1.2109256E+07   1.7705592E+07   1.7705568E+07   1.3196736E+07   0.0000000E+00   0.0000000E+00   0.0000000E+00   0.0000000E+00
   6.0880317E-05   1.7705555E+07   1.7705555E+07   2.3280404E+07   -3.8989395E+05   -1.2103027E+07   1.7705569E+07   1.7705555E+07   1.3196712E+07   0.0000000E+00   0.0000000E+00   0.0000000E+00   0.0000000E+00
   6.5422465E-05   1.7705538E+07   1.7705538E+07   2.3230151E+07   -3.8973340E+05   -1.2095838E+07   1.7705543E+07   1.7705538E+07   1.3196685E+07   0.0000000E+00   0.0000000E+00   0.0000000E+00   0.0000000E+00
   7.0303493E-05   1.7705520E+07   1.7705520E+07   2.3172246E+07   -3.8954810E+05   -1.2087544E+07   1.7705512E+07   1.7705520E+07   1.3196653E+07   0.0000000E+00   0.0000000E+00   0.0000000E+00   0.0000000E+00
   7.5548684E-05   1.7705498E+07   1.7705498E+07   2.3105547E+07   -3.8933424E+05   -1.2077976E+07   1.7705477E+07   1.7705498E+07   1.3196617E+07   0.0000000E+00   0.0000000E+00   0.0000000E+00   0.0000000E+00
   8.1185207E-05   1.7705473E+07   1.7705473E+07   2.3028750E+07   -3.8908746E+05   -1.2066939E+07   1.7705436E+07   1.7705473E+07   1.3196575E+07   0.0000000E+00   0.0000000E+00   0.0000000E+00   0.0000000E+00
   8.7242259E-05   1.7705445E+07   1.7705445E+07   2.2940363E+07   -3.8880271E+05   -1.2054210E+07   1.7705388E+07   1.7705445E+07   1.3196526E+07   0.0000000E+00   0.0000000E+00   0.0000000E+00   0.0000000E+00
   9.3751215E-05   1.7705411E+07   1.7705411E+07   2.2838693E+07   -3.8847419E+05   -1.2039534E+07   1.7705333E+07   1.7705411E+07   1.3196469E+07   0.0000000E+00   0.0000000E+00   0.0000000E+00   0.0000000E+00
   1.0074579E-04   1.7705372E+07   1.7705372E+07   2.2721814E+07   -3.8809522E+05   -1.2022615E+07   1.7705270E+07   1.7705372E+07   1.3196404E+07   0.0000000E+00   0.0000000E+00   0.0000000E+00   0.0000000E+00
   1.0826221E-04   1.7705327E+07   1.7705327E+07   2.2587544E+07   -3.8765814E+05   -1.2003117E+07   1.7705196E+07   1.7705327E+07   1.3196328E+07   0.0000000E+00   0.0000000E+00   0.0000000E+00   0.0000000E+00
   1.1633942E-04   1.7705275E+07   1.7705275E+07   2.2433420E+07   -3.8715412E+05   -1.1980654E+07   1.7705111E+07   1.7705275E+07   1.3196240E+07   0.0000000E+00   0.0000000E+00   0.0000000E+00   0.0000000E+00
   1.2501925E-04   1.7705213E+07   1.7705213E+07   2.2256672E+07   -3.8657305E+05   -1.1954783E+07   1.7705012E+07   1.7705213E+07   1.3196138E+07   0.0000000E+00   0.0000000E+00   0.0000000E+00   0.0000000E+00
   1.3434667E-04   1.7705142E+07   1.7705142E+07   2.2054198E+07   -3.8590331E+05   -1.1925000E+07   1.7704897E+07   1.7705142E+07   1.3196020E+07   0.0000000E+00   0.0000000E+00   0.0000000E+00   0.0000000E+00
   1.4436998E-04   1.7705060E+07   1.7705060E+07   2.1822545E+07   -3.8513162E+05   -1.1890730E+07   1.7704764E+07   1.7705060E+07   1.3195882E+07   0.0000000E+00   0.0000000E+00   0.0000000E+00   0.0000000E+00
   1.5514111E-04   1.7704963E+07   1.7704963E+07   2.1557891E+07   -3.8424274E+05   -1.1851320E+07   1.7704609E+07   1.7704963E+07   1.3195722E+07   0.0000000E+00   0.0000000E+00   0.0000000E+00   0.0000000E+00
   1.6671585E-04   1.7704850E+07   1.7704850E+07   2.1256042E+07   -3.8321929E+05   -1.1806026E+07   1.7704429E+07   1.7704850E+07   1.3195536E+07   0.0000000E+00   0.0000000E+00   0.0000000E+00   0.0000000E+00
   1.7915416E-04   1.7704717E+07   1.7704717E+07   2.0912438E+07   -3.8204145E+05   -1.1754009E+07   1.7704219E+07   1.7704717E+07   1.3195318E+07   0.0000000E+00   0.0000000E+00   0.0000000E+00   0.0000000E+00
   1.9252047E-04   1.7704562E+07   1.7704562E+07   2.0522185E+07   -3.8068663E+05   -1.1694322E+07   1.7703975E+07   1.7704562E+07   1.3195065E+07   0.0000000E+00   0.0000000E+00   0.0000000E+00   0.0000000E+00
   2.0688400E-04   1.7704379E+07   1.7704379E+07   2.0080106E+07   -3.7912921E+05   -1.1625902E+07   1.7703690E+07   1.7704379E+07   1.3194769E+07   0.0000000E+00   0.0000000E+00   0.0000000E+00   0.0000000E+00
   2.2231917E-04   1.7704163E+07   1.7704163E+07   1.9580833E+07   -3.7734017E+05   -1.1547559E+07   1.7703357E+07   1.7704163E+07   1.3194423E+07   0.0000000E+00   0.0000000E+00   0.0000000E+00   0.0000000E+00
   2.3890592E-04   1.7703908E+07   1.7703908E+07   1.9018950E+07   -3.7528675E+05   -1.1457972E+07   1.7702967E+07   1.7703908E+07   1.3194017E+07   0.0000000E+00   0.0000000E+00   0.0000000E+00   0.0000000E+00
   2.5673017E-04   1.7703606E+07   1.7703606E+07   1.8389186E+07   -3.7293215E+05   -1.1355682E+07   1.7702509E+07   1.7703606E+07   1.3193541E+07   0.0000000E+00   0.0000000E+00   0.0000000E+00   0.0000000E+00
   2.7588425E-04   1.7703247E+07   1.7703247E+07   1.7686694E+07   -3.7023518E+05   -1.1239091E+07   1.7701971E+07   1.7703247E+07   1.3192980E+07   0.0000000E+00   0.0000000E+00   0.0000000E+00   0.0000000E+00
   2.9646737E-04   1.7702818E+07   1.7702818E+07   1.6907409E+07   -3.6715006E+05   -1.1106467E+07   1.7701338E+07   1.7702818E+07   1.3192319E+07   0.0000000E+00   0.0000000E+00   0.0000000E+00   0.0000000E+00
   3.1858616E-04   1.7702304E+07   1.7702304E+07   1.6048512E+07   -3.6362618E+05   -1.0955955E+07   1.7700589E+07   1.7702304E+07   1.3191537E+07   0.0000000E+00   0.0000000E+00   0.0000000E+00   0.0000000E+00
   3.4235518E-04   1.7701686E+07   1.7701686E+07   1.5109003E+07   -3.5960817E+05   -1.0785598E+07   1.7699703E+07   1.7701686E+07   1.3190611E+07   0.0000000E+00   0.0000000E+00   0.0000000E+00   0.0000000E+00
   3.6789756E-04   1.7700940E+07   1.7700940E+07   1.4090375E+07   -3.5503599E+05   -1.0593372E+07   1.7698650E+07   1.7700940E+07   1.3189511E+07   0.0000000E+00   0.0000000E+00   0.0000000E+00   0.0000000E+00
   3.9534559E-04   1.7700036E+07   1.7700036E+07   1.2997387E+07   -3.4984542E+05   -1.0377240E+07   1.7697396E+07   1.7700036E+07   1.3188199E+07   0.0000000E+00   0.0000000E+00   0.0000000E+00   0.0000000E+00
   4.2484147E-04   1.7698935E+07   1.7698935E+07   1.1838872E+07   -3.4396894E+05   -1.0135216E+07   1.7695896E+07   1.7698935E+07   1.3186633E+07   0.0000000E+00   0.0000000E+00   0.0000000E+00   0.0000000E+00
   4.5653797E-04   1.7697589E+07   1.7697589E+07   1.0628518E+07   -3.3733708E+05   -9.8654676E+06   1.7694096E+07   1.7697589E+07   1.3184757E+07   0.0000000E+00   0.0000000E+00   0.0000000E+00   0.0000000E+00
   4.9059928E-04   1.7695937E+07   1.7695937E+07   9.3854884E+06   -3.2988044E+05   -9.5664342E+06   1.7691928E+07   1.7695937E+07   1.3182503E+07   0.0000000E+00   0.0000000E+00   0.0000000E+00   0.0000000E+00
   5.2720182E-04   1.7693899E+07   1.7693899E+07   8.1346915E+06   -3.2153257E+05   -9.2369754E+06   1.7689308E+07   1.7693899E+07   1.3179790E+07   0.0000000E+00   0.0000000E+00   0.0000000E+00   0.0000000E+00
   5.6653521E-04   1.7691379E+07   1.7691379E+07   6.9064789E+06   -3.1223378E+05   -8.8765482E+06   1.7686130E+07   1.7691379E+07   1.3176517E+07   0.0000000E+00   0.0000000E+00   0.0000000E+00   0.0000000E+00
   6.0880317E-04   1.7688251E+07   1.7688251E+07   5.7354758E+06   -3.0193607E+05   -8.4854013E+06   1.7682264E+07   1.7688251E+07   1.3172562E+07   0.0000000E+00   0.0000000E+00   0.0000000E+00   0.0000000E+00
   6.5422465E-04   1.7684360E+07   1.7684360E+07   4.6582830E+06   -2.9060916E+05   -8.0647773E+06   1.7677545E+07   1.7684360E+07   1.3167776E+07   0.0000000E+00   0.0000000E+00   0.0000000E+00   0.0000000E+00
   7.0303493E-04   1.7679510E+07   1.7679510E+07   3.7098731E+06   -2.7824760E+05   -7.6171004E+06   1.7671774E+07   1.7679510E+07   1.3161983E+07   0.0000000E+00   0.0000000E+00   0.0000000E+00   0.0000000E+00
   7.5548684E-04   1.7673461E+07   1.7673461E+07   2.9187466E+06   -2.6487846E+05   -7.1461177E+06   1.7664704E+07   1.7673461E+07   1.3154972E+07   0.0000000E+00   0.0000000E+00   0.0000000E+00   0.0000000E+00
   8.1185207E-04   1.7665920E+07   1.7665920E+07   2.3013319E+06   -2.5056903E+05   -6.6569546E+06   1.7656037E+07   1.7665920E+07   1.3146499E+07   0.0000000E+00   0.0000000E+00   0.0000000E+00   0.0000000E+00
   8.7242259E-04   1.7656533E+07   1.7656533E+07   1.8567125E+06   -2.3543333E+05   -6.1560388E+06   1.7645417E+07   1.7656533E+07   1.3136281E+07   0.0000000E+00   0.0000000E+00   0.0000000E+00   0.0000000E+00
   9.3751215E-04   1.7644885E+07   1.7644885E+07   1.5634241E+06   -2.1963575E+05   -5.6508521E+06   1.7632430E+07   1.7644885E+07   1.3124003E+07   0.0000000E+00   0.0000000E+00   0.0000000E+00   0.0000000E+00
   1.0074579E-03   1.7630498E+07   1.7630498E+07   1.3804969E+06   -2.0338988E+05   -5.1494895E+06   1.7616600E+07   1.7630498E+07   1.3109317E+07   0.0000000E+00   0.0000000E+00   0.0000000E+00   0.0000000E+00
   1.0826221E-03   1.7612836E+07   1.7612836E+07   1.2546221E+06   -1.8695061E+05   -4.6600468E+06   1.7597399E+07   1.7612836E+07   1.3091855E+07   0.0000000E+00   0.0000000E+00   0.0000000E+00   0.0000000E+00
   1.1633942E-03   1.7591325E+07   1.7591325E+07   1.1337148E+06   -1.7059805E+05   -4.1899163E+06   1.7574259E+07   1.7591325E+07   1.3071241E+07   0.0000000E+00   0.0000000E+00   0.0000000E+00   0.0000000E+00
   1.2501925E-03   1.7565364E+07   1.7565364E+07   9.8394462E+05   -1.5461396E+05   -3.7451334E+06   1.7546595E+07   1.7565364E+07   1.3047103E+07   0.0000000E+00   0.0000000E+00   0.0000000E+00   0.0000000E+00
   1.3434667E-03   1.7534359E+07   1.7534359E+07   8.0323933E+05   -1.3925396E+05   -3.3299531E+06   1.7513829E+07   1.7534359E+07   1.3019091E+07   0.0000000E+00   0.0000000E+00   0.0000000E+00   0.0000000E+00
   1.4436998E-03   1.7497745E+07   1.7497745E+07   6.2184339E+05   -1.2472174E+05   -2.9467918E+06   1.7475413E+07   1.7497745E+07   1.2986888E+07   0.0000000E+00   0.0000000E+00   0.0000000E+00   0.0000000E+00
   1.5514111E-03   1.7455003E+07   1.7455003E+07   4.8370920E+05   -1.1115361E+05   -2.5965357E+06   1.7430848E+07   1.7455003E+07   1.2950206E+07   0.0000000E+00   0.0000000E+00   0.0000000E+00   0.0000000E+00
   1.6671585E-03   1.7405668E+07   1.7405668E+07   4.1411877E+05   -9.8619404E+04   -2.2790159E+06   1.7379683E+07   1.7405668E+07   1.2908784E+07   0.0000000E+00   0.0000000E+00   0.0000000E+00   0.0000000E+00
   1.7915416E-03   1.7349313E+07   1.7349313E+07   3.9494588E+05   -8.7139112E+04   -1.9933424E+06   1.7321508E+07   1.7349313E+07   1.2862370E+07   0.0000000E+00   0.0000000E+00   0.0000000E+00   0.0000000E+00
   1.9252047E-03   1.7285542E+07   1.7285542E+07   3.7434695E+05   -7.6705093E+04   -1.7379433E+06   1.7255930E+07   1.7285542E+07   1.2810705E+07   0.0000000E+00   0.0000000E+00   0.0000000E+00   0.0000000E+00
   2.0688400E-03   1.7213966E+07   1.7213966E+07   3.1421662E+05   -6.7295132E+04   -1.5105556E+06   1.7182563E+07   1.7213966E+07   1.2753515E+07   0.0000000E+00   0.0000000E+00   0.0000000E+00   0.0000000E+00
   2.2231917E-03   1.7134210E+07   1.7134210E+07   2.3236050E+05   -5.8870019E+04   -1.3086255E+06   1.7101028E+07   1.7134210E+07   1.2690522E+07   0.0000000E+00   0.0000000E+00   0.0000000E+00   0.0000000E+00
   2.3890592E-03   1.7045911E+07   1.7045911E+07   1.8042935E+05   -5.1367166E+04   -1.1300405E+06   1.7010953E+07   1.7045911E+07   1.2621446E+07   0.0000000E+00   0.0000000E+00   0.0000000E+00   0.0000000E+00
   2.5673017E-03   1.6948715E+07   1.6948715E+07   1.7014560E+05   -4.4708659E+04   -9.7324958E+05   1.6911978E+07   1.6948715E+07   1.2546013E+07   0.0000000E+00   0.0000000E+00   0.0000000E+00   0.0000000E+00
   2.7588425E-03   1.6842261E+07   1.6842261E+07   1.5638381E+05   -3.8821051E+04   -8.3633122E+05   1.6803740E+07   1.6842261E+07   1.2463940E+07   0.0000000E+00   0.0000000E+00   0.0000000E+00   0.0000000E+00
   2.9646737E-03   1.6726176E+07   1.6726176E+07   1.2072726E+05   -3.3640362E+04   -7.1662868E+05   1.6685868E+07   1.6726176E+07   1.2374937E+07   0.0000000E+00   0.0000000E+00   0.0000000E+00   0.0000000E+00
   3.1858616E-03   1.6600089E+07   1.6600089E+07   1.0170642E+05   -2.9097851E+04   -6.1214460E+05   1.6557999E+07   1.6600089E+07   1.2278719E+07   0.0000000E+00   0.0000000E+00   0.0000000E+00   0.0000000E+00
   3.4235518E-03   1.6463629E+07   1.6463629E+07   9.7059034E+04   -2.5121166E+04   -5.2182017E+05   1.6419773E+07   1.6463629E+07   1.2175002E+07   0.0000000E+00   0.0000000E+00   0.0000000E+00   0.0000000E+00
   3.6789756E-03   1.6316417E+07   1.6316417E+07   7.2582598E+04   -2.1651023E+04   -4.4363333E+05   1.6270822E+07   1.6316417E+07   1.2063494E+07   0.0000000E+00   0.0000000E+00   0.0000000E+00   0.0000000E+00
   3.9534559E-03   1.6158069E+07   1.6158069E+07   6.1069344E+04   -1.8632378E+04   -3.7575651E+05   1.6110782E+07   1.6158069E+07   1.1943913E+07   0.0000000E+00   0.0000000E+00   0.0000000E+00   0.0000000E+00
   4.2484147E-03   1.5988215E+07   1.5988215E+07   5.9514130E+04   -1.6008119E+04   -3.1774161E+05   1.5939312E+07   1.5988215E+07   1.1815989E+07   0.0000000E+00   0.0000000E+00   0.0000000E+00   0.0000000E+00
   4.5653797E-03   1.5806495E+07   1.5806495E+07   4.3106169E+04   -1.3733787E+04   -2.6767401E+05   1.5756083E+07   1.5806495E+07   1.1679463E+07   0.0000000E+00   0.0000000E+00   0.0000000E+00   0.0000000E+00
   4.9059928E-03   1.5612573E+07   1.5612573E+07   4.1513988E+04   -1.1765226E+04   -2.2475837E+05   1.5560765E+07   1.5612573E+07   1.1534079E+07   0.0000000E+00   0.0000000E+00   0.0000000E+00   0.0000000E+00
   5.2720182E-03   1.5406120E+07   1.5406120E+07   3.1023993E+04   -1.0063659E+04   -1.8813406E+05   1.5353014E+07   1.5406120E+07   1.1379570E+07   0.0000000E+00   0.0000000E+00   0.0000000E+00   0.0000000E+00
   5.6653521E-03   1.5186813E+07   1.5186813E+07   3.0642723E+04   -8.5957785E+03   -1.5696743E+05   1.5132495E+07   1.5186813E+07   1.1215677E+07   0.0000000E+00   0.0000000E+00   0.0000000E+00   0.0000000E+00
   6.0880317E-03   1.4954314E+07   1.4954314E+07   2.1880697E+04   -7.3318094E+03   -1.3044451E+05   1.4898909E+07   1.4954314E+07   1.1042169E+07   0.0000000E+00   0.0000000E+00   0.0000000E+00   0.0000000E+00
   6.5422465E-03   1.4708301E+07   1.4708301E+07   2.1129815E+04   -6.2444804E+03   -1.0805198E+05   1.4651978E+07   1.4708301E+07   1.0858831E+07   0.0000000E+00   0.0000000E+00   0.0000000E+00   0.0000000E+00
   7.0303493E-03   1.4448481E+07   1.4448481E+07   1.7603818E+04   -5.3104679E+03   -8.8979290E+04   1.4391403E+07   1.4448481E+07   1.0665435E+07   0.0000000E+00   0.0000000E+00   0.0000000E+00   0.0000000E+00
   7.5548684E-03   1.4174582E+07   1.4174582E+07   1.3384203E+04   -4.5091116E+03   -7.3027729E+04   1.4116895E+07   1.4174582E+07   1.0461759E+07   0.0000000E+00   0.0000000E+00   0.0000000E+00   0.0000000E+00
   8.1185207E-03   1.3886325E+07   1.3886325E+07   1.1991382E+04   -3.8226481E+03   -5.9702618E+04   1.3828198E+07   1.3886325E+07   1.0247608E+07   0.0000000E+00   0.0000000E+00   0.0000000E+00   0.0000000E+00
   8.7242259E-03   1.3583427E+07   1.3583427E+07   1.0823254E+04   -3.2353978E+03   -4.8472159E+04   1.3525047E+07   1.3583427E+07   1.0022780E+07   0.0000000E+00   0.0000000E+00   0.0000000E+00   0.0000000E+00
   9.3751215E-03   1.3265629E+07   1.3265629E+07   9.2293626E+03   -2.7335827E+03   -3.9126535E+04   1.3207178E+07   1.3265629E+07   9.7870759E+06   0.0000000E+00   0.0000000E+00   0.0000000E+00   0.0000000E+00
   1.0074579E-02   1.2932691E+07   1.2932691E+07   7.7502634E+03   -2.3053594E+03   -3.1384594E+04   1.2874353E+07   1.2932691E+07   9.5403145E+06   0.0000000E+00   0.0000000E+00   0.0000000E+00   0.0000000E+00
   1.0826221E-02   1.2584377E+07   1.2584377E+07   6.4347948E+03   -1.9404529E+03   -2.5004518E+04   1.2526354E+07   1.2584377E+07   9.2823319E+06   0.0000000E+00   0.0000000E+00   0.0000000E+00   0.0000000E+00
   1.1633942E-02   1.2220490E+07   1.2220490E+07   5.4635189E+03   -1.6298283E+03   -1.9784160E+04   1.2162977E+07   1.2220490E+07   9.0129722E+06   0.0000000E+00   0.0000000E+00   0.0000000E+00   0.0000000E+00
   1.2501925E-02   1.1840882E+07   1.1840882E+07   4.4093196E+03   -1.3659099E+03   -1.5522961E+04   1.1784074E+07   1.1840882E+07   8.7321247E+06   0.0000000E+00   0.0000000E+00   0.0000000E+00   0.0000000E+00
   1.3434667E-02   1.1445462E+07   1.1445462E+07   3.3326270E+03   -1.1419343E+03   -1.2033803E+04   1.1389562E+07   1.1445462E+07   8.4397250E+06   0.0000000E+00   0.0000000E+00   0.0000000E+00   0.0000000E+00
   1.4436998E-02   1.1034261E+07   1.1034261E+07   2.9891482E+03   -9.5220028E+02   -9.2105062E+03   1.0979463E+07   1.1034261E+07   8.1357883E+06   0.0000000E+00   0.0000000E+00   0.0000000E+00   0.0000000E+00
   1.5514111E-02   1.0607449E+07   1.0607449E+07   2.4700382E+03   -7.9170317E+02   -7.0028931E+03   1.0553951E+07   1.0607449E+07   7.8204401E+06   0.0000000E+00   0.0000000E+00   0.0000000E+00   0.0000000E+00
   1.6671585E-02   1.0165421E+07   1.0165421E+07   2.0529342E+03   -6.5624731E+02   -5.1954658E+03   1.0113412E+07   1.0165421E+07   7.4939663E+06   0.0000000E+00   0.0000000E+00   0.0000000E+00   0.0000000E+00
   1.7915416E-02   9.7088616E+06   9.7088616E+06   1.5693374E+03   -5.4212130E+02   -3.8143541E+03   9.6585249E+06   9.7088616E+06   7.1568689E+06   0.0000000E+00   0.0000000E+00   0.0000000E+00   0.0000000E+00
   1.9252046E-02   9.2388531E+06   9.2388531E+06   1.3786970E+03   -4.4622192E+02   -2.7335621E+03   9.1903638E+06   9.2388531E+06   6.8099417E+06   0.0000000E+00   0.0000000E+00   0.0000000E+00   0.0000000E+00
   2.0688397E-02   8.7569828E+06   8.7569828E+06   1.1607796E+03   -3.6585732E+02   -1.8969786E+03   8.7105009E+06   8.7569828E+06   6.4543494E+06   0.0000000E+00   0.0000000E+00   0.0000000E+00   0.0000000E+00
   2.2231899E-02   8.2654755E+06   8.2654755E+06   9.1744226E+02   -2.9872087E+02   -1.2662662E+03   8.2211440E+06   8.2654755E+06   6.0917270E+06   0.0000000E+00   0.0000000E+00   0.0000000E+00   0.0000000E+00
   2.3890499E-02   7.7673327E+06   7.7673327E+06   7.0430735E+02   -2.4284706E+02   -7.8921820E+02   7.7252741E+06   7.7673327E+06   5.7242825E+06   0.0000000E+00   0.0000000E+00   0.0000000E+00   0.0000000E+00
   2.5672594E-02   7.2664778E+06   7.2664778E+06   6.3329858E+02   -1.9655148E+02   -4.4577748E+02   7.2267861E+06   7.2664778E+06   5.3549015E+06   0.0000000E+00   0.0000000E+00   0.0000000E+00   0.0000000E+00
   2.7586735E-02   6.7679109E+06   6.7679109E+06   4.6020692E+02   -1.5839648E+02   -2.0808878E+02   6.7306462E+06   6.7679109E+06   4.9872632E+06   0.0000000E+00   0.0000000E+00   0.0000000E+00   0.0000000E+00
   2.9640793E-02   6.2778713E+06   6.2778713E+06   3.8903823E+02   -1.2715943E+02   -4.7670597E+01   6.2430521E+06   6.2778713E+06   4.6259595E+06   0.0000000E+00   0.0000000E+00   0.0000000E+00   0.0000000E+00
   3.1840062E-02   5.8039714E+06   5.8039714E+06   3.1465916E+02   -1.0179895E+02   5.9513560E+01   5.7715669E+06   5.8039714E+06   4.2765941E+06   0.0000000E+00   0.0000000E+00   0.0000000E+00   0.0000000E+00
   3.4183846E-02   5.3551471E+06   5.3551471E+06   2.3764448E+02   -8.1427972E+01   1.2599454E+02   5.3250692E+06   5.3551471E+06   3.9457455E+06   0.0000000E+00   0.0000000E+00   0.0000000E+00   0.0000000E+00
   3.6660853E-02   4.9410827E+06   4.9410827E+06   1.9877225E+02   -6.5278302E+01   1.6637964E+02   4.9131817E+06   4.9410827E+06   3.6405434E+06   0.0000000E+00   0.0000000E+00   0.0000000E+00   0.0000000E+00
   3.9245752E-02   4.5707196E+06   4.5707196E+06   1.6412815E+02   -5.2661013E+01   1.7630109E+02   4.5447871E+06   4.5707196E+06   3.3675696E+06   0.0000000E+00   0.0000000E+00   0.0000000E+00   0.0000000E+00
   4.1901004E-02   4.2499773E+06   4.2499773E+06   1.3361715E+02   -4.2934659E+01   1.8468330E+02   4.2257642E+06   4.2499773E+06   3.1311797E+06   0.0000000E+00   0.0000000E+00   0.0000000E+00   0.0000000E+00
   4.4585803E-02   3.9798396E+06   3.9798396E+06   1.0276151E+02   -3.5493778E+01   1.7775530E+02   3.9570837E+06   3.9798396E+06   2.9320929E+06   0.0000000E+00   0.0000000E+00   0.0000000E+00   0.0000000E+00
   4.7267364E-02   3.7562093E+06   3.7562093E+06   9.7288203E+01   -2.9795450E+01   1.7207699E+02   3.7346652E+06   3.7562093E+06   2.7672855E+06   0.0000000E+00   0.0000000E+00   0.0000000E+00   0.0000000E+00
   4.9927125E-02   3.5715738E+06   3.5715738E+06   7.3513504E+01   -2.5385168E+01   1.6462494E+02   3.5510337E+06   3.5715738E+06   2.6312185E+06   0.0000000E+00   0.0000000E+00   0.0000000E+00   0.0000000E+00
   5.2559870E-02   3.4171691E+06   3.4171691E+06   6.9661747E+01   -2.1909867E+01   1.5430275E+02   3.3974713E+06   3.4171691E+06   2.5174321E+06   0.0000000E+00   0.0000000E+00   0.0000000E+00   0.0000000E+00
   5.5169321E-02   3.2845387E+06   3.2845387E+06   5.6719767E+01   -1.9110287E+01   1.4737248E+02   3.2655668E+06   3.2845387E+06   2.4196938E+06   0.0000000E+00   0.0000000E+00   0.0000000E+00   0.0000000E+00
   5.7763833E-02   3.1662887E+06   3.1662887E+06   5.2688972E+01   -1.6801270E+01   1.3709300E+02   3.1479669E+06   3.1662887E+06   2.3325550E+06   0.0000000E+00   0.0000000E+00   0.0000000E+00   0.0000000E+00
   6.0353507E-02   3.0563205E+06   3.0563205E+06   4.4284229E+01   -1.4853193E+01   1.3030392E+02   3.0386067E+06   3.0563205E+06   2.2515217E+06   0.0000000E+00   0.0000000E+00   0.0000000E+00   0.0000000E+00
   6.2948645E-02   2.9498309E+06   2.9498309E+06   4.1223533E+01   -1.3175734E+01   1.2040947E+02   2.9327096E+06   2.9498309E+06   2.1730545E+06   0.0000000E+00   0.0000000E+00   0.0000000E+00   0.0000000E+00
   6.5559046E-02   2.8432425E+06   2.8432425E+06   3.5125028E+01   -1.1706548E+01   1.1385897E+02   2.8267184E+06   2.8432425E+06   2.0945176E+06   0.0000000E+00   0.0000000E+00   0.0000000E+00   0.0000000E+00
   6.8193762E-02   2.7341297E+06   2.7341297E+06   3.1781006E+01   -1.0402476E+01   1.0416394E+02   2.7182208E+06   2.7341297E+06   2.0141237E+06   0.0000000E+00   0.0000000E+00   0.0000000E+00   0.0000000E+00
   7.0861078E-02   2.6211526E+06   2.6211526E+06   2.9173279E+01   -9.2344709E+00   9.7731007E+01   2.6058845E+06   2.6211526E+06   1.9308855E+06   0.0000000E+00   0.0000000E+00   0.0000000E+00   0.0000000E+00
   7.3568582E-02   2.5039914E+06   2.5039914E+06   2.3341103E+01   -8.1829433E+00   8.9205283E+01   2.4893912E+06   2.5039914E+06   1.8445670E+06   0.0000000E+00   0.0000000E+00   0.0000000E+00   0.0000000E+00
   7.6323271E-02   2.3832654E+06   2.3832654E+06   2.2682731E+01   -7.2350902E+00   8.1122964E+01   2.3693562E+06   2.3832654E+06   1.7556244E+06   0.0000000E+00   0.0000000E+00   0.0000000E+00   0.0000000E+00
   7.9131656E-02   2.2604218E+06   2.2604218E+06   2.0696425E+01   -6.3826398E+00   7.4658568E+01   2.2472182E+06   2.2604218E+06   1.6651235E+06   0.0000000E+00   0.0000000E+00   0.0000000E+00   0.0000000E+00
   8.1999859E-02   2.1375815E+06   2.1375815E+06   1.7589926E+01   -5.6199558E+00   6.8146882E+01   2.1250855E+06   2.1375815E+06   1.5746266E+06   0.0000000E+00   0.0000000E+00   0.0000000E+00   0.0000000E+00
   8.4933696E-02   2.0173349E+06   2.0173349E+06   1.5192370E+01   -4.9428999E+00   6.1700602E+01   2.0055331E+06   2.0173349E+06   1.4860416E+06   0.0000000E+00   0.0000000E+00   0.0000000E+00   0.0000000E+00
   8.7938753E-02   1.9024881E+06   1.9024881E+06   1.3602349E+01   -4.3476644E+00   5.5724390E+01   1.8913504E+06   1.9024881E+06   1.4014354E+06   0.0000000E+00   0.0000000E+00   0.0000000E+00   0.0000000E+00
   9.1020435E-02   1.7957668E+06   1.7957668E+06   1.2328362E+01   -3.8300530E+00   5.0070266E+01   1.7852471E+06   1.7957668E+06   1.3228158E+06   0.0000000E+00   0.0000000E+00   0.0000000E+00   0.0000000E+00
   9.4184027E-02   1.6994989E+06   1.6994989E+06   1.0286229E+01   -3.3848929E+00   4.4994314E+01   1.6895370E+06   1.6994989E+06   1.2518974E+06   0.0000000E+00   0.0000000E+00   0.0000000E+00   0.0000000E+00
   9.7434721E-02   1.6153029E+06   1.6153029E+06   8.8574999E+00   -3.0058283E+00   4.1471801E+01   1.6058291E+06   1.6153029E+06   1.1898723E+06   0.0000000E+00   0.0000000E+00   0.0000000E+00   0.0000000E+00
   1.0077766E-01   1.5438217E+06   1.5438217E+06   8.4573941E+00   -2.6851943E+00   3.7383456E+01   1.5347623E+06   1.5438217E+06   1.1372137E+06   0.0000000E+00   0.0000000E+00   0.0000000E+00   0.0000000E+00
   1.0421795E-01   1.4845448E+06   1.4845448E+06   7.4788597E+00   -2.4143360E+00   3.4838382E+01   1.4758289E+06   1.4845448E+06   1.0935457E+06   0.0000000E+00   0.0000000E+00   0.0000000E+00   0.0000000E+00
   1.0776070E-01   1.4357631E+06   1.4357631E+06   6.3033291E+00   -2.1839526E+00   3.2019490E+01   1.4273296E+06   1.4357631E+06   1.0576091E+06   0.0000000E+00   0.0000000E+00   0.0000000E+00   0.0000000E+00
   1.1141103E-01   1.3946904E+06   1.3946904E+06   5.7198643E+00   -1.9847261E+00   2.9548935E+01   1.3864945E+06   1.3946904E+06   1.0273515E+06   0.0000000E+00   0.0000000E+00   0.0000000E+00   0.0000000E+00
   1.1517406E-01   1.3577687E+06   1.3577687E+06   5.2417392E+00   -1.8079891E+00   2.7519000E+01   1.3497863E+06   1.3577687E+06   1.0001518E+06   0.0000000E+00   0.0000000E+00   0.0000000E+00   0.0000000E+00
   1.1905497E-01   1.3211426E+06   1.3211426E+06   5.0677948E+00   -1.6463842E+00   2.5628559E+01   1.3133725E+06   1.3211426E+06   9.7317016E+05   0.0000000E+00   0.0000000E+00   0.0000000E+00   0.0000000E+00
   1.2305898E-01   1.2812550E+06   1.2812550E+06   4.6317703E+00   -1.4944289E+00   2.3355803E+01   1.2737167E+06   1.2812550E+06   9.4378636E+05   0.0000000E+00   0.0000000E+00   0.0000000E+00   0.0000000E+00
   1.2719134E-01   1.2354731E+06   1.2354731E+06   4.1295861E+00   -1.3488577E+00   2.1721544E+01   1.2282015E+06   1.2354731E+06   9.1006093E+05   0.0000000E+00   0.0000000E+00   0.0000000E+00   0.0000000E+00
   1.3145738E-01   1.1826245E+06   1.1826245E+06   3.5135176E+00   -1.2086362E+00   1.9663845E+01   1.1756617E+06   1.1826245E+06   8.7113043E+05   0.0000000E+00   0.0000000E+00   0.0000000E+00   0.0000000E+00
   1.3586248E-01   1.1233110E+06   1.1233110E+06   3.1264653E+00   -1.0746856E+00   1.7708788E+01   1.1166953E+06   1.1233110E+06   8.2743808E+05   0.0000000E+00   0.0000000E+00   0.0000000E+00   0.0000000E+00
   1.4041208E-01   1.0598818E+06   1.0598818E+06   2.7815126E+00   -9.4925727E-01   1.5972781E+01   1.0536378E+06   1.0598818E+06   7.8071433E+05   0.0000000E+00   0.0000000E+00   0.0000000E+00   0.0000000E+00
   1.4511170E-01   9.9600616E+05   9.9600616E+05   2.6433221E+00   -8.3511224E-01   1.4242611E+01   9.9013681E+05   9.9600616E+05   7.3366195E+05   0.0000000E+00   0.0000000E+00   0.0000000E+00   0.0000000E+00
   1.4996693E-01   9.3587530E+05   9.3587530E+05   2.1442177E+00   -7.3463607E-01   1.2651808E+01   9.3035885E+05   9.3587530E+05   6.8936823E+05   0.0000000E+00   0.0000000E+00   0.0000000E+00   0.0000000E+00
   1.5498346E-01   8.8317616E+05   8.8317616E+05   1.9824690E+00   -6.4906664E-01   1.1265906E+01   8.7796904E+05   8.8317616E+05   6.5054893E+05   0.0000000E+00   0.0000000E+00   0.0000000E+00   0.0000000E+00
   1.6016704E-01   8.4008363E+05   8.4008363E+05   1.7670156E+00   -5.7806053E-01   1.0167224E+01   8.3512941E+05   8.4008363E+05   6.1880603E+05   0.0000000E+00   0.0000000E+00   0.0000000E+00   0.0000000E+00
   1.6552355E-01   8.0657419E+05   8.0657419E+05   1.5222673E+00   -5.1966256E-01   9.3013832E+00   8.0181652E+05   8.0657419E+05   5.9412215E+05   0.0000000E+00   0.0000000E+00   0.0000000E+00   0.0000000E+00
   1.7105896E-01   7.8033111E+05   7.8033111E+05   1.4807674E+00   -4.7075435E-01   8.5674136E+00   7.7572727E+05   7.8033111E+05   5.7479079E+05   0.0000000E+00   0.0000000E+00   0.0000000E+00   0.0000000E+00
   1.7677938E-01   7.5737083E+05   7.5737083E+05   1.2734116E+00   -4.2782397E-01   7.8939791E+00   7.5290158E+05   7.5737083E+05   5.5787762E+05   0.0000000E+00   0.0000000E+00   0.0000000E+00   0.0000000E+00
   1.8269108E-01   7.3328713E+05   7.3328713E+05   1.1506258E+00   -3.8785124E-01   7.2299893E+00   7.2895919E+05   7.3328713E+05   5.4013701E+05   0.0000000E+00   0.0000000E+00   0.0000000E+00   0.0000000E+00
   1.8880046E-01   7.0475043E+05   7.0475043E+05   1.0811984E+00   -3.4901858E-01   6.5826259E+00   7.0059019E+05   7.0475043E+05   5.1911642E+05   0.0000000E+00   0.0000000E+00   0.0000000E+00   0.0000000E+00
   1.9511415E-01   6.7071992E+05   6.7071992E+05   9.2706227E-01   -3.1100158E-01   5.8785174E+00   6.6675991E+05   6.7071992E+05   4.9404918E+05   0.0000000E+00   0.0000000E+00   0.0000000E+00   0.0000000E+00
   2.0163898E-01   6.3283630E+05   6.3283630E+05   8.4643325E-01   -2.7473254E-01   5.2425654E+00   6.2909938E+05   6.3283630E+05   4.6614385E+05   0.0000000E+00   0.0000000E+00   0.0000000E+00   0.0000000E+00
   2.0838206E-01   5.9472282E+05   5.9472282E+05   7.3276230E-01   -2.4172910E-01   4.6564974E+00   5.9121044E+05   5.9472282E+05   4.3806927E+05   0.0000000E+00   0.0000000E+00   0.0000000E+00   0.0000000E+00
   2.1535078E-01   5.6037997E+05   5.6037997E+05   6.4038382E-01   -2.1325531E-01   4.1899397E+00   5.5706996E+05   5.6037997E+05   4.1277219E+05   0.0000000E+00   0.0000000E+00   0.0000000E+00   0.0000000E+00
   2.2255291E-01   5.3233623E+05   5.3233623E+05   5.6674335E-01   -1.8967942E-01   3.7322511E+00   5.2919145E+05   5.3233623E+05   3.9211504E+05   0.0000000E+00   0.0000000E+00   0.0000000E+00   0.0000000E+00
   2.2999660E-01   5.1045351E+05   5.1045351E+05   5.0756616E-01   -1.7030162E-01   3.3863572E+00   5.0743763E+05   5.1045351E+05   3.7599611E+05   0.0000000E+00   0.0000000E+00   0.0000000E+00   0.0000000E+00
   2.3769049E-01   4.9207448E+05   4.9207448E+05   4.7111674E-01   -1.5371777E-01   3.0930161E+00   4.8916686E+05   4.9207448E+05   3.6245801E+05   0.0000000E+00   0.0000000E+00   0.0000000E+00   0.0000000E+00
   2.4564376E-01   4.7353933E+05   4.7353933E+05   4.1348430E-01   -1.3850545E-01   2.8076824E+00   4.7074093E+05   4.7353933E+05   3.4880494E+05   0.0000000E+00   0.0000000E+00   0.0000000E+00   0.0000000E+00
   2.5386623E-01   4.5228647E+05   4.5228647E+05   3.7212745E-01   -1.2385683E-01   2.5389706E+00   4.4961338E+05   4.5228647E+05   3.3315006E+05   0.0000000E+00   0.0000000E+00   0.0000000E+00   0.0000000E+00
   2.6236845E-01   4.2828535E+05   4.2828535E+05   3.3806342E-01   -1.0980107E-01   2.2534418E+00   4.2575387E+05   4.2828535E+05   3.1547087E+05   0.0000000E+00   0.0000000E+00   0.0000000E+00   0.0000000E+00
   2.7116180E-01   4.0384206E+05   4.0384206E+05   2.9896978E-01   -9.6923718E-02   2.0128954E+00   4.0145484E+05   4.0384206E+05   2.9746602E+05   0.0000000E+00   0.0000000E+00   0.0000000E+00   0.0000000E+00
   2.8025864E-01   3.8184278E+05   3.8184278E+05   2.6101834E-01   -8.5788482E-02   1.7868669E+00   3.7958541E+05   3.8184278E+05   2.8126142E+05   0.0000000E+00   0.0000000E+00   0.0000000E+00   0.0000000E+00
   2.8967245E-01   3.6364485E+05   3.6364485E+05   2.3516758E-01   -7.6475746E-02   1.6126962E+00   3.6149489E+05   3.6364485E+05   2.6785689E+05   0.0000000E+00   0.0000000E+00   0.0000000E+00   0.0000000E+00
   2.9941800E-01   3.4819985E+05   3.4819985E+05   2.1019288E-01   -6.8539216E-02   1.4516475E+00   3.4614105E+05   3.4819985E+05   2.5648015E+05   0.0000000E+00   0.0000000E+00   0.0000000E+00   0.0000000E+00
   3.0951157E-01   3.3311867E+05   3.3311867E+05   1.8615797E-01   -6.1364168E-02   1.3131268E+00   3.3114890E+05   3.3311867E+05   2.4537142E+05   0.0000000E+00   0.0000000E+00   0.0000000E+00   0.0000000E+00
   3.1997116E-01   3.1678448E+05   3.1678448E+05   1.6665171E-01   -5.4601667E-02   1.1751239E+00   3.1491117E+05   3.1678448E+05   2.3333974E+05   0.0000000E+00   0.0000000E+00   0.0000000E+00   0.0000000E+00
   3.3081678E-01   2.9963145E+05   2.9963145E+05   1.4570622E-01   -4.8312681E-02   1.0462534E+00   2.9785946E+05   2.9963145E+05   2.2070493E+05   0.0000000E+00   0.0000000E+00   0.0000000E+00   0.0000000E+00
   3.4207080E-01   2.8341281E+05   2.8341281E+05   1.2940396E-01   -4.2739144E-02   9.3193876E-01   2.8173664E+05   2.8341281E+05   2.0875840E+05   0.0000000E+00   0.0000000E+00   0.0000000E+00   0.0000000E+00
   3.5375835E-01   2.6924660E+05   2.6924660E+05   1.1474013E-01   -3.7964437E-02   8.3250908E-01   2.6765412E+05   2.6924660E+05   1.9832368E+05   0.0000000E+00   0.0000000E+00   0.0000000E+00   0.0000000E+00
   3.6590776E-01   2.5653173E+05   2.5653173E+05   1.0299556E-01   -3.3809550E-02   7.4671405E-01   2.5501437E+05   2.5653173E+05   1.8895800E+05   0.0000000E+00   0.0000000E+00   0.0000000E+00   0.0000000E+00
   3.7855119E-01   2.4388191E+05   2.4388191E+05   9.1561842E-02   -3.0030828E-02   6.6536592E-01   2.4243930E+05   2.4388191E+05   1.7964026E+05   0.0000000E+00   0.0000000E+00   0.0000000E+00   0.0000000E+00
   3.9172535E-01   2.3085021E+05   2.3085021E+05   8.0517417E-02   -2.6545865E-02   5.9209817E-01   2.2948462E+05   2.3085021E+05   1.7004122E+05   0.0000000E+00   0.0000000E+00   0.0000000E+00   0.0000000E+00
   4.0547236E-01   2.1824680E+05   2.1824680E+05   7.1186069E-02   -2.3423481E-02   5.2390349E-01   2.1695571E+05   2.1824680E+05   1.6075767E+05   0.0000000E+00   0.0000000E+00   0.0000000E+00   0.0000000E+00
   4.1984087E-01   2.0676437E+05   2.0676437E+05   6.2761457E-02   -2.0698015E-02   4.6621545E-01   2.0554115E+05   2.0676437E+05   1.5229983E+05   0.0000000E+00   0.0000000E+00   0.0000000E+00   0.0000000E+00
   4.3488740E-01   1.9600652E+05   1.9600652E+05   5.5666026E-02   -1.8286913E-02   4.1368112E-01   1.9484690E+05   1.9600652E+05   1.4437571E+05   0.0000000E+00   0.0000000E+00   0.0000000E+00   0.0000000E+00
   4.5067817E-01   1.8530666E+05   1.8530666E+05   4.8899556E-02   -1.6098182E-02   3.6628884E-01   1.8421031E+05   1.8530666E+05   1.3649431E+05   0.0000000E+00   0.0000000E+00   0.0000000E+00   0.0000000E+00
   4.6729121E-01   1.7480079E+05   1.7480079E+05   4.2880101E-02   -1.4124819E-02   3.2261260E-01   1.7376655E+05   1.7480079E+05   1.2875580E+05   0.0000000E+00   0.0000000E+00   0.0000000E+00   0.0000000E+00
   4.8481925E-01   1.6492007E+05   1.6492007E+05   3.7579213E-02   -1.2380152E-02   2.8456024E-01   1.6394426E+05   1.6492007E+05   1.2147778E+05   0.0000000E+00   0.0000000E+00   0.0000000E+00   0.0000000E+00
   5.0337333E-01   1.5548778E+05   1.5548778E+05   3.2862177E-02   -1.0827479E-02   2.5023866E-01   1.5456775E+05   1.5548778E+05   1.1453007E+05   0.0000000E+00   0.0000000E+00   0.0000000E+00   0.0000000E+00
   5.2308749E-01   1.4620909E+05   1.4620909E+05   2.8653904E-02   -9.4283157E-03   2.1884100E-01   1.4534393E+05   1.4620909E+05   1.0769549E+05   0.0000000E+00   0.0000000E+00   0.0000000E+00   0.0000000E+00
   5.4412481E-01   1.3724798E+05   1.3724798E+05   2.4829215E-02   -8.1792662E-03   1.9047941E-01   1.3643582E+05   1.3724798E+05   1.0109485E+05   0.0000000E+00   0.0000000E+00   0.0000000E+00   0.0000000E+00
   5.6668514E-01   1.2863998E+05   1.2863998E+05   2.1469832E-02   -7.0680061E-03   1.6584680E-01   1.2787874E+05   1.2863998E+05   9.4754310E+04   0.0000000E+00   0.0000000E+00   0.0000000E+00   0.0000000E+00
   5.9101495E-01   1.2021526E+05   1.2021526E+05   1.8439521E-02   -6.0724424E-03   1.4282429E-01   1.1950386E+05   1.2021526E+05   8.8548775E+04   0.0000000E+00   0.0000000E+00   0.0000000E+00   0.0000000E+00
   6.1741936E-01   1.1203080E+05   1.1203080E+05   1.5743298E-02   -5.1853389E-03   1.2272875E-01   1.1136781E+05   1.1203080E+05   8.2520205E+04   0.0000000E+00   0.0000000E+00   0.0000000E+00   0.0000000E+00
   6.4627616E-01   1.0405434E+05   1.0405434E+05   1.3345913E-02   -4.3956282E-03   1.0424580E-01   1.0343854E+05   1.0405434E+05   7.6644854E+04   0.0000000E+00   0.0000000E+00   0.0000000E+00   0.0000000E+00
   6.7805006E-01   9.6249984E+04   9.6249984E+04   1.1215176E-02   -3.6937974E-03   8.8173767E-02   9.5680359E+04   9.6249984E+04   7.0896274E+04   0.0000000E+00   0.0000000E+00   0.0000000E+00   0.0000000E+00
   7.1330291E-01   8.8624968E+04   8.8624968E+04   9.3310419E-03   -3.0732796E-03   7.3676956E-02   8.8100457E+04   8.8624968E+04   6.5279795E+04   0.0000000E+00   0.0000000E+00   0.0000000E+00   0.0000000E+00
   7.5269082E-01   8.1171513E+04   8.1171513E+04   7.6747766E-03   -2.5279140E-03   6.1100360E-02   8.0691104E+04   8.1171513E+04   5.9789686E+04   0.0000000E+00   0.0000000E+00   0.0000000E+00   0.0000000E+00
   7.9693344E-01   7.3911967E+04   7.3911967E+04   6.2335884E-03   -2.0533365E-03   4.9692603E-02   7.3474514E+04   7.3911967E+04   5.4442409E+04   0.0000000E+00   0.0000000E+00   0.0000000E+00   0.0000000E+00
   8.4673992E-01   6.6891167E+04   6.6891167E+04   5.0088459E-03   -1.6460986E-03   4.0042337E-02   6.6495259E+04   6.6891167E+04   4.9270991E+04   0.0000000E+00   0.0000000E+00   0.0000000E+00   0.0000000E+00
   9.0269363E-01   6.0177793E+04   6.0177793E+04   3.9560567E-03   -1.3029905E-03   3.1906590E-02   5.9821613E+04   6.0177793E+04   4.4326019E+04   0.0000000E+00   0.0000000E+00   0.0000000E+00   0.0000000E+00
   9.6514202E-01   5.3856748E+04   5.3856748E+04   3.0967623E-03   -1.0200960E-03   2.5022848E-02   5.3537976E+04   5.3856748E+04   3.9670033E+04   0.0000000E+00   0.0000000E+00   0.0000000E+00   0.0000000E+00
   1.0341745E+00   4.8003921E+04   4.8003921E+04   2.4037835E-03   -7.9189901E-04   1.9517626E-02   4.7719786E+04   4.8003921E+04   3.5358929E+04   0.0000000E+00   0.0000000E+00   0.0000000E+00   0.0000000E+00
   1.1097288E+00   4.2665666E+04   4.2665666E+04   1.8553470E-03   -6.1125677E-04   1.5131073E-02   4.2413125E+04   4.2665666E+04   3.1426852E+04   0.0000000E+00   0.0000000E+00   0.0000000E+00   0.0000000E+00
   1.1917582E+00   3.7853319E+04   3.7853319E+04   1.4271985E-03   -4.7022285E-04   1.1642481E-02   3.7629260E+04   3.7853319E+04   2.7882152E+04   0.0000000E+00   0.0000000E+00   0.0000000E+00   0.0000000E+00
   1.2803499E+00   3.3547423E+04   3.3547423E+04   1.0949589E-03   -3.6105743E-04   9.0845708E-03   3.3348849E+04   3.3547423E+04   2.4710496E+04   0.0000000E+00   0.0000000E+00   0.0000000E+00   0.0000000E+00
   1.3757537E+00   2.9709963E+04   2.9709963E+04   8.4078517E-04   -2.7694397E-04   6.9442245E-03   2.9534102E+04   2.9709963E+04   2.1883883E+04   0.0000000E+00   0.0000000E+00   0.0000000E+00   0.0000000E+00
   1.4783564E+00   2.6298027E+04   2.6298027E+04   6.4442844E-04   -2.1229185E-04   5.3226713E-03   2.6142361E+04   2.6298027E+04   1.9370704E+04   0.0000000E+00   0.0000000E+00   0.0000000E+00   0.0000000E+00
   1.5886421E+00   2.3267662E+04   2.3267662E+04   4.9370616E-04   -1.6265443E-04   4.0905559E-03   2.3129932E+04   2.3267662E+04   1.7138585E+04   0.0000000E+00   0.0000000E+00   0.0000000E+00   0.0000000E+00
   1.7071645E+00   2.0578264E+04   2.0578264E+04   3.7828910E-04   -1.2457198E-04   3.1576684E-03   2.0456454E+04   2.0578264E+04   1.5157618E+04   0.0000000E+00   0.0000000E+00   0.0000000E+00   0.0000000E+00
   1.8345318E+00   1.8192751E+04   1.8192751E+04   2.8947315E-04   -9.5368785E-05   2.4152313E-03   1.8085061E+04   1.8192751E+04   1.3400487E+04   0.0000000E+00   0.0000000E+00   0.0000000E+00   0.0000000E+00
   1.9714021E+00   1.6077872E+04   1.6077872E+04   2.2150947E-04   -7.2984745E-05   1.8613278E-03   1.5982700E+04   1.6077872E+04   1.1842701E+04   0.0000000E+00   0.0000000E+00   0.0000000E+00   0.0000000E+00
   2.1184841E+00   1.4203729E+04   1.4203729E+04   1.6944890E-04   -5.5834285E-05   1.4121286E-03   1.4119650E+04   1.4203729E+04   1.0462237E+04   0.0000000E+00   0.0000000E+00   0.0000000E+00   0.0000000E+00
   2.2765396E+00   1.2543725E+04   1.2543725E+04   1.2958254E-04   -4.2699214E-05   1.0922625E-03   1.2469473E+04   1.2543725E+04   9.2395050E+03   0.0000000E+00   0.0000000E+00   0.0000000E+00   0.0000000E+00
   2.4463873E+00   1.1073988E+04   1.1073988E+04   9.9064020E-05   -3.2643070E-05   8.2819042E-04   1.1008436E+04   1.1073988E+04   8.1569204E+03   0.0000000E+00   0.0000000E+00   0.0000000E+00   0.0000000E+00
   2.6289069E+00   9.7732590E+03   9.7732590E+03   7.5645827E-05   -2.4947037E-05   6.3344519E-04   9.7154061E+03   9.7732590E+03   7.1988242E+03   0.0000000E+00   0.0000000E+00   0.0000000E+00   0.0000000E+00
   2.8250439E+00   8.6225758E+03   8.6225758E+03   5.7852028E-05   -1.9059375E-05   4.9121716E-04   8.5715342E+03   8.6225758E+03   6.3512495E+03   0.0000000E+00   0.0000000E+00   0.0000000E+00   0.0000000E+00
   3.0358143E+00   7.6050259E+03   7.6050259E+03   4.4182375E-05   -1.4556692E-05   3.7368186E-04   7.5600077E+03   7.6050259E+03   5.6017387E+03   0.0000000E+00   0.0000000E+00   0.0000000E+00   0.0000000E+00
   3.2623098E+00   6.7055460E+03   6.7055460E+03   3.3733572E-05   -1.1114375E-05   2.8769248E-04   6.6658522E+03   6.7055460E+03   4.9391963E+03   0.0000000E+00   0.0000000E+00   0.0000000E+00   0.0000000E+00
   3.5057037E+00   5.9107285E+03   5.9107285E+03   2.5751807E-05   -8.4835888E-06   2.2215922E-04   5.8757396E+03   5.9107285E+03   4.3537466E+03   0.0000000E+00   0.0000000E+00   0.0000000E+00   0.0000000E+00
   3.7672566E+00   5.2086454E+03   5.2086454E+03   1.9648837E-05   -6.4736471E-06   1.7059583E-04   5.1778125E+03   5.2086454E+03   3.8366036E+03   0.0000000E+00   0.0000000E+00   0.0000000E+00   0.0000000E+00
   4.0483235E+00   4.5886915E+03   4.5886915E+03   1.4991354E-05   -4.9385121E-06   1.2904098E-04   4.5615284E+03   4.5886915E+03   3.3799556E+03   0.0000000E+00   0.0000000E+00   0.0000000E+00   0.0000000E+00
   4.3503601E+00   4.0414428E+03   4.0414428E+03   1.1434639E-05   -3.7663810E-06   9.8406459E-05   4.0175192E+03   4.0414428E+03   2.9768611E+03   0.0000000E+00   0.0000000E+00   0.0000000E+00   0.0000000E+00
   4.6749310E+00   3.5585300E+03   3.5585300E+03   8.7178526E-06   -2.8716800E-06   7.4574122E-05   3.5374651E+03   3.5585300E+03   2.6211554E+03   0.0000000E+00   0.0000000E+00   0.0000000E+00   0.0000000E+00
   5.0237175E+00   3.1325242E+03   3.1325242E+03   6.6509504E-06   -2.1889416E-06   5.7629344E-05   3.1139810E+03   3.1325242E+03   2.3073664E+03   0.0000000E+00   0.0000000E+00   0.0000000E+00   0.0000000E+00
   5.3985261E+00   2.7568346E+03   2.7568346E+03   5.0650647E-06   -1.6680943E-06   4.3968853E-05   2.7405153E+03   2.7568346E+03   2.0306395E+03   0.0000000E+00   0.0000000E+00   0.0000000E+00   0.0000000E+00
   5.8012984E+00   2.4256169E+03   2.4256169E+03   3.8590175E-06   -1.2708604E-06   3.3130608E-05   2.4112582E+03   2.4256169E+03   1.7866699E+03   0.0000000E+00   0.0000000E+00   0.0000000E+00   0.0000000E+00
   6.2341207E+00   2.1336912E+03   2.1336912E+03   2.9396320E-06   -9.6798280E-07   2.5625233E-05   2.1210606E+03   2.1336912E+03   1.5716422E+03   0.0000000E+00   0.0000000E+00   0.0000000E+00   0.0000000E+00
   6.6992349E+00   1.8764688E+03   1.8764688E+03   2.2402978E-06   -7.3710858E-07   1.8638761E-05   1.8653608E+03   1.8764688E+03   1.3821764E+03   0.0000000E+00   0.0000000E+00   0.0000000E+00   0.0000000E+00
   7.1990503E+00   1.6498860E+03   1.6498860E+03   1.7046616E-06   -5.6116597E-07   1.5286311E-05   1.6401193E+03   1.6498860E+03   1.2152792E+03   0.0000000E+00   0.0000000E+00   0.0000000E+00   0.0000000E+00
   7.7361558E+00   1.4503461E+03   1.4503461E+03   1.2973029E-06   -4.2711819E-07   1.1454948E-05   1.4417606E+03   1.4503461E+03   1.0683013E+03   0.0000000E+00   0.0000000E+00   0.0000000E+00   0.0000000E+00
   8.3133336E+00   1.2746669E+03   1.2746669E+03   9.8764895E-07   -3.2501439E-07   8.7284697E-06   1.2671214E+03   1.2746669E+03   9.3889893E+02   0.0000000E+00   0.0000000E+00   0.0000000E+00   0.0000000E+00
   8.9335733E+00   1.1200341E+03   1.1200341E+03   7.5147810E-07   -2.4726102E-07   6.4027606E-06   1.1134040E+03   1.1200341E+03   8.2499890E+02   0.0000000E+00   0.0000000E+00   0.0000000E+00   0.0000000E+00
   9.6000878E+00   9.8395951E+02   9.8395951E+02   5.7178327E-07   -1.8806479E-07   4.7520008E-06   9.7813486E+02   9.8395951E+02   7.2476856E+02   0.0000000E+00   0.0000000E+00   0.0000000E+00   0.0000000E+00
   1.0316330E+01   8.6424433E+02   8.6424433E+02   4.3481117E-07   -1.4300729E-07   3.2767478E-06   8.5912835E+02   8.6424433E+02   6.3658831E+02   0.0000000E+00   0.0000000E+00   0.0000000E+00   0.0000000E+00
