#           k/h    CDM            baryon         photon         nu             mass_nu        total          no_nu          total_de       Weyl           v_CDM          v_b            v_b-v_c     
   1.1625039E-05   2.5965844E+06   2.5965844E+06   3.4618472E+06   8.6752266E+03   3.9238835E+04   2.5967341E+06   2.5965844E+06   2.5703489E+06   0.0000000E+00   0.0000000E+00   0.0000000E+00   0.0000000E+00
   1.2492358E-05   2.5965840E+06   2.5965840E+06   3.4618058E+06   8.6751680E+03   3.9238591E+04   2.5967337E+06   2.5965840E+06   2.5703486E+06   0.0000000E+00   0.0000000E+00   0.0000000E+00   0.0000000E+00
   1.3424385E-05   2.5965837E+06   2.5965837E+06   3.4617579E+06   8.6751005E+03   3.9238310E+04   2.5967333E+06   2.5965837E+06   2.5703482E+06   0.0000000E+00   0.0000000E+00   0.0000000E+00   0.0000000E+00
   1.4425949E-05   2.5965833E+06   2.5965833E+06   3.4617026E+06   8.6750225E+03   3.9237986E+04   2.5967329E+06   2.5965833E+06   2.5703477E+06   0.0000000E+00   0.0000000E+00   0.0000000E+00   0.0000000E+00
   1.5502238E-05   2.5965828E+06   2.5965828E+06   3.4616387E+06   8.6749324E+03   3.9237611E+04   2.5967323E+06   2.5965828E+06   2.5703472E+06   0.0000000E+00   0.0000000E+00   0.0000000E+00   0.0000000E+00
   1.6658827E-05   2.5965822E+06   2.5965822E+06   3.4615650E+06   8.6748283E+03   3.9237179E+04   2.5967317E+06   2.5965822E+06   2.5703466E+06   0.0000000E+00   0.0000000E+00   0.0000000E+00   0.0000000E+00
   1.7901705E-05   2.5965816E+06   2.5965816E+06   3.4614798E+06   8.6747082E+03   3.9236679E+04   2.5967310E+06   2.5965816E+06   2.5703459E+06   0.0000000E+00   0.0000000E+00   0.0000000E+00   0.0000000E+00
   1.9237313E-05   2.5965808E+06   2.5965808E+06   3.4613815E+06   8.6745694E+03   3.9236102E+04   2.5967302E+06   2.5965808E+06   2.5703451E+06   0.0000000E+00   0.0000000E+00   0.0000000E+00   0.0000000E+00
   2.0672567E-05   2.5965800E+06   2.5965800E+06   3.4612679E+06   8.6744092E+03   3.9235436E+04   2.5967293E+06   2.5965800E+06   2.5703442E+06   0.0000000E+00   0.0000000E+00   0.0000000E+00   0.0000000E+00
   2.2214902E-05   2.5965790E+06   2.5965790E+06   3.4611368E+06   8.6742242E+03   3.9234667E+04   2.5967282E+06   2.5965790E+06   2.5703431E+06   0.0000000E+00   0.0000000E+00   0.0000000E+00   0.0000000E+00
   2.3872308E-05   2.5965778E+06   2.5965778E+06   3.4609854E+06   8.6740106E+03   3.9233779E+04   2.5967269E+06   2.5965778E+06   2.5703418E+06   0.0000000E+00   0.0000000E+00   0.0000000E+00   0.0000000E+00
   2.5653369E-05   2.5965765E+06   2.5965765E+06   3.4608106E+06   8.6737639E+03   3.9232753E+04   2.5967255E+06   2.5965765E+06   2.5703404E+06   0.0000000E+00   0.0000000E+00   0.0000000E+00   0.0000000E+00
   2.7567311E-05   2.5965750E+06   2.5965750E+06   3.4606087E+06   8.6734791E+03   3.9231569E+04   2.5967238E+06   2.5965750E+06   2.5703387E+06   0.0000000E+00   0.0000000E+00   0.0000000E+00   0.0000000E+00
   2.9624048E-05   2.5965732E+06   2.5965732E+06   3.4603755E+06   8.6731502E+03   3.9230201E+04   2.5967219E+06   2.5965732E+06   2.5703368E+06   0.0000000E+00   0.0000000E+00   0.0000000E+00   0.0000000E+00
   3.1834234E-05   2.5965712E+06   2.5965712E+06   3.4601064E+06   8.6727703E+03   3.9228622E+04   2.5967196E+06   2.5965712E+06   2.5703346E+06   0.0000000E+00   0.0000000E+00   0.0000000E+00   0.0000000E+00
   3.4209317E-05   2.5965688E+06   2.5965688E+06   3.4597955E+06   8.6723317E+03   3.9226799E+04   2.5967170E+06   2.5965688E+06   2.5703320E+06   0.0000000E+00   0.0000000E+00   0.0000000E+00   0.0000000E+00
   3.6761600E-05   2.5965661E+06   2.5965661E+06   3.4594366E+06   8.6718253E+03   3.9224693E+04   2.5967141E+06   2.5965661E+06   2.5703291E+06   0.0000000E+00   0.0000000E+00   0.0000000E+00   0.0000000E+00
   3.9504303E-05   2.5965630E+06   2.5965630E+06   3.4590222E+06   8.6712405E+03   3.9222262E+04   2.5967106E+06   2.5965630E+06   2.5703257E+06   0.0000000E+00   0.0000000E+00   0.0000000E+00   0.0000000E+00
   4.2451634E-05   2.5965593E+06   2.5965593E+06   3.4585437E+06   8.6705653E+03   3.9219456E+04   2.5967066E+06   2.5965593E+06   2.5703217E+06   0.0000000E+00   0.0000000E+00   0.0000000E+00   0.0000000E+00
   4.5618858E-05   2.5965552E+06   2.5965552E+06   3.4579912E+06   8.6697856E+03   3.9216215E+04   2.5967021E+06   2.5965552E+06   2.5703172E+06   0.0000000E+00   0.0000000E+00   0.0000000E+00   0.0000000E+00
   4.9022382E-05   2.5965503E+06   2.5965503E+06   3.4573533E+06   8.6688853E+03   3.9212473E+04   2.5966968E+06   2.5965503E+06   2.5703119E+06   0.0000000E+00   0.0000000E+00   0.0000000E+00   0.0000000E+00
   5.2679835E-05   2.5965447E+06   2.5965447E+06   3.4566168E+06   8.6678459E+03   3.9208154E+04   2.5966906E+06   2.5965447E+06   2.5703059E+06   0.0000000E+00   0.0000000E+00   0.0000000E+00   0.0000000E+00
   5.6610163E-05   2.5965383E+06   2.5965383E+06   3.4557665E+06   8.6666457E+03   3.9203166E+04   2.5966836E+06   2.5965383E+06   2.5702989E+06   0.0000000E+00   0.0000000E+00   0.0000000E+00   0.0000000E+00
   6.0833724E-05   2.5965309E+06   2.5965309E+06   3.4547848E+06   8.6652600E+03   3.9197409E+04   2.5966754E+06   2.5965309E+06   2.5702908E+06   0.0000000E+00   0.0000000E+00   0.0000000E+00   0.0000000E+00
   6.5372397E-05   2.5965223E+06   2.5965223E+06   3.4536515E+06   8.6636601E+03   3.9190763E+04   2.5966660E+06   2.5965223E+06   2.5702814E+06   0.0000000E+00   0.0000000E+00   0.0000000E+00   0.0000000E+00
   7.0249689E-05   2.5965123E+06   2.5965123E+06   3.4523432E+06   8.6618131E+03   3.9183091E+04   2.5966551E+06   2.5965123E+06   2.5702707E+06   0.0000000E+00   0.0000000E+00   0.0000000E+00   0.0000000E+00
   7.5490866E-05   2.5965009E+06   2.5965009E+06   3.4508330E+06   8.6596807E+03   3.9174236E+04   2.5966426E+06   2.5965009E+06   2.5702582E+06   0.0000000E+00   0.0000000E+00   0.0000000E+00   0.0000000E+00
   8.1123075E-05   2.5964877E+06   2.5964877E+06   3.4490899E+06   8.6572191E+03   3.9164015E+04   2.5966281E+06   2.5964877E+06   2.5702438E+06   0.0000000E+00   0.0000000E+00   0.0000000E+00   0.0000000E+00
   8.7175492E-05   2.5964724E+06   2.5964724E+06   3.4470779E+06   8.6543774E+03   3.9152219E+04   2.5966113E+06   2.5964724E+06   2.5702272E+06   0.0000000E+00   0.0000000E+00   0.0000000E+00   0.0000000E+00
   9.3679466E-05   2.5964547E+06   2.5964547E+06   3.4447560E+06   8.6510973E+03   3.9138608E+04   2.5965920E+06   2.5964547E+06   2.5702081E+06   0.0000000E+00   0.0000000E+00   0.0000000E+00   0.0000000E+00
   1.0066869E-04   2.5964344E+06   2.5964344E+06   3.4420764E+06   8.6473113E+03   3.9122902E+04   2.5965697E+06   2.5964344E+06   2.5701859E+06   0.0000000E+00   0.0000000E+00   0.0000000E+00   0.0000000E+00
   1.0817936E-04   2.5964109E+06   2.5964109E+06   3.4389846E+06   8.6429418E+03   3.9104782E+04   2.5965439E+06   2.5964109E+06   2.5701604E+06   0.0000000E+00   0.0000000E+00   0.0000000E+00   0.0000000E+00
   1.1625039E-04   2.5963837E+06   2.5963837E+06   3.4354175E+06   8.6378991E+03   3.9083879E+04   2.5965142E+06   2.5963837E+06   2.5701309E+06   0.0000000E+00   0.0000000E+00   0.0000000E+00   0.0000000E+00
   1.2492358E-04   2.5963524E+06   2.5963524E+06   3.4313026E+06   8.6320803E+03   3.9059772E+04   2.5964798E+06   2.5963524E+06   2.5700968E+06   0.0000000E+00   0.0000000E+00   0.0000000E+00   0.0000000E+00
   1.3424385E-04   2.5963162E+06   2.5963162E+06   3.4265566E+06   8.6253665E+03   3.9031973E+04   2.5964402E+06   2.5963162E+06   2.5700575E+06   0.0000000E+00   0.0000000E+00   0.0000000E+00   0.0000000E+00
   1.4425949E-04   2.5962744E+06   2.5962744E+06   3.4210837E+06   8.6176213E+03   3.8999924E+04   2.5963944E+06   2.5962744E+06   2.5700122E+06   0.0000000E+00   0.0000000E+00   0.0000000E+00   0.0000000E+00
   1.5502238E-04   2.5962262E+06   2.5962262E+06   3.4147740E+06   8.6086874E+03   3.8962985E+04   2.5963416E+06   2.5962262E+06   2.5699598E+06   0.0000000E+00   0.0000000E+00   0.0000000E+00   0.0000000E+00
   1.6658827E-04   2.5961706E+06   2.5961706E+06   3.4075013E+06   8.5983843E+03   3.8920423E+04   2.5962807E+06   2.5961706E+06   2.5698993E+06   0.0000000E+00   0.0000000E+00   0.0000000E+00   0.0000000E+00
   1.7901705E-04   2.5961064E+06   2.5961064E+06   3.3991212E+06   8.5865045E+03   3.8871398E+04   2.5962103E+06   2.5961064E+06   2.5698296E+06   0.0000000E+00   0.0000000E+00   0.0000000E+00   0.0000000E+00
   1.9237313E-04   2.5960322E+06   2.5960322E+06   3.3894683E+06   8.5728101E+03   3.8814951E+04   2.5961291E+06   2.5960322E+06   2.5697490E+06   0.0000000E+00   0.0000000E+00   0.0000000E+00   0.0000000E+00
   2.0672567E-04   2.5959467E+06   2.5959467E+06   3.3783535E+06   8.5570281E+03   3.8749988E+04   2.5960354E+06   2.5959467E+06   2.5696561E+06   0.0000000E+00   0.0000000E+00   0.0000000E+00   0.0000000E+00
   2.2214902E-04   2.5958480E+06   2.5958480E+06   3.3655612E+06   8.5388461E+03   3.8675265E+04   2.5959273E+06   2.5958480E+06   2.5695489E+06   0.0000000E+00   0.0000000E+00   0.0000000E+00   0.0000000E+00
   2.3872308E-04   2.5957341E+06   2.5957341E+06   3.3508460E+06   8.5179065E+03   3.8589365E+04   2.5958026E+06   2.5957341E+06   2.5694253E+06   0.0000000E+00   0.0000000E+00   0.0000000E+00   0.0000000E+00
   2.5653369E-04   2.5956028E+06   2.5956028E+06   3.3339289E+06   8.4938014E+03   3.8490687E+04   2.5956587E+06   2.5956028E+06   2.5692826E+06   0.0000000E+00   0.0000000E+00   0.0000000E+00   0.0000000E+00
   2.7567311E-04   2.5954513E+06   2.5954513E+06   3.3144940E+06   8.4660656E+03   3.8377423E+04   2.5954928E+06   2.5954513E+06   2.5691181E+06   0.0000000E+00   0.0000000E+00   0.0000000E+00   0.0000000E+00
   2.9624048E-04   2.5952766E+06   2.5952766E+06   3.2921844E+06   8.4341701E+03   3.8247536E+04   2.5953015E+06   2.5952766E+06   2.5689284E+06   0.0000000E+00   0.0000000E+00   0.0000000E+00   0.0000000E+00
   3.1834234E-04   2.5950751E+06   2.5950751E+06   3.2665989E+06   8.3975148E+03   3.8098749E+04   2.5950810E+06   2.5950751E+06   2.5687098E+06   0.0000000E+00   0.0000000E+00   0.0000000E+00   0.0000000E+00
   3.4209317E-04   2.5948429E+06   2.5948429E+06   3.2372878E+06   8.3554209E+03   3.7928522E+04   2.5948269E+06   2.5948429E+06   2.5684578E+06   0.0000000E+00   0.0000000E+00   0.0000000E+00   0.0000000E+00
   3.6761600E-04   2.5945754E+06   2.5945754E+06   3.2037505E+06   8.3071230E+03   3.7734048E+04   2.5945341E+06   2.5945754E+06   2.5681676E+06   0.0000000E+00   0.0000000E+00   0.0000000E+00   0.0000000E+00
   3.9504303E-04   2.5942672E+06   2.5942672E+06   3.1654329E+06   8.2517621E+03   3.7512239E+04   2.5941969E+06   2.5942672E+06   2.5678332E+06   0.0000000E+00   0.0000000E+00   0.0000000E+00   0.0000000E+00
   4.2451634E-04   2.5939123E+06   2.5939123E+06   3.1217266E+06   8.1883783E+03   3.7259739E+04   2.5938088E+06   2.5939123E+06   2.5674484E+06   0.0000000E+00   0.0000000E+00   0.0000000E+00   0.0000000E+00
   4.5618858E-04   2.5935038E+06   2.5935038E+06   3.0719701E+06   8.1159054E+03   3.6972933E+04   2.5933621E+06   2.5935038E+06   2.5670056E+06   0.0000000E+00   0.0000000E+00   0.0000000E+00   0.0000000E+00
   4.9022382E-04   2.5930339E+06   2.5930339E+06   3.0154526E+06   8.0331676E+03   3.6647992E+04   2.5928485E+06   2.5930339E+06   2.5664964E+06   0.0000000E+00   0.0000000E+00   0.0000000E+00   0.0000000E+00
   5.2679835E-04   2.5924935E+06   2.5924935E+06   2.9514223E+06   7.9388787E+03   3.6280922E+04   2.5922582E+06   2.5924935E+06   2.5659111E+06   0.0000000E+00   0.0000000E+00   0.0000000E+00   0.0000000E+00
   5.6610163E-04   2.5918727E+06   2.5918727E+06   2.8790990E+06   7.8316466E+03   3.5867664E+04   2.5915802E+06   2.5918727E+06   2.5652390E+06   0.0000000E+00   0.0000000E+00   0.0000000E+00   0.0000000E+00
   6.0833724E-04   2.5911597E+06   2.5911597E+06   2.7976945E+06   7.7099840E+03   3.5404215E+04   2.5908021E+06   2.5911597E+06   2.5644677E+06   0.0000000E+00   0.0000000E+00   0.0000000E+00   0.0000000E+00
   6.5372397E-04   2.5903419E+06   2.5903419E+06   2.7064415E+06   7.5723277E+03   3.4886803E+04   2.5899101E+06   2.5903419E+06   2.5635835E+06   0.0000000E+00   0.0000000E+00   0.0000000E+00   0.0000000E+00
   7.0249689E-04   2.5894044E+06   2.5894044E+06   2.6046329E+06   7.4170690E+03   3.4312109E+04   2.5888885E+06   2.5894044E+06   2.5625708E+06   0.0000000E+00   0.0000000E+00   0.0000000E+00   0.0000000E+00
   7.5490866E-04   2.5883311E+06   2.5883311E+06   2.4916746E+06   7.2425993E+03   3.3677547E+04   2.5877198E+06   2.5883311E+06   2.5614125E+06   0.0000000E+00   0.0000000E+00   0.0000000E+00   0.0000000E+00
   8.1123075E-04   2.5871038E+06   2.5871038E+06   2.3671528E+06   7.0473728E+03   3.2981589E+04   2.5863848E+06   2.5871038E+06   2.5600893E+06   0.0000000E+00   0.0000000E+00   0.0000000E+00   0.0000000E+00
   8.7175492E-04   2.5857023E+06   2.5857023E+06   2.2309178E+06   6.8299913E+03   3.2224129E+04   2.5848621E+06   2.5857023E+06   2.5585802E+06   0.0000000E+00   0.0000000E+00   0.0000000E+00   0.0000000E+00
   9.3679466E-04   2.5841044E+06   2.5841044E+06   2.0831832E+06   6.5893133E+03   3.1406863E+04   2.5831282E+06   2.5841044E+06   2.5568621E+06   0.0000000E+00   0.0000000E+00   0.0000000E+00   0.0000000E+00
   1.0066869E-03   2.5822857E+06   2.5822857E+06   1.9246391E+06   6.3245896E+03   3.0533623E+04   2.5811579E+06   2.5822857E+06   2.5549097E+06   0.0000000E+00   0.0000000E+00   0.0000000E+00   0.0000000E+00
   1.0817936E-03   2.5802198E+06   2.5802198E+06   1.7565731E+06   6.0356260E+03   2.9610598E+04   2.5789236E+06   2.5802198E+06   2.5526960E+06   0.0000000E+00   0.0000000E+00   0.0000000E+00   0.0000000E+00
   1.1625039E-03   2.5778780E+06   2.5778780E+06   1.5809869E+06   5.7229673E+03   2.8646330E+04   2.5763961E+06   2.5778780E+06   2.5501921E+06   0.0000000E+00   0.0000000E+00   0.0000000E+00   0.0000000E+00
   1.2492358E-03   2.5752297E+06   2.5752297E+06   1.4006911E+06   5.3880959E+03   2.7651348E+04   2.5735444E+06   2.5752297E+06   2.5473674E+06   0.0000000E+00   0.0000000E+00   0.0000000E+00   0.0000000E+00
   1.3424385E-03   2.5722425E+06   2.5722425E+06   1.2193510E+06   5.0336238E+03   2.6637280E+04   2.5703361E+06   2.5722425E+06   2.5441900E+06   0.0000000E+00   0.0000000E+00   0.0000000E+00   0.0000000E+00
   1.4425949E-03   2.5688823E+06   2.5688823E+06   1.0414487E+06   4.6634531E+03   2.5615300E+04   2.5667380E+06   2.5688823E+06   2.5406270E+06   0.0000000E+00   0.0000000E+00   0.0000000E+00   0.0000000E+00
   1.5502238E-03   2.5651134E+06   2.5651134E+06   8.7211776E+05   4.2828623E+03   2.4593862E+04   2.5627158E+06   2.5651134E+06   2.5366447E+06   0.0000000E+00   0.0000000E+00   0.0000000E+00   0.0000000E+00
   1.6658827E-03   2.5608989E+06   2.5608989E+06   7.1681021E+05   3.8984701E+03   2.3575831E+04   2.5582349E+06   2.5608989E+06   2.5322091E+06   0.0000000E+00   0.0000000E+00   0.0000000E+00   0.0000000E+00
   1.7901705E-03   2.5562009E+06   2.5562009E+06   5.8076382E+05   3.5180165E+03   2.2555472E+04   2.5532607E+06   2.5562009E+06   2.5272860E+06   0.0000000E+00   0.0000000E+00   0.0000000E+00   0.0000000E+00
   1.9237313E-03   2.5509799E+06   2.5509799E+06   4.6827441E+05   3.1499101E+03   2.1516208E+04   2.5477579E+06   2.5509799E+06   2.5218409E+06   0.0000000E+00   0.0000000E+00   0.0000000E+00   0.0000000E+00
   2.0672567E-03   2.5451954E+06   2.5451954E+06   3.8183660E+05   2.8025121E+03   2.0430596E+04   2.5416911E+06   2.5451954E+06   2.5158387E+06   0.0000000E+00   0.0000000E+00   0.0000000E+00   0.0000000E+00
   2.2214902E-03   2.5388047E+06   2.5388047E+06   3.2130739E+05   2.4831833E+03   1.9264345E+04   2.5350234E+06   2.5388047E+06   2.5092431E+06   0.0000000E+00   0.0000000E+00   0.0000000E+00   0.0000000E+00
   2.3872308E-03   2.5317630E+06   2.5317630E+06   2.8335173E+05   2.1972038E+03   1.7985957E+04   2.5277153E+06   2.5317630E+06   2.5020152E+06   0.0000000E+00   0.0000000E+00   0.0000000E+00   0.0000000E+00
   2.5653369E-03   2.5240217E+06   2.5240217E+06   2.6150948E+05   1.9467900E+03   1.6582165E+04   2.5197240E+06   2.5240217E+06   2.4941125E+06   0.0000000E+00   0.0000000E+00   0.0000000E+00   0.0000000E+00
   2.7567311E-03   2.5155288E+06   2.5155288E+06   2.4720404E+05   1.7305346E+03   1.5076074E+04   2.5110012E+06   2.5155288E+06   2.4854872E+06   0.0000000E+00   0.0000000E+00   0.0000000E+00   0.0000000E+00
   2.9624048E-03   2.5062281E+06   2.5062281E+06   2.3180121E+05   1.5436298E+03   1.3540139E+04   2.5014931E+06   2.5062281E+06   2.4760855E+06   0.0000000E+00   0.0000000E+00   0.0000000E+00   0.0000000E+00
   3.1834234E-03   2.4960600E+06   2.4960600E+06   2.0935652E+05   1.3791075E+03   1.2091709E+04   2.4911394E+06   2.4960600E+06   2.4658477E+06   0.0000000E+00   0.0000000E+00   0.0000000E+00   0.0000000E+00
   3.4209317E-03   2.4849624E+06   2.4849624E+06   1.7903439E+05   1.2299743E+03   1.0859518E+04   2.4798754E+06   2.4849624E+06   2.4547091E+06   0.0000000E+00   0.0000000E+00   0.0000000E+00   0.0000000E+00
   3.6761600E-03   2.4728724E+06   2.4728724E+06   1.4568084E+05   1.0915722E+03   9.9215964E+03   2.4676333E+06   2.4728724E+06   2.4426022E+06   0.0000000E+00   0.0000000E+00   0.0000000E+00   0.0000000E+00
   3.9504303E-03   2.4597274E+06   2.4597274E+06   1.1730654E+05   9.6300199E+02   9.2410371E+03   2.4543449E+06   2.4597274E+06   2.4294593E+06   0.0000000E+00   0.0000000E+00   0.0000000E+00   0.0000000E+00
   4.2451634E-03   2.4454641E+06   2.4454641E+06   9.9862314E+04   8.4648984E+02   8.6540052E+03   2.4399426E+06   2.4454641E+06   2.4152131E+06   0.0000000E+00   0.0000000E+00   0.0000000E+00   0.0000000E+00
   4.5618858E-03   2.4300166E+06   2.4300166E+06   9.2349131E+04   7.4460539E+02   7.9603985E+03   2.4243588E+06   2.4300166E+06   2.3997966E+06   0.0000000E+00   0.0000000E+00   0.0000000E+00   0.0000000E+00
   4.9022382E-03   2.4133139E+06   2.4133139E+06   8.6907095E+04   6.5705641E+02   7.0933997E+03   2.4075238E+06   2.4133139E+06   2.3831409E+06   0.0000000E+00   0.0000000E+00   0.0000000E+00   0.0000000E+00
   5.2679835E-03   2.3952795E+06   2.3952795E+06   7.5832679E+04   5.7996591E+02   6.2198331E+03   2.3893649E+06   2.3952795E+06   2.3651737E+06   0.0000000E+00   0.0000000E+00   0.0000000E+00   0.0000000E+00
   5.6610163E-03   2.3758339E+06   2.3758339E+06   5.9972994E+04   5.0900977E+02   5.5932903E+03   2.3698067E+06   2.3758339E+06   2.3458207E+06   0.0000000E+00   0.0000000E+00   0.0000000E+00   0.0000000E+00
   6.0833724E-03   2.3548989E+06   2.3548989E+06   4.7853761E+04   4.4349834E+02   5.2259286E+03   2.3487737E+06   2.3548989E+06   2.3250070E+06   0.0000000E+00   0.0000000E+00   0.0000000E+00   0.0000000E+00
   6.5372397E-03   2.3323989E+06   2.3323989E+06   4.3567365E+04   3.8601543E+02   4.8170729E+03   2.3261912E+06   2.3323989E+06   2.3026587E+06   0.0000000E+00   0.0000000E+00   0.0000000E+00   0.0000000E+00
   7.0249689E-03   2.3082555E+06   2.3082555E+06   3.9942195E+04   3.3727533E+02   4.2111416E+03   2.3019804E+06   2.3082555E+06   2.2786978E+06   0.0000000E+00   0.0000000E+00   0.0000000E+00   0.0000000E+00
   7.5490866E-03   2.2823851E+06   2.2823851E+06   3.1239626E+04   2.9410272E+02   3.7171608E+03   2.2760554E+06   2.2823851E+06   2.2530395E+06   0.0000000E+00   0.0000000E+00   0.0000000E+00   0.0000000E+00
   8.1123075E-03   2.2547014E+06   2.2547014E+06   2.4414336E+04   2.5464357E+02   3.4996477E+03   2.2483281E+06   2.2547014E+06   2.2255965E+06   0.0000000E+00   0.0000000E+00   0.0000000E+00   0.0000000E+00
   8.7175492E-03   2.2251195E+06   2.2251195E+06   2.3145438E+04   2.2055553E+02   3.1569670E+03   2.2187140E+06   2.2251195E+06   2.1962852E+06   0.0000000E+00   0.0000000E+00   0.0000000E+00   0.0000000E+00
   9.3679466E-03   2.1935519E+06   2.1935519E+06   1.9133324E+04   1.9118130E+02   2.7058837E+03   2.1871306E+06   2.1935519E+06   2.1650240E+06   0.0000000E+00   0.0000000E+00   0.0000000E+00   0.0000000E+00
   1.0066869E-02   2.1599092E+06   2.1599092E+06   1.4734249E+04   1.6443548E+02   2.5499864E+03   2.1534922E+06   2.1599092E+06   2.1317282E+06   0.0000000E+00   0.0000000E+00   0.0000000E+00   0.0000000E+00
   1.0817936E-02   2.1241032E+06   2.1241032E+06   1.4456260E+04   1.4175683E+02   2.2615121E+03   2.1177056E+06   2.1241032E+06   2.0963054E+06   0.0000000E+00   0.0000000E+00   0.0000000E+00   0.0000000E+00
   1.1625039E-02   2.0860433E+06   2.0860433E+06   1.1140938E+04   1.2215328E+02   1.9516030E+03   2.0796754E+06   2.0860433E+06   2.0586614E+06   0.0000000E+00   0.0000000E+00   0.0000000E+00   0.0000000E+00
   1.2492358E-02   2.0456392E+06   2.0456392E+06   1.0238225E+04   1.0445776E+02   1.8141171E+03   2.0393184E+06   2.0456392E+06   2.0187138E+06   0.0000000E+00   0.0000000E+00   0.0000000E+00   0.0000000E+00
   1.3424385E-02   2.0028048E+06   2.0028048E+06   8.4734911E+03   8.9667742E+01   1.5043575E+03   1.9965494E+06   2.0028048E+06   1.9763784E+06   0.0000000E+00   0.0000000E+00   0.0000000E+00   0.0000000E+00
   1.4425949E-02   1.9574567E+06   1.9574567E+06   7.3957437E+03   7.6483135E+01   1.3952767E+03   1.9512794E+06   1.9574567E+06   1.9315669E+06   0.0000000E+00   0.0000000E+00   0.0000000E+00   0.0000000E+00
   1.5502238E-02   1.9095216E+06   1.9095216E+06   5.8624333E+03   6.5234383E+01   1.1581762E+03   1.9034397E+06   1.9095216E+06   1.8842115E+06   0.0000000E+00   0.0000000E+00   0.0000000E+00   0.0000000E+00
   1.6658827E-02   1.8589378E+06   1.8589378E+06   5.3638237E+03   5.5419635E+01   1.0472687E+03   1.8529666E+06   1.8589378E+06   1.8342491E+06   0.0000000E+00   0.0000000E+00   0.0000000E+00   0.0000000E+00
   1.7901705E-02   1.8056633E+06   1.8056633E+06   3.9816917E+03   4.6947609E+01   9.2683704E+02   1.7998174E+06   1.8056633E+06   1.7816375E+06   0.0000000E+00   0.0000000E+00   0.0000000E+00   0.0000000E+00
   1.9237313E-02   1.7496838E+06   1.7496838E+06   3.5332093E+03   3.9718196E+01   7.6851035E+02   1.7439795E+06   1.7496838E+06   1.7263642E+06   0.0000000E+00   0.0000000E+00   0.0000000E+00   0.0000000E+00
   2.0672567E-02   1.6910229E+06   1.6910229E+06   3.1715941E+03   3.3454086E+01   6.8466595E+02   1.6854738E+06   1.6910229E+06   1.6684500E+06   0.0000000E+00   0.0000000E+00   0.0000000E+00   0.0000000E+00
   2.2214901E-02   1.6297552E+06   1.6297552E+06   2.5472885E+03   2.8083996E+01   6.0858286E+02   1.6243761E+06   1.6297552E+06   1.6079699E+06   0.0000000E+00   0.0000000E+00   0.0000000E+00   0.0000000E+00
   2.3872300E-02   1.5660216E+06   1.5660216E+06   2.0113507E+03   2.3522519E+01   5.1603695E+02   1.5608251E+06   1.5660216E+06   1.5450610E+06   0.0000000E+00   0.0000000E+00   0.0000000E+00   0.0000000E+00
   2.5653326E-02   1.5000463E+06   1.5000463E+06   1.6324924E+03   1.9636884E+01   4.3442706E+02   1.4950450E+06   1.5000463E+06   1.4799456E+06   0.0000000E+00   0.0000000E+00   0.0000000E+00   0.0000000E+00
   2.7567101E-02   1.4321569E+06   1.4321569E+06   1.3524665E+03   1.6322171E+01   3.7020323E+02   1.4273613E+06   1.4321569E+06   1.4129457E+06   0.0000000E+00   0.0000000E+00   0.0000000E+00   0.0000000E+00
   2.9623144E-02   1.3628070E+06   1.3628070E+06   1.1312985E+03   1.3522295E+01   3.1559000E+02   1.3582256E+06   1.3628070E+06   1.3445085E+06   0.0000000E+00   0.0000000E+00   0.0000000E+00   0.0000000E+00
   3.1830827E-02   1.2926042E+06   1.2926042E+06   9.5530510E+02   1.1164741E+01   2.6779965E+02   1.2882436E+06   1.2926042E+06   1.2752334E+06   0.0000000E+00   0.0000000E+00   0.0000000E+00   0.0000000E+00
   3.4197979E-02   1.2223458E+06   1.2223458E+06   8.1030588E+02   9.1901958E+00   2.2129000E+02   1.2182093E+06   1.2223458E+06   1.2059065E+06   0.0000000E+00   0.0000000E+00   0.0000000E+00   0.0000000E+00
   3.6728030E-02   1.1530562E+06   1.1530562E+06   6.4865421E+02   7.5484310E+00   1.7830902E+02   1.1491433E+06   1.1530562E+06   1.1375381E+06   0.0000000E+00   0.0000000E+00   0.0000000E+00   0.0000000E+00
   3.9415441E-02   1.0859983E+06   1.0859983E+06   5.1068713E+02   6.1924461E+00   1.5507190E+02   1.0823038E+06   1.0859983E+06   1.0713737E+06   0.0000000E+00   0.0000000E+00   0.0000000E+00   0.0000000E+00
   4.2240661E-02   1.0225968E+06   1.0225968E+06   4.4663890E+02   5.0910529E+00   1.2664048E+02   1.0191103E+06   1.0225968E+06   1.0088185E+06   0.0000000E+00   0.0000000E+00   0.0000000E+00   0.0000000E+00
   4.5168409E-02   9.6421107E+05   9.6421107E+05   3.4190573E+02   4.2048606E+00   1.0796928E+02   9.6091738E+05   9.6421107E+05   9.5121332E+05   0.0000000E+00   0.0000000E+00   0.0000000E+00   0.0000000E+00
   4.8153497E-02   9.1179706E+05   9.1179706E+05   3.0651991E+02   3.5012520E+00   8.9608198E+01   9.0867733E+05   9.1179706E+05   8.9950087E+05   0.0000000E+00   0.0000000E+00   0.0000000E+00   0.0000000E+00
   5.1153088E-02   8.6564783E+05   8.6564783E+05   2.4111329E+02   2.9450603E+00   7.9129690E+01   8.6268186E+05   8.6564783E+05   8.5396993E+05   0.0000000E+00   0.0000000E+00   0.0000000E+00   0.0000000E+00
   5.4137512E-02   8.2539507E+05   8.2539507E+05   2.1631032E+02   2.5055747E+00   6.4643492E+01   8.2256365E+05   8.2539507E+05   8.1425689E+05   0.0000000E+00   0.0000000E+00   0.0000000E+00   0.0000000E+00
   5.7093344E-02   7.9023317E+05   7.9023317E+05   1.7955958E+02   2.1536177E+00   6.0105534E+01   7.8751961E+05   7.9023317E+05   7.7956677E+05   0.0000000E+00   0.0000000E+00   0.0000000E+00   0.0000000E+00
   6.0019997E-02   7.5918380E+05   7.5918380E+05   1.5973539E+02   1.8696693E+00   4.9407433E+01   7.5657457E+05   7.5918380E+05   7.4893425E+05   0.0000000E+00   0.0000000E+00   0.0000000E+00   0.0000000E+00
   6.2924506E-02   7.3127936E+05   7.3127936E+05   1.3801442E+02   1.6358298E+00   4.6810164E+01   7.2876411E+05   7.3127936E+05   7.2140465E+05   0.0000000E+00   0.0000000E+00   0.0000000E+00   0.0000000E+00
   6.5817387E-02   7.0565365E+05   7.0565365E+05   1.2271794E+02   1.4411384E+00   3.8558308E+01   7.0322491E+05   7.0565365E+05   6.9612337E+05   0.0000000E+00   0.0000000E+00   0.0000000E+00   0.0000000E+00
   6.8710169E-02   6.8157400E+05   6.8157400E+05   1.0825423E+02   1.2756117E+00   3.7501762E+01   6.7922672E+05   6.8157400E+05   6.7236754E+05   0.0000000E+00   0.0000000E+00   0.0000000E+00   0.0000000E+00
   7.1614154E-02   6.5844666E+05   6.5844666E+05   9.6422745E+01   1.1339035E+00   3.0679569E+01   6.5617782E+05   6.5844666E+05   6.4955141E+05   0.0000000E+00   0.0000000E+00   0.0000000E+00   0.0000000E+00
   7.4539915E-02   6.3581322E+05   6.3581322E+05   8.6157755E+01   1.0103484E+00   3.0532887E+01   6.3362132E+05   6.3581322E+05   6.2722270E+05   0.0000000E+00   0.0000000E+00   0.0000000E+00   0.0000000E+00
   7.7497161E-02   6.1334531E+05   6.1334531E+05   7.5990597E+01   9.0226801E-01   2.4374215E+01   6.1122994E+05   6.1334531E+05   6.0505745E+05   0.0000000E+00   0.0000000E+00   0.0000000E+00   0.0000000E+00
   8.0494773E-02   5.9083955E+05   5.9083955E+05   6.9798552E+01   8.0624059E-01   2.4650668E+01   5.8880097E+05   5.9083955E+05   5.8285499E+05   0.0000000E+00   0.0000000E+00   0.0000000E+00   0.0000000E+00
   8.3540907E-02   5.6821193E+05   5.6821193E+05   5.9070148E+01   7.2102072E-01   2.0131485E+01   5.6625071E+05   5.6821193E+05   5.6053245E+05   0.0000000E+00   0.0000000E+00   0.0000000E+00   0.0000000E+00
   8.6643111E-02   5.4549030E+05   5.4549030E+05   5.6829193E+01   6.4471926E-01   1.8885478E+01   5.4360687E+05   5.4549030E+05   5.3811729E+05   0.0000000E+00   0.0000000E+00   0.0000000E+00   0.0000000E+00
   8.9808445E-02   5.2280304E+05   5.2280304E+05   4.7188366E+01   5.7638842E-01   1.7600858E+01   5.2099737E+05   5.2280304E+05   5.1573611E+05   0.0000000E+00   0.0000000E+00   0.0000000E+00   0.0000000E+00
   9.3043576E-02   5.0036249E+05   5.0036249E+05   4.3022825E+01   5.1525754E-01   1.4259787E+01   4.9863383E+05   5.0036249E+05   4.9359841E+05   0.0000000E+00   0.0000000E+00   0.0000000E+00   0.0000000E+00
   9.6354870E-02   4.7844231E+05   4.7844231E+05   3.9964996E+01   4.6050617E-01   1.3549652E+01   4.7678894E+05   4.7844231E+05   4.7197413E+05   0.0000000E+00   0.0000000E+00   0.0000000E+00   0.0000000E+00
   9.9748466E-02   4.5734836E+05   4.5734836E+05   3.4505006E+01   4.1164921E-01   1.2867762E+01   4.5576749E+05   4.5734836E+05   4.5116496E+05   0.0000000E+00   0.0000000E+00   0.0000000E+00   0.0000000E+00
   1.0323033E-01   4.3738420E+05   4.3738420E+05   2.9978757E+01   3.6826989E-01   1.1076065E+01   4.3587200E+05   4.3738420E+05   4.3147038E+05   0.0000000E+00   0.0000000E+00   0.0000000E+00   0.0000000E+00
   1.0680631E-01   4.1881325E+05   4.1881325E+05   2.7009624E+01   3.2981901E-01   9.4484069E+00   4.1736494E+05   4.1881325E+05   4.1315022E+05   0.0000000E+00   0.0000000E+00   0.0000000E+00   0.0000000E+00
   1.1048218E-01   4.0182089E+05   4.0182089E+05   2.4698581E+01   2.9583650E-01   8.3148815E+00   4.0043105E+05   4.0182089E+05   3.9638734E+05   0.0000000E+00   0.0000000E+00   0.0000000E+00   0.0000000E+00
   1.1426365E-01   3.8648125E+05   3.8648125E+05   2.2522284E+01   2.6587465E-01   7.5653458E+00   3.8514422E+05   3.8648125E+05   3.8125488E+05   0.0000000E+00   0.0000000E+00   0.0000000E+00   0.0000000E+00
   1.1815642E-01   3.7273410E+05   3.7273410E+05   2.0374690E+01   2.3950148E-01   6.7597569E+00   3.7144440E+05   3.7273410E+05   3.6769340E+05   0.0000000E+00   0.0000000E+00   0.0000000E+00   0.0000000E+00
   1.2216621E-01   3.6037714E+05   3.6037714E+05   1.8229569E+01   2.1617418E-01   6.0943777E+00   3.5912999E+05   3.6037714E+05   3.5550335E+05   0.0000000E+00   0.0000000E+00   0.0000000E+00   0.0000000E+00
   1.2629872E-01   3.4907865E+05   3.4907865E+05   1.6116753E+01   1.9545922E-01   5.6574504E+00   3.4787041E+05   3.4907865E+05   3.4435748E+05   0.0000000E+00   0.0000000E+00   0.0000000E+00   0.0000000E+00
   1.3055970E-01   3.3841257E+05   3.3841257E+05   1.4481597E+01   1.7690105E-01   5.5793307E+00   3.3724108E+05   3.3841257E+05   3.3383549E+05   0.0000000E+00   0.0000000E+00   0.0000000E+00   0.0000000E+00
   1.3495497E-01   3.2791517E+05   3.2791517E+05   1.3697051E+01   1.6012266E-01   5.2244209E+00   3.2677986E+05   3.2791517E+05   3.2347991E+05   0.0000000E+00   0.0000000E+00   0.0000000E+00   0.0000000E+00
   1.3949034E-01   3.1715730E+05   3.1715730E+05   1.2339056E+01   1.4480372E-01   4.2122247E+00   3.1605909E+05   3.1715730E+05   3.1286740E+05   0.0000000E+00   0.0000000E+00   0.0000000E+00   0.0000000E+00
   1.4417175E-01   3.0582165E+05   3.0582165E+05   1.0811914E+01   1.3068144E-01   4.2516551E+00   3.0476257E+05   3.0582165E+05   3.0168496E+05   0.0000000E+00   0.0000000E+00   0.0000000E+00   0.0000000E+00
   1.4900514E-01   2.9376985E+05   2.9376985E+05   1.0120013E+01   1.1762616E-01   3.4908697E+00   2.9275238E+05   2.9376985E+05   2.8979606E+05   0.0000000E+00   0.0000000E+00   0.0000000E+00   0.0000000E+00
   1.5399657E-01   2.8108234E+05   2.8108234E+05   8.8163161E+00   1.0555669E-01   3.5514102E+00   2.8010872E+05   2.8108234E+05   2.7728007E+05   0.0000000E+00   0.0000000E+00   0.0000000E+00   0.0000000E+00
   1.5915214E-01   2.6805602E+05   2.6805602E+05   7.7892414E+00   9.4489506E-02   2.8096312E+00   2.6712742E+05   2.6805602E+05   2.6442987E+05   0.0000000E+00   0.0000000E+00   0.0000000E+00   0.0000000E+00
   1.6447806E-01   2.5515095E+05   2.5515095E+05   7.1903775E+00   8.4430340E-02   2.4982245E+00   2.5426697E+05   2.5515095E+05   2.5169929E+05   0.0000000E+00   0.0000000E+00   0.0000000E+00   0.0000000E+00
   1.6998061E-01   2.4288953E+05   2.4288953E+05   6.4381004E+00   7.5411609E-02   2.3681174E+00   2.4204796E+05   2.4288953E+05   2.3960367E+05   0.0000000E+00   0.0000000E+00   0.0000000E+00   0.0000000E+00
   1.7566619E-01   2.3172587E+05   2.3172587E+05   5.7190034E+00   6.7435918E-02   2.1902926E+00   2.3092291E+05   2.3172587E+05   2.2859097E+05   0.0000000E+00   0.0000000E+00   0.0000000E+00   0.0000000E+00
   1.8154126E-01   2.2191720E+05   2.2191720E+05   5.1262853E+00   6.0455711E-02   1.9492849E+00   2.2114816E+05   2.2191720E+05   2.1891493E+05   0.0000000E+00   0.0000000E+00   0.0000000E+00   0.0000000E+00
   1.8761245E-01   2.1343683E+05   2.1343683E+05   4.6375589E+00   5.4361130E-02   1.7143697E+00   2.1269713E+05   2.1343683E+05   2.1054923E+05   0.0000000E+00   0.0000000E+00   0.0000000E+00   0.0000000E+00
   1.9388649E-01   2.0596452E+05   2.0596452E+05   4.1198046E+00   4.9005951E-02   1.4521060E+00   2.0525066E+05   2.0596452E+05   2.0317797E+05   0.0000000E+00   0.0000000E+00   0.0000000E+00   0.0000000E+00
   2.0037028E-01   1.9897153E+05   1.9897153E+05   3.6459992E+00   4.4224185E-02   1.4466752E+00   1.9828187E+05   1.9897153E+05   1.9627955E+05   0.0000000E+00   0.0000000E+00   0.0000000E+00   0.0000000E+00
   2.0707087E-01   1.9188669E+05   1.9188669E+05   3.4140947E+00   3.9873368E-02   1.2533044E+00   1.9122154E+05   1.9188669E+05   1.8929052E+05   0.0000000E+00   0.0000000E+00   0.0000000E+00   0.0000000E+00
   2.1399554E-01   1.8429460E+05   1.8429460E+05   2.9805612E+00   3.5850463E-02   1.1938393E+00   1.8365574E+05   1.8429460E+05   1.8180112E+05   0.0000000E+00   0.0000000E+00   0.0000000E+00   0.0000000E+00
   2.2115178E-01   1.7609280E+05   1.7609280E+05   2.6736225E+00   3.2111164E-02   9.7784076E-01   1.7548233E+05   1.7609280E+05   1.7371024E+05   0.0000000E+00   0.0000000E+00   0.0000000E+00   0.0000000E+00
   2.2854736E-01   1.6753579E+05   1.6753579E+05   2.4212761E+00   2.8665828E-02   8.6110458E-01   1.6695495E+05   1.6753579E+05   1.6526898E+05   0.0000000E+00   0.0000000E+00   0.0000000E+00   0.0000000E+00
   2.3619034E-01   1.5913038E+05   1.5913038E+05   2.1576773E+00   2.5546612E-02   7.9001177E-01   1.5857866E+05   1.5913038E+05   1.5697728E+05   0.0000000E+00   0.0000000E+00   0.0000000E+00   0.0000000E+00
   2.4408918E-01   1.5140996E+05   1.5140996E+05   1.9067559E+00   2.2786271E-02   7.0634611E-01   1.5088498E+05   1.5140996E+05   1.4936129E+05   0.0000000E+00   0.0000000E+00   0.0000000E+00   0.0000000E+00
   2.5225271E-01   1.4468208E+05   1.4468208E+05   1.6883262E+00   2.0382547E-02   6.4175485E-01   1.4418041E+05   1.4468208E+05   1.4272443E+05   0.0000000E+00   0.0000000E+00   0.0000000E+00   0.0000000E+00
   2.6069030E-01   1.3887531E+05   1.3887531E+05   1.5297461E+00   1.8291229E-02   6.2457638E-01   1.3839375E+05   1.3887531E+05   1.3699620E+05   0.0000000E+00   0.0000000E+00   0.0000000E+00   0.0000000E+00
   2.6941186E-01   1.3357905E+05   1.3357905E+05   1.3825242E+00   1.6443540E-02   5.1046815E-01   1.3311585E+05   1.3357905E+05   1.3177160E+05   0.0000000E+00   0.0000000E+00   0.0000000E+00   0.0000000E+00
   2.7842794E-01   1.2827366E+05   1.2827366E+05   1.2491778E+00   1.4768283E-02   4.9796311E-01   1.2782883E+05   1.2827366E+05   1.2653797E+05   0.0000000E+00   0.0000000E+00   0.0000000E+00   0.0000000E+00
   2.8774986E-01   1.2263092E+05   1.2263092E+05   1.1070614E+00   1.3221882E-02   4.5025248E-01   1.2220565E+05   1.2263092E+05   1.2097157E+05   0.0000000E+00   0.0000000E+00   0.0000000E+00   0.0000000E+00
   2.9738982E-01   1.1670183E+05   1.1670183E+05   9.8656276E-01   1.1795810E-02   3.9868596E-01   1.1629711E+05   1.1670183E+05   1.1512270E+05   0.0000000E+00   0.0000000E+00   0.0000000E+00   0.0000000E+00
   3.0736100E-01   1.1085859E+05   1.1085859E+05   8.8480373E-01   1.0504610E-02   3.5891388E-01   1.1047412E+05   1.1085859E+05   1.0935852E+05   0.0000000E+00   0.0000000E+00   0.0000000E+00   0.0000000E+00
   3.1767776E-01   1.0551532E+05   1.0551532E+05   7.8381117E-01   9.3649221E-03   2.9378224E-01   1.0514937E+05   1.0551532E+05   1.0408753E+05   0.0000000E+00   0.0000000E+00   0.0000000E+00   0.0000000E+00
   3.2835577E-01   1.0082077E+05   1.0082077E+05   6.9958290E-01   8.3699384E-03   2.8696883E-01   1.0047110E+05   1.0082077E+05   9.9456504E+04   0.0000000E+00   0.0000000E+00   0.0000000E+00   0.0000000E+00
   3.3941227E-01   9.6560399E+04   9.6560399E+04   6.2510020E-01   7.4938848E-03   2.3942995E-01   9.6225491E+04   9.6560399E+04   9.5253773E+04   0.0000000E+00   0.0000000E+00   0.0000000E+00   0.0000000E+00
   3.5086628E-01   9.2355560E+04   9.2355560E+04   5.6126692E-01   6.7031101E-03   2.1306338E-01   9.2035228E+04   9.2355560E+04   9.1105825E+04   0.0000000E+00   0.0000000E+00   0.0000000E+00   0.0000000E+00
   3.6273888E-01   8.7995757E+04   8.7995757E+04   4.9877317E-01   5.9778805E-03   1.9385976E-01   8.7690540E+04   8.7995757E+04   8.6805011E+04   0.0000000E+00   0.0000000E+00   0.0000000E+00   0.0000000E+00
   3.7505358E-01   8.3602943E+04   8.3602943E+04   4.4635887E-01   5.3175487E-03   1.7818137E-01   8.3312957E+04   8.3602943E+04   8.2471635E+04   0.0000000E+00   0.0000000E+00   0.0000000E+00   0.0000000E+00
   3.8783669E-01   7.9468373E+04   7.9468373E+04   3.9452511E-01   4.7289176E-03   1.5753571E-01   7.9192723E+04   7.9468373E+04   7.8393008E+04   0.0000000E+00   0.0000000E+00   0.0000000E+00   0.0000000E+00
   4.0111782E-01   7.5729339E+04   7.5729339E+04   3.5229769E-01   4.2112081E-03   1.3876110E-01   7.5466654E+04   7.5729339E+04   7.4704566E+04   0.0000000E+00   0.0000000E+00   0.0000000E+00   0.0000000E+00
   4.1493050E-01   7.2236594E+04   7.2236594E+04   3.1353828E-01   3.7516587E-03   1.2309126E-01   7.1986020E+04   7.2236594E+04   7.1259081E+04   0.0000000E+00   0.0000000E+00   0.0000000E+00   0.0000000E+00
   4.2931284E-01   6.8759182E+04   6.8759182E+04   2.7983040E-01   3.3355325E-03   1.1522819E-01   6.8520666E+04   6.8759182E+04   6.7828722E+04   0.0000000E+00   0.0000000E+00   0.0000000E+00   0.0000000E+00
   4.4430845E-01   6.5266853E+04   6.5266853E+04   2.4730230E-01   2.9575191E-03   1.0048557E-01   6.5040449E+04   6.5266853E+04   6.4383649E+04   0.0000000E+00   0.0000000E+00   0.0000000E+00   0.0000000E+00
   4.5996752E-01   6.1923900E+04   6.1923900E+04   2.1928461E-01   2.6189484E-03   8.8649420E-02   6.1709089E+04   6.1923900E+04   6.1085930E+04   0.0000000E+00   0.0000000E+00   0.0000000E+00   0.0000000E+00
   4.7634819E-01   5.8819975E+04   5.8819975E+04   1.9427628E-01   2.3189982E-03   7.7326996E-02   5.8615929E+04   5.8819975E+04   5.8024006E+04   0.0000000E+00   0.0000000E+00   0.0000000E+00   0.0000000E+00
   4.9351825E-01   5.5846854E+04   5.5846854E+04   1.7198069E-01   2.0506207E-03   6.9316194E-02   5.5653120E+04   5.5846854E+04   5.5091116E+04   0.0000000E+00   0.0000000E+00   0.0000000E+00   0.0000000E+00
   5.1155733E-01   5.2898172E+04   5.2898172E+04   1.5131514E-01   1.8082716E-03   5.7026817E-02   5.2714664E+04   5.2898172E+04   5.2182333E+04   0.0000000E+00   0.0000000E+00   0.0000000E+00   0.0000000E+00
   5.3055962E-01   5.0031075E+04   5.0031075E+04   1.3312548E-01   1.5902001E-03   5.1666834E-02   4.9857511E+04   5.0031075E+04   4.9354033E+04   0.0000000E+00   0.0000000E+00   0.0000000E+00   0.0000000E+00
   5.5063745E-01   4.7312103E+04   4.7312103E+04   1.1683226E-01   1.3958695E-03   4.6109144E-02   4.7147970E+04   4.7312103E+04   4.6671854E+04   0.0000000E+00   0.0000000E+00   0.0000000E+00   0.0000000E+00
   5.7192581E-01   4.4679345E+04   4.4679345E+04   1.0226486E-01   1.2218737E-03   3.9580952E-02   4.4524344E+04   4.4679345E+04   4.4074722E+04   0.0000000E+00   0.0000000E+00   0.0000000E+00   0.0000000E+00
   5.9458827E-01   4.2091152E+04   4.2091152E+04   8.9157135E-02   1.0651004E-03   3.5536090E-02   4.1945129E+04   4.2091152E+04   4.1521553E+04   0.0000000E+00   0.0000000E+00   0.0000000E+00   0.0000000E+00
   6.1882449E-01   3.9591244E+04   3.9591244E+04   7.7449222E-02   9.2489304E-04   2.9893977E-02   3.9453891E+04   3.9591244E+04   3.9055473E+04   0.0000000E+00   0.0000000E+00   0.0000000E+00   0.0000000E+00
   6.4487993E-01   3.7164707E+04   3.7164707E+04   6.6929474E-02   7.9940343E-04   2.6613597E-02   3.7035772E+04   3.7164707E+04   3.6661773E+04   0.0000000E+00   0.0000000E+00   0.0000000E+00   0.0000000E+00
   6.7305793E-01   3.4782286E+04   3.4782286E+04   5.7515144E-02   6.8688046E-04   2.2381766E-02   3.4661615E+04   3.4782286E+04   3.4311590E+04   0.0000000E+00   0.0000000E+00   0.0000000E+00   0.0000000E+00
   7.0373427E-01   3.2460927E+04   3.2460927E+04   4.9093403E-02   5.8636655E-04   1.9719828E-02   3.2348308E+04   3.2460927E+04   3.2021644E+04   0.0000000E+00   0.0000000E+00   0.0000000E+00   0.0000000E+00
   7.3737331E-01   3.0182457E+04   3.0182457E+04   4.1576780E-02   4.9661934E-04   1.4986167E-02   3.0077743E+04   3.0182457E+04   2.9774007E+04   0.0000000E+00   0.0000000E+00   0.0000000E+00   0.0000000E+00
   7.7454273E-01   2.7946897E+04   2.7946897E+04   3.4889140E-02   4.1673875E-04   1.4851977E-02   2.7849938E+04   2.7946897E+04   2.7568700E+04   0.0000000E+00   0.0000000E+00   0.0000000E+00   0.0000000E+00
   8.1591983E-01   2.5751363E+04   2.5751363E+04   2.8971110E-02   3.4605438E-04   1.0935933E-02   2.5662020E+04   2.5751363E+04   2.5402877E+04   0.0000000E+00   0.0000000E+00   0.0000000E+00   0.0000000E+00
   8.6227649E-01   2.3599360E+04   2.3599360E+04   2.3771550E-02   2.8394089E-04   1.0128682E-02   2.3517483E+04   2.3599360E+04   2.3279996E+04   0.0000000E+00   0.0000000E+00   0.0000000E+00   0.0000000E+00
   9.1442438E-01   2.1499461E+04   2.1499461E+04   1.9256397E-02   2.3002342E-04   7.6844250E-03   2.1424869E+04   2.1499461E+04   2.1208513E+04   0.0000000E+00   0.0000000E+00   0.0000000E+00   0.0000000E+00
   9.7310849E-01   1.9469229E+04   1.9469229E+04   1.5397917E-02   1.8393203E-04   6.6304670E-03   1.9401680E+04   1.9469229E+04   1.9205756E+04   0.0000000E+00   0.0000000E+00   0.0000000E+00   0.0000000E+00
   1.0388711E+00   1.7532148E+04   1.7532148E+04   1.2165832E-02   1.4533154E-04   4.8474640E-03   1.7471320E+04   1.7532148E+04   1.7294889E+04   0.0000000E+00   0.0000000E+00   0.0000000E+00   0.0000000E+00
   1.1119625E+00   1.5713479E+04   1.5713479E+04   9.5173634E-03   1.1369588E-04   3.8014891E-03   1.5658961E+04   1.5713479E+04   1.5500831E+04   0.0000000E+00   0.0000000E+00   0.0000000E+00   0.0000000E+00
   1.1923829E+00   1.4033921E+04   1.4033921E+04   7.3920785E-03   8.8307430E-05   2.7434148E-03   1.3985229E+04   1.4033921E+04   1.3844002E+04   0.0000000E+00   0.0000000E+00   0.0000000E+00   0.0000000E+00
   1.2800488E+00   1.2504260E+04   1.2504260E+04   5.7150333E-03   6.8273934E-05   2.6917639E-03   1.2460876E+04   1.2504260E+04   1.2335041E+04   0.0000000E+00   0.0000000E+00   0.0000000E+00   0.0000000E+00
   1.3749662E+00   1.1124423E+04   1.1124423E+04   4.4065901E-03   5.2645540E-05   1.5350447E-03   1.1085826E+04   1.1124423E+04   1.0973877E+04   0.0000000E+00   0.0000000E+00   0.0000000E+00   0.0000000E+00
   1.4773164E+00   9.8871465E+03   9.8871465E+03   3.3925681E-03   4.0531411E-05   1.1131032E-03   9.8528422E+03   9.8871465E+03   9.7533449E+03   0.0000000E+00   0.0000000E+00   0.0000000E+00   0.0000000E+00
   1.5874539E+00   8.7813157E+03   8.7813157E+03   2.6095032E-03   3.1177030E-05   7.7620476E-04   8.7508481E+03   8.7813157E+03   8.6624791E+03   0.0000000E+00   0.0000000E+00   0.0000000E+00   0.0000000E+00
   1.7058652E+00   7.7946708E+03   7.7946708E+03   2.0058791E-03   2.3965125E-05   8.5167963E-04   7.7676265E+03   7.7946708E+03   7.6891864E+03   0.0000000E+00   0.0000000E+00   0.0000000E+00   0.0000000E+00
   1.8331294E+00   6.9153418E+03   6.9153418E+03   1.5410627E-03   1.8412789E-05   4.3800855E-04   6.8913483E+03   6.9153418E+03   6.8217572E+03   0.0000000E+00   0.0000000E+00   0.0000000E+00   0.0000000E+00
   1.9698937E+00   6.1322255E+03   6.1322255E+03   1.1833752E-03   1.4139598E-05   2.9956165E-04   6.1109490E+03   6.1322255E+03   6.0492386E+03   0.0000000E+00   0.0000000E+00   0.0000000E+00   0.0000000E+00
   2.1168628E+00   5.4352608E+03   5.4352608E+03   9.0814703E-04   1.0852675E-05   4.3650695E-04   5.4164026E+03   5.4352608E+03   5.3617059E+03   0.0000000E+00   0.0000000E+00   0.0000000E+00   0.0000000E+00
   2.2747973E+00   4.8153471E+03   4.8153471E+03   6.9720563E-04   8.3264952E-06   2.7342767E-04   4.7986396E+03   4.8153471E+03   4.7501813E+03   0.0000000E+00   0.0000000E+00   0.0000000E+00   0.0000000E+00
   2.4445150E+00   4.2642739E+03   4.2642739E+03   5.3443779E-04   6.3854208E-06   2.8300795E-04   4.2494784E+03   4.2642739E+03   4.2065658E+03   0.0000000E+00   0.0000000E+00   0.0000000E+00   0.0000000E+00
   2.6268950E+00   3.7746748E+03   3.7746748E+03   4.0964092E-04   4.8948901E-06   1.3538031E-04   3.7615780E+03   3.7746748E+03   3.7235924E+03   0.0000000E+00   0.0000000E+00   0.0000000E+00   0.0000000E+00
   2.8228819E+00   3.3399243E+03   3.3399243E+03   3.1386756E-04   3.7507449E-06   1.9946731E-04   3.3283360E+03   3.3399243E+03   3.2947253E+03   0.0000000E+00   0.0000000E+00   0.0000000E+00   0.0000000E+00
   3.0334910E+00   2.9540761E+03   2.9540761E+03   2.4039394E-04   2.8729389E-06   7.3441237E-05   2.9438265E+03   2.9540761E+03   2.9140988E+03   0.0000000E+00   0.0000000E+00   0.0000000E+00   0.0000000E+00
   3.2598132E+00   2.6118005E+03   2.6118005E+03   1.8405028E-04   2.1997398E-06   6.6244854E-05   2.6027385E+03   2.6118005E+03   2.5764552E+03   0.0000000E+00   0.0000000E+00   0.0000000E+00   0.0000000E+00
   3.5030207E+00   2.3083237E+03   2.3083237E+03   1.4086045E-04   1.6836550E-06   3.3678300E-05   2.3003147E+03   2.3083237E+03   2.2770853E+03   0.0000000E+00   0.0000000E+00   0.0000000E+00   0.0000000E+00
   3.7643735E+00   2.0393732E+03   2.0393732E+03   1.0776704E-04   1.2882306E-06   3.9047640E-06   2.0322973E+03   2.0393732E+03   2.0117745E+03   0.0000000E+00   0.0000000E+00   0.0000000E+00   0.0000000E+00
   4.0452252E+00   1.8011283E+03   1.8011283E+03   8.2419695E-05   9.8531546E-07   1.8549048E-05   1.7948791E+03   1.8011283E+03   1.7767538E+03   0.0000000E+00   0.0000000E+00   0.0000000E+00   0.0000000E+00
   4.3470307E+00   1.5901756E+03   1.5901756E+03   6.3030639E-05   7.5338016E-07   6.2164280E-05   1.5846583E+03   1.5901756E+03   1.5686559E+03   0.0000000E+00   0.0000000E+00   0.0000000E+00   0.0000000E+00
   4.6713532E+00   1.4034674E+03   1.4034674E+03   4.8165534E-05   5.7588022E-07   -1.1938531E-05   1.3985979E+03   1.4034674E+03   1.3844744E+03   0.0000000E+00   0.0000000E+00   0.0000000E+00   0.0000000E+00
   5.0198728E+00   1.2382848E+03   1.2382848E+03   3.6798094E-05   4.4005496E-07   7.1045573E-06   1.2339884E+03   1.2382848E+03   1.2215272E+03   0.0000000E+00   0.0000000E+00   0.0000000E+00   0.0000000E+00
   5.3943946E+00   1.0922040E+03   1.0922040E+03   2.8105839E-05   3.3617055E-07   -6.1741517E-06   1.0884144E+03   1.0922040E+03   1.0774232E+03   0.0000000E+00   0.0000000E+00   0.0000000E+00   0.0000000E+00
   5.7968586E+00   9.6306542E+02   9.6306542E+02   2.1460653E-05   2.5673682E-07   9.0062194E-06   9.5972393E+02   9.6306542E+02   9.5003231E+02   0.0000000E+00   0.0000000E+00   0.0000000E+00   0.0000000E+00
   6.2293497E+00   8.4894662E+02   8.4894662E+02   1.6382006E-05   1.9602062E-07   1.7960964E-05   8.4600107E+02   8.4894662E+02   8.3745787E+02   0.0000000E+00   0.0000000E+00   0.0000000E+00   0.0000000E+00
   6.6941079E+00   7.4813692E+02   7.4813692E+02   1.2513530E-05   1.4962790E-07   4.6525895E-06   7.4554115E+02   7.4813692E+02   7.3801243E+02   0.0000000E+00   0.0000000E+00   0.0000000E+00   0.0000000E+00
   7.1935408E+00   6.5911522E+02   6.5911522E+02   9.5383309E-06   1.1418569E-07   6.1730854E-06   6.5682832E+02   6.5911522E+02   6.5019545E+02   0.0000000E+00   0.0000000E+00   0.0000000E+00   0.0000000E+00
   7.7302352E+00   5.8052970E+02   5.8052970E+02   7.2745700E-06   8.7119401E-08   9.8443702E-06   5.7851546E+02   5.8052970E+02   5.7267342E+02   0.0000000E+00   0.0000000E+00   0.0000000E+00   0.0000000E+00
   8.3069713E+00   5.1117965E+02   5.1117965E+02   5.5460131E-06   6.6455171E-08   8.6676934E-06   5.0940603E+02   5.1117965E+02   5.0426188E+02   0.0000000E+00   0.0000000E+00   0.0000000E+00   0.0000000E+00
   8.9267364E+00   4.4999919E+02   4.4999919E+02   4.2297861E-06   5.0681983E-08   6.9387288E-06   4.4843785E+02   4.4999919E+02   4.4390938E+02   0.0000000E+00   0.0000000E+00   0.0000000E+00   0.0000000E+00
   9.5927408E+00   3.9604261E+02   3.9604261E+02   3.2216701E-06   3.8645628E-08   2.5082120E-06   3.9466848E+02   3.9604261E+02   3.9068299E+02   0.0000000E+00   0.0000000E+00   0.0000000E+00   0.0000000E+00
   1.0308434E+01   3.4847123E+02   3.4847123E+02   2.4555834E-06   2.9463230E-08   -4.8964915E-06   3.4726215E+02   3.4847123E+02   3.4375538E+02   0.0000000E+00   0.0000000E+00   0.0000000E+00   0.0000000E+00
