#           k/h    CDM            baryon         photon         nu             mass_nu        total          no_nu          total_de       Weyl           v_CDM          v_b            v_b-v_c     
   1.1669760E-05   1.6374696E+07   1.6374696E+07   2.1824380E+07   7.3850083E+05   1.2523188E+07   1.6374718E+07   1.6374696E+07   9.2416448E+06   0.0000000E+00   0.0000000E+00   0.0000000E+00   0.0000000E+00
   1.2540415E-05   1.6374681E+07   1.6374681E+07   2.1823037E+07   7.3848859E+05   1.2522908E+07   1.6374702E+07   1.6374681E+07   9.2416358E+06   0.0000000E+00   0.0000000E+00   0.0000000E+00   0.0000000E+00
   1.3476028E-05   1.6374663E+07   1.6374663E+07   2.1821486E+07   7.3847446E+05   1.2522584E+07   1.6374685E+07   1.6374663E+07   9.2416254E+06   0.0000000E+00   0.0000000E+00   0.0000000E+00   0.0000000E+00
   1.4481445E-05   1.6374643E+07   1.6374643E+07   2.1819696E+07   7.3845814E+05   1.2522209E+07   1.6374664E+07   1.6374643E+07   9.2416135E+06   0.0000000E+00   0.0000000E+00   0.0000000E+00   0.0000000E+00
   1.5561874E-05   1.6374620E+07   1.6374620E+07   2.1817628E+07   7.3843930E+05   1.2521777E+07   1.6374641E+07   1.6374620E+07   9.2415996E+06   0.0000000E+00   0.0000000E+00   0.0000000E+00   0.0000000E+00
   1.6722912E-05   1.6374593E+07   1.6374593E+07   2.1815241E+07   7.3841754E+05   1.2521278E+07   1.6374614E+07   1.6374593E+07   9.2415837E+06   0.0000000E+00   0.0000000E+00   0.0000000E+00   0.0000000E+00
   1.7970572E-05   1.6374562E+07   1.6374562E+07   2.1812484E+07   7.3839242E+05   1.2520701E+07   1.6374582E+07   1.6374562E+07   9.2415652E+06   0.0000000E+00   0.0000000E+00   0.0000000E+00   0.0000000E+00
   1.9311318E-05   1.6374526E+07   1.6374526E+07   2.1809301E+07   7.3836341E+05   1.2520036E+07   1.6374546E+07   1.6374526E+07   9.2415439E+06   0.0000000E+00   0.0000000E+00   0.0000000E+00   0.0000000E+00
   2.0752093E-05   1.6374484E+07   1.6374484E+07   2.1805626E+07   7.3832991E+05   1.2519267E+07   1.6374504E+07   1.6374484E+07   9.2415194E+06   0.0000000E+00   0.0000000E+00   0.0000000E+00   0.0000000E+00
   2.2300362E-05   1.6374436E+07   1.6374436E+07   2.1801383E+07   7.3829123E+05   1.2518380E+07   1.6374456E+07   1.6374436E+07   9.2414910E+06   0.0000000E+00   0.0000000E+00   0.0000000E+00   0.0000000E+00
   2.3964143E-05   1.6374381E+07   1.6374381E+07   2.1796484E+07   7.3824656E+05   1.2517355E+07   1.6374400E+07   1.6374381E+07   9.2414582E+06   0.0000000E+00   0.0000000E+00   0.0000000E+00   0.0000000E+00
   2.5752056E-05   1.6374317E+07   1.6374317E+07   2.1790828E+07   7.3819499E+05   1.2516172E+07   1.6374336E+07   1.6374317E+07   9.2414204E+06   0.0000000E+00   0.0000000E+00   0.0000000E+00   0.0000000E+00
   2.7673361E-05   1.6374244E+07   1.6374244E+07   2.1784299E+07   7.3813544E+05   1.2514806E+07   1.6374261E+07   1.6374244E+07   9.2413767E+06   0.0000000E+00   0.0000000E+00   0.0000000E+00   0.0000000E+00
   2.9738010E-05   1.6374158E+07   1.6374158E+07   2.1776761E+07   7.3806668E+05   1.2513229E+07   1.6374175E+07   1.6374158E+07   9.2413262E+06   0.0000000E+00   0.0000000E+00   0.0000000E+00   0.0000000E+00
   3.1956699E-05   1.6374060E+07   1.6374060E+07   2.1768060E+07   7.3798729E+05   1.2511408E+07   1.6374076E+07   1.6374060E+07   9.2412680E+06   0.0000000E+00   0.0000000E+00   0.0000000E+00   0.0000000E+00
   3.4340919E-05   1.6373947E+07   1.6373947E+07   2.1758016E+07   7.3789562E+05   1.2509306E+07   1.6373962E+07   1.6373947E+07   9.2412007E+06   0.0000000E+00   0.0000000E+00   0.0000000E+00   0.0000000E+00
   3.6903020E-05   1.6373815E+07   1.6373815E+07   2.1746423E+07   7.3778979E+05   1.2506878E+07   1.6373829E+07   1.6373815E+07   9.2411230E+06   0.0000000E+00   0.0000000E+00   0.0000000E+00   0.0000000E+00
   3.9656274E-05   1.6373664E+07   1.6373664E+07   2.1733043E+07   7.3766760E+05   1.2504076E+07   1.6373677E+07   1.6373664E+07   9.2410334E+06   0.0000000E+00   0.0000000E+00   0.0000000E+00   0.0000000E+00
   4.2614943E-05   1.6373489E+07   1.6373489E+07   2.1717601E+07   7.3752654E+05   1.2500842E+07   1.6373501E+07   1.6373489E+07   9.2409299E+06   0.0000000E+00   0.0000000E+00   0.0000000E+00   0.0000000E+00
   4.5794351E-05   1.6373288E+07   1.6373288E+07   2.1699783E+07   7.3736368E+05   1.2497107E+07   1.6373297E+07   1.6373288E+07   9.2408104E+06   0.0000000E+00   0.0000000E+00   0.0000000E+00   0.0000000E+00
   4.9210968E-05   1.6373055E+07   1.6373055E+07   2.1679224E+07   7.3717569E+05   1.2492797E+07   1.6373062E+07   1.6373055E+07   9.2406724E+06   0.0000000E+00   0.0000000E+00   0.0000000E+00   0.0000000E+00
   5.2882491E-05   1.6372786E+07   1.6372786E+07   2.1655507E+07   7.3695867E+05   1.2487822E+07   1.6372791E+07   1.6372786E+07   9.2405132E+06   0.0000000E+00   0.0000000E+00   0.0000000E+00   0.0000000E+00
   5.6827939E-05   1.6372476E+07   1.6372476E+07   2.1628149E+07   7.3670818E+05   1.2482081E+07   1.6372478E+07   1.6372476E+07   9.2403293E+06   0.0000000E+00   0.0000000E+00   0.0000000E+00   0.0000000E+00
   6.1067748E-05   1.6372118E+07   1.6372118E+07   2.1596598E+07   7.3641907E+05   1.2475455E+07   1.6372116E+07   1.6372118E+07   9.2401172E+06   0.0000000E+00   0.0000000E+00   0.0000000E+00   0.0000000E+00
   6.5623880E-05   1.6371704E+07   1.6371704E+07   2.1560219E+07   7.3608540E+05   1.2467809E+07   1.6371699E+07   1.6371704E+07   9.2398723E+06   0.0000000E+00   0.0000000E+00   0.0000000E+00   0.0000000E+00
   7.0519936E-05   1.6371227E+07   1.6371227E+07   2.1518282E+07   7.3570035E+05   1.2458988E+07   1.6371218E+07   1.6371227E+07   9.2395898E+06   0.0000000E+00   0.0000000E+00   0.0000000E+00   0.0000000E+00
   7.5781275E-05   1.6370676E+07   1.6370676E+07   2.1469951E+07   7.3525605E+05   1.2448811E+07   1.6370662E+07   1.6370676E+07   9.2392637E+06   0.0000000E+00   0.0000000E+00   0.0000000E+00   0.0000000E+00
   8.1435151E-05   1.6370041E+07   1.6370041E+07   2.1414270E+07   7.3474344E+05   1.2437073E+07   1.6370021E+07   1.6370041E+07   9.2388876E+06   0.0000000E+00   0.0000000E+00   0.0000000E+00   0.0000000E+00
   8.7510851E-05   1.6369308E+07   1.6369308E+07   2.1350142E+07   7.3415211E+05   1.2423537E+07   1.6369282E+07   1.6369308E+07   9.2384536E+06   0.0000000E+00   0.0000000E+00   0.0000000E+00   0.0000000E+00
   9.4039846E-05   1.6368462E+07   1.6368462E+07   2.1276319E+07   7.3347009E+05   1.2407930E+07   1.6368428E+07   1.6368462E+07   9.2379531E+06   0.0000000E+00   0.0000000E+00   0.0000000E+00   0.0000000E+00
   1.0105595E-04   1.6367486E+07   1.6367486E+07   2.1191374E+07   7.3268359E+05   1.2389941E+07   1.6367444E+07   1.6367486E+07   9.2373760E+06   0.0000000E+00   0.0000000E+00   0.0000000E+00   0.0000000E+00
   1.0859552E-04   1.6366361E+07   1.6366361E+07   2.1093687E+07   7.3177683E+05   1.2369210E+07   1.6366309E+07   1.6366361E+07   9.2367105E+06   0.0000000E+00   0.0000000E+00   0.0000000E+00   0.0000000E+00
   1.1669760E-04   1.6365064E+07   1.6365064E+07   2.0981418E+07   7.3073166E+05   1.2345328E+07   1.6365000E+07   1.6365064E+07   9.2359435E+06   0.0000000E+00   0.0000000E+00   0.0000000E+00   0.0000000E+00
   1.2540415E-04   1.6363569E+07   1.6363569E+07   2.0852488E+07   7.2952732E+05   1.2317826E+07   1.6363492E+07   1.6363569E+07   9.2350596E+06   0.0000000E+00   0.0000000E+00   0.0000000E+00   0.0000000E+00
   1.3476028E-04   1.6361845E+07   1.6361845E+07   2.0704551E+07   7.2814002E+05   1.2286169E+07   1.6361753E+07   1.6361845E+07   9.2340414E+06   0.0000000E+00   0.0000000E+00   0.0000000E+00   0.0000000E+00
   1.4481445E-04   1.6359860E+07   1.6359860E+07   2.0534974E+07   7.2654257E+05   1.2249748E+07   1.6359750E+07   1.6359860E+07   9.2328690E+06   0.0000000E+00   0.0000000E+00   0.0000000E+00   0.0000000E+00
   1.5561874E-04   1.6357574E+07   1.6357574E+07   2.0340815E+07   7.2470396E+05   1.2207869E+07   1.6357443E+07   1.6357574E+07   9.2315195E+06   0.0000000E+00   0.0000000E+00   0.0000000E+00   0.0000000E+00
   1.6722912E-04   1.6354942E+07   1.6354942E+07   2.0118807E+07   7.2258887E+05   1.2159747E+07   1.6354787E+07   1.6354942E+07   9.2299670E+06   0.0000000E+00   0.0000000E+00   0.0000000E+00   0.0000000E+00
   1.7970572E-04   1.6351913E+07   1.6351913E+07   1.9865346E+07   7.2015714E+05   1.2104493E+07   1.6351732E+07   1.6351913E+07   9.2281820E+06   0.0000000E+00   0.0000000E+00   0.0000000E+00   0.0000000E+00
   1.9311318E-04   1.6348431E+07   1.6348431E+07   1.9576494E+07   7.1736329E+05   1.2041106E+07   1.6348218E+07   1.6348431E+07   9.2261310E+06   0.0000000E+00   0.0000000E+00   0.0000000E+00   0.0000000E+00
   2.0752093E-04   1.6344429E+07   1.6344429E+07   1.9247990E+07   7.1415589E+05   1.1968462E+07   1.6344180E+07   1.6344429E+07   9.2237762E+06   0.0000000E+00   0.0000000E+00   0.0000000E+00   0.0000000E+00
   2.2300362E-04   1.6339833E+07   1.6339833E+07   1.8875284E+07   7.1047708E+05   1.1885308E+07   1.6339542E+07   1.6339833E+07   9.2210751E+06   0.0000000E+00   0.0000000E+00   0.0000000E+00   0.0000000E+00
   2.3964143E-04   1.6334559E+07   1.6334559E+07   1.8453605E+07   7.0626195E+05   1.1790252E+07   1.6334220E+07   1.6334559E+07   9.2179798E+06   0.0000000E+00   0.0000000E+00   0.0000000E+00   0.0000000E+00
   2.5752056E-04   1.6328514E+07   1.6328514E+07   1.7978056E+07   7.0143812E+05   1.1681759E+07   1.6328120E+07   1.6328514E+07   9.2144369E+06   0.0000000E+00   0.0000000E+00   0.0000000E+00   0.0000000E+00
   2.7673361E-04   1.6321593E+07   1.6321593E+07   1.7443762E+07   6.9592534E+05   1.1558152E+07   1.6321135E+07   1.6321593E+07   9.2103873E+06   0.0000000E+00   0.0000000E+00   0.0000000E+00   0.0000000E+00
   2.9738010E-04   1.6313678E+07   1.6313678E+07   1.6846077E+07   6.8963525E+05   1.1417617E+07   1.6313148E+07   1.6313678E+07   9.2057656E+06   0.0000000E+00   0.0000000E+00   0.0000000E+00   0.0000000E+00
   3.1956699E-04   1.6304641E+07   1.6304641E+07   1.6180864E+07   6.8247144E+05   1.1258216E+07   1.6304027E+07   1.6304641E+07   9.2005003E+06   0.0000000E+00   0.0000000E+00   0.0000000E+00   0.0000000E+00
   3.4340919E-04   1.6294340E+07   1.6294340E+07   1.5444858E+07   6.7432977E+05   1.1077914E+07   1.6293629E+07   1.6294340E+07   9.1945140E+06   0.0000000E+00   0.0000000E+00   0.0000000E+00   0.0000000E+00
   3.6903020E-04   1.6282620E+07   1.6282620E+07   1.4636122E+07   6.6509926E+05   1.0874614E+07   1.6281799E+07   1.6282620E+07   9.1877238E+06   0.0000000E+00   0.0000000E+00   0.0000000E+00   0.0000000E+00
   3.9656274E-04   1.6269317E+07   1.6269317E+07   1.3754608E+07   6.5466353E+05   1.0646213E+07   1.6268369E+07   1.6269317E+07   9.1800423E+06   0.0000000E+00   0.0000000E+00   0.0000000E+00   0.0000000E+00
   4.2614943E-04   1.6254255E+07   1.6254255E+07   1.2802799E+07   6.4290303E+05   1.0390682E+07   1.6253162E+07   1.6254255E+07   9.1713789E+06   0.0000000E+00   0.0000000E+00   0.0000000E+00   0.0000000E+00
   4.5794351E-04   1.6237251E+07   1.6237251E+07   1.1786425E+07   6.2969835E+05   1.0106168E+07   1.6235992E+07   1.6237251E+07   9.1616416E+06   0.0000000E+00   0.0000000E+00   0.0000000E+00   0.0000000E+00
   4.9210968E-04   1.6218117E+07   1.6218117E+07   1.0715186E+07   6.1493466E+05   9.7911183E+06   1.6216669E+07   1.6218117E+07   9.1507402E+06   0.0000000E+00   0.0000000E+00   0.0000000E+00   0.0000000E+00
   5.2882491E-04   1.6196667E+07   1.6196667E+07   9.6034018E+06   5.9850746E+05   9.4444450E+06   1.6195004E+07   1.6196667E+07   9.1385896E+06   0.0000000E+00   0.0000000E+00   0.0000000E+00   0.0000000E+00
   5.6827939E-04   1.6172723E+07   1.6172723E+07   8.4704517E+06   5.8032997E+05   9.0657052E+06   1.6170815E+07   1.6172723E+07   9.1251138E+06   0.0000000E+00   0.0000000E+00   0.0000000E+00   0.0000000E+00
   6.1067748E-04   1.6146122E+07   1.6146122E+07   7.3408114E+06   5.6034184E+05   8.6553070E+06   1.6143935E+07   1.6146122E+07   9.1102517E+06   0.0000000E+00   0.0000000E+00   0.0000000E+00   0.0000000E+00
   6.5623880E-04   1.6116724E+07   1.6116724E+07   6.2434638E+06   5.3851935E+05   8.2147185E+06   1.6114223E+07   1.6116724E+07   9.0939618E+06   0.0000000E+00   0.0000000E+00   0.0000000E+00   0.0000000E+00
   7.0519936E-04   1.6084429E+07   1.6084429E+07   5.2104253E+06   5.1488638E+05   7.7466635E+06   1.6081573E+07   1.6084429E+07   9.0762285E+06   0.0000000E+00   0.0000000E+00   0.0000000E+00   0.0000000E+00
   7.5781275E-04   1.6049181E+07   1.6049181E+07   4.2741758E+06   4.8952545E+05   7.2552674E+06   1.6045926E+07   1.6049181E+07   9.0570667E+06   0.0000000E+00   0.0000000E+00   0.0000000E+00   0.0000000E+00
   8.1435151E-04   1.6010983E+07   1.6010983E+07   3.4639191E+06   4.6258766E+05   6.7461170E+06   1.6007281E+07   1.6010983E+07   9.0365255E+06   0.0000000E+00   0.0000000E+00   0.0000000E+00   0.0000000E+00
   8.7510851E-04   1.5969903E+07   1.5969903E+07   2.8008829E+06   4.3429961E+05   6.2261858E+06   1.5965704E+07   1.5969903E+07   9.0146888E+06   0.0000000E+00   0.0000000E+00   0.0000000E+00   0.0000000E+00
   9.4039846E-04   1.5926081E+07   1.5926081E+07   2.2933199E+06   4.0496543E+05   5.7035817E+06   1.5921330E+07   1.5926081E+07   8.9916722E+06   0.0000000E+00   0.0000000E+00   0.0000000E+00   0.0000000E+00
   1.0105595E-03   1.5879721E+07   1.5879721E+07   1.9324511E+06   3.7496152E+05   5.1870920E+06   1.5874363E+07   1.5879721E+07   8.9676143E+06   0.0000000E+00   0.0000000E+00   0.0000000E+00   0.0000000E+00
   1.0859552E-03   1.5831086E+07   1.5831086E+07   1.6911199E+06   3.4472234E+05   4.6855335E+06   1.5825061E+07   1.5831086E+07   8.9426637E+06   0.0000000E+00   0.0000000E+00   0.0000000E+00   0.0000000E+00
   1.1669760E-03   1.5780471E+07   1.5780471E+07   1.5270731E+06   3.1471634E+05   4.2069701E+06   1.5773722E+07   1.5780471E+07   8.9169595E+06   0.0000000E+00   0.0000000E+00   0.0000000E+00   0.0000000E+00
   1.2540415E-03   1.5728176E+07   1.5728176E+07   1.3920293E+06   2.8541337E+05   3.7579263E+06   1.5720647E+07   1.5728176E+07   8.8906110E+06   0.0000000E+00   0.0000000E+00   0.0000000E+00   0.0000000E+00
   1.3476028E-03   1.5674469E+07   1.5674469E+07   1.2456100E+06   2.5724730E+05   3.3427765E+06   1.5666106E+07   1.5674469E+07   8.8636776E+06   0.0000000E+00   0.0000000E+00   0.0000000E+00   0.0000000E+00
   1.4481445E-03   1.5619549E+07   1.5619549E+07   1.0698580E+06   2.3058017E+05   2.9634990E+06   1.5610301E+07   1.5619549E+07   8.8361564E+06   0.0000000E+00   0.0000000E+00   0.0000000E+00   0.0000000E+00
   1.5561874E-03   1.5563511E+07   1.5563511E+07   8.7681239E+05   2.0567574E+05   2.6199105E+06   1.5553336E+07   1.5563511E+07   8.8079795E+06   0.0000000E+00   0.0000000E+00   0.0000000E+00   0.0000000E+00
   1.6722912E-03   1.5506338E+07   1.5506338E+07   7.0138291E+05   1.8268919E+05   2.3103358E+06   1.5495199E+07   1.5506338E+07   8.7790236E+06   0.0000000E+00   0.0000000E+00   0.0000000E+00   0.0000000E+00
   1.7970572E-03   1.5447892E+07   1.5447892E+07   5.7803882E+05   1.6167534E+05   2.0324671E+06   1.5435764E+07   1.5447892E+07   8.7491285E+06   0.0000000E+00   0.0000000E+00   0.0000000E+00   0.0000000E+00
   1.9311318E-03   1.5387941E+07   1.5387941E+07   5.1284014E+05   1.4261144E+05   1.7840458E+06   1.5374805E+07   1.5387941E+07   8.7181138E+06   0.0000000E+00   0.0000000E+00   0.0000000E+00   0.0000000E+00
   2.0752093E-03   1.5326177E+07   1.5326177E+07   4.7395896E+05   1.2542490E+05   1.5630843E+06   1.5312020E+07   1.5326177E+07   8.6857884E+06   0.0000000E+00   0.0000000E+00   0.0000000E+00   0.0000000E+00
   2.2300362E-03   1.5262239E+07   1.5262239E+07   4.1768834E+05   1.1001581E+05   1.3676477E+06   1.5247057E+07   1.5262239E+07   8.6519479E+06   0.0000000E+00   0.0000000E+00   0.0000000E+00   0.0000000E+00
   2.3964143E-03   1.5195733E+07   1.5195733E+07   3.3371470E+05   9.6269647E+04   1.1955386E+06   1.5179520E+07   1.5195733E+07   8.6163684E+06   0.0000000E+00   0.0000000E+00   0.0000000E+00   0.0000000E+00
   2.5752056E-03   1.5126230E+07   1.5126230E+07   2.5822039E+05   8.4062832E+04   1.0442649E+06   1.5108983E+07   1.5126230E+07   8.5788078E+06   0.0000000E+00   0.0000000E+00   0.0000000E+00   0.0000000E+00
   2.7673361E-03   1.5053280E+07   1.5053280E+07   2.2464537E+05   7.3266283E+04   9.1135483E+05   1.5034990E+07   1.5053280E+07   8.5390147E+06   0.0000000E+00   0.0000000E+00   0.0000000E+00   0.0000000E+00
   2.9738010E-03   1.4976411E+07   1.4976411E+07   2.1133734E+05   6.3748977E+04   7.9471437E+05   1.4957066E+07   1.4976411E+07   8.4967351E+06   0.0000000E+00   0.0000000E+00   0.0000000E+00   0.0000000E+00
   3.1956699E-03   1.4895133E+07   1.4895133E+07   1.7793189E+05   5.5381791E+04   6.9266614E+05   1.4874719E+07   1.4895133E+07   8.4517103E+06   0.0000000E+00   0.0000000E+00   0.0000000E+00   0.0000000E+00
   3.4340919E-03   1.4808950E+07   1.4808950E+07   1.3918393E+05   4.8042762E+04   6.0361415E+05   1.4787451E+07   1.4808950E+07   8.4036751E+06   0.0000000E+00   0.0000000E+00   0.0000000E+00   0.0000000E+00
   3.6903020E-03   1.4717361E+07   1.4717361E+07   1.2481586E+05   4.1620775E+04   5.2583303E+05   1.4694764E+07   1.4717361E+07   8.3523632E+06   0.0000000E+00   0.0000000E+00   0.0000000E+00   0.0000000E+00
   3.9656274E-03   1.4619861E+07   1.4619861E+07   1.0828724E+05   3.6012878E+04   4.5788176E+05   1.4596157E+07   1.4619861E+07   8.2975096E+06   0.0000000E+00   0.0000000E+00   0.0000000E+00   0.0000000E+00
   4.2614943E-03   1.4515942E+07   1.4515942E+07   8.4696762E+04   3.1123058E+04   3.9874828E+05   1.4491127E+07   1.4515942E+07   8.2388463E+06   0.0000000E+00   0.0000000E+00   0.0000000E+00   0.0000000E+00
   4.5794351E-03   1.4405098E+07   1.4405098E+07   7.9558341E+04   2.6866749E+04   3.4717775E+05   1.4379175E+07   1.4405098E+07   8.1761057E+06   0.0000000E+00   0.0000000E+00   0.0000000E+00   0.0000000E+00
   4.9210968E-03   1.4286825E+07   1.4286825E+07   6.3998012E+04   2.3167349E+04   3.0217646E+05   1.4259809E+07   1.4286825E+07   8.1090236E+06   0.0000000E+00   0.0000000E+00   0.0000000E+00   0.0000000E+00
   5.2882491E-03   1.4160625E+07   1.4160625E+07   5.3943055E+04   1.9955092E+04   2.6312663E+05   1.4132548E+07   1.4160625E+07   8.0373400E+06   0.0000000E+00   0.0000000E+00   0.0000000E+00   0.0000000E+00
   5.6827939E-03   1.4026014E+07   1.4026014E+07   4.7755281E+04   1.7170267E+04   2.2900529E+05   1.3996921E+07   1.4026014E+07   7.9608006E+06   0.0000000E+00   0.0000000E+00   0.0000000E+00   0.0000000E+00
   6.1067748E-03   1.3882514E+07   1.3882514E+07   3.9197991E+04   1.4758065E+04   1.9940371E+05   1.3852456E+07   1.3882514E+07   7.8791476E+06   0.0000000E+00   0.0000000E+00   0.0000000E+00   0.0000000E+00
   6.5623880E-03   1.3729658E+07   1.3729658E+07   3.3296366E+04   1.2671402E+04   1.7353100E+05   1.3698675E+07   1.3729658E+07   7.7921198E+06   0.0000000E+00   0.0000000E+00   0.0000000E+00   0.0000000E+00
   7.0519936E-03   1.3566977E+07   1.3566977E+07   2.9614813E+04   1.0867596E+04   1.5105528E+05   1.3535108E+07   1.3566977E+07   7.6994594E+06   0.0000000E+00   0.0000000E+00   0.0000000E+00   0.0000000E+00
   7.5781275E-03   1.3393997E+07   1.3393997E+07   2.2915772E+04   9.3100219E+03   1.3142046E+05   1.3361310E+07   1.3393997E+07   7.6009206E+06   0.0000000E+00   0.0000000E+00   0.0000000E+00   0.0000000E+00
   8.1435151E-03   1.3210259E+07   1.3210259E+07   2.1084018E+04   7.9663362E+03   1.1432607E+05   1.3176839E+07   1.3210259E+07   7.4962597E+06   0.0000000E+00   0.0000000E+00   0.0000000E+00   0.0000000E+00
   8.7510851E-03   1.3015316E+07   1.3015316E+07   1.7985723E+04   6.8082887E+03   9.9459602E+04   1.2981245E+07   1.3015316E+07   7.3852267E+06   0.0000000E+00   0.0000000E+00   0.0000000E+00   0.0000000E+00
   9.4039846E-03   1.2808735E+07   1.2808735E+07   1.4555264E+04   5.8111532E+03   8.6475312E+04   1.2774091E+07   1.2808735E+07   7.2675785E+06   0.0000000E+00   0.0000000E+00   0.0000000E+00   0.0000000E+00
   1.0105595E-02   1.2590079E+07   1.2590079E+07   1.1838231E+04   4.9533848E+03   7.5130316E+04   1.2554957E+07   1.2590079E+07   7.1430812E+06   0.0000000E+00   0.0000000E+00   0.0000000E+00   0.0000000E+00
   1.0859552E-02   1.2358918E+07   1.2358918E+07   1.0118959E+04   4.2162179E+03   6.5235616E+04   1.2323420E+07   1.2358918E+07   7.0114986E+06   0.0000000E+00   0.0000000E+00   0.0000000E+00   0.0000000E+00
   1.1669760E-02   1.2114840E+07   1.2114840E+07   8.5318870E+03   3.5833233E+03   5.6604891E+04   1.2079069E+07   1.2114840E+07   6.8726000E+06   0.0000000E+00   0.0000000E+00   0.0000000E+00   0.0000000E+00
   1.2540415E-02   1.1857451E+07   1.1857451E+07   7.1367194E+03   3.0405063E+03   4.9067909E+04   1.1821515E+07   1.1857451E+07   6.7261675E+06   0.0000000E+00   0.0000000E+00   0.0000000E+00   0.0000000E+00
   1.3476028E-02   1.1586380E+07   1.1586380E+07   6.0909774E+03   2.5754457E+03   4.2496365E+04   1.1550398E+07   1.1586380E+07   6.5719995E+06   0.0000000E+00   0.0000000E+00   0.0000000E+00   0.0000000E+00
   1.4481445E-02   1.1301297E+07   1.1301297E+07   5.4055580E+03   2.1774836E+03   3.6749627E+04   1.1265382E+07   1.1301297E+07   6.4099071E+06   0.0000000E+00   0.0000000E+00   0.0000000E+00   0.0000000E+00
   1.5561874E-02   1.1001929E+07   1.1001929E+07   4.5968905E+03   1.8373310E+03   3.1719022E+04   1.0966203E+07   1.1001929E+07   6.2397419E+06   0.0000000E+00   0.0000000E+00   0.0000000E+00   0.0000000E+00
   1.6722912E-02   1.0688080E+07   1.0688080E+07   3.5871270E+03   1.5469799E+03   2.7342635E+04   1.0652666E+07   1.0688080E+07   6.0613946E+06   0.0000000E+00   0.0000000E+00   0.0000000E+00   0.0000000E+00
   1.7970572E-02   1.0359676E+07   1.0359676E+07   3.2407094E+03   1.2994909E+03   2.3516303E+04   1.0324696E+07   1.0359676E+07   5.8748253E+06   0.0000000E+00   0.0000000E+00   0.0000000E+00   0.0000000E+00
   1.9311318E-02   1.0016798E+07   1.0016798E+07   2.5546906E+03   1.0888708E+03   2.0185638E+04   9.9823759E+06   1.0016798E+07   5.6800811E+06   0.0000000E+00   0.0000000E+00   0.0000000E+00   0.0000000E+00
   2.0752093E-02   9.6597464E+06   9.6597464E+06   2.0999928E+03   9.0993964E+02   1.7274076E+04   9.6260034E+06   9.6597464E+06   5.4773334E+06   0.0000000E+00   0.0000000E+00   0.0000000E+00   0.0000000E+00
   2.2300361E-02   9.2891035E+06   9.2891035E+06   1.7773847E+03   7.5823087E+02   1.4743396E+04   9.2561572E+06   9.2891035E+06   5.2669125E+06   0.0000000E+00   0.0000000E+00   0.0000000E+00   0.0000000E+00
   2.3964139E-02   8.9058198E+06   8.9058198E+06   1.4690769E+03   6.2988947E+02   1.2547213E+04   8.8737843E+06   8.9058198E+06   5.0493580E+06   0.0000000E+00   0.0000000E+00   0.0000000E+00   0.0000000E+00
   2.5752030E-02   8.5113027E+06   8.5113027E+06   1.1869552E+03   5.2159333E+02   1.0644960E+04   8.4802841E+06   8.5113027E+06   4.8254671E+06   0.0000000E+00   0.0000000E+00   0.0000000E+00   0.0000000E+00
   2.7673226E-02   8.1075199E+06   8.1075199E+06   1.0211763E+03   4.3048304E+02   9.0003346E+03   8.0776139E+06   8.1075199E+06   4.5963542E+06   0.0000000E+00   0.0000000E+00   0.0000000E+00   0.0000000E+00
   2.9737404E-02   7.6971126E+06   7.6971126E+06   8.2008280E+02   3.5409843E+02   7.5774998E+03   7.6684029E+06   7.6971126E+06   4.3635159E+06   0.0000000E+00   0.0000000E+00   0.0000000E+00   0.0000000E+00
   3.1954324E-02   7.2835296E+06   7.2835296E+06   6.9742083E+02   2.9032471E+02   6.3616168E+03   7.2560829E+06   7.2835296E+06   4.1289056E+06   0.0000000E+00   0.0000000E+00   0.0000000E+00   0.0000000E+00
   3.4332721E-02   6.8711934E+06   6.8711934E+06   5.6265837E+02   2.3735691E+02   5.3232638E+03   6.8450561E+06   6.8711934E+06   3.8950287E+06   0.0000000E+00   0.0000000E+00   0.0000000E+00   0.0000000E+00
   3.6877894E-02   6.4656849E+06   6.4656849E+06   4.6200159E+02   1.9365963E+02   4.4423504E+03   6.4408782E+06   6.4656849E+06   3.6650470E+06   0.0000000E+00   0.0000000E+00   0.0000000E+00   0.0000000E+00
   3.9587509E-02   6.0738274E+06   6.0738274E+06   3.6869907E+02   1.5792815E+02   3.7020472E+03   6.0503416E+06   6.0738274E+06   3.4428258E+06   0.0000000E+00   0.0000000E+00   0.0000000E+00   0.0000000E+00
   4.2446283E-02   5.7033776E+06   5.7033776E+06   2.9327398E+02   1.2903496E+02   3.0913406E+03   5.6811689E+06   5.7033776E+06   3.2327598E+06   0.0000000E+00   0.0000000E+00   0.0000000E+00   0.0000000E+00
   4.5422666E-02   5.3619548E+06   5.3619548E+06   2.4470168E+02   1.0596420E+02   2.5888963E+03   5.3409447E+06   5.3619548E+06   3.0391653E+06   0.0000000E+00   0.0000000E+00   0.0000000E+00   0.0000000E+00
   4.8472229E-02   5.0552393E+06   5.0552393E+06   2.0811108E+02   8.7750070E+01   2.1858763E+03   5.0353218E+06   5.0552393E+06   2.8652591E+06   0.0000000E+00   0.0000000E+00   0.0000000E+00   0.0000000E+00
   5.1548877E-02   4.7853328E+06   4.7853328E+06   1.6541370E+02   7.3461688E+01   1.8624426E+03   4.7663883E+06   4.7853328E+06   2.7122295E+06   0.0000000E+00   0.0000000E+00   0.0000000E+00   0.0000000E+00
   5.4617364E-02   4.5504386E+06   4.5504386E+06   1.4084299E+02   6.2238842E+01   1.6026512E+03   4.5323490E+06   4.5504386E+06   2.5790553E+06   0.0000000E+00   0.0000000E+00   0.0000000E+00   0.0000000E+00
   5.7659047E-02   4.3459723E+06   4.3459723E+06   1.2569129E+02   5.3344900E+01   1.3943084E+03   4.3286332E+06   4.3459723E+06   2.4631357E+06   0.0000000E+00   0.0000000E+00   0.0000000E+00   0.0000000E+00
   6.0669919E-02   4.1661407E+06   4.1661407E+06   1.0514087E+02   4.6194434E+01   1.2241982E+03   4.1494668E+06   4.1661407E+06   2.3611852E+06   0.0000000E+00   0.0000000E+00   0.0000000E+00   0.0000000E+00
   6.3655361E-02   4.0051364E+06   4.0051364E+06   9.1207543E+01   4.0346356E+01   1.0820824E+03   3.9890624E+06   4.0051364E+06   2.2699107E+06   0.0000000E+00   0.0000000E+00   0.0000000E+00   0.0000000E+00
   6.6625427E-02   3.8577604E+06   3.8577604E+06   8.3159249E+01   3.5478154E+01   9.6292234E+02   3.8422397E+06   3.8577604E+06   2.1863644E+06   0.0000000E+00   0.0000000E+00   0.0000000E+00   0.0000000E+00
   6.9591810E-02   3.7196499E+06   3.7196499E+06   7.0028343E+01   3.1357120E+01   8.6035827E+02   3.7046518E+06   3.7196499E+06   2.1080729E+06   0.0000000E+00   0.0000000E+00   0.0000000E+00   0.0000000E+00
   7.2566256E-02   3.5873148E+06   3.5873148E+06   6.4555764E+01   2.7815807E+01   7.7063841E+02   3.5728215E+06   3.5873148E+06   2.0330575E+06   0.0000000E+00   0.0000000E+00   0.0000000E+00   0.0000000E+00
   7.5559862E-02   3.4581064E+06   3.4581064E+06   5.6757170E+01   2.4733529E+01   6.9238861E+02   3.4441098E+06   3.4581064E+06   1.9598166E+06   0.0000000E+00   0.0000000E+00   0.0000000E+00   0.0000000E+00
   7.8582858E-02   3.3301698E+06   3.3301698E+06   4.8899864E+01   2.2023060E+01   6.2175396E+02   3.3166686E+06   3.3301698E+06   1.8872986E+06   0.0000000E+00   0.0000000E+00   0.0000000E+00   0.0000000E+00
   8.1644600E-02   3.2023965E+06   3.2023965E+06   4.5983919E+01   1.9621054E+01   5.5876956E+02   3.1893936E+06   3.2023965E+06   1.8148751E+06   0.0000000E+00   0.0000000E+00   0.0000000E+00   0.0000000E+00
   8.4753668E-02   3.0743750E+06   3.0743750E+06   4.0621239E+01   1.7481383E+01   5.0237187E+02   3.0618743E+06   3.0743750E+06   1.7423125E+06   0.0000000E+00   0.0000000E+00   0.0000000E+00   0.0000000E+00
   8.7917980E-02   2.9463298E+06   2.9463298E+06   3.4826684E+01   1.5570216E+01   4.5104768E+02   2.9343341E+06   2.9463298E+06   1.6697380E+06   0.0000000E+00   0.0000000E+00   0.0000000E+00   0.0000000E+00
   9.1144918E-02   2.8190409E+06   2.8190409E+06   3.0625185E+01   1.3862352E+01   4.0456524E+02   2.8075495E+06   2.8190409E+06   1.5975934E+06   0.0000000E+00   0.0000000E+00   0.0000000E+00   0.0000000E+00
   9.4441431E-02   2.6937357E+06   2.6937357E+06   2.7286923E+01   1.2338449E+01   3.6275434E+02   2.6827427E+06   2.6937357E+06   1.5265742E+06   0.0000000E+00   0.0000000E+00   0.0000000E+00   0.0000000E+00
   9.7814137E-02   2.5719484E+06   2.5719484E+06   2.4488703E+01   1.0982932E+01   3.2532080E+02   2.5614413E+06   2.5719484E+06   1.4575496E+06   0.0000000E+00   0.0000000E+00   0.0000000E+00   0.0000000E+00
   1.0126940E-01   2.4553482E+06   2.4553482E+06   2.2498537E+01   9.7823433E+00   2.9181769E+02   2.4453074E+06   2.4553482E+06   1.3914656E+06   0.0000000E+00   0.0000000E+00   0.0000000E+00   0.0000000E+00
   1.0481337E-01   2.3455421E+06   2.3455421E+06   2.0158166E+01   8.7241000E+00   2.6182198E+02   2.3359414E+06   2.3455421E+06   1.3292326E+06   0.0000000E+00   0.0000000E+00   0.0000000E+00   0.0000000E+00
   1.0845211E-01   2.2438660E+06   2.2438660E+06   1.7299601E+01   7.7956770E+00   2.3563494E+02   2.2346734E+06   2.2438660E+06   1.2716077E+06   0.0000000E+00   0.0000000E+00   0.0000000E+00   0.0000000E+00
   1.1219153E-01   2.1511833E+06   2.1511833E+06   1.6254396E+01   6.9840830E+00   2.1237143E+02   2.1423632E+06   2.1511833E+06   1.2190801E+06   0.0000000E+00   0.0000000E+00   0.0000000E+00   0.0000000E+00
   1.1603752E-01   2.0677181E+06   2.0677181E+06   1.4190957E+01   6.2757122E+00   1.9217737E+02   2.0592336E+06   2.0677181E+06   1.1717765E+06   0.0000000E+00   0.0000000E+00   0.0000000E+00   0.0000000E+00
   1.1999593E-01   1.9929502E+06   1.9929502E+06   1.2496778E+01   5.6564746E+00   1.7418094E+02   1.9847665E+06   1.9929502E+06   1.1294022E+06   0.0000000E+00   0.0000000E+00   0.0000000E+00   0.0000000E+00
   1.2407261E-01   1.9256019E+06   1.9256019E+06   1.1346655E+01   5.1122103E+00   1.5831384E+02   1.9176892E+06   1.9256019E+06   1.0912329E+06   0.0000000E+00   0.0000000E+00   0.0000000E+00   0.0000000E+00
   1.2827343E-01   1.8637367E+06   1.8637367E+06   1.0246249E+01   4.6293022E+00   1.4422438E+02   1.8560733E+06   1.8637367E+06   1.0561714E+06   0.0000000E+00   0.0000000E+00   0.0000000E+00   0.0000000E+00
   1.3260426E-01   1.8049782E+06   1.8049782E+06   9.4700533E+00   4.1953779E+00   1.3152271E+02   1.7975519E+06   1.8049782E+06   1.0228707E+06   0.0000000E+00   0.0000000E+00   0.0000000E+00   0.0000000E+00
   1.3707104E-01   1.7468362E+06   1.7468362E+06   8.7588661E+00   3.8000095E+00   1.1969181E+02   1.7396448E+06   1.7468362E+06   9.8991956E+05   0.0000000E+00   0.0000000E+00   0.0000000E+00   0.0000000E+00
   1.4167974E-01   1.6871019E+06   1.6871019E+06   7.7786599E+00   3.4352665E+00   1.0887506E+02   1.6801526E+06   1.6871019E+06   9.5606646E+05   0.0000000E+00   0.0000000E+00   0.0000000E+00   0.0000000E+00
   1.4643641E-01   1.6242503E+06   1.6242503E+06   6.8728525E+00   3.0960045E+00   9.8601566E+01   1.6175565E+06   1.6242503E+06   9.2044706E+05   0.0000000E+00   0.0000000E+00   0.0000000E+00   0.0000000E+00
   1.5134715E-01   1.5577651E+06   1.5577651E+06   6.1664459E+00   2.7798022E+00   8.8968320E+01   1.5513421E+06   1.5577651E+06   8.8276877E+05   0.0000000E+00   0.0000000E+00   0.0000000E+00   0.0000000E+00
   1.5641814E-01   1.4882999E+06   1.4882999E+06   5.5289352E+00   2.4865177E+00   8.0014976E+01   1.4821604E+06   1.4882999E+06   8.4340199E+05   0.0000000E+00   0.0000000E+00   0.0000000E+00   0.0000000E+00
   1.6165562E-01   1.4176035E+06   1.4176035E+06   5.1152559E+00   2.2175021E+00   7.1712188E+01   1.4117532E+06   1.4176035E+06   8.0333778E+05   0.0000000E+00   0.0000000E+00   0.0000000E+00   0.0000000E+00
   1.6706592E-01   1.3481809E+06   1.3481809E+06   4.3899471E+00   1.9745961E+00   6.4125955E+01   1.3426147E+06   1.3481809E+06   7.6399554E+05   0.0000000E+00   0.0000000E+00   0.0000000E+00   0.0000000E+00
   1.7265547E-01   1.2827237E+06   1.2827237E+06   4.0141478E+00   1.7591048E+00   5.7381251E+01   1.2774257E+06   1.2827237E+06   7.2690071E+05   0.0000000E+00   0.0000000E+00   0.0000000E+00   0.0000000E+00
   1.7843079E-01   1.2234245E+06   1.2234245E+06   3.5830954E+00   1.5709696E+00   5.1480372E+01   1.2183696E+06   1.2234245E+06   6.9329571E+05   0.0000000E+00   0.0000000E+00   0.0000000E+00   0.0000000E+00
   1.8439849E-01   1.1713480E+06   1.1713480E+06   3.1361294E+00   1.4083449E+00   4.6374862E+01   1.1665065E+06   1.1713480E+06   6.6378380E+05   0.0000000E+00   0.0000000E+00   0.0000000E+00   0.0000000E+00
   1.9056532E-01   1.1260619E+06   1.1260619E+06   2.9163350E+00   1.2677020E+00   4.1940501E+01   1.1214060E+06   1.1260619E+06   6.3812004E+05   0.0000000E+00   0.0000000E+00   0.0000000E+00   0.0000000E+00
   1.9693815E-01   1.0856913E+06   1.0856913E+06   2.5601046E+00   1.1444382E+00   3.8031920E+01   1.0812009E+06   1.0856913E+06   6.1524190E+05   0.0000000E+00   0.0000000E+00   0.0000000E+00   0.0000000E+00
   2.0352400E-01   1.0474478E+06   1.0474478E+06   2.3071249E+00   1.0338312E+00   3.4495197E+01   1.0431143E+06   1.0474478E+06   5.9356928E+05   0.0000000E+00   0.0000000E+00   0.0000000E+00   0.0000000E+00
   2.1033006E-01   1.0085221E+06   1.0085221E+06   2.1192946E+00   9.3204192E-01   3.1232147E+01   1.0043485E+06   1.0085221E+06   5.7151019E+05   0.0000000E+00   0.0000000E+00   0.0000000E+00   0.0000000E+00
   2.1736372E-01   9.6706007E+05   9.6706007E+05   1.8833665E+00   8.3683231E-01   2.8129097E+01   9.6305699E+05   9.6706007E+05   5.4801385E+05   0.0000000E+00   0.0000000E+00   0.0000000E+00   0.0000000E+00
   2.2463260E-01   9.2284884E+05   9.2284884E+05   1.7030616E+00   7.4774352E-01   2.5233762E+01   9.1902783E+05   9.2284884E+05   5.2295969E+05   0.0000000E+00   0.0000000E+00   0.0000000E+00   0.0000000E+00
   2.3214456E-01   8.7738943E+05   8.7738943E+05   1.5037649E+00   6.6566040E-01   2.2546312E+01   8.7375578E+05   8.7738943E+05   4.9719829E+05   0.0000000E+00   0.0000000E+00   0.0000000E+00   0.0000000E+00
   2.3990780E-01   8.3324512E+05   8.3324512E+05   1.3281238E+00   5.9193038E-01   2.0139882E+01   8.2979352E+05   8.3324512E+05   4.7218220E+05   0.0000000E+00   0.0000000E+00   0.0000000E+00   0.0000000E+00
   2.4793086E-01   7.9288074E+05   7.9288074E+05   1.1856119E+00   5.2740043E-01   1.7995770E+01   7.8959566E+05   7.9288074E+05   4.4930819E+05   0.0000000E+00   0.0000000E+00   0.0000000E+00   0.0000000E+00
   2.5622267E-01   7.5749942E+05   7.5749942E+05   1.0595107E+00   4.7178611E-01   1.6155469E+01   7.5436031E+05   7.5749942E+05   4.2925802E+05   0.0000000E+00   0.0000000E+00   0.0000000E+00   0.0000000E+00
   2.6479268E-01   7.2646905E+05   7.2646905E+05   9.5930114E-01   4.2364784E-01   1.4567597E+01   7.2345798E+05   7.2646905E+05   4.1167349E+05   0.0000000E+00   0.0000000E+00   0.0000000E+00   0.0000000E+00
   2.7365086E-01   6.9769823E+05   6.9769823E+05   8.5304098E-01   3.8095617E-01   1.3139613E+01   6.9480589E+05   6.9769823E+05   3.9536944E+05   0.0000000E+00   0.0000000E+00   0.0000000E+00   0.0000000E+00
   2.8280785E-01   6.6882440E+05   6.6882440E+05   7.6686697E-01   3.4192650E-01   1.1832490E+01   6.6605130E+05   6.6882440E+05   3.7900705E+05   0.0000000E+00   0.0000000E+00   0.0000000E+00   0.0000000E+00
   2.9227500E-01   6.3856474E+05   6.3856474E+05   6.9596457E-01   3.0565368E-01   1.0604559E+01   6.3591669E+05   6.3856474E+05   3.6185938E+05   0.0000000E+00   0.0000000E+00   0.0000000E+00   0.0000000E+00
   3.0206453E-01   6.0739517E+05   6.0739517E+05   6.1806624E-01   2.7219875E-01   9.4826116E+00   6.0487601E+05   6.0739517E+05   3.4419612E+05   0.0000000E+00   0.0000000E+00   0.0000000E+00   0.0000000E+00
   3.1218966E-01   5.7707908E+05   5.7707908E+05   5.4825180E-01   2.4211316E-01   8.4505803E+00   5.7468532E+05   5.7707908E+05   3.2701654E+05   0.0000000E+00   0.0000000E+00   0.0000000E+00   0.0000000E+00
   3.2266473E-01   5.4932949E+05   5.4932949E+05   4.8896749E-01   2.1575149E-01   7.5576265E+00   5.4705054E+05   5.4932949E+05   3.1129137E+05   0.0000000E+00   0.0000000E+00   0.0000000E+00   0.0000000E+00
   3.3350539E-01   5.2455782E+05   5.2455782E+05   4.3773783E-01   1.9284724E-01   6.7772593E+00   5.2238136E+05   5.2455782E+05   2.9725372E+05   0.0000000E+00   0.0000000E+00   0.0000000E+00   0.0000000E+00
   3.4472882E-01   5.0167194E+05   5.0167194E+05   3.8821045E-01   1.7262022E-01   6.0845340E+00   4.9959020E+05   5.0167194E+05   2.8428474E+05   0.0000000E+00   0.0000000E+00   0.0000000E+00   0.0000000E+00
   3.5635394E-01   4.7909184E+05   4.7909184E+05   3.4756762E-01   1.5427110E-01   5.4507439E+00   4.7710358E+05   4.7909184E+05   2.7148905E+05   0.0000000E+00   0.0000000E+00   0.0000000E+00   0.0000000E+00
   3.6840172E-01   4.5610759E+05   4.5610759E+05   3.1044657E-01   1.3742204E-01   4.8679957E+00   4.5421451E+05   4.5610759E+05   2.5846435E+05   0.0000000E+00   0.0000000E+00   0.0000000E+00   0.0000000E+00
   3.8089547E-01   4.3335075E+05   4.3335075E+05   2.7522302E-01   1.2214181E-01   4.3364165E+00   4.3155196E+05   4.3335075E+05   2.4556854E+05   0.0000000E+00   0.0000000E+00   0.0000000E+00   0.0000000E+00
   3.9386128E-01   4.1195711E+05   4.1195711E+05   2.4570382E-01   1.0859368E-01   3.8677613E+00   4.1024695E+05   4.1195711E+05   2.3344524E+05   0.0000000E+00   0.0000000E+00   0.0000000E+00   0.0000000E+00
   4.0732844E-01   3.9231441E+05   3.9231441E+05   2.1782472E-01   9.6690947E-02   3.4514300E+00   3.9068565E+05   3.9231441E+05   2.2231416E+05   0.0000000E+00   0.0000000E+00   0.0000000E+00   0.0000000E+00
   4.2133007E-01   3.7374516E+05   3.7374516E+05   1.9411524E-01   8.6094024E-02   3.0790058E+00   3.7219337E+05   3.7374516E+05   2.1179139E+05   0.0000000E+00   0.0000000E+00   0.0000000E+00   0.0000000E+00
   4.3590376E-01   3.5541935E+05   3.5541935E+05   1.7293431E-01   7.6489900E-02   2.7451472E+00   3.5394353E+05   3.5541935E+05   2.0140657E+05   0.0000000E+00   0.0000000E+00   0.0000000E+00   0.0000000E+00
   4.5109243E-01   3.3731854E+05   3.3731854E+05   1.5277608E-01   6.7788504E-02   2.4383193E+00   3.3591779E+05   3.3731854E+05   1.9114928E+05   0.0000000E+00   0.0000000E+00   0.0000000E+00   0.0000000E+00
   4.6694541E-01   3.2003525E+05   3.2003525E+05   1.3529784E-01   6.0022506E-02   2.1633850E+00   3.1870617E+05   3.2003525E+05   1.8135525E+05   0.0000000E+00   0.0000000E+00   0.0000000E+00   0.0000000E+00
   4.8351971E-01   3.0379685E+05   3.0379685E+05   1.1983170E-01   5.3137966E-02   1.9194526E+00   3.0253513E+05   3.0379685E+05   1.7215335E+05   0.0000000E+00   0.0000000E+00   0.0000000E+00   0.0000000E+00
   5.0088169E-01   2.8818602E+05   2.8818602E+05   1.0593258E-01   4.6973657E-02   1.7008846E+00   2.8698905E+05   2.8818602E+05   1.6330707E+05   0.0000000E+00   0.0000000E+00   0.0000000E+00   0.0000000E+00
   5.1910910E-01   2.7288169E+05   2.7288169E+05   9.3440096E-02   4.1410513E-02   1.5025672E+00   2.7174822E+05   2.7288169E+05   1.5463449E+05   0.0000000E+00   0.0000000E+00   0.0000000E+00   0.0000000E+00
   5.3829373E-01   2.5808275E+05   2.5808275E+05   8.2201635E-02   3.6422957E-02   1.3242864E+00   2.5701070E+05   2.5808275E+05   1.4624831E+05   0.0000000E+00   0.0000000E+00   0.0000000E+00   0.0000000E+00
   5.5854475E-01   2.4395214E+05   2.4395214E+05   7.2094538E-02   3.1977529E-02   1.1650977E+00   2.4293873E+05   2.4395214E+05   1.3824086E+05   0.0000000E+00   0.0000000E+00   0.0000000E+00   0.0000000E+00
   5.7999309E-01   2.3027379E+05   2.3027379E+05   6.3109717E-02   2.7993460E-02   1.0218781E+00   2.2931715E+05   2.3027379E+05   1.3048969E+05   0.0000000E+00   0.0000000E+00   0.0000000E+00   0.0000000E+00
   6.0279696E-01   2.1693085E+05   2.1693085E+05   5.5058010E-02   2.4413961E-02   8.9280764E-01   2.1602960E+05   2.1693085E+05   1.2292860E+05   0.0000000E+00   0.0000000E+00   0.0000000E+00   0.0000000E+00
   6.2714909E-01   2.0402846E+05   2.0402846E+05   4.7831899E-02   2.1213360E-02   7.7766117E-01   2.0318077E+05   2.0402846E+05   1.1561716E+05   0.0000000E+00   0.0000000E+00   0.0000000E+00   0.0000000E+00
   6.5328593E-01   1.9150044E+05   1.9150044E+05   4.1369273E-02   1.8349512E-02   6.7440991E-01   1.9070476E+05   1.9150044E+05   1.0851786E+05   0.0000000E+00   0.0000000E+00   0.0000000E+00   0.0000000E+00
   6.8149931E-01   1.7925801E+05   1.7925801E+05   3.5582882E-02   1.5783753E-02   5.8123765E-01   1.7851318E+05   1.7925801E+05   1.0158041E+05   0.0000000E+00   0.0000000E+00   0.0000000E+00   0.0000000E+00
   7.1215061E-01   1.6732431E+05   1.6732431E+05   3.0417024E-02   1.3492088E-02   4.9783648E-01   1.6662903E+05   1.6732431E+05   9.4817904E+04   0.0000000E+00   0.0000000E+00   0.0000000E+00   0.0000000E+00
   7.4568707E-01   1.5563993E+05   1.5563993E+05   2.5802904E-02   1.1446498E-02   4.2338300E-01   1.5499318E+05   1.5563993E+05   8.8196687E+04   0.0000000E+00   0.0000000E+00   0.0000000E+00   0.0000000E+00
   7.8265779E-01   1.4418903E+05   1.4418903E+05   2.1698854E-02   9.6261895E-03   3.5665546E-01   1.4358984E+05   1.4418903E+05   8.1707778E+04   0.0000000E+00   0.0000000E+00   0.0000000E+00   0.0000000E+00
   8.2372400E-01   1.3295725E+05   1.3295725E+05   1.8062076E-02   8.0133777E-03   2.9748577E-01   1.3240471E+05   1.3295725E+05   7.5343038E+04   0.0000000E+00   0.0000000E+00   0.0000000E+00   0.0000000E+00
   8.6965196E-01   1.2195098E+05   1.2195098E+05   1.4861989E-02   6.5942034E-03   2.4545348E-01   1.2144417E+05   1.2195098E+05   6.9106093E+04   0.0000000E+00   0.0000000E+00   0.0000000E+00   0.0000000E+00
   9.2127107E-01   1.1120436E+05   1.1120436E+05   1.2075570E-02   5.3581616E-03   1.9983136E-01   1.1074219E+05   1.1120436E+05   6.3016285E+04   0.0000000E+00   0.0000000E+00   0.0000000E+00   0.0000000E+00
   9.7938057E-01   1.0079240E+05   1.0079240E+05   9.6864853E-03   4.2972898E-03   1.6063553E-01   1.0037349E+05   1.0079240E+05   5.7116124E+04   0.0000000E+00   0.0000000E+00   0.0000000E+00   0.0000000E+00
   1.0446133E+00   9.0826539E+04   9.0826539E+04   7.6705138E-03   3.4038654E-03   1.2753178E-01   9.0449039E+04   9.0826539E+04   5.1468753E+04   0.0000000E+00   0.0000000E+00   0.0000000E+00   0.0000000E+00
   1.1173190E+00   8.1435304E+04   8.1435304E+04   6.0109909E-03   2.6676572E-03   1.0017149E-01   8.1096828E+04   8.1435304E+04   4.6147009E+04   0.0000000E+00   0.0000000E+00   0.0000000E+00   0.0000000E+00
   1.1975616E+00   7.2731045E+04   7.2731045E+04   4.6728346E-03   2.0739433E-03   7.8013258E-02   7.2428739E+04   7.2731045E+04   4.1214555E+04   0.0000000E+00   0.0000000E+00   0.0000000E+00   0.0000000E+00
   1.2852600E+00   6.4782784E+04   6.4782784E+04   3.6131425E-03   1.6038031E-03   6.0462009E-02   6.4513510E+04   6.4782784E+04   3.6710505E+04   0.0000000E+00   0.0000000E+00   0.0000000E+00   0.0000000E+00
   1.3803786E+00   5.7604838E+04   5.7604838E+04   2.7828862E-03   1.2363370E-03   4.6687701E-02   5.7365395E+04   5.7604838E+04   3.2642971E+04   0.0000000E+00   0.0000000E+00   0.0000000E+00   0.0000000E+00
   1.4830460E+00   5.1166172E+04   5.1166172E+04   2.1435659E-03   9.5136864E-04   3.5993748E-02   5.0953489E+04   5.1166172E+04   2.8994366E+04   0.0000000E+00   0.0000000E+00   0.0000000E+00   0.0000000E+00
   1.5935762E+00   4.5413655E+04   4.5413655E+04   1.6476375E-03   7.3133583E-04   2.7719073E-02   4.5224881E+04   4.5413655E+04   2.5734582E+04   0.0000000E+00   0.0000000E+00   0.0000000E+00   0.0000000E+00
   1.7124321E+00   4.0284714E+04   4.0284714E+04   1.2656209E-03   5.6181132E-04   2.1319880E-02   4.0117257E+04   4.0284714E+04   2.2828161E+04   0.0000000E+00   0.0000000E+00   0.0000000E+00   0.0000000E+00
   1.8401825E+00   3.5717002E+04   3.5717002E+04   9.7162841E-04   4.3135111E-04   1.6401852E-02   3.5568531E+04   3.5717002E+04   2.0239772E+04   0.0000000E+00   0.0000000E+00   0.0000000E+00   0.0000000E+00
   1.9774720E+00   3.1652487E+04   3.1652487E+04   7.4571438E-04   3.3102888E-04   1.2595823E-02   3.1520911E+04   3.1652487E+04   1.7936531E+04   0.0000000E+00   0.0000000E+00   0.0000000E+00   0.0000000E+00
   2.1250063E+00   2.8037943E+04   2.8037943E+04   5.7196504E-04   2.5392494E-04   9.6813974E-03   2.7921391E+04   2.8037943E+04   1.5888275E+04   0.0000000E+00   0.0000000E+00   0.0000000E+00   0.0000000E+00
   2.2835484E+00   2.4825440E+04   2.4825440E+04   4.3853431E-04   1.9469615E-04   7.4301092E-03   2.4722241E+04   2.4825440E+04   1.4067843E+04   0.0000000E+00   0.0000000E+00   0.0000000E+00   0.0000000E+00
   2.4539189E+00   2.1971873E+04   2.1971873E+04   3.3609433E-04   1.4922060E-04   5.6959957E-03   2.1880535E+04   2.1971873E+04   1.2450811E+04   0.0000000E+00   0.0000000E+00   0.0000000E+00   0.0000000E+00
   2.6370005E+00   1.9438422E+04   1.9438422E+04   2.5749513E-04   1.1432050E-04   4.3708750E-03   1.9357616E+04   1.9438422E+04   1.1015179E+04   0.0000000E+00   0.0000000E+00   0.0000000E+00   0.0000000E+00
   2.8337414E+00   1.7190355E+04   1.7190355E+04   1.9722884E-04   8.7548658E-05   3.3518596E-03   1.7118894E+04   1.7190355E+04   9.7412661E+03   0.0000000E+00   0.0000000E+00   0.0000000E+00   0.0000000E+00
   3.0451607E+00   1.5196510E+04   1.5196510E+04   1.5096110E-04   6.7020901E-05   2.5665657E-03   1.5133338E+04   1.5196510E+04   8.6114130E+03   0.0000000E+00   0.0000000E+00   0.0000000E+00   0.0000000E+00
   3.2723535E+00   1.3428977E+04   1.3428977E+04   1.1551539E-04   5.1287469E-05   1.9673010E-03   1.3373151E+04   1.3428977E+04   7.6098037E+03   0.0000000E+00   0.0000000E+00   0.0000000E+00   0.0000000E+00
   3.5164967E+00   1.1862789E+04   1.1862789E+04   8.8362186E-05   3.9233538E-05   1.5055645E-03   1.1813474E+04   1.1862789E+04   6.7222912E+03   0.0000000E+00   0.0000000E+00   0.0000000E+00   0.0000000E+00
   3.7788548E+00   1.0475630E+04   1.0475630E+04   6.7581969E-05   3.0002221E-05   1.1522090E-03   1.0432082E+04   1.0475630E+04   5.9362293E+03   0.0000000E+00   0.0000000E+00   0.0000000E+00   0.0000000E+00
   4.0607870E+00   9.2475660E+03   9.2475660E+03   5.1634804E-05   2.2935262E-05   8.8164449E-04   9.2091228E+03   9.2475660E+03   5.2403218E+03   0.0000000E+00   0.0000000E+00   0.0000000E+00   0.0000000E+00
   4.3637535E+00   8.1608040E+03   8.1608040E+03   3.9476287E-05   1.7527206E-05   6.7391384E-04   8.1268786E+03   8.1608040E+03   4.6244860E+03   0.0000000E+00   0.0000000E+00   0.0000000E+00   0.0000000E+00
   4.6893237E+00   7.1994742E+03   7.1994742E+03   3.0165229E-05   1.3390119E-05   5.1585636E-04   7.1695451E+03   7.1994742E+03   4.0797288E+03   0.0000000E+00   0.0000000E+00   0.0000000E+00   0.0000000E+00
   5.0391839E+00   6.3494321E+03   6.3494321E+03   2.3031330E-05   1.0226409E-05   3.9388720E-04   6.3230367E+03   6.3494321E+03   3.5980351E+03   0.0000000E+00   0.0000000E+00   0.0000000E+00   0.0000000E+00
   5.4151465E+00   5.5980793E+03   5.5980793E+03   1.7578693E-05   7.8078698E-06   3.0088945E-04   5.5748073E+03   5.5980793E+03   3.1722657E+03   0.0000000E+00   0.0000000E+00   0.0000000E+00   0.0000000E+00
   5.8191588E+00   4.9342019E+03   4.9342019E+03   1.3422471E-05   5.9595916E-06   2.2975925E-04   4.9136898E+03   4.9342019E+03   2.7960661E+03   0.0000000E+00   0.0000000E+00   0.0000000E+00   0.0000000E+00
   6.2533136E+00   4.3478245E+03   4.3478245E+03   1.0241260E-05   4.5475612E-06   1.7564208E-04   4.3297499E+03   4.3478245E+03   2.4637833E+03   0.0000000E+00   0.0000000E+00   0.0000000E+00   0.0000000E+00
   6.7198598E+00   3.8300784E+03   3.8300784E+03   7.8123625E-06   3.4691441E-06   1.3327340E-04   3.8141562E+03   3.8300784E+03   2.1703920E+03   0.0000000E+00   0.0000000E+00   0.0000000E+00   0.0000000E+00
   7.2212139E+00   3.3730839E+03   3.3730839E+03   5.9582981E-06   2.6457639E-06   1.0204581E-04   3.3590615E+03   3.3730839E+03   1.9114267E+03   0.0000000E+00   0.0000000E+00   0.0000000E+00   0.0000000E+00
   7.7599730E+00   2.9698434E+03   2.9698434E+03   4.5428523E-06   2.0172896E-06   7.7650479E-05   2.9574973E+03   2.9698434E+03   1.6829222E+03   0.0000000E+00   0.0000000E+00   0.0000000E+00   0.0000000E+00
   8.3389277E+00   2.6141460E+03   2.6141460E+03   3.4624986E-06   1.5377189E-06   5.9215489E-05   2.6032786E+03   2.6141460E+03   1.4813591E+03   0.0000000E+00   0.0000000E+00   0.0000000E+00   0.0000000E+00
   8.9610770E+00   2.3004824E+03   2.3004824E+03   2.6388576E-06   1.1718724E-06   4.5296715E-05   2.2909189E+03   2.3004824E+03   1.3036152E+03   0.0000000E+00   0.0000000E+00   0.0000000E+00   0.0000000E+00
   9.6296435E+00   2.0239672E+03   2.0239672E+03   2.0101110E-06   8.9285601E-07   3.4465274E-05   2.0155533E+03   2.0239672E+03   1.1469223E+03   0.0000000E+00   0.0000000E+00   0.0000000E+00   0.0000000E+00
   1.0348090E+01   1.7802713E+03   1.7802713E+03   1.5315058E-06   6.8011632E-07   2.6302437E-05   1.7728704E+03   1.7802713E+03   1.0088270E+03   0.0000000E+00   0.0000000E+00   0.0000000E+00   0.0000000E+00
