#           k/h    CDM            baryon         photon         nu             mass_nu        total          no_nu          total_de       Weyl           v_CDM          v_b            v_b-v_c     
   1.0930657E-05   9.9043951E+06   9.9043951E+06   1.3201971E+07   -1.3453178E+04   -4.8463087E+05   9.9044269E+06   9.9043951E+06   7.9807704E+06   0.0000000E+00   0.0000000E+00   0.0000000E+00   0.0000000E+00
   1.1746170E-05   9.9043938E+06   9.9043938E+06   1.3201368E+07   -1.3453161E+04   -4.8462359E+05   9.9044255E+06   9.9043938E+06   7.9807692E+06   0.0000000E+00   0.0000000E+00   0.0000000E+00   0.0000000E+00
   1.2622526E-05   9.9043923E+06   9.9043923E+06   1.3200671E+07   -1.3453141E+04   -4.8461518E+05   9.9044239E+06   9.9043923E+06   7.9807679E+06   0.0000000E+00   0.0000000E+00   0.0000000E+00   0.0000000E+00
   1.3564265E-05   9.9043905E+06   9.9043905E+06   1.3199866E+07   -1.3453119E+04   -4.8460547E+05   9.9044220E+06   9.9043905E+06   7.9807664E+06   0.0000000E+00   0.0000000E+00   0.0000000E+00   0.0000000E+00
   1.4576266E-05   9.9043885E+06   9.9043885E+06   1.3198937E+07   -1.3453093E+04   -4.8459426E+05   9.9044199E+06   9.9043885E+06   7.9807647E+06   0.0000000E+00   0.0000000E+00   0.0000000E+00   0.0000000E+00
   1.5663769E-05   9.9043861E+06   9.9043861E+06   1.3197864E+07   -1.3453063E+04   -4.8458131E+05   9.9044174E+06   9.9043861E+06   7.9807627E+06   0.0000000E+00   0.0000000E+00   0.0000000E+00   0.0000000E+00
   1.6832409E-05   9.9043834E+06   9.9043834E+06   1.3196625E+07   -1.3453028E+04   -4.8456636E+05   9.9044145E+06   9.9043834E+06   7.9807604E+06   0.0000000E+00   0.0000000E+00   0.0000000E+00   0.0000000E+00
   1.8088238E-05   9.9043803E+06   9.9043803E+06   1.3195194E+07   -1.3452988E+04   -4.8454910E+05   9.9044112E+06   9.9043803E+06   7.9807577E+06   0.0000000E+00   0.0000000E+00   0.0000000E+00   0.0000000E+00
   1.9437763E-05   9.9043766E+06   9.9043766E+06   1.3193542E+07   -1.3452942E+04   -4.8452917E+05   9.9044073E+06   9.9043766E+06   7.9807547E+06   0.0000000E+00   0.0000000E+00   0.0000000E+00   0.0000000E+00
   2.0887972E-05   9.9043724E+06   9.9043724E+06   1.3191635E+07   -1.3452888E+04   -4.8450615E+05   9.9044029E+06   9.9043724E+06   7.9807511E+06   0.0000000E+00   0.0000000E+00   0.0000000E+00   0.0000000E+00
   2.2446378E-05   9.9043676E+06   9.9043676E+06   1.3189432E+07   -1.3452826E+04   -4.8447957E+05   9.9043978E+06   9.9043676E+06   7.9807470E+06   0.0000000E+00   0.0000000E+00   0.0000000E+00   0.0000000E+00
   2.4121054E-05   9.9043620E+06   9.9043620E+06   1.3186890E+07   -1.3452755E+04   -4.8444888E+05   9.9043919E+06   9.9043620E+06   7.9807423E+06   0.0000000E+00   0.0000000E+00   0.0000000E+00   0.0000000E+00
   2.5920673E-05   9.9043556E+06   9.9043556E+06   1.3183954E+07   -1.3452672E+04   -4.8441344E+05   9.9043850E+06   9.9043556E+06   7.9807368E+06   0.0000000E+00   0.0000000E+00   0.0000000E+00   0.0000000E+00
   2.7854558E-05   9.9043481E+06   9.9043481E+06   1.3180565E+07   -1.3452577E+04   -4.8437252E+05   9.9043771E+06   9.9043481E+06   7.9807305E+06   0.0000000E+00   0.0000000E+00   0.0000000E+00   0.0000000E+00
   2.9932726E-05   9.9043395E+06   9.9043395E+06   1.3176652E+07   -1.3452466E+04   -4.8432526E+05   9.9043680E+06   9.9043395E+06   7.9807232E+06   0.0000000E+00   0.0000000E+00   0.0000000E+00   0.0000000E+00
   3.2165942E-05   9.9043296E+06   9.9043296E+06   1.3172134E+07   -1.3452338E+04   -4.8427070E+05   9.9043575E+06   9.9043296E+06   7.9807147E+06   0.0000000E+00   0.0000000E+00   0.0000000E+00   0.0000000E+00
   3.4565773E-05   9.9043182E+06   9.9043182E+06   1.3166920E+07   -1.3452191E+04   -4.8420771E+05   9.9043454E+06   9.9043182E+06   7.9807050E+06   0.0000000E+00   0.0000000E+00   0.0000000E+00   0.0000000E+00
   3.7144650E-05   9.9043049E+06   9.9043049E+06   1.3160901E+07   -1.3452020E+04   -4.8413497E+05   9.9043313E+06   9.9043049E+06   7.9806938E+06   0.0000000E+00   0.0000000E+00   0.0000000E+00   0.0000000E+00
   3.9915932E-05   9.9042897E+06   9.9042897E+06   1.3153953E+07   -1.3451822E+04   -4.8405099E+05   9.9043151E+06   9.9042897E+06   7.9806808E+06   0.0000000E+00   0.0000000E+00   0.0000000E+00   0.0000000E+00
   4.2893973E-05   9.9042720E+06   9.9042720E+06   1.3145934E+07   -1.3451593E+04   -4.8395403E+05   9.9042964E+06   9.9042720E+06   7.9806658E+06   0.0000000E+00   0.0000000E+00   0.0000000E+00   0.0000000E+00
   4.6094199E-05   9.9042516E+06   9.9042516E+06   1.3136680E+07   -1.3451328E+04   -4.8384208E+05   9.9042748E+06   9.9042516E+06   7.9806485E+06   0.0000000E+00   0.0000000E+00   0.0000000E+00   0.0000000E+00
   4.9533187E-05   9.9042281E+06   9.9042281E+06   1.3126002E+07   -1.3451020E+04   -4.8371284E+05   9.9042499E+06   9.9042281E+06   7.9806285E+06   0.0000000E+00   0.0000000E+00   0.0000000E+00   0.0000000E+00
   5.3228751E-05   9.9042010E+06   9.9042010E+06   1.3113680E+07   -1.3450664E+04   -4.8356364E+05   9.9042211E+06   9.9042010E+06   7.9806055E+06   0.0000000E+00   0.0000000E+00   0.0000000E+00   0.0000000E+00
   5.7200033E-05   9.9041696E+06   9.9041696E+06   1.3099466E+07   -1.3450251E+04   -4.8339141E+05   9.9041879E+06   9.9041696E+06   7.9805788E+06   0.0000000E+00   0.0000000E+00   0.0000000E+00   0.0000000E+00
   6.1467603E-05   9.9041334E+06   9.9041334E+06   1.3083069E+07   -1.3449771E+04   -4.8319259E+05   9.9041495E+06   9.9041334E+06   7.9805481E+06   0.0000000E+00   0.0000000E+00   0.0000000E+00   0.0000000E+00
   6.6053567E-05   9.9040916E+06   9.9040916E+06   1.3064159E+07   -1.3449215E+04   -4.8296311E+05   9.9041052E+06   9.9040916E+06   7.9805126E+06   0.0000000E+00   0.0000000E+00   0.0000000E+00   0.0000000E+00
   7.0981680E-05   9.9040434E+06   9.9040434E+06   1.3042354E+07   -1.3448567E+04   -4.8269825E+05   9.9040540E+06   9.9040434E+06   7.9804716E+06   0.0000000E+00   0.0000000E+00   0.0000000E+00   0.0000000E+00
   7.6277469E-05   9.9039876E+06   9.9039876E+06   1.3017218E+07   -1.3447814E+04   -4.8239257E+05   9.9039949E+06   9.9039876E+06   7.9804243E+06   0.0000000E+00   0.0000000E+00   0.0000000E+00   0.0000000E+00
   8.1968366E-05   9.9039233E+06   9.9039233E+06   1.2988248E+07   -1.3446937E+04   -4.8203983E+05   9.9039268E+06   9.9039233E+06   7.9803696E+06   0.0000000E+00   0.0000000E+00   0.0000000E+00   0.0000000E+00
   8.8083847E-05   9.9038491E+06   9.9038491E+06   1.2954870E+07   -1.3445914E+04   -4.8163282E+05   9.9038480E+06   9.9038491E+06   7.9803066E+06   0.0000000E+00   0.0000000E+00   0.0000000E+00   0.0000000E+00
   9.4655592E-05   9.9037634E+06   9.9037634E+06   1.2916428E+07   -1.3444719E+04   -4.8116325E+05   9.9037572E+06   9.9037634E+06   7.9802338E+06   0.0000000E+00   0.0000000E+00   0.0000000E+00   0.0000000E+00
   1.0171764E-04   9.9036645E+06   9.9036645E+06   1.2872171E+07   -1.3443321E+04   -4.8062158E+05   9.9036523E+06   9.9036645E+06   7.9801497E+06   0.0000000E+00   0.0000000E+00   0.0000000E+00   0.0000000E+00
   1.0930657E-04   9.9035503E+06   9.9035503E+06   1.2821244E+07   -1.3441684E+04   -4.7999685E+05   9.9035313E+06   9.9035503E+06   7.9800527E+06   0.0000000E+00   0.0000000E+00   0.0000000E+00   0.0000000E+00
   1.1746170E-04   9.9034185E+06   9.9034185E+06   1.2762673E+07   -1.3439762E+04   -4.7927647E+05   9.9033916E+06   9.9034185E+06   7.9799408E+06   0.0000000E+00   0.0000000E+00   0.0000000E+00   0.0000000E+00
   1.2622526E-04   9.9032665E+06   9.9032665E+06   1.2695355E+07   -1.3437501E+04   -4.7844597E+05   9.9032304E+06   9.9032665E+06   7.9798116E+06   0.0000000E+00   0.0000000E+00   0.0000000E+00   0.0000000E+00
   1.3564265E-04   9.9030910E+06   9.9030910E+06   1.2618038E+07   -1.3434834E+04   -4.7748876E+05   9.9030444E+06   9.9030910E+06   7.9796625E+06   0.0000000E+00   0.0000000E+00   0.0000000E+00   0.0000000E+00
   1.4576266E-04   9.9028886E+06   9.9028886E+06   1.2529313E+07   -1.3431682E+04   -4.7638585E+05   9.9028298E+06   9.9028886E+06   7.9794905E+06   0.0000000E+00   0.0000000E+00   0.0000000E+00   0.0000000E+00
   1.5663769E-04   9.9026552E+06   9.9026552E+06   1.2427596E+07   -1.3427946E+04   -4.7511551E+05   9.9025823E+06   9.9026552E+06   7.9792921E+06   0.0000000E+00   0.0000000E+00   0.0000000E+00   0.0000000E+00
   1.6832409E-04   9.9023859E+06   9.9023859E+06   1.2311118E+07   -1.3423503E+04   -4.7365289E+05   9.9022969E+06   9.9023859E+06   7.9790633E+06   0.0000000E+00   0.0000000E+00   0.0000000E+00   0.0000000E+00
   1.8088238E-04   9.9020754E+06   9.9020754E+06   1.2177909E+07   -1.3418204E+04   -4.7196969E+05   9.9019677E+06   9.9020754E+06   7.9787993E+06   0.0000000E+00   0.0000000E+00   0.0000000E+00   0.0000000E+00
   1.9437763E-04   9.9017174E+06   9.9017174E+06   1.2025799E+07   -1.3411861E+04   -4.7003369E+05   9.9015882E+06   9.9017174E+06   7.9784950E+06   0.0000000E+00   0.0000000E+00   0.0000000E+00   0.0000000E+00
   2.0887972E-04   9.9013048E+06   9.9013048E+06   1.1852410E+07   -1.3404244E+04   -4.6780831E+05   9.9011509E+06   9.9013048E+06   7.9781442E+06   0.0000000E+00   0.0000000E+00   0.0000000E+00   0.0000000E+00
   2.2446378E-04   9.9008293E+06   9.9008293E+06   1.1655167E+07   -1.3395061E+04   -4.6525215E+05   9.9006469E+06   9.9008293E+06   7.9777399E+06   0.0000000E+00   0.0000000E+00   0.0000000E+00   0.0000000E+00
   2.4121054E-04   9.9002817E+06   9.9002817E+06   1.1431316E+07   -1.3383952E+04   -4.6231852E+05   9.9000664E+06   9.9002817E+06   7.9772741E+06   0.0000000E+00   0.0000000E+00   0.0000000E+00   0.0000000E+00
   2.5920673E-04   9.8996511E+06   9.8996511E+06   1.1177962E+07   -1.3370463E+04   -4.5895499E+05   9.8993981E+06   9.8996511E+06   7.9767377E+06   0.0000000E+00   0.0000000E+00   0.0000000E+00   0.0000000E+00
   2.7854558E-04   9.8989253E+06   9.8989253E+06   1.0892125E+07   -1.3354025E+04   -4.5510292E+05   9.8986288E+06   9.8989253E+06   7.9761201E+06   0.0000000E+00   0.0000000E+00   0.0000000E+00   0.0000000E+00
   2.9932726E-04   9.8980903E+06   9.8980903E+06   1.0570827E+07   -1.3333925E+04   -4.5069721E+05   9.8977439E+06   9.8980903E+06   7.9754094E+06   0.0000000E+00   0.0000000E+00   0.0000000E+00   0.0000000E+00
   3.2165942E-04   9.8971302E+06   9.8971302E+06   1.0211214E+07   -1.3309269E+04   -4.4566604E+05   9.8967264E+06   9.8971302E+06   7.9745920E+06   0.0000000E+00   0.0000000E+00   0.0000000E+00   0.0000000E+00
   3.4565773E-04   9.8960269E+06   9.8960269E+06   9.8107166E+06   -1.3278939E+04   -4.3993092E+05   9.8955574E+06   9.8960269E+06   7.9736524E+06   0.0000000E+00   0.0000000E+00   0.0000000E+00   0.0000000E+00
   3.7144650E-04   9.8947600E+06   9.8947600E+06   9.3672734E+06   -1.3241542E+04   -4.3340704E+05   9.8942150E+06   9.8947600E+06   7.9725730E+06   0.0000000E+00   0.0000000E+00   0.0000000E+00   0.0000000E+00
   3.9915932E-04   9.8933062E+06   9.8933062E+06   8.8795979E+06   -1.3195345E+04   -4.2600403E+05   9.8926748E+06   9.8933062E+06   7.9713339E+06   0.0000000E+00   0.0000000E+00   0.0000000E+00   0.0000000E+00
   4.2893973E-04   9.8916394E+06   9.8916394E+06   8.3475138E+06   -1.3138214E+04   -4.1762738E+05   9.8909093E+06   9.8916394E+06   7.9699126E+06   0.0000000E+00   0.0000000E+00   0.0000000E+00   0.0000000E+00
   4.6094199E-04   9.8897303E+06   9.8897303E+06   7.7723452E+06   -1.3067531E+04   -4.0818062E+05   9.8888874E+06   9.8897303E+06   7.9682838E+06   0.0000000E+00   0.0000000E+00   0.0000000E+00   0.0000000E+00
   4.9533187E-04   9.8875458E+06   9.8875458E+06   7.1573492E+06   -1.2980127E+04   -3.9756859E+05   9.8865743E+06   9.8875458E+06   7.9664190E+06   0.0000000E+00   0.0000000E+00   0.0000000E+00   0.0000000E+00
   5.3228751E-04   9.8850490E+06   9.8850490E+06   6.5081626E+06   -1.2872206E+04   -3.8570194E+05   9.8839312E+06   9.8850490E+06   7.9642864E+06   0.0000000E+00   0.0000000E+00   0.0000000E+00   0.0000000E+00
   5.7200033E-04   9.8821987E+06   9.8821987E+06   5.8332102E+06   -1.2739304E+04   -3.7250322E+05   9.8809148E+06   9.8821987E+06   7.9618504E+06   0.0000000E+00   0.0000000E+00   0.0000000E+00   0.0000000E+00
   6.1467603E-04   9.8789489E+06   9.8789489E+06   5.1439964E+06   -1.2576274E+04   -3.5791461E+05   9.8774770E+06   9.8789489E+06   7.9590712E+06   0.0000000E+00   0.0000000E+00   0.0000000E+00   0.0000000E+00
   6.6053567E-04   9.8752487E+06   9.8752487E+06   4.4551691E+06   -1.2377348E+04   -3.4190753E+05   9.8735645E+06   9.8752487E+06   7.9559049E+06   0.0000000E+00   0.0000000E+00   0.0000000E+00   0.0000000E+00
   7.0981680E-04   9.8710415E+06   9.8710415E+06   3.7842158E+06   -1.2136291E+04   -3.2449374E+05   9.8691185E+06   9.8710415E+06   7.9523027E+06   0.0000000E+00   0.0000000E+00   0.0000000E+00   0.0000000E+00
   7.6277469E-04   9.8662645E+06   9.8662645E+06   3.1506364E+06   -1.1846696E+04   -3.0573734E+05   9.8640740E+06   9.8662645E+06   7.9482106E+06   0.0000000E+00   0.0000000E+00   0.0000000E+00   0.0000000E+00
   8.1968366E-04   9.8608482E+06   9.8608482E+06   2.5744554E+06   -1.1502464E+04   -2.8576655E+05   9.8583591E+06   9.8608482E+06   7.9435691E+06   0.0000000E+00   0.0000000E+00   0.0000000E+00   0.0000000E+00
   8.8083847E-04   9.8547152E+06   9.8547152E+06   2.0740082E+06   -1.1098484E+04   -2.6478295E+05   9.8518948E+06   9.8547152E+06   7.9383127E+06   0.0000000E+00   0.0000000E+00   0.0000000E+00   0.0000000E+00
   9.4655592E-04   9.8477799E+06   9.8477799E+06   1.6631025E+06   -1.0631521E+04   -2.4306532E+05   9.8445937E+06   9.8477799E+06   7.9323690E+06   0.0000000E+00   0.0000000E+00   0.0000000E+00   0.0000000E+00
   1.0171764E-03   9.8399465E+06   9.8399465E+06   1.3479167E+06   -1.0101258E+04   -2.2096430E+05   9.8363592E+06   9.8399465E+06   7.9256586E+06   0.0000000E+00   0.0000000E+00   0.0000000E+00   0.0000000E+00
   1.0930657E-03   9.8311088E+06   9.8311088E+06   1.1243507E+06   -9.5113461E+03   -1.9888422E+05   9.8270850E+06   9.8311088E+06   7.9180944E+06   0.0000000E+00   0.0000000E+00   0.0000000E+00   0.0000000E+00
   1.1746170E-03   9.8211489E+06   9.8211489E+06   9.7689056E+05   -8.8702240E+03   -1.7724976E+05   9.8166536E+06   9.8211489E+06   7.9095812E+06   0.0000000E+00   0.0000000E+00   0.0000000E+00   0.0000000E+00
   1.2622526E-03   9.8099366E+06   9.8099366E+06   8.8019230E+05   -8.1913665E+03   -1.5645914E+05   9.8049366E+06   9.8099366E+06   7.9000159E+06   0.0000000E+00   0.0000000E+00   0.0000000E+00   0.0000000E+00
   1.3564265E-03   9.7973298E+06   9.7973298E+06   8.0422837E+05   -7.4925895E+03   -1.3683190E+05   9.7917951E+06   9.7973298E+06   7.8892877E+06   0.0000000E+00   0.0000000E+00   0.0000000E+00   0.0000000E+00
   1.4576266E-03   9.7831762E+06   9.7831762E+06   7.2267381E+05   -6.7941597E+03   -1.1856710E+05   9.7770806E+06   9.7831762E+06   7.8772798E+06   0.0000000E+00   0.0000000E+00   0.0000000E+00   0.0000000E+00
   1.5663769E-03   9.7673148E+06   9.7673148E+06   6.2220496E+05   -6.1157963E+03   -1.0173259E+05   9.7606374E+06   9.7673148E+06   7.8638707E+06   0.0000000E+00   0.0000000E+00   0.0000000E+00   0.0000000E+00
   1.6832409E-03   9.7495799E+06   9.7495799E+06   5.0822913E+05   -5.4732207E+03   -8.6301192E+04   9.7423055E+06   9.7495799E+06   7.8489358E+06   0.0000000E+00   0.0000000E+00   0.0000000E+00   0.0000000E+00
   1.8088238E-03   9.7298030E+06   9.7298030E+06   4.0195614E+05   -4.8755041E+03   -7.2227523E+04   9.7219225E+06   9.7298030E+06   7.8323493E+06   0.0000000E+00   0.0000000E+00   0.0000000E+00   0.0000000E+00
   1.9437763E-03   9.7078141E+06   9.7078141E+06   3.2690636E+05   -4.3246592E+03   -5.9523849E+04   9.6993242E+06   9.7078141E+06   7.8139832E+06   0.0000000E+00   0.0000000E+00   0.0000000E+00   0.0000000E+00
   2.0887972E-03   9.6834406E+06   9.6834406E+06   2.9064811E+05   -3.8181649E+03   -4.8268049E+04   9.6743421E+06   9.6834406E+06   7.7937049E+06   0.0000000E+00   0.0000000E+00   0.0000000E+00   0.0000000E+00
   2.2446378E-03   9.6565034E+06   9.6565034E+06   2.7570642E+05   -3.3532987E+03   -3.8505213E+04   9.6467998E+06   9.6565034E+06   7.7713744E+06   0.0000000E+00   0.0000000E+00   0.0000000E+00   0.0000000E+00
   2.4121054E-03   9.6268142E+06   9.6268142E+06   2.5235987E+05   -2.9302585E+03   -3.0109317E+04   9.6165093E+06   9.6268142E+06   7.7468412E+06   0.0000000E+00   0.0000000E+00   0.0000000E+00   0.0000000E+00
   2.5920673E-03   9.5941748E+06   9.5941748E+06   2.0759492E+05   -2.5512326E+03   -2.2778272E+04   9.5832709E+06   9.5941748E+06   7.7199447E+06   0.0000000E+00   0.0000000E+00   0.0000000E+00   0.0000000E+00
   2.7854558E-03   9.5583797E+06   9.5583797E+06   1.5994524E+05   -2.2161798E+03   -1.6261658E+04   9.5468761E+06   9.5583797E+06   7.6905168E+06   0.0000000E+00   0.0000000E+00   0.0000000E+00   0.0000000E+00
   2.9932726E-03   9.5192173E+06   9.5192173E+06   1.3471332E+05   -1.9204715E+03   -1.0596053E+04   9.5071101E+06   9.5192173E+06   7.6583846E+06   0.0000000E+00   0.0000000E+00   0.0000000E+00   0.0000000E+00
   3.2165942E-03   9.4764673E+06   9.4764673E+06   1.2621524E+05   -1.6582690E+03   -5.9419867E+03   9.4637510E+06   9.4764673E+06   7.6233688E+06   0.0000000E+00   0.0000000E+00   0.0000000E+00   0.0000000E+00
   3.4565773E-03   9.4298975E+06   9.4298975E+06   1.0890918E+05   -1.4271602E+03   -2.1537729E+03   9.4165667E+06   9.4298975E+06   7.5852818E+06   0.0000000E+00   0.0000000E+00   0.0000000E+00   0.0000000E+00
   3.7144650E-03   9.3792647E+06   9.3792647E+06   8.6020973E+04   -1.2262593E+03   1.1094545E+03   9.3653161E+06   9.3792647E+06   7.5439287E+06   0.0000000E+00   0.0000000E+00   0.0000000E+00   0.0000000E+00
   3.9915932E-03   9.3243189E+06   9.3243189E+06   7.7922731E+04   -1.0515745E+03   3.7978255E+03   9.3097522E+06   9.3243189E+06   7.4991098E+06   0.0000000E+00   0.0000000E+00   0.0000000E+00   0.0000000E+00
   4.2893973E-03   9.2648010E+06   9.2648010E+06   7.0131348E+04   -8.9893425E+02   5.7826860E+03   9.2496201E+06   9.2648010E+06   7.4506188E+06   0.0000000E+00   0.0000000E+00   0.0000000E+00   0.0000000E+00
   4.6094199E-03   9.2004414E+06   9.2004414E+06   5.3083740E+04   -7.6737526E+02   7.4384069E+03   9.1846557E+06   9.2004414E+06   7.3982427E+06   0.0000000E+00   0.0000000E+00   0.0000000E+00   0.0000000E+00
   4.9533187E-03   9.1309652E+06   9.1309652E+06   4.8765216E+04   -6.5420354E+02   8.7593421E+03   9.1145930E+06   9.1309652E+06   7.3417661E+06   0.0000000E+00   0.0000000E+00   0.0000000E+00   0.0000000E+00
   5.3228751E-03   9.0560942E+06   9.0560942E+06   4.2508292E+04   -5.5620647E+02   9.5797359E+03   9.0391633E+06   9.0560942E+06   7.2809720E+06   0.0000000E+00   0.0000000E+00   0.0000000E+00   0.0000000E+00
   5.7200033E-03   8.9755451E+06   8.9755451E+06   3.4309557E+04   -4.7244478E+02   1.0276948E+04   8.9580876E+06   8.9755451E+06   7.2156352E+06   0.0000000E+00   0.0000000E+00   0.0000000E+00   0.0000000E+00
   6.1467603E-03   8.8890334E+06   8.8890334E+06   3.1110334E+04   -4.0022503E+02   1.0608325E+04   8.8710769E+06   8.8890334E+06   7.1455222E+06   0.0000000E+00   0.0000000E+00   0.0000000E+00   0.0000000E+00
   6.6053567E-03   8.7962637E+06   8.7962637E+06   2.4818694E+04   -3.3862653E+02   1.0819005E+04   8.7778311E+06   8.7962637E+06   7.0703909E+06   0.0000000E+00   0.0000000E+00   0.0000000E+00   0.0000000E+00
   7.0981680E-03   8.6969293E+06   8.6969293E+06   2.2761420E+04   -2.8595303E+02   1.0734394E+04   8.6780536E+06   8.6969293E+06   6.9900018E+06   0.0000000E+00   0.0000000E+00   0.0000000E+00   0.0000000E+00
   7.6277469E-03   8.5907176E+06   8.5907176E+06   1.8537201E+04   -2.4131439E+02   1.0631593E+04   8.5714480E+06   8.5907176E+06   6.9041159E+06   0.0000000E+00   0.0000000E+00   0.0000000E+00   0.0000000E+00
   8.1968366E-03   8.4773177E+06   8.4773177E+06   1.5510550E+04   -2.0312855E+02   1.0326880E+04   8.4577046E+06   8.4773177E+06   6.8124832E+06   0.0000000E+00   0.0000000E+00   0.0000000E+00   0.0000000E+00
   8.8083847E-03   8.3564174E+06   8.3564174E+06   1.4213755E+04   -1.7074885E+02   9.9622368E+03   8.3365041E+06   8.3564174E+06   6.7148463E+06   0.0000000E+00   0.0000000E+00   0.0000000E+00   0.0000000E+00
   9.4655592E-03   8.2276967E+06   8.2276967E+06   1.1582567E+04   -1.4337318E+02   9.5501763E+03   8.2075333E+06   8.2276967E+06   6.6109528E+06   0.0000000E+00   0.0000000E+00   0.0000000E+00   0.0000000E+00
   1.0171764E-02   8.0908293E+06   8.0908293E+06   9.3818933E+03   -1.2015138E+02   9.0400070E+03   8.0704736E+06   8.0908293E+06   6.5005455E+06   0.0000000E+00   0.0000000E+00   0.0000000E+00   0.0000000E+00
   1.0930657E-02   7.9454918E+06   7.9454918E+06   8.0504922E+03   -1.0053197E+02   8.4985300E+03   7.9250013E+06   7.9454918E+06   6.3833636E+06   0.0000000E+00   0.0000000E+00   0.0000000E+00   0.0000000E+00
   1.1746170E-02   7.7913682E+06   7.7913682E+06   7.0091586E+03   -8.3984218E+01   7.9348163E+03   7.7708013E+06   7.7913682E+06   6.2591531E+06   0.0000000E+00   0.0000000E+00   0.0000000E+00   0.0000000E+00
   1.2622526E-02   7.6281494E+06   7.6281494E+06   6.0116619E+03   -7.0065578E+01   7.3715947E+03   7.6075702E+06   7.6281494E+06   6.1276695E+06   0.0000000E+00   0.0000000E+00   0.0000000E+00   0.0000000E+00
   1.3564265E-02   7.4555465E+06   7.4555465E+06   4.9973042E+03   -5.8336357E+01   6.8032503E+03   7.4350193E+06   7.4555465E+06   5.9886801E+06   0.0000000E+00   0.0000000E+00   0.0000000E+00   0.0000000E+00
   1.4576266E-02   7.2733046E+06   7.2733046E+06   4.1372238E+03   -4.8501470E+01   6.2400061E+03   7.2528929E+06   7.2733046E+06   5.8419787E+06   0.0000000E+00   0.0000000E+00   0.0000000E+00   0.0000000E+00
   1.5663769E-02   7.0812145E+06   7.0812145E+06   3.4890341E+03   -4.0243522E+01   5.6979618E+03   7.0609868E+06   7.0812145E+06   5.6874009E+06   0.0000000E+00   0.0000000E+00   0.0000000E+00   0.0000000E+00
   1.6832409E-02   6.8791435E+06   6.8791435E+06   3.0610129E+03   -3.3329806E+01   5.1634027E+03   6.8591654E+06   6.8791435E+06   5.5248372E+06   0.0000000E+00   0.0000000E+00   0.0000000E+00   0.0000000E+00
   1.8088238E-02   6.6670593E+06   6.6670593E+06   2.4969764E+03   -2.7543048E+01   4.6471617E+03   6.6473981E+06   6.6670593E+06   5.3542631E+06   0.0000000E+00   0.0000000E+00   0.0000000E+00   0.0000000E+00
   1.9437763E-02   6.4450722E+06   6.4450722E+06   2.1257985E+03   -2.2715307E+01   4.1649957E+03   6.4257933E+06   6.4450722E+06   5.1757655E+06   0.0000000E+00   0.0000000E+00   0.0000000E+00   0.0000000E+00
   2.0887971E-02   6.2134794E+06   6.2134794E+06   1.7281947E+03   -1.8687143E+01   3.7089807E+03   6.1946473E+06   6.2134794E+06   4.9895833E+06   0.0000000E+00   0.0000000E+00   0.0000000E+00   0.0000000E+00
   2.2446371E-02   5.9728216E+06   5.9728216E+06   1.4401551E+03   -1.5337140E+01   3.2803014E+03   5.9544980E+06   5.9728216E+06   4.7961496E+06   0.0000000E+00   0.0000000E+00   0.0000000E+00   0.0000000E+00
   2.4121015E-02   5.7239446E+06   5.7239446E+06   1.2187469E+03   -1.2555752E+01   2.8852431E+03   5.7061870E+06   5.7239446E+06   4.5961421E+06   0.0000000E+00   0.0000000E+00   0.0000000E+00   0.0000000E+00
   2.5920479E-02   5.4680710E+06   5.4680710E+06   1.0086801E+03   -1.0251351E+01   2.5234463E+03   5.4509316E+06   5.4680710E+06   4.3905415E+06   0.0000000E+00   0.0000000E+00   0.0000000E+00   0.0000000E+00
   2.7853722E-02   5.2068809E+06   5.2068809E+06   8.1113596E+02   -8.3481870E+00   2.1949899E+03   5.1904055E+06   5.2068809E+06   4.1806957E+06   0.0000000E+00   0.0000000E+00   0.0000000E+00   0.0000000E+00
   2.9929570E-02   4.9426142E+06   4.9426142E+06   6.6074259E+02   -6.7824770E+00   1.9015219E+03   4.9268392E+06   4.9426142E+06   3.9684013E+06   0.0000000E+00   0.0000000E+00   0.0000000E+00   0.0000000E+00
   3.2155421E-02   4.6781994E+06   4.6781994E+06   5.6770835E+02   -5.4991979E+00   1.6342974E+03   4.6631501E+06   4.6781994E+06   3.7560082E+06   0.0000000E+00   0.0000000E+00   0.0000000E+00   0.0000000E+00
   3.4534579E-02   4.4173935E+06   4.4173935E+06   4.4798641E+02   -4.4546756E+00   1.4023652E+03   4.4030811E+06   4.4173935E+06   3.5465310E+06   0.0000000E+00   0.0000000E+00   0.0000000E+00   0.0000000E+00
   3.7061965E-02   4.1648290E+06   4.1648290E+06   3.6014421E+02   -3.6113253E+00   1.1969246E+03   4.1512472E+06   4.1648290E+06   3.3436871E+06   0.0000000E+00   0.0000000E+00   0.0000000E+00   0.0000000E+00
   3.9719364E-02   3.9257407E+06   3.9257407E+06   2.9663372E+02   -2.9376279E+00   1.0219534E+03   3.9128643E+06   3.9257407E+06   3.1516776E+06   0.0000000E+00   0.0000000E+00   0.0000000E+00   0.0000000E+00
   4.2473739E-02   3.7051424E+06   3.7051424E+06   2.4394033E+02   -2.4057411E+00   8.7547618E+02   3.6929274E+06   3.7051424E+06   2.9745257E+06   0.0000000E+00   0.0000000E+00   0.0000000E+00   0.0000000E+00
   4.5282614E-02   3.5065809E+06   3.5065809E+06   2.0266900E+02   -1.9894493E+00   7.5448382E+02   3.4949689E+06   3.5065809E+06   2.8150768E+06   0.0000000E+00   0.0000000E+00   0.0000000E+00   0.0000000E+00
   4.8105574E-02   3.3311686E+06   3.3311686E+06   1.7219285E+02   -1.6648324E+00   6.5517103E+02   3.3200948E+06   3.3311686E+06   2.6742216E+06   0.0000000E+00   0.0000000E+00   0.0000000E+00   0.0000000E+00
   5.0914510E-02   3.1775719E+06   3.1775719E+06   1.4879174E+02   -1.4106118E+00   5.7345166E+02   3.1669734E+06   3.1775719E+06   2.5508875E+06   0.0000000E+00   0.0000000E+00   0.0000000E+00   0.0000000E+00
   5.3696609E-02   3.0428323E+06   3.0428323E+06   1.2938419E+02   -1.2092726E+00   5.0587022E+02   3.0326538E+06   3.0428323E+06   2.4426976E+06   0.0000000E+00   0.0000000E+00   0.0000000E+00   0.0000000E+00
   5.6451203E-02   2.9233468E+06   2.9233468E+06   1.1267246E+02   -1.0473215E+00   4.4944052E+02   2.9135434E+06   2.9233468E+06   2.3467582E+06   0.0000000E+00   0.0000000E+00   0.0000000E+00   0.0000000E+00
   5.9184848E-02   2.8155531E+06   2.8155531E+06   9.8317288E+01   -9.1467598E-01   4.0167295E+02   2.8060902E+06   2.8155531E+06   2.2602083E+06   0.0000000E+00   0.0000000E+00   0.0000000E+00   0.0000000E+00
   6.1907419E-02   2.7162689E+06   2.7162689E+06   8.6293824E+01   -8.0414381E-01   3.6068038E+02   2.7071216E+06   2.7162689E+06   2.1804925E+06   0.0000000E+00   0.0000000E+00   0.0000000E+00   0.0000000E+00
   6.4629762E-02   2.6228126E+06   2.6228126E+06   7.6267097E+01   -7.1050304E-01   3.2498394E+02   2.6139644E+06   2.6228126E+06   2.1054576E+06   0.0000000E+00   0.0000000E+00   0.0000000E+00   0.0000000E+00
   6.7362521E-02   2.5330229E+06   2.5330229E+06   6.7646016E+01   -6.3002228E-01   2.9352777E+02   2.5244640E+06   2.5330229E+06   2.0333681E+06   0.0000000E+00   0.0000000E+00   0.0000000E+00   0.0000000E+00
   7.0115655E-02   2.4452433E+06   2.4452433E+06   5.9962575E+01   -5.5999547E-01   2.6548574E+02   2.4369691E+06   2.4452433E+06   1.9628939E+06   0.0000000E+00   0.0000000E+00   0.0000000E+00   0.0000000E+00
   7.2898313E-02   2.3582998E+06   2.3582998E+06   5.2969375E+01   -4.9843324E-01   2.4030093E+02   2.3503092E+06   2.3582998E+06   1.8930923E+06   0.0000000E+00   0.0000000E+00   0.0000000E+00   0.0000000E+00
   7.5718860E-02   2.2714784E+06   2.2714784E+06   4.6741512E+01   -4.4392480E-01   2.1761895E+02   2.2637726E+06   2.2714784E+06   1.8233901E+06   0.0000000E+00   0.0000000E+00   0.0000000E+00   0.0000000E+00
   7.8584980E-02   2.1845009E+06   2.1845009E+06   4.1847951E+01   -3.9541566E-01   1.9710800E+02   2.1770818E+06   2.1845009E+06   1.7535637E+06   0.0000000E+00   0.0000000E+00   0.0000000E+00   0.0000000E+00
   8.1503784E-02   2.0974927E+06   2.0974927E+06   3.8642084E+01   -3.5213495E-01   1.7824306E+02   2.0903617E+06   2.0974927E+06   1.6837136E+06   0.0000000E+00   0.0000000E+00   0.0000000E+00   0.0000000E+00
   8.4481920E-02   2.0109370E+06   2.0109370E+06   3.5099956E+01   -3.1349290E-01   1.6052969E+02   2.0040937E+06   2.0109370E+06   1.6142277E+06   0.0000000E+00   0.0000000E+00   0.0000000E+00   0.0000000E+00
   8.7525666E-02   1.9256102E+06   1.9256102E+06   2.9827559E+01   -2.7904193E-01   1.4480402E+02   1.9190513E+06   1.9256102E+06   1.5457290E+06   0.0000000E+00   0.0000000E+00   0.0000000E+00   0.0000000E+00
   9.0641018E-02   1.8424957E+06   1.8424957E+06   2.7596636E+01   -2.4842698E-01   1.3084873E+02   1.8362147E+06   1.8424957E+06   1.4790070E+06   0.0000000E+00   0.0000000E+00   0.0000000E+00   0.0000000E+00
   9.3833753E-02   1.7626757E+06   1.7626757E+06   2.3966928E+01   -2.2132146E-01   1.1782844E+02   1.7566621E+06   1.7626757E+06   1.4149301E+06   0.0000000E+00   0.0000000E+00   0.0000000E+00   0.0000000E+00
   9.7109490E-02   1.6872049E+06   1.6872049E+06   2.1776763E+01   -1.9743548E-01   1.0637321E+02   1.6814445E+06   1.6872049E+06   1.3543450E+06   0.0000000E+00   0.0000000E+00   0.0000000E+00   0.0000000E+00
   1.0047373E-01   1.6169743E+06   1.6169743E+06   1.9695498E+01   -1.7648652E-01   9.6158448E+01   1.6114499E+06   1.6169743E+06   1.2979667E+06   0.0000000E+00   0.0000000E+00   0.0000000E+00   0.0000000E+00
   1.0393191E-01   1.5525781E+06   1.5525781E+06   1.7713091E+01   -1.5816615E-01   8.7227402E+01   1.5472702E+06   1.5525781E+06   1.2462723E+06   0.0000000E+00   0.0000000E+00   0.0000000E+00   0.0000000E+00
   1.0748941E-01   1.4942003E+06   1.4942003E+06   1.5786108E+01   -1.4217296E-01   7.9251767E+01   1.4890889E+06   1.4942003E+06   1.1994092E+06   0.0000000E+00   0.0000000E+00   0.0000000E+00   0.0000000E+00
   1.1115159E-01   1.4415405E+06   1.4415405E+06   1.4295166E+01   -1.2817989E-01   7.2126614E+01   1.4366064E+06   1.4415405E+06   1.1571364E+06   0.0000000E+00   0.0000000E+00   0.0000000E+00   0.0000000E+00
   1.1492382E-01   1.3937977E+06   1.3937977E+06   1.3087758E+01   -1.1587516E-01   6.5708139E+01   1.3890244E+06   1.3937977E+06   1.1188107E+06   0.0000000E+00   0.0000000E+00   0.0000000E+00   0.0000000E+00
   1.1881148E-01   1.3497281E+06   1.3497281E+06   1.1593467E+01   -1.0494989E-01   5.9899441E+01   1.3451033E+06   1.3497281E+06   1.0834339E+06   0.0000000E+00   0.0000000E+00   0.0000000E+00   0.0000000E+00
   1.2281999E-01   1.3077828E+06   1.3077828E+06   1.0401800E+01   -9.5127284E-02   5.4927356E+01   1.3032997E+06   1.3077828E+06   1.0497624E+06   0.0000000E+00   0.0000000E+00   0.0000000E+00   0.0000000E+00
   1.2695479E-01   1.2663190E+06   1.2663190E+06   9.5412277E+00   -8.6173127E-02   5.0012816E+01   1.2619760E+06   1.2663190E+06   1.0164777E+06   0.0000000E+00   0.0000000E+00   0.0000000E+00   0.0000000E+00
   1.3122140E-01   1.2238609E+06   1.2238609E+06   8.7443268E+00   -7.7913348E-02   4.5676986E+01   1.2196617E+06   1.2238609E+06   9.8239494E+05   0.0000000E+00   0.0000000E+00   0.0000000E+00   0.0000000E+00
   1.3562535E-01   1.1793701E+06   1.1793701E+06   7.8243351E+00   -7.0229500E-02   4.1501145E+01   1.1753219E+06   1.1793701E+06   9.4668084E+05   0.0000000E+00   0.0000000E+00   0.0000000E+00   0.0000000E+00
   1.4017228E-01   1.1324704E+06   1.1324704E+06   7.0289013E+00   -6.3068828E-02   3.7527859E+01   1.1285817E+06   1.1324704E+06   9.0903324E+05   0.0000000E+00   0.0000000E+00   0.0000000E+00   0.0000000E+00
   1.4486786E-01   1.0835662E+06   1.0835662E+06   6.1921721E+00   -5.6428662E-02   3.3839770E+01   1.0798441E+06   1.0835662E+06   8.6977677E+05   0.0000000E+00   0.0000000E+00   0.0000000E+00   0.0000000E+00
   1.4971784E-01   1.0338056E+06   1.0338056E+06   5.5367194E+00   -5.0339567E-02   3.0530298E+01   1.0302532E+06   1.0338056E+06   8.2983300E+05   0.0000000E+00   0.0000000E+00   0.0000000E+00   0.0000000E+00
   1.5472807E-01   9.8486352E+05   9.8486352E+05   5.0176552E+00   -4.4842310E-02   2.7321397E+01   9.8147821E+05   9.8486352E+05   7.9054647E+05   0.0000000E+00   0.0000000E+00   0.0000000E+00   0.0000000E+00
   1.5990446E-01   9.3856530E+05   9.3856530E+05   4.5047979E+00   -3.9967954E-02   2.4602572E+01   9.3533815E+05   9.3856530E+05   7.5338225E+05   0.0000000E+00   0.0000000E+00   0.0000000E+00   0.0000000E+00
   1.6525301E-01   8.9642125E+05   8.9642125E+05   3.9941320E+00   -3.5713750E-02   2.2151821E+01   8.9333812E+05   8.9642125E+05   7.1955270E+05   0.0000000E+00   0.0000000E+00   0.0000000E+00   0.0000000E+00
   1.7077983E-01   8.5919117E+05   8.5919117E+05   3.6055688E+00   -3.2036720E-02   1.9979560E+01   8.5623529E+05   8.5919117E+05   6.8966766E+05   0.0000000E+00   0.0000000E+00   0.0000000E+00   0.0000000E+00
   1.7649113E-01   8.2661701E+05   8.2661701E+05   3.1927593E+00   -2.8857268E-02   1.8096173E+01   8.2377247E+05   8.2661701E+05   6.6351999E+05   0.0000000E+00   0.0000000E+00   0.0000000E+00   0.0000000E+00
   1.8239326E-01   7.9744126E+05   7.9744126E+05   2.9402757E+00   -2.6069093E-02   1.6429806E+01   7.9469645E+05   7.9744126E+05   6.4010027E+05   0.0000000E+00   0.0000000E+00   0.0000000E+00   0.0000000E+00
   1.8849270E-01   7.6975530E+05   7.6975530E+05   2.6268805E+00   -2.3564756E-02   1.4966682E+01   7.6710518E+05   7.6975530E+05   6.1787646E+05   0.0000000E+00   0.0000000E+00   0.0000000E+00   0.0000000E+00
   1.9479610E-01   7.4160902E+05   7.4160902E+05   2.3590005E+00   -2.1255793E-02   1.3573664E+01   7.3905526E+05   7.4160902E+05   5.9528323E+05   0.0000000E+00   0.0000000E+00   0.0000000E+00   0.0000000E+00
   2.0131029E-01   7.1169389E+05   7.1169389E+05   2.1469056E+00   -1.9091771E-02   1.2254476E+01   7.0924265E+05   7.1169389E+05   5.7127021E+05   0.0000000E+00   0.0000000E+00   0.0000000E+00   0.0000000E+00
   2.0804232E-01   6.7983905E+05   6.7983905E+05   1.8898297E+00   -1.7063665E-02   1.0995920E+01   6.7749708E+05   6.7983905E+05   5.4570026E+05   0.0000000E+00   0.0000000E+00   0.0000000E+00   0.0000000E+00
   2.1499950E-01   6.4708504E+05   6.4708504E+05   1.6925264E+00   -1.5193728E-02   9.8545993E+00   6.4485550E+05   6.4708504E+05   5.1940861E+05   0.0000000E+00   0.0000000E+00   0.0000000E+00   0.0000000E+00
   2.2218942E-01   6.1524367E+05   6.1524367E+05   1.5049717E+00   -1.3514723E-02   8.8081933E+00   6.1312349E+05   6.1524367E+05   4.9384958E+05   0.0000000E+00   0.0000000E+00   0.0000000E+00   0.0000000E+00
   2.2962002E-01   5.8608114E+05   5.8608114E+05   1.3323753E+00   -1.2047440E-02   7.9024847E+00   5.8406113E+05   5.8608114E+05   4.7044086E+05   0.0000000E+00   0.0000000E+00   0.0000000E+00   0.0000000E+00
   2.3729963E-01   5.6047737E+05   5.6047737E+05   1.2146847E+00   -1.0785345E-02   7.1153739E+00   5.5854531E+05   5.6047737E+05   4.4988876E+05   0.0000000E+00   0.0000000E+00   0.0000000E+00   0.0000000E+00
   2.4523704E-01   5.3799116E+05   5.3799116E+05   1.0800745E+00   -9.6943193E-03   6.4274072E+00   5.3613635E+05   5.3799116E+05   4.3183912E+05   0.0000000E+00   0.0000000E+00   0.0000000E+00   0.0000000E+00
   2.5344157E-01   5.1710846E+05   5.1710846E+05   9.7699667E-01   -8.7259465E-03   5.8033114E+00   5.1532541E+05   5.1710846E+05   4.1507664E+05   0.0000000E+00   0.0000000E+00   0.0000000E+00   0.0000000E+00
   2.6192315E-01   4.9609695E+05   4.9609695E+05   8.6881342E-01   -7.8377337E-03   5.2331629E+00   4.9438613E+05   4.9609695E+05   3.9821078E+05   0.0000000E+00   0.0000000E+00   0.0000000E+00   0.0000000E+00
   2.7069243E-01   4.7400575E+05   4.7400575E+05   7.8696924E-01   -7.0089184E-03   4.6995579E+00   4.7237093E+05   4.7400575E+05   3.8047830E+05   0.0000000E+00   0.0000000E+00   0.0000000E+00   0.0000000E+00
   2.7976086E-01   4.5119008E+05   4.5119008E+05   7.0105651E-01   -6.2424683E-03   4.2043444E+00   4.4963377E+05   4.5119008E+05   3.6216431E+05   0.0000000E+00   0.0000000E+00   0.0000000E+00   0.0000000E+00
   2.8914085E-01   4.2898084E+05   4.2898084E+05   6.1924458E-01   -5.5533131E-03   3.7596875E+00   4.2750098E+05   4.2898084E+05   3.4433712E+05   0.0000000E+00   0.0000000E+00   0.0000000E+00   0.0000000E+00
   2.9884589E-01   4.0868346E+05   4.0868346E+05   5.5102577E-01   -4.9510053E-03   3.3666400E+00   4.0727349E+05   4.0868346E+05   3.2804458E+05   0.0000000E+00   0.0000000E+00   0.0000000E+00   0.0000000E+00
   3.0889072E-01   3.9061439E+05   3.9061439E+05   4.9325567E-01   -4.4293755E-03   3.0242243E+00   3.8926663E+05   3.9061439E+05   3.1354068E+05   0.0000000E+00   0.0000000E+00   0.0000000E+00   0.0000000E+00
   3.1929153E-01   3.7392617E+05   3.7392617E+05   4.4551539E-01   -3.9687394E-03   2.7172802E+00   3.7263587E+05   3.7392617E+05   3.0014519E+05   0.0000000E+00   0.0000000E+00   0.0000000E+00   0.0000000E+00
   3.3006621E-01   3.5738443E+05   3.5738443E+05   3.9706861E-01   -3.5493292E-03   2.4392033E+00   3.5615111E+05   3.5738443E+05   2.8686729E+05   0.0000000E+00   0.0000000E+00   0.0000000E+00   0.0000000E+00
   3.4123457E-01   3.4043856E+05   3.4043856E+05   3.5277723E-01   -3.1624571E-03   2.1829305E+00   3.3926363E+05   3.4043856E+05   2.7326501E+05   0.0000000E+00   0.0000000E+00   0.0000000E+00   0.0000000E+00
   3.5281870E-01   3.2360929E+05   3.2360929E+05   3.1372829E-01   -2.8109331E-03   1.9460110E+00   3.2249236E+05   3.2360929E+05   2.5975634E+05   0.0000000E+00   0.0000000E+00   0.0000000E+00   0.0000000E+00
   3.6484332E-01   3.0782349E+05   3.0782349E+05   2.7966939E-01   -2.4998486E-03   1.7374416E+00   3.0676097E+05   3.0782349E+05   2.4708526E+05   0.0000000E+00   0.0000000E+00   0.0000000E+00   0.0000000E+00
   3.7733628E-01   2.9339216E+05   2.9339216E+05   2.4946113E-01   -2.2275133E-03   1.5539619E+00   2.9237939E+05   2.9339216E+05   2.3550139E+05   0.0000000E+00   0.0000000E+00   0.0000000E+00   0.0000000E+00
   3.9032907E-01   2.7974355E+05   2.7974355E+05   2.2238163E-01   -1.9847287E-03   1.3873198E+00   2.7877783E+05   2.7974355E+05   2.2454581E+05   0.0000000E+00   0.0000000E+00   0.0000000E+00   0.0000000E+00
   4.0385749E-01   2.6618652E+05   2.6618652E+05   1.9750532E-01   -1.7639419E-03   1.2365430E+00   2.6526755E+05   2.6618652E+05   2.1366375E+05   0.0000000E+00   0.0000000E+00   0.0000000E+00   0.0000000E+00
   4.1796251E-01   2.5272891E+05   2.5272891E+05   1.7521203E-01   -1.5632958E-03   1.1013528E+00   2.5185635E+05   2.5272891E+05   2.0286150E+05   0.0000000E+00   0.0000000E+00   0.0000000E+00   0.0000000E+00
   4.3269130E-01   2.3989848E+05   2.3989848E+05   1.5500341E-01   -1.3843648E-03   9.7722788E-01   2.3907017E+05   2.3989848E+05   1.9256268E+05   0.0000000E+00   0.0000000E+00   0.0000000E+00   0.0000000E+00
   4.4809847E-01   2.2788597E+05   2.2788597E+05   1.3719451E-01   -1.2261724E-03   8.6831619E-01   2.2709910E+05   2.2788597E+05   1.8292040E+05   0.0000000E+00   0.0000000E+00   0.0000000E+00   0.0000000E+00
   4.6424768E-01   2.1630919E+05   2.1630919E+05   1.2128962E-01   -1.0842447E-03   7.6993327E-01   2.1556226E+05   2.1630919E+05   1.7362788E+05   0.0000000E+00   0.0000000E+00   0.0000000E+00   0.0000000E+00
   4.8121372E-01   2.0489443E+05   2.0489443E+05   1.0700326E-01   -9.5575143E-04   6.8040257E-01   2.0418689E+05   2.0489443E+05   1.6446541E+05   0.0000000E+00   0.0000000E+00   0.0000000E+00   0.0000000E+00
   4.9908506E-01   1.9384966E+05   1.9384966E+05   9.4121787E-02   -8.4053153E-04   6.0032447E-01   1.9318023E+05   1.9384966E+05   1.5559993E+05   0.0000000E+00   0.0000000E+00   0.0000000E+00   0.0000000E+00
   5.1796716E-01   1.8332452E+05   1.8332452E+05   8.2641801E-02   -7.3794922E-04   5.2829726E-01   1.8269141E+05   1.8332452E+05   1.4715156E+05   0.0000000E+00   0.0000000E+00   0.0000000E+00   0.0000000E+00
   5.3798678E-01   1.7310601E+05   1.7310601E+05   7.2288501E-02   -6.4588036E-04   4.6387505E-01   1.7250817E+05   1.7310601E+05   1.3894931E+05   0.0000000E+00   0.0000000E+00   0.0000000E+00   0.0000000E+00
   5.5929748E-01   1.6310369E+05   1.6310369E+05   6.3046779E-02   -5.6300584E-04   4.0526392E-01   1.6254037E+05   1.6310369E+05   1.3092060E+05   0.0000000E+00   0.0000000E+00   0.0000000E+00   0.0000000E+00
   5.8208670E-01   1.5343617E+05   1.5343617E+05   5.4739427E-02   -4.8892826E-04   3.5279972E-01   1.5290623E+05   1.5343617E+05   1.2316063E+05   0.0000000E+00   0.0000000E+00   0.0000000E+00   0.0000000E+00
   6.0658483E-01   1.4403076E+05   1.4403076E+05   4.7327495E-02   -4.2261104E-04   3.0567258E-01   1.4353328E+05   1.4403076E+05   1.1561105E+05   0.0000000E+00   0.0000000E+00   0.0000000E+00   0.0000000E+00
   6.3307659E-01   1.3481609E+05   1.3481609E+05   4.0666856E-02   -3.6313339E-04   2.6347775E-01   1.3435042E+05   1.3481609E+05   1.0821457E+05   0.0000000E+00   0.0000000E+00   0.0000000E+00   0.0000000E+00
   6.6191472E-01   1.2582824E+05   1.2582824E+05   3.4717898E-02   -3.1001260E-04   2.2575188E-01   1.2539360E+05   1.2582824E+05   1.0100017E+05   0.0000000E+00   0.0000000E+00   0.0000000E+00   0.0000000E+00
   6.9353510E-01   1.1700718E+05   1.1700718E+05   2.9405897E-02   -2.6256995E-04   1.9151034E-01   1.1660300E+05   1.1700718E+05   9.3919647E+04   0.0000000E+00   0.0000000E+00   0.0000000E+00   0.0000000E+00
   7.2847070E-01   1.0835294E+05   1.0835294E+05   2.4681349E-02   -2.2037338E-04   1.6124808E-01   1.0797865E+05   1.0835294E+05   8.6973033E+04   0.0000000E+00   0.0000000E+00   0.0000000E+00   0.0000000E+00
   7.6735770E-01   9.9852226E+04   9.9852226E+04   2.0498073E-02   -1.8301091E-04   1.3428353E-01   9.9507287E+04   9.9852226E+04   8.0149647E+04   0.0000000E+00   0.0000000E+00   0.0000000E+00   0.0000000E+00
   8.1092164E-01   9.1518970E+04   9.1518970E+04   1.6822454E-02   -1.5018930E-04   1.1048870E-01   9.1202811E+04   9.1518970E+04   7.3460681E+04   0.0000000E+00   0.0000000E+00   0.0000000E+00   0.0000000E+00
   8.5992642E-01   8.3386489E+04   8.3386489E+04   1.3630002E-02   -1.2168350E-04   8.9795883E-02   8.3098417E+04   8.3386489E+04   6.6932874E+04   0.0000000E+00   0.0000000E+00   0.0000000E+00   0.0000000E+00
   9.1507472E-01   7.5521761E+04   7.5521761E+04   1.0901066E-02   -9.7315023E-05   7.1932320E-02   7.5260853E+04   7.5521761E+04   6.0619990E+04   0.0000000E+00   0.0000000E+00   0.0000000E+00   0.0000000E+00
   9.7687996E-01   6.8015967E+04   6.8015967E+04   8.6153255E-03   -7.6899422E-05   5.7002586E-02   6.7780985E+04   6.8015967E+04   5.4595217E+04   0.0000000E+00   0.0000000E+00   0.0000000E+00   0.0000000E+00
   1.0455810E+00   6.0967041E+04   6.0967041E+04   6.7540446E-03   -6.0165428E-05   4.4737543E-02   6.0756408E+04   6.0967041E+04   4.8937165E+04   0.0000000E+00   0.0000000E+00   0.0000000E+00   0.0000000E+00
   1.1211804E+00   5.4455376E+04   5.4455376E+04   5.2360571E-03   -4.6733852E-05   3.4857382E-02   5.4267236E+04   5.4455376E+04   4.3710364E+04   0.0000000E+00   0.0000000E+00   0.0000000E+00   0.0000000E+00
   1.2035992E+00   4.8523568E+04   4.8523568E+04   4.0482928E-03   -3.6132789E-05   2.7017545E-02   4.8355919E+04   4.8523568E+04   3.8949005E+04   0.0000000E+00   0.0000000E+00   0.0000000E+00   0.0000000E+00
   1.2928414E+00   4.3171914E+04   4.3171914E+04   3.1215844E-03   -2.7860512E-05   2.0859665E-02   4.3022754E+04   4.3171914E+04   3.4653326E+04   0.0000000E+00   0.0000000E+00   0.0000000E+00   0.0000000E+00
   1.3890755E+00   3.8372468E+04   3.8372468E+04   2.4033496E-03   -2.1449552E-05   1.6086032E-02   3.8239888E+04   3.8372468E+04   3.0800895E+04   0.0000000E+00   0.0000000E+00   0.0000000E+00   0.0000000E+00
   1.4926333E+00   3.4082573E+04   3.4082573E+04   1.8485602E-03   -1.6498588E-05   1.2420684E-02   3.3964814E+04   3.4082573E+04   2.7357472E+04   0.0000000E+00   0.0000000E+00   0.0000000E+00   0.0000000E+00
   1.6039714E+00   3.0254669E+04   3.0254669E+04   1.4190807E-03   -1.2681846E-05   9.5475576E-03   3.0150134E+04   3.0254669E+04   2.4284881E+04   0.0000000E+00   0.0000000E+00   0.0000000E+00   0.0000000E+00
   1.7236338E+00   2.6842915E+04   2.6842915E+04   1.0921727E-03   -9.7428410E-06   7.3415627E-03   2.6750168E+04   2.6842915E+04   2.1546327E+04   0.0000000E+00   0.0000000E+00   0.0000000E+00   0.0000000E+00
   1.8522289E+00   2.3804222E+04   2.3804222E+04   8.3857333E-04   -7.4812674E-06   5.6693030E-03   2.3721973E+04   2.3804222E+04   1.9107221E+04   0.0000000E+00   0.0000000E+00   0.0000000E+00   0.0000000E+00
   1.9904194E+00   2.1099676E+04   2.1099676E+04   6.4347427E-04   -5.7418283E-06   4.3516772E-03   2.1026772E+04   2.1099676E+04   1.6936331E+04   0.0000000E+00   0.0000000E+00   0.0000000E+00   0.0000000E+00
   2.1389202E+00   1.8693959E+04   1.8693959E+04   4.9377263E-04   -4.4048077E-06   3.3452890E-03   1.8629367E+04   1.8693959E+04   1.5005305E+04   0.0000000E+00   0.0000000E+00   0.0000000E+00   0.0000000E+00
   2.2985004E+00   1.6555275E+04   1.6555275E+04   3.7869659E-04   -3.3775532E-06   2.5587494E-03   1.6498072E+04   1.6555275E+04   1.3288621E+04   0.0000000E+00   0.0000000E+00   0.0000000E+00   0.0000000E+00
   2.4699865E+00   1.4655068E+04   1.4655068E+04   2.9028473E-04   -2.5887492E-06   1.9668495E-03   1.4604431E+04   1.4655068E+04   1.1763359E+04   0.0000000E+00   0.0000000E+00   0.0000000E+00   0.0000000E+00
   2.6542668E+00   1.2967646E+04   1.2967646E+04   2.2242591E-04   -1.9833085E-06   1.5055020E-03   1.2922839E+04   1.2967646E+04   1.0408896E+04   0.0000000E+00   0.0000000E+00   0.0000000E+00   0.0000000E+00
   2.8522959E+00   1.1469954E+04   1.1469954E+04   1.7036177E-04   -1.5188294E-06   1.1585649E-03   1.1430322E+04   1.1469954E+04   9.2067257E+03   0.0000000E+00   0.0000000E+00   0.0000000E+00   0.0000000E+00
   3.0650995E+00   1.0141329E+04   1.0141329E+04   1.3054877E-04   -1.1626447E-06   8.8789862E-04   1.0106288E+04   1.0141329E+04   8.1402621E+03   0.0000000E+00   0.0000000E+00   0.0000000E+00   0.0000000E+00
   3.2937799E+00   8.9632568E+03   8.9632568E+03   9.9821716E-05   -8.8962777E-07   6.8295142E-04   8.9322860E+03   8.9632568E+03   7.1946446E+03   0.0000000E+00   0.0000000E+00   0.0000000E+00   0.0000000E+00
   3.5395217E+00   7.9191665E+03   7.9191665E+03   7.6390504E-05   -6.8045030E-07   5.2008304E-04   7.8918034E+03   7.9191665E+03   6.3565721E+03   0.0000000E+00   0.0000000E+00   0.0000000E+00   0.0000000E+00
   3.8035977E+00   6.9942395E+03   6.9942395E+03   5.8421331E-05   -5.2025201E-07   3.9860424E-04   6.9700722E+03   6.9942395E+03   5.6141499E+03   0.0000000E+00   0.0000000E+00   0.0000000E+00   0.0000000E+00
   4.0873759E+00   6.1752344E+03   6.1752344E+03   4.4690580E-05   -3.9761177E-07   3.0503756E-04   6.1538970E+03   6.1752344E+03   4.9567492E+03   0.0000000E+00   0.0000000E+00   0.0000000E+00   0.0000000E+00
   4.3923261E+00   5.4503284E+03   5.4503284E+03   3.4139976E-05   -3.0376446E-07   2.3349899E-04   5.4314957E+03   5.4503284E+03   4.3748802E+03   0.0000000E+00   0.0000000E+00   0.0000000E+00   0.0000000E+00
   4.7200280E+00   4.8089729E+03   4.8089729E+03   2.6083080E-05   -2.3197636E-07   1.7789762E-04   4.7923563E+03   4.8089729E+03   3.8600758E+03   0.0000000E+00   0.0000000E+00   0.0000000E+00   0.0000000E+00
   5.0721791E+00   4.2417636E+03   4.2417636E+03   1.9921172E-05   -1.7708537E-07   1.3607557E-04   4.2271069E+03   4.2417636E+03   3.4047871E+03   0.0000000E+00   0.0000000E+00   0.0000000E+00   0.0000000E+00
   5.4506033E+00   3.7403214E+03   3.7403214E+03   1.5213994E-05   -1.3512931E-07   1.0399520E-04   3.7273974E+03   3.7403214E+03   3.0022885E+03   0.0000000E+00   0.0000000E+00   0.0000000E+00   0.0000000E+00
   5.8572610E+00   3.2971859E+03   3.2971859E+03   1.1613799E-05   -1.0307293E-07   8.0564935E-05   3.2857930E+03   3.2971859E+03   2.6465916E+03   0.0000000E+00   0.0000000E+00   0.0000000E+00   0.0000000E+00
   6.2942585E+00   2.9057186E+03   2.9057186E+03   8.8639486E-06   -7.8588889E-08   6.1576692E-05   2.8956783E+03   2.9057186E+03   2.3323678E+03   0.0000000E+00   0.0000000E+00   0.0000000E+00   0.0000000E+00
   6.7638595E+00   2.5600161E+03   2.5600161E+03   6.7613751E-06   -5.9895360E-08   4.6450812E-05   2.5511704E+03   2.5600161E+03   2.0548787E+03   0.0000000E+00   0.0000000E+00   0.0000000E+00   0.0000000E+00
   7.2684964E+00   2.2548319E+03   2.2548319E+03   5.1578055E-06   -4.5628732E-08   3.5362570E-05   2.2470407E+03   2.2548319E+03   1.8099128E+03   0.0000000E+00   0.0000000E+00   0.0000000E+00   0.0000000E+00
   7.8107831E+00   1.9855057E+03   1.9855057E+03   3.9329924E-06   -3.4744617E-08   2.7076007E-05   1.9786451E+03   1.9855057E+03   1.5937295E+03   0.0000000E+00   0.0000000E+00   0.0000000E+00   0.0000000E+00
   8.3935287E+00   1.7479001E+03   1.7479001E+03   2.9980217E-06   -2.6444172E-08   2.0928875E-05   1.7418605E+03   1.7479001E+03   1.4030079E+03   0.0000000E+00   0.0000000E+00   0.0000000E+00   0.0000000E+00
   9.0197516E+00   1.5383442E+03   1.5383442E+03   2.2849789E-06   -2.0116475E-08   1.5501958E-05   1.5330287E+03   1.5383442E+03   1.2348011E+03   0.0000000E+00   0.0000000E+00   0.0000000E+00   0.0000000E+00
   9.6926957E+00   1.3535822E+03   1.3535822E+03   1.7407240E-06   -1.5294743E-08   1.2062615E-05   1.3489052E+03   1.3535822E+03   1.0864960E+03   0.0000000E+00   0.0000000E+00   0.0000000E+00   0.0000000E+00
   1.0415847E+01   1.1907283E+03   1.1907283E+03   1.3265446E-06   -1.1621979E-08   9.0950227E-06   1.1866139E+03   1.1907283E+03   9.5577608E+02   0.0000000E+00   0.0000000E+00   0.0000000E+00   0.0000000E+00
