#           k/h    CDM            baryon         photon         nu             mass_nu        total          no_nu          total_de       Weyl           v_CDM          v_b            v_b-v_c     
   1.0270570E-05   3.1137094E+06   3.1137094E+06   4.1513420E+06   1.3724322E+04   3.1256135E+04   3.1140265E+06   3.1137094E+06   3.1126910E+06   0.0000000E+00   0.0000000E+00   0.0000000E+00   0.0000000E+00
   1.1036835E-05   3.1137090E+06   3.1137090E+06   4.1512995E+06   1.3724235E+04   3.1255827E+04   3.1140260E+06   3.1137090E+06   3.1126905E+06   0.0000000E+00   0.0000000E+00   0.0000000E+00   0.0000000E+00
   1.1860270E-05   3.1137084E+06   3.1137084E+06   4.1512504E+06   1.3724134E+04   3.1255471E+04   3.1140255E+06   3.1137084E+06   3.1126899E+06   0.0000000E+00   0.0000000E+00   0.0000000E+00   0.0000000E+00
   1.2745139E-05   3.1137078E+06   3.1137078E+06   4.1511938E+06   1.3724018E+04   3.1255060E+04   3.1140248E+06   3.1137078E+06   3.1126892E+06   0.0000000E+00   0.0000000E+00   0.0000000E+00   0.0000000E+00
   1.3696026E-05   3.1137072E+06   3.1137072E+06   4.1511284E+06   1.3723883E+04   3.1254585E+04   3.1140240E+06   3.1137072E+06   3.1126885E+06   0.0000000E+00   0.0000000E+00   0.0000000E+00   0.0000000E+00
   1.4717856E-05   3.1137064E+06   3.1137064E+06   4.1510529E+06   1.3723728E+04   3.1254036E+04   3.1140232E+06   3.1137064E+06   3.1126876E+06   0.0000000E+00   0.0000000E+00   0.0000000E+00   0.0000000E+00
   1.5815924E-05   3.1137054E+06   3.1137054E+06   4.1509657E+06   1.3723549E+04   3.1253403E+04   3.1140221E+06   3.1137054E+06   3.1126866E+06   0.0000000E+00   0.0000000E+00   0.0000000E+00   0.0000000E+00
   1.6995915E-05   3.1137044E+06   3.1137044E+06   4.1508649E+06   1.3723342E+04   3.1252672E+04   3.1140210E+06   3.1137044E+06   3.1126854E+06   0.0000000E+00   0.0000000E+00   0.0000000E+00   0.0000000E+00
   1.8263944E-05   3.1137032E+06   3.1137032E+06   4.1507486E+06   1.3723103E+04   3.1251828E+04   3.1140196E+06   3.1137032E+06   3.1126841E+06   0.0000000E+00   0.0000000E+00   0.0000000E+00   0.0000000E+00
   1.9626577E-05   3.1137017E+06   3.1137017E+06   4.1506144E+06   1.3722828E+04   3.1250853E+04   3.1140180E+06   3.1137017E+06   3.1126825E+06   0.0000000E+00   0.0000000E+00   0.0000000E+00   0.0000000E+00
   2.1090873E-05   3.1137001E+06   3.1137001E+06   4.1504593E+06   1.3722509E+04   3.1249727E+04   3.1140162E+06   3.1137001E+06   3.1126807E+06   0.0000000E+00   0.0000000E+00   0.0000000E+00   0.0000000E+00
   2.2664417E-05   3.1136982E+06   3.1136982E+06   4.1502802E+06   1.3722141E+04   3.1248427E+04   3.1140141E+06   3.1136982E+06   3.1126786E+06   0.0000000E+00   0.0000000E+00   0.0000000E+00   0.0000000E+00
   2.4355360E-05   3.1136960E+06   3.1136960E+06   4.1500734E+06   1.3721717E+04   3.1246926E+04   3.1140117E+06   3.1136960E+06   3.1126762E+06   0.0000000E+00   0.0000000E+00   0.0000000E+00   0.0000000E+00
   2.6172461E-05   3.1136935E+06   3.1136935E+06   4.1498346E+06   1.3721226E+04   3.1245193E+04   3.1140089E+06   3.1136935E+06   3.1126734E+06   0.0000000E+00   0.0000000E+00   0.0000000E+00   0.0000000E+00
   2.8125131E-05   3.1136906E+06   3.1136906E+06   4.1495589E+06   1.3720660E+04   3.1243192E+04   3.1140057E+06   3.1136906E+06   3.1126702E+06   0.0000000E+00   0.0000000E+00   0.0000000E+00   0.0000000E+00
   3.0223486E-05   3.1136873E+06   3.1136873E+06   4.1492406E+06   1.3720006E+04   3.1240881E+04   3.1140020E+06   3.1136873E+06   3.1126665E+06   0.0000000E+00   0.0000000E+00   0.0000000E+00   0.0000000E+00
   3.2478395E-05   3.1136834E+06   3.1136834E+06   4.1488729E+06   1.3719251E+04   3.1238213E+04   3.1139977E+06   3.1136834E+06   3.1126622E+06   0.0000000E+00   0.0000000E+00   0.0000000E+00   0.0000000E+00
   3.4901538E-05   3.1136789E+06   3.1136789E+06   4.1484484E+06   1.3718379E+04   3.1235133E+04   3.1139928E+06   3.1136789E+06   3.1126572E+06   0.0000000E+00   0.0000000E+00   0.0000000E+00   0.0000000E+00
   3.7505465E-05   3.1136738E+06   3.1136738E+06   4.1479583E+06   1.3717372E+04   3.1231577E+04   3.1139870E+06   3.1136738E+06   3.1126515E+06   0.0000000E+00   0.0000000E+00   0.0000000E+00   0.0000000E+00
   4.0303667E-05   3.1136678E+06   3.1136678E+06   4.1473924E+06   1.3716210E+04   3.1227471E+04   3.1139804E+06   3.1136678E+06   3.1126449E+06   0.0000000E+00   0.0000000E+00   0.0000000E+00   0.0000000E+00
   4.3310636E-05   3.1136609E+06   3.1136609E+06   4.1467389E+06   1.3714867E+04   3.1222731E+04   3.1139728E+06   3.1136609E+06   3.1126373E+06   0.0000000E+00   0.0000000E+00   0.0000000E+00   0.0000000E+00
   4.6541948E-05   3.1136530E+06   3.1136530E+06   4.1459845E+06   1.3713317E+04   3.1217258E+04   3.1139640E+06   3.1136530E+06   3.1126285E+06   0.0000000E+00   0.0000000E+00   0.0000000E+00   0.0000000E+00
   5.0014342E-05   3.1136438E+06   3.1136438E+06   4.1451134E+06   1.3711528E+04   3.1210941E+04   3.1139538E+06   3.1136438E+06   3.1126183E+06   0.0000000E+00   0.0000000E+00   0.0000000E+00   0.0000000E+00
   5.3745803E-05   3.1136332E+06   3.1136332E+06   4.1441077E+06   1.3709461E+04   3.1203649E+04   3.1139421E+06   3.1136332E+06   3.1126066E+06   0.0000000E+00   0.0000000E+00   0.0000000E+00   0.0000000E+00
   5.7755661E-05   3.1136210E+06   3.1136210E+06   4.1429466E+06   1.3707076E+04   3.1195233E+04   3.1139285E+06   3.1136210E+06   3.1125930E+06   0.0000000E+00   0.0000000E+00   0.0000000E+00   0.0000000E+00
   6.2064686E-05   3.1136068E+06   3.1136068E+06   4.1416062E+06   1.3704321E+04   3.1185519E+04   3.1139129E+06   3.1136068E+06   3.1125774E+06   0.0000000E+00   0.0000000E+00   0.0000000E+00   0.0000000E+00
   6.6695197E-05   3.1135905E+06   3.1135905E+06   4.1400588E+06   1.3701141E+04   3.1174308E+04   3.1138948E+06   3.1135905E+06   3.1125593E+06   0.0000000E+00   0.0000000E+00   0.0000000E+00   0.0000000E+00
   7.1671181E-05   3.1135717E+06   3.1135717E+06   4.1382726E+06   1.3697470E+04   3.1161371E+04   3.1138739E+06   3.1135717E+06   3.1125384E+06   0.0000000E+00   0.0000000E+00   0.0000000E+00   0.0000000E+00
   7.7018412E-05   3.1135499E+06   3.1135499E+06   4.1362108E+06   1.3693232E+04   3.1146444E+04   3.1138498E+06   3.1135499E+06   3.1125144E+06   0.0000000E+00   0.0000000E+00   0.0000000E+00   0.0000000E+00
   8.2764588E-05   3.1135248E+06   3.1135248E+06   4.1338311E+06   1.3688340E+04   3.1129224E+04   3.1138220E+06   3.1135248E+06   3.1124865E+06   0.0000000E+00   0.0000000E+00   0.0000000E+00   0.0000000E+00
   8.8939475E-05   3.1134958E+06   3.1134958E+06   4.1310847E+06   1.3682693E+04   3.1109360E+04   3.1137899E+06   3.1134958E+06   3.1124544E+06   0.0000000E+00   0.0000000E+00   0.0000000E+00   0.0000000E+00
   9.5575056E-05   3.1134623E+06   3.1134623E+06   4.1279152E+06   1.3676175E+04   3.1086450E+04   3.1137528E+06   3.1134623E+06   3.1124173E+06   0.0000000E+00   0.0000000E+00   0.0000000E+00   0.0000000E+00
   1.0270570E-04   3.1134237E+06   3.1134237E+06   4.1242581E+06   1.3668652E+04   3.1060034E+04   3.1137099E+06   3.1134237E+06   3.1123745E+06   0.0000000E+00   0.0000000E+00   0.0000000E+00   0.0000000E+00
   1.1036835E-04   3.1133790E+06   3.1133790E+06   4.1200386E+06   1.3659971E+04   3.1029580E+04   3.1136605E+06   3.1133790E+06   3.1123251E+06   0.0000000E+00   0.0000000E+00   0.0000000E+00   0.0000000E+00
   1.1860270E-04   3.1133275E+06   3.1133275E+06   4.1151711E+06   1.3649954E+04   3.0994482E+04   3.1136034E+06   3.1133275E+06   3.1122681E+06   0.0000000E+00   0.0000000E+00   0.0000000E+00   0.0000000E+00
   1.2745139E-04   3.1132680E+06   3.1132680E+06   4.1095569E+06   1.3638396E+04   3.0954043E+04   3.1135375E+06   3.1132680E+06   3.1122022E+06   0.0000000E+00   0.0000000E+00   0.0000000E+00   0.0000000E+00
   1.3696026E-04   3.1131993E+06   3.1131993E+06   4.1030826E+06   1.3625062E+04   3.0907468E+04   3.1134614E+06   3.1131993E+06   3.1121262E+06   0.0000000E+00   0.0000000E+00   0.0000000E+00   0.0000000E+00
   1.4717856E-04   3.1131201E+06   3.1131201E+06   4.0956181E+06   1.3609682E+04   3.0853847E+04   3.1133736E+06   3.1131201E+06   3.1120384E+06   0.0000000E+00   0.0000000E+00   0.0000000E+00   0.0000000E+00
   1.5815924E-04   3.1130286E+06   3.1130286E+06   4.0870141E+06   1.3591946E+04   3.0792143E+04   3.1132723E+06   3.1130286E+06   3.1119371E+06   0.0000000E+00   0.0000000E+00   0.0000000E+00   0.0000000E+00
   1.6995915E-04   3.1129230E+06   3.1129230E+06   4.0770994E+06   1.3571495E+04   3.0721176E+04   3.1131553E+06   3.1129230E+06   3.1118202E+06   0.0000000E+00   0.0000000E+00   0.0000000E+00   0.0000000E+00
   1.8263944E-04   3.1128011E+06   3.1128011E+06   4.0656782E+06   1.3547922E+04   3.0639609E+04   3.1130203E+06   3.1128011E+06   3.1116853E+06   0.0000000E+00   0.0000000E+00   0.0000000E+00   0.0000000E+00
   1.9626577E-04   3.1126605E+06   3.1126605E+06   4.0525264E+06   1.3520755E+04   3.0545925E+04   3.1128646E+06   3.1126605E+06   3.1115296E+06   0.0000000E+00   0.0000000E+00   0.0000000E+00   0.0000000E+00
   2.1090873E-04   3.1124982E+06   3.1124982E+06   4.0373887E+06   1.3489458E+04   3.0438418E+04   3.1126849E+06   3.1124982E+06   3.1113500E+06   0.0000000E+00   0.0000000E+00   0.0000000E+00   0.0000000E+00
   2.2664417E-04   3.1123110E+06   3.1123110E+06   4.0199739E+06   1.3453416E+04   3.0315168E+04   3.1124777E+06   3.1123110E+06   3.1111429E+06   0.0000000E+00   0.0000000E+00   0.0000000E+00   0.0000000E+00
   2.4355360E-04   3.1120951E+06   3.1120951E+06   3.9999512E+06   1.3411926E+04   3.0174030E+04   3.1122386E+06   3.1120951E+06   3.1109039E+06   0.0000000E+00   0.0000000E+00   0.0000000E+00   0.0000000E+00
   2.6172461E-04   3.1118460E+06   3.1118460E+06   3.9769459E+06   1.3364189E+04   3.0012625E+04   3.1119629E+06   3.1118460E+06   3.1106284E+06   0.0000000E+00   0.0000000E+00   0.0000000E+00   0.0000000E+00
   2.8125131E-04   3.1115589E+06   3.1115589E+06   3.9505344E+06   1.3309296E+04   2.9828323E+04   3.1116451E+06   3.1115589E+06   3.1103107E+06   0.0000000E+00   0.0000000E+00   0.0000000E+00   0.0000000E+00
   3.0223486E-04   3.1112278E+06   3.1112278E+06   3.9202398E+06   1.3246215E+04   2.9618254E+04   3.1112788E+06   3.1112278E+06   3.1099446E+06   0.0000000E+00   0.0000000E+00   0.0000000E+00   0.0000000E+00
   3.2478395E-04   3.1108462E+06   3.1108462E+06   3.8855278E+06   1.3173779E+04   2.9379311E+04   3.1108566E+06   3.1108462E+06   3.1095227E+06   0.0000000E+00   0.0000000E+00   0.0000000E+00   0.0000000E+00
   3.4901538E-04   3.1104066E+06   3.1104066E+06   3.8458027E+06   1.3090675E+04   2.9108186E+04   3.1103704E+06   3.1104066E+06   3.1090367E+06   0.0000000E+00   0.0000000E+00   0.0000000E+00   0.0000000E+00
   3.7505465E-04   3.1099002E+06   3.1099002E+06   3.8004044E+06   1.2995426E+04   2.8801410E+04   3.1098105E+06   3.1099002E+06   3.1084770E+06   0.0000000E+00   0.0000000E+00   0.0000000E+00   0.0000000E+00
   4.0303667E-04   3.1093172E+06   3.1093172E+06   3.7486074E+06   1.2886386E+04   2.8455443E+04   3.1091660E+06   3.1093172E+06   3.1078329E+06   0.0000000E+00   0.0000000E+00   0.0000000E+00   0.0000000E+00
   4.3310636E-04   3.1086463E+06   3.1086463E+06   3.6896213E+06   1.2761727E+04   2.8066784E+04   3.1084247E+06   3.1086463E+06   3.1070919E+06   0.0000000E+00   0.0000000E+00   0.0000000E+00   0.0000000E+00
   4.6541948E-04   3.1078745E+06   3.1078745E+06   3.6225953E+06   1.2619433E+04   2.7632146E+04   3.1075723E+06   3.1078745E+06   3.1062400E+06   0.0000000E+00   0.0000000E+00   0.0000000E+00   0.0000000E+00
   5.0014342E-04   3.1069874E+06   3.1069874E+06   3.5466270E+06   1.2457302E+04   2.7148685E+04   3.1065930E+06   3.1069874E+06   3.1052611E+06   0.0000000E+00   0.0000000E+00   0.0000000E+00   0.0000000E+00
   5.3745803E-04   3.1059682E+06   3.1059682E+06   3.4607769E+06   1.2272956E+04   2.6614306E+04   3.1054686E+06   3.1059682E+06   3.1041373E+06   0.0000000E+00   0.0000000E+00   0.0000000E+00   0.0000000E+00
   5.7755661E-04   3.1047984E+06   3.1047984E+06   3.3640915E+06   1.2063855E+04   2.6028070E+04   3.1041788E+06   3.1047984E+06   3.1028481E+06   0.0000000E+00   0.0000000E+00   0.0000000E+00   0.0000000E+00
   6.2064686E-04   3.1034567E+06   3.1034567E+06   3.2556363E+06   1.1827339E+04   2.5390684E+04   3.1027007E+06   3.1034567E+06   3.1013708E+06   0.0000000E+00   0.0000000E+00   0.0000000E+00   0.0000000E+00
   6.6695197E-04   3.1019196E+06   3.1019196E+06   3.1345415E+06   1.1560678E+04   2.4705117E+04   3.1010087E+06   3.1019196E+06   3.0996797E+06   0.0000000E+00   0.0000000E+00   0.0000000E+00   0.0000000E+00
   7.1671181E-04   3.1001604E+06   3.1001604E+06   3.0000636E+06   1.1261153E+04   2.3977300E+04   3.0990745E+06   3.1001604E+06   3.0977464E+06   0.0000000E+00   0.0000000E+00   0.0000000E+00   0.0000000E+00
   7.7018412E-04   3.0981499E+06   3.0981499E+06   2.8516635E+06   1.0926175E+04   2.3216902E+04   3.0968664E+06   3.0981499E+06   3.0955394E+06   0.0000000E+00   0.0000000E+00   0.0000000E+00   0.0000000E+00
   8.2764588E-04   3.0958555E+06   3.0958555E+06   2.6891050E+06   1.0553426E+04   2.2438130E+04   3.0943499E+06   3.0958555E+06   3.0930241E+06   0.0000000E+00   0.0000000E+00   0.0000000E+00   0.0000000E+00
   8.8939475E-04   3.0932413E+06   3.0932413E+06   2.5125731E+06   1.0141063E+04   2.1660418E+04   3.0914872E+06   3.0932413E+06   3.0901628E+06   0.0000000E+00   0.0000000E+00   0.0000000E+00   0.0000000E+00
   9.5575056E-04   3.0902684E+06   3.0902684E+06   2.3228082E+06   9.6879517E+03   2.0908865E+04   3.0882376E+06   3.0902684E+06   3.0869147E+06   0.0000000E+00   0.0000000E+00   0.0000000E+00   0.0000000E+00
   1.0270570E-03   3.0868945E+06   3.0868945E+06   2.1212531E+06   9.1939637E+03   2.0214158E+04   3.0845572E+06   3.0868945E+06   3.0832361E+06   0.0000000E+00   0.0000000E+00   0.0000000E+00   0.0000000E+00
   1.1036835E-03   3.0830743E+06   3.0830743E+06   1.9101963E+06   8.6603016E+03   1.9611632E+04   3.0803999E+06   3.0830743E+06   3.0790807E+06   0.0000000E+00   0.0000000E+00   0.0000000E+00   0.0000000E+00
   1.1860270E-03   3.0787596E+06   3.0787596E+06   1.6928939E+06   8.0898558E+03   1.9139061E+04   3.0757170E+06   3.0787596E+06   3.0744001E+06   0.0000000E+00   0.0000000E+00   0.0000000E+00   0.0000000E+00
   1.2745139E-03   3.0738998E+06   3.0738998E+06   1.4736386E+06   7.4875513E+03   1.8832701E+04   3.0704588E+06   3.0738998E+06   3.0691444E+06   0.0000000E+00   0.0000000E+00   0.0000000E+00   0.0000000E+00
   1.3696026E-03   3.0684423E+06   3.0684423E+06   1.2577327E+06   6.8606383E+03   1.8721198E+04   3.0645744E+06   3.0684423E+06   3.0632626E+06   0.0000000E+00   0.0000000E+00   0.0000000E+00   0.0000000E+00
   1.4717856E-03   3.0623328E+06   3.0623328E+06   1.0513178E+06   6.2188532E+03   1.8817247E+04   3.0580128E+06   3.0623328E+06   3.0567040E+06   0.0000000E+00   0.0000000E+00   0.0000000E+00   0.0000000E+00
   1.5815924E-03   3.0555160E+06   3.0555160E+06   8.6100541E+05   5.5743596E+03   1.9107455E+04   3.0507237E+06   3.0555160E+06   3.0494182E+06   0.0000000E+00   0.0000000E+00   0.0000000E+00   0.0000000E+00
   1.6995915E-03   3.0479358E+06   3.0479358E+06   6.9327086E+05   4.9413596E+03   1.9541916E+04   3.0426577E+06   3.0479358E+06   3.0413557E+06   0.0000000E+00   0.0000000E+00   0.0000000E+00   0.0000000E+00
   1.8263944E-03   3.0395357E+06   3.0395357E+06   5.5360219E+05   4.3352772E+03   2.0026432E+04   3.0337665E+06   3.0395357E+06   3.0324683E+06   0.0000000E+00   0.0000000E+00   0.0000000E+00   0.0000000E+00
   1.9626577E-03   3.0302580E+06   3.0302580E+06   4.4546878E+05   3.7714506E+03   2.0422076E+04   3.0240023E+06   3.0302580E+06   3.0227083E+06   0.0000000E+00   0.0000000E+00   0.0000000E+00   0.0000000E+00
   2.1090873E-03   3.0200437E+06   3.0200437E+06   3.6927549E+05   3.2633655E+03   2.0558033E+04   3.0133169E+06   3.0200437E+06   3.0120273E+06   0.0000000E+00   0.0000000E+00   0.0000000E+00   0.0000000E+00
   2.2664417E-03   3.0088310E+06   3.0088310E+06   3.2159749E+05   2.8206144E+03   2.0263285E+04   3.0016591E+06   3.0088310E+06   3.0003743E+06   0.0000000E+00   0.0000000E+00   0.0000000E+00   0.0000000E+00
   2.4355360E-03   2.9965546E+06   2.9965546E+06   2.9509911E+05   2.4469745E+03   1.9418533E+04   2.9889727E+06   2.9965546E+06   2.9876930E+06   0.0000000E+00   0.0000000E+00   0.0000000E+00   0.0000000E+00
   2.6172461E-03   2.9831438E+06   2.9831438E+06   2.7954737E+05   2.1392046E+03   1.8020183E+04   2.9751940E+06   2.9831438E+06   2.9739197E+06   0.0000000E+00   0.0000000E+00   0.0000000E+00   0.0000000E+00
   2.8125131E-03   2.9685230E+06   2.9685230E+06   2.6412207E+05   1.8872546E+03   1.6232965E+04   2.9602497E+06   2.9685230E+06   2.9589813E+06   0.0000000E+00   0.0000000E+00   0.0000000E+00   0.0000000E+00
   3.0223486E-03   2.9526120E+06   2.9526120E+06   2.4070546E+05   1.6764090E+03   1.4392370E+04   2.9440576E+06   2.9526120E+06   2.9427954E+06   0.0000000E+00   0.0000000E+00   0.0000000E+00   0.0000000E+00
   3.2478395E-03   2.9353285E+06   2.9353285E+06   2.0705225E+05   1.4912775E+03   1.2915861E+04   2.9265284E+06   2.9353285E+06   2.9252730E+06   0.0000000E+00   0.0000000E+00   0.0000000E+00   0.0000000E+00
   3.4901538E-03   2.9165910E+06   2.9165910E+06   1.6804157E+05   1.3205406E+03   1.2113298E+04   2.9075706E+06   2.9165910E+06   2.9063226E+06   0.0000000E+00   0.0000000E+00   0.0000000E+00   0.0000000E+00
   3.7505465E-03   2.8963215E+06   2.8963215E+06   1.3331008E+05   1.1603256E+03   1.1964374E+04   2.8870956E+06   2.8963215E+06   2.8858556E+06   0.0000000E+00   0.0000000E+00   0.0000000E+00   0.0000000E+00
   4.0303667E-03   2.8744448E+06   2.8744448E+06   1.1123757E+05   1.0138908E+03   1.2026820E+04   2.8650209E+06   2.8744448E+06   2.8637897E+06   0.0000000E+00   0.0000000E+00   0.0000000E+00   0.0000000E+00
   4.3310636E-03   2.8508860E+06   2.8508860E+06   1.0241519E+05   8.8688132E+02   1.1656783E+04   2.8412698E+06   2.8508860E+06   2.8400480E+06   0.0000000E+00   0.0000000E+00   0.0000000E+00   0.0000000E+00
   4.6541948E-03   2.8255656E+06   2.8255656E+06   9.8239637E+04   7.8076301E+02   1.0530297E+04   2.8157670E+06   2.8255656E+06   2.8145554E+06   0.0000000E+00   0.0000000E+00   0.0000000E+00   0.0000000E+00
   5.0014342E-03   2.7983979E+06   2.7983979E+06   8.8188798E+04   6.8989571E+02   9.0612899E+03   2.7884349E+06   2.7983979E+06   2.7872344E+06   0.0000000E+00   0.0000000E+00   0.0000000E+00   0.0000000E+00
   5.3745803E-03   2.7692957E+06   2.7692957E+06   7.0855571E+04   6.0605802E+02   8.1042568E+03   2.7591932E+06   2.7692957E+06   2.7580047E+06   0.0000000E+00   0.0000000E+00   0.0000000E+00   0.0000000E+00
   5.7755661E-03   2.7381768E+06   2.7381768E+06   5.5842768E+04   5.2666835E+02   7.9300046E+03   2.7279635E+06   2.7381768E+06   2.7267879E+06   0.0000000E+00   0.0000000E+00   0.0000000E+00   0.0000000E+00
   6.2064686E-03   2.7049678E+06   2.7049678E+06   5.0487198E+04   4.5643487E+02   7.7070585E+03   2.6946714E+06   2.7049678E+06   2.6935097E+06   0.0000000E+00   0.0000000E+00   0.0000000E+00   0.0000000E+00
   6.6695197E-03   2.6695949E+06   2.6695949E+06   4.8027142E+04   3.9859907E+02   6.7033439E+03   2.6592400E+06   2.6695949E+06   2.6580931E+06   0.0000000E+00   0.0000000E+00   0.0000000E+00   0.0000000E+00
   7.1671181E-03   2.6319779E+06   2.6319779E+06   3.9149270E+04   3.4848503E+02   5.6879886E+03   2.6215852E+06   2.6319779E+06   2.6204542E+06   0.0000000E+00   0.0000000E+00   0.0000000E+00   0.0000000E+00
   7.7018412E-03   2.5920360E+06   2.5920360E+06   2.9959998E+04   3.0137889E+02   5.5266370E+03   2.5816241E+06   2.5920360E+06   2.5805100E+06   0.0000000E+00   0.0000000E+00   0.0000000E+00   0.0000000E+00
   8.2764588E-03   2.5496958E+06   2.5496958E+06   2.8015966E+04   2.6000478E+02   5.1863346E+03   2.5392869E+06   2.5496958E+06   2.5381907E+06   0.0000000E+00   0.0000000E+00   0.0000000E+00   0.0000000E+00
   8.8939475E-03   2.5048852E+06   2.5048852E+06   2.4303350E+04   2.2533190E+02   4.2291065E+03   2.4945102E+06   2.5048852E+06   2.4934331E+06   0.0000000E+00   0.0000000E+00   0.0000000E+00   0.0000000E+00
   9.5575056E-03   2.4575298E+06   2.4575298E+06   1.7848002E+04   1.9352600E+02   4.0678679E+03   2.4472207E+06   2.4575298E+06   2.4461637E+06   0.0000000E+00   0.0000000E+00   0.0000000E+00   0.0000000E+00
   1.0270570E-02   2.4075610E+06   2.4075610E+06   1.6944967E+04   1.6626304E+02   3.7768076E+03   2.3973380E+06   2.4075610E+06   2.3963024E+06   0.0000000E+00   0.0000000E+00   0.0000000E+00   0.0000000E+00
   1.1036835E-02   2.3549118E+06   2.3549118E+06   1.3351815E+04   1.4312341E+02   3.0733406E+03   2.3447934E+06   2.3549118E+06   2.3437803E+06   0.0000000E+00   0.0000000E+00   0.0000000E+00   0.0000000E+00
   1.1860270E-02   2.2995167E+06   2.2995167E+06   1.1096295E+04   1.2163530E+02   3.1240960E+03   2.2895343E+06   2.2995167E+06   2.2885449E+06   0.0000000E+00   0.0000000E+00   0.0000000E+00   0.0000000E+00
   1.2745139E-02   2.2413207E+06   2.2413207E+06   9.8031560E+03   1.0429931E+02   2.4729312E+03   2.2315000E+06   2.2413207E+06   2.2305356E+06   0.0000000E+00   0.0000000E+00   0.0000000E+00   0.0000000E+00
   1.3696026E-02   2.1802756E+06   2.1802756E+06   7.8293176E+03   8.8429876E+01   2.4667655E+03   2.1706361E+06   2.1802756E+06   2.1696979E+06   0.0000000E+00   0.0000000E+00   0.0000000E+00   0.0000000E+00
   1.4717856E-02   2.1163486E+06   2.1163486E+06   6.8650618E+03   7.5238827E+01   1.9347825E+03   2.1069191E+06   2.1163486E+06   2.1060084E+06   0.0000000E+00   0.0000000E+00   0.0000000E+00   0.0000000E+00
   1.5815924E-02   2.0495261E+06   2.0495261E+06   5.9507405E+03   6.3575872E+01   1.8769874E+03   2.0403267E+06   2.0495261E+06   2.0394447E+06   0.0000000E+00   0.0000000E+00   0.0000000E+00   0.0000000E+00
   1.6995915E-02   1.9798235E+06   1.9798235E+06   4.5614304E+03   5.3697240E+01   1.5285213E+03   1.9708782E+06   1.9798235E+06   1.9700261E+06   0.0000000E+00   0.0000000E+00   0.0000000E+00   0.0000000E+00
   1.8263944E-02   1.9072946E+06   1.9072946E+06   4.2364822E+03   4.5224054E+01   1.2665700E+03   1.8986257E+06   1.9072946E+06   1.8978048E+06   0.0000000E+00   0.0000000E+00   0.0000000E+00   0.0000000E+00
   1.9626577E-02   1.8320456E+06   1.8320456E+06   3.4803007E+03   3.7860105E+01   1.1864571E+03   1.8236726E+06   1.8320456E+06   1.8228841E+06   0.0000000E+00   0.0000000E+00   0.0000000E+00   0.0000000E+00
   2.1090872E-02   1.7542507E+06   1.7542507E+06   2.6572115E+03   3.1642903E+01   1.0302540E+03   1.7461944E+06   1.7542507E+06   1.7454393E+06   0.0000000E+00   0.0000000E+00   0.0000000E+00   0.0000000E+00
   2.2664409E-02   1.6741703E+06   1.6741703E+06   2.1479420E+03   2.6349088E+01   8.4765524E+02   1.6664473E+06   1.6741703E+06   1.6657266E+06   0.0000000E+00   0.0000000E+00   0.0000000E+00   0.0000000E+00
   2.4355312E-02   1.5921715E+06   1.5921715E+06   1.8009175E+03   2.1872116E+01   6.9888690E+02   1.5847971E+06   1.5921715E+06   1.5841117E+06   0.0000000E+00   0.0000000E+00   0.0000000E+00   0.0000000E+00
   2.6172225E-02   1.5087507E+06   1.5087507E+06   1.4984639E+03   1.8071901E+01   5.8926222E+02   1.5017379E+06   1.5087507E+06   1.5010885E+06   0.0000000E+00   0.0000000E+00   0.0000000E+00   0.0000000E+00
   2.8124133E-02   1.4245577E+06   1.4245577E+06   1.2255571E+03   1.4865370E+01   5.0313895E+02   1.4179147E+06   1.4245577E+06   1.4173015E+06   0.0000000E+00   0.0000000E+00   0.0000000E+00   0.0000000E+00
   3.0219782E-02   1.3404252E+06   1.3404252E+06   1.0028378E+03   1.2186863E+01   4.3234115E+02   1.3341562E+06   1.3404252E+06   1.3335792E+06   0.0000000E+00   0.0000000E+00   0.0000000E+00   0.0000000E+00
   3.2466235E-02   1.2574021E+06   1.2574021E+06   8.3218969E+02   9.9601081E+00   3.6050785E+02   1.2515061E+06   1.2574021E+06   1.2509649E+06   0.0000000E+00   0.0000000E+00   0.0000000E+00   0.0000000E+00
   3.4866001E-02   1.1767810E+06   1.1767810E+06   6.7726082E+02   8.1230853E+00   2.9406979E+02   1.1712504E+06   1.1767810E+06   1.1707438E+06   0.0000000E+00   0.0000000E+00   0.0000000E+00   0.0000000E+00
   3.7412574E-02   1.1000792E+06   1.1000792E+06   5.5684589E+02   6.6210741E+00   2.4460363E+02   1.0948986E+06   1.1000792E+06   1.0944250E+06   0.0000000E+00   0.0000000E+00   0.0000000E+00   0.0000000E+00
   4.0085827E-02   1.0289020E+06   1.0289020E+06   4.3458922E+02   5.4077353E+00   1.9897784E+02   1.0240478E+06   1.0289020E+06   1.0236049E+06   0.0000000E+00   0.0000000E+00   0.0000000E+00   0.0000000E+00
   4.2851036E-02   9.6463817E+05   9.6463817E+05   3.7882375E+02   4.4409167E+00   1.7793329E+02   9.6008022E+05   9.6463817E+05   9.5966498E+05   0.0000000E+00   0.0000000E+00   0.0000000E+00   0.0000000E+00
   4.5665269E-02   9.0807677E+05   9.0807677E+05   2.9200034E+02   3.6822418E+00   1.3578050E+02   9.0378042E+05   9.0807677E+05   9.0338952E+05   0.0000000E+00   0.0000000E+00   0.0000000E+00   0.0000000E+00
   4.8489201E-02   8.5918341E+05   8.5918341E+05   2.6519050E+02   3.0846904E+00   1.2810880E+02   8.5511379E+05   8.5918341E+05   8.5474394E+05   0.0000000E+00   0.0000000E+00   0.0000000E+00   0.0000000E+00
   5.1296651E-02   8.1719861E+05   8.1719861E+05   2.0750635E+02   2.6163272E+00   1.0054879E+02   8.1332414E+05   8.1719861E+05   8.1297236E+05   0.0000000E+00   0.0000000E+00   0.0000000E+00   0.0000000E+00
   5.4076594E-02   7.8095009E+05   7.8095009E+05   1.9328950E+02   2.2430281E+00   9.6667994E+01   7.7724446E+05   7.8095009E+05   7.7690828E+05   0.0000000E+00   0.0000000E+00   0.0000000E+00   0.0000000E+00
   5.6829545E-02   7.4915986E+05   7.4915986E+05   1.5611469E+02   1.9433826E+00   7.6018291E+01   7.4560257E+05   7.4915986E+05   7.4528008E+05   0.0000000E+00   0.0000000E+00   0.0000000E+00   0.0000000E+00
   5.9562669E-02   7.2063417E+05   7.2063417E+05   1.4569310E+02   1.6966116E+00   7.5633191E+01   7.1721022E+05   7.2063417E+05   7.1690001E+05   0.0000000E+00   0.0000000E+00   0.0000000E+00   0.0000000E+00
   6.2286071E-02   6.9434616E+05   6.9434616E+05   1.2147123E+02   1.4918870E+00   5.8954502E+01   6.9104533E+05   6.9434616E+05   6.9074643E+05   0.0000000E+00   0.0000000E+00   0.0000000E+00   0.0000000E+00
   6.5010621E-02   6.6945795E+05   6.6945795E+05   1.1265742E+02   1.3177243E+00   6.1875647E+01   6.6627391E+05   6.6945795E+05   6.6598573E+05   0.0000000E+00   0.0000000E+00   0.0000000E+00   0.0000000E+00
   6.7746900E-02   6.4531770E+05   6.4531770E+05   9.6403455E+01   1.1691015E+00   4.5309122E+01   6.4224716E+05   6.4531770E+05   6.4196937E+05   0.0000000E+00   0.0000000E+00   0.0000000E+00   0.0000000E+00
   7.0504772E-02   6.2144985E+05   6.2144985E+05   8.7934137E+01   1.0390404E+00   5.0915192E+01   6.1849173E+05   6.2144985E+05   6.1822421E+05   0.0000000E+00   0.0000000E+00   0.0000000E+00   0.0000000E+00
   7.3293287E-02   5.9754471E+05   5.9754471E+05   7.6822614E+01   9.2569163E-01   3.5363610E+01   5.9469938E+05   5.9754471E+05   5.9444215E+05   0.0000000E+00   0.0000000E+00   0.0000000E+00   0.0000000E+00
   7.6120723E-02   5.7344828E+05   5.7344828E+05   6.9750904E+01   8.2466286E-01   4.1538396E+01   5.7071681E+05   5.7344828E+05   5.7046996E+05   0.0000000E+00   0.0000000E+00   0.0000000E+00   0.0000000E+00
   7.8994688E-02   5.4915092E+05   5.4915092E+05   5.9759106E+01   7.3543737E-01   2.8431889E+01   5.4653443E+05   5.4915092E+05   5.4629803E+05   0.0000000E+00   0.0000000E+00   0.0000000E+00   0.0000000E+00
   8.1922234E-02   5.2477276E+05   5.2477276E+05   5.6716405E+01   6.5535304E-01   3.1821486E+01   5.2227174E+05   5.2477276E+05   5.2204584E+05   0.0000000E+00   0.0000000E+00   0.0000000E+00   0.0000000E+00
   8.4909957E-02   5.0054381E+05   5.0054381E+05   4.5774245E+01   5.8407769E-01   2.5717231E+01   4.9815767E+05   5.0054381E+05   4.9794220E+05   0.0000000E+00   0.0000000E+00   0.0000000E+00   0.0000000E+00
   8.7964103E-02   4.7677756E+05   4.7677756E+05   4.4320831E+01   5.2038744E-01   2.0804898E+01   4.7450419E+05   4.7677756E+05   4.7429895E+05   0.0000000E+00   0.0000000E+00   0.0000000E+00   0.0000000E+00
   9.1090636E-02   4.5383737E+05   4.5383737E+05   3.8750806E+01   4.6349111E-01   2.2906460E+01   4.5167291E+05   4.5383737E+05   4.5147754E+05   0.0000000E+00   0.0000000E+00   0.0000000E+00   0.0000000E+00
   9.4295316E-02   4.3209642E+05   4.3209642E+05   3.2621556E+01   4.1306455E-01   1.9465524E+01   4.3003524E+05   4.3209642E+05   4.2984923E+05   0.0000000E+00   0.0000000E+00   0.0000000E+00   0.0000000E+00
   9.7583746E-02   4.1189331E+05   4.1189331E+05   2.9640301E+01   3.6854664E-01   1.5288295E+01   4.0992814E+05   4.1189331E+05   4.0975084E+05   0.0000000E+00   0.0000000E+00   0.0000000E+00   0.0000000E+00
   1.0096142E-01   3.9348667E+05   3.9348667E+05   2.7115513E+01   3.2926713E-01   1.4215280E+01   3.9160900E+05   3.9348667E+05   3.9143961E+05   0.0000000E+00   0.0000000E+00   0.0000000E+00   0.0000000E+00
   1.0443377E-01   3.7701387E+05   3.7701387E+05   2.4098270E+01   2.9479505E-01   1.3200010E+01   3.7521451E+05   3.7701387E+05   3.7505221E+05   0.0000000E+00   0.0000000E+00   0.0000000E+00   0.0000000E+00
   1.0800617E-01   3.6245977E+05   3.6245977E+05   2.1247825E+01   2.6453902E-01   1.2061679E+01   3.6072961E+05   3.6245977E+05   3.6057358E+05   0.0000000E+00   0.0000000E+00   0.0000000E+00   0.0000000E+00
   1.1168399E-01   3.4964191E+05   3.4964191E+05   1.8902253E+01   2.3802583E-01   1.0634530E+01   3.4797270E+05   3.4964191E+05   3.4782219E+05   0.0000000E+00   0.0000000E+00   0.0000000E+00   0.0000000E+00
   1.1547261E-01   3.3821772E+05   3.3821772E+05   1.6949724E+01   2.1464447E-01   9.6399346E+00   3.3660282E+05   3.3821772E+05   3.3645723E+05   0.0000000E+00   0.0000000E+00   0.0000000E+00   0.0000000E+00
   1.1937740E-01   3.2771732E+05   3.2771732E+05   1.5393781E+01   1.9385985E-01   9.5219956E+00   3.2615237E+05   3.2771732E+05   3.2601129E+05   0.0000000E+00   0.0000000E+00   0.0000000E+00   0.0000000E+00
   1.2340379E-01   3.1760190E+05   3.1760190E+05   1.4441854E+01   1.7521083E-01   9.4488755E+00   3.1608508E+05   3.1760190E+05   3.1594836E+05   0.0000000E+00   0.0000000E+00   0.0000000E+00   0.0000000E+00
   1.2755724E-01   3.0734259E+05   3.0734259E+05   1.3639385E+01   1.5830755E-01   7.7106877E+00   3.0587461E+05   3.0734259E+05   3.0574231E+05   0.0000000E+00   0.0000000E+00   0.0000000E+00   0.0000000E+00
   1.3184326E-01   2.9650924E+05   2.9650924E+05   1.1771512E+01   1.4281639E-01   5.8305226E+00   2.9509285E+05   2.9650924E+05   2.9496521E+05   0.0000000E+00   0.0000000E+00   0.0000000E+00   0.0000000E+00
   1.3626742E-01   2.8485328E+05   2.8485328E+05   1.0459439E+01   1.2848422E-01   7.0214087E+00   2.8349244E+05   2.8485328E+05   2.8336982E+05   0.0000000E+00   0.0000000E+00   0.0000000E+00   0.0000000E+00
   1.4083535E-01   2.7236600E+05   2.7236600E+05   9.8151657E+00   1.1526545E-01   4.8986739E+00   2.7106469E+05   2.7236600E+05   2.7094745E+05   0.0000000E+00   0.0000000E+00   0.0000000E+00   0.0000000E+00
   1.4555273E-01   2.5929370E+05   2.5929370E+05   8.3320710E+00   1.0306791E-01   5.5641862E+00   2.5805474E+05   2.5929370E+05   2.5794312E+05   0.0000000E+00   0.0000000E+00   0.0000000E+00   0.0000000E+00
   1.5042534E-01   2.4609777E+05   2.4609777E+05   7.5136093E+00   9.1958761E-02   3.5846265E+00   2.4492177E+05   2.4609777E+05   2.4481583E+05   0.0000000E+00   0.0000000E+00   0.0000000E+00   0.0000000E+00
   1.5545903E-01   2.3335846E+05   2.3335846E+05   6.9479180E+00   8.1929904E-02   3.9296879E+00   2.3224326E+05   2.3335846E+05   2.3214281E+05   0.0000000E+00   0.0000000E+00   0.0000000E+00   0.0000000E+00
   1.6065972E-01   2.2163697E+05   2.2163697E+05   6.0356003E+00   7.3034869E-02   3.9863018E+00   2.2057770E+05   2.2163697E+05   2.2048229E+05   0.0000000E+00   0.0000000E+00   0.0000000E+00   0.0000000E+00
   1.6603344E-01   2.1132624E+05   2.1132624E+05   5.3075138E+00   6.5247597E-02   3.4022801E+00   2.1031618E+05   2.1132624E+05   2.1022521E+05   0.0000000E+00   0.0000000E+00   0.0000000E+00   0.0000000E+00
   1.7158630E-01   2.0253242E+05   2.0253242E+05   4.7684895E+00   5.8470359E-02   2.9245439E+00   2.0156434E+05   2.0253242E+05   2.0147716E+05   0.0000000E+00   0.0000000E+00   0.0000000E+00   0.0000000E+00
   1.7732454E-01   1.9502890E+05   1.9502890E+05   4.2828689E+00   5.2566392E-02   2.4146323E+00   1.9409663E+05   1.9502890E+05   1.9401268E+05   0.0000000E+00   0.0000000E+00   0.0000000E+00   0.0000000E+00
   1.8325453E-01   1.8831030E+05   1.8831030E+05   3.8164850E+00   4.7354755E-02   2.2816293E+00   1.8741010E+05   1.8831030E+05   1.8732903E+05   0.0000000E+00   0.0000000E+00   0.0000000E+00   0.0000000E+00
   1.8938276E-01   1.8174425E+05   1.8174425E+05   3.5525549E+00   4.2663679E-02   2.3805356E+00   1.8087539E+05   1.8174425E+05   1.8079715E+05   0.0000000E+00   0.0000000E+00   0.0000000E+00   0.0000000E+00
   1.9571593E-01   1.7478102E+05   1.7478102E+05   3.1986331E+00   3.8370217E-02   1.6224910E+00   1.7394541E+05   1.7478102E+05   1.7387017E+05   0.0000000E+00   0.0000000E+00   0.0000000E+00   0.0000000E+00
   2.0226088E-01   1.6714965E+05   1.6714965E+05   2.8281763E+00   3.4377622E-02   1.9573099E+00   1.6635049E+05   1.6714965E+05   1.6627853E+05   0.0000000E+00   0.0000000E+00   0.0000000E+00   0.0000000E+00
   2.0902470E-01   1.5895977E+05   1.5895977E+05   2.4894314E+00   3.0687863E-02   1.3450291E+00   1.5819973E+05   1.5895977E+05   1.5813130E+05   0.0000000E+00   0.0000000E+00   0.0000000E+00   0.0000000E+00
   2.1601473E-01   1.5065373E+05   1.5065373E+05   2.2778892E+00   2.7315215E-02   1.2109497E+00   1.4993337E+05   1.5065373E+05   1.4986852E+05   0.0000000E+00   0.0000000E+00   0.0000000E+00   0.0000000E+00
   2.2323862E-01   1.4281198E+05   1.4281198E+05   2.0337984E+00   2.4304653E-02   1.1469759E+00   1.4212909E+05   1.4281198E+05   1.4206762E+05   0.0000000E+00   0.0000000E+00   0.0000000E+00   0.0000000E+00
   2.3070436E-01   1.3588640E+05   1.3588640E+05   1.8021959E+00   2.1669197E-02   9.7487685E-01   1.3523660E+05   1.3588640E+05   1.3517811E+05   0.0000000E+00   0.0000000E+00   0.0000000E+00   0.0000000E+00
   2.3842032E-01   1.2998537E+05   1.2998537E+05   1.5890968E+00   1.9383059E-02   9.0413613E-01   1.2936377E+05   1.2998537E+05   1.2930782E+05   0.0000000E+00   0.0000000E+00   0.0000000E+00   0.0000000E+00
   2.4639538E-01   1.2482718E+05   1.2482718E+05   1.4321131E+00   1.7386705E-02   8.3169455E-01   1.2423023E+05   1.2482718E+05   1.2417649E+05   0.0000000E+00   0.0000000E+00   0.0000000E+00   0.0000000E+00
   2.5463893E-01   1.1990105E+05   1.1990105E+05   1.2692849E+00   1.5604114E-02   7.4951424E-01   1.1932765E+05   1.1990105E+05   1.1927603E+05   0.0000000E+00   0.0000000E+00   0.0000000E+00   0.0000000E+00
   2.6316099E-01   1.1475899E+05   1.1475899E+05   1.1670604E+00   1.3974511E-02   6.4375879E-01   1.1421015E+05   1.1475899E+05   1.1416075E+05   0.0000000E+00   0.0000000E+00   0.0000000E+00   0.0000000E+00
   2.7197230E-01   1.0926996E+05   1.0926996E+05   1.0316018E+00   1.2470747E-02   6.7705333E-01   1.0874736E+05   1.0926996E+05   1.0870033E+05   0.0000000E+00   0.0000000E+00   0.0000000E+00   0.0000000E+00
   2.8108446E-01   1.0367296E+05   1.0367296E+05   9.1007591E-01   1.1099384E-02   5.7952561E-01   1.0317712E+05   1.0367296E+05   1.0313249E+05   0.0000000E+00   0.0000000E+00   0.0000000E+00   0.0000000E+00
   2.9050998E-01   9.8384509E+04   9.8384509E+04   8.1351664E-01   9.8737286E-03   5.4900258E-01   9.7913952E+04   9.8384509E+04   9.7871600E+04   0.0000000E+00   0.0000000E+00   0.0000000E+00   0.0000000E+00
   3.0026252E-01   9.3688622E+04   9.3688622E+04   7.2722883E-01   8.8014096E-03   4.1380036E-01   9.3240514E+04   9.3688622E+04   9.3200184E+04   0.0000000E+00   0.0000000E+00   0.0000000E+00   0.0000000E+00
   3.1035701E-01   8.9537173E+04   8.9537173E+04   6.4441133E-01   7.8629582E-03   4.0053201E-01   8.9108913E+04   8.9537173E+04   8.9070369E+04   0.0000000E+00   0.0000000E+00   0.0000000E+00   0.0000000E+00
   3.2080985E-01   8.5618233E+04   8.5618233E+04   5.7804453E-01   7.0281398E-03   3.5124710E-01   8.5208710E+04   8.5618233E+04   8.5171854E+04   0.0000000E+00   0.0000000E+00   0.0000000E+00   0.0000000E+00
   3.3163915E-01   8.1635958E+04   8.1635958E+04   5.1194427E-01   6.2698980E-03   3.0462490E-01   8.1245475E+04   8.1635958E+04   8.1210333E+04   0.0000000E+00   0.0000000E+00   0.0000000E+00   0.0000000E+00
   3.4286502E-01   7.7555963E+04   7.7555963E+04   4.5557534E-01   5.5779418E-03   2.7116379E-01   7.7184989E+04   7.7555963E+04   7.7151603E+04   0.0000000E+00   0.0000000E+00   0.0000000E+00   0.0000000E+00
   3.5450986E-01   7.3591499E+04   7.3591499E+04   4.0810668E-01   4.9549635E-03   2.7165422E-01   7.3239483E+04   7.3591499E+04   7.3207804E+04   0.0000000E+00   0.0000000E+00   0.0000000E+00   0.0000000E+00
   3.6659879E-01   6.9952538E+04   6.9952538E+04   3.6022607E-01   4.4049701E-03   2.0832319E-01   6.9617924E+04   6.9952538E+04   6.9587811E+04   0.0000000E+00   0.0000000E+00   0.0000000E+00   0.0000000E+00
   3.7916009E-01   6.6625575E+04   6.6625575E+04   3.2214816E-01   3.9191484E-03   1.9417222E-01   6.6306870E+04   6.6625575E+04   6.6278190E+04   0.0000000E+00   0.0000000E+00   0.0000000E+00   0.0000000E+00
   3.9222577E-01   6.3420897E+04   6.3420897E+04   2.8658976E-01   3.4845634E-03   1.7785387E-01   6.3117518E+04   6.3420897E+04   6.3090217E+04   0.0000000E+00   0.0000000E+00   0.0000000E+00   0.0000000E+00
   4.0583227E-01   6.0214616E+04   6.0214616E+04   2.5481694E-01   3.0911637E-03   1.5703611E-01   5.9926571E+04   6.0214616E+04   5.9900650E+04   0.0000000E+00   0.0000000E+00   0.0000000E+00   0.0000000E+00
   4.2002131E-01   5.7075907E+04   5.7075907E+04   2.2458273E-01   2.7367828E-03   1.4297527E-01   5.6802873E+04   5.7075907E+04   5.6778303E+04   0.0000000E+00   0.0000000E+00   0.0000000E+00   0.0000000E+00
   4.3484093E-01   5.4126907E+04   5.4126907E+04   1.9884284E-01   2.4213923E-03   1.2480867E-01   5.3867977E+04   5.4126907E+04   5.3844677E+04   0.0000000E+00   0.0000000E+00   0.0000000E+00   0.0000000E+00
   4.5034684E-01   5.1355521E+04   5.1355521E+04   1.7596803E-01   2.1412165E-03   1.1453829E-01   5.1109846E+04   5.1355521E+04   5.1087739E+04   0.0000000E+00   0.0000000E+00   0.0000000E+00   0.0000000E+00
   4.6660402E-01   4.8657671E+04   4.8657671E+04   1.5508537E-01   1.8898880E-03   8.2094956E-02   4.8424900E+04   4.8657671E+04   4.8403954E+04   0.0000000E+00   0.0000000E+00   0.0000000E+00   0.0000000E+00
   4.8368889E-01   4.6011539E+04   4.6011539E+04   1.3647488E-01   1.6631445E-03   9.4169512E-02   4.5791424E+04   4.6011539E+04   4.5771618E+04   0.0000000E+00   0.0000000E+00   0.0000000E+00   0.0000000E+00
   5.0169190E-01   4.3478248E+04   4.3478248E+04   1.1993792E-01   1.4613087E-03   6.1469112E-02   4.3270250E+04   4.3478248E+04   4.3251534E+04   0.0000000E+00   0.0000000E+00   0.0000000E+00   0.0000000E+00
   5.2072103E-01   4.1059133E+04   4.1059133E+04   1.0518471E-01   1.2806983E-03   6.1046681E-02   4.0862708E+04   4.1059133E+04   4.0845033E+04   0.0000000E+00   0.0000000E+00   0.0000000E+00   0.0000000E+00
   5.4090617E-01   3.8702079E+04   3.8702079E+04   9.1941045E-02   1.1186578E-03   5.7637626E-02   3.8516927E+04   3.8702079E+04   3.8500267E+04   0.0000000E+00   0.0000000E+00   0.0000000E+00   0.0000000E+00
   5.6240483E-01   3.6410012E+04   3.6410012E+04   7.9935838E-02   9.7354949E-04   5.1346864E-02   3.6235825E+04   3.6410012E+04   3.6220151E+04   0.0000000E+00   0.0000000E+00   0.0000000E+00   0.0000000E+00
   5.8540946E-01   3.4199465E+04   3.4199465E+04   6.9329923E-02   8.4396539E-04   5.1685272E-02   3.4035851E+04   3.4199465E+04   3.4021129E+04   0.0000000E+00   0.0000000E+00   0.0000000E+00   0.0000000E+00
   6.1015678E-01   3.2045298E+04   3.2045298E+04   5.9805585E-02   7.2798751E-04   3.4769674E-02   3.1891989E+04   3.2045298E+04   3.1878195E+04   0.0000000E+00   0.0000000E+00   0.0000000E+00   0.0000000E+00
   6.3693952E-01   2.9943517E+04   2.9943517E+04   5.1263840E-02   6.2423193E-04   3.1902766E-02   2.9800263E+04   2.9943517E+04   2.9787373E+04   0.0000000E+00   0.0000000E+00   0.0000000E+00   0.0000000E+00
   6.6612029E-01   2.7894950E+04   2.7894950E+04   4.3669915E-02   5.3172712E-04   2.7468228E-02   2.7761496E+04   2.7894950E+04   2.7749488E+04   0.0000000E+00   0.0000000E+00   0.0000000E+00   0.0000000E+00
   6.9814684E-01   2.5887948E+04   2.5887948E+04   3.6896813E-02   4.4921257E-04   2.3136216E-02   2.5764094E+04   2.5887948E+04   2.5752950E+04   0.0000000E+00   0.0000000E+00   0.0000000E+00   0.0000000E+00
   7.3356545E-01   2.3923146E+04   2.3923146E+04   3.0880790E-02   3.7602131E-04   1.8770789E-02   2.3808692E+04   2.3923146E+04   2.3798393E+04   0.0000000E+00   0.0000000E+00   0.0000000E+00   0.0000000E+00
   7.7302537E-01   2.1997310E+04   2.1997310E+04   2.5570144E-02   3.1133948E-04   1.9848338E-02   2.1892069E+04   2.1997310E+04   2.1882600E+04   0.0000000E+00   0.0000000E+00   0.0000000E+00   0.0000000E+00
   8.1726118E-01   2.0114299E+04   2.0114299E+04   2.0917778E-02   2.5471201E-04   1.4182309E-02   2.0018066E+04   2.0114299E+04   2.0009408E+04   0.0000000E+00   0.0000000E+00   0.0000000E+00   0.0000000E+00
   8.6703593E-01   1.8282412E+04   1.8282412E+04   1.6892300E-02   2.0569906E-04   1.0097958E-02   1.8194944E+04   1.8282412E+04   1.8187074E+04   0.0000000E+00   0.0000000E+00   0.0000000E+00   0.0000000E+00
   9.2303576E-01   1.6517230E+04   1.6517230E+04   1.3465554E-02   1.6396336E-04   9.9217753E-03   1.6438206E+04   1.6517230E+04   1.6431096E+04   0.0000000E+00   0.0000000E+00   0.0000000E+00   0.0000000E+00
   9.8574228E-01   1.4839832E+04   1.4839832E+04   1.0607672E-02   1.2916806E-04   7.5424698E-03   1.4768833E+04   1.4839832E+04   1.4762444E+04   0.0000000E+00   0.0000000E+00   0.0000000E+00   0.0000000E+00
   1.0553593E+00   1.3271769E+04   1.3271769E+04   8.2763873E-03   1.0078428E-04   3.9700250E-03   1.3208272E+04   1.3271769E+04   1.3202559E+04   0.0000000E+00   0.0000000E+00   0.0000000E+00   0.0000000E+00
   1.1318691E+00   1.1829342E+04   1.1829342E+04   6.4132150E-03   7.8100177E-05   2.6399949E-03   1.1772746E+04   1.1829342E+04   1.1767654E+04   0.0000000E+00   0.0000000E+00   0.0000000E+00   0.0000000E+00
   1.2151951E+00   1.0520238E+04   1.0520238E+04   4.9480733E-03   6.0258435E-05   2.5263179E-03   1.0469905E+04   1.0520238E+04   1.0465376E+04   0.0000000E+00   0.0000000E+00   0.0000000E+00   0.0000000E+00
   1.3053598E+00   9.3430652E+03   9.3430652E+03   3.8082611E-03   4.6377735E-05   1.7894884E-03   9.2983640E+03   9.3430652E+03   9.2943421E+03   0.0000000E+00   0.0000000E+00   0.0000000E+00   0.0000000E+00
   1.4025540E+00   8.2901273E+03   8.2901273E+03   2.9269516E-03   3.5645955E-05   1.4995615E-03   8.2504638E+03   8.2901273E+03   8.2468951E+03   0.0000000E+00   0.0000000E+00   0.0000000E+00   0.0000000E+00
   1.5071277E+00   7.3512486E+03   7.3512486E+03   2.2477617E-03   2.7374018E-05   1.6587539E-03   7.3160769E+03   7.3512486E+03   7.3129124E+03   0.0000000E+00   0.0000000E+00   0.0000000E+00   0.0000000E+00
   1.6195507E+00   6.5153176E+03   6.5153176E+03   1.7251703E-03   2.1010008E-05   1.0923676E-03   6.4841454E+03   6.5153176E+03   6.4813407E+03   0.0000000E+00   0.0000000E+00   0.0000000E+00   0.0000000E+00
   1.7403765E+00   5.7717794E+03   5.7717794E+03   1.3234430E-03   1.6117773E-05   1.5568252E-03   5.7441645E+03   5.7717794E+03   5.7416799E+03   0.0000000E+00   0.0000000E+00   0.0000000E+00   0.0000000E+00
   1.8702210E+00   5.1108558E+03   5.1108558E+03   1.0148142E-03   1.2359896E-05   3.9000508E-04   5.0864031E+03   5.1108558E+03   5.0842030E+03   0.0000000E+00   0.0000000E+00   0.0000000E+00   0.0000000E+00
   2.0097539E+00   4.5237217E+03   4.5237217E+03   7.7787935E-04   9.4737158E-06   3.9665029E-04   4.5020781E+03   4.5237217E+03   4.5001307E+03   0.0000000E+00   0.0000000E+00   0.0000000E+00   0.0000000E+00
   2.1596972E+00   4.0024020E+03   4.0024020E+03   5.9648817E-04   7.2586838E-06   4.2448284E-04   3.9832526E+03   4.0024020E+03   3.9815296E+03   0.0000000E+00   0.0000000E+00   0.0000000E+00   0.0000000E+00
   2.3208275E+00   3.5397737E+03   3.5397737E+03   4.5652471E-04   5.5592437E-06   4.4847728E-04   3.5228377E+03   3.5397737E+03   3.5213139E+03   0.0000000E+00   0.0000000E+00   0.0000000E+00   0.0000000E+00
   2.4939794E+00   3.1294235E+03   3.1294235E+03   3.4945735E-04   4.2560323E-06   4.0340210E-04   3.1144509E+03   3.1294235E+03   3.1131037E+03   0.0000000E+00   0.0000000E+00   0.0000000E+00   0.0000000E+00
   2.6800498E+00   2.7656194E+03   2.7656194E+03   2.6742525E-04   3.2573993E-06   8.8195012E-05   2.7523873E+03   2.7656194E+03   2.7511968E+03   0.0000000E+00   0.0000000E+00   0.0000000E+00   0.0000000E+00
   2.8800025E+00   2.4432328E+03   2.4432328E+03   2.0458010E-04   2.4920379E-06   -6.3193918E-05   2.4315431E+03   2.4432328E+03   2.4304914E+03   0.0000000E+00   0.0000000E+00   0.0000000E+00   0.0000000E+00
   3.0948732E+00   2.1576759E+03   2.1576759E+03   1.5645066E-04   1.9058855E-06   9.0546106E-05   2.1473525E+03   2.1576759E+03   2.1464237E+03   0.0000000E+00   0.0000000E+00   0.0000000E+00   0.0000000E+00
   3.3257750E+00   1.9048506E+03   1.9048506E+03   1.1960432E-04   1.4570987E-06   5.5452944E-05   1.8957368E+03   1.9048506E+03   1.8949168E+03   0.0000000E+00   0.0000000E+00   0.0000000E+00   0.0000000E+00
   3.5739038E+00   1.6810989E+03   1.6810989E+03   9.1406133E-05   1.1136492E-06   2.0402472E-04   1.6730557E+03   1.6810989E+03   1.6723320E+03   0.0000000E+00   0.0000000E+00   0.0000000E+00   0.0000000E+00
   3.8405450E+00   1.4831580E+03   1.4831580E+03   6.9834009E-05   8.5090994E-07   1.4546890E-06   1.4760619E+03   1.4831580E+03   1.4754234E+03   0.0000000E+00   0.0000000E+00   0.0000000E+00   0.0000000E+00
   4.1270798E+00   1.3081193E+03   1.3081193E+03   5.3329556E-05   6.4993418E-07   3.3426424E-05   1.3018606E+03   1.3081193E+03   1.3012975E+03   0.0000000E+00   0.0000000E+00   0.0000000E+00   0.0000000E+00
   4.4349922E+00   1.1533919E+03   1.1533919E+03   4.0733548E-05   4.9629333E-07   5.7876324E-05   1.1478735E+03   1.1533919E+03   1.1473770E+03   0.0000000E+00   0.0000000E+00   0.0000000E+00   0.0000000E+00
   4.7658774E+00   1.0166693E+03   1.0166693E+03   3.1087561E-05   3.7887365E-07   -4.4043353E-05   1.0118050E+03   1.0166693E+03   1.0113674E+03   0.0000000E+00   0.0000000E+00   0.0000000E+00   0.0000000E+00
   5.1214491E+00   8.9589962E+02   8.9589962E+02   2.3721925E-05   2.8914742E-07   3.3685014E-05   8.9161319E+02   8.9589962E+02   8.9122753E+02   0.0000000E+00   0.0000000E+00   0.0000000E+00   0.0000000E+00
   5.5035493E+00   7.8925844E+02   7.8925844E+02   1.8096772E-05   2.2062302E-07   3.5199302E-05   7.8548223E+02   7.8925844E+02   7.8514247E+02   0.0000000E+00   0.0000000E+00   0.0000000E+00   0.0000000E+00
   5.9141572E+00   6.9512456E+02   6.9512456E+02   1.3801898E-05   1.6829174E-07   2.6376337E-05   6.9179873E+02   6.9512456E+02   6.9149950E+02   0.0000000E+00   0.0000000E+00   0.0000000E+00   0.0000000E+00
   6.3553996E+00   6.1205818E+02   6.1205818E+02   1.0528528E-05   1.2834626E-07   1.2122189E-05   6.0912978E+02   6.1205818E+02   6.0886631E+02   0.0000000E+00   0.0000000E+00   0.0000000E+00   0.0000000E+00
   6.8295622E+00   5.3878127E+02   5.3878127E+02   8.0227261E-06   9.7859514E-08   -3.4949835E-06   5.3620347E+02   5.3878127E+02   5.3597154E+02   0.0000000E+00   0.0000000E+00   0.0000000E+00   0.0000000E+00
   7.3391010E+00   4.7416000E+02   4.7416000E+02   6.1138518E-06   7.4599239E-08   -8.8666220E-06   4.7189138E+02   4.7416000E+02   4.7168726E+02   0.0000000E+00   0.0000000E+00   0.0000000E+00   0.0000000E+00
   7.8866553E+00   4.1718894E+02   4.1718894E+02   4.6580950E-06   5.6854980E-08   2.1840076E-05   4.1519289E+02   4.1718894E+02   4.1501330E+02   0.0000000E+00   0.0000000E+00   0.0000000E+00   0.0000000E+00
   8.4750616E+00   3.6697696E+02   3.6697696E+02   3.5494592E-06   4.3323836E-08   1.3668350E-05   3.6522116E+02   3.6697696E+02   3.6506318E+02   0.0000000E+00   0.0000000E+00   0.0000000E+00   0.0000000E+00
   9.1073675E+00   3.2273463E+02   3.2273463E+02   2.7024427E-06   3.3006832E-08   2.3411276E-05   3.2119050E+02   3.2273463E+02   3.2105158E+02   0.0000000E+00   0.0000000E+00   0.0000000E+00   0.0000000E+00
   9.7868484E+00   2.8376289E+02   2.8376289E+02   2.0573022E-06   2.5143622E-08   -4.3926768E-06   2.8240522E+02   2.8376289E+02   2.8228307E+02   0.0000000E+00   0.0000000E+00   0.0000000E+00   0.0000000E+00
   1.0517024E+01   2.4944297E+02   2.4944297E+02   1.5660385E-06   1.9150312E-08   2.3428216E-06   2.4824951E+02   2.4944297E+02   2.4814213E+02   0.0000000E+00   0.0000000E+00   0.0000000E+00   0.0000000E+00
