#           k/h    CDM            baryon         photon         nu             mass_nu        total          no_nu          total_de       Weyl           v_CDM          v_b            v_b-v_c     
   1.1027674E-05   1.8740836E+07   1.8740836E+07   2.4977404E+07   8.7276890E+05   1.4630115E+07   1.8740859E+07   1.8740836E+07   9.1645555E+06   0.0000000E+00   0.0000000E+00   0.0000000E+00   0.0000000E+00
   1.1850425E-05   1.8740818E+07   1.8740818E+07   2.4975774E+07   8.7275406E+05   1.4629788E+07   1.8740841E+07   1.8740818E+07   9.1645466E+06   0.0000000E+00   0.0000000E+00   0.0000000E+00   0.0000000E+00
   1.2734560E-05   1.8740798E+07   1.8740798E+07   2.4973892E+07   8.7273691E+05   1.4629410E+07   1.8740820E+07   1.8740798E+07   9.1645362E+06   0.0000000E+00   0.0000000E+00   0.0000000E+00   0.0000000E+00
   1.3684657E-05   1.8740773E+07   1.8740773E+07   2.4971718E+07   8.7271712E+05   1.4628974E+07   1.8740796E+07   1.8740773E+07   9.1645243E+06   0.0000000E+00   0.0000000E+00   0.0000000E+00   0.0000000E+00
   1.4705640E-05   1.8740746E+07   1.8740746E+07   2.4969209E+07   8.7269426E+05   1.4628471E+07   1.8740768E+07   1.8740746E+07   9.1645105E+06   0.0000000E+00   0.0000000E+00   0.0000000E+00   0.0000000E+00
   1.5802796E-05   1.8740713E+07   1.8740713E+07   2.4966311E+07   8.7266786E+05   1.4627890E+07   1.8740735E+07   1.8740713E+07   9.1644945E+06   0.0000000E+00   0.0000000E+00   0.0000000E+00   0.0000000E+00
   1.6981808E-05   1.8740676E+07   1.8740676E+07   2.4962965E+07   8.7263738E+05   1.4627218E+07   1.8740698E+07   1.8740676E+07   9.1644761E+06   0.0000000E+00   0.0000000E+00   0.0000000E+00   0.0000000E+00
   1.8248784E-05   1.8740633E+07   1.8740633E+07   2.4959102E+07   8.7260219E+05   1.4626443E+07   1.8740654E+07   1.8740633E+07   9.1644549E+06   0.0000000E+00   0.0000000E+00   0.0000000E+00   0.0000000E+00
   1.9610286E-05   1.8740584E+07   1.8740584E+07   2.4954641E+07   8.7256155E+05   1.4625548E+07   1.8740604E+07   1.8740584E+07   9.1644304E+06   0.0000000E+00   0.0000000E+00   0.0000000E+00   0.0000000E+00
   2.1073367E-05   1.8740527E+07   1.8740527E+07   2.4949491E+07   8.7251462E+05   1.4624515E+07   1.8740547E+07   1.8740527E+07   9.1644021E+06   0.0000000E+00   0.0000000E+00   0.0000000E+00   0.0000000E+00
   2.2645605E-05   1.8740461E+07   1.8740461E+07   2.4943546E+07   8.7246043E+05   1.4623322E+07   1.8740480E+07   1.8740461E+07   9.1643694E+06   0.0000000E+00   0.0000000E+00   0.0000000E+00   0.0000000E+00
   2.4335144E-05   1.8740385E+07   1.8740385E+07   2.4936681E+07   8.7239786E+05   1.4621944E+07   1.8740403E+07   1.8740385E+07   9.1643316E+06   0.0000000E+00   0.0000000E+00   0.0000000E+00   0.0000000E+00
   2.6150737E-05   1.8740297E+07   1.8740297E+07   2.4928757E+07   8.7232562E+05   1.4620353E+07   1.8740314E+07   1.8740297E+07   9.1642880E+06   0.0000000E+00   0.0000000E+00   0.0000000E+00   0.0000000E+00
   2.8101786E-05   1.8740195E+07   1.8740195E+07   2.4919608E+07   8.7224220E+05   1.4618516E+07   1.8740212E+07   1.8740195E+07   9.1642377E+06   0.0000000E+00   0.0000000E+00   0.0000000E+00   0.0000000E+00
   3.0198400E-05   1.8740078E+07   1.8740078E+07   2.4909048E+07   8.7214589E+05   1.4616395E+07   1.8740093E+07   1.8740078E+07   9.1641795E+06   0.0000000E+00   0.0000000E+00   0.0000000E+00   0.0000000E+00
   3.2451437E-05   1.8739942E+07   1.8739942E+07   2.4896859E+07   8.7203468E+05   1.4613947E+07   1.8739957E+07   1.8739942E+07   9.1641124E+06   0.0000000E+00   0.0000000E+00   0.0000000E+00   0.0000000E+00
   3.4872568E-05   1.8739786E+07   1.8739786E+07   2.4882790E+07   8.7190629E+05   1.4611120E+07   1.8739799E+07   1.8739786E+07   9.1640349E+06   0.0000000E+00   0.0000000E+00   0.0000000E+00   0.0000000E+00
   3.7474334E-05   1.8739605E+07   1.8739605E+07   2.4866553E+07   8.7175806E+05   1.4607857E+07   1.8739616E+07   1.8739605E+07   9.1639455E+06   0.0000000E+00   0.0000000E+00   0.0000000E+00   0.0000000E+00
   4.0270213E-05   1.8739397E+07   1.8739397E+07   2.4847815E+07   8.7158693E+05   1.4604089E+07   1.8739406E+07   1.8739397E+07   9.1638422E+06   0.0000000E+00   0.0000000E+00   0.0000000E+00   0.0000000E+00
   4.3274686E-05   1.8739156E+07   1.8739156E+07   2.4826193E+07   8.7138937E+05   1.4599741E+07   1.8739163E+07   1.8739156E+07   9.1637230E+06   0.0000000E+00   0.0000000E+00   0.0000000E+00   0.0000000E+00
   4.6503317E-05   1.8738878E+07   1.8738878E+07   2.4801248E+07   8.7116131E+05   1.4594721E+07   1.8738882E+07   1.8738878E+07   9.1635853E+06   0.0000000E+00   0.0000000E+00   0.0000000E+00   0.0000000E+00
   4.9972828E-05   1.8738557E+07   1.8738557E+07   2.4772471E+07   8.7089806E+05   1.4588927E+07   1.8738559E+07   1.8738557E+07   9.1634265E+06   0.0000000E+00   0.0000000E+00   0.0000000E+00   0.0000000E+00
   5.3701192E-05   1.8738187E+07   1.8738187E+07   2.4739279E+07   8.7059419E+05   1.4582240E+07   1.8738185E+07   1.8738187E+07   9.1632431E+06   0.0000000E+00   0.0000000E+00   0.0000000E+00   0.0000000E+00
   5.7707722E-05   1.8737760E+07   1.8737760E+07   2.4701003E+07   8.7024348E+05   1.4574524E+07   1.8737753E+07   1.8737760E+07   9.1630314E+06   0.0000000E+00   0.0000000E+00   0.0000000E+00   0.0000000E+00
   6.2013169E-05   1.8737266E+07   1.8737266E+07   2.4656873E+07   8.6983873E+05   1.4565620E+07   1.8737255E+07   1.8737266E+07   9.1627871E+06   0.0000000E+00   0.0000000E+00   0.0000000E+00   0.0000000E+00
   6.6639837E-05   1.8736697E+07   1.8736697E+07   2.4606006E+07   8.6937167E+05   1.4555347E+07   1.8736680E+07   1.8736697E+07   9.1625052E+06   0.0000000E+00   0.0000000E+00   0.0000000E+00   0.0000000E+00
   7.1611691E-05   1.8736040E+07   1.8736040E+07   2.4547390E+07   8.6883274E+05   1.4543496E+07   1.8736017E+07   1.8736040E+07   9.1621800E+06   0.0000000E+00   0.0000000E+00   0.0000000E+00   0.0000000E+00
   7.6954483E-05   1.8735282E+07   1.8735282E+07   2.4479868E+07   8.6821099E+05   1.4529827E+07   1.8735252E+07   1.8735282E+07   9.1618047E+06   0.0000000E+00   0.0000000E+00   0.0000000E+00   0.0000000E+00
   8.2695890E-05   1.8734407E+07   1.8734407E+07   2.4402115E+07   8.6749378E+05   1.4514063E+07   1.8734369E+07   1.8734407E+07   9.1613718E+06   0.0000000E+00   0.0000000E+00   0.0000000E+00   0.0000000E+00
   8.8865651E-05   1.8733398E+07   1.8733398E+07   2.4312621E+07   8.6666659E+05   1.4495889E+07   1.8733350E+07   1.8733398E+07   9.1608725E+06   0.0000000E+00   0.0000000E+00   0.0000000E+00   0.0000000E+00
   9.5495724E-05   1.8732234E+07   1.8732234E+07   2.4209666E+07   8.6571274E+05   1.4474940E+07   1.8732175E+07   1.8732234E+07   9.1602967E+06   0.0000000E+00   0.0000000E+00   0.0000000E+00   0.0000000E+00
   1.0262045E-04   1.8730892E+07   1.8730892E+07   2.4091294E+07   8.6461309E+05   1.4450799E+07   1.8730820E+07   1.8730892E+07   9.1596330E+06   0.0000000E+00   0.0000000E+00   0.0000000E+00   0.0000000E+00
   1.1027674E-04   1.8729345E+07   1.8729345E+07   2.3955289E+07   8.6334568E+05   1.4422989E+07   1.8729257E+07   1.8729345E+07   9.1588679E+06   0.0000000E+00   0.0000000E+00   0.0000000E+00   0.0000000E+00
   1.1850425E-04   1.8727561E+07   1.8727561E+07   2.3799147E+07   8.6188535E+05   1.4390965E+07   1.8727456E+07   1.8727561E+07   9.1579863E+06   0.0000000E+00   0.0000000E+00   0.0000000E+00   0.0000000E+00
   1.2734560E-04   1.8725505E+07   1.8725505E+07   2.3620049E+07   8.6020330E+05   1.4354104E+07   1.8725381E+07   1.8725505E+07   9.1569708E+06   0.0000000E+00   0.0000000E+00   0.0000000E+00   0.0000000E+00
   1.3684657E-04   1.8723138E+07   1.8723138E+07   2.3414838E+07   8.5826665E+05   1.4311696E+07   1.8722990E+07   1.8723138E+07   9.1558015E+06   0.0000000E+00   0.0000000E+00   0.0000000E+00   0.0000000E+00
   1.4705640E-04   1.8720411E+07   1.8720411E+07   2.3179990E+07   8.5603787E+05   1.4262935E+07   1.8720237E+07   1.8720411E+07   9.1544557E+06   0.0000000E+00   0.0000000E+00   0.0000000E+00   0.0000000E+00
   1.5802796E-04   1.8717272E+07   1.8717272E+07   2.2911603E+07   8.5347426E+05   1.4206908E+07   1.8717068E+07   1.8717272E+07   9.1529076E+06   0.0000000E+00   0.0000000E+00   0.0000000E+00   0.0000000E+00
   1.6981808E-04   1.8713661E+07   1.8713661E+07   2.2605388E+07   8.5052730E+05   1.4142579E+07   1.8713422E+07   1.8713661E+07   9.1511278E+06   0.0000000E+00   0.0000000E+00   0.0000000E+00   0.0000000E+00
   1.8248784E-04   1.8709509E+07   1.8709509E+07   2.2256672E+07   8.4714205E+05   1.4068785E+07   1.8709230E+07   1.8709509E+07   9.1490831E+06   0.0000000E+00   0.0000000E+00   0.0000000E+00   0.0000000E+00
   1.9610286E-04   1.8704739E+07   1.8704739E+07   2.1860423E+07   8.4325647E+05   1.3984221E+07   1.8704413E+07   1.8704739E+07   9.1467357E+06   0.0000000E+00   0.0000000E+00   0.0000000E+00   0.0000000E+00
   2.1073367E-04   1.8699261E+07   1.8699261E+07   2.1411301E+07   8.3880078E+05   1.3887427E+07   1.8698881E+07   1.8699261E+07   9.1440435E+06   0.0000000E+00   0.0000000E+00   0.0000000E+00   0.0000000E+00
   2.2645605E-04   1.8692976E+07   1.8692976E+07   2.0903748E+07   8.3369683E+05   1.3776787E+07   1.8692535E+07   1.8692976E+07   9.1409588E+06   0.0000000E+00   0.0000000E+00   0.0000000E+00   0.0000000E+00
   2.4335144E-04   1.8685775E+07   1.8685775E+07   2.0332116E+07   8.2785754E+05   1.3650518E+07   1.8685262E+07   1.8685775E+07   9.1374288E+06   0.0000000E+00   0.0000000E+00   0.0000000E+00   0.0000000E+00
   2.6150737E-04   1.8677530E+07   1.8677530E+07   1.9690864E+07   8.2118652E+05   1.3506673E+07   1.8676936E+07   1.8677530E+07   9.1333946E+06   0.0000000E+00   0.0000000E+00   0.0000000E+00   0.0000000E+00
   2.8101786E-04   1.8668106E+07   1.8668106E+07   1.8974826E+07   8.1357784E+05   1.3343146E+07   1.8667418E+07   1.8668106E+07   9.1287916E+06   0.0000000E+00   0.0000000E+00   0.0000000E+00   0.0000000E+00
   3.0198400E-04   1.8657348E+07   1.8657348E+07   1.8179564E+07   8.0491613E+05   1.3157690E+07   1.8656552E+07   1.8657348E+07   9.1235489E+06   0.0000000E+00   0.0000000E+00   0.0000000E+00   0.0000000E+00
   3.2451437E-04   1.8645089E+07   1.8645089E+07   1.7301828E+07   7.9507714E+05   1.2947945E+07   1.8644169E+07   1.8645089E+07   9.1175901E+06   0.0000000E+00   0.0000000E+00   0.0000000E+00   0.0000000E+00
   3.4872568E-04   1.8631149E+07   1.8631149E+07   1.6340129E+07   7.8392883E+05   1.2711482E+07   1.8630087E+07   1.8631149E+07   9.1108334E+06   0.0000000E+00   0.0000000E+00   0.0000000E+00   0.0000000E+00
   3.7474334E-04   1.8615332E+07   1.8615332E+07   1.5295418E+07   7.7133331E+05   1.2445868E+07   1.8614107E+07   1.8615332E+07   9.1031924E+06   0.0000000E+00   0.0000000E+00   0.0000000E+00   0.0000000E+00
   4.0270213E-04   1.8597433E+07   1.8597433E+07   1.4171864E+07   7.5714968E+05   1.2148760E+07   1.8596021E+07   1.8597433E+07   9.0945780E+06   0.0000000E+00   0.0000000E+00   0.0000000E+00   0.0000000E+00
   4.3274686E-04   1.8577238E+07   1.8577238E+07   1.2977698E+07   7.4123817E+05   1.1818016E+07   1.8575613E+07   1.8577238E+07   9.0849001E+06   0.0000000E+00   0.0000000E+00   0.0000000E+00   0.0000000E+00
   4.6503317E-04   1.8554527E+07   1.8554527E+07   1.1726026E+07   7.2346562E+05   1.1451853E+07   1.8552659E+07   1.8554527E+07   9.0740702E+06   0.0000000E+00   0.0000000E+00   0.0000000E+00   0.0000000E+00
   4.9972828E-04   1.8529087E+07   1.8529087E+07   1.0435514E+07   7.0371267E+05   1.1049021E+07   1.8526941E+07   1.8529087E+07   9.0620051E+06   0.0000000E+00   0.0000000E+00   0.0000000E+00   0.0000000E+00
   5.3701192E-04   1.8500709E+07   1.8500709E+07   9.1307583E+06   6.8188266E+05   1.0609022E+07   1.8498249E+07   1.8500709E+07   9.0486311E+06   0.0000000E+00   0.0000000E+00   0.0000000E+00   0.0000000E+00
   5.7707722E-04   1.8469209E+07   1.8469209E+07   7.8420927E+06   6.5791228E+05   1.0132340E+07   1.8466392E+07   1.8469209E+07   9.0338884E+06   0.0000000E+00   0.0000000E+00   0.0000000E+00   0.0000000E+00
   6.2013169E-04   1.8434429E+07   1.8434429E+07   6.6045732E+06   6.3178360E+05   9.6206810E+06   1.8431208E+07   1.8434429E+07   9.0177370E+06   0.0000000E+00   0.0000000E+00   0.0000000E+00   0.0000000E+00
   6.6639837E-04   1.8396256E+07   1.8396256E+07   5.4558327E+06   6.0353705E+05   9.0771902E+06   1.8392580E+07   1.8396256E+07   9.0001613E+06   0.0000000E+00   0.0000000E+00   0.0000000E+00   0.0000000E+00
   7.1611691E-04   1.8354633E+07   1.8354633E+07   4.4326129E+06   5.7328406E+05   8.5066182E+06   1.8350446E+07   1.8354633E+07   8.9811749E+06   0.0000000E+00   0.0000000E+00   0.0000000E+00   0.0000000E+00
   7.6954483E-04   1.8309569E+07   1.8309569E+07   3.5659758E+06   5.4121807E+05   7.9153795E+06   1.8304809E+07   1.8309569E+07   8.9608226E+06   0.0000000E+00   0.0000000E+00   0.0000000E+00   0.0000000E+00
   8.2695890E-04   1.8261147E+07   1.8261147E+07   2.8756074E+06   5.0762150E+05   7.3114603E+06   1.8255750E+07   1.8261147E+07   8.9391812E+06   0.0000000E+00   0.0000000E+00   0.0000000E+00   0.0000000E+00
   8.8865651E-04   1.8209530E+07   1.8209530E+07   2.3642064E+06   4.7286658E+05   6.7041251E+06   1.8203427E+07   1.8209530E+07   8.9163544E+06   0.0000000E+00   0.0000000E+00   0.0000000E+00   0.0000000E+00
   9.5495724E-04   1.8154950E+07   1.8154950E+07   2.0136386E+06   4.3740718E+05   6.1033962E+06   1.8148070E+07   1.8154950E+07   8.8924643E+06   0.0000000E+00   0.0000000E+00   0.0000000E+00   0.0000000E+00
   1.0262045E-03   1.8097700E+07   1.8097700E+07   1.7850515E+06   4.0176013E+05   5.5193193E+06   1.8089969E+07   1.8097700E+07   8.8676370E+06   0.0000000E+00   0.0000000E+00   0.0000000E+00   0.0000000E+00
   1.1027674E-03   1.8038100E+07   1.8038100E+07   1.6250171E+06   3.6647531E+05   4.9610909E+06   1.8029445E+07   1.8038100E+07   8.8419847E+06   0.0000000E+00   0.0000000E+00   0.0000000E+00   0.0000000E+00
   1.1850425E-03   1.7976467E+07   1.7976467E+07   1.4783933E+06   3.3209679E+05   4.4361900E+06   1.7966817E+07   1.7976467E+07   8.8155860E+06   0.0000000E+00   0.0000000E+00   0.0000000E+00   0.0000000E+00
   1.2734560E-03   1.7913069E+07   1.7913069E+07   1.3055853E+06   2.9911973E+05   3.9497137E+06   1.7902357E+07   1.7913069E+07   8.7884693E+06   0.0000000E+00   0.0000000E+00   0.0000000E+00   0.0000000E+00
   1.3684657E-03   1.7848087E+07   1.7848087E+07   1.0977595E+06   2.6795089E+05   3.5041160E+06   1.7836251E+07   1.7848087E+07   8.7606022E+06   0.0000000E+00   0.0000000E+00   0.0000000E+00   0.0000000E+00
   1.4705640E-03   1.7781584E+07   1.7781584E+07   8.8053049E+05   2.3888120E+05   3.0994632E+06   1.7768571E+07   1.7781584E+07   8.7318932E+06   0.0000000E+00   0.0000000E+00   0.0000000E+00   0.0000000E+00
   1.5802796E-03   1.7713488E+07   1.7713488E+07   6.9862577E+05   2.1207726E+05   2.7341468E+06   1.7699255E+07   1.7713488E+07   8.7022019E+06   0.0000000E+00   0.0000000E+00   0.0000000E+00   0.0000000E+00
   1.6981808E-03   1.7643604E+07   1.7643604E+07   5.8441123E+05   1.8759304E+05   2.4057859E+06   1.7628117E+07   1.7643604E+07   8.6713568E+06   0.0000000E+00   0.0000000E+00   0.0000000E+00   0.0000000E+00
   1.8248784E-03   1.7571625E+07   1.7571625E+07   5.2941782E+05   1.6539607E+05   2.1119423E+06   1.7554863E+07   1.7571625E+07   8.6391692E+06   0.0000000E+00   0.0000000E+00   0.0000000E+00   0.0000000E+00
   1.9610286E-03   1.7497170E+07   1.7497170E+07   4.8666866E+05   1.4539770E+05   1.8503653E+06   1.7479119E+07   1.7497170E+07   8.6054398E+06   0.0000000E+00   0.0000000E+00   0.0000000E+00   0.0000000E+00
   2.1073367E-03   1.7419801E+07   1.7419801E+07   4.1335449E+05   1.2747778E+05   1.6187946E+06   1.7400454E+07   1.7419801E+07   8.5699552E+06   0.0000000E+00   0.0000000E+00   0.0000000E+00   0.0000000E+00
   2.2645605E-03   1.7339044E+07   1.7339044E+07   3.1797002E+05   1.1149966E+05   1.4146573E+06   1.7318395E+07   1.7339044E+07   8.5324847E+06   0.0000000E+00   0.0000000E+00   0.0000000E+00   0.0000000E+00
   2.4335144E-03   1.7254393E+07   1.7254393E+07   2.5010884E+05   9.7317686E+04   1.2350546E+06   1.7232437E+07   1.7254393E+07   8.4927835E+06   0.0000000E+00   0.0000000E+00   0.0000000E+00   0.0000000E+00
   2.6150737E-03   1.7165319E+07   1.7165319E+07   2.2896581E+05   8.4780562E+04   1.0771350E+06   1.7142045E+07   1.7165319E+07   8.4506012E+06   0.0000000E+00   0.0000000E+00   0.0000000E+00   0.0000000E+00
   2.8101786E-03   1.7071271E+07   1.7071271E+07   2.1109006E+05   7.3733682E+04   9.3852522E+05   1.7046665E+07   1.7071271E+07   8.4056841E+06   0.0000000E+00   0.0000000E+00   0.0000000E+00   0.0000000E+00
   3.0198400E-03   1.6971683E+07   1.6971683E+07   1.6678346E+05   6.4024583E+04   8.1730225E+05   1.6945727E+07   1.6971683E+07   8.3577738E+06   0.0000000E+00   0.0000000E+00   0.0000000E+00   0.0000000E+00
   3.2451437E-03   1.6865986E+07   1.6865986E+07   1.3323606E+05   5.5511635E+04   7.1149351E+05   1.6838661E+07   1.6865986E+07   8.3066086E+06   0.0000000E+00   0.0000000E+00   0.0000000E+00   0.0000000E+00
   3.4872568E-03   1.6753607E+07   1.6753607E+07   1.2377857E+05   4.8066179E+04   6.1901275E+05   1.6724898E+07   1.6753607E+07   8.2519287E+06   0.0000000E+00   0.0000000E+00   0.0000000E+00   0.0000000E+00
   3.7474334E-03   1.6633973E+07   1.6633973E+07   1.0015381E+05   4.1566717E+04   5.3830899E+05   1.6603872E+07   1.6633973E+07   8.1934752E+06   0.0000000E+00   0.0000000E+00   0.0000000E+00   0.0000000E+00
   4.0270213E-03   1.6506512E+07   1.6506512E+07   8.1602020E+04   3.5901545E+04   4.6811237E+05   1.6475016E+07   1.6506512E+07   8.1309884E+06   0.0000000E+00   0.0000000E+00   0.0000000E+00   0.0000000E+00
   4.3274686E-03   1.6370661E+07   1.6370661E+07   7.6885857E+04   3.0973086E+04   4.0683944E+05   1.6337777E+07   1.6370661E+07   8.0642127E+06   0.0000000E+00   0.0000000E+00   0.0000000E+00   0.0000000E+00
   4.6503317E-03   1.6225863E+07   1.6225863E+07   5.7056584E+04   2.6690646E+04   3.5354522E+05   1.6191614E+07   1.6225863E+07   7.9928981E+06   0.0000000E+00   0.0000000E+00   0.0000000E+00   0.0000000E+00
   4.9972828E-03   1.6071578E+07   1.6071578E+07   5.3616583E+04   2.2974296E+04   3.0722546E+05   1.6036009E+07   1.6071578E+07   7.9168035E+06   0.0000000E+00   0.0000000E+00   0.0000000E+00   0.0000000E+00
   5.3701192E-03   1.5907287E+07   1.5907287E+07   4.2115611E+04   1.9753910E+04   2.6685847E+05   1.5870460E+07   1.5907287E+07   7.8356954E+06   0.0000000E+00   0.0000000E+00   0.0000000E+00   0.0000000E+00
   5.7707722E-03   1.5732488E+07   1.5732488E+07   3.8222821E+04   1.6965989E+04   2.3183728E+05   1.5694468E+07   1.5732488E+07   7.7493390E+06   0.0000000E+00   0.0000000E+00   0.0000000E+00   0.0000000E+00
   6.2013169E-03   1.5546692E+07   1.5546692E+07   2.9416970E+04   1.4555559E+04   2.0132148E+05   1.5507529E+07   1.5546692E+07   7.6574971E+06   0.0000000E+00   0.0000000E+00   0.0000000E+00   0.0000000E+00
   6.6639837E-03   1.5349414E+07   1.5349414E+07   2.7666580E+04   1.2473292E+04   1.7476602E+05   1.5309165E+07   1.5349414E+07   7.5599437E+06   0.0000000E+00   0.0000000E+00   0.0000000E+00   0.0000000E+00
   7.1611691E-03   1.5140179E+07   1.5140179E+07   2.1862390E+04   1.0676171E+04   1.5172046E+05   1.5098935E+07   1.5140179E+07   7.4564684E+06   0.0000000E+00   0.0000000E+00   0.0000000E+00   0.0000000E+00
   7.6954483E-03   1.4918534E+07   1.4918534E+07   1.7904483E+04   9.1270872E+03   1.3162218E+05   1.4876406E+07   1.4918534E+07   7.3468661E+06   0.0000000E+00   0.0000000E+00   0.0000000E+00   0.0000000E+00
   8.2695890E-03   1.4684054E+07   1.4684054E+07   1.6124797E+04   7.7929883E+03   1.1416156E+05   1.4641143E+07   1.4684054E+07   7.2309289E+06   0.0000000E+00   0.0000000E+00   0.0000000E+00   0.0000000E+00
   8.8865651E-03   1.4436330E+07   1.4436330E+07   1.4081938E+04   6.6450933E+03   9.8980090E+04   1.4392742E+07   1.4436330E+07   7.1084621E+06   0.0000000E+00   0.0000000E+00   0.0000000E+00   0.0000000E+00
   9.5495724E-03   1.4174966E+07   1.4174966E+07   1.1578749E+04   5.6584427E+03   8.5769813E+04   1.4130822E+07   1.4174966E+07   6.9792833E+06   0.0000000E+00   0.0000000E+00   0.0000000E+00   0.0000000E+00
   1.0262045E-02   1.3899579E+07   1.3899579E+07   9.5122654E+03   4.8112831E+03   7.4262484E+04   1.3855010E+07   1.3899579E+07   6.8432130E+06   0.0000000E+00   0.0000000E+00   0.0000000E+00   0.0000000E+00
   1.1027674E-02   1.3609817E+07   1.3609817E+07   8.0638177E+03   4.0846445E+03   6.4243207E+04   1.3564955E+07   1.3609817E+07   6.7000813E+06   0.0000000E+00   0.0000000E+00   0.0000000E+00   0.0000000E+00
   1.1850425E-02   1.3305360E+07   1.3305360E+07   6.9043849E+03   3.4620366E+03   5.5517103E+04   1.3260341E+07   1.3305360E+07   6.5497360E+06   0.0000000E+00   0.0000000E+00   0.0000000E+00   0.0000000E+00
   1.2734560E-02   1.2985919E+07   1.2985919E+07   5.8733437E+03   2.9291876E+03   4.7918848E+04   1.2940895E+07   1.2985919E+07   6.3920447E+06   0.0000000E+00   0.0000000E+00   0.0000000E+00   0.0000000E+00
   1.3684657E-02   1.2651263E+07   1.2651263E+07   4.6686676E+03   2.4737073E+03   4.1299095E+04   1.2606374E+07   1.2651263E+07   6.2268906E+06   0.0000000E+00   0.0000000E+00   0.0000000E+00   0.0000000E+00
   1.4705640E-02   1.2301228E+07   1.2301228E+07   3.7606217E+03   2.0848284E+03   3.5559024E+04   1.2256630E+07   1.2301228E+07   6.0542022E+06   0.0000000E+00   0.0000000E+00   0.0000000E+00   0.0000000E+00
   1.5802796E-02   1.1935749E+07   1.1935749E+07   3.4310952E+03   1.7532996E+03   3.0548041E+04   1.1891591E+07   1.1935749E+07   5.8739464E+06   0.0000000E+00   0.0000000E+00   0.0000000E+00   0.0000000E+00
   1.6981808E-02   1.1554896E+07   1.1554896E+07   2.6200922E+03   1.4710627E+03   2.6199803E+04   1.1511332E+07   1.1554896E+07   5.6861617E+06   0.0000000E+00   0.0000000E+00   0.0000000E+00   0.0000000E+00
   1.8248784E-02   1.1158917E+07   1.1158917E+07   2.2699128E+03   1.2311925E+03   2.2409806E+04   1.1116097E+07   1.1158917E+07   5.4909703E+06   0.0000000E+00   0.0000000E+00   0.0000000E+00   0.0000000E+00
   1.9610286E-02   1.0748302E+07   1.0748302E+07   1.9660603E+03   1.0276829E+03   1.9130609E+04   1.0706377E+07   1.0748302E+07   5.2886158E+06   0.0000000E+00   0.0000000E+00   0.0000000E+00   0.0000000E+00
   2.1073366E-02   1.0323853E+07   1.0323853E+07   1.6301612E+03   8.5537677E+02   1.6284541E+04   1.0282964E+07   1.0323853E+07   5.0794904E+06   0.0000000E+00   0.0000000E+00   0.0000000E+00   0.0000000E+00
   2.2645601E-02   9.8867659E+06   9.8867659E+06   1.3391171E+03   7.0982103E+02   1.3819251E+04   9.8470505E+06   9.8867659E+06   4.8641842E+06   0.0000000E+00   0.0000000E+00   0.0000000E+00   0.0000000E+00
   2.4335121E-02   9.4387278E+06   9.4387278E+06   1.0579544E+03   5.8717782E+02   1.1689925E+04   9.4003126E+06   9.4387278E+06   4.6435263E+06   0.0000000E+00   0.0000000E+00   0.0000000E+00   0.0000000E+00
   2.6150617E-02   8.9820184E+06   8.9820184E+06   8.5424191E+02   4.8414617E+02   9.8608080E+03   8.9450167E+06   8.9820184E+06   4.4186367E+06   0.0000000E+00   0.0000000E+00   0.0000000E+00   0.0000000E+00
   2.8101247E-02   8.5196235E+06   8.5196235E+06   7.1787783E+02   3.9789142E+02   8.2829951E+03   8.4841325E+06   8.5196235E+06   4.1909830E+06   0.0000000E+00   0.0000000E+00   0.0000000E+00   0.0000000E+00
   3.0196275E-02   8.0553656E+06   8.0553656E+06   6.0435140E+02   3.2597668E+02   6.9388970E+03   8.0214618E+06   8.0553656E+06   3.9624439E+06   0.0000000E+00   0.0000000E+00   0.0000000E+00   0.0000000E+00
   3.2444062E-02   7.5940675E+06   7.5940675E+06   4.9081276E+02   2.6632368E+02   5.7943193E+03   7.5618023E+06   7.5940675E+06   3.7353896E+06   0.0000000E+00   0.0000000E+00   0.0000000E+00   0.0000000E+00
   3.4849848E-02   7.1417336E+06   7.1417336E+06   3.9828330E+02   2.1716568E+02   4.8260090E+03   7.1111274E+06   7.1417336E+06   3.5127716E+06   0.0000000E+00   0.0000000E+00   0.0000000E+00   0.0000000E+00
   3.7411845E-02   6.7056285E+06   6.7056285E+06   3.0108432E+02   1.7700217E+02   4.0167862E+03   6.6766652E+06   6.7056285E+06   3.2981604E+06   0.0000000E+00   0.0000000E+00   0.0000000E+00   0.0000000E+00
   4.0116208E-02   6.2939500E+06   6.2939500E+06   2.6629482E+02   1.4454193E+02   3.3474432E+03   6.2665720E+06   6.2939500E+06   3.0955858E+06   0.0000000E+00   0.0000000E+00   0.0000000E+00   0.0000000E+00
   4.2933703E-02   5.9147024E+06   5.9147024E+06   2.0442106E+02   1.1862683E+02   2.8014472E+03   5.8888116E+06   5.9147024E+06   2.9089818E+06   0.0000000E+00   0.0000000E+00   0.0000000E+00   0.0000000E+00
   4.5822569E-02   5.5737939E+06   5.5737939E+06   1.6512563E+02   9.8165547E+01   2.3595882E+03   5.5492598E+06   5.5737939E+06   2.7412513E+06   0.0000000E+00   0.0000000E+00   0.0000000E+00   0.0000000E+00
   4.8738904E-02   5.2732877E+06   5.2732877E+06   1.4355415E+02   8.2111089E+01   2.0066597E+03   5.2499641E+06   5.2732877E+06   2.5934059E+06   0.0000000E+00   0.0000000E+00   0.0000000E+00   0.0000000E+00
   5.1648659E-02   5.0110544E+06   5.0110544E+06   1.2614931E+02   6.9498181E+01   1.7252129E+03   4.9887977E+06   5.0110544E+06   2.4643952E+06   0.0000000E+00   0.0000000E+00   0.0000000E+00   0.0000000E+00
   5.4533463E-02   4.7819747E+06   4.7819747E+06   1.0637556E+02   5.9500641E+01   1.4986697E+03   4.7606580E+06   4.7819747E+06   2.3516989E+06   0.0000000E+00   0.0000000E+00   0.0000000E+00   0.0000000E+00
   5.7388998E-02   4.5796636E+06   4.5796636E+06   8.7671040E+01   5.1461837E+01   1.3131080E+03   4.5591838E+06   4.5796636E+06   2.2521746E+06   0.0000000E+00   0.0000000E+00   0.0000000E+00   0.0000000E+00
   6.0220079E-02   4.3977800E+06   4.3977800E+06   7.6426165E+01   4.4887025E+01   1.1587281E+03   4.3780585E+06   4.3977800E+06   2.1627021E+06   0.0000000E+00   0.0000000E+00   0.0000000E+00   0.0000000E+00
   6.3036112E-02   4.2307061E+06   4.2307061E+06   7.0391268E+01   3.9414725E+01   1.0289206E+03   4.2116868E+06   4.2307061E+06   2.0805175E+06   0.0000000E+00   0.0000000E+00   0.0000000E+00   0.0000000E+00
   6.5848155E-02   4.0737885E+06   4.0737885E+06   6.1302166E+01   3.4784456E+01   9.1805527E+02   4.0554337E+06   4.0737885E+06   2.0033312E+06   0.0000000E+00   0.0000000E+00   0.0000000E+00   0.0000000E+00
   6.8667356E-02   3.9233662E+06   3.9233662E+06   5.1513894E+01   3.0809039E+01   8.2093002E+02   3.9056536E+06   3.9233662E+06   1.9293424E+06   0.0000000E+00   0.0000000E+00   0.0000000E+00   0.0000000E+00
   7.1504273E-02   3.7767227E+06   3.7767227E+06   4.7687916E+01   2.7353584E+01   7.3534355E+02   3.7596410E+06   3.7767227E+06   1.8572145E+06   0.0000000E+00   0.0000000E+00   0.0000000E+00   0.0000000E+00
   7.4368638E-02   3.6320188E+06   3.6320188E+06   4.3957131E+01   2.4320487E+01   6.5995071E+02   3.6155642E+06   3.6320188E+06   1.7860428E+06   0.0000000E+00   0.0000000E+00   0.0000000E+00   0.0000000E+00
   7.7269359E-02   3.4882248E+06   3.4882248E+06   3.7699542E+01   2.1638761E+01   5.9241931E+02   3.4723973E+06   3.4882248E+06   1.7153205E+06   0.0000000E+00   0.0000000E+00   0.0000000E+00   0.0000000E+00
   8.0214598E-02   3.3450479E+06   3.3450479E+06   3.2247656E+01   1.9256405E+01   5.3141358E+02   3.3298485E+06   3.3450479E+06   1.6449035E+06   0.0000000E+00   0.0000000E+00   0.0000000E+00   0.0000000E+00
   8.3211887E-02   3.2028489E+06   3.2028489E+06   2.8384872E+01   1.7134885E+01   4.7645054E+02   3.1882764E+06   3.2028489E+06   1.5749690E+06   0.0000000E+00   0.0000000E+00   0.0000000E+00   0.0000000E+00
   8.6268243E-02   3.0625373E+06   3.0625373E+06   2.5281192E+01   1.5245056E+01   4.2708349E+02   3.0485862E+06   3.0625373E+06   1.5059639E+06   0.0000000E+00   0.0000000E+00   0.0000000E+00   0.0000000E+00
   8.9390273E-02   2.9254387E+06   2.9254387E+06   2.2768325E+01   1.3564146E+01   3.8286088E+02   2.9120969E+06   2.9254387E+06   1.4385401E+06   0.0000000E+00   0.0000000E+00   0.0000000E+00   0.0000000E+00
   9.2584261E-02   2.7931318E+06   2.7931318E+06   2.1129215E+01   1.2073407E+01   3.4321615E+02   2.7803797E+06   2.7931318E+06   1.3734736E+06   0.0000000E+00   0.0000000E+00   0.0000000E+00   0.0000000E+00
   9.5856245E-02   2.6672581E+06   2.6672581E+06   1.9002140E+01   1.0756364E+01   3.0763345E+02   2.6550685E+06   2.6672581E+06   1.3115716E+06   0.0000000E+00   0.0000000E+00   0.0000000E+00   0.0000000E+00
   9.9212080E-02   2.5493131E+06   2.5493131E+06   1.6053041E+01   9.5975752E+00   2.7645369E+02   2.5376515E+06   2.5493131E+06   1.2535692E+06   0.0000000E+00   0.0000000E+00   0.0000000E+00   0.0000000E+00
   1.0265749E-01   2.4404349E+06   2.4404349E+06   1.5179047E+01   8.5817693E+00   2.4866402E+02   2.4292615E+06   2.4404349E+06   1.2000259E+06   0.0000000E+00   0.0000000E+00   0.0000000E+00   0.0000000E+00
   1.0619810E-01   2.3412137E+06   2.3412137E+06   1.3316022E+01   7.6934156E+00   2.2451992E+02   2.3304857E+06   2.3412137E+06   1.1512320E+06   0.0000000E+00   0.0000000E+00   0.0000000E+00   0.0000000E+00
   1.0983950E-01   2.2515489E+06   2.2515489E+06   1.1488461E+01   6.9166212E+00   2.0301606E+02   2.2412236E+06   2.2515489E+06   1.1071377E+06   0.0000000E+00   0.0000000E+00   0.0000000E+00   0.0000000E+00
   1.1358723E-01   2.1705803E+06   2.1705803E+06   1.0358436E+01   6.2353716E+00   1.8405136E+02   2.1606189E+06   2.1705803E+06   1.0673200E+06   0.0000000E+00   0.0000000E+00   0.0000000E+00   0.0000000E+00
   1.1744683E-01   2.0967229E+06   2.0967229E+06   9.3474044E+00   5.6340131E+00   1.6730318E+02   2.0870938E+06   2.0967229E+06   1.0309996E+06   0.0000000E+00   0.0000000E+00   0.0000000E+00   0.0000000E+00
   1.2142385E-01   2.0278168E+06   2.0278168E+06   8.6923707E+00   5.0979145E+00   1.5233099E+02   2.0184980E+06   2.0278168E+06   9.9711411E+05   0.0000000E+00   0.0000000E+00   0.0000000E+00   0.0000000E+00
   1.2552389E-01   1.9613925E+06   1.9613925E+06   8.1522412E+00   4.6141936E+00   1.3853407E+02   1.9523734E+06   1.9613925E+06   9.6444940E+05   0.0000000E+00   0.0000000E+00   0.0000000E+00   0.0000000E+00
   1.2975255E-01   1.8950286E+06   1.8950286E+06   7.0224463E+00   4.1723456E+00   1.2602962E+02   1.8863095E+06   1.8950286E+06   9.3181469E+05   0.0000000E+00   0.0000000E+00   0.0000000E+00   0.0000000E+00
   1.3411551E-01   1.8267520E+06   1.8267520E+06   6.3448450E+00   3.7647070E+00   1.1423468E+02   1.8183424E+06   1.8267520E+06   8.9823977E+05   0.0000000E+00   0.0000000E+00   0.0000000E+00   0.0000000E+00
   1.3861849E-01   1.7554103E+06   1.7554103E+06   5.7509396E+00   3.3865709E+00   1.0328395E+02   1.7473248E+06   1.7554103E+06   8.6315798E+05   0.0000000E+00   0.0000000E+00   0.0000000E+00   0.0000000E+00
   1.4326726E-01   1.6809309E+06   1.6809309E+06   5.0653203E+00   3.0359531E+00   9.3085051E+01   1.6731846E+06   1.6809309E+06   8.2653363E+05   0.0000000E+00   0.0000000E+00   0.0000000E+00   0.0000000E+00
   1.4806769E-01   1.6043866E+06   1.6043866E+06   4.6467662E+00   2.7129615E+00   8.3659331E+01   1.5969895E+06   1.6043866E+06   7.8889420E+05   0.0000000E+00   0.0000000E+00   0.0000000E+00   0.0000000E+00
   1.5302568E-01   1.5278137E+06   1.5278137E+06   4.1598664E+00   2.4188740E+00   7.4865605E+01   1.5207666E+06   1.5278137E+06   7.5124101E+05   0.0000000E+00   0.0000000E+00   0.0000000E+00   0.0000000E+00
   1.5814725E-01   1.4537811E+06   1.4537811E+06   3.7901409E+00   2.1550754E+00   6.7067540E+01   1.4470726E+06   1.4537811E+06   7.1483705E+05   0.0000000E+00   0.0000000E+00   0.0000000E+00   0.0000000E+00
   1.6343847E-01   1.3847752E+06   1.3847752E+06   3.3576015E+00   1.9220772E+00   6.0104178E+01   1.3783826E+06   1.3847752E+06   6.8090501E+05   0.0000000E+00   0.0000000E+00   0.0000000E+00   0.0000000E+00
   1.6890552E-01   1.3225406E+06   1.3225406E+06   3.0136068E+00   1.7188284E+00   5.3963012E+01   1.3164330E+06   1.3225406E+06   6.5030267E+05   0.0000000E+00   0.0000000E+00   0.0000000E+00   0.0000000E+00
   1.7455467E-01   1.2675584E+06   1.2675584E+06   2.5833954E+00   1.5424969E+00   4.8646308E+01   1.2617027E+06   1.2675584E+06   6.2326652E+05   0.0000000E+00   0.0000000E+00   0.0000000E+00   0.0000000E+00
   1.8039231E-01   1.2188470E+06   1.2188470E+06   2.3985012E+00   1.3887960E+00   4.3970245E+01   1.2132144E+06   1.2188470E+06   5.9931389E+05   0.0000000E+00   0.0000000E+00   0.0000000E+00   0.0000000E+00
   1.8642494E-01   1.1742019E+06   1.1742019E+06   2.1798106E+00   1.2527508E+00   3.9836351E+01   1.1687739E+06   1.1742019E+06   5.7736080E+05   0.0000000E+00   0.0000000E+00   0.0000000E+00   0.0000000E+00
   1.9265922E-01   1.1308592E+06   1.1308592E+06   1.9226642E+00   1.1297018E+00   3.6067385E+01   1.1256300E+06   1.1308592E+06   5.5604823E+05   0.0000000E+00   0.0000000E+00   0.0000000E+00   0.0000000E+00
   1.9910195E-01   1.0864059E+06   1.0864059E+06   1.7365608E+00   1.0162069E+00   3.2606733E+01   1.0813808E+06   1.0864059E+06   5.3418968E+05   0.0000000E+00   0.0000000E+00   0.0000000E+00   0.0000000E+00
   2.0576013E-01   1.0396254E+06   1.0396254E+06   1.5292884E+00   9.1054919E-01   2.9314830E+01   1.0348154E+06   1.0396254E+06   5.1118689E+05   0.0000000E+00   0.0000000E+00   0.0000000E+00   0.0000000E+00
   2.1264097E-01   9.9093228E+05   9.9093228E+05   1.3667353E+00   8.1265920E-01   2.6266492E+01   9.8634639E+05   9.9093228E+05   4.8724379E+05   0.0000000E+00   0.0000000E+00   0.0000000E+00   0.0000000E+00
   2.1975192E-01   9.4216624E+05   9.4216624E+05   1.2534043E+00   7.2348626E-01   2.3478921E+01   9.3780499E+05   9.4216624E+05   4.6326490E+05   0.0000000E+00   0.0000000E+00   0.0000000E+00   0.0000000E+00
   2.2710073E-01   8.9576465E+05   8.9576465E+05   1.0841902E+00   6.4407107E-01   2.0975685E+01   8.9161725E+05   8.9576465E+05   4.4044870E+05   0.0000000E+00   0.0000000E+00   0.0000000E+00   0.0000000E+00
   2.3469547E-01   8.5363808E+05   8.5363808E+05   9.6751539E-01   5.7470914E-01   1.8781259E+01   8.4968489E+05   8.5363808E+05   4.1973460E+05   0.0000000E+00   0.0000000E+00   0.0000000E+00   0.0000000E+00
   2.4254462E-01   8.1627128E+05   8.1627128E+05   8.8315810E-01   5.1456387E-01   1.6881439E+01   8.1249037E+05   8.1627128E+05   4.0136094E+05   0.0000000E+00   0.0000000E+00   0.0000000E+00   0.0000000E+00
   2.5065708E-01   7.8252943E+05   7.8252943E+05   7.7995406E-01   4.6188276E-01   1.5196787E+01   7.7890412E+05   7.8252943E+05   3.8476973E+05   0.0000000E+00   0.0000000E+00   0.0000000E+00   0.0000000E+00
   2.5904230E-01   7.5032153E+05   7.5032153E+05   6.9987531E-01   4.1466738E-01   1.3691119E+01   7.4684482E+05   7.5032153E+05   3.6893280E+05   0.0000000E+00   0.0000000E+00   0.0000000E+00   0.0000000E+00
   2.6771033E-01   7.1779167E+05   7.1779167E+05   6.4013430E-01   3.7142066E-01   1.2304025E+01   7.1446512E+05   7.1779167E+05   3.5293761E+05   0.0000000E+00   0.0000000E+00   0.0000000E+00   0.0000000E+00
   2.7667189E-01   6.8434940E+05   6.8434940E+05   5.6292001E-01   3.3155166E-01   1.1014896E+01   6.8117733E+05   6.8434940E+05   3.3649383E+05   0.0000000E+00   0.0000000E+00   0.0000000E+00   0.0000000E+00
   2.8593855E-01   6.5088541E+05   6.5088541E+05   5.0564038E-01   2.9523539E-01   9.8498877E+00   6.4786801E+05   6.5088541E+05   3.2003941E+05   0.0000000E+00   0.0000000E+00   0.0000000E+00   0.0000000E+00
   2.9552277E-01   6.1901193E+05   6.1901193E+05   4.4548283E-01   2.6286454E-01   8.7861118E+00   6.1614188E+05   6.1901193E+05   3.0436707E+05   0.0000000E+00   0.0000000E+00   0.0000000E+00   0.0000000E+00
   3.0543810E-01   5.8984718E+05   5.8984718E+05   3.9704468E-01   2.3448305E-01   7.8623880E+00   5.8711199E+05   5.8984718E+05   2.9002663E+05   0.0000000E+00   0.0000000E+00   0.0000000E+00   0.0000000E+00
   3.1569933E-01   5.6323639E+05   5.6323639E+05   3.5991416E-01   2.0958697E-01   7.0481172E+00   5.6062426E+05   5.6323639E+05   2.7694200E+05   0.0000000E+00   0.0000000E+00   0.0000000E+00   0.0000000E+00
   3.2632267E-01   5.3800511E+05   5.3800511E+05   3.2101453E-01   1.8737653E-01   6.3214944E+00   5.3550970E+05   5.3800511E+05   2.6453570E+05   0.0000000E+00   0.0000000E+00   0.0000000E+00   0.0000000E+00
   3.3732597E-01   5.1301244E+05   5.1301244E+05   2.8410870E-01   1.6720706E-01   5.6547276E+00   5.1063269E+05   5.1301244E+05   2.5224674E+05   0.0000000E+00   0.0000000E+00   0.0000000E+00   0.0000000E+00
   3.4872903E-01   4.8807132E+05   4.8807132E+05   2.5302501E-01   1.4884594E-01   5.0459980E+00   4.8580703E+05   4.8807132E+05   2.3998315E+05   0.0000000E+00   0.0000000E+00   0.0000000E+00   0.0000000E+00
   3.6055384E-01   4.6391134E+05   4.6391134E+05   2.2636917E-01   1.3235142E-01   4.4991011E+00   4.6175892E+05   4.6391134E+05   2.2810365E+05   0.0000000E+00   0.0000000E+00   0.0000000E+00   0.0000000E+00
   3.7282499E-01   4.4127950E+05   4.4127950E+05   2.0142631E-01   1.1774447E-01   4.0134923E+00   4.3923190E+05   4.4127950E+05   2.1697556E+05   0.0000000E+00   0.0000000E+00   0.0000000E+00   0.0000000E+00
   3.8557014E-01   4.2014807E+05   4.2014807E+05   1.7885968E-01   1.0481751E-01   3.5839515E+00   4.1819835E+05   4.2014807E+05   2.0658523E+05   0.0000000E+00   0.0000000E+00   0.0000000E+00   0.0000000E+00
   3.9882047E-01   3.9986044E+05   3.9986044E+05   1.5912378E-01   9.3238304E-02   3.1937591E+00   3.9800470E+05   3.9986044E+05   1.9660980E+05   0.0000000E+00   0.0000000E+00   0.0000000E+00   0.0000000E+00
   4.1261143E-01   3.7995544E+05   3.7995544E+05   1.4096486E-01   8.2773831E-02   2.8434173E+00   3.7819194E+05   3.7995544E+05   1.8682252E+05   0.0000000E+00   0.0000000E+00   0.0000000E+00   0.0000000E+00
   4.2698348E-01   3.6061444E+05   3.6061444E+05   1.2504783E-01   7.3361291E-02   2.5244104E+00   3.5894058E+05   3.6061444E+05   1.7731257E+05   0.0000000E+00   0.0000000E+00   0.0000000E+00   0.0000000E+00
   4.4198306E-01   3.4222048E+05   3.4222048E+05   1.1085579E-01   6.4974423E-02   2.2422765E+00   3.4063189E+05   3.4222048E+05   1.6826829E+05   0.0000000E+00   0.0000000E+00   0.0000000E+00   0.0000000E+00
   4.5766390E-01   3.2474452E+05   3.2474452E+05   9.7842079E-02   5.7503998E-02   1.9889233E+00   3.2323695E+05   3.2474452E+05   1.5967538E+05   0.0000000E+00   0.0000000E+00   0.0000000E+00   0.0000000E+00
   4.7408845E-01   3.0784931E+05   3.0784931E+05   8.6604431E-02   5.0800790E-02   1.7604559E+00   3.0642009E+05   3.0784931E+05   1.5136805E+05   0.0000000E+00   0.0000000E+00   0.0000000E+00   0.0000000E+00
   4.9132989E-01   2.9142605E+05   2.9142605E+05   7.6280793E-02   4.4774934E-02   1.5553289E+00   2.9007298E+05   2.9142605E+05   1.4329276E+05   0.0000000E+00   0.0000000E+00   0.0000000E+00   0.0000000E+00
   5.0947459E-01   2.7562895E+05   2.7562895E+05   6.7053390E-02   3.9385351E-02   1.3706951E+00   2.7434915E+05   2.7562895E+05   1.3552537E+05   0.0000000E+00   0.0000000E+00   0.0000000E+00   0.0000000E+00
   5.2862525E-01   2.6046090E+05   2.6046090E+05   5.8881578E-02   3.4570298E-02   1.2056081E+00   2.5925147E+05   2.6046090E+05   1.2806729E+05   0.0000000E+00   0.0000000E+00   0.0000000E+00   0.0000000E+00
   5.4890494E-01   2.4575651E+05   2.4575651E+05   5.1492037E-02   3.0253033E-02   1.0574136E+00   2.4461530E+05   2.4575651E+05   1.2083719E+05   0.0000000E+00   0.0000000E+00   0.0000000E+00   0.0000000E+00
   5.7046239E-01   2.3148633E+05   2.3148633E+05   4.4925996E-02   2.6383405E-02   9.2376713E-01   2.3041134E+05   2.3148633E+05   1.1382059E+05   0.0000000E+00   0.0000000E+00   0.0000000E+00   0.0000000E+00
   5.9347869E-01   2.1767869E+05   2.1767869E+05   3.9030304E-02   2.2922738E-02   8.0483369E-01   2.1666777E+05   2.1767869E+05   1.0703142E+05   0.0000000E+00   0.0000000E+00   0.0000000E+00   0.0000000E+00
   6.1817593E-01   2.0425323E+05   2.0425323E+05   3.3741425E-02   1.9824722E-02   6.9708202E-01   2.0330461E+05   2.0425323E+05   1.0043017E+05   0.0000000E+00   0.0000000E+00   0.0000000E+00   0.0000000E+00
   6.4482817E-01   1.9116697E+05   1.9116697E+05   2.9021823E-02   1.7052521E-02   6.0117054E-01   1.9027909E+05   1.9116697E+05   9.3995715E+04   0.0000000E+00   0.0000000E+00   0.0000000E+00   0.0000000E+00
   6.7377475E-01   1.7840483E+05   1.7840483E+05   2.4805930E-02   1.4576120E-02   5.1505774E-01   1.7757619E+05   1.7840483E+05   8.7720628E+04   0.0000000E+00   0.0000000E+00   0.0000000E+00   0.0000000E+00
   7.0543572E-01   1.6591770E+05   1.6591770E+05   2.1043208E-02   1.2366417E-02   4.3780645E-01   1.6514703E+05   1.6591770E+05   8.1580764E+04   0.0000000E+00   0.0000000E+00   0.0000000E+00   0.0000000E+00
   7.4032707E-01   1.5368751E+05   1.5368751E+05   1.7696762E-02   1.0400609E-02   3.6886549E-01   1.5297362E+05   1.5368751E+05   7.5567237E+04   0.0000000E+00   0.0000000E+00   0.0000000E+00   0.0000000E+00
   7.7907089E-01   1.4169647E+05   1.4169647E+05   1.4732150E-02   8.6591168E-03   3.0772097E-01   1.4103826E+05   1.4169647E+05   6.9671303E+04   0.0000000E+00   0.0000000E+00   0.0000000E+00   0.0000000E+00
   8.2238971E-01   1.2995141E+05   1.2995141E+05   1.2123842E-02   7.1268112E-03   2.5385055E-01   1.2934773E+05   1.2995141E+05   6.3896316E+04   0.0000000E+00   0.0000000E+00   0.0000000E+00   0.0000000E+00
   8.7106865E-01   1.1848688E+05   1.1848688E+05   9.8580986E-03   5.7921030E-03   2.0678690E-01   1.1793644E+05   1.1848688E+05   5.8259268E+04   0.0000000E+00   0.0000000E+00   0.0000000E+00   0.0000000E+00
   9.2586919E-01   1.0737943E+05   1.0737943E+05   7.9035754E-03   4.6461550E-03   1.6623708E-01   1.0688057E+05   1.0737943E+05   5.2797793E+04   0.0000000E+00   0.0000000E+00   0.0000000E+00   0.0000000E+00
   9.8740110E-01   9.6746308E+04   9.6746308E+04   6.2600815E-03   3.6806118E-03   1.3197496E-01   9.6296840E+04   9.6746308E+04   4.7569549E+04   0.0000000E+00   0.0000000E+00   0.0000000E+00   0.0000000E+00
   1.0560089E+00   8.6724857E+04   8.6724857E+04   4.9053642E-03   2.8845784E-03   1.0369514E-01   8.6321936E+04   8.6724857E+04   4.2642059E+04   0.0000000E+00   0.0000000E+00   0.0000000E+00   0.0000000E+00
   1.1317632E+00   7.7435297E+04   7.7435297E+04   3.8128193E-03   2.2423459E-03   8.0753320E-02   7.7075526E+04   7.7435297E+04   3.8074437E+04   0.0000000E+00   0.0000000E+00   0.0000000E+00   0.0000000E+00
   1.2145894E+00   6.8951421E+04   6.8951421E+04   2.9480288E-03   1.7336440E-03   6.2579135E-02   6.8631060E+04   6.8951421E+04   3.3902967E+04   0.0000000E+00   0.0000000E+00   0.0000000E+00   0.0000000E+00
   1.3044485E+00   6.1290850E+04   6.1290850E+04   2.2717780E-03   1.3360368E-03   4.8305524E-02   6.1006076E+04   6.1290850E+04   3.0136311E+04   0.0000000E+00   0.0000000E+00   0.0000000E+00   0.0000000E+00
   1.4014547E+00   5.4421596E+04   5.4421596E+04   1.7474255E-03   1.0277577E-03   3.7222866E-02   5.4168733E+04   5.4421596E+04   2.6758741E+04   0.0000000E+00   0.0000000E+00   0.0000000E+00   0.0000000E+00
   1.5058982E+00   4.8286113E+04   4.8286113E+04   1.3426607E-03   7.8978606E-04   2.8653071E-02   4.8061755E+04   4.8286113E+04   2.3741963E+04   0.0000000E+00   0.0000000E+00   0.0000000E+00   0.0000000E+00
   1.6182126E+00   4.2818363E+04   4.2818363E+04   1.0309944E-03   6.0651021E-04   2.2035900E-02   4.2619408E+04   4.2818363E+04   2.1053505E+04   0.0000000E+00   0.0000000E+00   0.0000000E+00   0.0000000E+00
   1.7389334E+00   3.7950714E+04   3.7950714E+04   7.9164471E-04   4.6551546E-04   1.6947476E-02   3.7774374E+04   3.7950714E+04   1.8660113E+04   0.0000000E+00   0.0000000E+00   0.0000000E+00   0.0000000E+00
   1.8686689E+00   3.3621277E+04   3.3621277E+04   6.0704869E-04   3.5713350E-04   1.3008563E-02   3.3465053E+04   3.3621277E+04   1.6531357E+04   0.0000000E+00   0.0000000E+00   0.0000000E+00   0.0000000E+00
   2.0080857E+00   2.9772563E+04   2.9772563E+04   4.6546782E-04   2.7386324E-04   9.9978371E-03   2.9634222E+04   2.9772563E+04   1.4638970E+04   0.0000000E+00   0.0000000E+00   0.0000000E+00   0.0000000E+00
   2.1579046E+00   2.6353398E+04   2.6353398E+04   3.5677016E-04   2.0992072E-04   7.6673584E-03   2.6230943E+04   2.6353398E+04   1.2957789E+04   0.0000000E+00   0.0000000E+00   0.0000000E+00   0.0000000E+00
   2.3189011E+00   2.3317334E+04   2.3317334E+04   2.7334811E-04   1.6084171E-04   5.8829278E-03   2.3208985E+04   2.3317334E+04   1.1464976E+04   0.0000000E+00   0.0000000E+00   0.0000000E+00   0.0000000E+00
   2.4919093E+00   2.0622877E+04   2.0622877E+04   2.0911684E-04   1.2318854E-04   4.5136481E-03   2.0527048E+04   2.0622877E+04   1.0140130E+04   0.0000000E+00   0.0000000E+00   0.0000000E+00   0.0000000E+00
   2.6778252E+00   1.8232803E+04   1.8232803E+04   1.6031678E-04   9.4313973E-05   3.4552523E-03   1.8148080E+04   1.8232803E+04   8.9649461E+03   0.0000000E+00   0.0000000E+00   0.0000000E+00   0.0000000E+00
   2.8776120E+00   1.6113729E+04   1.6113729E+04   1.2267211E-04   7.2180551E-05   2.6479361E-03   1.6038852E+04   1.6113729E+04   7.9230115E+03   0.0000000E+00   0.0000000E+00   0.0000000E+00   0.0000000E+00
   3.0923043E+00   1.4235804E+04   1.4235804E+04   9.3844048E-05   5.5221478E-05   2.0271692E-03   1.4169654E+04   1.4235804E+04   6.9996488E+03   0.0000000E+00   0.0000000E+00   0.0000000E+00   0.0000000E+00
   3.3230145E+00   1.2572340E+04   1.2572340E+04   7.1767772E-05   4.2232251E-05   1.5514873E-03   1.2513920E+04   1.2572340E+04   6.1817347E+03   0.0000000E+00   0.0000000E+00   0.0000000E+00   0.0000000E+00
   3.5709373E+00   1.1099487E+04   1.1099487E+04   5.4871029E-05   3.2287425E-05   1.1872976E-03   1.1047910E+04   1.1099487E+04   5.4575426E+03   0.0000000E+00   0.0000000E+00   0.0000000E+00   0.0000000E+00
   3.8373572E+00   9.7959525E+03   9.7959525E+03   4.1931005E-05   2.4676291E-05   9.0798663E-04   9.7504326E+03   9.7959525E+03   4.8166034E+03   0.0000000E+00   0.0000000E+00   0.0000000E+00   0.0000000E+00
   4.1236541E+00   8.6427425E+03   8.6427425E+03   3.2038025E-05   1.8853325E-05   6.9406360E-04   8.6025813E+03   8.6427425E+03   4.2495778E+03   0.0000000E+00   0.0000000E+00   0.0000000E+00   0.0000000E+00
   4.4313110E+00   7.6229246E+03   7.6229246E+03   2.4472203E-05   1.4399971E-05   5.3007022E-04   7.5875022E+03   7.6229246E+03   3.7481403E+03   0.0000000E+00   0.0000000E+00   0.0000000E+00   0.0000000E+00
   4.7619215E+00   6.7214144E+03   6.7214144E+03   1.8683628E-05   1.0995242E-05   4.0546159E-04   6.6901811E+03   6.7214144E+03   3.3048738E+03   0.0000000E+00   0.0000000E+00   0.0000000E+00   0.0000000E+00
   5.1171981E+00   5.9247825E+03   5.9247825E+03   1.4260950E-05   8.3930791E-06   3.0934424E-04   5.8972510E+03   5.9247825E+03   2.9131753E+03   0.0000000E+00   0.0000000E+00   0.0000000E+00   0.0000000E+00
   5.4989811E+00   5.2210806E+03   5.2210806E+03   1.0883762E-05   6.4049362E-06   2.3610299E-04   5.1968190E+03   5.2210806E+03   2.5671698E+03   0.0000000E+00   0.0000000E+00   0.0000000E+00   0.0000000E+00
   5.9092482E+00   4.5996845E+03   4.5996845E+03   8.3023089E-06   4.8863976E-06   1.8016875E-04   4.5783105E+03   4.5996845E+03   2.2616336E+03   0.0000000E+00   0.0000000E+00   0.0000000E+00   0.0000000E+00
   6.3501244E+00   4.0511531E+03   4.0511531E+03   6.3323128E-06   3.7268912E-06   1.3742663E-04   4.0323280E+03   4.0511531E+03   1.9919244E+03   0.0000000E+00   0.0000000E+00   0.0000000E+00   0.0000000E+00
   6.8238933E+00   3.5671007E+03   3.5671007E+03   4.8285726E-06   2.8417894E-06   1.0492826E-04   3.5505249E+03   3.5671007E+03   1.7539191E+03   0.0000000E+00   0.0000000E+00   0.0000000E+00   0.0000000E+00
   7.3330092E+00   3.1400837E+03   3.1400837E+03   3.6808926E-06   2.1663442E-06   8.0150928E-05   3.1254921E+03   3.1400837E+03   1.5439578E+03   0.0000000E+00   0.0000000E+00   0.0000000E+00   0.0000000E+00
   7.8801091E+00   2.7634977E+03   2.7634977E+03   2.8055473E-06   1.6510361E-06   6.1023692E-05   2.7506561E+03   2.7634977E+03   1.3587930E+03   0.0000000E+00   0.0000000E+00   0.0000000E+00   0.0000000E+00
   8.4680269E+00   2.4314864E+03   2.4314864E+03   2.1374069E-06   1.2580049E-06   4.6436786E-05   2.4201876E+03   2.4314864E+03   1.1955453E+03   0.0000000E+00   0.0000000E+00   0.0000000E+00   0.0000000E+00
   9.0998080E+00   2.1388587E+03   2.1388587E+03   1.6282058E-06   9.5831336E-07   3.5527515E-05   2.1289197E+03   2.1388587E+03   1.0516622E+03   0.0000000E+00   0.0000000E+00   0.0000000E+00   0.0000000E+00
   9.7787249E+00   1.8810157E+03   1.8810157E+03   1.2400230E-06   7.2985265E-07   2.6937610E-05   1.8722749E+03   1.8810157E+03   9.2488260E+02   0.0000000E+00   0.0000000E+00   0.0000000E+00   0.0000000E+00
   1.0508294E+01   1.6538849E+03   1.6538849E+03   9.4421099E-07   5.5573532E-07   2.0593286E-05   1.6461995E+03   1.6538849E+03   8.1320393E+02   0.0000000E+00   0.0000000E+00   0.0000000E+00   0.0000000E+00
