#           k/h    CDM            baryon         photon         nu             mass_nu        total          no_nu          total_de       Weyl           v_CDM          v_b            v_b-v_c     
   1.1027674E-05   1.3383124E+06   1.3383124E+06   1.7843668E+06   1.5112464E+04   1.9344000E+03   1.3389260E+06   1.3383124E+06   1.3376761E+06   0.0000000E+00   0.0000000E+00   0.0000000E+00   0.0000000E+00
   1.1850425E-05   1.3383123E+06   1.3383123E+06   1.7843589E+06   1.5112420E+04   1.9343799E+03   1.3389258E+06   1.3383123E+06   1.3376759E+06   0.0000000E+00   0.0000000E+00   0.0000000E+00   0.0000000E+00
   1.2734560E-05   1.3383121E+06   1.3383121E+06   1.7843498E+06   1.5112370E+04   1.9343566E+03   1.3389256E+06   1.3383121E+06   1.3376757E+06   0.0000000E+00   0.0000000E+00   0.0000000E+00   0.0000000E+00
   1.3684657E-05   1.3383119E+06   1.3383119E+06   1.7843392E+06   1.5112311E+04   1.9343297E+03   1.3389254E+06   1.3383119E+06   1.3376755E+06   0.0000000E+00   0.0000000E+00   0.0000000E+00   0.0000000E+00
   1.4705640E-05   1.3383116E+06   1.3383116E+06   1.7843270E+06   1.5112244E+04   1.9342987E+03   1.3389251E+06   1.3383116E+06   1.3376752E+06   0.0000000E+00   0.0000000E+00   0.0000000E+00   0.0000000E+00
   1.5802796E-05   1.3383113E+06   1.3383113E+06   1.7843129E+06   1.5112166E+04   1.9342629E+03   1.3389248E+06   1.3383113E+06   1.3376749E+06   0.0000000E+00   0.0000000E+00   0.0000000E+00   0.0000000E+00
   1.6981808E-05   1.3383110E+06   1.3383110E+06   1.7842967E+06   1.5112077E+04   1.9342215E+03   1.3389244E+06   1.3383110E+06   1.3376745E+06   0.0000000E+00   0.0000000E+00   0.0000000E+00   0.0000000E+00
   1.8248784E-05   1.3383106E+06   1.3383106E+06   1.7842779E+06   1.5111973E+04   1.9341737E+03   1.3389240E+06   1.3383106E+06   1.3376741E+06   0.0000000E+00   0.0000000E+00   0.0000000E+00   0.0000000E+00
   1.9610286E-05   1.3383102E+06   1.3383102E+06   1.7842562E+06   1.5111853E+04   1.9341185E+03   1.3389235E+06   1.3383102E+06   1.3376736E+06   0.0000000E+00   0.0000000E+00   0.0000000E+00   0.0000000E+00
   2.1073367E-05   1.3383097E+06   1.3383097E+06   1.7842312E+06   1.5111715E+04   1.9340548E+03   1.3389229E+06   1.3383097E+06   1.3376730E+06   0.0000000E+00   0.0000000E+00   0.0000000E+00   0.0000000E+00
   2.2645605E-05   1.3383091E+06   1.3383091E+06   1.7842023E+06   1.5111556E+04   1.9339813E+03   1.3389222E+06   1.3383091E+06   1.3376723E+06   0.0000000E+00   0.0000000E+00   0.0000000E+00   0.0000000E+00
   2.4335144E-05   1.3383084E+06   1.3383084E+06   1.7841689E+06   1.5111372E+04   1.9338963E+03   1.3389214E+06   1.3383084E+06   1.3376715E+06   0.0000000E+00   0.0000000E+00   0.0000000E+00   0.0000000E+00
   2.6150737E-05   1.3383076E+06   1.3383076E+06   1.7841304E+06   1.5111159E+04   1.9337982E+03   1.3389205E+06   1.3383076E+06   1.3376707E+06   0.0000000E+00   0.0000000E+00   0.0000000E+00   0.0000000E+00
   2.8101786E-05   1.3383067E+06   1.3383067E+06   1.7840858E+06   1.5110913E+04   1.9336849E+03   1.3389195E+06   1.3383067E+06   1.3376696E+06   0.0000000E+00   0.0000000E+00   0.0000000E+00   0.0000000E+00
   3.0198400E-05   1.3383057E+06   1.3383057E+06   1.7840344E+06   1.5110630E+04   1.9335541E+03   1.3389183E+06   1.3383057E+06   1.3376684E+06   0.0000000E+00   0.0000000E+00   0.0000000E+00   0.0000000E+00
   3.2451437E-05   1.3383044E+06   1.3383044E+06   1.7839751E+06   1.5110302E+04   1.9334031E+03   1.3389170E+06   1.3383044E+06   1.3376671E+06   0.0000000E+00   0.0000000E+00   0.0000000E+00   0.0000000E+00
   3.4872568E-05   1.3383030E+06   1.3383030E+06   1.7839065E+06   1.5109924E+04   1.9332287E+03   1.3389154E+06   1.3383030E+06   1.3376655E+06   0.0000000E+00   0.0000000E+00   0.0000000E+00   0.0000000E+00
   3.7474334E-05   1.3383014E+06   1.3383014E+06   1.7838274E+06   1.5109488E+04   1.9330273E+03   1.3389135E+06   1.3383014E+06   1.3376637E+06   0.0000000E+00   0.0000000E+00   0.0000000E+00   0.0000000E+00
   4.0270213E-05   1.3382996E+06   1.3382996E+06   1.7837360E+06   1.5108983E+04   1.9327947E+03   1.3389114E+06   1.3382996E+06   1.3376615E+06   0.0000000E+00   0.0000000E+00   0.0000000E+00   0.0000000E+00
   4.3274686E-05   1.3382974E+06   1.3382974E+06   1.7836304E+06   1.5108401E+04   1.9325262E+03   1.3389090E+06   1.3382974E+06   1.3376591E+06   0.0000000E+00   0.0000000E+00   0.0000000E+00   0.0000000E+00
   4.6503317E-05   1.3382949E+06   1.3382949E+06   1.7835086E+06   1.5107729E+04   1.9322162E+03   1.3389062E+06   1.3382949E+06   1.3376563E+06   0.0000000E+00   0.0000000E+00   0.0000000E+00   0.0000000E+00
   4.9972828E-05   1.3382920E+06   1.3382920E+06   1.7833678E+06   1.5106952E+04   1.9318582E+03   1.3389029E+06   1.3382920E+06   1.3376530E+06   0.0000000E+00   0.0000000E+00   0.0000000E+00   0.0000000E+00
   5.3701192E-05   1.3382887E+06   1.3382887E+06   1.7832053E+06   1.5106056E+04   1.9314449E+03   1.3388991E+06   1.3382887E+06   1.3376493E+06   0.0000000E+00   0.0000000E+00   0.0000000E+00   0.0000000E+00
   5.7707722E-05   1.3382849E+06   1.3382849E+06   1.7830177E+06   1.5105021E+04   1.9309677E+03   1.3388948E+06   1.3382849E+06   1.3376449E+06   0.0000000E+00   0.0000000E+00   0.0000000E+00   0.0000000E+00
   6.2013169E-05   1.3382805E+06   1.3382805E+06   1.7828011E+06   1.5103825E+04   1.9304168E+03   1.3388898E+06   1.3382805E+06   1.3376399E+06   0.0000000E+00   0.0000000E+00   0.0000000E+00   0.0000000E+00
   6.6639837E-05   1.3382754E+06   1.3382754E+06   1.7825509E+06   1.5102445E+04   1.9297807E+03   1.3388840E+06   1.3382754E+06   1.3376341E+06   0.0000000E+00   0.0000000E+00   0.0000000E+00   0.0000000E+00
   7.1611691E-05   1.3382695E+06   1.3382695E+06   1.7822621E+06   1.5100851E+04   1.9290464E+03   1.3388773E+06   1.3382695E+06   1.3376275E+06   0.0000000E+00   0.0000000E+00   0.0000000E+00   0.0000000E+00
   7.6954483E-05   1.3382626E+06   1.3382626E+06   1.7819286E+06   1.5099011E+04   1.9281987E+03   1.3388696E+06   1.3382626E+06   1.3376198E+06   0.0000000E+00   0.0000000E+00   0.0000000E+00   0.0000000E+00
   8.2695890E-05   1.3382548E+06   1.3382548E+06   1.7815436E+06   1.5096886E+04   1.9272201E+03   1.3388607E+06   1.3382548E+06   1.3376109E+06   0.0000000E+00   0.0000000E+00   0.0000000E+00   0.0000000E+00
   8.8865651E-05   1.3382457E+06   1.3382457E+06   1.7810991E+06   1.5094433E+04   1.9260905E+03   1.3388504E+06   1.3382457E+06   1.3376006E+06   0.0000000E+00   0.0000000E+00   0.0000000E+00   0.0000000E+00
   9.5495724E-05   1.3382352E+06   1.3382352E+06   1.7805859E+06   1.5091601E+04   1.9247868E+03   1.3388385E+06   1.3382352E+06   1.3375887E+06   0.0000000E+00   0.0000000E+00   0.0000000E+00   0.0000000E+00
   1.0262045E-04   1.3382231E+06   1.3382231E+06   1.7799934E+06   1.5088330E+04   1.9232821E+03   1.3388248E+06   1.3382231E+06   1.3375750E+06   0.0000000E+00   0.0000000E+00   0.0000000E+00   0.0000000E+00
   1.1027674E-04   1.3382091E+06   1.3382091E+06   1.7793095E+06   1.5084555E+04   1.9215456E+03   1.3388090E+06   1.3382091E+06   1.3375592E+06   0.0000000E+00   0.0000000E+00   0.0000000E+00   0.0000000E+00
   1.1850425E-04   1.3381930E+06   1.3381930E+06   1.7785200E+06   1.5080196E+04   1.9195419E+03   1.3387907E+06   1.3381930E+06   1.3375409E+06   0.0000000E+00   0.0000000E+00   0.0000000E+00   0.0000000E+00
   1.2734560E-04   1.3381743E+06   1.3381743E+06   1.7776086E+06   1.5075165E+04   1.9172301E+03   1.3387695E+06   1.3381743E+06   1.3375198E+06   0.0000000E+00   0.0000000E+00   0.0000000E+00   0.0000000E+00
   1.3684657E-04   1.3381528E+06   1.3381528E+06   1.7765568E+06   1.5069356E+04   1.9145631E+03   1.3387452E+06   1.3381528E+06   1.3374954E+06   0.0000000E+00   0.0000000E+00   0.0000000E+00   0.0000000E+00
   1.4705640E-04   1.3381279E+06   1.3381279E+06   1.7753429E+06   1.5062652E+04   1.9114869E+03   1.3387170E+06   1.3381279E+06   1.3374673E+06   0.0000000E+00   0.0000000E+00   0.0000000E+00   0.0000000E+00
   1.5802796E-04   1.3380992E+06   1.3380992E+06   1.7739420E+06   1.5054914E+04   1.9079393E+03   1.3386845E+06   1.3380992E+06   1.3374348E+06   0.0000000E+00   0.0000000E+00   0.0000000E+00   0.0000000E+00
   1.6981808E-04   1.3380661E+06   1.3380661E+06   1.7723256E+06   1.5045983E+04   1.9038490E+03   1.3386470E+06   1.3380661E+06   1.3373973E+06   0.0000000E+00   0.0000000E+00   0.0000000E+00   0.0000000E+00
   1.8248784E-04   1.3380279E+06   1.3380279E+06   1.7704606E+06   1.5035677E+04   1.8991340E+03   1.3386037E+06   1.3380279E+06   1.3373540E+06   0.0000000E+00   0.0000000E+00   0.0000000E+00   0.0000000E+00
   1.9610286E-04   1.3379837E+06   1.3379837E+06   1.7683092E+06   1.5023784E+04   1.8937005E+03   1.3385537E+06   1.3379837E+06   1.3373041E+06   0.0000000E+00   0.0000000E+00   0.0000000E+00   0.0000000E+00
   2.1073367E-04   1.3379328E+06   1.3379328E+06   1.7658278E+06   1.5010063E+04   1.8874411E+03   1.3384960E+06   1.3379328E+06   1.3372464E+06   0.0000000E+00   0.0000000E+00   0.0000000E+00   0.0000000E+00
   2.2645605E-04   1.3378739E+06   1.3378739E+06   1.7629663E+06   1.4994234E+04   1.8802328E+03   1.3384293E+06   1.3378739E+06   1.3371799E+06   0.0000000E+00   0.0000000E+00   0.0000000E+00   0.0000000E+00
   2.4335144E-04   1.3378060E+06   1.3378060E+06   1.7596671E+06   1.4975976E+04   1.8719353E+03   1.3383525E+06   1.3378060E+06   1.3371031E+06   0.0000000E+00   0.0000000E+00   0.0000000E+00   0.0000000E+00
   2.6150737E-04   1.3377277E+06   1.3377277E+06   1.7558643E+06   1.4954922E+04   1.8623890E+03   1.3382637E+06   1.3377277E+06   1.3370144E+06   0.0000000E+00   0.0000000E+00   0.0000000E+00   0.0000000E+00
   2.8101786E-04   1.3376372E+06   1.3376372E+06   1.7514824E+06   1.4930646E+04   1.8514121E+03   1.3381614E+06   1.3376372E+06   1.3369122E+06   0.0000000E+00   0.0000000E+00   0.0000000E+00   0.0000000E+00
   3.0198400E-04   1.3375329E+06   1.3375329E+06   1.7464346E+06   1.4902664E+04   1.8387987E+03   1.3380433E+06   1.3375329E+06   1.3367942E+06   0.0000000E+00   0.0000000E+00   0.0000000E+00   0.0000000E+00
   3.2451437E-04   1.3374125E+06   1.3374125E+06   1.7406221E+06   1.4870418E+04   1.8243162E+03   1.3379071E+06   1.3374125E+06   1.3366580E+06   0.0000000E+00   0.0000000E+00   0.0000000E+00   0.0000000E+00
   3.4872568E-04   1.3372736E+06   1.3372736E+06   1.7339320E+06   1.4833271E+04   1.8077025E+03   1.3377499E+06   1.3372736E+06   1.3365010E+06   0.0000000E+00   0.0000000E+00   0.0000000E+00   0.0000000E+00
   3.7474334E-04   1.3371134E+06   1.3371134E+06   1.7262358E+06   1.4790494E+04   1.7886638E+03   1.3375687E+06   1.3371134E+06   1.3363200E+06   0.0000000E+00   0.0000000E+00   0.0000000E+00   0.0000000E+00
   4.0270213E-04   1.3369287E+06   1.3369287E+06   1.7173872E+06   1.4741254E+04   1.7668726E+03   1.3373598E+06   1.3369287E+06   1.3361113E+06   0.0000000E+00   0.0000000E+00   0.0000000E+00   0.0000000E+00
   4.3274686E-04   1.3367158E+06   1.3367158E+06   1.7072209E+06   1.4684605E+04   1.7419659E+03   1.3371191E+06   1.3367158E+06   1.3358707E+06   0.0000000E+00   0.0000000E+00   0.0000000E+00   0.0000000E+00
   4.6503317E-04   1.3364703E+06   1.3364703E+06   1.6955497E+06   1.4619468E+04   1.7135450E+03   1.3368416E+06   1.3364703E+06   1.3355935E+06   0.0000000E+00   0.0000000E+00   0.0000000E+00   0.0000000E+00
   4.9972828E-04   1.3361874E+06   1.3361874E+06   1.6821632E+06   1.4544622E+04   1.6811757E+03   1.3365220E+06   1.3361874E+06   1.3352742E+06   0.0000000E+00   0.0000000E+00   0.0000000E+00   0.0000000E+00
   5.3701192E-04   1.3358615E+06   1.3358615E+06   1.6668254E+06   1.4458685E+04   1.6443911E+03   1.3361541E+06   1.3358615E+06   1.3349066E+06   0.0000000E+00   0.0000000E+00   0.0000000E+00   0.0000000E+00
   5.7707722E-04   1.3354863E+06   1.3354863E+06   1.6492735E+06   1.4360103E+04   1.6026973E+03   1.3357305E+06   1.3354863E+06   1.3344834E+06   0.0000000E+00   0.0000000E+00   0.0000000E+00   0.0000000E+00
   6.2013169E-04   1.3350544E+06   1.3350544E+06   1.6292163E+06   1.4247132E+04   1.5555822E+03   1.3352433E+06   1.3350544E+06   1.3339966E+06   0.0000000E+00   0.0000000E+00   0.0000000E+00   0.0000000E+00
   6.6639837E-04   1.3345575E+06   1.3345575E+06   1.6063339E+06   1.4117825E+04   1.5025297E+03   1.3346832E+06   1.3345575E+06   1.3334369E+06   0.0000000E+00   0.0000000E+00   0.0000000E+00   0.0000000E+00
   7.1611691E-04   1.3339862E+06   1.3339862E+06   1.5802779E+06   1.3970023E+04   1.4430410E+03   1.3340396E+06   1.3339862E+06   1.3327939E+06   0.0000000E+00   0.0000000E+00   0.0000000E+00   0.0000000E+00
   7.6954483E-04   1.3333297E+06   1.3333297E+06   1.5506736E+06   1.3801352E+04   1.3766631E+03   1.3333008E+06   1.3333297E+06   1.3320558E+06   0.0000000E+00   0.0000000E+00   0.0000000E+00   0.0000000E+00
   8.2695890E-04   1.3325759E+06   1.3325759E+06   1.5171238E+06   1.3609218E+04   1.3030297E+03   1.3324534E+06   1.3325759E+06   1.3312091E+06   0.0000000E+00   0.0000000E+00   0.0000000E+00   0.0000000E+00
   8.8865651E-04   1.3317111E+06   1.3317111E+06   1.4792156E+06   1.3390826E+04   1.2219130E+03   1.3314824E+06   1.3317111E+06   1.3302389E+06   0.0000000E+00   0.0000000E+00   0.0000000E+00   0.0000000E+00
   9.5495724E-04   1.3307200E+06   1.3307200E+06   1.4365304E+06   1.3143199E+04   1.1332930E+03   1.3303710E+06   1.3307200E+06   1.3291285E+06   0.0000000E+00   0.0000000E+00   0.0000000E+00   0.0000000E+00
   1.0262045E-03   1.3295855E+06   1.3295855E+06   1.3886592E+06   1.2863227E+04   1.0374420E+03   1.3291007E+06   1.3295855E+06   1.3278593E+06   0.0000000E+00   0.0000000E+00   0.0000000E+00   0.0000000E+00
   1.1027674E-03   1.3282883E+06   1.3282883E+06   1.3352227E+06   1.2547733E+04   9.3502892E+02   1.3276510E+06   1.3282883E+06   1.3264108E+06   0.0000000E+00   0.0000000E+00   0.0000000E+00   0.0000000E+00
   1.1850425E-03   1.3268073E+06   1.3268073E+06   1.2758988E+06   1.2193576E+04   8.2724009E+02   1.3259993E+06   1.3268073E+06   1.3247606E+06   0.0000000E+00   0.0000000E+00   0.0000000E+00   0.0000000E+00
   1.2734560E-03   1.3251194E+06   1.3251194E+06   1.2104579E+06   1.1797786E+04   7.1591355E+02   1.3241212E+06   1.3251194E+06   1.3228842E+06   0.0000000E+00   0.0000000E+00   0.0000000E+00   0.0000000E+00
   1.3684657E-03   1.3231993E+06   1.3231993E+06   1.1388066E+06   1.1357756E+04   6.0367693E+02   1.3219904E+06   1.3231993E+06   1.3207553E+06   0.0000000E+00   0.0000000E+00   0.0000000E+00   0.0000000E+00
   1.4705640E-03   1.3210195E+06   1.3210195E+06   1.0610408E+06   1.0871474E+04   4.9407212E+02   1.3195790E+06   1.3210195E+06   1.3183460E+06   0.0000000E+00   0.0000000E+00   0.0000000E+00   0.0000000E+00
   1.5802796E-03   1.3185510E+06   1.3185510E+06   9.7750542E+05   1.0337825E+04   3.9163864E+02   1.3168577E+06   1.3185510E+06   1.3156270E+06   0.0000000E+00   0.0000000E+00   0.0000000E+00   0.0000000E+00
   1.6981808E-03   1.3157629E+06   1.3157629E+06   8.8886030E+05   9.7569441E+03   3.0191462E+02   1.3137962E+06   1.3157629E+06   1.3125683E+06   0.0000000E+00   0.0000000E+00   0.0000000E+00   0.0000000E+00
   1.8248784E-03   1.3126233E+06   1.3126233E+06   7.9614402E+05   9.1306185E+03   2.3129810E+02   1.3103641E+06   1.3126233E+06   1.3091393E+06   0.0000000E+00   0.0000000E+00   0.0000000E+00   0.0000000E+00
   1.9610286E-03   1.3090993E+06   1.3090993E+06   7.0082828E+05   8.4627222E+03   1.8669679E+02   1.3065313E+06   1.3090993E+06   1.3053099E+06   0.0000000E+00   0.0000000E+00   0.0000000E+00   0.0000000E+00
   2.1073367E-03   1.3051582E+06   1.3051582E+06   6.0484817E+05   7.7596368E+03   1.7488574E+02   1.3022688E+06   1.3051582E+06   1.3010512E+06   0.0000000E+00   0.0000000E+00   0.0000000E+00   0.0000000E+00
   2.2645605E-03   1.3007677E+06   1.3007677E+06   5.1058970E+05   7.0306006E+03   2.0150039E+02   1.2975496E+06   1.3007677E+06   1.2963364E+06   0.0000000E+00   0.0000000E+00   0.0000000E+00   0.0000000E+00
   2.4335144E-03   1.2958968E+06   1.2958968E+06   4.2081205E+05   6.2878962E+03   2.6963264E+02   1.2923498E+06   1.2958968E+06   1.2911412E+06   0.0000000E+00   0.0000000E+00   0.0000000E+00   0.0000000E+00
   2.6150737E-03   1.2905166E+06   1.2905166E+06   3.3848047E+05   5.5467594E+03   3.7808882E+02   1.2866482E+06   1.2905166E+06   1.2854450E+06   0.0000000E+00   0.0000000E+00   0.0000000E+00   0.0000000E+00
   2.8101786E-03   1.2846002E+06   1.2846002E+06   2.6649108E+05   4.8248750E+03   5.1953269E+02   1.2804274E+06   1.2846002E+06   1.2792299E+06   0.0000000E+00   0.0000000E+00   0.0000000E+00   0.0000000E+00
   3.0198400E-03   1.2781232E+06   1.2781232E+06   2.0728472E+05   4.1413301E+03   6.7897941E+02   1.2736722E+06   1.2781232E+06   1.2724811E+06   0.0000000E+00   0.0000000E+00   0.0000000E+00   0.0000000E+00
   3.2451437E-03   1.2710632E+06   1.2710632E+06   1.6237734E+05   3.5149428E+03   8.3340236E+02   1.2663687E+06   1.2710632E+06   1.2651845E+06   0.0000000E+00   0.0000000E+00   0.0000000E+00   0.0000000E+00
   3.4872568E-03   1.2633982E+06   1.2633982E+06   1.3188206E+05   2.9619988E+03   9.5346481E+02   1.2585014E+06   1.2633982E+06   1.2573247E+06   0.0000000E+00   0.0000000E+00   0.0000000E+00   0.0000000E+00
   3.7474334E-03   1.2551049E+06   1.2551049E+06   1.1415664E+05   2.4936235E+03   1.0083862E+03   1.2500507E+06   1.2551049E+06   1.2488821E+06   0.0000000E+00   0.0000000E+00   0.0000000E+00   0.0000000E+00
   4.0270213E-03   1.2461572E+06   1.2461572E+06   1.0576164E+05   2.1132815E+03   9.7437871E+02   1.2409886E+06   1.2461572E+06   1.2398288E+06   0.0000000E+00   0.0000000E+00   0.0000000E+00   0.0000000E+00
   4.3274686E-03   1.2365235E+06   1.2365235E+06   1.0192118E+05   1.8151780E+03   8.4559967E+02   1.2312776E+06   1.2365235E+06   1.2301272E+06   0.0000000E+00   0.0000000E+00   0.0000000E+00   0.0000000E+00
   4.6503317E-03   1.2261660E+06   1.2261660E+06   9.7586820E+04   1.5844828E+03   6.4407302E+02   1.2208692E+06   1.2261660E+06   1.2197289E+06   0.0000000E+00   0.0000000E+00   0.0000000E+00   0.0000000E+00
   4.9972828E-03   1.2150417E+06   1.2150417E+06   8.8970874E+04   1.4001193E+03   4.2225291E+02   1.2097079E+06   1.2150417E+06   1.2085785E+06   0.0000000E+00   0.0000000E+00   0.0000000E+00   0.0000000E+00
   5.3701192E-03   1.2031054E+06   1.2031054E+06   7.5051576E+04   1.2401208E+03   2.5090716E+02   1.1977375E+06   1.2031054E+06   1.1966197E+06   0.0000000E+00   0.0000000E+00   0.0000000E+00   0.0000000E+00
   5.7707722E-03   1.1903139E+06   1.1903139E+06   5.8212508E+04   1.0882480E+03   1.8918716E+02   1.1849094E+06   1.1903139E+06   1.1838040E+06   0.0000000E+00   0.0000000E+00   0.0000000E+00   0.0000000E+00
   6.2013169E-03   1.1766306E+06   1.1766306E+06   4.3188325E+04   9.3910043E+02   2.4577261E+02   1.1711894E+06   1.1766306E+06   1.1700971E+06   0.0000000E+00   0.0000000E+00   0.0000000E+00   0.0000000E+00
   6.6639837E-03   1.1620276E+06   1.1620276E+06   3.4227887E+04   7.9841627E+02   3.5672832E+02   1.1565582E+06   1.1620276E+06   1.1554799E+06   0.0000000E+00   0.0000000E+00   0.0000000E+00   0.0000000E+00
   7.1611691E-03   1.1464817E+06   1.1464817E+06   3.1868400E+04   6.7697980E+02   4.1261508E+02   1.1410028E+06   1.1464817E+06   1.1399394E+06   0.0000000E+00   0.0000000E+00   0.0000000E+00   0.0000000E+00
   7.6954483E-03   1.1299685E+06   1.1299685E+06   3.2011328E+04   5.8088603E+02   3.4160148E+02   1.1245029E+06   1.1299685E+06   1.1234552E+06   0.0000000E+00   0.0000000E+00   0.0000000E+00   0.0000000E+00
   8.2695890E-03   1.1124571E+06   1.1124571E+06   2.9228963E+04   5.0538904E+02   1.9136553E+02   1.1070227E+06   1.1124571E+06   1.1059916E+06   0.0000000E+00   0.0000000E+00   0.0000000E+00   0.0000000E+00
   8.8865651E-03   1.0939119E+06   1.0939119E+06   2.2315347E+04   4.3889459E+02   1.0437519E+02   1.0885170E+06   1.0939119E+06   1.0875033E+06   0.0000000E+00   0.0000000E+00   0.0000000E+00   0.0000000E+00
   9.5495724E-03   1.0743008E+06   1.0743008E+06   1.5886815E+04   3.7455368E+02   1.5548984E+02   1.0689491E+06   1.0743008E+06   1.0679539E+06   0.0000000E+00   0.0000000E+00   0.0000000E+00   0.0000000E+00
   1.0262045E-02   1.0536005E+06   1.0536005E+06   1.4263391E+04   3.1628094E+02   2.2846199E+02   1.0483008E+06   1.0536005E+06   1.0473251E+06   0.0000000E+00   0.0000000E+00   0.0000000E+00   0.0000000E+00
   1.1027674E-02   1.0317914E+06   1.0317914E+06   1.4740904E+04   2.7004508E+02   1.7070636E+02   1.0265601E+06   1.0317914E+06   1.0256048E+06   0.0000000E+00   0.0000000E+00   0.0000000E+00   0.0000000E+00
   1.1850425E-02   1.0088495E+06   1.0088495E+06   1.2026657E+04   2.3262881E+02   6.6899248E+01   1.0037021E+06   1.0088495E+06   1.0027681E+06   0.0000000E+00   0.0000000E+00   0.0000000E+00   0.0000000E+00
   1.2734560E-02   9.8475061E+05   9.8475061E+05   8.1999896E+03   1.9738251E+02   9.7374866E+01   9.7969534E+05   9.8475061E+05   9.7878386E+05   0.0000000E+00   0.0000000E+00   0.0000000E+00   0.0000000E+00
   1.3684657E-02   9.5948028E+05   9.5948028E+05   7.9316373E+03   1.6619662E+02   1.4197161E+02   9.5452382E+05   9.5948028E+05   9.5363587E+05   0.0000000E+00   0.0000000E+00   0.0000000E+00   0.0000000E+00
   1.4705640E-02   9.3303001E+05   9.3303001E+05   7.5246387E+03   1.4186366E+02   5.7596433E+01   9.2818397E+05   9.3303001E+05   9.2732062E+05   0.0000000E+00   0.0000000E+00   0.0000000E+00   0.0000000E+00
   1.5802796E-02   9.0539321E+05   9.0539321E+05   4.9843062E+03   1.1985011E+02   5.8517481E+01   9.0067014E+05   9.0539321E+05   8.9983247E+05   0.0000000E+00   0.0000000E+00   0.0000000E+00   0.0000000E+00
   1.6981808E-02   8.7657689E+05   8.7657689E+05   4.8946011E+03   1.0047994E+02   9.1647623E+01   8.7198526E+05   8.7657689E+05   8.7117434E+05   0.0000000E+00   0.0000000E+00   0.0000000E+00   0.0000000E+00
   1.8248784E-02   8.4660262E+05   8.4660262E+05   4.0983027E+03   8.5242042E+01   2.3662668E+01   8.4214998E+05   8.4660262E+05   8.4136686E+05   0.0000000E+00   0.0000000E+00   0.0000000E+00   0.0000000E+00
   1.9610286E-02   8.1550631E+05   8.1550631E+05   3.0373863E+03   7.0980052E+01   6.7012849E+01   8.1120332E+05   8.1550631E+05   8.1044902E+05   0.0000000E+00   0.0000000E+00   0.0000000E+00   0.0000000E+00
   2.1073366E-02   7.8335151E+05   7.8335151E+05   2.9840989E+03   5.9764135E+01   2.2615873E+01   7.7920571E+05   7.8335151E+05   7.7848120E+05   0.0000000E+00   0.0000000E+00   0.0000000E+00   0.0000000E+00
   2.2645601E-02   7.5022866E+05   7.5022866E+05   2.0841261E+03   4.9616796E+01   4.6811836E+01   7.4624713E+05   7.5022866E+05   7.4555331E+05   0.0000000E+00   0.0000000E+00   0.0000000E+00   0.0000000E+00
   2.4335121E-02   7.1626745E+05   7.1626745E+05   1.9841207E+03   4.1492905E+01   1.3213975E+01   7.1245723E+05   7.1626745E+05   7.1179485E+05   0.0000000E+00   0.0000000E+00   0.0000000E+00   0.0000000E+00
   2.6150617E-02   6.8164095E+05   6.8164095E+05   1.5420015E+03   3.4211318E+01   3.7445446E+01   6.7800705E+05   6.8164095E+05   6.7737672E+05   0.0000000E+00   0.0000000E+00   0.0000000E+00   0.0000000E+00
   2.8101247E-02   6.4657709E+05   6.4657709E+05   1.1860952E+03   2.8424115E+01   1.1320239E+01   6.4312340E+05   6.4657709E+05   6.4252553E+05   0.0000000E+00   0.0000000E+00   0.0000000E+00   0.0000000E+00
   3.0196275E-02   6.1136617E+05   6.1136617E+05   1.1264758E+03   2.3366172E+01   1.3184656E+01   6.0809545E+05   6.1136617E+05   6.0753015E+05   0.0000000E+00   0.0000000E+00   0.0000000E+00   0.0000000E+00
   3.2444062E-02   5.7637505E+05   5.7637505E+05   8.7083862E+02   1.9148482E+01   2.1473892E+01   5.7328639E+05   5.7637505E+05   5.7275347E+05   0.0000000E+00   0.0000000E+00   0.0000000E+00   0.0000000E+00
   3.4849848E-02   5.4206007E+05   5.4206007E+05   6.3730271E+02   1.5709086E+01   1.3732792E+01   5.3915168E+05   5.4206007E+05   5.3865050E+05   0.0000000E+00   0.0000000E+00   0.0000000E+00   0.0000000E+00
   3.7411845E-02   5.0897310E+05   5.0897310E+05   5.2181906E+02   1.2856186E+01   5.8291294E+00   5.0623918E+05   5.0897310E+05   5.0576860E+05   0.0000000E+00   0.0000000E+00   0.0000000E+00   0.0000000E+00
   4.0116208E-02   4.7773687E+05   4.7773687E+05   4.5545333E+02   1.0513575E+01   3.0586106E+00   4.7516810E+05   4.7773687E+05   4.7472641E+05   0.0000000E+00   0.0000000E+00   0.0000000E+00   0.0000000E+00
   4.2933703E-02   4.4895949E+05   4.4895949E+05   3.9483010E+02   8.6232983E+00   2.9443566E+00   4.4654322E+05   4.4895949E+05   4.4612815E+05   0.0000000E+00   0.0000000E+00   0.0000000E+00   0.0000000E+00
   4.5822569E-02   4.2308990E+05   4.2308990E+05   3.3486135E+02   7.1180621E+00   3.6402154E+00   4.2081117E+05   4.2308990E+05   4.2042002E+05   0.0000000E+00   0.0000000E+00   0.0000000E+00   0.0000000E+00
   4.8738904E-02   4.0028521E+05   4.0028521E+05   2.7936493E+02   5.9268337E+00   4.4937858E+00   3.9812800E+05   4.0028521E+05   3.9775793E+05   0.0000000E+00   0.0000000E+00   0.0000000E+00   0.0000000E+00
   5.1648659E-02   3.8038425E+05   3.8038425E+05   2.3078762E+02   4.9867756E+00   5.0469920E+00   3.7833319E+05   3.8038425E+05   3.7798153E+05   0.0000000E+00   0.0000000E+00   0.0000000E+00   0.0000000E+00
   5.4533463E-02   3.6299879E+05   3.6299879E+05   1.9043151E+02   4.2421083E+00   4.9337277E+00   3.6104058E+05   3.6299879E+05   3.6070500E+05   0.0000000E+00   0.0000000E+00   0.0000000E+00   0.0000000E+00
   5.7388998E-02   3.4764445E+05   3.4764445E+05   1.5893378E+02   3.6463865E+00   4.0343662E+00   3.4576832E+05   3.4764445E+05   3.4544693E+05   0.0000000E+00   0.0000000E+00   0.0000000E+00   0.0000000E+00
   6.0220079E-02   3.3384014E+05   3.3384014E+05   1.3562761E+02   3.1638073E+00   2.6371978E+00   3.3203788E+05   3.3384014E+05   3.3172926E+05   0.0000000E+00   0.0000000E+00   0.0000000E+00   0.0000000E+00
   6.3036112E-02   3.2115955E+05   3.2115955E+05   1.1888336E+02   2.7656348E+00   1.3477859E+00   3.1942528E+05   3.2115955E+05   3.1912838E+05   0.0000000E+00   0.0000000E+00   0.0000000E+00   0.0000000E+00
   6.5848155E-02   3.0924955E+05   3.0924955E+05   1.0717967E+02   2.4315415E+00   5.6434765E-01   3.0757918E+05   3.0924955E+05   3.0729329E+05   0.0000000E+00   0.0000000E+00   0.0000000E+00   0.0000000E+00
   6.8667356E-02   2.9783233E+05   2.9783233E+05   9.8956385E+01   2.1479733E+00   3.4859947E-01   2.9622326E+05   2.9783233E+05   2.9594793E+05   0.0000000E+00   0.0000000E+00   0.0000000E+00   0.0000000E+00
   7.1504273E-02   2.8670172E+05   2.8670172E+05   9.2044875E+01   1.9047409E+00   5.8312908E-01   2.8515245E+05   2.8670172E+05   2.8488741E+05   0.0000000E+00   0.0000000E+00   0.0000000E+00   0.0000000E+00
   7.4368638E-02   2.7571815E+05   2.7571815E+05   8.4475389E+01   1.6944503E+00   1.0387186E+00   2.7422795E+05   2.7571815E+05   2.7397306E+05   0.0000000E+00   0.0000000E+00   0.0000000E+00   0.0000000E+00
   7.7269359E-02   2.6480347E+05   2.6480347E+05   7.5709407E+01   1.5108767E+00   1.5187814E+00   2.6337203E+05   2.6480347E+05   2.6312723E+05   0.0000000E+00   0.0000000E+00   0.0000000E+00   0.0000000E+00
   8.0214598E-02   2.5393548E+05   2.5393548E+05   6.6563658E+01   1.3491926E+00   1.8693597E+00   2.5256259E+05   2.5393548E+05   2.5232784E+05   0.0000000E+00   0.0000000E+00   0.0000000E+00   0.0000000E+00
   8.3211887E-02   2.4314159E+05   2.4314159E+05   5.8145287E+01   1.2061437E+00   1.9976856E+00   2.4182687E+05   2.4314159E+05   2.4160210E+05   0.0000000E+00   0.0000000E+00   0.0000000E+00   0.0000000E+00
   8.6268243E-02   2.3249083E+05   2.3249083E+05   5.1071713E+01   1.0790099E+00   1.9250739E+00   2.3123355E+05   2.3249083E+05   2.3101862E+05   0.0000000E+00   0.0000000E+00   0.0000000E+00   0.0000000E+00
   8.9390273E-02   2.2208386E+05   2.2208386E+05   4.5392047E+01   9.6565698E-01   1.7037202E+00   2.2088271E+05   2.2208386E+05   2.2067740E+05   0.0000000E+00   0.0000000E+00   0.0000000E+00   0.0000000E+00
   9.2584261E-02   2.1204052E+05   2.1204052E+05   4.0820097E+01   8.6447498E-01   1.3606792E+00   2.1089355E+05   2.1204052E+05   2.1069754E+05   0.0000000E+00   0.0000000E+00   0.0000000E+00   0.0000000E+00
   9.5856245E-02   2.0248543E+05   2.0248543E+05   3.6892335E+01   7.7403788E-01   9.0920267E-01   2.0139004E+05   2.0248543E+05   2.0120285E+05   0.0000000E+00   0.0000000E+00   0.0000000E+00   0.0000000E+00
   9.9212080E-02   1.9353212E+05   1.9353212E+05   3.3006944E+01   6.9316508E-01   3.8125939E-01   1.9248506E+05   1.9353212E+05   1.9230616E+05   0.0000000E+00   0.0000000E+00   0.0000000E+00   0.0000000E+00
   1.0265749E-01   1.8526701E+05   1.8526701E+05   2.8602615E+01   6.2088874E-01   -7.1772826E-02   1.8426458E+05   1.8526701E+05   1.8409332E+05   0.0000000E+00   0.0000000E+00   0.0000000E+00   0.0000000E+00
   1.0619810E-01   1.7773493E+05   1.7773493E+05   2.3784406E+01   5.5628765E-01   -1.2566099E-01   1.7677318E+05   1.7773493E+05   1.7660887E+05   0.0000000E+00   0.0000000E+00   0.0000000E+00   0.0000000E+00
   1.0983950E-01   1.7092823E+05   1.7092823E+05   2.0020152E+01   4.9855311E-01   4.1321754E-01   1.7000325E+05   1.7092823E+05   1.6984523E+05   0.0000000E+00   0.0000000E+00   0.0000000E+00   0.0000000E+00
   1.1358723E-01   1.6478165E+05   1.6478165E+05   1.9047422E+01   4.4718085E-01   9.7476196E-01   1.6388987E+05   1.6478165E+05   1.6373754E+05   0.0000000E+00   0.0000000E+00   0.0000000E+00   0.0000000E+00
   1.1744683E-01   1.5917488E+05   1.5917488E+05   1.9264439E+01   4.0177286E-01   5.5403916E-01   1.5831338E+05   1.5917488E+05   1.5816624E+05   0.0000000E+00   0.0000000E+00   0.0000000E+00   0.0000000E+00
   1.2142385E-01   1.5394396E+05   1.5394396E+05   1.6554680E+01   3.6140816E-01   -1.5563015E-01   1.5311072E+05   1.5394396E+05   1.5296841E+05   0.0000000E+00   0.0000000E+00   0.0000000E+00   0.0000000E+00
   1.2552389E-01   1.4890145E+05   1.4890145E+05   1.3530797E+01   3.2505138E-01   4.6449712E-01   1.4809545E+05   1.4890145E+05   1.4795781E+05   0.0000000E+00   0.0000000E+00   0.0000000E+00   0.0000000E+00
   1.2975255E-01   1.4386351E+05   1.4386351E+05   1.4046131E+01   2.9269257E-01   4.1657620E-01   1.4308475E+05   1.4386351E+05   1.4295176E+05   0.0000000E+00   0.0000000E+00   0.0000000E+00   0.0000000E+00
   1.3411551E-01   1.3868039E+05   1.3868039E+05   1.1594407E+01   2.6365023E-01   -1.2155152E-01   1.3792964E+05   1.3868039E+05   1.3780144E+05   0.0000000E+00   0.0000000E+00   0.0000000E+00   0.0000000E+00
   1.3861849E-01   1.3326458E+05   1.3326458E+05   1.0880483E+01   2.3710035E-01   5.9239229E-01   1.3254311E+05   1.3326458E+05   1.3241992E+05   0.0000000E+00   0.0000000E+00   0.0000000E+00   0.0000000E+00
   1.4326726E-01   1.2761057E+05   1.2761057E+05   9.5100349E+00   2.1337190E-01   -1.3166896E-01   1.2691969E+05   1.2761057E+05   1.2680172E+05   0.0000000E+00   0.0000000E+00   0.0000000E+00   0.0000000E+00
   1.4806769E-01   1.2179979E+05   1.2179979E+05   8.8712025E+00   1.9155256E-01   3.8726268E-01   1.2114034E+05   1.2179979E+05   1.2102775E+05   0.0000000E+00   0.0000000E+00   0.0000000E+00   0.0000000E+00
   1.5302568E-01   1.1598683E+05   1.1598683E+05   7.3126825E+00   1.7185690E-01   1.0040720E-01   1.1535883E+05   1.1598683E+05   1.1525161E+05   0.0000000E+00   0.0000000E+00   0.0000000E+00   0.0000000E+00
   1.5814725E-01   1.1036667E+05   1.1036667E+05   7.1100656E+00   1.5401763E-01   2.0695054E-02   1.0976908E+05   1.1036667E+05   1.0966705E+05   0.0000000E+00   0.0000000E+00   0.0000000E+00   0.0000000E+00
   1.6343847E-01   1.0512808E+05   1.0512808E+05   6.0413123E+00   1.3782720E-01   2.7716662E-01   1.0455883E+05   1.0512808E+05   1.0446165E+05   0.0000000E+00   0.0000000E+00   0.0000000E+00   0.0000000E+00
   1.6890552E-01   1.0040351E+05   1.0040351E+05   5.3139041E+00   1.2344116E-01   3.5627072E-02   9.9859819E+04   1.0040351E+05   9.9767005E+04   0.0000000E+00   0.0000000E+00   0.0000000E+00   0.0000000E+00
   1.7455467E-01   9.6229466E+04   9.6229466E+04   5.0065655E+00   1.1054589E-01   -1.0180396E-02   9.5708366E+04   9.6229466E+04   9.5619410E+04   0.0000000E+00   0.0000000E+00   0.0000000E+00   0.0000000E+00
   1.8039231E-01   9.2531458E+04   9.2531458E+04   4.6235421E+00   9.9063525E-02   6.7550938E-02   9.2030367E+04   9.2531458E+04   9.1944830E+04   0.0000000E+00   0.0000000E+00   0.0000000E+00   0.0000000E+00
   1.8642494E-01   8.9142141E+04   8.9142141E+04   4.1676396E+00   8.8869745E-02   8.8270609E-02   8.8659392E+04   8.9142141E+04   8.8576988E+04   0.0000000E+00   0.0000000E+00   0.0000000E+00   0.0000000E+00
   1.9265922E-01   8.5851710E+04   8.5851710E+04   3.7554288E+00   7.9760809E-02   8.2840426E-02   8.5386769E+04   8.5851710E+04   8.5307407E+04   0.0000000E+00   0.0000000E+00   0.0000000E+00   0.0000000E+00
   1.9910195E-01   8.2476984E+04   8.2476984E+04   3.3777878E+00   7.1578198E-02   3.8783443E-02   8.2030310E+04   8.2476984E+04   8.1954067E+04   0.0000000E+00   0.0000000E+00   0.0000000E+00   0.0000000E+00
   2.0576013E-01   7.8925595E+04   7.8925595E+04   2.9464264E+00   6.4188867E-02   -2.2670373E-02   7.8498143E+04   7.8925595E+04   7.8425184E+04   0.0000000E+00   0.0000000E+00   0.0000000E+00   0.0000000E+00
   2.1264097E-01   7.5229019E+04   7.5229019E+04   2.4854399E+00   5.7477718E-02   1.5481211E-02   7.4821579E+04   7.5229019E+04   7.4752037E+04   0.0000000E+00   0.0000000E+00   0.0000000E+00   0.0000000E+00
   2.1975192E-01   7.1526900E+04   7.1526900E+04   2.2710489E+00   5.1393132E-02   1.1589504E-01   7.1139503E+04   7.1526900E+04   7.1073383E+04   0.0000000E+00   0.0000000E+00   0.0000000E+00   0.0000000E+00
   2.2710073E-01   6.8004265E+04   6.8004265E+04   2.1112452E+00   4.5923824E-02   2.5873887E-02   6.7635941E+04   6.8004265E+04   6.7573077E+04   0.0000000E+00   0.0000000E+00   0.0000000E+00   0.0000000E+00
   2.3469547E-01   6.4806153E+04   6.4806153E+04   1.7602706E+00   4.1027359E-02   3.0281504E-02   6.4455144E+04   6.4806153E+04   6.4395236E+04   0.0000000E+00   0.0000000E+00   0.0000000E+00   0.0000000E+00
   2.4254462E-01   6.1969368E+04   6.1969368E+04   1.6783626E+00   3.6669179E-02   1.1341922E-02   6.1633718E+04   6.1969368E+04   6.1576432E+04   0.0000000E+00   0.0000000E+00   0.0000000E+00   0.0000000E+00
   2.5065708E-01   5.9407771E+04   5.9407771E+04   1.4586373E+00   3.2796171E-02   6.1524550E-02   5.9085991E+04   5.9407771E+04   5.9031074E+04   0.0000000E+00   0.0000000E+00   0.0000000E+00   0.0000000E+00
   2.5904230E-01   5.6962631E+04   5.6962631E+04   1.2844598E+00   2.9355975E-02   2.6801132E-02   5.6654090E+04   5.6962631E+04   5.6601434E+04   0.0000000E+00   0.0000000E+00   0.0000000E+00   0.0000000E+00
   2.6771033E-01   5.4493059E+04   5.4493059E+04   1.1806275E+00   2.6264646E-02   2.2417220E-02   5.4197891E+04   5.4493059E+04   5.4147517E+04   0.0000000E+00   0.0000000E+00   0.0000000E+00   0.0000000E+00
   2.7667189E-01   5.1954229E+04   5.1954229E+04   1.0644685E+00   2.3480511E-02   3.8658620E-03   5.1672809E+04   5.1954229E+04   5.1624782E+04   0.0000000E+00   0.0000000E+00   0.0000000E+00   0.0000000E+00
   2.8593855E-01   4.9413752E+04   4.9413752E+04   9.4979178E-01   2.0959792E-02   2.1977288E-02   4.9146089E+04   4.9413752E+04   4.9100411E+04   0.0000000E+00   0.0000000E+00   0.0000000E+00   0.0000000E+00
   2.9552277E-01   4.6994012E+04   4.6994012E+04   8.4992590E-01   1.8698157E-02   1.2766814E-02   4.6739454E+04   4.6994012E+04   4.6696012E+04   0.0000000E+00   0.0000000E+00   0.0000000E+00   0.0000000E+00
   3.0543810E-01   4.4779900E+04   4.4779900E+04   7.5103191E-01   1.6679482E-02   1.5217949E-03   4.4537333E+04   4.4779900E+04   4.4495938E+04   0.0000000E+00   0.0000000E+00   0.0000000E+00   0.0000000E+00
   3.1569933E-01   4.2759671E+04   4.2759671E+04   6.5379428E-01   1.4882903E-02   1.9029729E-02   4.2528046E+04   4.2759671E+04   4.2488518E+04   0.0000000E+00   0.0000000E+00   0.0000000E+00   0.0000000E+00
   3.2632267E-01   4.0844173E+04   4.0844173E+04   6.0234253E-01   1.3284174E-02   4.8084173E-03   4.0622921E+04   4.0844173E+04   4.0585164E+04   0.0000000E+00   0.0000000E+00   0.0000000E+00   0.0000000E+00
   3.3732597E-01   3.8946793E+04   3.8946793E+04   5.2342070E-01   1.1849842E-02   1.2277609E-02   3.8735818E+04   3.8946793E+04   3.8699815E+04   0.0000000E+00   0.0000000E+00   0.0000000E+00   0.0000000E+00
   3.4872903E-01   3.7053332E+04   3.7053332E+04   4.7398706E-01   1.0560161E-02   -2.3580290E-03   3.6852611E+04   3.7053332E+04   3.6818359E+04   0.0000000E+00   0.0000000E+00   0.0000000E+00   0.0000000E+00
   3.6055384E-01   3.5219170E+04   3.5219170E+04   4.2393416E-01   9.3995467E-03   1.3891370E-02   3.5028384E+04   3.5219170E+04   3.4995827E+04   0.0000000E+00   0.0000000E+00   0.0000000E+00   0.0000000E+00
   3.7282499E-01   3.3501015E+04   3.3501015E+04   3.7598150E-01   8.3633740E-03   7.9638095E-03   3.3319535E+04   3.3501015E+04   3.3288566E+04   0.0000000E+00   0.0000000E+00   0.0000000E+00   0.0000000E+00
   3.8557014E-01   3.1896765E+04   3.1896765E+04   3.3362495E-01   7.4388820E-03   9.1501975E-03   3.1723974E+04   3.1896765E+04   3.1694489E+04   0.0000000E+00   0.0000000E+00   0.0000000E+00   0.0000000E+00
   3.9882047E-01   3.0356574E+04   3.0356574E+04   2.9599795E-01   6.6125104E-03   1.4595592E-02   3.0192126E+04   3.0356574E+04   3.0164064E+04   0.0000000E+00   0.0000000E+00   0.0000000E+00   0.0000000E+00
   4.1261143E-01   2.8845434E+04   2.8845434E+04   2.6156551E-01   5.8722446E-03   4.0972078E-03   2.8689171E+04   2.8845434E+04   2.8662506E+04   0.0000000E+00   0.0000000E+00   0.0000000E+00   0.0000000E+00
   4.2698348E-01   2.7377112E+04   2.7377112E+04   2.3254519E-01   5.2070986E-03   1.1522770E-02   2.7228802E+04   2.7377112E+04   2.7203495E+04   0.0000000E+00   0.0000000E+00   0.0000000E+00   0.0000000E+00
   4.4198306E-01   2.5980684E+04   2.5980684E+04   2.0659930E-01   4.6124609E-03   1.0244259E-03   2.5839939E+04   2.5980684E+04   2.5815922E+04   0.0000000E+00   0.0000000E+00   0.0000000E+00   0.0000000E+00
   4.5766390E-01   2.4653947E+04   2.4653947E+04   1.8245845E-01   4.0801284E-03   7.1870148E-03   2.4520389E+04   2.4653947E+04   2.4497598E+04   0.0000000E+00   0.0000000E+00   0.0000000E+00   0.0000000E+00
   4.7408845E-01   2.3371301E+04   2.3371301E+04   1.6079062E-01   3.6042717E-03   6.2513905E-03   2.3244690E+04   2.3371301E+04   2.3223086E+04   0.0000000E+00   0.0000000E+00   0.0000000E+00   0.0000000E+00
   4.9132989E-01   2.2124483E+04   2.2124483E+04   1.4211555E-01   3.1777275E-03   -2.0211170E-03   2.2004627E+04   2.2124483E+04   2.1984175E+04   0.0000000E+00   0.0000000E+00   0.0000000E+00   0.0000000E+00
   5.0947459E-01   2.0925202E+04   2.0925202E+04   1.2500797E-01   2.7950854E-03   5.5172351E-03   2.0811842E+04   2.0925202E+04   2.0792498E+04   0.0000000E+00   0.0000000E+00   0.0000000E+00   0.0000000E+00
   5.2862525E-01   1.9773677E+04   1.9773677E+04   1.0980364E-01   2.4528479E-03   6.9606335E-03   1.9666554E+04   1.9773677E+04   1.9648275E+04   0.0000000E+00   0.0000000E+00   0.0000000E+00   0.0000000E+00
   5.4890494E-01   1.8657351E+04   1.8657351E+04   9.5866103E-02   2.1467353E-03   -1.9063442E-04   1.8556276E+04   1.8657351E+04   1.8539029E+04   0.0000000E+00   0.0000000E+00   0.0000000E+00   0.0000000E+00
   5.7046239E-01   1.7573989E+04   1.7573989E+04   8.3622467E-02   1.8720804E-03   4.4694765E-03   1.7478783E+04   1.7573989E+04   1.7462537E+04   0.0000000E+00   0.0000000E+00   0.0000000E+00   0.0000000E+00
   5.9347869E-01   1.6525742E+04   1.6525742E+04   7.2731148E-02   1.6269351E-03   -5.0343810E-03   1.6436214E+04   1.6525742E+04   1.6420938E+04   0.0000000E+00   0.0000000E+00   0.0000000E+00   0.0000000E+00
   6.1817593E-01   1.5506509E+04   1.5506509E+04   6.2889499E-02   1.4068939E-03   -2.7025092E-03   1.5422503E+04   1.5506509E+04   1.5408168E+04   0.0000000E+00   0.0000000E+00   0.0000000E+00   0.0000000E+00
   6.4482817E-01   1.4513027E+04   1.4513027E+04   5.4071007E-02   1.2101290E-03   -5.9693774E-04   1.4434403E+04   1.4513027E+04   1.4420987E+04   0.0000000E+00   0.0000000E+00   0.0000000E+00   0.0000000E+00
   6.7377475E-01   1.3544152E+04   1.3544152E+04   4.6234764E-02   1.0342524E-03   -1.0348711E-03   1.3470776E+04   1.3544152E+04   1.3458256E+04   0.0000000E+00   0.0000000E+00   0.0000000E+00   0.0000000E+00
   7.0543572E-01   1.2596155E+04   1.2596155E+04   3.9223580E-02   8.7755495E-04   -7.9296551E-04   1.2527915E+04   1.2596155E+04   1.2516271E+04   0.0000000E+00   0.0000000E+00   0.0000000E+00   0.0000000E+00
   7.4032707E-01   1.1667663E+04   1.1667663E+04   3.2986951E-02   7.3801223E-04   6.7873805E-04   1.1604453E+04   1.1667663E+04   1.1593667E+04   0.0000000E+00   0.0000000E+00   0.0000000E+00   0.0000000E+00
   7.7907089E-01   1.0757328E+04   1.0757328E+04   2.7463470E-02   6.1437765E-04   1.5814341E-03   1.0699049E+04   1.0757328E+04   1.0689105E+04   0.0000000E+00   0.0000000E+00   0.0000000E+00   0.0000000E+00
   8.2238971E-01   9.8656662E+03   9.8656662E+03   2.2603559E-02   5.0569468E-04   -5.5717172E-04   9.8122180E+03   9.8656662E+03   9.8030981E+03   0.0000000E+00   0.0000000E+00   0.0000000E+00   0.0000000E+00
   8.7106865E-01   8.9953020E+03   8.9953020E+03   1.8369963E-02   4.1095596E-04   2.0655608E-03   8.9465690E+03   8.9953020E+03   8.9382536E+03   0.0000000E+00   0.0000000E+00   0.0000000E+00   0.0000000E+00
   9.2586919E-01   8.1520459E+03   8.1520459E+03   1.4735609E-02   3.2968364E-04   -1.0629391E-03   8.1078812E+03   8.1520459E+03   8.1003454E+03   0.0000000E+00   0.0000000E+00   0.0000000E+00   0.0000000E+00
   9.8740110E-01   7.3448004E+03   7.3448004E+03   1.1673284E-02   2.6117498E-04   -1.4446537E-03   7.3050089E+03   7.3448004E+03   7.2982193E+03   0.0000000E+00   0.0000000E+00   0.0000000E+00   0.0000000E+00
   1.0560089E+00   6.5839914E+03   6.5839914E+03   9.1485378E-03   2.0466822E-04   -4.2429723E-04   6.5483217E+03   6.5839914E+03   6.5422355E+03   0.0000000E+00   0.0000000E+00   0.0000000E+00   0.0000000E+00
   1.1317632E+00   5.8787461E+03   5.8787461E+03   7.1116440E-03   1.5910256E-04   7.5846362E-04   5.8468971E+03   5.8787461E+03   5.8414627E+03   0.0000000E+00   0.0000000E+00   0.0000000E+00   0.0000000E+00
   1.2145894E+00   5.2346667E+03   5.2346667E+03   5.4982708E-03   1.2301919E-04   -8.2923196E-04   5.2063070E+03   5.2346667E+03   5.2014681E+03   0.0000000E+00   0.0000000E+00   0.0000000E+00   0.0000000E+00
   1.3044485E+00   4.6530910E+03   4.6530910E+03   4.2372269E-03   9.4796560E-05   -4.1323140E-04   4.6278821E+03   4.6530910E+03   4.6235807E+03   0.0000000E+00   0.0000000E+00   0.0000000E+00   0.0000000E+00
   1.4014547E+00   4.1315904E+03   4.1315904E+03   3.2595094E-03   7.2923744E-05   -2.6887346E-05   4.1092068E+03   4.1315904E+03   4.1053875E+03   0.0000000E+00   0.0000000E+00   0.0000000E+00   0.0000000E+00
   1.5058982E+00   3.6657964E+03   3.6657964E+03   2.5047756E-03   5.6036495E-05   2.8127685E-05   3.6459363E+03   3.6657964E+03   3.6425476E+03   0.0000000E+00   0.0000000E+00   0.0000000E+00   0.0000000E+00
   1.6182126E+00   3.2506953E+03   3.2506953E+03   1.9235188E-03   4.3034806E-05   -4.5779034E-04   3.2330840E+03   3.2506953E+03   3.2300791E+03   0.0000000E+00   0.0000000E+00   0.0000000E+00   0.0000000E+00
   1.7389334E+00   2.8811527E+03   2.8811527E+03   1.4763523E-03   3.3027915E-05   1.8179546E-04   2.8655435E+03   2.8811527E+03   2.8628801E+03   0.0000000E+00   0.0000000E+00   0.0000000E+00   0.0000000E+00
   1.8686689E+00   2.5524701E+03   2.5524701E+03   1.1326217E-03   2.5338875E-05   7.9123445E-05   2.5386416E+03   2.5524701E+03   2.5362821E+03   0.0000000E+00   0.0000000E+00   0.0000000E+00   0.0000000E+00
   2.0080857E+00   2.2602832E+03   2.2602832E+03   8.6853432E-04   1.9431704E-05   -7.8470862E-05   2.2480377E+03   2.2602832E+03   2.2459483E+03   0.0000000E+00   0.0000000E+00   0.0000000E+00   0.0000000E+00
   2.1579046E+00   2.0007067E+03   2.0007067E+03   6.6574413E-04   1.4895490E-05   -5.1749822E-04   1.9898675E+03   2.0007067E+03   1.9880180E+03   0.0000000E+00   0.0000000E+00   0.0000000E+00   0.0000000E+00
   2.3189011E+00   1.7702146E+03   1.7702146E+03   5.1009160E-04   1.1411826E-05   1.8096302E-04   1.7606241E+03   1.7702146E+03   1.7589877E+03   0.0000000E+00   0.0000000E+00   0.0000000E+00   0.0000000E+00
   2.4919093E+00   1.5656566E+03   1.5656566E+03   3.9067779E-04   8.7409052E-06   -9.3227050E-05   1.5571743E+03   1.5656566E+03   1.5557270E+03   0.0000000E+00   0.0000000E+00   0.0000000E+00   0.0000000E+00
   2.6778252E+00   1.3842068E+03   1.3842068E+03   2.9910415E-04   6.6920155E-06   -1.4038444E-05   1.3767076E+03   1.3842068E+03   1.3754280E+03   0.0000000E+00   0.0000000E+00   0.0000000E+00   0.0000000E+00
   2.8776120E+00   1.2233308E+03   1.2233308E+03   2.2891009E-04   5.1216266E-06   -8.4144700E-06   1.2167031E+03   1.2233308E+03   1.2155723E+03   0.0000000E+00   0.0000000E+00   0.0000000E+00   0.0000000E+00
   3.0923043E+00   1.0807624E+03   1.0807624E+03   1.7512594E-04   3.9184159E-06   -7.6524137E-05   1.0749072E+03   1.0807624E+03   1.0739081E+03   0.0000000E+00   0.0000000E+00   0.0000000E+00   0.0000000E+00
   3.3230145E+00   9.5447548E+02   9.5447548E+02   1.3393146E-04   2.9967037E-06   -7.1742843E-05   9.4930441E+02   9.5447548E+02   9.4842208E+02   0.0000000E+00   0.0000000E+00   0.0000000E+00   0.0000000E+00
   3.5709373E+00   8.4265933E+02   8.4265933E+02   1.0248927E-04   2.2910425E-06   -3.9634685E-05   8.3809405E+02   8.4265933E+02   8.3731509E+02   0.0000000E+00   0.0000000E+00   0.0000000E+00   0.0000000E+00
   3.8373572E+00   7.4369755E+02   7.4369755E+02   7.8285996E-05   1.7509709E-06   7.6796284E-06   7.3966842E+02   7.4369755E+02   7.3898094E+02   0.0000000E+00   0.0000000E+00   0.0000000E+00   0.0000000E+00
   4.1236541E+00   6.5614814E+02   6.5614814E+02   5.9804364E-05   1.3378981E-06   -3.3037144E-05   6.5259331E+02   6.5614814E+02   6.5198677E+02   0.0000000E+00   0.0000000E+00   0.0000000E+00   0.0000000E+00
   4.4313110E+00   5.7872560E+02   5.7872560E+02   4.5673196E-05   1.0219016E-06   -3.8875365E-05   5.7559023E+02   5.7872560E+02   5.7505525E+02   0.0000000E+00   0.0000000E+00   0.0000000E+00   0.0000000E+00
   4.7619215E+00   5.1028475E+02   5.1028475E+02   3.4872199E-05   7.8028317E-07   4.2696017E-05   5.0752017E+02   5.1028475E+02   5.0704846E+02   0.0000000E+00   0.0000000E+00   0.0000000E+00   0.0000000E+00
   5.1171981E+00   4.4980607E+02   4.4980607E+02   2.6618265E-05   5.9567149E-07   -2.5893839E-05   4.4736915E+02   4.4980607E+02   4.4695335E+02   0.0000000E+00   0.0000000E+00   0.0000000E+00   0.0000000E+00
   5.4989811E+00   3.9638247E+02   3.9638247E+02   2.0312363E-05   4.5459554E-07   -1.0357998E-05   3.9423498E+02   3.9638247E+02   3.9386856E+02   0.0000000E+00   0.0000000E+00   0.0000000E+00   0.0000000E+00
   5.9092482E+00   3.4920737E+02   3.4920737E+02   1.5496168E-05   3.4683021E-07   -2.0717574E-05   3.4731547E+02   3.4920737E+02   3.4699266E+02   0.0000000E+00   0.0000000E+00   0.0000000E+00   0.0000000E+00
   6.3501244E+00   3.0756402E+02   3.0756402E+02   1.1818788E-05   2.6454328E-07   1.2444413E-05   3.0589773E+02   3.0756402E+02   3.0561341E+02   0.0000000E+00   0.0000000E+00   0.0000000E+00   0.0000000E+00
   6.8238933E+00   2.7081580E+02   2.7081580E+02   9.0118767E-06   2.0173481E-07   2.1648263E-06   2.6934860E+02   2.7081580E+02   2.6909825E+02   0.0000000E+00   0.0000000E+00   0.0000000E+00   0.0000000E+00
   7.3330092E+00   2.3839759E+02   2.3839759E+02   6.8767320E-06   1.5379796E-07   2.9943021E-05   2.3710602E+02   2.3839759E+02   2.3688565E+02   0.0000000E+00   0.0000000E+00   0.0000000E+00   0.0000000E+00
   7.8801091E+00   2.0980802E+02   2.0980802E+02   5.2365388E-06   1.1722888E-07   5.6124989E-06   2.0867134E+02   2.0980802E+02   2.0847740E+02   0.0000000E+00   0.0000000E+00   0.0000000E+00   0.0000000E+00
   8.4680269E+00   1.8460247E+02   1.8460247E+02   3.9894550E-06   8.9336935E-08   -1.7164462E-05   1.8360235E+02   1.8460247E+02   1.8343170E+02   0.0000000E+00   0.0000000E+00   0.0000000E+00   0.0000000E+00
   9.0998080E+00   1.6238686E+02   1.6238686E+02   3.0388641E-06   6.8066634E-08   -1.5608332E-05   1.6150709E+02   1.6238686E+02   1.6135698E+02   0.0000000E+00   0.0000000E+00   0.0000000E+00   0.0000000E+00
   9.7787249E+00   1.4281203E+02   1.4281203E+02   2.3142729E-06   5.1847132E-08   -1.0255408E-05   1.4203832E+02   1.4281203E+02   1.4190630E+02   0.0000000E+00   0.0000000E+00   0.0000000E+00   0.0000000E+00
   1.0508294E+01   1.2556882E+02   1.2556882E+02   1.7619986E-06   3.9487535E-08   -1.8938602E-05   1.2488852E+02   1.2556882E+02   1.2477245E+02   0.0000000E+00   0.0000000E+00   0.0000000E+00   0.0000000E+00
