#           k/h    CDM            baryon         photon         nu             mass_nu        total          no_nu          total_de       Weyl           v_CDM          v_b            v_b-v_c     
   9.9889017E-06   2.3404953E+07   2.3404953E+07   3.1194254E+07   1.3695987E+06   1.7175538E+07   2.3405005E+07   2.3404953E+07   1.0313284E+07   0.0000000E+00   0.0000000E+00   0.0000000E+00   0.0000000E+00
   1.0734152E-05   2.3404925E+07   2.3404925E+07   3.1192306E+07   1.3695758E+06   1.7175166E+07   2.3404977E+07   2.3404925E+07   1.0313272E+07   0.0000000E+00   0.0000000E+00   0.0000000E+00   0.0000000E+00
   1.1535004E-05   2.3404892E+07   2.3404892E+07   3.1190056E+07   1.3695495E+06   1.7174735E+07   2.3404944E+07   2.3404892E+07   1.0313257E+07   0.0000000E+00   0.0000000E+00   0.0000000E+00   0.0000000E+00
   1.2395605E-05   2.3404855E+07   2.3404855E+07   3.1187458E+07   1.3695191E+06   1.7174238E+07   2.3404906E+07   2.3404855E+07   1.0313240E+07   0.0000000E+00   0.0000000E+00   0.0000000E+00   0.0000000E+00
   1.3320414E-05   2.3404812E+07   2.3404812E+07   3.1184458E+07   1.3694839E+06   1.7173664E+07   2.3404863E+07   2.3404812E+07   1.0313221E+07   0.0000000E+00   0.0000000E+00   0.0000000E+00   0.0000000E+00
   1.4314222E-05   2.3404762E+07   2.3404762E+07   3.1180994E+07   1.3694434E+06   1.7173002E+07   2.3404812E+07   2.3404762E+07   1.0313199E+07   0.0000000E+00   0.0000000E+00   0.0000000E+00   0.0000000E+00
   1.5382175E-05   2.3404704E+07   2.3404704E+07   3.1176994E+07   1.3693965E+06   1.7172236E+07   2.3404754E+07   2.3404704E+07   1.0313173E+07   0.0000000E+00   0.0000000E+00   0.0000000E+00   0.0000000E+00
   1.6529805E-05   2.3404637E+07   2.3404637E+07   3.1172376E+07   1.3693424E+06   1.7171353E+07   2.3404686E+07   2.3404637E+07   1.0313143E+07   0.0000000E+00   0.0000000E+00   0.0000000E+00   0.0000000E+00
   1.7763058E-05   2.3404561E+07   2.3404561E+07   3.1167044E+07   1.3692800E+06   1.7170333E+07   2.3404609E+07   2.3404561E+07   1.0313109E+07   0.0000000E+00   0.0000000E+00   0.0000000E+00   0.0000000E+00
   1.9088321E-05   2.3404472E+07   2.3404472E+07   3.1160888E+07   1.3692078E+06   1.7169154E+07   2.3404519E+07   2.3404472E+07   1.0313069E+07   0.0000000E+00   0.0000000E+00   0.0000000E+00   0.0000000E+00
   2.0512460E-05   2.3404369E+07   2.3404369E+07   3.1153781E+07   1.3691246E+06   1.7167794E+07   2.3404415E+07   2.3404369E+07   1.0313023E+07   0.0000000E+00   0.0000000E+00   0.0000000E+00   0.0000000E+00
   2.2042850E-05   2.3404251E+07   2.3404251E+07   3.1145575E+07   1.3690284E+06   1.7166223E+07   2.3404296E+07   2.3404251E+07   1.0312970E+07   0.0000000E+00   0.0000000E+00   0.0000000E+00   0.0000000E+00
   2.3687419E-05   2.3404114E+07   2.3404114E+07   3.1136102E+07   1.3689174E+06   1.7164410E+07   2.3404157E+07   2.3404114E+07   1.0312909E+07   0.0000000E+00   0.0000000E+00   0.0000000E+00   0.0000000E+00
   2.5454686E-05   2.3403957E+07   2.3403957E+07   3.1125166E+07   1.3687892E+06   1.7162316E+07   2.3403998E+07   2.3403957E+07   1.0312838E+07   0.0000000E+00   0.0000000E+00   0.0000000E+00   0.0000000E+00
   2.7353804E-05   2.3403775E+07   2.3403775E+07   3.1112541E+07   1.3686411E+06   1.7159898E+07   2.3403814E+07   2.3403775E+07   1.0312757E+07   0.0000000E+00   0.0000000E+00   0.0000000E+00   0.0000000E+00
   2.9394612E-05   2.3403564E+07   2.3403564E+07   3.1097969E+07   1.3684702E+06   1.7157107E+07   2.3403601E+07   2.3403564E+07   1.0312663E+07   0.0000000E+00   0.0000000E+00   0.0000000E+00   0.0000000E+00
   3.1587681E-05   2.3403321E+07   2.3403321E+07   3.1081150E+07   1.3682729E+06   1.7153884E+07   2.3403355E+07   2.3403321E+07   1.0312554E+07   0.0000000E+00   0.0000000E+00   0.0000000E+00   0.0000000E+00
   3.3944369E-05   2.3403041E+07   2.3403041E+07   3.1061738E+07   1.3680451E+06   1.7150164E+07   2.3403072E+07   2.3403041E+07   1.0312429E+07   0.0000000E+00   0.0000000E+00   0.0000000E+00   0.0000000E+00
   3.6476885E-05   2.3402717E+07   2.3402717E+07   3.1039335E+07   1.3677820E+06   1.7145869E+07   2.3402744E+07   2.3402717E+07   1.0312284E+07   0.0000000E+00   0.0000000E+00   0.0000000E+00   0.0000000E+00
   3.9198346E-05   2.3402344E+07   2.3402344E+07   3.1013485E+07   1.3674784E+06   1.7140911E+07   2.3402366E+07   2.3402344E+07   1.0312117E+07   0.0000000E+00   0.0000000E+00   0.0000000E+00   0.0000000E+00
   4.2122849E-05   2.3401912E+07   2.3401912E+07   3.0983659E+07   1.3671279E+06   1.7135189E+07   2.3401930E+07   2.3401912E+07   1.0311924E+07   0.0000000E+00   0.0000000E+00   0.0000000E+00   0.0000000E+00
   4.5265543E-05   2.3401414E+07   2.3401414E+07   3.0949250E+07   1.3667232E+06   1.7128583E+07   2.3401426E+07   2.3401414E+07   1.0311701E+07   0.0000000E+00   0.0000000E+00   0.0000000E+00   0.0000000E+00
   4.8642707E-05   2.3400839E+07   2.3400839E+07   3.0909562E+07   1.3662562E+06   1.7120960E+07   2.3400844E+07   2.3400839E+07   1.0311443E+07   0.0000000E+00   0.0000000E+00   0.0000000E+00   0.0000000E+00
   5.2271834E-05   2.3400176E+07   2.3400176E+07   3.0863791E+07   1.3657171E+06   1.7112162E+07   2.3400173E+07   2.3400176E+07   1.0311146E+07   0.0000000E+00   0.0000000E+00   0.0000000E+00   0.0000000E+00
   5.6171722E-05   2.3399410E+07   2.3399410E+07   3.0811016E+07   1.3650950E+06   1.7102010E+07   2.3399398E+07   2.3399410E+07   1.0310804E+07   0.0000000E+00   0.0000000E+00   0.0000000E+00   0.0000000E+00
   6.0362572E-05   2.3398525E+07   2.3398525E+07   3.0750180E+07   1.3643771E+06   1.7090297E+07   2.3398504E+07   2.3398525E+07   1.0310408E+07   0.0000000E+00   0.0000000E+00   0.0000000E+00   0.0000000E+00
   6.4866093E-05   2.3397505E+07   2.3397505E+07   3.0680071E+07   1.3635487E+06   1.7076785E+07   2.3397472E+07   2.3397505E+07   1.0309952E+07   0.0000000E+00   0.0000000E+00   0.0000000E+00   0.0000000E+00
   6.9705611E-05   2.3396328E+07   2.3396328E+07   3.0599301E+07   1.3625930E+06   1.7061198E+07   2.3396281E+07   2.3396328E+07   1.0309426E+07   0.0000000E+00   0.0000000E+00   0.0000000E+00   0.0000000E+00
   7.4906195E-05   2.3394970E+07   2.3394970E+07   3.0506283E+07   1.3614905E+06   1.7043224E+07   2.3394907E+07   2.3394970E+07   1.0308818E+07   0.0000000E+00   0.0000000E+00   0.0000000E+00   0.0000000E+00
   8.0494784E-05   2.3393403E+07   2.3393403E+07   3.0399205E+07   1.3602190E+06   1.7022499E+07   2.3393321E+07   2.3393403E+07   1.0308118E+07   0.0000000E+00   0.0000000E+00   0.0000000E+00   0.0000000E+00
   8.6500325E-05   2.3391595E+07   2.3391595E+07   3.0276001E+07   1.3587527E+06   1.6998608E+07   2.3391493E+07   2.3391595E+07   1.0307310E+07   0.0000000E+00   0.0000000E+00   0.0000000E+00   0.0000000E+00
   9.2953926E-05   2.3389511E+07   2.3389511E+07   3.0134324E+07   1.3570622E+06   1.6971076E+07   2.3389384E+07   2.3389511E+07   1.0306379E+07   0.0000000E+00   0.0000000E+00   0.0000000E+00   0.0000000E+00
   9.9889017E-05   2.3387107E+07   2.3387107E+07   2.9971509E+07   1.3551137E+06   1.6939357E+07   2.3386953E+07   2.3387107E+07   1.0305305E+07   0.0000000E+00   0.0000000E+00   0.0000000E+00   0.0000000E+00
   1.0734152E-04   2.3384337E+07   2.3384337E+07   2.9784544E+07   1.3528685E+06   1.6902829E+07   2.3384150E+07   2.3384337E+07   1.0304068E+07   0.0000000E+00   0.0000000E+00   0.0000000E+00   0.0000000E+00
   1.1535004E-04   2.3381144E+07   2.3381144E+07   2.9570035E+07   1.3502823E+06   1.6860779E+07   2.3380920E+07   2.3381144E+07   1.0302643E+07   0.0000000E+00   0.0000000E+00   0.0000000E+00   0.0000000E+00
   1.2395605E-04   2.3377466E+07   2.3377466E+07   2.9324170E+07   1.3473044E+06   1.6812397E+07   2.3377199E+07   2.3377466E+07   1.0301002E+07   0.0000000E+00   0.0000000E+00   0.0000000E+00   0.0000000E+00
   1.3320414E-04   2.3373230E+07   2.3373230E+07   2.9042696E+07   1.3438771E+06   1.6756759E+07   2.3372914E+07   2.3373230E+07   1.0299113E+07   0.0000000E+00   0.0000000E+00   0.0000000E+00   0.0000000E+00
   1.4314222E-04   2.3368353E+07   2.3368353E+07   2.8720890E+07   1.3399346E+06   1.6692821E+07   2.3367980E+07   2.3368353E+07   1.0296939E+07   0.0000000E+00   0.0000000E+00   0.0000000E+00   0.0000000E+00
   1.5382175E-04   2.3362742E+07   2.3362742E+07   2.8353547E+07   1.3354022E+06   1.6619397E+07   2.3362304E+07   2.3362742E+07   1.0294441E+07   0.0000000E+00   0.0000000E+00   0.0000000E+00   0.0000000E+00
   1.6529805E-04   2.3356290E+07   2.3356290E+07   2.7934983E+07   1.3301950E+06   1.6535153E+07   2.3355776E+07   2.3356290E+07   1.0291569E+07   0.0000000E+00   0.0000000E+00   0.0000000E+00   0.0000000E+00
   1.7763058E-04   2.3348875E+07   2.3348875E+07   2.7459053E+07   1.3242175E+06   1.6438592E+07   2.3348274E+07   2.3348875E+07   1.0288272E+07   0.0000000E+00   0.0000000E+00   0.0000000E+00   0.0000000E+00
   1.9088321E-04   2.3340360E+07   2.3340360E+07   2.6919211E+07   1.3173619E+06   1.6328038E+07   2.3339658E+07   2.3340360E+07   1.0284490E+07   0.0000000E+00   0.0000000E+00   0.0000000E+00   0.0000000E+00
   2.0512460E-04   2.3330590E+07   2.3330590E+07   2.6308597E+07   1.3095075E+06   1.6201632E+07   2.3329772E+07   2.3330590E+07   1.0280156E+07   0.0000000E+00   0.0000000E+00   0.0000000E+00   0.0000000E+00
   2.2042850E-04   2.3319390E+07   2.3319390E+07   2.5620189E+07   1.3005197E+06   1.6057319E+07   2.3318439E+07   2.3319390E+07   1.0275194E+07   0.0000000E+00   0.0000000E+00   0.0000000E+00   0.0000000E+00
   2.3687419E-04   2.3306566E+07   2.3306566E+07   2.4847020E+07   1.2902494E+06   1.5892854E+07   2.3305463E+07   2.3306566E+07   1.0269523E+07   0.0000000E+00   0.0000000E+00   0.0000000E+00   0.0000000E+00
   2.5454686E-04   2.3291903E+07   2.3291903E+07   2.3982483E+07   1.2785325E+06   1.5705801E+07   2.3290623E+07   2.3291903E+07   1.0263049E+07   0.0000000E+00   0.0000000E+00   0.0000000E+00   0.0000000E+00
   2.7353804E-04   2.3275159E+07   2.3275159E+07   2.3020740E+07   1.2651900E+06   1.5493551E+07   2.3273677E+07   2.3275159E+07   1.0255672E+07   0.0000000E+00   0.0000000E+00   0.0000000E+00   0.0000000E+00
   2.9394612E-04   2.3256073E+07   2.3256073E+07   2.1957253E+07   1.2500287E+06   1.5253357E+07   2.3254359E+07   2.3256073E+07   1.0247283E+07   0.0000000E+00   0.0000000E+00   0.0000000E+00   0.0000000E+00
   3.1587681E-04   2.3234359E+07   2.3234359E+07   2.0789458E+07   1.2328429E+06   1.4982376E+07   2.3232379E+07   2.3234359E+07   1.0237766E+07   0.0000000E+00   0.0000000E+00   0.0000000E+00   0.0000000E+00
   3.3944369E-04   2.3209710E+07   2.3209710E+07   1.9517571E+07   1.2134173E+06   1.4677745E+07   2.3207425E+07   2.3209710E+07   1.0226996E+07   0.0000000E+00   0.0000000E+00   0.0000000E+00   0.0000000E+00
   3.6476885E-04   2.3181801E+07   2.3181801E+07   1.8145524E+07   1.1915308E+06   1.4336676E+07   2.3179167E+07   2.3181801E+07   1.0214846E+07   0.0000000E+00   0.0000000E+00   0.0000000E+00   0.0000000E+00
   3.9198346E-04   2.3150291E+07   2.3150291E+07   1.6681996E+07   1.1669632E+06   1.3956592E+07   2.3147259E+07   2.3150291E+07   1.0201184E+07   0.0000000E+00   0.0000000E+00   0.0000000E+00   0.0000000E+00
   4.2122849E-04   2.3114832E+07   2.3114832E+07   1.5141447E+07   1.1395031E+06   1.3535289E+07   2.3111346E+07   2.3114832E+07   1.0185882E+07   0.0000000E+00   0.0000000E+00   0.0000000E+00   0.0000000E+00
   4.5265543E-04   2.3075077E+07   2.3075077E+07   1.3545029E+07   1.1089589E+06   1.3071147E+07   2.3071074E+07   2.3075077E+07   1.0168815E+07   0.0000000E+00   0.0000000E+00   0.0000000E+00   0.0000000E+00
   4.8642707E-04   2.3030692E+07   2.3030692E+07   1.1921179E+07   1.0751723E+06   1.2563370E+07   2.3026101E+07   2.3030692E+07   1.0149874E+07   0.0000000E+00   0.0000000E+00   0.0000000E+00   0.0000000E+00
   5.2271834E-04   2.2981370E+07   2.2981370E+07   1.0305608E+07   1.0380347E+06   1.2012254E+07   2.2976114E+07   2.2981370E+07   1.0128966E+07   0.0000000E+00   0.0000000E+00   0.0000000E+00   0.0000000E+00
   5.6171722E-04   2.2926849E+07   2.2926849E+07   8.7403582E+06   9.9750581E+05   1.1419469E+07   2.2920841E+07   2.2926849E+07   1.0106025E+07   0.0000000E+00   0.0000000E+00   0.0000000E+00   0.0000000E+00
   6.0362572E-04   2.2866929E+07   2.2866929E+07   7.2715583E+06   9.5363358E+05   1.0788326E+07   2.2860075E+07   2.2866929E+07   1.0081018E+07   0.0000000E+00   0.0000000E+00   0.0000000E+00   0.0000000E+00
   6.4866093E-04   2.2801498E+07   2.2801498E+07   5.9455903E+06   9.0657463E+05   1.0123980E+07   2.2793694E+07   2.2801498E+07   1.0053952E+07   0.0000000E+00   0.0000000E+00   0.0000000E+00   0.0000000E+00
   6.9705611E-04   2.2730542E+07   2.2730542E+07   4.8035788E+06   8.5661182E+05   9.4335385E+06   2.2721678E+07   2.2730542E+07   1.0024879E+07   0.0000000E+00   0.0000000E+00   0.0000000E+00   0.0000000E+00
   7.4906195E-04   2.2654165E+07   2.2654165E+07   3.8745552E+06   8.0416647E+05   8.7259901E+06   2.2644122E+07   2.2654165E+07   9.9938972E+06   0.0000000E+00   0.0000000E+00   0.0000000E+00   0.0000000E+00
   8.0494784E-04   2.2572595E+07   2.2572595E+07   3.1683141E+06   7.4980125E+05   8.0119184E+06   2.2561248E+07   2.2572595E+07   9.9611431E+06   0.0000000E+00   0.0000000E+00   0.0000000E+00   0.0000000E+00
   8.6500325E-04   2.2486174E+07   2.2486174E+07   2.6698154E+06   6.9420978E+05   7.3029509E+06   2.2473396E+07   2.2486174E+07   9.9267834E+06   0.0000000E+00   0.0000000E+00   0.0000000E+00   0.0000000E+00
   9.2953926E-04   2.2395342E+07   2.2395342E+07   2.3377320E+06   6.3818995E+05   6.6109522E+06   2.2381002E+07   2.2395342E+07   9.8909953E+06   0.0000000E+00   0.0000000E+00   0.0000000E+00   0.0000000E+00
   9.9889017E-04   2.2300598E+07   2.2300598E+07   2.1098672E+06   5.8259975E+05   5.9470298E+06   2.2284568E+07   2.2300598E+07   9.8539421E+06   0.0000000E+00   0.0000000E+00   0.0000000E+00   0.0000000E+00
   1.0734152E-03   2.2202444E+07   2.2202444E+07   1.9169484E+06   5.2829828E+05   5.3205050E+06   2.2184600E+07   2.2202444E+07   9.8157461E+06   0.0000000E+00   0.0000000E+00   0.0000000E+00   0.0000000E+00
   1.1535004E-03   2.2101325E+07   2.2101325E+07   1.7031128E+06   4.7607897E+05   4.7380665E+06   2.2081552E+07   2.2101325E+07   9.7764641E+06   0.0000000E+00   0.0000000E+00   0.0000000E+00   0.0000000E+00
   1.2395605E-03   2.1997562E+07   2.1997562E+07   1.4464799E+06   4.2660636E+05   4.2033423E+06   2.1975760E+07   2.1997562E+07   9.7360721E+06   0.0000000E+00   0.0000000E+00   0.0000000E+00   0.0000000E+00
   1.3320414E-03   2.1891308E+07   2.1891308E+07   1.1686566E+06   3.8036995E+05   3.7170525E+06   2.1867392E+07   2.1891308E+07   9.6944643E+06   0.0000000E+00   0.0000000E+00   0.0000000E+00   0.0000000E+00
   1.4314222E-03   2.1782515E+07   2.1782515E+07   9.2227964E+05   3.3766602E+05   3.2777195E+06   2.1756421E+07   2.1782515E+07   9.6514671E+06   0.0000000E+00   0.0000000E+00   0.0000000E+00   0.0000000E+00
   1.5382175E-03   2.1670943E+07   2.1670943E+07   7.5565093E+05   2.9861059E+05   2.8826843E+06   2.1642628E+07   2.1670943E+07   9.6068626E+06   0.0000000E+00   0.0000000E+00   0.0000000E+00   0.0000000E+00
   1.6529805E-03   2.1556190E+07   2.1556190E+07   6.7284928E+05   2.6317636E+05   2.5290163E+06   2.1525632E+07   2.1556190E+07   9.5604098E+06   0.0000000E+00   0.0000000E+00   0.0000000E+00   0.0000000E+00
   1.7763058E-03   2.1437729E+07   2.1437729E+07   6.2350455E+05   2.3123812E+05   2.2139604E+06   2.1404922E+07   2.1437729E+07   9.5118551E+06   0.0000000E+00   0.0000000E+00   0.0000000E+00   0.0000000E+00
   1.9088321E-03   2.1314951E+07   2.1314951E+07   5.4459517E+05   2.0261209E+05   1.9348521E+06   2.1279902E+07   2.1314951E+07   9.4609287E+06   0.0000000E+00   0.0000000E+00   0.0000000E+00   0.0000000E+00
   2.0512460E-03   2.1187195E+07   2.1187195E+07   4.2603376E+05   1.7708291E+05   1.6887846E+06   2.1149913E+07   2.1187195E+07   9.4073404E+06   0.0000000E+00   0.0000000E+00   0.0000000E+00   0.0000000E+00
   2.2042850E-03   2.1053759E+07   2.1053759E+07   3.2359029E+05   1.5442013E+05   1.4724510E+06   2.1014251E+07   2.1053759E+07   9.3507833E+06   0.0000000E+00   0.0000000E+00   0.0000000E+00   0.0000000E+00
   2.3687419E-03   2.0913917E+07   2.0913917E+07   2.8226819E+05   1.3438679E+05   1.2824099E+06   2.0872184E+07   2.0913917E+07   9.2909472E+06   0.0000000E+00   0.0000000E+00   0.0000000E+00   0.0000000E+00
   2.5454686E-03   2.0766923E+07   2.0766923E+07   2.6574152E+05   1.1674140E+05   1.1156259E+06   2.0722958E+07   2.0766923E+07   9.2275241E+06   0.0000000E+00   0.0000000E+00   0.0000000E+00   0.0000000E+00
   2.7353804E-03   2.0612019E+07   2.0612019E+07   2.1885955E+05   1.0124154E+05   9.6972546E+05   2.0565809E+07   2.0612019E+07   9.1602057E+06   0.0000000E+00   0.0000000E+00   0.0000000E+00   0.0000000E+00
   2.9394612E-03   2.0448450E+07   2.0448450E+07   1.6882190E+05   8.7657864E+04   8.4251228E+05   2.0399985E+07   2.0448450E+07   9.0886849E+06   0.0000000E+00   0.0000000E+00   0.0000000E+00   0.0000000E+00
   3.1587681E-03   2.0275476E+07   2.0275476E+07   1.5347548E+05   7.5784474E+04   7.3150178E+05   2.0224753E+07   2.0275476E+07   9.0126653E+06   0.0000000E+00   0.0000000E+00   0.0000000E+00   0.0000000E+00
   3.3944369E-03   2.0092373E+07   2.0092373E+07   1.3004491E+05   6.5429323E+04   6.3461670E+05   2.0039400E+07   2.0092373E+07   8.9318594E+06   0.0000000E+00   0.0000000E+00   0.0000000E+00   0.0000000E+00
   3.6476885E-03   1.9898432E+07   1.9898432E+07   9.9220788E+04   5.6411424E+04   5.5046147E+05   1.9843229E+07   1.9898432E+07   8.8459845E+06   0.0000000E+00   0.0000000E+00   0.0000000E+00   0.0000000E+00
   3.9198346E-03   1.9692974E+07   1.9692974E+07   9.5368288E+04   4.8573704E+04   4.7718587E+05   1.9635581E+07   1.9692974E+07   8.7547726E+06   0.0000000E+00   0.0000000E+00   0.0000000E+00   0.0000000E+00
   4.2122849E-03   1.9475351E+07   1.9475351E+07   7.4007072E+04   4.1772629E+04   4.1338031E+05   1.9415839E+07   1.9475351E+07   8.6579726E+06   0.0000000E+00   0.0000000E+00   0.0000000E+00   0.0000000E+00
   4.5265543E-03   1.9244955E+07   1.9244955E+07   6.2961719E+04   3.5877223E+04   3.5815983E+05   1.9183435E+07   1.9244955E+07   8.5553537E+06   0.0000000E+00   0.0000000E+00   0.0000000E+00   0.0000000E+00
   4.8642707E-03   1.9001237E+07   1.9001237E+07   5.4271638E+04   3.0776605E+04   3.1003515E+05   1.8937846E+07   1.9001237E+07   8.4467029E+06   0.0000000E+00   0.0000000E+00   0.0000000E+00   0.0000000E+00
   5.2271834E-03   1.8743692E+07   1.8743692E+07   4.5213141E+04   2.6367750E+04   2.6841671E+05   1.8678558E+07   1.8743692E+07   8.3318082E+06   0.0000000E+00   0.0000000E+00   0.0000000E+00   0.0000000E+00
   5.6171722E-03   1.8471841E+07   1.8471841E+07   3.6808935E+04   2.2562755E+04   2.3214789E+05   1.8405070E+07   1.8471841E+07   8.2104625E+06   0.0000000E+00   0.0000000E+00   0.0000000E+00   0.0000000E+00
   6.0362572E-03   1.8185232E+07   1.8185232E+07   3.3715708E+04   1.9281321E+04   2.0077293E+05   1.8116946E+07   1.8185232E+07   8.0824863E+06   0.0000000E+00   0.0000000E+00   0.0000000E+00   0.0000000E+00
   6.4866093E-03   1.7883436E+07   1.7883436E+07   2.5050284E+04   1.6455331E+04   1.7349844E+05   1.7813825E+07   1.7883436E+07   7.9477297E+06   0.0000000E+00   0.0000000E+00   0.0000000E+00   0.0000000E+00
   6.9705611E-03   1.7566082E+07   1.7566082E+07   2.2836004E+04   1.4024502E+04   1.4984379E+05   1.7495356E+07   1.7566082E+07   7.8060486E+06   0.0000000E+00   0.0000000E+00   0.0000000E+00   0.0000000E+00
   7.4906195E-03   1.7232857E+07   1.7232857E+07   1.9951035E+04   1.1935798E+04   1.2937376E+05   1.7161199E+07   1.7232857E+07   7.6573008E+06   0.0000000E+00   0.0000000E+00   0.0000000E+00   0.0000000E+00
   8.0494784E-03   1.6883474E+07   1.6883474E+07   1.5899251E+04   1.0143060E+04   1.1161033E+05   1.6811080E+07   1.6883474E+07   7.5013721E+06   0.0000000E+00   0.0000000E+00   0.0000000E+00   0.0000000E+00
   8.6500325E-03   1.6517663E+07   1.6517663E+07   1.2574832E+04   8.6062390E+03   9.6178563E+04   1.6444757E+07   1.6517663E+07   7.3381629E+06   0.0000000E+00   0.0000000E+00   0.0000000E+00   0.0000000E+00
   9.2953926E-03   1.6135188E+07   1.6135188E+07   1.0535843E+04   7.2903084E+03   8.2804108E+04   1.6062000E+07   1.6135188E+07   7.1675766E+06   0.0000000E+00   0.0000000E+00   0.0000000E+00   0.0000000E+00
   9.9889017E-03   1.5735859E+07   1.5735859E+07   8.7355452E+03   6.1648827E+03   7.1212517E+04   1.5662617E+07   1.5735859E+07   6.9895333E+06   0.0000000E+00   0.0000000E+00   0.0000000E+00   0.0000000E+00
   1.0734152E-02   1.5319522E+07   1.5319522E+07   7.3234660E+03   5.2035252E+03   6.1169211E+04   1.5246465E+07   1.5319522E+07   6.8039741E+06   0.0000000E+00   0.0000000E+00   0.0000000E+00   0.0000000E+00
   1.1535004E-02   1.4886058E+07   1.4886058E+07   6.3426763E+03   4.3834502E+03   5.2477985E+04   1.4813439E+07   1.4886058E+07   6.6108572E+06   0.0000000E+00   0.0000000E+00   0.0000000E+00   0.0000000E+00
   1.2395605E-02   1.4435420E+07   1.4435420E+07   5.6491752E+03   3.6848221E+03   4.4932744E+04   1.4363474E+07   1.4435420E+07   6.4101565E+06   0.0000000E+00   0.0000000E+00   0.0000000E+00   0.0000000E+00
   1.3320414E-02   1.3967629E+07   1.3967629E+07   4.5874005E+03   3.0905208E+03   3.8392568E+04   1.3896612E+07   1.3967629E+07   6.2018944E+06   0.0000000E+00   0.0000000E+00   0.0000000E+00   0.0000000E+00
   1.4314222E-02   1.3482817E+07   1.3482817E+07   3.5726535E+03   2.5857184E+03   3.2757077E+04   1.3412972E+07   1.3482817E+07   5.9861264E+06   0.0000000E+00   0.0000000E+00   0.0000000E+00   0.0000000E+00
   1.5382175E-02   1.2981269E+07   1.2981269E+07   3.2075493E+03   2.1576719E+03   2.7869310E+04   1.2912842E+07   1.2981269E+07   5.7629844E+06   0.0000000E+00   0.0000000E+00   0.0000000E+00   0.0000000E+00
   1.6529805E-02   1.2463472E+07   1.2463472E+07   2.5130352E+03   1.7953569E+03   2.3659220E+04   1.2396699E+07   1.2463472E+07   5.5326825E+06   0.0000000E+00   0.0000000E+00   0.0000000E+00   0.0000000E+00
   1.7763058E-02   1.1930195E+07   1.1930195E+07   2.0560622E+03   1.4892999E+03   2.0017289E+04   1.1865311E+07   1.1930195E+07   5.2955658E+06   0.0000000E+00   0.0000000E+00   0.0000000E+00   0.0000000E+00
   1.9088321E-02   1.1382576E+07   1.1382576E+07   1.7482216E+03   1.2313333E+03   1.6885035E+04   1.1319799E+07   1.1382576E+07   5.0521359E+06   0.0000000E+00   0.0000000E+00   0.0000000E+00   0.0000000E+00
   2.0512459E-02   1.0822229E+07   1.0822229E+07   1.4423497E+03   1.0144579E+03   1.4194238E+04   1.0761764E+07   1.0822229E+07   4.8031091E+06   0.0000000E+00   0.0000000E+00   0.0000000E+00   0.0000000E+00
   2.2042843E-02   1.0251368E+07   1.0251368E+07   1.1488751E+03   8.3265233E+02   1.1887338E+04   1.0193405E+07   1.0251368E+07   4.5494675E+06   0.0000000E+00   0.0000000E+00   0.0000000E+00   0.0000000E+00
   2.3687382E-02   9.6729436E+06   9.6729436E+06   9.0815557E+02   6.8074970E+02   9.9198182E+03   9.6176446E+06   9.6729436E+06   4.2925168E+06   0.0000000E+00   0.0000000E+00   0.0000000E+00   0.0000000E+00
   2.5454500E-02   9.0907755E+06   9.0907755E+06   7.9180977E+02   5.5432609E+02   8.2380103E+03   9.0382740E+06   9.0907755E+06   4.0339500E+06   0.0000000E+00   0.0000000E+00   0.0000000E+00   0.0000000E+00
   2.7353004E-02   8.5097018E+06   8.5097018E+06   6.2156032E+02   4.4958487E+02   6.8184561E+03   8.4600955E+06   8.5097018E+06   3.7759112E+06   0.0000000E+00   0.0000000E+00   0.0000000E+00   0.0000000E+00
   2.9391584E-02   7.9357298E+06   7.9357298E+06   4.8476390E+02   3.6328551E+02   5.6185880E+03   7.8890719E+06   7.9357298E+06   3.5210624E+06   0.0000000E+00   0.0000000E+00   0.0000000E+00   0.0000000E+00
   3.1577565E-02   7.3761913E+06   7.3761913E+06   4.0172584E+02   2.9266270E+02   4.6147197E+03   7.3324827E+06   7.3761913E+06   3.2726531E+06   0.0000000E+00   0.0000000E+00   0.0000000E+00   0.0000000E+00
   3.3914309E-02   6.8398253E+06   6.8398253E+06   3.3318579E+02   2.3536520E+02   3.7796252E+03   6.7990056E+06   6.8398253E+06   3.0345569E+06   0.0000000E+00   0.0000000E+00   0.0000000E+00   0.0000000E+00
   3.6397032E-02   6.3365434E+06   6.3365434E+06   2.4408148E+02   1.8938166E+02   3.0992444E+03   6.2984829E+06   6.3365434E+06   2.8111672E+06   0.0000000E+00   0.0000000E+00   0.0000000E+00   0.0000000E+00
   3.9008109E-02   5.8764456E+06   5.8764456E+06   2.0096258E+02   1.5295422E+02   2.5455405E+03   5.8409447E+06   5.8764456E+06   2.6069609E+06   0.0000000E+00   0.0000000E+00   0.0000000E+00   0.0000000E+00
   4.1715313E-02   5.4678090E+06   5.4678090E+06   1.7422488E+02   1.2448044E+02   2.1068231E+03   5.4346080E+06   5.4678090E+06   2.4256060E+06   0.0000000E+00   0.0000000E+00   0.0000000E+00   0.0000000E+00
   4.4476956E-02   5.1146306E+06   5.1146306E+06   1.4592268E+02   1.0245386E+02   1.7618702E+03   5.0834352E+06   5.1146306E+06   2.2688711E+06   0.0000000E+00   0.0000000E+00   0.0000000E+00   0.0000000E+00
   4.7253141E-02   4.8152766E+06   4.8152766E+06   1.2117208E+02   8.5473908E+01   1.4917496E+03   4.7857933E+06   4.8152766E+06   2.1360277E+06   0.0000000E+00   0.0000000E+00   0.0000000E+00   0.0000000E+00
   5.0015930E-02   4.5632911E+06   4.5632911E+06   9.9983796E+01   7.2312254E+01   1.2792878E+03   4.5352570E+06   4.5632911E+06   2.0242083E+06   0.0000000E+00   0.0000000E+00   0.0000000E+00   0.0000000E+00
   5.2752445E-02   4.3496364E+06   4.3496364E+06   8.1716879E+01   6.1970311E+01   1.1097401E+03   4.3228371E+06   4.3496364E+06   1.9294008E+06   0.0000000E+00   0.0000000E+00   0.0000000E+00   0.0000000E+00
   5.5461839E-02   4.1648486E+06   4.1648486E+06   6.9100441E+01   5.3688790E+01   9.7179077E+02   4.1391227E+06   4.1648486E+06   1.8474051E+06   0.0000000E+00   0.0000000E+00   0.0000000E+00   0.0000000E+00
   5.8150463E-02   4.0003327E+06   4.0003327E+06   6.2793640E+01   4.6915190E+01   8.5775405E+02   3.9755678E+06   4.0003327E+06   1.7744069E+06   0.0000000E+00   0.0000000E+00   0.0000000E+00   0.0000000E+00
   6.0827992E-02   3.8488867E+06   3.8488867E+06   5.6624236E+01   4.1256957E+01   7.6196559E+02   3.8250118E+06   3.8488867E+06   1.7072103E+06   0.0000000E+00   0.0000000E+00   0.0000000E+00   0.0000000E+00
   6.3505086E-02   3.7048006E+06   3.7048006E+06   4.7994730E+01   3.6438359E+01   6.7937007E+02   3.6817786E+06   3.7048006E+06   1.6432819E+06   0.0000000E+00   0.0000000E+00   0.0000000E+00   0.0000000E+00
   6.6192223E-02   3.5637915E+06   3.5637915E+06   4.0484677E+01   3.2266330E+01   6.0647359E+02   3.5416100E+06   3.5637915E+06   1.5807212E+06   0.0000000E+00   0.0000000E+00   0.0000000E+00   0.0000000E+00
   6.8899212E-02   3.4228969E+06   3.4228969E+06   3.6202407E+01   2.8605847E+01   5.4162523E+02   3.4015611E+06   3.4228969E+06   1.5182138E+06   0.0000000E+00   0.0000000E+00   0.0000000E+00   0.0000000E+00
   7.1635064E-02   3.2803707E+06   3.2803707E+06   3.3449129E+01   2.5362851E+01   4.8379076E+02   3.2598959E+06   3.2803707E+06   1.4549850E+06   0.0000000E+00   0.0000000E+00   0.0000000E+00   0.0000000E+00
   7.4408024E-02   3.1355809E+06   3.1355809E+06   3.0486319E+01   2.2471974E+01   4.3182138E+02   3.1159856E+06   3.1355809E+06   1.3907540E+06   0.0000000E+00   0.0000000E+00   0.0000000E+00   0.0000000E+00
   7.7225657E-02   2.9888993E+06   2.9888993E+06   2.7104475E+01   1.9887767E+01   3.8486003E+02   2.9701994E+06   2.9888993E+06   1.3256857E+06   0.0000000E+00   0.0000000E+00   0.0000000E+00   0.0000000E+00
   8.0094968E-02   2.8415669E+06   2.8415669E+06   2.3452843E+01   1.7578436E+01   3.4243201E+02   2.8237700E+06   2.8415669E+06   1.2603303E+06   0.0000000E+00   0.0000000E+00   0.0000000E+00   0.0000000E+00
   8.3022500E-02   2.6955224E+06   2.6955224E+06   1.9670064E+01   1.5520931E+01   3.0437166E+02   2.6786236E+06   2.6955224E+06   1.1955475E+06   0.0000000E+00   0.0000000E+00   0.0000000E+00   0.0000000E+00
   8.6014437E-02   2.5531867E+06   2.5531867E+06   1.7172390E+01   1.3697412E+01   2.7063985E+02   2.5371656E+06   2.5531867E+06   1.1324108E+06   0.0000000E+00   0.0000000E+00   0.0000000E+00   0.0000000E+00
   8.9076679E-02   2.4172033E+06   2.4172033E+06   1.6537405E+01   1.2092449E+01   2.4036779E+02   2.4020224E+06   2.4172033E+06   1.0720927E+06   0.0000000E+00   0.0000000E+00   0.0000000E+00   0.0000000E+00
   9.2214910E-02   2.2901422E+06   2.2901422E+06   1.3814849E+01   1.0690978E+01   2.1357085E+02   2.2757478E+06   2.2901422E+06   1.0157328E+06   0.0000000E+00   0.0000000E+00   0.0000000E+00   0.0000000E+00
   9.5434658E-02   2.1741876E+06   2.1741876E+06   1.2464766E+01   9.4769066E+00   1.9061265E+02   2.1605116E+06   2.1741876E+06   9.6429964E+05   0.0000000E+00   0.0000000E+00   0.0000000E+00   0.0000000E+00
   9.8741338E-02   2.0708350E+06   2.0708350E+06   1.0747865E+01   8.4323915E+00   1.7037685E+02   2.0578000E+06   2.0708350E+06   9.1845652E+05   0.0000000E+00   0.0000000E+00   0.0000000E+00   0.0000000E+00
   1.0214029E-01   1.9806372E+06   1.9806372E+06   1.0103059E+01   7.5375655E+00   1.5308664E+02   1.9681615E+06   1.9806372E+06   8.7844836E+05   0.0000000E+00   0.0000000E+00   0.0000000E+00   0.0000000E+00
   1.0563681E-01   1.9030380E+06   1.9030380E+06   9.1968866E+00   6.7709654E+00   1.3826478E+02   1.8910437E+06   1.9030380E+06   8.4402848E+05   0.0000000E+00   0.0000000E+00   0.0000000E+00   0.0000000E+00
   1.0923618E-01   1.8363361E+06   1.8363361E+06   8.0556590E+00   6.1103116E+00   1.2538692E+02   1.8247553E+06   1.8363361E+06   8.1444210E+05   0.0000000E+00   0.0000000E+00   0.0000000E+00   0.0000000E+00
   1.1294366E-01   1.7778092E+06   1.7778092E+06   6.8613239E+00   5.5336748E+00   1.1423669E+02   1.7665912E+06   1.7778092E+06   7.8848183E+05   0.0000000E+00   0.0000000E+00   0.0000000E+00   0.0000000E+00
   1.1676456E-01   1.7240129E+06   1.7240129E+06   6.8208000E+00   5.0208574E+00   1.0424204E+02   1.7131287E+06   1.7240129E+06   7.6461998E+05   0.0000000E+00   0.0000000E+00   0.0000000E+00   0.0000000E+00
   1.2070420E-01   1.6712380E+06   1.6712380E+06   5.6783603E+00   4.5547086E+00   9.4951945E+01   1.6606818E+06   1.6712380E+06   7.4121143E+05   0.0000000E+00   0.0000000E+00   0.0000000E+00   0.0000000E+00
   1.2476793E-01   1.6160770E+06   1.6160770E+06   5.4092616E+00   4.1222290E+00   8.6277857E+01   1.6058643E+06   1.6160770E+06   7.1674484E+05   0.0000000E+00   0.0000000E+00   0.0000000E+00   0.0000000E+00
   1.2896116E-01   1.5560132E+06   1.5560132E+06   4.9562027E+00   3.7152033E+00   7.8144268E+01   1.5461757E+06   1.5560132E+06   6.9010410E+05   0.0000000E+00   0.0000000E+00   0.0000000E+00   0.0000000E+00
   1.3328936E-01   1.4899195E+06   1.4899195E+06   4.4184132E+00   3.3302181E+00   7.0372454E+01   1.4804960E+06   1.4899195E+06   6.6078931E+05   0.0000000E+00   0.0000000E+00   0.0000000E+00   0.0000000E+00
   1.3775805E-01   1.4183408E+06   1.4183408E+06   3.7786493E+00   2.9679974E+00   6.2979959E+01   1.4093665E+06   1.4183408E+06   6.2904216E+05   0.0000000E+00   0.0000000E+00   0.0000000E+00   0.0000000E+00
   1.4237282E-01   1.3434559E+06   1.3434559E+06   3.5539999E+00   2.6321086E+00   5.6163239E+01   1.3349522E+06   1.3434559E+06   5.9582886E+05   0.0000000E+00   0.0000000E+00   0.0000000E+00   0.0000000E+00
   1.4713933E-01   1.2686656E+06   1.2686656E+06   2.9663994E+00   2.3272455E+00   4.9879589E+01   1.2606325E+06   1.2686656E+06   5.6265782E+05   0.0000000E+00   0.0000000E+00   0.0000000E+00   0.0000000E+00
   1.5206330E-01   1.1978441E+06   1.1978441E+06   2.6131674E+00   2.0574083E+00   4.4274783E+01   1.1902569E+06   1.1978441E+06   5.3124711E+05   0.0000000E+00   0.0000000E+00   0.0000000E+00   0.0000000E+00
   1.5715057E-01   1.1343875E+06   1.1343875E+06   2.4334705E+00   1.8243667E+00   3.9417455E+01   1.1271999E+06   1.1343875E+06   5.0310294E+05   0.0000000E+00   0.0000000E+00   0.0000000E+00   0.0000000E+00
   1.6240702E-01   1.0802934E+06   1.0802934E+06   2.0943744E+00   1.6267612E+00   3.5225194E+01   1.0734466E+06   1.0802934E+06   4.7911124E+05   0.0000000E+00   0.0000000E+00   0.0000000E+00   0.0000000E+00
   1.6783866E-01   1.0355455E+06   1.0355455E+06   1.9441500E+00   1.4600962E+00   3.1777271E+01   1.0289804E+06   1.0355455E+06   4.5926468E+05   0.0000000E+00   0.0000000E+00   0.0000000E+00   0.0000000E+00
   1.7345161E-01   9.9804307E+05   9.9804307E+05   1.7007407E+00   1.3176214E+00   2.8794321E+01   9.9171407E+05   9.9804307E+05   4.4263161E+05   0.0000000E+00   0.0000000E+00   0.0000000E+00   0.0000000E+00
   1.7925209E-01   9.6418252E+05   9.6418252E+05   1.5907523E+00   1.1918717E+00   2.6140722E+01   9.5806671E+05   9.6418252E+05   4.2761380E+05   0.0000000E+00   0.0000000E+00   0.0000000E+00   0.0000000E+00
   1.8524649E-01   9.2998427E+05   9.2998427E+05   1.3651717E+00   1.0764067E+00   2.3667325E+01   9.2408398E+05   9.2998427E+05   4.1244630E+05   0.0000000E+00   0.0000000E+00   0.0000000E+00   0.0000000E+00
   1.9144133E-01   8.9243130E+05   8.9243130E+05   1.2723276E+00   9.6718410E-01   2.1334450E+01   8.8676799E+05   8.9243130E+05   3.9579108E+05   0.0000000E+00   0.0000000E+00   0.0000000E+00   0.0000000E+00
   1.9784333E-01   8.5053474E+05   8.5053474E+05   1.1200684E+00   8.6310434E-01   1.9102927E+01   8.4513617E+05   8.5053474E+05   3.7720956E+05   0.0000000E+00   0.0000000E+00   0.0000000E+00   0.0000000E+00
   2.0445943E-01   8.0566522E+05   8.0566522E+05   9.7702506E-01   7.6553538E-01   1.7020729E+01   8.0055042E+05   8.0566522E+05   3.5730962E+05   0.0000000E+00   0.0000000E+00   0.0000000E+00   0.0000000E+00
   2.1129679E-01   7.6092864E+05   7.6092864E+05   8.9313760E-01   6.7700910E-01   1.5092991E+01   7.5609696E+05   7.6092864E+05   3.3746871E+05   0.0000000E+00   0.0000000E+00   0.0000000E+00   0.0000000E+00
   2.1836288E-01   7.1976867E+05   7.1976867E+05   7.9618118E-01   5.9962650E-01   1.3409210E+01   7.1519753E+05   7.1976867E+05   3.1921408E+05   0.0000000E+00   0.0000000E+00   0.0000000E+00   0.0000000E+00
   2.2566550E-01   6.8438081E+05   6.8438081E+05   6.7942445E-01   5.3384911E-01   1.1973990E+01   6.8003368E+05   6.8438081E+05   3.0351941E+05   0.0000000E+00   0.0000000E+00   0.0000000E+00   0.0000000E+00
   2.3321284E-01   6.5470501E+05   6.5470501E+05   6.2982086E-01   4.7818247E-01   1.0756638E+01   6.5054573E+05   6.5470501E+05   2.9035806E+05   0.0000000E+00   0.0000000E+00   0.0000000E+00   0.0000000E+00
   2.4101353E-01   6.2855918E+05   6.2855918E+05   5.6363539E-01   4.2984945E-01   9.6965172E+00   6.2456540E+05   6.2855918E+05   2.7876226E+05   0.0000000E+00   0.0000000E+00   0.0000000E+00   0.0000000E+00
   2.4907672E-01   6.0290736E+05   6.0290736E+05   4.9777923E-01   3.8604528E-01   8.7358275E+00   5.9907603E+05   6.0290736E+05   2.6738560E+05   0.0000000E+00   0.0000000E+00   0.0000000E+00   0.0000000E+00
   2.5741218E-01   5.7558882E+05   5.7558882E+05   4.5192115E-01   3.4507393E-01   7.8290004E+00   5.7193061E+05   5.7558882E+05   2.5526979E+05   0.0000000E+00   0.0000000E+00   0.0000000E+00   0.0000000E+00
   2.6603034E-01   5.4648066E+05   5.4648066E+05   3.9352038E-01   3.0674409E-01   6.9876924E+00   5.4300702E+05   5.4648066E+05   2.4236033E+05   0.0000000E+00   0.0000000E+00   0.0000000E+00   0.0000000E+00
   2.7494246E-01   5.1734108E+05   5.1734108E+05   3.5745259E-01   2.7187178E-01   6.2065413E+00   5.1405227E+05   5.1734108E+05   2.2943696E+05   0.0000000E+00   0.0000000E+00   0.0000000E+00   0.0000000E+00
   2.8416073E-01   4.9042002E+05   4.9042002E+05   3.1451994E-01   2.4127706E-01   5.5233312E+00   4.8730201E+05   4.9042002E+05   2.1749752E+05   0.0000000E+00   0.0000000E+00   0.0000000E+00   0.0000000E+00
   2.9369837E-01   4.6681274E+05   4.6681274E+05   2.7727470E-01   2.1499014E-01   4.9320042E+00   4.6384451E+05   4.6681274E+05   2.0702773E+05   0.0000000E+00   0.0000000E+00   0.0000000E+00   0.0000000E+00
   3.0356988E-01   4.4577872E+05   4.4577872E+05   2.4777271E-01   1.9216825E-01   4.4178574E+00   4.4294395E+05   4.4577872E+05   1.9769919E+05   0.0000000E+00   0.0000000E+00   0.0000000E+00   0.0000000E+00
   3.1379114E-01   4.2553687E+05   4.2553687E+05   2.2323936E-01   1.7168664E-01   3.9605161E+00   4.2283058E+05   4.2553687E+05   1.8872199E+05   0.0000000E+00   0.0000000E+00   0.0000000E+00   0.0000000E+00
   3.2437969E-01   4.0483386E+05   4.0483386E+05   1.9719657E-01   1.5284573E-01   3.5301570E+00   4.0225900E+05   4.0483386E+05   1.7954028E+05   0.0000000E+00   0.0000000E+00   0.0000000E+00   0.0000000E+00
   3.3535500E-01   3.8389162E+05   3.8389162E+05   1.7652747E-01   1.3560844E-01   3.1385171E+00   3.8144976E+05   3.8389162E+05   1.7025249E+05   0.0000000E+00   0.0000000E+00   0.0000000E+00   0.0000000E+00
   3.4673872E-01   3.6390463E+05   3.6390463E+05   1.5555732E-01   1.2024704E-01   2.7895137E+00   3.6158973E+05   3.6390463E+05   1.6138836E+05   0.0000000E+00   0.0000000E+00   0.0000000E+00   0.0000000E+00
   3.5855514E-01   3.4567329E+05   3.4567329E+05   1.3865822E-01   1.0681863E-01   2.4872580E+00   3.4347421E+05   3.4567329E+05   1.5330286E+05   0.0000000E+00   0.0000000E+00   0.0000000E+00   0.0000000E+00
   3.7083154E-01   3.2883472E+05   3.2883472E+05   1.2331848E-01   9.4998838E-02   2.2151827E+00   3.2674260E+05   3.2883472E+05   1.4583505E+05   0.0000000E+00   0.0000000E+00   0.0000000E+00   0.0000000E+00
   3.8359884E-01   3.1245935E+05   3.1245935E+05   1.0911704E-01   8.4359759E-02   1.9722431E+00   3.1047129E+05   3.1245935E+05   1.3857267E+05   0.0000000E+00   0.0000000E+00   0.0000000E+00   0.0000000E+00
   3.9689214E-01   2.9618647E+05   2.9618647E+05   9.6867135E-02   7.4699670E-02   1.7497774E+00   2.9430184E+05   2.9618647E+05   1.3135576E+05   0.0000000E+00   0.0000000E+00   0.0000000E+00   0.0000000E+00
   4.1075164E-01   2.8046953E+05   2.8046953E+05   8.5221722E-02   6.6043190E-02   1.5507846E+00   2.7868480E+05   2.8046953E+05   1.2438540E+05   0.0000000E+00   0.0000000E+00   0.0000000E+00   0.0000000E+00
   4.2522358E-01   2.6574330E+05   2.6574330E+05   7.5744697E-02   5.8388903E-02   1.3727015E+00   2.6405218E+05   2.6574330E+05   1.1785443E+05   0.0000000E+00   0.0000000E+00   0.0000000E+00   0.0000000E+00
   4.4036151E-01   2.5179856E+05   2.5179856E+05   6.6768208E-02   5.1586798E-02   1.2151886E+00   2.5019610E+05   2.5179856E+05   1.1167004E+05   0.0000000E+00   0.0000000E+00   0.0000000E+00   0.0000000E+00
   4.5622784E-01   2.3821955E+05   2.3821955E+05   5.8828796E-02   4.5469461E-02   1.0738253E+00   2.3670343E+05   2.3821955E+05   1.0564786E+05   0.0000000E+00   0.0000000E+00   0.0000000E+00   0.0000000E+00
   4.7289589E-01   2.2502273E+05   2.2502273E+05   5.1719590E-02   3.9976330E-02   9.4585302E-01   2.2359053E+05   2.2502273E+05   9.9795180E+04   0.0000000E+00   0.0000000E+00   0.0000000E+00   0.0000000E+00
   4.9045236E-01   2.1243112E+05   2.1243112E+05   4.5424986E-02   3.5085961E-02   8.3139993E-01   2.1107900E+05   2.1243112E+05   9.4210909E+04   0.0000000E+00   0.0000000E+00   0.0000000E+00   0.0000000E+00
   5.0900060E-01   2.0036591E+05   2.0036591E+05   3.9739975E-02   3.0725385E-02   7.2909199E-01   1.9909053E+05   2.0036591E+05   8.8860094E+04   0.0000000E+00   0.0000000E+00   0.0000000E+00   0.0000000E+00
   5.2866481E-01   1.8864377E+05   1.8864377E+05   3.4695791E-02   2.6815962E-02   6.3786344E-01   1.8744296E+05   1.8864377E+05   8.3661430E+04   0.0000000E+00   0.0000000E+00   0.0000000E+00   0.0000000E+00
   5.4959541E-01   1.7730433E+05   1.7730433E+05   3.0146293E-02   2.3320951E-02   5.5577937E-01   1.7617566E+05   1.7730433E+05   7.8632499E+04   0.0000000E+00   0.0000000E+00   0.0000000E+00   0.0000000E+00
   5.7197600E-01   1.6636558E+05   1.6636558E+05   2.6123751E-02   2.0203286E-02   4.8224670E-01   1.6530650E+05   1.6636558E+05   7.3781266E+04   0.0000000E+00   0.0000000E+00   0.0000000E+00   0.0000000E+00
   5.9603223E-01   1.5572856E+05   1.5572856E+05   2.2517287E-02   1.7415833E-02   4.1654331E-01   1.5473717E+05   1.5572856E+05   6.9063853E+04   0.0000000E+00   0.0000000E+00   0.0000000E+00   0.0000000E+00
   6.2204292E-01   1.4538428E+05   1.4538428E+05   1.9294230E-02   1.4927714E-02   3.5754901E-01   1.4445871E+05   1.4538428E+05   6.4476269E+04   0.0000000E+00   0.0000000E+00   0.0000000E+00   0.0000000E+00
   6.5035349E-01   1.3531204E+05   1.3531204E+05   1.6426514E-02   1.2710278E-02   3.0521807E-01   1.3445057E+05   1.3531204E+05   6.0009334E+04   0.0000000E+00   0.0000000E+00   0.0000000E+00   0.0000000E+00
   6.8139084E-01   1.2547148E+05   1.2547148E+05   1.3873160E-02   1.0736714E-02   2.5812560E-01   1.2467263E+05   1.2547148E+05   5.5645148E+04   0.0000000E+00   0.0000000E+00   0.0000000E+00   0.0000000E+00
   7.1567713E-01   1.1585418E+05   1.1585418E+05   1.1611511E-02   8.9866418E-03   2.1654485E-01   1.1511654E+05   1.1585418E+05   5.1379977E+04   0.0000000E+00   0.0000000E+00   0.0000000E+00   0.0000000E+00
   7.5383602E-01   1.0644782E+05   1.0644782E+05   9.6145957E-03   7.4422443E-03   1.7963812E-01   1.0577005E+05   1.0644782E+05   4.7208357E+04   0.0000000E+00   0.0000000E+00   0.0000000E+00   0.0000000E+00
   7.9657964E-01   9.7265746E+04   9.7265746E+04   7.8696177E-03   6.0900834E-03   1.4737414E-01   9.6646420E+04   9.7265746E+04   4.3136207E+04   0.0000000E+00   0.0000000E+00   0.0000000E+00   0.0000000E+00
   8.4465925E-01   8.8343736E+04   8.8343736E+04   6.3559648E-03   4.9196633E-03   1.1925249E-01   8.7781206E+04   8.8343736E+04   3.9179395E+04   0.0000000E+00   0.0000000E+00   0.0000000E+00   0.0000000E+00
   8.9876828E-01   7.9750385E+04   7.9750385E+04   5.0661588E-03   3.9224832E-03   9.5235570E-02   7.9242560E+04   7.9750385E+04   3.5368340E+04   0.0000000E+00   0.0000000E+00   0.0000000E+00   0.0000000E+00
   9.5941639E-01   7.1583075E+04   7.1583075E+04   3.9900088E-03   3.0897330E-03   7.5188961E-02   7.1127247E+04   7.1583075E+04   3.1746232E+04   0.0000000E+00   0.0000000E+00   0.0000000E+00   0.0000000E+00
   1.0268439E+00   6.3947164E+04   6.3947164E+04   3.1112544E-03   2.4095623E-03   5.8726375E-02   6.3539951E+04   6.3947164E+04   2.8359793E+04   0.0000000E+00   0.0000000E+00   0.0000000E+00   0.0000000E+00
   1.1010567E+00   5.6924333E+04   5.6924333E+04   2.4083650E-03   1.8655432E-03   4.5559423E-02   5.6561834E+04   5.6924333E+04   2.5245250E+04   0.0000000E+00   0.0000000E+00   0.0000000E+00   0.0000000E+00
   1.1819770E+00   5.0552884E+04   5.0552884E+04   1.8538069E-03   1.4376583E-03   3.5147396E-02   5.0230955E+04   5.0552884E+04   2.2419587E+04   0.0000000E+00   0.0000000E+00   0.0000000E+00   0.0000000E+00
   1.2696059E+00   4.4829645E+04   4.4829645E+04   1.4265592E-03   1.1049843E-03   2.7063364E-02   4.4544158E+04   4.4829645E+04   1.9881399E+04   0.0000000E+00   0.0000000E+00   0.0000000E+00   0.0000000E+00
   1.3641059E+00   3.9718981E+04   3.9718981E+04   1.0948011E-03   8.4806967E-04   2.0806952E-02   3.9466036E+04   3.9718981E+04   1.7614880E+04   0.0000000E+00   0.0000000E+00   0.0000000E+00   0.0000000E+00
   1.4658004E+00   3.5168902E+04   3.5168902E+04   8.3945258E-04   6.5033897E-04   1.5972246E-02   3.4944931E+04   3.5168902E+04   1.5596975E+04   0.0000000E+00   0.0000000E+00   0.0000000E+00   0.0000000E+00
   1.5751363E+00   3.1125538E+04   3.1125538E+04   6.4393996E-04   4.9843926E-04   1.2259400E-02   3.0927316E+04   3.1125538E+04   1.3803792E+04   0.0000000E+00   0.0000000E+00   0.0000000E+00   0.0000000E+00
   1.6926473E+00   2.7535237E+04   2.7535237E+04   4.9288454E-04   3.8184628E-04   9.4015366E-03   2.7359878E+04   2.7535237E+04   1.2211537E+04   0.0000000E+00   0.0000000E+00   0.0000000E+00   0.0000000E+00
   1.8189306E+00   2.4349582E+04   2.4349582E+04   3.7737384E-04   2.9241057E-04   7.2158957E-03   2.4194509E+04   2.4349582E+04   1.0798738E+04   0.0000000E+00   0.0000000E+00   0.0000000E+00   0.0000000E+00
   1.9546367E+00   2.1524263E+04   2.1524263E+04   2.8885392E-04   2.2383668E-04   5.5263855E-03   2.1387183E+04   2.1524263E+04   9.5457436E+03   0.0000000E+00   0.0000000E+00   0.0000000E+00   0.0000000E+00
   2.1004679E+00   1.9019873E+04   1.9019873E+04   2.2102199E-04   1.7128214E-04   4.2327221E-03   1.8898742E+04   1.9019873E+04   8.4350777E+03   0.0000000E+00   0.0000000E+00   0.0000000E+00   0.0000000E+00
   2.2571792E+00   1.6800852E+04   1.6800852E+04   1.6908039E-04   1.3101992E-04   3.2419792E-03   1.6693853E+04   1.6800852E+04   7.4509692E+03   0.0000000E+00   0.0000000E+00   0.0000000E+00   0.0000000E+00
   2.4255824E+00   1.4835643E+04   1.4835643E+04   1.2932016E-04   1.0018763E-04   2.4807739E-03   1.4741159E+04   1.4835643E+04   6.5794231E+03   0.0000000E+00   0.0000000E+00   0.0000000E+00   0.0000000E+00
   2.6065499E+00   1.3095923E+04   1.3095923E+04   9.8834376E-05   7.6585382E-05   1.8987277E-03   1.3012519E+04   1.3095923E+04   5.8078790E+03   0.0000000E+00   0.0000000E+00   0.0000000E+00   0.0000000E+00
   2.8010189E+00   1.1556456E+04   1.1556456E+04   7.5517996E-05   5.8524380E-05   1.4498870E-03   1.1482856E+04   1.1556456E+04   5.1251443E+03   0.0000000E+00   0.0000000E+00   0.0000000E+00   0.0000000E+00
   3.0099969E+00   1.0194746E+04   1.0194746E+04   5.7687124E-05   4.4708615E-05   1.1088635E-03   1.0129818E+04   1.0194746E+04   4.5212429E+03   0.0000000E+00   0.0000000E+00   0.0000000E+00   0.0000000E+00
   3.2345662E+00   8.9907365E+03   8.9907365E+03   4.4070207E-05   3.4143889E-05   8.4827241E-04   8.9334763E+03   8.9907365E+03   3.9872795E+03   0.0000000E+00   0.0000000E+00   0.0000000E+00   0.0000000E+00
   3.4758901E+00   7.9265628E+03   7.9265628E+03   3.3623678E-05   2.6067907E-05   6.4756146E-04   7.8760800E+03   7.9265628E+03   3.5153317E+03   0.0000000E+00   0.0000000E+00   0.0000000E+00   0.0000000E+00
   3.7352188E+00   6.9863275E+03   6.9863275E+03   2.5673297E-05   1.9896382E-05   4.9498125E-04   6.9418329E+03   6.9863275E+03   3.0983490E+03   0.0000000E+00   0.0000000E+00   0.0000000E+00   0.0000000E+00
   4.0138953E+00   6.1558902E+03   6.1558902E+03   1.9603143E-05   1.5181706E-05   3.7831860E-04   6.1166844E+03   6.1558902E+03   2.7300604E+03   0.0000000E+00   0.0000000E+00   0.0000000E+00   0.0000000E+00
   4.3133633E+00   5.4226805E+03   5.4226805E+03   1.4942374E-05   1.1581078E-05   2.8870978E-04   5.3881444E+03   5.4226805E+03   2.4048911E+03   0.0000000E+00   0.0000000E+00   0.0000000E+00   0.0000000E+00
   4.6351740E+00   4.7755303E+03   4.7755303E+03   1.1391034E-05   8.8320750E-06   2.1941904E-04   4.7451157E+03   4.7755303E+03   2.1178880E+03   0.0000000E+00   0.0000000E+00   0.0000000E+00   0.0000000E+00
   4.9809943E+00   4.2045230E+03   4.2045230E+03   8.6889282E-06   6.7338711E-06   1.6776919E-04   4.1777450E+03   4.2045230E+03   1.8646534E+03   0.0000000E+00   0.0000000E+00   0.0000000E+00   0.0000000E+00
   5.3526154E+00   3.7008574E+03   3.7008574E+03   6.6222324E-06   5.1328483E-06   1.2779775E-04   3.6772872E+03   3.7008574E+03   1.6412840E+03   0.0000000E+00   0.0000000E+00   0.0000000E+00   0.0000000E+00
   5.7519624E+00   3.2567268E+03   3.2567268E+03   5.0461559E-06   3.9115306E-06   9.7749577E-05   3.2359852E+03   3.2567268E+03   1.4443176E+03   0.0000000E+00   0.0000000E+00   0.0000000E+00   0.0000000E+00
   6.1811039E+00   2.8652097E+03   2.8652097E+03   3.8447639E-06   2.9801118E-06   7.4305171E-05   2.8469616E+03   2.8652097E+03   1.2706847E+03   0.0000000E+00   0.0000000E+00   0.0000000E+00   0.0000000E+00
   6.6422626E+00   2.5201723E+03   2.5201723E+03   2.9285478E-06   2.2699632E-06   5.6362975E-05   2.5041216E+03   2.5201723E+03   1.1176649E+03   0.0000000E+00   0.0000000E+00   0.0000000E+00   0.0000000E+00
   7.1378274E+00   2.2161813E+03   2.2161813E+03   2.2293686E-06   1.7286546E-06   4.2766772E-05   2.2020668E+03   2.2161813E+03   9.8284870E+02   0.0000000E+00   0.0000000E+00   0.0000000E+00   0.0000000E+00
   7.6703652E+00   1.9484264E+03   1.9484264E+03   1.6978634E-06   1.3161440E-06   3.2813427E-05   1.9360171E+03   1.9484264E+03   8.6410275E+02   0.0000000E+00   0.0000000E+00   0.0000000E+00   0.0000000E+00
   8.2426345E+00   1.7126503E+03   1.7126503E+03   1.2922648E-06   1.0018602E-06   2.4959884E-05   1.7017427E+03   1.7126503E+03   7.5953899E+02   0.0000000E+00   0.0000000E+00   0.0000000E+00   0.0000000E+00
   8.8575995E+00   1.5050869E+03   1.5050869E+03   9.8371142E-07   7.6246870E-07   1.9002342E-05   1.4955011E+03   1.5050869E+03   6.6748719E+02   0.0000000E+00   0.0000000E+00   0.0000000E+00   0.0000000E+00
   9.5184458E+00   1.3224057E+03   1.3224057E+03   7.4817942E-07   5.8016372E-07   1.4428656E-05   1.3139834E+03   1.3224057E+03   5.8647038E+02   0.0000000E+00   0.0000000E+00   0.0000000E+00   0.0000000E+00
   1.0228596E+01   1.1616629E+03   1.1616629E+03   5.6938100E-07   4.4136240E-07   1.1038861E-05   1.1542644E+03   1.1616629E+03   5.1518297E+02   0.0000000E+00   0.0000000E+00   0.0000000E+00   0.0000000E+00
