#           k/h    CDM            baryon         photon         nu             mass_nu        total          no_nu          total_de       Weyl           v_CDM          v_b            v_b-v_c     
   1.0306257E-05   9.2574512E+06   9.2574512E+06   1.2340355E+07   9.8937344E+04   1.1960381E+06   9.2575206E+06   9.2574512E+06   7.5518089E+06   0.0000000E+00   0.0000000E+00   0.0000000E+00   0.0000000E+00
   1.1075185E-05   9.2574486E+06   9.2574486E+06   1.2339900E+07   9.8936256E+04   1.1960220E+06   9.2575179E+06   9.2574486E+06   7.5518067E+06   0.0000000E+00   0.0000000E+00   0.0000000E+00   0.0000000E+00
   1.1901480E-05   9.2574456E+06   9.2574456E+06   1.2339376E+07   9.8935000E+04   1.1960034E+06   9.2575148E+06   9.2574456E+06   7.5518041E+06   0.0000000E+00   0.0000000E+00   0.0000000E+00   0.0000000E+00
   1.2789424E-05   9.2574422E+06   9.2574422E+06   1.2338770E+07   9.8933550E+04   1.1959820E+06   9.2575112E+06   9.2574422E+06   7.5518011E+06   0.0000000E+00   0.0000000E+00   0.0000000E+00   0.0000000E+00
   1.3743615E-05   9.2574382E+06   9.2574382E+06   1.2338070E+07   9.8931876E+04   1.1959572E+06   9.2575070E+06   9.2574382E+06   7.5517976E+06   0.0000000E+00   0.0000000E+00   0.0000000E+00   0.0000000E+00
   1.4768996E-05   9.2574336E+06   9.2574336E+06   1.2337263E+07   9.8929942E+04   1.1959286E+06   9.2575022E+06   9.2574336E+06   7.5517936E+06   0.0000000E+00   0.0000000E+00   0.0000000E+00   0.0000000E+00
   1.5870879E-05   9.2574282E+06   9.2574282E+06   1.2336330E+07   9.8927709E+04   1.1958955E+06   9.2574967E+06   9.2574282E+06   7.5517889E+06   0.0000000E+00   0.0000000E+00   0.0000000E+00   0.0000000E+00
   1.7054971E-05   9.2574221E+06   9.2574221E+06   1.2335253E+07   9.8925131E+04   1.1958574E+06   9.2574903E+06   9.2574221E+06   7.5517836E+06   0.0000000E+00   0.0000000E+00   0.0000000E+00   0.0000000E+00
   1.8327405E-05   9.2574150E+06   9.2574150E+06   1.2334009E+07   9.8922154E+04   1.1958133E+06   9.2574829E+06   9.2574150E+06   7.5517774E+06   0.0000000E+00   0.0000000E+00   0.0000000E+00   0.0000000E+00
   1.9694773E-05   9.2574068E+06   9.2574068E+06   1.2332573E+07   9.8918716E+04   1.1957624E+06   9.2574744E+06   9.2574068E+06   7.5517702E+06   0.0000000E+00   0.0000000E+00   0.0000000E+00   0.0000000E+00
   2.1164157E-05   9.2573973E+06   9.2573973E+06   1.2330915E+07   9.8914746E+04   1.1957037E+06   9.2574645E+06   9.2573973E+06   7.5517620E+06   0.0000000E+00   0.0000000E+00   0.0000000E+00   0.0000000E+00
   2.2743169E-05   9.2573864E+06   9.2573864E+06   1.2329001E+07   9.8910162E+04   1.1956358E+06   9.2574531E+06   9.2573864E+06   7.5517524E+06   0.0000000E+00   0.0000000E+00   0.0000000E+00   0.0000000E+00
   2.4439988E-05   9.2573738E+06   9.2573738E+06   1.2326790E+07   9.8904869E+04   1.1955575E+06   9.2574400E+06   9.2573738E+06   7.5517414E+06   0.0000000E+00   0.0000000E+00   0.0000000E+00   0.0000000E+00
   2.6263402E-05   9.2573592E+06   9.2573592E+06   1.2324238E+07   9.8898757E+04   1.1954670E+06   9.2574248E+06   9.2573592E+06   7.5517287E+06   0.0000000E+00   0.0000000E+00   0.0000000E+00   0.0000000E+00
   2.8222857E-05   9.2573424E+06   9.2573424E+06   1.2321292E+07   9.8891699E+04   1.1953625E+06   9.2574073E+06   9.2573424E+06   7.5517141E+06   0.0000000E+00   0.0000000E+00   0.0000000E+00   0.0000000E+00
   3.0328504E-05   9.2573229E+06   9.2573229E+06   1.2317890E+07   9.8883551E+04   1.1952419E+06   9.2573870E+06   9.2573229E+06   7.5516971E+06   0.0000000E+00   0.0000000E+00   0.0000000E+00   0.0000000E+00
   3.2591247E-05   9.2573005E+06   9.2573005E+06   1.2313963E+07   9.8874142E+04   1.1951027E+06   9.2573637E+06   9.2573005E+06   7.5516776E+06   0.0000000E+00   0.0000000E+00   0.0000000E+00   0.0000000E+00
   3.5022809E-05   9.2572746E+06   9.2572746E+06   1.2309429E+07   9.8863278E+04   1.1949419E+06   9.2573367E+06   9.2572746E+06   7.5516550E+06   0.0000000E+00   0.0000000E+00   0.0000000E+00   0.0000000E+00
   3.7635785E-05   9.2572446E+06   9.2572446E+06   1.2304196E+07   9.8850736E+04   1.1947563E+06   9.2573055E+06   9.2572446E+06   7.5516289E+06   0.0000000E+00   0.0000000E+00   0.0000000E+00   0.0000000E+00
   4.0443709E-05   9.2572101E+06   9.2572101E+06   1.2298156E+07   9.8836255E+04   1.1945420E+06   9.2572696E+06   9.2572101E+06   7.5515988E+06   0.0000000E+00   0.0000000E+00   0.0000000E+00   0.0000000E+00
   4.3461127E-05   9.2571702E+06   9.2571702E+06   1.2291184E+07   9.8819536E+04   1.1942946E+06   9.2572280E+06   9.2571702E+06   7.5515640E+06   0.0000000E+00   0.0000000E+00   0.0000000E+00   0.0000000E+00
   4.6703667E-05   9.2571241E+06   9.2571241E+06   1.2283137E+07   9.8800234E+04   1.1940090E+06   9.2571801E+06   9.2571241E+06   7.5515239E+06   0.0000000E+00   0.0000000E+00   0.0000000E+00   0.0000000E+00
   5.0188126E-05   9.2570710E+06   9.2570710E+06   1.2273852E+07   9.8777953E+04   1.1936793E+06   9.2571247E+06   9.2570710E+06   7.5514775E+06   0.0000000E+00   0.0000000E+00   0.0000000E+00   0.0000000E+00
   5.3932553E-05   9.2570095E+06   9.2570095E+06   1.2263138E+07   9.8752231E+04   1.1932987E+06   9.2570608E+06   9.2570095E+06   7.5514240E+06   0.0000000E+00   0.0000000E+00   0.0000000E+00   0.0000000E+00
   5.7956344E-05   9.2569387E+06   9.2569387E+06   1.2250776E+07   9.8722541E+04   1.1928595E+06   9.2569870E+06   9.2569387E+06   7.5513623E+06   0.0000000E+00   0.0000000E+00   0.0000000E+00   0.0000000E+00
   6.2280341E-05   9.2568568E+06   9.2568568E+06   1.2236516E+07   9.8688271E+04   1.1923525E+06   9.2569018E+06   9.2568568E+06   7.5512909E+06   0.0000000E+00   0.0000000E+00   0.0000000E+00   0.0000000E+00
   6.6926942E-05   9.2567623E+06   9.2567623E+06   1.2220069E+07   9.8648718E+04   1.1917674E+06   9.2568034E+06   9.2567623E+06   7.5512086E+06   0.0000000E+00   0.0000000E+00   0.0000000E+00   0.0000000E+00
   7.1920216E-05   9.2566533E+06   9.2566533E+06   1.2201102E+07   9.8603073E+04   1.1910923E+06   9.2566898E+06   9.2566533E+06   7.5511136E+06   0.0000000E+00   0.0000000E+00   0.0000000E+00   0.0000000E+00
   7.7286027E-05   9.2565274E+06   9.2565274E+06   1.2179235E+07   9.8550402E+04   1.1903134E+06   9.2565588E+06   9.2565274E+06   7.5510039E+06   0.0000000E+00   0.0000000E+00   0.0000000E+00   0.0000000E+00
   8.3052169E-05   9.2563820E+06   9.2563820E+06   1.2154030E+07   9.8489629E+04   1.1894147E+06   9.2564075E+06   9.2563820E+06   7.5508773E+06   0.0000000E+00   0.0000000E+00   0.0000000E+00   0.0000000E+00
   8.9248511E-05   9.2562143E+06   9.2562143E+06   1.2124986E+07   9.8419518E+04   1.1883782E+06   9.2562328E+06   9.2562143E+06   7.5507312E+06   0.0000000E+00   0.0000000E+00   0.0000000E+00   0.0000000E+00
   9.5907149E-05   9.2560207E+06   9.2560207E+06   1.2091530E+07   9.8338647E+04   1.1871828E+06   9.2560313E+06   9.2560207E+06   7.5505625E+06   0.0000000E+00   0.0000000E+00   0.0000000E+00   0.0000000E+00
   1.0306257E-04   9.2557974E+06   9.2557974E+06   1.2053005E+07   9.8245380E+04   1.1858045E+06   9.2557988E+06   9.2557974E+06   7.5503680E+06   0.0000000E+00   0.0000000E+00   0.0000000E+00   0.0000000E+00
   1.1075185E-04   9.2555396E+06   9.2555396E+06   1.2008664E+07   9.8137839E+04   1.1842157E+06   9.2555304E+06   9.2555396E+06   7.5501435E+06   0.0000000E+00   0.0000000E+00   0.0000000E+00   0.0000000E+00
   1.1901480E-04   9.2552423E+06   9.2552423E+06   1.1957656E+07   9.8013869E+04   1.1823846E+06   9.2552208E+06   9.2552423E+06   7.5498846E+06   0.0000000E+00   0.0000000E+00   0.0000000E+00   0.0000000E+00
   1.2789424E-04   9.2548993E+06   9.2548993E+06   1.1899011E+07   9.7870997E+04   1.1802751E+06   9.2548637E+06   9.2548993E+06   7.5495859E+06   0.0000000E+00   0.0000000E+00   0.0000000E+00   0.0000000E+00
   1.3743615E-04   9.2545037E+06   9.2545037E+06   1.1831634E+07   9.7706394E+04   1.1778457E+06   9.2544518E+06   9.2545037E+06   7.5492415E+06   0.0000000E+00   0.0000000E+00   0.0000000E+00   0.0000000E+00
   1.4768996E-04   9.2540475E+06   9.2540475E+06   1.1754285E+07   9.7516820E+04   1.1750490E+06   9.2539769E+06   9.2540475E+06   7.5488444E+06   0.0000000E+00   0.0000000E+00   0.0000000E+00   0.0000000E+00
   1.5870879E-04   9.2535216E+06   9.2535216E+06   1.1665569E+07   9.7298579E+04   1.1718310E+06   9.2534294E+06   9.2535216E+06   7.5483867E+06   0.0000000E+00   0.0000000E+00   0.0000000E+00   0.0000000E+00
   1.7054971E-04   9.2529155E+06   9.2529155E+06   1.1563925E+07   9.7047454E+04   1.1681304E+06   9.2527983E+06   9.2529155E+06   7.5478594E+06   0.0000000E+00   0.0000000E+00   0.0000000E+00   0.0000000E+00
   1.8327405E-04   9.2522171E+06   9.2522171E+06   1.1447611E+07   9.6758651E+04   1.1638774E+06   9.2520711E+06   9.2522171E+06   7.5472519E+06   0.0000000E+00   0.0000000E+00   0.0000000E+00   0.0000000E+00
   1.9694773E-04   9.2514126E+06   9.2514126E+06   1.1314699E+07   9.6426725E+04   1.1589934E+06   9.2512335E+06   9.2514126E+06   7.5465523E+06   0.0000000E+00   0.0000000E+00   0.0000000E+00   0.0000000E+00
   2.1164157E-04   9.2504864E+06   9.2504864E+06   1.1163069E+07   9.6045518E+04   1.1533894E+06   9.2502691E+06   9.2504864E+06   7.5457472E+06   0.0000000E+00   0.0000000E+00   0.0000000E+00   0.0000000E+00
   2.2743169E-04   9.2494204E+06   9.2494204E+06   1.0990415E+07   9.5608081E+04   1.1469655E+06   9.2491592E+06   9.2494204E+06   7.5448209E+06   0.0000000E+00   0.0000000E+00   0.0000000E+00   0.0000000E+00
   2.4439988E-04   9.2481941E+06   9.2481941E+06   1.0794255E+07   9.5106607E+04   1.1396103E+06   9.2478825E+06   9.2481941E+06   7.5437560E+06   0.0000000E+00   0.0000000E+00   0.0000000E+00   0.0000000E+00
   2.6263402E-04   9.2467845E+06   9.2467845E+06   1.0571959E+07   9.4532365E+04   1.1311997E+06   9.2464147E+06   9.2467845E+06   7.5425324E+06   0.0000000E+00   0.0000000E+00   0.0000000E+00   0.0000000E+00
   2.8222857E-04   9.2451650E+06   9.2451650E+06   1.0320791E+07   9.3875644E+04   1.1215966E+06   9.2447285E+06   9.2451650E+06   7.5411275E+06   0.0000000E+00   0.0000000E+00   0.0000000E+00   0.0000000E+00
   3.0328504E-04   9.2433059E+06   9.2433059E+06   1.0037978E+07   9.3125710E+04   1.1106512E+06   9.2427927E+06   9.2433059E+06   7.5395160E+06   0.0000000E+00   0.0000000E+00   0.0000000E+00   0.0000000E+00
   3.2591247E-04   9.2411736E+06   9.2411736E+06   9.7208042E+06   9.2270797E+04   1.0982004E+06   9.2405725E+06   9.2411736E+06   7.5376691E+06   0.0000000E+00   0.0000000E+00   0.0000000E+00   0.0000000E+00
   3.5022809E-04   9.2387305E+06   9.2387305E+06   9.3667498E+06   9.1298124E+04   1.0840699E+06   9.2380285E+06   9.2387305E+06   7.5355550E+06   0.0000000E+00   0.0000000E+00   0.0000000E+00   0.0000000E+00
   3.7635785E-04   9.2359344E+06   9.2359344E+06   8.9736646E+06   9.0193966E+04   1.0680752E+06   9.2351170E+06   9.2359344E+06   7.5331381E+06   0.0000000E+00   0.0000000E+00   0.0000000E+00   0.0000000E+00
   4.0443709E-04   9.2327385E+06   9.2327385E+06   8.5399983E+06   8.8943800E+04   1.0500250E+06   9.2317892E+06   9.2327385E+06   7.5303791E+06   0.0000000E+00   0.0000000E+00   0.0000000E+00   0.0000000E+00
   4.3461127E-04   9.2290911E+06   9.2290911E+06   8.0650845E+06   8.7532528E+04   1.0297261E+06   9.2279912E+06   9.2290911E+06   7.5272347E+06   0.0000000E+00   0.0000000E+00   0.0000000E+00   0.0000000E+00
   4.6703667E-04   9.2249353E+06   9.2249353E+06   7.5494788E+06   8.5944817E+04   1.0069888E+06   9.2236638E+06   9.2249353E+06   7.5236578E+06   0.0000000E+00   0.0000000E+00   0.0000000E+00   0.0000000E+00
   5.0188126E-04   9.2202092E+06   9.2202092E+06   6.9953447E+06   8.4165572E+04   9.8163599E+05   9.2187425E+06   9.2202092E+06   7.5195974E+06   0.0000000E+00   0.0000000E+00   0.0000000E+00   0.0000000E+00
   5.3932553E-04   9.2148459E+06   9.2148459E+06   6.4068656E+06   8.2180567E+04   9.5351366E+05   9.2131577E+06   9.2148459E+06   7.5149990E+06   0.0000000E+00   0.0000000E+00   0.0000000E+00   0.0000000E+00
   5.7956344E-04   9.2087738E+06   9.2087738E+06   5.7906456E+06   7.9977246E+04   9.2250378E+05   9.2068350E+06   9.2087738E+06   7.5098051E+06   0.0000000E+00   0.0000000E+00   0.0000000E+00   0.0000000E+00
   6.2280341E-04   9.2019171E+06   9.2019171E+06   5.1560373E+06   7.7545710E+04   8.8853978E+05   9.1996956E+06   9.2019171E+06   7.5039553E+06   0.0000000E+00   0.0000000E+00   0.0000000E+00   0.0000000E+00
   6.6926942E-04   9.1941968E+06   9.1941968E+06   4.5153077E+06   7.4879862E+04   8.5162371E+05   9.1916575E+06   9.1941968E+06   7.4973879E+06   0.0000000E+00   0.0000000E+00   0.0000000E+00   0.0000000E+00
   7.1920216E-04   9.1855312E+06   9.1855312E+06   3.8835227E+06   7.1978688E+04   8.1184412E+05   9.1826363E+06   9.1855312E+06   7.4900402E+06   0.0000000E+00   0.0000000E+00   0.0000000E+00   0.0000000E+00
   7.7286027E-04   9.1758377E+06   9.1758377E+06   3.2780097E+06   6.8847572E+04   7.6939316E+05   9.1725463E+06   9.1758377E+06   7.4818497E+06   0.0000000E+00   0.0000000E+00   0.0000000E+00   0.0000000E+00
   8.3052169E-04   9.1650331E+06   9.1650331E+06   2.7172582E+06   6.5499537E+04   7.2458049E+05   9.1613024E+06   9.1650331E+06   7.4727556E+06   0.0000000E+00   0.0000000E+00   0.0000000E+00   0.0000000E+00
   8.9248511E-04   9.1530357E+06   9.1530357E+06   2.2191600E+06   6.1956204E+04   6.7784115E+05   9.1488208E+06   9.1530357E+06   7.4626987E+06   0.0000000E+00   0.0000000E+00   0.0000000E+00   0.0000000E+00
   9.5907149E-04   9.1397654E+06   9.1397654E+06   1.7986015E+06   5.8248274E+04   6.2973392E+05   9.1350208E+06   9.1397654E+06   7.4516224E+06   0.0000000E+00   0.0000000E+00   0.0000000E+00   0.0000000E+00
   1.0306257E-03   9.1251444E+06   9.1251444E+06   1.4646275E+06   5.4415257E+04   5.8092737E+05   9.1198245E+06   9.1251444E+06   7.4394723E+06   0.0000000E+00   0.0000000E+00   0.0000000E+00   0.0000000E+00
   1.1075185E-03   9.1090962E+06   9.1090962E+06   1.2176893E+06   5.0504272E+04   5.3217131E+05   9.1031572E+06   9.1090962E+06   7.4261945E+06   0.0000000E+00   0.0000000E+00   0.0000000E+00   0.0000000E+00
   1.1901480E-03   9.0915447E+06   9.0915447E+06   1.0478362E+06   4.6567798E+04   4.8425389E+05   9.0849455E+06   9.0915447E+06   7.4117333E+06   0.0000000E+00   0.0000000E+00   0.0000000E+00   0.0000000E+00
   1.2789424E-03   9.0724111E+06   9.0724111E+06   9.3495746E+05   4.2660522E+04   4.3794738E+05   9.0651156E+06   9.0724111E+06   7.3960280E+06   0.0000000E+00   0.0000000E+00   0.0000000E+00   0.0000000E+00
   1.3743615E-03   9.0516106E+06   9.0516106E+06   8.5209792E+05   3.8835664E+04   3.9394857E+05   9.0435890E+06   9.0516106E+06   7.3790088E+06   0.0000000E+00   0.0000000E+00   0.0000000E+00   0.0000000E+00
   1.4768996E-03   9.0290490E+06   9.0290490E+06   7.7214311E+05   3.5141460E+04   3.5282204E+05   9.0202795E+06   9.0290490E+06   7.3605933E+06   0.0000000E+00   0.0000000E+00   0.0000000E+00   0.0000000E+00
   1.5870879E-03   9.0046194E+06   9.0046194E+06   6.7661398E+05   3.1618571E+04   3.1495440E+05   8.9950891E+06   9.0046194E+06   7.3406838E+06   0.0000000E+00   0.0000000E+00   0.0000000E+00   0.0000000E+00
   1.7054971E-03   8.9781999E+06   8.9781999E+06   5.6320428E+05   2.8298985E+04   2.8052597E+05   8.9679054E+06   8.9781999E+06   7.3191672E+06   0.0000000E+00   0.0000000E+00   0.0000000E+00   0.0000000E+00
   1.8327405E-03   8.9496532E+06   8.9496532E+06   4.4719152E+05   2.5206329E+04   2.4950519E+05   8.9385998E+06   8.9496532E+06   7.2959164E+06   0.0000000E+00   0.0000000E+00   0.0000000E+00   0.0000000E+00
   1.9694773E-03   8.9188269E+06   8.9188269E+06   3.5297202E+05   2.2356685E+04   2.2167360E+05   8.9070266E+06   8.9188269E+06   7.2707932E+06   0.0000000E+00   0.0000000E+00   0.0000000E+00   0.0000000E+00
   2.1164157E-03   8.8855534E+06   8.8855534E+06   2.9741394E+05   1.9758648E+04   1.9669304E+05   8.8730225E+06   8.8855534E+06   7.2436499E+06   0.0000000E+00   0.0000000E+00   0.0000000E+00   0.0000000E+00
   2.2743169E-03   8.8496492E+06   8.8496492E+06   2.7512294E+05   1.7412073E+04   1.7421893E+05   8.8364047E+06   8.8496492E+06   7.2143299E+06   0.0000000E+00   0.0000000E+00   0.0000000E+00   0.0000000E+00
   2.4439988E-03   8.8109146E+06   8.8109146E+06   2.6004447E+05   1.5306913E+04   1.5402469E+05   8.7969709E+06   8.8109146E+06   7.1826649E+06   0.0000000E+00   0.0000000E+00   0.0000000E+00   0.0000000E+00
   2.6263402E-03   8.7691342E+06   8.7691342E+06   2.2814444E+05   1.3425010E+04   1.3604337E+05   8.7545013E+06   8.7691342E+06   7.1484745E+06   0.0000000E+00   0.0000000E+00   0.0000000E+00   0.0000000E+00
   2.8222857E-03   8.7240817E+06   8.7240817E+06   1.8228168E+05   1.1745966E+04   1.2023820E+05   8.7087645E+06   8.7240817E+06   7.1115693E+06   0.0000000E+00   0.0000000E+00   0.0000000E+00   0.0000000E+00
   3.0328504E-03   8.6755242E+06   8.6755242E+06   1.4721368E+05   1.0253222E+04   1.0638578E+05   8.6595244E+06   8.6755242E+06   7.0717569E+06   0.0000000E+00   0.0000000E+00   0.0000000E+00   0.0000000E+00
   3.2591247E-03   8.6232239E+06   8.6232239E+06   1.3304275E+05   8.9338911E+03   9.4075332E+04   8.6065426E+06   8.6232239E+06   7.0288441E+06   0.0000000E+00   0.0000000E+00   0.0000000E+00   0.0000000E+00
   3.5022809E-03   8.5669333E+06   8.5669333E+06   1.1924065E+05   7.7728117E+03   8.3050190E+04   8.5495742E+06   8.5669333E+06   6.9826338E+06   0.0000000E+00   0.0000000E+00   0.0000000E+00   0.0000000E+00
   3.7635785E-03   8.5063954E+06   8.5063954E+06   9.3826815E+04   6.7511570E+03   7.3372699E+04   8.4883666E+06   8.5063954E+06   6.9329228E+06   0.0000000E+00   0.0000000E+00   0.0000000E+00   0.0000000E+00
   4.0443709E-03   8.4413491E+06   8.4413491E+06   7.7759222E+04   5.8533859E+03   6.4958694E+04   8.4226643E+06   8.4413491E+06   6.8795054E+06   0.0000000E+00   0.0000000E+00   0.0000000E+00   0.0000000E+00
   4.3461127E-03   8.3715323E+06   8.3715323E+06   7.4954065E+04   5.0687556E+03   5.7390384E+04   8.3522132E+06   8.3715323E+06   6.8221769E+06   0.0000000E+00   0.0000000E+00   0.0000000E+00   0.0000000E+00
   4.6703667E-03   8.2966801E+06   8.2966801E+06   6.1677239E+04   4.3838362E+03   5.0635079E+04   8.2767585E+06   8.2966801E+06   6.7607326E+06   0.0000000E+00   0.0000000E+00   0.0000000E+00   0.0000000E+00
   5.0188126E-03   8.2165293E+06   8.2165293E+06   4.9487803E+04   3.7851225E+03   4.4841465E+04   8.1960481E+06   8.2165293E+06   6.6949693E+06   0.0000000E+00   0.0000000E+00   0.0000000E+00   0.0000000E+00
   5.3932553E-03   8.1308224E+06   8.1308224E+06   4.6053442E+04   3.2644701E+03   3.9623134E+04   8.1098283E+06   8.1308224E+06   6.6246823E+06   0.0000000E+00   0.0000000E+00   0.0000000E+00   0.0000000E+00
   5.7956344E-03   8.0393038E+06   8.0393038E+06   3.5670621E+04   2.8119051E+03   3.5033993E+04   8.0178362E+06   8.0393038E+06   6.5496597E+06   0.0000000E+00   0.0000000E+00   0.0000000E+00   0.0000000E+00
   6.2280341E-03   7.9417115E+06   7.9417115E+06   3.3740152E+04   2.4188353E+03   3.0979514E+04   7.9198028E+06   7.9417115E+06   6.4696838E+06   0.0000000E+00   0.0000000E+00   0.0000000E+00   0.0000000E+00
   6.6926942E-03   7.8377767E+06   7.8377767E+06   2.6427979E+04   2.0780564E+03   2.7309854E+04   7.8154719E+06   7.8377767E+06   6.3845475E+06   0.0000000E+00   0.0000000E+00   0.0000000E+00   0.0000000E+00
   7.1920216E-03   7.7272322E+06   7.7272322E+06   2.4003581E+04   1.7824208E+03   2.4154186E+04   7.7045974E+06   7.7272322E+06   6.2940516E+06   0.0000000E+00   0.0000000E+00   0.0000000E+00   0.0000000E+00
   7.7286027E-03   7.6098216E+06   7.6098216E+06   1.8900177E+04   1.5270280E+03   2.1302741E+04   7.5869215E+06   7.6098216E+06   6.1979873E+06   0.0000000E+00   0.0000000E+00   0.0000000E+00   0.0000000E+00
   8.3052169E-03   7.4852907E+06   7.4852907E+06   1.7684692E+04   1.3063249E+03   1.8767650E+04   7.4621777E+06   7.4852907E+06   6.0961382E+06   0.0000000E+00   0.0000000E+00   0.0000000E+00   0.0000000E+00
   8.9248511E-03   7.3533792E+06   7.3533792E+06   1.3965737E+04   1.1156320E+03   1.6560297E+04   7.3301148E+06   7.3533792E+06   5.9883004E+06   0.0000000E+00   0.0000000E+00   0.0000000E+00   0.0000000E+00
   9.5907149E-03   7.2138265E+06   7.2138265E+06   1.1672752E+04   9.5137271E+02   1.4540648E+04   7.1904814E+06   7.2138265E+06   5.8742698E+06   0.0000000E+00   0.0000000E+00   0.0000000E+00   0.0000000E+00
   1.0306257E-02   7.0663829E+06   7.0663829E+06   1.0489149E+04   8.0989179E+02   1.2764599E+04   7.0430239E+06   7.0663829E+06   5.7538402E+06   0.0000000E+00   0.0000000E+00   0.0000000E+00   0.0000000E+00
   1.1075185E-02   6.9108070E+06   6.9108070E+06   9.0634046E+03   6.8815820E+02   1.1211374E+04   6.8875020E+06   6.9108070E+06   5.6268161E+06   0.0000000E+00   0.0000000E+00   0.0000000E+00   0.0000000E+00
   1.1901480E-02   6.7468666E+06   6.7468666E+06   7.4258788E+03   5.8358913E+02   9.8210153E+03   6.7236898E+06   6.7468666E+06   5.4930139E+06   0.0000000E+00   0.0000000E+00   0.0000000E+00   0.0000000E+00
   1.2789424E-02   6.5743581E+06   6.5743581E+06   6.1393730E+03   4.9391642E+02   8.5825002E+03   6.5513808E+06   6.5743581E+06   5.3522655E+06   0.0000000E+00   0.0000000E+00   0.0000000E+00   0.0000000E+00
   1.3743615E-02   6.3931099E+06   6.3931099E+06   5.1287078E+03   4.1706842E+02   7.4761455E+03   6.3704027E+06   6.3931099E+06   5.2044307E+06   0.0000000E+00   0.0000000E+00   0.0000000E+00   0.0000000E+00
   1.4768996E-02   6.2030014E+06   6.2030014E+06   4.4069158E+03   3.5135337E+02   6.4987247E+03   6.1806398E+06   6.2030014E+06   5.0494156E+06   0.0000000E+00   0.0000000E+00   0.0000000E+00   0.0000000E+00
   1.5870879E-02   6.0039910E+06   6.0039910E+06   3.7576966E+03   2.9521962E+02   5.6269407E+03   5.9820456E+06   6.0039910E+06   4.8871825E+06   0.0000000E+00   0.0000000E+00   0.0000000E+00   0.0000000E+00
   1.7054971E-02   5.7961388E+06   5.7961388E+06   3.0819311E+03   2.4737724E+02   4.8522851E+03   5.7746812E+06   5.7961388E+06   4.7177819E+06   0.0000000E+00   0.0000000E+00   0.0000000E+00   0.0000000E+00
   1.8327405E-02   5.5796505E+06   5.5796505E+06   2.4331570E+03   2.0666040E+02   4.1822558E+03   5.5587497E+06   5.5796505E+06   4.5413799E+06   0.0000000E+00   0.0000000E+00   0.0000000E+00   0.0000000E+00
   1.9694772E-02   5.3549196E+06   5.3549196E+06   2.1484968E+03   1.7210245E+02   3.5908186E+03   5.3346420E+06   5.3549196E+06   4.3582962E+06   0.0000000E+00   0.0000000E+00   0.0000000E+00   0.0000000E+00
   2.1164152E-02   5.1225837E+06   5.1225837E+06   1.6811904E+03   1.4284055E+02   3.0630368E+03   5.1029920E+06   5.1225837E+06   4.1690491E+06   0.0000000E+00   0.0000000E+00   0.0000000E+00   0.0000000E+00
   2.2743137E-02   4.8835853E+06   4.8835853E+06   1.4731520E+03   1.1813195E+02   2.6070265E+03   4.8647362E+06   4.8835853E+06   3.9744037E+06   0.0000000E+00   0.0000000E+00   0.0000000E+00   0.0000000E+00
   2.4439824E-02   4.6392391E+06   4.6392391E+06   1.1808229E+03   9.7340864E+01   2.2117991E+03   4.6211824E+06   4.6392391E+06   3.7754288E+06   0.0000000E+00   0.0000000E+00   0.0000000E+00   0.0000000E+00
   2.6262690E-02   4.3913081E+06   4.3913081E+06   9.4784497E+02   7.9915689E+01   1.8653197E+03   4.3740854E+06   4.3913081E+06   3.5735582E+06   0.0000000E+00   0.0000000E+00   0.0000000E+00   0.0000000E+00
   2.8220143E-02   4.1420932E+06   4.1420932E+06   7.8266938E+02   6.5378841E+01   1.5665134E+03   4.1257344E+06   4.1420932E+06   3.3706622E+06   0.0000000E+00   0.0000000E+00   0.0000000E+00   0.0000000E+00
   3.0319372E-02   3.8945400E+06   3.8945400E+06   6.5814526E+02   5.3324111E+01   1.3089100E+03   3.8790612E+06   3.8945400E+06   3.1691363E+06   0.0000000E+00   0.0000000E+00   0.0000000E+00   0.0000000E+00
   3.2563935E-02   3.6523436E+06   3.6523436E+06   5.1206877E+02   4.3404165E+01   1.0894261E+03   3.6377442E+06   3.6523436E+06   2.9719857E+06   0.0000000E+00   0.0000000E+00   0.0000000E+00   0.0000000E+00
   3.4949795E-02   3.4199544E+06   3.4199544E+06   4.2641521E+02   3.5320409E+01   9.1027087E+02   3.4062132E+06   3.4199544E+06   2.7828297E+06   0.0000000E+00   0.0000000E+00   0.0000000E+00   0.0000000E+00
   3.7460764E-02   3.2022793E+06   3.2022793E+06   3.3165760E+02   2.8814746E+01   7.5750069E+02   3.1893536E+06   3.2022793E+06   2.6056596E+06   0.0000000E+00   0.0000000E+00   0.0000000E+00   0.0000000E+00
   4.0066517E-02   3.0038804E+06   3.0038804E+06   2.8516317E+02   2.3647247E+01   6.3390547E+02   2.9917065E+06   3.0038804E+06   2.4441855E+06   0.0000000E+00   0.0000000E+00   0.0000000E+00   0.0000000E+00
   4.2727124E-02   2.8278068E+06   2.8278068E+06   2.4035059E+02   1.9588332E+01   5.3642567E+02   2.8163063E+06   2.8278068E+06   2.3008865E+06   0.0000000E+00   0.0000000E+00   0.0000000E+00   0.0000000E+00
   4.5403708E-02   2.6747214E+06   2.6747214E+06   1.9549689E+02   1.6416786E+01   4.5826855E+02   2.6638104E+06   2.6747214E+06   2.1762999E+06   0.0000000E+00   0.0000000E+00   0.0000000E+00   0.0000000E+00
   4.8068522E-02   2.5429465E+06   2.5429465E+06   1.6019166E+02   1.3931579E+01   3.9458444E+02   2.5325459E+06   2.5429465E+06   2.0690589E+06   0.0000000E+00   0.0000000E+00   0.0000000E+00   0.0000000E+00
   5.0708358E-02   2.4292958E+06   2.4292958E+06   1.3950510E+02   1.1963604E+01   3.4291636E+02   2.4193376E+06   2.4292958E+06   1.9765695E+06   0.0000000E+00   0.0000000E+00   0.0000000E+00   0.0000000E+00
   5.3321865E-02   2.3300370E+06   2.3300370E+06   1.2554903E+02   1.0380515E+01   3.0173833E+02   2.3204670E+06   2.3300370E+06   1.8957938E+06   0.0000000E+00   0.0000000E+00   0.0000000E+00   0.0000000E+00
   5.5914881E-02   2.2415508E+06   2.2415508E+06   1.0819978E+02   9.0838441E+00   2.6792218E+02   2.2323285E+06   2.2415508E+06   1.8237858E+06   0.0000000E+00   0.0000000E+00   0.0000000E+00   0.0000000E+00
   5.8496626E-02   2.1606457E+06   2.1606457E+06   9.2432637E+01   8.0019412E+00   2.3824569E+02   2.1517427E+06   2.1606457E+06   1.7579484E+06   0.0000000E+00   0.0000000E+00   0.0000000E+00   0.0000000E+00
   6.1077361E-02   2.0846615E+06   2.0846615E+06   8.4677052E+01   7.0833815E+00   2.1271779E+02   2.0760598E+06   2.0846615E+06   1.6961166E+06   0.0000000E+00   0.0000000E+00   0.0000000E+00   0.0000000E+00
   6.3667214E-02   2.0114779E+06   2.0114779E+06   7.5558206E+01   6.2912410E+00   1.9145153E+02   2.0031681E+06   2.0114779E+06   1.6365651E+06   0.0000000E+00   0.0000000E+00   0.0000000E+00   0.0000000E+00
   6.6275687E-02   1.9394930E+06   1.9394930E+06   6.4142817E+01   5.5991835E+00   1.7183522E+02   1.9314717E+06   1.9394930E+06   1.5779901E+06   0.0000000E+00   0.0000000E+00   0.0000000E+00   0.0000000E+00
   6.8911510E-02   1.8675976E+06   1.8675976E+06   5.7965143E+01   4.9882016E+00   1.5380468E+02   1.8598659E+06   1.8675976E+06   1.5194891E+06   0.0000000E+00   0.0000000E+00   0.0000000E+00   0.0000000E+00
   7.1582671E-02   1.7951502E+06   1.7951502E+06   5.3833345E+01   4.4445648E+00   1.3823770E+02   1.7877115E+06   1.7951502E+06   1.4605399E+06   0.0000000E+00   0.0000000E+00   0.0000000E+00   0.0000000E+00
   7.4296501E-02   1.7219509E+06   1.7219509E+06   4.8240216E+01   3.9585190E+00   1.2444457E+02   1.7148094E+06   1.7219509E+06   1.4009798E+06   0.0000000E+00   0.0000000E+00   0.0000000E+00   0.0000000E+00
   7.7059778E-02   1.6482070E+06   1.6482070E+06   4.2263937E+01   3.5230187E+00   1.1177283E+02   1.6413660E+06   1.6482070E+06   1.3409774E+06   0.0000000E+00   0.0000000E+00   0.0000000E+00   0.0000000E+00
   7.9878837E-02   1.5744842E+06   1.5744842E+06   3.7181706E+01   3.1329052E+00   1.0013409E+02   1.5679444E+06   1.5744842E+06   1.2809929E+06   0.0000000E+00   0.0000000E+00   0.0000000E+00   0.0000000E+00
   8.2759655E-02   1.5016390E+06   1.5016390E+06   3.3135994E+01   2.7842824E+00   8.9567269E+01   1.4953975E+06   1.5016390E+06   1.2217229E+06   0.0000000E+00   0.0000000E+00   0.0000000E+00   0.0000000E+00
   8.5707934E-02   1.4307285E+06   1.4307285E+06   2.9818046E+01   2.4740554E+00   8.0011304E+01   1.4247780E+06   1.4307285E+06   1.1640277E+06   0.0000000E+00   0.0000000E+00   0.0000000E+00   0.0000000E+00
   8.8729165E-02   1.3628985E+06   1.3628985E+06   2.6509917E+01   2.1995200E+00   7.1350165E+01   1.3572268E+06   1.3628985E+06   1.1088391E+06   0.0000000E+00   0.0000000E+00   0.0000000E+00   0.0000000E+00
   9.1828685E-02   1.2992536E+06   1.2992536E+06   2.2689789E+01   1.9580363E+00   6.3839734E+01   1.2938437E+06   1.2992536E+06   1.0570559E+06   0.0000000E+00   0.0000000E+00   0.0000000E+00   0.0000000E+00
   9.5011720E-02   1.2407181E+06   1.2407181E+06   2.0298763E+01   1.7469152E+00   5.7581611E+01   1.2355493E+06   1.2407181E+06   1.0094300E+06   0.0000000E+00   0.0000000E+00   0.0000000E+00   0.0000000E+00
   9.8283421E-02   1.1879017E+06   1.1879017E+06   1.8766035E+01   1.5632280E+00   5.1627325E+01   1.1829505E+06   1.1879017E+06   9.6645743E+05   0.0000000E+00   0.0000000E+00   0.0000000E+00   0.0000000E+00
   1.0164890E-01   1.1409860E+06   1.1409860E+06   1.6074375E+01   1.4038003E+00   4.6732235E+01   1.1362282E+06   1.1409860E+06   9.2828582E+05   0.0000000E+00   0.0000000E+00   0.0000000E+00   0.0000000E+00
   1.0511323E-01   1.0996521E+06   1.0996521E+06   1.5135242E+01   1.2652546E+00   4.2191665E+01   1.0950646E+06   1.0996521E+06   8.9465569E+05   0.0000000E+00   0.0000000E+00   0.0000000E+00   0.0000000E+00
   1.0868152E-01   1.0630685E+06   1.0630685E+06   1.3696300E+01   1.1441381E+00   3.8567291E+01   1.0586319E+06   1.0630685E+06   8.6489059E+05   0.0000000E+00   0.0000000E+00   0.0000000E+00   0.0000000E+00
   1.1235885E-01   1.0299544E+06   1.0299544E+06   1.2115814E+01   1.0370853E+00   3.5172042E+01   1.0256544E+06   1.0299544E+06   8.3794835E+05   0.0000000E+00   0.0000000E+00   0.0000000E+00   0.0000000E+00
   1.1615036E-01   9.9872337E+05   9.9872337E+05   1.0965175E+01   9.4101567E-01   3.2072138E+01   9.9455221E+05   9.9872337E+05   8.1253823E+05   0.0000000E+00   0.0000000E+00   0.0000000E+00   0.0000000E+00
   1.2006122E-01   9.6770062E+05   9.6770062E+05   1.0111800E+01   8.5333436E-01   2.9220248E+01   9.6365766E+05   9.6770062E+05   7.8729773E+05   0.0000000E+00   0.0000000E+00   0.0000000E+00   0.0000000E+00
   1.2409663E-01   9.3538955E+05   9.3538955E+05   9.2670269E+00   7.7208033E-01   2.6458615E+01   9.3148034E+05   9.3538955E+05   7.6100923E+05   0.0000000E+00   0.0000000E+00   0.0000000E+00   0.0000000E+00
   1.2826186E-01   9.0074462E+05   9.0074462E+05   7.9962624E+00   6.9602234E-01   2.3954094E+01   8.9697907E+05   9.0074462E+05   7.3282208E+05   0.0000000E+00   0.0000000E+00   0.0000000E+00   0.0000000E+00
   1.3256223E-01   8.6339586E+05   8.6339586E+05   7.4864011E+00   6.2464520E-01   2.1651328E+01   8.5978543E+05   8.6339586E+05   7.0243529E+05   0.0000000E+00   0.0000000E+00   0.0000000E+00   0.0000000E+00
   1.3700312E-01   8.2376485E+05   8.2376485E+05   6.4318644E+00   5.5804731E-01   1.9426195E+01   8.2031922E+05   8.2376485E+05   6.7019185E+05   0.0000000E+00   0.0000000E+00   0.0000000E+00   0.0000000E+00
   1.4158999E-01   7.8302250E+05   7.8302250E+05   5.7834836E+00   4.9672404E-01   1.7290016E+01   7.7974646E+05   7.8302250E+05   6.3704435E+05   0.0000000E+00   0.0000000E+00   0.0000000E+00   0.0000000E+00
   1.4632835E-01   7.4286642E+05   7.4286642E+05   5.1860057E+00   4.4130336E-01   1.5415000E+01   7.3975766E+05   7.4286642E+05   6.0437394E+05   0.0000000E+00   0.0000000E+00   0.0000000E+00   0.0000000E+00
   1.5122382E-01   7.0513939E+05   7.0513939E+05   4.5371078E+00   3.9226832E-01   1.3770200E+01   7.0218785E+05   7.0513939E+05   5.7367983E+05   0.0000000E+00   0.0000000E+00   0.0000000E+00   0.0000000E+00
   1.5628207E-01   6.7136189E+05   6.7136189E+05   4.0637486E+00   3.4972551E-01   1.2393838E+01   6.6855113E+05   6.7136189E+05   5.4619901E+05   0.0000000E+00   0.0000000E+00   0.0000000E+00   0.0000000E+00
   1.6150890E-01   6.4229726E+05   6.4229726E+05   3.7077979E+00   3.1328685E-01   1.1079818E+01   6.3960765E+05   6.4229726E+05   5.2255250E+05   0.0000000E+00   0.0000000E+00   0.0000000E+00   0.0000000E+00
   1.6691017E-01   6.1768786E+05   6.1768786E+05   3.3410455E+00   2.8208824E-01   1.0073253E+01   6.1510082E+05   6.1768786E+05   5.0253069E+05   0.0000000E+00   0.0000000E+00   0.0000000E+00   0.0000000E+00
   1.7249191E-01   5.9627739E+05   5.9627739E+05   2.9733618E+00   2.5495209E-01   9.1405378E+00   5.9377958E+05   5.9627739E+05   4.8511148E+05   0.0000000E+00   0.0000000E+00   0.0000000E+00   0.0000000E+00
   1.7826024E-01   5.7616139E+05   5.7616139E+05   2.6931128E+00   2.3064834E-01   8.2959693E+00   5.7374744E+05   5.7616139E+05   4.6874544E+05   0.0000000E+00   0.0000000E+00   0.0000000E+00   0.0000000E+00
   1.8422145E-01   5.5539522E+05   5.5539522E+05   2.4697473E+00   2.0817216E-01   7.5088417E+00   5.5306791E+05   5.5539522E+05   4.5185049E+05   0.0000000E+00   0.0000000E+00   0.0000000E+00   0.0000000E+00
   1.9038201E-01   5.3267215E+05   5.3267215E+05   2.1754578E+00   1.8694823E-01   6.7353305E+00   5.3043973E+05   5.3267215E+05   4.3336352E+05   0.0000000E+00   0.0000000E+00   0.0000000E+00   0.0000000E+00
   1.9674859E-01   5.0781382E+05   5.0781382E+05   1.9842620E+00   1.6689132E-01   6.0481852E+00   5.0568528E+05   5.0781382E+05   4.1313940E+05   0.0000000E+00   0.0000000E+00   0.0000000E+00   0.0000000E+00
   2.0332809E-01   4.8184212E+05   4.8184212E+05   1.7590033E+00   1.4829236E-01   5.3996622E+00   4.7982218E+05   4.8184212E+05   3.9200953E+05   0.0000000E+00   0.0000000E+00   0.0000000E+00   0.0000000E+00
   2.1012769E-01   4.5654473E+05   4.5654473E+05   1.5593894E+00   1.3157709E-01   4.7929537E+00   4.5463061E+05   4.5654473E+05   3.7142829E+05   0.0000000E+00   0.0000000E+00   0.0000000E+00   0.0000000E+00
   2.1715489E-01   4.3367101E+05   4.3367101E+05   1.3595924E+00   1.1703555E-01   4.2751419E+00   4.3185257E+05   4.3367101E+05   3.5281889E+05   0.0000000E+00   0.0000000E+00   0.0000000E+00   0.0000000E+00
   2.2441756E-01   4.1410540E+05   4.1410540E+05   1.2389483E+00   1.0463944E-01   3.8427055E+00   4.1236881E+05   4.1410540E+05   3.3690087E+05   0.0000000E+00   0.0000000E+00   0.0000000E+00   0.0000000E+00
   2.3192399E-01   3.9743833E+05   3.9743833E+05   1.1046841E+00   9.4027617E-02   3.4684924E+00   3.9577147E+05   3.9743833E+05   3.2334102E+05   0.0000000E+00   0.0000000E+00   0.0000000E+00   0.0000000E+00
   2.3968298E-01   3.8220446E+05   3.8220446E+05   1.0009366E+00   8.4658522E-02   3.1272211E+00   3.8060133E+05   3.8220446E+05   3.1094718E+05   0.0000000E+00   0.0000000E+00   0.0000000E+00   0.0000000E+00
   2.4770390E-01   3.6671271E+05   3.6671271E+05   8.8490044E-01   7.6049939E-02   2.8102689E+00   3.6517443E+05   3.6671271E+05   2.9834357E+05   0.0000000E+00   0.0000000E+00   0.0000000E+00   0.0000000E+00
   2.5599679E-01   3.5002042E+05   3.5002042E+05   8.0085739E-01   6.7963981E-02   2.5204843E+00   3.4855203E+05   3.5002042E+05   2.8476325E+05   0.0000000E+00   0.0000000E+00   0.0000000E+00   0.0000000E+00
   2.6457244E-01   3.3245013E+05   3.3245013E+05   7.1315930E-01   6.0440376E-02   2.2482259E+00   3.3105533E+05   3.3245013E+05   2.7046864E+05   0.0000000E+00   0.0000000E+00   0.0000000E+00   0.0000000E+00
   2.7344254E-01   3.1528052E+05   3.1528052E+05   6.2838340E-01   5.3664769E-02   1.9966120E+00   3.1395766E+05   3.1528052E+05   2.5650003E+05   0.0000000E+00   0.0000000E+00   0.0000000E+00   0.0000000E+00
   2.8261980E-01   2.9978558E+05   2.9978558E+05   5.6212615E-01   4.7768972E-02   1.7879842E+00   2.9852764E+05   2.9978558E+05   2.4389387E+05   0.0000000E+00   0.0000000E+00   0.0000000E+00   0.0000000E+00
   2.9211810E-01   2.8630109E+05   2.8630109E+05   5.0182366E-01   4.2700884E-02   1.6021983E+00   2.8509966E+05   2.8630109E+05   2.3292335E+05   0.0000000E+00   0.0000000E+00   0.0000000E+00   0.0000000E+00
   3.0195268E-01   2.7404087E+05   2.7404087E+05   4.4944764E-01   3.8251950E-02   1.4354291E+00   2.7289081E+05   2.7404087E+05   2.2294885E+05   0.0000000E+00   0.0000000E+00   0.0000000E+00   0.0000000E+00
   3.1214035E-01   2.6182663E+05   2.6182663E+05   4.0036094E-01   3.4199919E-02   1.2897672E+00   2.6072776E+05   2.6182663E+05   2.1301178E+05   0.0000000E+00   0.0000000E+00   0.0000000E+00   0.0000000E+00
   3.2269976E-01   2.4911191E+05   2.4911191E+05   3.5725668E-01   3.0445529E-02   1.1497302E+00   2.4806635E+05   2.4911191E+05   2.0266754E+05   0.0000000E+00   0.0000000E+00   0.0000000E+00   0.0000000E+00
   3.3365167E-01   2.3637041E+05   2.3637041E+05   3.1572535E-01   2.7024355E-02   1.0208047E+00   2.3537827E+05   2.3637041E+05   1.9230151E+05   0.0000000E+00   0.0000000E+00   0.0000000E+00   0.0000000E+00
   3.4501932E-01   2.2448459E+05   2.2448459E+05   2.8131474E-01   2.4002716E-02   9.0788593E-01   2.2354230E+05   2.2448459E+05   1.8263165E+05   0.0000000E+00   0.0000000E+00   0.0000000E+00   0.0000000E+00
   3.5682885E-01   2.1377719E+05   2.1377719E+05   2.4943005E-01   2.1369748E-02   8.1274274E-01   2.1287980E+05   2.1377719E+05   1.7392051E+05   0.0000000E+00   0.0000000E+00   0.0000000E+00   0.0000000E+00
   3.6910984E-01   2.0373472E+05   2.0373472E+05   2.2223806E-01   1.9032723E-02   7.2431944E-01   2.0287945E+05   2.0373472E+05   1.6575033E+05   0.0000000E+00   0.0000000E+00   0.0000000E+00   0.0000000E+00
   3.8189589E-01   1.9370451E+05   1.9370451E+05   1.9795997E-01   1.6904573E-02   6.4581707E-01   1.9289131E+05   1.9370451E+05   1.5759013E+05   0.0000000E+00   0.0000000E+00   0.0000000E+00   0.0000000E+00
   3.9522545E-01   1.8367252E+05   1.8367252E+05   1.7512441E-01   1.4966435E-02   5.7258474E-01   1.8290141E+05   1.8367252E+05   1.4942848E+05   0.0000000E+00   0.0000000E+00   0.0000000E+00   0.0000000E+00
   4.0914274E-01   1.7412698E+05   1.7412698E+05   1.5476362E-01   1.3240107E-02   5.0693943E-01   1.7339591E+05   1.7412698E+05   1.4166259E+05   0.0000000E+00   0.0000000E+00   0.0000000E+00   0.0000000E+00
   4.2369892E-01   1.6526815E+05   1.6526815E+05   1.3696701E-01   1.1717782E-02   4.4942273E-01   1.6457425E+05   1.6526815E+05   1.3445540E+05   0.0000000E+00   0.0000000E+00   0.0000000E+00   0.0000000E+00
   4.3895367E-01   1.5676024E+05   1.5676024E+05   1.2105320E-01   1.0355459E-02   3.9845214E-01   1.5610204E+05   1.5676024E+05   1.2753369E+05   0.0000000E+00   0.0000000E+00   0.0000000E+00   0.0000000E+00
   4.5497697E-01   1.4834165E+05   1.4834165E+05   1.0667663E-01   9.1214158E-03   3.5093175E-01   1.4771878E+05   1.4834165E+05   1.2068466E+05   0.0000000E+00   0.0000000E+00   0.0000000E+00   0.0000000E+00
   4.7185162E-01   1.4019358E+05   1.4019358E+05   9.3844251E-02   8.0149416E-03   3.0916648E-01   1.3960490E+05   1.4019358E+05   1.1405571E+05   0.0000000E+00   0.0000000E+00   0.0000000E+00   0.0000000E+00
   4.8967623E-01   1.3246778E+05   1.3246778E+05   8.2267029E-02   7.0319872E-03   2.7141817E-01   1.3191153E+05   1.3246778E+05   1.0777030E+05   0.0000000E+00   0.0000000E+00   0.0000000E+00   0.0000000E+00
   5.0856926E-01   1.2498343E+05   1.2498343E+05   7.1931743E-02   6.1508853E-03   2.3826572E-01   1.2445859E+05   1.2498343E+05   1.0168133E+05   0.0000000E+00   0.0000000E+00   0.0000000E+00   0.0000000E+00
   5.2867413E-01   1.1765098E+05   1.1765098E+05   6.2667795E-02   5.3580993E-03   2.0753211E-01   1.1715692E+05   1.1765098E+05   9.5715945E+04   0.0000000E+00   0.0000000E+00   0.0000000E+00   0.0000000E+00
   5.5016580E-01   1.1058002E+05   1.1058002E+05   5.4415299E-02   4.6503422E-03   1.8056750E-01   1.1011564E+05   1.1058002E+05   8.9963297E+04   0.0000000E+00   0.0000000E+00   0.0000000E+00   0.0000000E+00
   5.7325922E-01   1.0371819E+05   1.0371819E+05   4.6995514E-02   4.0174283E-03   1.5605070E-01   1.0328262E+05   1.0371819E+05   8.4380793E+04   0.0000000E+00   0.0000000E+00   0.0000000E+00   0.0000000E+00
   5.9821995E-01   9.6998952E+04   9.6998952E+04   4.0356468E-02   3.4502041E-03   1.3442797E-01   9.6591589E+04   9.6998952E+04   7.8914291E+04   0.0000000E+00   0.0000000E+00   0.0000000E+00   0.0000000E+00
   6.2537695E-01   9.0458703E+04   9.0458703E+04   3.4440398E-02   2.9442073E-03   1.1480575E-01   9.0078799E+04   9.0458703E+04   7.3593411E+04   0.0000000E+00   0.0000000E+00   0.0000000E+00   0.0000000E+00
   6.5513691E-01   8.4050136E+04   8.4050136E+04   2.9158507E-02   2.4927495E-03   9.7297914E-02   8.3697139E+04   8.4050136E+04   6.8379664E+04   0.0000000E+00   0.0000000E+00   0.0000000E+00   0.0000000E+00
   6.8799770E-01   7.7772344E+04   7.7772344E+04   2.4462712E-02   2.0914973E-03   8.1946051E-02   7.7445706E+04   7.7772344E+04   6.3272311E+04   0.0000000E+00   0.0000000E+00   0.0000000E+00   0.0000000E+00
   7.2455510E-01   7.1616168E+04   7.1616168E+04   2.0310554E-02   1.7365072E-03   6.8103587E-02   7.1315380E+04   7.1616168E+04   5.8263900E+04   0.0000000E+00   0.0000000E+00   0.0000000E+00   0.0000000E+00
   7.6549165E-01   6.5589784E+04   6.5589784E+04   1.6664584E-02   1.4248450E-03   5.5877086E-02   6.5314301E+04   6.5589784E+04   5.3361083E+04   0.0000000E+00   0.0000000E+00   0.0000000E+00   0.0000000E+00
   8.1153159E-01   5.9715071E+04   5.9715071E+04   1.3499032E-02   1.1542154E-03   4.5453793E-02   5.9464259E+04   5.9715071E+04   4.8581661E+04   0.0000000E+00   0.0000000E+00   0.0000000E+00   0.0000000E+00
   8.6334984E-01   5.4038444E+04   5.4038444E+04   1.0793088E-02   9.2288231E-04   3.6369236E-02   5.3811471E+04   5.4038444E+04   4.3963394E+04   0.0000000E+00   0.0000000E+00   0.0000000E+00   0.0000000E+00
   9.2145095E-01   4.8624209E+04   4.8624209E+04   8.5253610E-03   7.2899915E-04   2.8827180E-02   4.8419973E+04   4.8624209E+04   3.9558598E+04   0.0000000E+00   0.0000000E+00   0.0000000E+00   0.0000000E+00
   9.8608189E-01   4.3542257E+04   4.3542257E+04   6.6661467E-03   5.7004150E-04   2.2549270E-02   4.3359365E+04   4.3542257E+04   3.5424136E+04   0.0000000E+00   0.0000000E+00   0.0000000E+00   0.0000000E+00
   1.0572580E+00   3.8850001E+04   3.8850001E+04   5.1751508E-03   4.4243922E-04   1.7519813E-02   3.8686816E+04   3.8850001E+04   3.1606713E+04   0.0000000E+00   0.0000000E+00   0.0000000E+00   0.0000000E+00
   1.1349043E+00   3.4578819E+04   3.4578819E+04   3.9972626E-03   3.4175810E-04   1.3554735E-02   3.4433572E+04   3.4578819E+04   2.8131859E+04   0.0000000E+00   0.0000000E+00   0.0000000E+00   0.0000000E+00
   1.2190145E+00   3.0729888E+04   3.0729888E+04   3.0785166E-03   2.6325288E-04   1.0492893E-02   3.0600808E+04   3.0729888E+04   2.5000531E+04   0.0000000E+00   0.0000000E+00   0.0000000E+00   0.0000000E+00
   1.3097357E+00   2.7282299E+04   2.7282299E+04   2.3674771E-03   2.0246374E-04   8.0762127E-03   2.7167699E+04   2.7282299E+04   2.2195719E+04   0.0000000E+00   0.0000000E+00   0.0000000E+00   0.0000000E+00
   1.4073716E+00   2.4205108E+04   2.4205108E+04   1.8190577E-03   1.5557026E-04   6.2005610E-03   2.4103433E+04   2.4205108E+04   1.9692246E+04   0.0000000E+00   0.0000000E+00   0.0000000E+00   0.0000000E+00
   1.5123474E+00   2.1463193E+04   2.1463193E+04   1.3968099E-03   1.1946256E-04   4.7868162E-03   2.1373036E+04   2.1463193E+04   1.7461541E+04   0.0000000E+00   0.0000000E+00   0.0000000E+00   0.0000000E+00
   1.6251736E+00   1.9022745E+04   1.9022745E+04   1.0720446E-03   9.1689440E-05   3.6442404E-03   1.8942838E+04   1.9022745E+04   1.5476096E+04   0.0000000E+00   0.0000000E+00   0.0000000E+00   0.0000000E+00
   1.7464227E+00   1.6852111E+04   1.6852111E+04   8.2246587E-04   7.0340562E-05   2.7980968E-03   1.6781322E+04   1.6852111E+04   1.3710160E+04   0.0000000E+00   0.0000000E+00   0.0000000E+00   0.0000000E+00
   1.8767192E+00   1.4922714E+04   1.4922714E+04   6.2996832E-04   5.3939215E-05   2.1584517E-03   1.4860029E+04   1.4922714E+04   1.2140484E+04   0.0000000E+00   0.0000000E+00   0.0000000E+00   0.0000000E+00
   2.0167371E+00   1.3208631E+04   1.3208631E+04   4.8347719E-04   4.1344685E-05   1.6609202E-03   1.3153146E+04   1.3208631E+04   1.0745979E+04   0.0000000E+00   0.0000000E+00   0.0000000E+00   0.0000000E+00
   2.1672015E+00   1.1686702E+04   1.1686702E+04   3.7081930E-04   3.1678274E-05   1.2729417E-03   1.1637610E+04   1.1686702E+04   9.5078024E+03   0.0000000E+00   0.0000000E+00   0.0000000E+00   0.0000000E+00
   2.3288917E+00   1.0336056E+04   1.0336056E+04   2.8368846E-04   2.4262276E-05   9.7154500E-04   1.0292638E+04   1.0336056E+04   8.4089745E+03   0.0000000E+00   0.0000000E+00   0.0000000E+00   0.0000000E+00
   2.5026452E+00   9.1380101E+03   9.1380101E+03   2.1717434E-04   1.8575375E-05   7.4113684E-04   9.0996242E+03   9.1380101E+03   7.4342953E+03   0.0000000E+00   0.0000000E+00   0.0000000E+00   0.0000000E+00
   2.6893621E+00   8.0758387E+03   8.0758387E+03   1.6619937E-04   1.4216195E-05   5.6658972E-04   8.0419146E+03   8.0758387E+03   6.5701579E+03   0.0000000E+00   0.0000000E+00   0.0000000E+00   0.0000000E+00
   2.8900096E+00   7.1345680E+03   7.1345680E+03   1.2714538E-04   1.0876144E-05   4.3925367E-04   7.1045978E+03   7.1345680E+03   5.8043802E+03   0.0000000E+00   0.0000000E+00   0.0000000E+00   0.0000000E+00
   3.1056269E+00   6.3008097E+03   6.3008097E+03   9.7228719E-05   8.3179748E-06   3.2781496E-04   6.2743418E+03   6.3008097E+03   5.1260699E+03   0.0000000E+00   0.0000000E+00   0.0000000E+00   0.0000000E+00
   3.3373310E+00   5.5626040E+03   5.5626040E+03   7.4336294E-05   6.3593700E-06   2.5785323E-04   5.5392371E+03   5.5626040E+03   4.5254973E+03   0.0000000E+00   0.0000000E+00   0.0000000E+00   0.0000000E+00
   3.5863220E+00   4.9092747E+03   4.9092747E+03   5.6809098E-05   4.8603876E-06   1.9736598E-04   4.8886522E+03   4.9092747E+03   3.9939764E+03   0.0000000E+00   0.0000000E+00   0.0000000E+00   0.0000000E+00
   3.8538897E+00   4.3312979E+03   4.3312979E+03   4.3390376E-05   3.7135752E-06   1.5092463E-04   4.3131033E+03   4.3312979E+03   3.5237591E+03   0.0000000E+00   0.0000000E+00   0.0000000E+00   0.0000000E+00
   4.1414201E+00   3.8201841E+03   3.8201841E+03   3.3151353E-05   2.8364961E-06   1.1409411E-04   3.8041365E+03   3.8201841E+03   3.1079387E+03   0.0000000E+00   0.0000000E+00   0.0000000E+00   0.0000000E+00
   4.4504024E+00   3.3683705E+03   3.3683705E+03   2.5314007E-05   2.1659323E-06   8.8949728E-05   3.3542208E+03   3.3683705E+03   2.7403624E+03   0.0000000E+00   0.0000000E+00   0.0000000E+00   0.0000000E+00
   4.7824373E+00   2.9691245E+03   2.9691245E+03   1.9322776E-05   1.6534259E-06   6.6183270E-05   2.9566520E+03   2.9691245E+03   2.4155530E+03   0.0000000E+00   0.0000000E+00   0.0000000E+00   0.0000000E+00
   5.1392446E+00   2.6164563E+03   2.6164563E+03   1.4745058E-05   1.2618461E-06   5.0523037E-05   2.6054653E+03   2.6164563E+03   2.1286372E+03   0.0000000E+00   0.0000000E+00   0.0000000E+00   0.0000000E+00
   5.5226724E+00   2.3050402E+03   2.3050402E+03   1.1248804E-05   9.6274878E-07   3.8970037E-05   2.2953573E+03   2.3050402E+03   1.8752823E+03   0.0000000E+00   0.0000000E+00   0.0000000E+00   0.0000000E+00
   5.9347070E+00   2.0301433E+03   2.0301433E+03   8.5801930E-06   7.3436105E-07   2.9621648E-05   2.0216152E+03   2.0301433E+03   1.6516379E+03   0.0000000E+00   0.0000000E+00   0.0000000E+00   0.0000000E+00
   6.3774826E+00   1.7875623E+03   1.7875623E+03   6.5423667E-06   5.6001524E-07   2.2600879E-05   1.7800532E+03   1.7875623E+03   1.4542844E+03   0.0000000E+00   0.0000000E+00   0.0000000E+00   0.0000000E+00
   6.8532928E+00   1.5735662E+03   1.5735662E+03   4.9870721E-06   4.2696076E-07   1.7242411E-05   1.5669560E+03   1.5735662E+03   1.2801863E+03   0.0000000E+00   0.0000000E+00   0.0000000E+00   0.0000000E+00
   7.3646020E+00   1.3848446E+03   1.3848446E+03   3.8001930E-06   3.2544564E-07   1.2543759E-05   1.3790273E+03   1.3848446E+03   1.1266505E+03   0.0000000E+00   0.0000000E+00   0.0000000E+00   0.0000000E+00
   7.9140590E+00   1.2184623E+03   1.2184623E+03   2.8959619E-06   2.4801344E-07   9.3845734E-06   1.2133438E+03   1.2184623E+03   9.9128888E+02   0.0000000E+00   0.0000000E+00   0.0000000E+00   0.0000000E+00
   8.5045098E+00   1.0718173E+03   1.0718173E+03   2.2059593E-06   1.8896558E-07   7.5211138E-06   1.0673149E+03   1.0718173E+03   8.7198479E+02   0.0000000E+00   0.0000000E+00   0.0000000E+00   0.0000000E+00
   9.1390128E+00   9.4260475E+02   9.4260475E+02   1.6798479E-06   1.4394808E-07   6.0178625E-06   9.3864510E+02   9.4260475E+02   7.6686298E+02   0.0000000E+00   0.0000000E+00   0.0000000E+00   0.0000000E+00
   9.8208547E+00   8.2878354E+02   8.2878354E+02   1.2793273E-06   1.0963507E-07   4.2585595E-06   8.2530203E+02   8.2878354E+02   6.7426290E+02   0.0000000E+00   0.0000000E+00   0.0000000E+00   0.0000000E+00
   1.0553567E+01   7.2854699E+02   7.2854699E+02   9.7372878E-07   8.3486878E-08   3.3723406E-06   7.2548655E+02   7.2854699E+02   5.9271473E+02   0.0000000E+00   0.0000000E+00   0.0000000E+00   0.0000000E+00
