#           k/h    CDM            baryon         photon         nu             mass_nu        total          no_nu          total_de       Weyl           v_CDM          v_b            v_b-v_c     
   1.0760141E-05   6.2759655E+06   6.2759655E+06   8.3665419E+06   3.4781259E+04   4.1263858E+05   6.2760565E+06   6.2759655E+06   5.7737561E+06   0.0000000E+00   0.0000000E+00   0.0000000E+00   0.0000000E+00
   1.1562932E-05   6.2759643E+06   6.2759643E+06   8.3663218E+06   3.4780934E+04   4.1263446E+05   6.2760552E+06   6.2759643E+06   5.7737549E+06   0.0000000E+00   0.0000000E+00   0.0000000E+00   0.0000000E+00
   1.2425617E-05   6.2759629E+06   6.2759629E+06   8.3660676E+06   3.4780558E+04   4.1262971E+05   6.2760537E+06   6.2759629E+06   5.7737535E+06   0.0000000E+00   0.0000000E+00   0.0000000E+00   0.0000000E+00
   1.3352666E-05   6.2759613E+06   6.2759613E+06   8.3657740E+06   3.4780124E+04   4.1262422E+05   6.2760520E+06   6.2759613E+06   5.7737519E+06   0.0000000E+00   0.0000000E+00   0.0000000E+00   0.0000000E+00
   1.4348879E-05   6.2759594E+06   6.2759594E+06   8.3654351E+06   3.4779622E+04   4.1261789E+05   6.2760501E+06   6.2759594E+06   5.7737501E+06   0.0000000E+00   0.0000000E+00   0.0000000E+00   0.0000000E+00
   1.5419418E-05   6.2759573E+06   6.2759573E+06   8.3650437E+06   3.4779043E+04   4.1261057E+05   6.2760478E+06   6.2759573E+06   5.7737480E+06   0.0000000E+00   0.0000000E+00   0.0000000E+00   0.0000000E+00
   1.6569827E-05   6.2759548E+06   6.2759548E+06   8.3645917E+06   3.4778375E+04   4.1260212E+05   6.2760452E+06   6.2759548E+06   5.7737455E+06   0.0000000E+00   0.0000000E+00   0.0000000E+00   0.0000000E+00
   1.7806066E-05   6.2759520E+06   6.2759520E+06   8.3640698E+06   3.4777603E+04   4.1259237E+05   6.2760422E+06   6.2759520E+06   5.7737427E+06   0.0000000E+00   0.0000000E+00   0.0000000E+00   0.0000000E+00
   1.9134538E-05   6.2759487E+06   6.2759487E+06   8.3634671E+06   3.4776712E+04   4.1258110E+05   6.2760387E+06   6.2759487E+06   5.7737394E+06   0.0000000E+00   0.0000000E+00   0.0000000E+00   0.0000000E+00
   2.0562124E-05   6.2759449E+06   6.2759449E+06   8.3627713E+06   3.4775682E+04   4.1256809E+05   6.2760346E+06   6.2759449E+06   5.7737357E+06   0.0000000E+00   0.0000000E+00   0.0000000E+00   0.0000000E+00
   2.2096220E-05   6.2759405E+06   6.2759405E+06   8.3619677E+06   3.4774494E+04   4.1255307E+05   6.2760300E+06   6.2759405E+06   5.7737313E+06   0.0000000E+00   0.0000000E+00   0.0000000E+00   0.0000000E+00
   2.3744771E-05   6.2759354E+06   6.2759354E+06   8.3610399E+06   3.4773121E+04   4.1253572E+05   6.2760246E+06   6.2759354E+06   5.7737263E+06   0.0000000E+00   0.0000000E+00   0.0000000E+00   0.0000000E+00
   2.5516316E-05   6.2759296E+06   6.2759296E+06   8.3599687E+06   3.4771537E+04   4.1251569E+05   6.2760184E+06   6.2759296E+06   5.7737205E+06   0.0000000E+00   0.0000000E+00   0.0000000E+00   0.0000000E+00
   2.7420033E-05   6.2759228E+06   6.2759228E+06   8.3587317E+06   3.4769707E+04   4.1249256E+05   6.2760112E+06   6.2759228E+06   5.7737138E+06   0.0000000E+00   0.0000000E+00   0.0000000E+00   0.0000000E+00
   2.9465782E-05   6.2759150E+06   6.2759150E+06   8.3573036E+06   3.4767594E+04   4.1246586E+05   6.2760029E+06   6.2759150E+06   5.7737060E+06   0.0000000E+00   0.0000000E+00   0.0000000E+00   0.0000000E+00
   3.1664160E-05   6.2759060E+06   6.2759060E+06   8.3556547E+06   3.4765154E+04   4.1243502E+05   6.2759934E+06   6.2759060E+06   5.7736971E+06   0.0000000E+00   0.0000000E+00   0.0000000E+00   0.0000000E+00
   3.4026555E-05   6.2758956E+06   6.2758956E+06   8.3537509E+06   3.4762337E+04   4.1239942E+05   6.2759823E+06   6.2758956E+06   5.7736868E+06   0.0000000E+00   0.0000000E+00   0.0000000E+00   0.0000000E+00
   3.6565202E-05   6.2758836E+06   6.2758836E+06   8.3515530E+06   3.4759084E+04   4.1235831E+05   6.2759696E+06   6.2758836E+06   5.7736749E+06   0.0000000E+00   0.0000000E+00   0.0000000E+00   0.0000000E+00
   3.9293252E-05   6.2758697E+06   6.2758697E+06   8.3490156E+06   3.4755329E+04   4.1231085E+05   6.2759549E+06   6.2758697E+06   5.7736611E+06   0.0000000E+00   0.0000000E+00   0.0000000E+00   0.0000000E+00
   4.2224837E-05   6.2758537E+06   6.2758537E+06   8.3460863E+06   3.4750992E+04   4.1225605E+05   6.2759379E+06   6.2758537E+06   5.7736452E+06   0.0000000E+00   0.0000000E+00   0.0000000E+00   0.0000000E+00
   4.5375140E-05   6.2758352E+06   6.2758352E+06   8.3427049E+06   3.4745986E+04   4.1219278E+05   6.2759182E+06   6.2758352E+06   5.7736269E+06   0.0000000E+00   0.0000000E+00   0.0000000E+00   0.0000000E+00
   4.8760481E-05   6.2758139E+06   6.2758139E+06   8.3388018E+06   3.4740206E+04   4.1211973E+05   6.2758956E+06   6.2758139E+06   5.7736057E+06   0.0000000E+00   0.0000000E+00   0.0000000E+00   0.0000000E+00
   5.2398394E-05   6.2757892E+06   6.2757892E+06   8.3342966E+06   3.4733533E+04   4.1203541E+05   6.2758694E+06   6.2757892E+06   5.7735812E+06   0.0000000E+00   0.0000000E+00   0.0000000E+00   0.0000000E+00
   5.6307724E-05   6.2757607E+06   6.2757607E+06   8.3290971E+06   3.4725830E+04   4.1193807E+05   6.2758392E+06   6.2757607E+06   5.7735530E+06   0.0000000E+00   0.0000000E+00   0.0000000E+00   0.0000000E+00
   6.0508722E-05   6.2757279E+06   6.2757279E+06   8.3230967E+06   3.4716938E+04   4.1182570E+05   6.2758043E+06   6.2757279E+06   5.7735204E+06   0.0000000E+00   0.0000000E+00   0.0000000E+00   0.0000000E+00
   6.5023146E-05   6.2756899E+06   6.2756899E+06   8.3161726E+06   3.4706673E+04   4.1169600E+05   6.2757640E+06   6.2756899E+06   5.7734827E+06   0.0000000E+00   0.0000000E+00   0.0000000E+00   0.0000000E+00
   6.9874382E-05   6.2756461E+06   6.2756461E+06   8.3081837E+06   3.4694825E+04   4.1154630E+05   6.2757175E+06   6.2756461E+06   5.7734392E+06   0.0000000E+00   0.0000000E+00   0.0000000E+00   0.0000000E+00
   7.5087557E-05   6.2755955E+06   6.2755955E+06   8.2989674E+06   3.4681150E+04   4.1137353E+05   6.2756638E+06   6.2755955E+06   5.7733891E+06   0.0000000E+00   0.0000000E+00   0.0000000E+00   0.0000000E+00
   8.0689677E-05   6.2755371E+06   6.2755371E+06   8.2883368E+06   3.4665369E+04   4.1117415E+05   6.2756018E+06   6.2755371E+06   5.7733311E+06   0.0000000E+00   0.0000000E+00   0.0000000E+00   0.0000000E+00
   8.6709759E-05   6.2754697E+06   6.2754697E+06   8.2760770E+06   3.4647159E+04   4.1094410E+05   6.2755303E+06   6.2754697E+06   5.7732642E+06   0.0000000E+00   0.0000000E+00   0.0000000E+00   0.0000000E+00
   9.3178985E-05   6.2753919E+06   6.2753919E+06   8.2619413E+06   3.4626147E+04   4.1067869E+05   6.2754477E+06   6.2753919E+06   5.7731870E+06   0.0000000E+00   0.0000000E+00   0.0000000E+00   0.0000000E+00
   1.0013087E-04   6.2753020E+06   6.2753020E+06   8.2456465E+06   3.4601906E+04   4.1037252E+05   6.2753523E+06   6.2753020E+06   5.7730979E+06   0.0000000E+00   0.0000000E+00   0.0000000E+00   0.0000000E+00
   1.0760141E-04   6.2751983E+06   6.2751983E+06   8.2268678E+06   3.4573944E+04   4.1001939E+05   6.2752422E+06   6.2751983E+06   5.7729951E+06   0.0000000E+00   0.0000000E+00   0.0000000E+00   0.0000000E+00
   1.1562932E-04   6.2750787E+06   6.2750787E+06   8.2052336E+06   3.4541695E+04   4.0961218E+05   6.2751152E+06   6.2750787E+06   5.7728764E+06   0.0000000E+00   0.0000000E+00   0.0000000E+00   0.0000000E+00
   1.2425617E-04   6.2749405E+06   6.2749405E+06   8.1803188E+06   3.4504510E+04   4.0914271E+05   6.2749686E+06   6.2749405E+06   5.7727394E+06   0.0000000E+00   0.0000000E+00   0.0000000E+00   0.0000000E+00
   1.3352666E-04   6.2747812E+06   6.2747812E+06   8.1516380E+06   3.4461643E+04   4.0860158E+05   6.2747994E+06   6.2747812E+06   5.7725813E+06   0.0000000E+00   0.0000000E+00   0.0000000E+00   0.0000000E+00
   1.4348879E-04   6.2745972E+06   6.2745972E+06   8.1186381E+06   3.4412238E+04   4.0797806E+05   6.2746043E+06   6.2745972E+06   5.7723989E+06   0.0000000E+00   0.0000000E+00   0.0000000E+00   0.0000000E+00
   1.5419418E-04   6.2743851E+06   6.2743851E+06   8.0806901E+06   3.4355315E+04   4.0725983E+05   6.2743791E+06   6.2743851E+06   5.7721885E+06   0.0000000E+00   0.0000000E+00   0.0000000E+00   0.0000000E+00
   1.6569827E-04   6.2741403E+06   6.2741403E+06   8.0370806E+06   3.4289755E+04   4.0643282E+05   6.2741193E+06   6.2741403E+06   5.7719459E+06   0.0000000E+00   0.0000000E+00   0.0000000E+00   0.0000000E+00
   1.7806066E-04   6.2738580E+06   6.2738580E+06   7.9870026E+06   3.4214276E+04   4.0548099E+05   6.2738197E+06   6.2738580E+06   5.7716660E+06   0.0000000E+00   0.0000000E+00   0.0000000E+00   0.0000000E+00
   1.9134538E-04   6.2735326E+06   6.2735326E+06   7.9295469E+06   3.4127419E+04   4.0438605E+05   6.2734743E+06   6.2735326E+06   5.7713434E+06   0.0000000E+00   0.0000000E+00   0.0000000E+00   0.0000000E+00
   2.0562124E-04   6.2731573E+06   6.2731573E+06   7.8636932E+06   3.4027523E+04   4.0312725E+05   6.2730761E+06   6.2731573E+06   5.7709715E+06   0.0000000E+00   0.0000000E+00   0.0000000E+00   0.0000000E+00
   2.2096220E-04   6.2727248E+06   6.2727248E+06   7.7883019E+06   3.3912702E+04   4.0168104E+05   6.2726171E+06   6.2727248E+06   5.7705429E+06   0.0000000E+00   0.0000000E+00   0.0000000E+00   0.0000000E+00
   2.3744771E-04   6.2722265E+06   6.2722265E+06   7.7021084E+06   3.3780821E+04   4.0002084E+05   6.2720883E+06   6.2722265E+06   5.7700491E+06   0.0000000E+00   0.0000000E+00   0.0000000E+00   0.0000000E+00
   2.5516316E-04   6.2716525E+06   6.2716525E+06   7.6037189E+06   3.3629470E+04   3.9811670E+05   6.2714793E+06   6.2716525E+06   5.7694806E+06   0.0000000E+00   0.0000000E+00   0.0000000E+00   0.0000000E+00
   2.7420033E-04   6.2709916E+06   6.2709916E+06   7.4916112E+06   3.3455942E+04   3.9593507E+05   6.2707780E+06   6.2709916E+06   5.7688261E+06   0.0000000E+00   0.0000000E+00   0.0000000E+00   0.0000000E+00
   2.9465782E-04   6.2702310E+06   6.2702310E+06   7.3641404E+06   3.3257207E+04   3.9343851E+05   6.2699710E+06   6.2702310E+06   5.7680731E+06   0.0000000E+00   0.0000000E+00   0.0000000E+00   0.0000000E+00
   3.1664160E-04   6.2693561E+06   6.2693561E+06   7.2195537E+06   3.3029893E+04   3.9058552E+05   6.2690428E+06   6.2693561E+06   5.7672072E+06   0.0000000E+00   0.0000000E+00   0.0000000E+00   0.0000000E+00
   3.4026555E-04   6.2683502E+06   6.2683502E+06   7.0560153E+06   3.2770270E+04   3.8733039E+05   6.2679759E+06   6.2683502E+06   5.7662122E+06   0.0000000E+00   0.0000000E+00   0.0000000E+00   0.0000000E+00
   3.6565202E-04   6.2671947E+06   6.2671947E+06   6.8716464E+06   3.2474248E+04   3.8362324E+05   6.2667502E+06   6.2671947E+06   5.7650695E+06   0.0000000E+00   0.0000000E+00   0.0000000E+00   0.0000000E+00
   3.9293252E-04   6.2658681E+06   6.2658681E+06   6.6645841E+06   3.2137380E+04   3.7941016E+05   6.2653433E+06   6.2658681E+06   5.7637585E+06   0.0000000E+00   0.0000000E+00   0.0000000E+00   0.0000000E+00
   4.2224837E-04   6.2643466E+06   6.2643466E+06   6.4330629E+06   3.1754887E+04   3.7463364E+05   6.2637298E+06   6.2643466E+06   5.7622556E+06   0.0000000E+00   0.0000000E+00   0.0000000E+00   0.0000000E+00
   4.5375140E-04   6.2626032E+06   6.2626032E+06   6.1755255E+06   3.1321707E+04   3.6923326E+05   6.2618814E+06   6.2626032E+06   5.7605347E+06   0.0000000E+00   0.0000000E+00   0.0000000E+00   0.0000000E+00
   4.8760481E-04   6.2606077E+06   6.2606077E+06   5.8907661E+06   3.0832576E+04   3.6314682E+05   6.2597661E+06   6.2606077E+06   5.7585666E+06   0.0000000E+00   0.0000000E+00   0.0000000E+00   0.0000000E+00
   5.2398394E-04   6.2583267E+06   6.2583267E+06   5.5781111E+06   3.0282142E+04   3.5631190E+05   6.2573486E+06   6.2583267E+06   5.7563188E+06   0.0000000E+00   0.0000000E+00   0.0000000E+00   0.0000000E+00
   5.6307724E-04   6.2557229E+06   6.2557229E+06   5.2376370E+06   2.9665134E+04   3.4866801E+05   6.2545899E+06   6.2557229E+06   5.7537557E+06   0.0000000E+00   0.0000000E+00   0.0000000E+00   0.0000000E+00
   6.0508722E-04   6.2527555E+06   6.2527555E+06   4.8704240E+06   2.8976586E+04   3.4015935E+05   6.2514468E+06   6.2527555E+06   5.7508381E+06   0.0000000E+00   0.0000000E+00   0.0000000E+00   0.0000000E+00
   6.5023146E-04   6.2493797E+06   6.2493797E+06   4.4788331E+06   2.8212122E+04   3.3073830E+05   6.2478726E+06   6.2493797E+06   5.7475234E+06   0.0000000E+00   0.0000000E+00   0.0000000E+00   0.0000000E+00
   6.9874382E-04   6.2455470E+06   6.2455470E+06   4.0667873E+06   2.7368309E+04   3.2036953E+05   6.2438164E+06   6.2455470E+06   5.7437659E+06   0.0000000E+00   0.0000000E+00   0.0000000E+00   0.0000000E+00
   7.5087557E-04   6.2412052E+06   6.2412052E+06   3.6400189E+06   2.6443075E+04   3.0903462E+05   6.2392238E+06   6.2412052E+06   5.7395166E+06   0.0000000E+00   0.0000000E+00   0.0000000E+00   0.0000000E+00
   8.0689677E-04   6.2362983E+06   6.2362983E+06   3.2062302E+06   2.5436170E+04   2.9673711E+05   6.2340368E+06   6.2362983E+06   5.7347238E+06   0.0000000E+00   0.0000000E+00   0.0000000E+00   0.0000000E+00
   8.6709759E-04   6.2307673E+06   6.2307673E+06   2.7750931E+06   2.4349658E+04   2.8350737E+05   6.2281945E+06   6.2307673E+06   5.7293334E+06   0.0000000E+00   0.0000000E+00   0.0000000E+00   0.0000000E+00
   9.3178985E-04   6.2245503E+06   6.2245503E+06   2.3579932E+06   2.3188366E+04   2.6940689E+05   6.2216334E+06   6.2245503E+06   5.7232894E+06   0.0000000E+00   0.0000000E+00   0.0000000E+00   0.0000000E+00
   1.0013087E-03   6.2175827E+06   6.2175827E+06   1.9674217E+06   2.1960249E+04   2.5453132E+05   6.2142881E+06   6.2175827E+06   5.7165345E+06   0.0000000E+00   0.0000000E+00   0.0000000E+00   0.0000000E+00
   1.0760141E-03   6.2097978E+06   6.2097978E+06   1.6159283E+06   2.0676549E+04   2.3901142E+05   6.2060916E+06   6.2097978E+06   5.7090104E+06   0.0000000E+00   0.0000000E+00   0.0000000E+00   0.0000000E+00
   1.1562932E-03   6.2011271E+06   6.2011271E+06   1.3146116E+06   1.9351667E+04   2.2301144E+05   6.1969762E+06   6.2011271E+06   5.7006579E+06   0.0000000E+00   0.0000000E+00   0.0000000E+00   0.0000000E+00
   1.2425617E-03   6.1914999E+06   6.1914999E+06   1.0712355E+06   1.8002641E+04   2.0672471E+05   6.1868730E+06   6.1914999E+06   5.6914172E+06   0.0000000E+00   0.0000000E+00   0.0000000E+00   0.0000000E+00
   1.3352666E-03   6.1808429E+06   6.1808429E+06   8.8824317E+05   1.6648165E+04   1.9036669E+05   6.1757121E+06   6.1808429E+06   5.6812267E+06   0.0000000E+00   0.0000000E+00   0.0000000E+00   0.0000000E+00
   1.4348879E-03   6.1690798E+06   6.1690798E+06   7.6117765E+05   1.5307202E+04   1.7416667E+05   6.1634216E+06   6.1690798E+06   5.6700225E+06   0.0000000E+00   0.0000000E+00   0.0000000E+00   0.0000000E+00
   1.5419418E-03   6.1561294E+06   6.1561294E+06   6.7822899E+05   1.3997336E+04   1.5835944E+05   6.1499267E+06   6.1561294E+06   5.6577364E+06   0.0000000E+00   0.0000000E+00   0.0000000E+00   0.0000000E+00
   1.6569827E-03   6.1419049E+06   6.1419049E+06   6.2168683E+05   1.2733218E+04   1.4317774E+05   6.1351477E+06   6.1419049E+06   5.6442939E+06   0.0000000E+00   0.0000000E+00   0.0000000E+00   0.0000000E+00
   1.7806066E-03   6.1263127E+06   6.1263127E+06   5.7176756E+05   1.1525556E+04   1.2884432E+05   6.1189989E+06   6.1263127E+06   5.6296129E+06   0.0000000E+00   0.0000000E+00   0.0000000E+00   0.0000000E+00
   1.9134538E-03   6.1092513E+06   6.1092513E+06   5.1242529E+05   1.0381112E+04   1.1555936E+05   6.1013869E+06   6.1092513E+06   5.6136024E+06   0.0000000E+00   0.0000000E+00   0.0000000E+00   0.0000000E+00
   2.0562124E-03   6.0906124E+06   6.0906124E+06   4.3737484E+05   9.3038830E+03   1.0347710E+05   6.0822105E+06   6.0906124E+06   5.5961625E+06   0.0000000E+00   0.0000000E+00   0.0000000E+00   0.0000000E+00
   2.2096220E-03   6.0702819E+06   6.0702819E+06   3.5319240E+05   8.2970782E+03   9.2669144E+04   6.0613610E+06   6.0702819E+06   5.5771855E+06   0.0000000E+00   0.0000000E+00   0.0000000E+00   0.0000000E+00
   2.3744771E-03   6.0481407E+06   6.0481407E+06   2.7623054E+05   7.3648305E+03   8.3085837E+04   6.0387220E+06   6.0481407E+06   5.5565577E+06   0.0000000E+00   0.0000000E+00   0.0000000E+00   0.0000000E+00
   2.5516316E-03   6.0240654E+06   6.0240654E+06   2.2264398E+05   6.5122418E+03   7.4547584E+04   6.0141697E+06   6.0240654E+06   5.5341598E+06   0.0000000E+00   0.0000000E+00   0.0000000E+00   0.0000000E+00
   2.7420033E-03   5.9979265E+06   5.9979265E+06   1.9624940E+05   5.7430847E+03   6.6806206E+04   5.9875713E+06   5.9979265E+06   5.5098665E+06   0.0000000E+00   0.0000000E+00   0.0000000E+00   0.0000000E+00
   2.9465782E-03   5.9695858E+06   5.9695858E+06   1.8396614E+05   5.0563675E+03   5.9679335E+04   5.9587837E+06   5.9695858E+06   5.4835445E+06   0.0000000E+00   0.0000000E+00   0.0000000E+00   0.0000000E+00
   3.1664160E-03   5.9388943E+06   5.9388943E+06   1.6635922E+05   4.4448904E+03   5.3169865E+04   5.9276529E+06   5.9388943E+06   5.4550519E+06   0.0000000E+00   0.0000000E+00   0.0000000E+00   0.0000000E+00
   3.4026555E-03   5.9056945E+06   5.9056945E+06   1.3707537E+05   3.8983699E+03   4.7417747E+04   5.8940182E+06   5.9056945E+06   5.4242405E+06   0.0000000E+00   0.0000000E+00   0.0000000E+00   0.0000000E+00
   3.6565202E-03   5.8698241E+06   5.8698241E+06   1.0961193E+05   3.4093168E+03   4.2452112E+04   5.8577170E+06   5.8698241E+06   5.3909605E+06   0.0000000E+00   0.0000000E+00   0.0000000E+00   0.0000000E+00
   3.9293252E-03   5.8311189E+06   5.8311189E+06   9.7568775E+04   2.9752789E+03   3.8024396E+04   5.8185876E+06   5.8311189E+06   5.3550633E+06   0.0000000E+00   0.0000000E+00   0.0000000E+00   0.0000000E+00
   4.2224837E-03   5.7894098E+06   5.7894098E+06   9.2121129E+04   2.5940118E+03   3.3869706E+04   5.7764650E+06   5.7894098E+06   5.3163980E+06   0.0000000E+00   0.0000000E+00   0.0000000E+00   0.0000000E+00
   4.5375140E-03   5.7445201E+06   5.7445201E+06   7.6650028E+04   2.2586545E+03   3.0103757E+04   5.7311776E+06   5.7445201E+06   5.2748076E+06   0.0000000E+00   0.0000000E+00   0.0000000E+00   0.0000000E+00
   4.8760481E-03   5.6962703E+06   5.6962703E+06   5.8878939E+04   1.9617644E+03   2.6946278E+04   5.6825519E+06   5.6962703E+06   5.2301333E+06   0.0000000E+00   0.0000000E+00   0.0000000E+00   0.0000000E+00
   5.2398394E-03   5.6444845E+06   5.6444845E+06   5.3465305E+04   1.7008894E+03   2.4137214E+04   5.6304190E+06   5.6444845E+06   5.1822206E+06   0.0000000E+00   0.0000000E+00   0.0000000E+00   0.0000000E+00
   5.6307724E-03   5.5889874E+06   5.5889874E+06   4.7773933E+04   1.4736523E+03   2.1451029E+04   5.5746089E+06   5.5889874E+06   5.1309139E+06   0.0000000E+00   0.0000000E+00   0.0000000E+00   0.0000000E+00
   6.0508722E-03   5.5296032E+06   5.5296032E+06   3.7161973E+04   1.2743899E+03   1.9184329E+04   5.5149444E+06   5.5296032E+06   5.0760512E+06   0.0000000E+00   0.0000000E+00   0.0000000E+00   0.0000000E+00
   6.5023146E-03   5.4661548E+06   5.4661548E+06   3.5105999E+04   1.1006122E+03   1.7141733E+04   5.4512412E+06   5.4661548E+06   5.0174637E+06   0.0000000E+00   0.0000000E+00   0.0000000E+00   0.0000000E+00
   6.9874382E-03   5.3984597E+06   5.3984597E+06   2.9044697E+04   9.4974393E+02   1.5166005E+04   5.3833155E+06   5.3984597E+06   4.9549829E+06   0.0000000E+00   0.0000000E+00   0.0000000E+00   0.0000000E+00
   7.5087557E-03   5.3263318E+06   5.3263318E+06   2.3848927E+04   8.1743007E+02   1.3577589E+04   5.3109942E+06   5.3263318E+06   4.8884503E+06   0.0000000E+00   0.0000000E+00   0.0000000E+00   0.0000000E+00
   8.0689677E-03   5.2495919E+06   5.2495919E+06   2.1343510E+04   7.0290352E+02   1.2014134E+04   5.2341097E+06   5.2495919E+06   4.8177124E+06   0.0000000E+00   0.0000000E+00   0.0000000E+00   0.0000000E+00
   8.6709759E-03   5.1680643E+06   5.1680643E+06   1.7368712E+04   6.0335010E+02   1.0738230E+04   5.1524775E+06   5.1680643E+06   4.7425998E+06   0.0000000E+00   0.0000000E+00   0.0000000E+00   0.0000000E+00
   9.3178985E-03   5.0815714E+06   5.0815714E+06   1.5445987E+04   5.1731273E+02   9.4507889E+03   5.0659129E+06   5.0815714E+06   4.6629432E+06   0.0000000E+00   0.0000000E+00   0.0000000E+00   0.0000000E+00
   1.0013087E-02   4.9899327E+06   4.9899327E+06   1.2979773E+04   4.4245624E+02   8.4202867E+03   4.9742471E+06   4.9899327E+06   4.5785875E+06   0.0000000E+00   0.0000000E+00   0.0000000E+00   0.0000000E+00
   1.0760141E-02   4.8929758E+06   4.8929758E+06   1.0356120E+04   3.7797664E+02   7.4151966E+03   4.8773090E+06   4.8929758E+06   4.4893760E+06   0.0000000E+00   0.0000000E+00   0.0000000E+00   0.0000000E+00
   1.1562932E-02   4.7905358E+06   4.7905358E+06   9.6698740E+03   3.2223958E+02   6.5293014E+03   4.7749289E+06   4.7905358E+06   4.3951525E+06   0.0000000E+00   0.0000000E+00   0.0000000E+00   0.0000000E+00
   1.2425617E-02   4.6824550E+06   4.6824550E+06   7.9515636E+03   2.7412161E+02   5.7731164E+03   4.6669529E+06   4.6824550E+06   4.2957760E+06   0.0000000E+00   0.0000000E+00   0.0000000E+00   0.0000000E+00
   1.3352666E-02   4.5685942E+06   4.5685942E+06   6.3293552E+03   2.3273459E+02   5.0695348E+03   4.5532438E+06   4.5685942E+06   4.1911203E+06   0.0000000E+00   0.0000000E+00   0.0000000E+00   0.0000000E+00
   1.4348879E-02   4.4488394E+06   4.4488394E+06   5.3324382E+03   1.9718718E+02   4.4183540E+03   4.4336826E+06   4.4488394E+06   4.0810762E+06   0.0000000E+00   0.0000000E+00   0.0000000E+00   0.0000000E+00
   1.5419418E-02   4.3231098E+06   4.3231098E+06   4.5459246E+03   1.6663112E+02   3.8530619E+03   4.3081934E+06   4.3231098E+06   3.9655739E+06   0.0000000E+00   0.0000000E+00   0.0000000E+00   0.0000000E+00
   1.6569827E-02   4.1913791E+06   4.1913791E+06   3.8775173E+03   1.4047519E+02   3.3507395E+03   4.1767460E+06   4.1913791E+06   3.8445860E+06   0.0000000E+00   0.0000000E+00   0.0000000E+00   0.0000000E+00
   1.7806066E-02   4.0536888E+06   4.0536888E+06   3.2085606E+03   1.1808743E+02   2.9084918E+03   4.0393831E+06   4.0536888E+06   3.7181520E+06   0.0000000E+00   0.0000000E+00   0.0000000E+00   0.0000000E+00
   1.9134538E-02   3.9101772E+06   3.9101772E+06   2.6656215E+03   9.8986058E+01   2.5167448E+03   3.8962397E+06   3.9101772E+06   3.5863961E+06   0.0000000E+00   0.0000000E+00   0.0000000E+00   0.0000000E+00
   2.0562123E-02   3.7611056E+06   3.7611056E+06   2.2419588E+03   8.2720158E+01   2.1723951E+03   3.7475774E+06   3.7611056E+06   3.4495594E+06   0.0000000E+00   0.0000000E+00   0.0000000E+00   0.0000000E+00
   2.2096211E-02   3.6068948E+06   3.6068948E+06   1.9069887E+03   6.8907560E+01   1.8609412E+03   3.5938122E+06   3.6068948E+06   3.3080250E+06   0.0000000E+00   0.0000000E+00   0.0000000E+00   0.0000000E+00
   2.3744724E-02   3.4481621E+06   3.4481621E+06   1.5736620E+03   5.7212953E+01   1.5863107E+03   3.4355599E+06   3.4481621E+06   3.1623596E+06   0.0000000E+00   0.0000000E+00   0.0000000E+00   0.0000000E+00
   2.5516087E-02   3.2857652E+06   3.2857652E+06   1.2701912E+03   4.7337666E+01   1.3499856E+03   3.2736731E+06   3.2857652E+06   3.0133481E+06   0.0000000E+00   0.0000000E+00   0.0000000E+00   0.0000000E+00
   2.7419064E-02   3.1208508E+06   3.1208508E+06   1.0809240E+03   3.9033602E+01   1.1414503E+03   3.1092930E+06   3.1208508E+06   2.8620412E+06   0.0000000E+00   0.0000000E+00   0.0000000E+00   0.0000000E+00
   2.9462182E-02   2.9549156E+06   2.9549156E+06   8.7344058E+02   3.2082003E+01   9.6612945E+02   2.9439093E+06   2.9549156E+06   2.7098103E+06   0.0000000E+00   0.0000000E+00   0.0000000E+00   0.0000000E+00
   3.1652337E-02   2.7898819E+06   2.7898819E+06   6.9573482E+02   2.6298367E+01   8.1137521E+02   2.7794364E+06   2.7898819E+06   2.5584173E+06   0.0000000E+00   0.0000000E+00   0.0000000E+00   0.0000000E+00
   3.3991992E-02   2.6281712E+06   2.6281712E+06   5.6524046E+02   2.1521685E+01   6.7962638E+02   2.6182852E+06   2.6281712E+06   2.4100816E+06   0.0000000E+00   0.0000000E+00   0.0000000E+00   0.0000000E+00
   3.6474833E-02   2.4727027E+06   2.4727027E+06   4.6874915E+02   1.7615053E+01   5.6967800E+02   2.4633626E+06   2.4727027E+06   2.2674790E+06   0.0000000E+00   0.0000000E+00   0.0000000E+00   0.0000000E+00
   3.9081267E-02   2.3266709E+06   2.3266709E+06   3.9898955E+02   1.4458225E+01   4.7697310E+02   2.3178500E+06   2.3266709E+06   2.1335379E+06   0.0000000E+00   0.0000000E+00   0.0000000E+00   0.0000000E+00
   4.1777472E-02   2.1929835E+06   2.1929835E+06   3.2551657E+02   1.1939834E+01   3.9884997E+02   2.1846425E+06   2.1929835E+06   2.0109233E+06   0.0000000E+00   0.0000000E+00   0.0000000E+00   0.0000000E+00
   4.4521586E-02   2.0734963E+06   2.0734963E+06   2.5730279E+02   9.9496129E+00   3.3977703E+02   2.0655877E+06   2.0734963E+06   1.9013359E+06   0.0000000E+00   0.0000000E+00   0.0000000E+00   0.0000000E+00
   4.7275244E-02   1.9685086E+06   1.9685086E+06   2.2675554E+02   8.3834351E+00   2.9246902E+02   1.9609824E+06   1.9685086E+06   1.8050489E+06   0.0000000E+00   0.0000000E+00   0.0000000E+00   0.0000000E+00
   5.0012874E-02   1.8768735E+06   1.8768735E+06   1.9542779E+02   7.1459523E+00   2.5109368E+02   1.8696828E+06   1.8768735E+06   1.7210095E+06   0.0000000E+00   0.0000000E+00   0.0000000E+00   0.0000000E+00
   5.2723694E-02   1.7965617E+06   1.7965617E+06   1.6049458E+02   6.1573580E+00   2.1950800E+02   1.7896664E+06   1.7965617E+06   1.6473560E+06   0.0000000E+00   0.0000000E+00   0.0000000E+00   0.0000000E+00
   5.5408182E-02   1.7252566E+06   1.7252566E+06   1.4153857E+02   5.3554445E+00   1.9465912E+02   1.7186248E+06   1.7252566E+06   1.5819636E+06   0.0000000E+00   0.0000000E+00   0.0000000E+00   0.0000000E+00
   5.8073314E-02   1.6607414E+06   1.6607414E+06   1.2837291E+02   4.6942020E+00   1.7202654E+02   1.6543489E+06   1.6607414E+06   1.5227990E+06   0.0000000E+00   0.0000000E+00   0.0000000E+00   0.0000000E+00
   6.0728938E-02   1.6010781E+06   1.6010781E+06   1.1103656E+02   4.1394741E+00   1.5244520E+02   1.5949079E+06   1.6010781E+06   1.4680847E+06   0.0000000E+00   0.0000000E+00   0.0000000E+00   0.0000000E+00
   6.3385656E-02   1.5446641E+06   1.5446641E+06   9.5449001E+01   3.6667861E+00   1.3683868E+02   1.5387049E+06   1.5446641E+06   1.4163509E+06   0.0000000E+00   0.0000000E+00   0.0000000E+00   0.0000000E+00
   6.6053785E-02   1.4902341E+06   1.4902341E+06   8.6580838E+01   3.2584051E+00   1.2328577E+02   1.4844794E+06   1.4902341E+06   1.3664373E+06   0.0000000E+00   0.0000000E+00   0.0000000E+00   0.0000000E+00
   6.8742946E-02   1.4368456E+06   1.4368456E+06   7.8171275E+01   2.9015906E+00   1.1038755E+02   1.4312922E+06   1.4368456E+06   1.3174795E+06   0.0000000E+00   0.0000000E+00   0.0000000E+00   0.0000000E+00
   7.1461965E-02   1.3838613E+06   1.3838613E+06   6.9566599E+01   2.5868737E+00   9.9064264E+01   1.3785084E+06   1.3838613E+06   1.2688930E+06   0.0000000E+00   0.0000000E+00   0.0000000E+00   0.0000000E+00
   7.4218918E-02   1.3309309E+06   1.3309309E+06   6.1547013E+01   2.3074541E+00   8.8664422E+01   1.3257790E+06   1.3309309E+06   1.2203566E+06   0.0000000E+00   0.0000000E+00   0.0000000E+00   0.0000000E+00
   7.7021223E-02   1.2779717E+06   1.2779717E+06   5.3261974E+01   2.0582208E+00   8.0228811E+01   1.2730216E+06   1.2779717E+06   1.1717943E+06   0.0000000E+00   0.0000000E+00   0.0000000E+00   0.0000000E+00
   7.9875757E-02   1.2251431E+06   1.2251431E+06   5.0325136E+01   1.8355066E+00   7.1998062E+01   1.2203946E+06   1.2251431E+06   1.1233521E+06   0.0000000E+00   0.0000000E+00   0.0000000E+00   0.0000000E+00
   8.2788956E-02   1.1728115E+06   1.1728115E+06   4.2402129E+01   1.6364197E+00   6.4125456E+01   1.1682632E+06   1.1728115E+06   1.0753661E+06   0.0000000E+00   0.0000000E+00   0.0000000E+00   0.0000000E+00
   8.5766908E-02   1.1215045E+06   1.1215045E+06   3.9713021E+01   1.4587374E+00   5.8046454E+01   1.1171528E+06   1.1215045E+06   1.0283199E+06   0.0000000E+00   0.0000000E+00   0.0000000E+00   0.0000000E+00
   8.8815433E-02   1.0718506E+06   1.0718506E+06   3.3536825E+01   1.3006978E+00   5.1785506E+01   1.0676896E+06   1.0718506E+06   9.8278988E+05   0.0000000E+00   0.0000000E+00   0.0000000E+00   0.0000000E+00
   9.1940143E-02   1.0245084E+06   1.0245084E+06   3.1417678E+01   1.1606574E+00   4.6289986E+01   1.0205293E+06   1.0245084E+06   9.3937966E+05   0.0000000E+00   0.0000000E+00   0.0000000E+00   0.0000000E+00
   9.5146506E-02   9.8008541E+05   9.8008541E+05   2.7913604E+01   1.0370845E+00   4.2053224E+01   9.7627723E+05   9.8008541E+05   8.9864641E+05   0.0000000E+00   0.0000000E+00   0.0000000E+00   0.0000000E+00
   9.8439880E-02   9.3905575E+05   9.3905575E+05   2.4144094E+01   9.2851764E-01   3.7835150E+01   9.3540552E+05   9.3905575E+05   8.6102472E+05   0.0000000E+00   0.0000000E+00   0.0000000E+00   0.0000000E+00
   1.0182555E-01   9.0168292E+05   9.0168292E+05   2.1458835E+01   8.3336846E-01   3.3937071E+01   8.9817663E+05   9.0168292E+05   8.2675618E+05   0.0000000E+00   0.0000000E+00   0.0000000E+00   0.0000000E+00
   1.0530878E-01   8.6796017E+05   8.6796017E+05   1.9356445E+01   7.5002078E-01   3.0624079E+01   8.6458381E+05   8.6796017E+05   7.9583459E+05   0.0000000E+00   0.0000000E+00   0.0000000E+00   0.0000000E+00
   1.0889479E-01   8.3757942E+05   8.3757942E+05   1.7477719E+01   6.7682782E-01   2.7824254E+01   8.3432015E+05   8.3757942E+05   7.6797742E+05   0.0000000E+00   0.0000000E+00   0.0000000E+00   0.0000000E+00
   1.1258882E-01   8.0993958E+05   8.0993958E+05   1.5976330E+01   6.1215632E-01   2.5409772E+01   8.0678688E+05   8.0993958E+05   7.4263353E+05   0.0000000E+00   0.0000000E+00   0.0000000E+00   0.0000000E+00
   1.1639612E-01   7.8420138E+05   7.8420138E+05   1.4685510E+01   5.5446266E-01   2.3123228E+01   7.8114796E+05   7.8420138E+05   7.1903335E+05   0.0000000E+00   0.0000000E+00   0.0000000E+00   0.0000000E+00
   1.2032198E-01   7.5938943E+05   7.5938943E+05   1.3354469E+01   5.0237831E-01   2.1069902E+01   7.5643179E+05   7.5938943E+05   6.9628255E+05   0.0000000E+00   0.0000000E+00   0.0000000E+00   0.0000000E+00
   1.2437173E-01   7.3453338E+05   7.3453338E+05   1.2191705E+01   4.5476335E-01   1.8994910E+01   7.3167181E+05   7.3453338E+05   6.7349141E+05   0.0000000E+00   0.0000000E+00   0.0000000E+00   0.0000000E+00
   1.2855073E-01   7.0882971E+05   7.0882971E+05   1.0761367E+01   4.1077838E-01   1.7451990E+01   7.0606759E+05   7.0882971E+05   6.4992317E+05   0.0000000E+00   0.0000000E+00   0.0000000E+00   0.0000000E+00
   1.3286442E-01   6.8179578E+05   6.8179578E+05   9.7369812E+00   3.6992087E-01   1.5550084E+01   6.7913839E+05   6.8179578E+05   6.2513531E+05   0.0000000E+00   0.0000000E+00   0.0000000E+00   0.0000000E+00
   1.3731828E-01   6.5338175E+05   6.5338175E+05   8.9935298E+00   3.3196049E-01   1.4074473E+01   6.5083455E+05   6.5338175E+05   5.9908212E+05   0.0000000E+00   0.0000000E+00   0.0000000E+00   0.0000000E+00
   1.4191786E-01   6.2400618E+05   6.2400618E+05   8.0390045E+00   2.9691594E-01   1.2716145E+01   6.2157300E+05   6.2400618E+05   5.7214736E+05   0.0000000E+00   0.0000000E+00   0.0000000E+00   0.0000000E+00
   1.4666880E-01   5.9449101E+05   5.9449101E+05   7.1680936E+00   2.6494187E-01   1.1380543E+01   5.9217246E+05   5.9449101E+05   5.4508467E+05   0.0000000E+00   0.0000000E+00   0.0000000E+00   0.0000000E+00
   1.5157678E-01   5.6589200E+05   5.6589200E+05   6.3577510E+00   2.3621216E-01   1.0104601E+01   5.6368459E+05   5.6589200E+05   5.1886208E+05   0.0000000E+00   0.0000000E+00   0.0000000E+00   0.0000000E+00
   1.5664760E-01   5.3924872E+05   5.3924872E+05   5.4948023E+00   2.1080798E-01   9.0658879E+00   5.3714488E+05   5.3924872E+05   4.9443273E+05   0.0000000E+00   0.0000000E+00   0.0000000E+00   0.0000000E+00
   1.6188712E-01   5.1530835E+05   5.1530835E+05   5.0111689E+00   1.8864120E-01   8.1988072E+00   5.1329758E+05   5.1530835E+05   4.7248170E+05   0.0000000E+00   0.0000000E+00   0.0000000E+00   0.0000000E+00
   1.6730131E-01   4.9429987E+05   4.9429987E+05   4.5116724E+00   1.6942150E-01   7.3496342E+00   4.9237078E+05   4.9429987E+05   4.5321894E+05   0.0000000E+00   0.0000000E+00   0.0000000E+00   0.0000000E+00
   1.7289626E-01   4.7583766E+05   4.7583766E+05   4.0415130E+00   1.5268189E-01   6.7120970E+00   4.7398036E+05   4.7583766E+05   4.3629087E+05   0.0000000E+00   0.0000000E+00   0.0000000E+00   0.0000000E+00
   1.7867816E-01   4.5900871E+05   4.5900871E+05   3.5961521E+00   1.3787440E-01   6.0668141E+00   4.5721685E+05   4.5900871E+05   4.2086035E+05   0.0000000E+00   0.0000000E+00   0.0000000E+00   0.0000000E+00
   1.8465335E-01   4.4264394E+05   4.4264394E+05   3.2628842E+00   1.2447042E-01   5.5035530E+00   4.4091574E+05   4.4264394E+05   4.0585546E+05   0.0000000E+00   0.0000000E+00   0.0000000E+00   0.0000000E+00
   1.9082836E-01   4.2570455E+05   4.2570455E+05   2.9989000E+00   1.1207843E-01   4.9693667E+00   4.2404229E+05   4.2570455E+05   3.9032373E+05   0.0000000E+00   0.0000000E+00   0.0000000E+00   0.0000000E+00
   1.9720986E-01   4.0765304E+05   4.0765304E+05   2.6550247E+00   1.0050195E-01   4.4123323E+00   4.0606109E+05   4.0765304E+05   3.7377234E+05   0.0000000E+00   0.0000000E+00   0.0000000E+00   0.0000000E+00
   2.0380477E-01   3.8865710E+05   3.8865710E+05   2.3953717E+00   8.9737643E-02   3.9976906E+00   3.8713917E+05   3.8865710E+05   3.5635504E+05   0.0000000E+00   0.0000000E+00   0.0000000E+00   0.0000000E+00
   2.1062025E-01   3.6951734E+05   3.6951734E+05   2.1074205E+00   7.9908318E-02   3.5569897E+00   3.6807401E+05   3.6951734E+05   3.3880589E+05   0.0000000E+00   0.0000000E+00   0.0000000E+00   0.0000000E+00
   2.1766374E-01   3.5131599E+05   3.5131599E+05   1.8856058E+00   7.1151265E-02   3.1586527E+00   3.4994363E+05   3.5131599E+05   3.2211718E+05   0.0000000E+00   0.0000000E+00   0.0000000E+00   0.0000000E+00
   2.2494303E-01   3.3491882E+05   3.3491882E+05   1.6718632E+00   6.3517170E-02   2.8227665E+00   3.3361039E+05   3.3491882E+05   3.0708271E+05   0.0000000E+00   0.0000000E+00   0.0000000E+00   0.0000000E+00
   2.3246631E-01   3.2056036E+05   3.2056036E+05   1.4965751E+00   5.6919039E-02   2.5671687E+00   3.1930793E+05   3.2056036E+05   2.9391754E+05   0.0000000E+00   0.0000000E+00   0.0000000E+00   0.0000000E+00
   2.4024220E-01   3.0773644E+05   3.0773644E+05   1.3542302E+00   5.1154255E-02   2.2864658E+00   3.0653401E+05   3.0773644E+05   2.8215937E+05   0.0000000E+00   0.0000000E+00   0.0000000E+00   0.0000000E+00
   2.4827988E-01   2.9548992E+05   2.9548992E+05   1.2267800E+00   4.5983511E-02   2.0688817E+00   2.9433526E+05   2.9548992E+05   2.7093062E+05   0.0000000E+00   0.0000000E+00   0.0000000E+00   0.0000000E+00
   2.5658911E-01   2.8295630E+05   2.8295630E+05   1.0934690E+00   4.1226267E-02   1.8628852E+00   2.8185054E+05   2.8295630E+05   2.5943865E+05   0.0000000E+00   0.0000000E+00   0.0000000E+00   0.0000000E+00
   2.6518037E-01   2.6985628E+05   2.6985628E+05   9.7923422E-01   3.6815272E-02   1.6689087E+00   2.6880165E+05   2.6985628E+05   2.4742736E+05   0.0000000E+00   0.0000000E+00   0.0000000E+00   0.0000000E+00
   2.7406495E-01   2.5661801E+05   2.5661801E+05   8.6054804E-01   3.2781944E-02   1.4862536E+00   2.5561505E+05   2.5661801E+05   2.3528932E+05   0.0000000E+00   0.0000000E+00   0.0000000E+00   0.0000000E+00
   2.8325507E-01   2.4402918E+05   2.4402918E+05   7.7330940E-01   2.9187593E-02   1.3234443E+00   2.4307537E+05   2.4402918E+05   2.2374676E+05   0.0000000E+00   0.0000000E+00   0.0000000E+00   0.0000000E+00
   2.9276403E-01   2.3264753E+05   2.3264753E+05   6.8832316E-01   2.6048543E-02   1.1823960E+00   2.3173815E+05   2.3264753E+05   2.1331105E+05   0.0000000E+00   0.0000000E+00   0.0000000E+00   0.0000000E+00
   3.0260638E-01   2.2240252E+05   2.2240252E+05   6.1517543E-01   2.3306070E-02   1.0657807E+00   2.2153315E+05   2.2240252E+05   2.0391751E+05   0.0000000E+00   0.0000000E+00   0.0000000E+00   0.0000000E+00
   3.1279813E-01   2.1270398E+05   2.1270398E+05   5.5280941E-01   2.0859199E-02   9.5828306E-01   2.1187248E+05   2.1270398E+05   1.9502503E+05   0.0000000E+00   0.0000000E+00   0.0000000E+00   0.0000000E+00
   3.2335692E-01   2.0297040E+05   2.0297040E+05   4.9199934E-01   1.8626128E-02   8.5815578E-01   2.0217691E+05   2.0297040E+05   1.8610043E+05   0.0000000E+00   0.0000000E+00   0.0000000E+00   0.0000000E+00
   3.3430235E-01   1.9311342E+05   1.9311342E+05   4.4016340E-01   1.6581537E-02   7.6325494E-01   1.9235843E+05   1.9311342E+05   1.7706268E+05   0.0000000E+00   0.0000000E+00   0.0000000E+00   0.0000000E+00
   3.4565627E-01   1.8353296E+05   1.8353296E+05   3.8908552E-01   1.4741959E-02   6.7995040E-01   1.8281540E+05   1.8353296E+05   1.6827848E+05   0.0000000E+00   0.0000000E+00   0.0000000E+00   0.0000000E+00
   3.5744316E-01   1.7464166E+05   1.7464166E+05   3.4679372E-01   1.3118117E-02   6.0501680E-01   1.7395883E+05   1.7464166E+05   1.6012616E+05   0.0000000E+00   0.0000000E+00   0.0000000E+00   0.0000000E+00
   3.6969058E-01   1.6642579E+05   1.6642579E+05   3.0804181E-01   1.1685936E-02   5.4095004E-01   1.6577507E+05   1.6642579E+05   1.5259314E+05   0.0000000E+00   0.0000000E+00   0.0000000E+00   0.0000000E+00
   3.8242974E-01   1.5851747E+05   1.5851747E+05   2.7482927E-01   1.0401103E-02   4.8017083E-01   1.5789764E+05   1.5851747E+05   1.4534211E+05   0.0000000E+00   0.0000000E+00   0.0000000E+00   0.0000000E+00
   3.9569617E-01   1.5066263E+05   1.5066263E+05   2.4391443E-01   9.2343199E-03   4.2977079E-01   1.5007350E+05   1.5066263E+05   1.3814012E+05   0.0000000E+00   0.0000000E+00   0.0000000E+00   0.0000000E+00
   4.0953052E-01   1.4298543E+05   1.4298543E+05   2.1648856E-01   8.1820750E-03   3.8274875E-01   1.4242631E+05   1.4298543E+05   1.3110101E+05   0.0000000E+00   0.0000000E+00   0.0000000E+00   0.0000000E+00
   4.2397964E-01   1.3572670E+05   1.3572670E+05   1.9181616E-01   7.2464428E-03   3.3763452E-01   1.3519594E+05   1.3572670E+05   1.2444557E+05   0.0000000E+00   0.0000000E+00   0.0000000E+00   0.0000000E+00
   4.3909780E-01   1.2886845E+05   1.2886845E+05   1.6966249E-01   6.4146028E-03   2.9915938E-01   1.2836450E+05   1.2886845E+05   1.1815735E+05   0.0000000E+00   0.0000000E+00   0.0000000E+00   0.0000000E+00
   4.5494837E-01   1.2220245E+05   1.2220245E+05   1.4985793E-01   5.6663175E-03   2.6588654E-01   1.2172456E+05   1.2220245E+05   1.1204539E+05   0.0000000E+00   0.0000000E+00   0.0000000E+00   0.0000000E+00
   4.7160581E-01   1.1567670E+05   1.1567670E+05   1.3202770E-01   4.9917110E-03   2.3403391E-01   1.1522431E+05   1.1567670E+05   1.0606203E+05   0.0000000E+00   0.0000000E+00   0.0000000E+00   0.0000000E+00
   4.8915830E-01   1.0940984E+05   1.0940984E+05   1.1601179E-01   4.3885075E-03   2.0667466E-01   1.0898195E+05   1.0940984E+05   1.0031604E+05   0.0000000E+00   0.0000000E+00   0.0000000E+00   0.0000000E+00
   5.0771108E-01   1.0340651E+05   1.0340651E+05   1.0179248E-01   3.8501392E-03   1.8125907E-01   1.0300209E+05   1.0340651E+05   9.4811680E+04   0.0000000E+00   0.0000000E+00   0.0000000E+00   0.0000000E+00
   5.2739073E-01   9.7559350E+04   9.7559350E+04   8.8981356E-02   3.3664224E-03   1.5877511E-01   9.7177792E+04   9.7559350E+04   8.9450514E+04   0.0000000E+00   0.0000000E+00   0.0000000E+00   0.0000000E+00
   5.4835078E-01   9.1868991E+04   9.1868991E+04   7.7506483E-02   2.9324202E-03   1.3865452E-01   9.1509682E+04   9.1868991E+04   8.4233115E+04   0.0000000E+00   0.0000000E+00   0.0000000E+00   0.0000000E+00
   5.7077877E-01   8.6367748E+04   8.6367748E+04   6.7258663E-02   2.5444623E-03   1.1949814E-01   8.6029949E+04   8.6367748E+04   7.9189113E+04   0.0000000E+00   0.0000000E+00   0.0000000E+00   0.0000000E+00
   5.9490544E-01   8.1002814E+04   8.1002814E+04   5.8057685E-02   2.1967578E-03   1.0407304E-01   8.0685992E+04   8.1002814E+04   7.4270091E+04   0.0000000E+00   0.0000000E+00   0.0000000E+00   0.0000000E+00
   6.2101605E-01   7.5762441E+04   7.5762441E+04   4.9830148E-02   1.8855234E-03   8.9401173E-02   7.5466111E+04   7.5762441E+04   6.9465279E+04   0.0000000E+00   0.0000000E+00   0.0000000E+00   0.0000000E+00
   6.4946399E-01   7.0646718E+04   7.0646718E+04   4.2485156E-02   1.6075743E-03   7.5972613E-02   7.0370392E+04   7.0646718E+04   6.4774756E+04   0.0000000E+00   0.0000000E+00   0.0000000E+00   0.0000000E+00
   6.8068564E-01   6.5629311E+04   6.5629311E+04   3.5927707E-02   1.3595632E-03   6.4341279E-02   6.5372606E+04   6.5629311E+04   6.0174379E+04   0.0000000E+00   0.0000000E+00   0.0000000E+00   0.0000000E+00
   7.1521345E-01   6.0710088E+04   6.0710088E+04   3.0103283E-02   1.1391522E-03   5.4503229E-02   6.0472621E+04   6.0710088E+04   5.5664025E+04   0.0000000E+00   0.0000000E+00   0.0000000E+00   0.0000000E+00
   7.5368023E-01   5.5881746E+04   5.5881746E+04   2.4952079E-02   9.4426863E-04   4.4753743E-02   5.5663161E+04   5.5881746E+04   5.1236999E+04   0.0000000E+00   0.0000000E+00   0.0000000E+00   0.0000000E+00
   7.9680212E-01   5.1153631E+04   5.1153631E+04   2.0435288E-02   7.7335554E-04   3.6658105E-02   5.0953539E+04   5.1153631E+04   4.6901871E+04   0.0000000E+00   0.0000000E+00   0.0000000E+00   0.0000000E+00
   8.4532323E-01   4.6547076E+04   4.6547076E+04   1.6521498E-02   6.2524590E-04   3.0026814E-02   4.6364999E+04   4.6547076E+04   4.2678198E+04   0.0000000E+00   0.0000000E+00   0.0000000E+00   0.0000000E+00
   8.9991296E-01   4.2101649E+04   4.2101649E+04   1.3185434E-02   4.9900750E-04   2.3786584E-02   4.1936959E+04   4.2101649E+04   3.8602262E+04   0.0000000E+00   0.0000000E+00   0.0000000E+00   0.0000000E+00
   9.6104159E-01   3.7870559E+04   3.7870559E+04   1.0399370E-02   3.9357999E-04   1.8674850E-02   3.7722419E+04   3.7870559E+04   3.4722849E+04   0.0000000E+00   0.0000000E+00   0.0000000E+00   0.0000000E+00
   1.0289086E+00   3.3908618E+04   3.3908618E+04   8.1234419E-03   3.0744788E-04   1.4837216E-02   3.3775974E+04   3.3908618E+04   3.1090213E+04   0.0000000E+00   0.0000000E+00   0.0000000E+00   0.0000000E+00
   1.1034969E+00   3.0258385E+04   3.0258385E+04   6.3020445E-03   2.3851948E-04   1.1504361E-02   3.0140019E+04   3.0258385E+04   2.7743378E+04   0.0000000E+00   0.0000000E+00   0.0000000E+00   0.0000000E+00
   1.1847319E+00   2.6940575E+04   2.6940575E+04   4.8678709E-03   1.8424309E-04   8.8112416E-03   2.6835187E+04   2.6940575E+04   2.4701336E+04   0.0000000E+00   0.0000000E+00   0.0000000E+00   0.0000000E+00
   1.2726352E+00   2.3952406E+04   2.3952406E+04   3.7507355E-03   1.4196208E-04   6.7944425E-03   2.3858707E+04   2.3952406E+04   2.1961537E+04   0.0000000E+00   0.0000000E+00   0.0000000E+00   0.0000000E+00
   1.3673922E+00   2.1275831E+04   2.1275831E+04   2.8918791E-03   1.0922782E-04   5.3138280E-03   2.1192602E+04   2.1275831E+04   1.9507432E+04   0.0000000E+00   0.0000000E+00   0.0000000E+00   0.0000000E+00
   1.4693440E+00   1.8885869E+04   1.8885869E+04   2.2187055E-03   8.3971070E-05   4.0397275E-03   1.8811989E+04   1.8885869E+04   1.7316118E+04   0.0000000E+00   0.0000000E+00   0.0000000E+00   0.0000000E+00
   1.5789485E+00   1.6755047E+04   1.6755047E+04   1.7044743E-03   6.4514199E-05   3.0786686E-03   1.6689502E+04   1.6755047E+04   1.5362404E+04   0.0000000E+00   0.0000000E+00   0.0000000E+00   0.0000000E+00
   1.6967452E+00   1.4857352E+04   1.4857352E+04   1.3088047E-03   4.9540282E-05   2.4347330E-03   1.4799230E+04   1.4857352E+04   1.3622441E+04   0.0000000E+00   0.0000000E+00   0.0000000E+00   0.0000000E+00
   1.8233345E+00   1.3168360E+04   1.3168360E+04   1.0045176E-03   3.8024120E-05   1.8188782E-03   1.3116846E+04   1.3168360E+04   1.2073835E+04   0.0000000E+00   0.0000000E+00   0.0000000E+00   0.0000000E+00
   1.9593693E+00   1.1666156E+04   1.1666156E+04   7.7063361E-04   2.9171747E-05   1.4276973E-03   1.1620518E+04   1.1666156E+04   1.0696490E+04   0.0000000E+00   0.0000000E+00   0.0000000E+00   0.0000000E+00
   2.1055535E+00   1.0330800E+04   1.0330800E+04   5.9094922E-04   2.2370633E-05   1.0904635E-03   1.0290386E+04   1.0330800E+04   9.4721263E+03   0.0000000E+00   0.0000000E+00   0.0000000E+00   0.0000000E+00
   2.2626443E+00   9.1444399E+03   9.1444399E+03   4.5297370E-04   1.7148001E-05   8.1393810E-04   9.1086667E+03   9.1444399E+03   8.3843738E+03   0.0000000E+00   0.0000000E+00   0.0000000E+00   0.0000000E+00
   2.4314552E+00   8.0910195E+03   8.0910195E+03   3.4706664E-04   1.3139239E-05   6.5899070E-04   8.0593673E+03   8.0910195E+03   7.4185114E+03   0.0000000E+00   0.0000000E+00   0.0000000E+00   0.0000000E+00
   2.6128608E+00   7.1561167E+03   7.1561167E+03   2.6568097E-04   1.0063724E-05   4.9281246E-04   7.1281218E+03   7.1561167E+03   6.5613156E+03   0.0000000E+00   0.0000000E+00   0.0000000E+00   0.0000000E+00
   2.8078007E+00   6.3268127E+03   6.3268127E+03   2.0339904E-04   7.7051939E-06   3.7227794E-04   6.3020620E+03   6.3268127E+03   5.8009415E+03   0.0000000E+00   0.0000000E+00   0.0000000E+00   0.0000000E+00
   3.0172846E+00   5.5915358E+03   5.5915358E+03   1.5578110E-04   5.8972440E-06   2.7990907E-04   5.5696615E+03   5.5915358E+03   5.1267793E+03   0.0000000E+00   0.0000000E+00   0.0000000E+00   0.0000000E+00
   3.2423977E+00   4.9399289E+03   4.9399289E+03   1.1917152E-04   4.5119023E-06   2.1855087E-04   4.9206037E+03   4.9399289E+03   4.5293325E+03   0.0000000E+00   0.0000000E+00   0.0000000E+00   0.0000000E+00
   3.4843059E+00   4.3627307E+03   4.3627307E+03   9.1137333E-05   3.4508131E-06   1.7106600E-04   4.3456635E+03   4.3627307E+03   4.0001098E+03   0.0000000E+00   0.0000000E+00   0.0000000E+00   0.0000000E+00
   3.7442624E+00   3.8516670E+03   3.8516670E+03   6.9675312E-05   2.6384042E-06   1.2970990E-04   3.8365991E+03   3.8516670E+03   3.5315246E+03   0.0000000E+00   0.0000000E+00   0.0000000E+00   0.0000000E+00
   4.0236137E+00   3.3993511E+03   3.3993511E+03   5.3256590E-05   2.0166145E-06   8.8059948E-05   3.3860527E+03   3.3993511E+03   3.1168043E+03   0.0000000E+00   0.0000000E+00   0.0000000E+00   0.0000000E+00
   4.3238068E+00   2.9991933E+03   2.9991933E+03   4.0687086E-05   1.5408789E-06   7.7750312E-05   2.9874603E+03   2.9991933E+03   2.7499067E+03   0.0000000E+00   0.0000000E+00   0.0000000E+00   0.0000000E+00
   4.6463966E+00   2.6453188E+03   2.6453188E+03   3.1074618E-05   1.1770255E-06   6.0612104E-05   2.6349701E+03   2.6453188E+03   2.4254455E+03   0.0000000E+00   0.0000000E+00   0.0000000E+00   0.0000000E+00
   4.9930542E+00   2.3324941E+03   2.3324941E+03   2.3728272E-05   8.9883544E-07   4.3150125E-05   2.3233692E+03   2.3324941E+03   2.1386221E+03   0.0000000E+00   0.0000000E+00   0.0000000E+00   0.0000000E+00
   5.3655751E+00   2.0560599E+03   2.0560599E+03   1.8108756E-05   6.8620580E-07   3.2467548E-05   2.0480165E+03   2.0560599E+03   1.8851646E+03   0.0000000E+00   0.0000000E+00   0.0000000E+00   0.0000000E+00
   5.7658890E+00   1.8118708E+03   1.8118708E+03   1.3822245E-05   5.2373760E-07   2.6616975E-05   1.8047827E+03   1.8118708E+03   1.6612719E+03   0.0000000E+00   0.0000000E+00   0.0000000E+00   0.0000000E+00
   6.1960695E+00   1.5962406E+03   1.5962406E+03   1.0544703E-05   3.9963488E-07   2.1730534E-05   1.5899960E+03   1.5962406E+03   1.4635645E+03   0.0000000E+00   0.0000000E+00   0.0000000E+00   0.0000000E+00
   6.6583448E+00   1.4058935E+03   1.4058935E+03   8.0445098E-06   3.0486567E-07   1.2989329E-05   1.4003936E+03   1.4058935E+03   1.2890386E+03   0.0000000E+00   0.0000000E+00   0.0000000E+00   0.0000000E+00
   7.1551094E+00   1.2379201E+03   1.2379201E+03   6.1325192E-06   2.3251620E-07   1.2138633E-05   1.2330773E+03   1.2379201E+03   1.1350268E+03   0.0000000E+00   0.0000000E+00   0.0000000E+00   0.0000000E+00
   7.6889366E+00   1.0897376E+03   1.0897376E+03   4.6746386E-06   1.7729791E-07   8.8063380E-06   1.0854745E+03   1.0897376E+03   9.9916091E+02   0.0000000E+00   0.0000000E+00   0.0000000E+00   0.0000000E+00
   8.2625915E+00   9.5905460E+02   9.5905460E+02   3.5622446E-06   1.3516524E-07   5.2780346E-06   9.5530271E+02   9.5905460E+02   8.7934000E+02   0.0000000E+00   0.0000000E+00   0.0000000E+00   0.0000000E+00
   8.8790455E+00   8.4383900E+02   8.4383900E+02   2.7147663E-06   1.0302490E-07   3.9181213E-06   8.4053785E+02   8.4383900E+02   7.7370088E+02   0.0000000E+00   0.0000000E+00   0.0000000E+00   0.0000000E+00
   9.5414918E+00   7.4228967E+02   7.4228967E+02   2.0685589E-06   7.8512980E-08   4.3546164E-06   7.3938579E+02   7.4228967E+02   6.8059212E+02   0.0000000E+00   0.0000000E+00   0.0000000E+00   0.0000000E+00
   1.0253362E+01   6.5281086E+02   6.5281086E+02   1.5748346E-06   5.9823283E-08   2.5723732E-06   6.5025703E+02   6.5281086E+02   5.9855060E+02   0.0000000E+00   0.0000000E+00   0.0000000E+00   0.0000000E+00
