#           k/h    CDM            baryon         photon         nu             mass_nu        total          no_nu          total_de       Weyl           v_CDM          v_b            v_b-v_c     
   1.1006498E-05   6.3785151E+06   6.3785151E+06   8.5033992E+06   6.6886907E+04   4.9490514E+05   6.3786538E+06   6.3785151E+06   5.7968810E+06   0.0000000E+00   0.0000000E+00   0.0000000E+00   0.0000000E+00
   1.1827669E-05   6.3785136E+06   6.3785136E+06   8.5031978E+06   6.6886365E+04   4.9490024E+05   6.3786522E+06   6.3785136E+06   5.7968795E+06   0.0000000E+00   0.0000000E+00   0.0000000E+00   0.0000000E+00
   1.2710106E-05   6.3785118E+06   6.3785118E+06   8.5029653E+06   6.6885738E+04   4.9489459E+05   6.3786503E+06   6.3785118E+06   5.7968777E+06   0.0000000E+00   0.0000000E+00   0.0000000E+00   0.0000000E+00
   1.3658379E-05   6.3785097E+06   6.3785097E+06   8.5026968E+06   6.6885014E+04   4.9488805E+05   6.3786481E+06   6.3785097E+06   5.7968757E+06   0.0000000E+00   0.0000000E+00   0.0000000E+00   0.0000000E+00
   1.4677401E-05   6.3785073E+06   6.3785073E+06   8.5023868E+06   6.6884178E+04   4.9488051E+05   6.3786456E+06   6.3785073E+06   5.7968733E+06   0.0000000E+00   0.0000000E+00   0.0000000E+00   0.0000000E+00
   1.5772450E-05   6.3785046E+06   6.3785046E+06   8.5020288E+06   6.6883212E+04   4.9487180E+05   6.3786427E+06   6.3785046E+06   5.7968706E+06   0.0000000E+00   0.0000000E+00   0.0000000E+00   0.0000000E+00
   1.6949198E-05   6.3785014E+06   6.3785014E+06   8.5016154E+06   6.6882097E+04   4.9486174E+05   6.3786393E+06   6.3785014E+06   5.7968675E+06   0.0000000E+00   0.0000000E+00   0.0000000E+00   0.0000000E+00
   1.8213741E-05   6.3784977E+06   6.3784977E+06   8.5011380E+06   6.6880810E+04   4.9485012E+05   6.3786354E+06   6.3784977E+06   5.7968638E+06   0.0000000E+00   0.0000000E+00   0.0000000E+00   0.0000000E+00
   1.9572629E-05   6.3784935E+06   6.3784935E+06   8.5005868E+06   6.6879324E+04   4.9483670E+05   6.3786309E+06   6.3784935E+06   5.7968596E+06   0.0000000E+00   0.0000000E+00   0.0000000E+00   0.0000000E+00
   2.1032900E-05   6.3784886E+06   6.3784886E+06   8.4999503E+06   6.6877607E+04   4.9482121E+05   6.3786257E+06   6.3784886E+06   5.7968548E+06   0.0000000E+00   0.0000000E+00   0.0000000E+00   0.0000000E+00
   2.2602119E-05   6.3784830E+06   6.3784830E+06   8.4992153E+06   6.6875625E+04   4.9480333E+05   6.3786197E+06   6.3784830E+06   5.7968492E+06   0.0000000E+00   0.0000000E+00   0.0000000E+00   0.0000000E+00
   2.4288414E-05   6.3784764E+06   6.3784764E+06   8.4983666E+06   6.6873336E+04   4.9478267E+05   6.3786128E+06   6.3784764E+06   5.7968428E+06   0.0000000E+00   0.0000000E+00   0.0000000E+00   0.0000000E+00
   2.6100520E-05   6.3784689E+06   6.3784689E+06   8.4973867E+06   6.6870693E+04   4.9475882E+05   6.3786049E+06   6.3784689E+06   5.7968353E+06   0.0000000E+00   0.0000000E+00   0.0000000E+00   0.0000000E+00
   2.8047823E-05   6.3784602E+06   6.3784602E+06   8.4962552E+06   6.6867641E+04   4.9473128E+05   6.3785956E+06   6.3784602E+06   5.7968267E+06   0.0000000E+00   0.0000000E+00   0.0000000E+00   0.0000000E+00
   3.0140411E-05   6.3784501E+06   6.3784501E+06   8.4949488E+06   6.6864117E+04   4.9469948E+05   6.3785850E+06   6.3784501E+06   5.7968167E+06   0.0000000E+00   0.0000000E+00   0.0000000E+00   0.0000000E+00
   3.2389121E-05   6.3784385E+06   6.3784385E+06   8.4934405E+06   6.6860048E+04   4.9466277E+05   6.3785727E+06   6.3784385E+06   5.7968053E+06   0.0000000E+00   0.0000000E+00   0.0000000E+00   0.0000000E+00
   3.4805603E-05   6.3784251E+06   6.3784251E+06   8.4916989E+06   6.6855349E+04   4.9462037E+05   6.3785585E+06   6.3784251E+06   5.7967920E+06   0.0000000E+00   0.0000000E+00   0.0000000E+00   0.0000000E+00
   3.7402374E-05   6.3784097E+06   6.3784097E+06   8.4896883E+06   6.6849924E+04   4.9457142E+05   6.3785421E+06   6.3784097E+06   5.7967767E+06   0.0000000E+00   0.0000000E+00   0.0000000E+00   0.0000000E+00
   4.0192884E-05   6.3783918E+06   6.3783918E+06   8.4873670E+06   6.6843660E+04   4.9451490E+05   6.3785232E+06   6.3783918E+06   5.7967590E+06   0.0000000E+00   0.0000000E+00   0.0000000E+00   0.0000000E+00
   4.3191587E-05   6.3783712E+06   6.3783712E+06   8.4846871E+06   6.6836427E+04   4.9444964E+05   6.3785014E+06   6.3783712E+06   5.7967386E+06   0.0000000E+00   0.0000000E+00   0.0000000E+00   0.0000000E+00
   4.6414018E-05   6.3783473E+06   6.3783473E+06   8.4815935E+06   6.6828077E+04   4.9437429E+05   6.3784761E+06   6.3783473E+06   5.7967150E+06   0.0000000E+00   0.0000000E+00   0.0000000E+00   0.0000000E+00
   4.9876867E-05   6.3783198E+06   6.3783198E+06   8.4780224E+06   6.6818435E+04   4.9428731E+05   6.3784470E+06   6.3783198E+06   5.7966878E+06   0.0000000E+00   0.0000000E+00   0.0000000E+00   0.0000000E+00
   5.3598072E-05   6.3782881E+06   6.3782881E+06   8.4739003E+06   6.6807304E+04   4.9418689E+05   6.3784134E+06   6.3782881E+06   5.7966564E+06   0.0000000E+00   0.0000000E+00   0.0000000E+00   0.0000000E+00
   5.7596907E-05   6.3782514E+06   6.3782514E+06   8.4691426E+06   6.6794453E+04   4.9407096E+05   6.3783745E+06   6.3782514E+06   5.7966201E+06   0.0000000E+00   0.0000000E+00   0.0000000E+00   0.0000000E+00
   6.1894088E-05   6.3782090E+06   6.3782090E+06   8.4636516E+06   6.6779617E+04   4.9393713E+05   6.3783297E+06   6.3782090E+06   5.7965782E+06   0.0000000E+00   0.0000000E+00   0.0000000E+00   0.0000000E+00
   6.6511871E-05   6.3781601E+06   6.3781601E+06   8.4573150E+06   6.6762491E+04   4.9378265E+05   6.3782779E+06   6.3781601E+06   5.7965299E+06   0.0000000E+00   0.0000000E+00   0.0000000E+00   0.0000000E+00
   7.1474177E-05   6.3781037E+06   6.3781037E+06   8.4500032E+06   6.6742722E+04   4.9360435E+05   6.3782182E+06   6.3781037E+06   5.7964740E+06   0.0000000E+00   0.0000000E+00   0.0000000E+00   0.0000000E+00
   7.6806710E-05   6.3780385E+06   6.3780385E+06   8.4415673E+06   6.6719904E+04   4.9339857E+05   6.3781492E+06   6.3780385E+06   5.7964096E+06   0.0000000E+00   0.0000000E+00   0.0000000E+00   0.0000000E+00
   8.2537092E-05   6.3779633E+06   6.3779633E+06   8.4318356E+06   6.6693567E+04   4.9316108E+05   6.3780695E+06   6.3779633E+06   5.7963352E+06   0.0000000E+00   0.0000000E+00   0.0000000E+00   0.0000000E+00
   8.8695005E-05   6.3778764E+06   6.3778764E+06   8.4206110E+06   6.6663173E+04   4.9288703E+05   6.3779775E+06   6.3778764E+06   5.7962492E+06   0.0000000E+00   0.0000000E+00   0.0000000E+00   0.0000000E+00
   9.5312347E-05   6.3777762E+06   6.3777762E+06   8.4076668E+06   6.6628099E+04   4.9257083E+05   6.3778713E+06   6.3777762E+06   5.7961501E+06   0.0000000E+00   0.0000000E+00   0.0000000E+00   0.0000000E+00
   1.0242339E-04   6.3776604E+06   6.3776604E+06   8.3927428E+06   6.6587629E+04   4.9220605E+05   6.3777488E+06   6.3776604E+06   5.7960356E+06   0.0000000E+00   0.0000000E+00   0.0000000E+00   0.0000000E+00
   1.1006498E-04   6.3775268E+06   6.3775268E+06   8.3755403E+06   6.6540939E+04   4.9178528E+05   6.3776073E+06   6.3775268E+06   5.7959035E+06   0.0000000E+00   0.0000000E+00   0.0000000E+00   0.0000000E+00
   1.1827669E-04   6.3773726E+06   6.3773726E+06   8.3557173E+06   6.6487080E+04   4.9130002E+05   6.3774441E+06   6.3773726E+06   5.7957510E+06   0.0000000E+00   0.0000000E+00   0.0000000E+00   0.0000000E+00
   1.2710106E-04   6.3771947E+06   6.3771947E+06   8.3328819E+06   6.6424963E+04   4.9074049E+05   6.3772557E+06   6.3771947E+06   5.7955751E+06   0.0000000E+00   0.0000000E+00   0.0000000E+00   0.0000000E+00
   1.3658379E-04   6.3769894E+06   6.3769894E+06   8.3065863E+06   6.6353334E+04   4.9009547E+05   6.3770383E+06   6.3769894E+06   5.7953721E+06   0.0000000E+00   0.0000000E+00   0.0000000E+00   0.0000000E+00
   1.4677401E-04   6.3767524E+06   6.3767524E+06   8.2763196E+06   6.6270757E+04   4.8935210E+05   6.3767874E+06   6.3767524E+06   5.7951378E+06   0.0000000E+00   0.0000000E+00   0.0000000E+00   0.0000000E+00
   1.5772450E-04   6.3764791E+06   6.3764791E+06   8.2414996E+06   6.6175581E+04   4.8849566E+05   6.3764980E+06   6.3764791E+06   5.7948677E+06   0.0000000E+00   0.0000000E+00   0.0000000E+00   0.0000000E+00
   1.6949198E-04   6.3761638E+06   6.3761638E+06   8.2014649E+06   6.6065918E+04   4.8750929E+05   6.3761642E+06   6.3761638E+06   5.7945560E+06   0.0000000E+00   0.0000000E+00   0.0000000E+00   0.0000000E+00
   1.8213741E-04   6.3758002E+06   6.3758002E+06   8.1554655E+06   6.5939606E+04   4.8637375E+05   6.3757792E+06   6.3758002E+06   5.7941967E+06   0.0000000E+00   0.0000000E+00   0.0000000E+00   0.0000000E+00
   1.9572629E-04   6.3753809E+06   6.3753809E+06   8.1026543E+06   6.5794174E+04   4.8506711E+05   6.3753353E+06   6.3753809E+06   5.7937824E+06   0.0000000E+00   0.0000000E+00   0.0000000E+00   0.0000000E+00
   2.1032900E-04   6.3748975E+06   6.3748975E+06   8.0420773E+06   6.5626805E+04   4.8356441E+05   6.3748236E+06   6.3748975E+06   5.7933049E+06   0.0000000E+00   0.0000000E+00   0.0000000E+00   0.0000000E+00
   2.2602119E-04   6.3743404E+06   6.3743404E+06   7.9726654E+06   6.5434293E+04   4.8183732E+05   6.3742338E+06   6.3743404E+06   5.7927547E+06   0.0000000E+00   0.0000000E+00   0.0000000E+00   0.0000000E+00
   2.4288414E-04   6.3736985E+06   6.3736985E+06   7.8932263E+06   6.5212994E+04   4.7985378E+05   6.3735543E+06   6.3736985E+06   5.7921209E+06   0.0000000E+00   0.0000000E+00   0.0000000E+00   0.0000000E+00
   2.6100520E-04   6.3729591E+06   6.3729591E+06   7.8024388E+06   6.4958782E+04   4.7757764E+05   6.3727716E+06   6.3729591E+06   5.7913911E+06   0.0000000E+00   0.0000000E+00   0.0000000E+00   0.0000000E+00
   2.8047823E-04   6.3721079E+06   6.3721079E+06   7.6988503E+06   6.4666999E+04   4.7496826E+05   6.3718706E+06   6.3721079E+06   5.7905512E+06   0.0000000E+00   0.0000000E+00   0.0000000E+00   0.0000000E+00
   3.0140411E-04   6.3711283E+06   6.3711283E+06   7.5808779E+06   6.4332407E+04   4.7198020E+05   6.3708338E+06   6.3711283E+06   5.7895850E+06   0.0000000E+00   0.0000000E+00   0.0000000E+00   0.0000000E+00
   3.2389121E-04   6.3700016E+06   6.3700016E+06   7.4468168E+06   6.3949136E+04   4.6856292E+05   6.3696412E+06   6.3700016E+06   5.7884742E+06   0.0000000E+00   0.0000000E+00   0.0000000E+00   0.0000000E+00
   3.4805603E-04   6.3687063E+06   6.3687063E+06   7.2948575E+06   6.3510651E+04   4.6466057E+05   6.3682705E+06   6.3687063E+06   5.7871980E+06   0.0000000E+00   0.0000000E+00   0.0000000E+00   0.0000000E+00
   3.7402374E-04   6.3672184E+06   6.3672184E+06   7.1231151E+06   6.3009716E+04   4.6021190E+05   6.3666960E+06   6.3672184E+06   5.7857329E+06   0.0000000E+00   0.0000000E+00   0.0000000E+00   0.0000000E+00
   4.0192884E-04   6.3655106E+06   6.3655106E+06   6.9296739E+06   6.2438380E+04   4.5515042E+05   6.3648889E+06   6.3655106E+06   5.7840523E+06   0.0000000E+00   0.0000000E+00   0.0000000E+00   0.0000000E+00
   4.3191587E-04   6.3635520E+06   6.3635520E+06   6.7126532E+06   6.1787987E+04   4.4940472E+05   6.3628167E+06   6.3635520E+06   5.7821266E+06   0.0000000E+00   0.0000000E+00   0.0000000E+00   0.0000000E+00
   4.6414018E-04   6.3613081E+06   6.3613081E+06   6.4702978E+06   6.1049215E+04   4.4289929E+05   6.3604431E+06   6.3613081E+06   5.7799225E+06   0.0000000E+00   0.0000000E+00   0.0000000E+00   0.0000000E+00
   4.9876867E-04   6.3587404E+06   6.3587404E+06   6.2010981E+06   6.0212165E+04   4.3555563E+05   6.3577274E+06   6.3587404E+06   5.7774030E+06   0.0000000E+00   0.0000000E+00   0.0000000E+00   0.0000000E+00
   5.3598072E-04   6.3558061E+06   6.3558061E+06   5.9039466E+06   5.9266503E+04   4.2729416E+05   6.3546246E+06   6.3558061E+06   5.7745274E+06   0.0000000E+00   0.0000000E+00   0.0000000E+00   0.0000000E+00
   5.7596907E-04   6.3524578E+06   6.3524578E+06   5.5783313E+06   5.8201682E+04   4.1803660E+05   6.3510848E+06   6.3524578E+06   5.7712506E+06   0.0000000E+00   0.0000000E+00   0.0000000E+00   0.0000000E+00
   6.1894088E-04   6.3486437E+06   6.3486437E+06   5.2245683E+06   5.7007250E+04   4.0770942E+05   6.3470535E+06   6.3486437E+06   5.7675240E+06   0.0000000E+00   0.0000000E+00   0.0000000E+00   0.0000000E+00
   6.6511871E-04   6.3443070E+06   6.3443070E+06   4.8440682E+06   5.5673272E+04   3.9624808E+05   6.3424715E+06   6.3443070E+06   5.7632946E+06   0.0000000E+00   0.0000000E+00   0.0000000E+00   0.0000000E+00
   7.1474177E-04   6.3393869E+06   6.3393869E+06   4.4396229E+06   5.4190873E+04   3.8360228E+05   6.3372750E+06   6.3393869E+06   5.7585062E+06   0.0000000E+00   0.0000000E+00   0.0000000E+00   0.0000000E+00
   7.6806710E-04   6.3338180E+06   6.3338180E+06   4.0156886E+06   5.2552914E+04   3.6974214E+05   6.3313960E+06   6.3338180E+06   5.7530992E+06   0.0000000E+00   0.0000000E+00   0.0000000E+00   0.0000000E+00
   8.2537092E-04   6.3275315E+06   6.3275315E+06   3.5786230E+06   5.0754795E+04   3.5466516E+05   6.3247630E+06   6.3275315E+06   5.7470117E+06   0.0000000E+00   0.0000000E+00   0.0000000E+00   0.0000000E+00
   8.8695005E-04   6.3204553E+06   6.3204553E+06   3.1368175E+06   4.8795359E+04   3.3840335E+05   6.3173016E+06   6.3204553E+06   5.7401801E+06   0.0000000E+00   0.0000000E+00   0.0000000E+00   0.0000000E+00
   9.5312347E-04   6.3125154E+06   6.3125154E+06   2.7006415E+06   4.6677866E+04   3.2103019E+05   6.3089359E+06   6.3125154E+06   5.7325401E+06   0.0000000E+00   0.0000000E+00   0.0000000E+00   0.0000000E+00
   1.0242339E-03   6.3036365E+06   6.3036365E+06   2.2821017E+06   4.4410915E+04   3.0266610E+05   6.2995894E+06   6.3036365E+06   5.7240283E+06   0.0000000E+00   0.0000000E+00   0.0000000E+00   0.0000000E+00
   1.1006498E-03   6.2937432E+06   6.2937432E+06   1.8941155E+06   4.2009226E+04   2.8348157E+05   6.2891865E+06   6.2937432E+06   5.7145826E+06   0.0000000E+00   0.0000000E+00   0.0000000E+00   0.0000000E+00
   1.1827669E-03   6.2827611E+06   6.2827611E+06   1.5493206E+06   3.9494084E+04   2.6369633E+05   6.2776537E+06   6.2827611E+06   5.7041434E+06   0.0000000E+00   0.0000000E+00   0.0000000E+00   0.0000000E+00
   1.2710106E-03   6.2706172E+06   6.2706172E+06   1.2584186E+06   3.6893256E+04   2.4357367E+05   6.2649205E+06   6.2706172E+06   5.6926541E+06   0.0000000E+00   0.0000000E+00   0.0000000E+00   0.0000000E+00
   1.3658379E-03   6.2572401E+06   6.2572401E+06   1.0281792E+06   3.4240191E+04   2.2340911E+05   6.2509197E+06   6.2572401E+06   5.6800605E+06   0.0000000E+00   0.0000000E+00   0.0000000E+00   0.0000000E+00
   1.4677401E-03   6.2425594E+06   6.2425594E+06   8.5944262E+05   3.1572365E+04   2.0351391E+05   6.2355867E+06   6.2425594E+06   5.6663093E+06   0.0000000E+00   0.0000000E+00   0.0000000E+00   0.0000000E+00
   1.5772450E-03   6.2265041E+06   6.2265041E+06   7.4569588E+05   2.8928787E+04   1.8419537E+05   6.2188586E+06   6.2265041E+06   5.6513460E+06   0.0000000E+00   0.0000000E+00   0.0000000E+00   0.0000000E+00
   1.6949198E-03   6.2090005E+06   6.2090005E+06   6.7300342E+05   2.6346916E+04   1.6573687E+05   6.2006711E+06   6.2090005E+06   5.6351115E+06   0.0000000E+00   0.0000000E+00   0.0000000E+00   0.0000000E+00
   1.8213741E-03   6.1899694E+06   6.1899694E+06   6.2206021E+05   2.3859523E+04   1.4838120E+05   6.1809555E+06   6.1899694E+06   5.6175378E+06   0.0000000E+00   0.0000000E+00   0.0000000E+00   0.0000000E+00
   1.9572629E-03   6.1693230E+06   6.1693230E+06   5.7270102E+05   2.1492280E+04   1.3231917E+05   6.1596348E+06   6.1693230E+06   5.5985452E+06   0.0000000E+00   0.0000000E+00   0.0000000E+00   0.0000000E+00
   2.1032900E-03   6.1469640E+06   6.1469640E+06   5.1017155E+05   1.9262877E+04   1.1768195E+05   6.1366216E+06   6.1469640E+06   5.5780402E+06   0.0000000E+00   0.0000000E+00   0.0000000E+00   0.0000000E+00
   2.2602119E-03   6.1227845E+06   6.1227845E+06   4.3097331E+05   1.7182087E+04   1.0453206E+05   6.1118155E+06   6.1227845E+06   5.5559157E+06   0.0000000E+00   0.0000000E+00   0.0000000E+00   0.0000000E+00
   2.4288414E-03   6.0966676E+06   6.0966676E+06   3.4484734E+05   1.5256342E+04   9.2848564E+04   6.0851039E+06   6.0966676E+06   5.5320535E+06   0.0000000E+00   0.0000000E+00   0.0000000E+00   0.0000000E+00
   2.6100520E-03   6.0684890E+06   6.0684890E+06   2.6984621E+05   1.3490317E+04   8.2512351E+04   6.0563626E+06   6.0684890E+06   5.5063282E+06   0.0000000E+00   0.0000000E+00   0.0000000E+00   0.0000000E+00
   2.8047823E-03   6.0381177E+06   6.0381177E+06   2.2084505E+05   1.1887539E+04   7.3314877E+04   6.0254566E+06   6.0381177E+06   5.4786091E+06   0.0000000E+00   0.0000000E+00   0.0000000E+00   0.0000000E+00
   3.0140411E-03   6.0054145E+06   6.0054145E+06   1.9781573E+05   1.0448052E+04   6.5020902E+04   5.9922401E+06   6.0054145E+06   5.4487602E+06   0.0000000E+00   0.0000000E+00   0.0000000E+00   0.0000000E+00
   3.2389121E-03   5.9702295E+06   5.9702295E+06   1.8435734E+05   9.1648725E+03   5.7481017E+04   5.9565560E+06   5.9702295E+06   5.4166379E+06   0.0000000E+00   0.0000000E+00   0.0000000E+00   0.0000000E+00
   3.4805603E-03   5.9324011E+06   5.9324011E+06   1.6200758E+05   8.0233920E+03   5.0709834E+04   5.9182373E+06   5.9324011E+06   5.3820900E+06   0.0000000E+00   0.0000000E+00   0.0000000E+00   0.0000000E+00
   3.7402374E-03   5.8917591E+06   5.8917591E+06   1.2961895E+05   7.0065656E+03   4.4803858E+04   5.8771127E+06   5.8917591E+06   5.3449601E+06   0.0000000E+00   0.0000000E+00   0.0000000E+00   0.0000000E+00
   4.0192884E-03   5.8481317E+06   5.8481317E+06   1.0419803E+05   6.1023458E+03   3.9712895E+04   5.8330127E+06   5.8481317E+06   5.3050943E+06   0.0000000E+00   0.0000000E+00   0.0000000E+00   0.0000000E+00
   4.3191587E-03   5.8013472E+06   5.8013472E+06   9.5816593E+04   5.3047231E+03   3.5156306E+04   5.7857710E+06   5.8013472E+06   5.2623426E+06   0.0000000E+00   0.0000000E+00   0.0000000E+00   0.0000000E+00
   4.6414018E-03   5.7512308E+06   5.7512308E+06   9.0114068E+04   4.6061321E+03   3.0931960E+04   5.7352194E+06   5.7512308E+06   5.2165544E+06   0.0000000E+00   0.0000000E+00   0.0000000E+00   0.0000000E+00
   4.9876867E-03   5.6976034E+06   5.6976034E+06   7.2913229E+04   3.9929930E+03   2.7201392E+04   5.6811860E+06   5.6976034E+06   5.1675751E+06   0.0000000E+00   0.0000000E+00   0.0000000E+00   0.0000000E+00
   5.3598072E-03   5.6402898E+06   5.6402898E+06   5.7410021E+04   3.4533621E+03   2.4090383E+04   5.6235033E+06   5.6402898E+06   5.1152541E+06   0.0000000E+00   0.0000000E+00   0.0000000E+00   0.0000000E+00
   5.7596907E-03   5.5791237E+06   5.5791237E+06   5.3588635E+04   2.9822119E+03   2.1282823E+04   5.5620112E+06   5.5791237E+06   5.0594480E+06   0.0000000E+00   0.0000000E+00   0.0000000E+00   0.0000000E+00
   6.1894088E-03   5.5139420E+06   5.5139420E+06   4.5126967E+04   2.5727276E+03   1.8683309E+04   5.4965454E+06   5.5139420E+06   5.0000093E+06   0.0000000E+00   0.0000000E+00   0.0000000E+00   0.0000000E+00
   6.6511871E-03   5.4445795E+06   5.4445795E+06   3.5191911E+04   2.2151143E+03   1.6546295E+04   5.4269318E+06   5.4445795E+06   4.9367813E+06   0.0000000E+00   0.0000000E+00   0.0000000E+00   0.0000000E+00
   7.1474177E-03   5.3708720E+06   5.3708720E+06   3.4149910E+04   1.9047869E+03   1.4560127E+04   5.3530026E+06   5.3708720E+06   4.8696131E+06   0.0000000E+00   0.0000000E+00   0.0000000E+00   0.0000000E+00
   7.6806710E-03   5.2926556E+06   5.2926556E+06   2.6941123E+04   1.6355056E+03   1.2747045E+04   5.2746076E+06   5.2926556E+06   4.7983698E+06   0.0000000E+00   0.0000000E+00   0.0000000E+00   0.0000000E+00
   8.2537092E-03   5.2097752E+06   5.2097752E+06   2.3877073E+04   1.4013348E+03   1.1268763E+04   5.1916078E+06   5.2097752E+06   4.7229262E+06   0.0000000E+00   0.0000000E+00   0.0000000E+00   0.0000000E+00
   8.8695005E-03   5.1220866E+06   5.1220866E+06   1.9671299E+04   1.1996552E+03   9.8326828E+03   5.1038502E+06   5.1220866E+06   4.6431446E+06   0.0000000E+00   0.0000000E+00   0.0000000E+00   0.0000000E+00
   9.5312347E-03   5.0294446E+06   5.0294446E+06   1.6986678E+04   1.0247977E+03   8.6869996E+03   5.0111765E+06   5.0294446E+06   4.5588820E+06   0.0000000E+00   0.0000000E+00   0.0000000E+00   0.0000000E+00
   1.0242339E-02   4.9317073E+06   4.9317073E+06   1.3995479E+04   8.7414369E+02   7.5542110E+03   4.9134580E+06   4.9317073E+06   4.4700224E+06   0.0000000E+00   0.0000000E+00   0.0000000E+00   0.0000000E+00
   1.1006498E-02   4.8287429E+06   4.8287429E+06   1.2822508E+04   7.4417541E+02   6.6297600E+03   4.8105677E+06   4.8287429E+06   4.3764512E+06   0.0000000E+00   0.0000000E+00   0.0000000E+00   0.0000000E+00
   1.1827669E-02   4.7204316E+06   4.7204316E+06   9.6911709E+03   6.3241899E+02   5.7893436E+03   4.7023768E+06   4.7204316E+06   4.2780519E+06   0.0000000E+00   0.0000000E+00   0.0000000E+00   0.0000000E+00
   1.2710106E-02   4.6066637E+06   4.6066637E+06   8.6487705E+03   5.3640376E+02   5.0132689E+03   4.5887804E+06   4.6066637E+06   4.1747301E+06   0.0000000E+00   0.0000000E+00   0.0000000E+00   0.0000000E+00
   1.3658379E-02   4.4873518E+06   4.4873518E+06   7.7274762E+03   4.5394158E+02   4.3731086E+03   4.4696929E+06   4.4873518E+06   4.0664084E+06   0.0000000E+00   0.0000000E+00   0.0000000E+00   0.0000000E+00
   1.4677401E-02   4.3624353E+06   4.3624353E+06   6.1802022E+03   3.8333570E+02   3.8053705E+03   4.3450479E+06   4.3624353E+06   3.9530268E+06   0.0000000E+00   0.0000000E+00   0.0000000E+00   0.0000000E+00
   1.5772450E-02   4.2318896E+06   4.2318896E+06   4.9851660E+03   3.2292635E+02   3.2899347E+03   4.2148244E+06   4.2318896E+06   3.8345669E+06   0.0000000E+00   0.0000000E+00   0.0000000E+00   0.0000000E+00
   1.6949198E-02   4.0957448E+06   4.0957448E+06   4.1189920E+03   2.7140049E+02   2.8289529E+03   4.0790504E+06   4.0957448E+06   3.7110544E+06   0.0000000E+00   0.0000000E+00   0.0000000E+00   0.0000000E+00
   1.8213741E-02   3.9541001E+06   3.9541001E+06   3.4329285E+03   2.2744586E+02   2.4322655E+03   3.9378233E+06   3.9541001E+06   3.5825785E+06   0.0000000E+00   0.0000000E+00   0.0000000E+00   0.0000000E+00
   1.9572629E-02   3.8071491E+06   3.8071491E+06   2.8989098E+03   1.9008178E+02   2.0850223E+03   3.7913341E+06   3.8071491E+06   3.4493131E+06   0.0000000E+00   0.0000000E+00   0.0000000E+00   0.0000000E+00
   2.1032899E-02   3.6552059E+06   3.6552059E+06   2.4862518E+03   1.5837097E+02   1.7836105E+03   3.6398964E+06   3.6552059E+06   3.3115439E+06   0.0000000E+00   0.0000000E+00   0.0000000E+00   0.0000000E+00
   2.2602112E-02   3.4987384E+06   3.4987384E+06   2.1484993E+03   1.3153959E+02   1.5096513E+03   3.4839724E+06   3.4987384E+06   3.1696915E+06   0.0000000E+00   0.0000000E+00   0.0000000E+00   0.0000000E+00
   2.4288375E-02   3.3384028E+06   3.3384028E+06   1.6856290E+03   1.0889505E+02   1.2740489E+03   3.3242163E+06   3.3384028E+06   3.0243515E+06   0.0000000E+00   0.0000000E+00   0.0000000E+00   0.0000000E+00
   2.6100322E-02   3.1750830E+06   3.1750830E+06   1.3996814E+03   8.9835535E+01   1.0831913E+03   3.1615057E+06   3.1750830E+06   2.8763224E+06   0.0000000E+00   0.0000000E+00   0.0000000E+00   0.0000000E+00
   2.8046972E-02   3.0099336E+06   3.0099336E+06   1.1450628E+03   7.3870095E+01   9.0279866E+02   2.9969891E+06   3.0099336E+06   2.7266493E+06   0.0000000E+00   0.0000000E+00   0.0000000E+00   0.0000000E+00
   3.0137200E-02   2.8444327E+06   2.8444327E+06   9.7309676E+02   6.0546906E+01   7.5974397E+02   2.8321364E+06   2.8444327E+06   2.5766696E+06   0.0000000E+00   0.0000000E+00   0.0000000E+00   0.0000000E+00
   3.2378432E-02   2.6804458E+06   2.6804458E+06   7.6137709E+02   4.9495437E+01   6.3578613E+02   2.6688044E+06   2.6804458E+06   2.4280728E+06   0.0000000E+00   0.0000000E+00   0.0000000E+00   0.0000000E+00
   3.4773940E-02   2.5202896E+06   2.5202896E+06   6.0624378E+02   4.0394826E+01   5.2815099E+02   2.5092978E+06   2.5202896E+06   2.2829559E+06   0.0000000E+00   0.0000000E+00   0.0000000E+00   0.0000000E+00
   3.7318522E-02   2.3667293E+06   2.3667293E+06   4.9252273E+02   3.2971264E+01   4.3908552E+02   2.3563686E+06   2.3667293E+06   2.1438224E+06   0.0000000E+00   0.0000000E+00   0.0000000E+00   0.0000000E+00
   3.9993722E-02   2.2227792E+06   2.2227792E+06   4.0824071E+02   2.6985137E+01   3.6676441E+02   2.2130165E+06   2.2227792E+06   2.0134020E+06   0.0000000E+00   0.0000000E+00   0.0000000E+00   0.0000000E+00
   4.2766181E-02   2.0911877E+06   2.0911877E+06   3.4962820E+02   2.2218402E+01   3.0721299E+02   2.0819763E+06   2.0911877E+06   1.8941826E+06   0.0000000E+00   0.0000000E+00   0.0000000E+00   0.0000000E+00
   4.5593118E-02   1.9737122E+06   1.9737122E+06   2.9713989E+02   1.8461038E+01   2.5723648E+02   1.9649965E+06   1.9737122E+06   1.7877551E+06   0.0000000E+00   0.0000000E+00   0.0000000E+00   0.0000000E+00
   4.8433932E-02   1.8706138E+06   1.8706138E+06   2.4058609E+02   1.5510977E+01   2.1774617E+02   1.8623356E+06   1.8706138E+06   1.6943546E+06   0.0000000E+00   0.0000000E+00   0.0000000E+00   0.0000000E+00
   5.1260462E-02   1.7807344E+06   1.7807344E+06   1.9622411E+02   1.3185950E+01   1.8825918E+02   1.7728393E+06   1.7807344E+06   1.6129313E+06   0.0000000E+00   0.0000000E+00   0.0000000E+00   0.0000000E+00
   5.4059937E-02   1.7020388E+06   1.7020388E+06   1.7022914E+02   1.1333848E+01   1.6496213E+02   1.6944808E+06   1.7020388E+06   1.5416410E+06   0.0000000E+00   0.0000000E+00   0.0000000E+00   0.0000000E+00
   5.6831763E-02   1.6322093E+06   1.6322093E+06   1.5294106E+02   9.8360060E+00   1.4488904E+02   1.6249514E+06   1.6322093E+06   1.4783833E+06   0.0000000E+00   0.0000000E+00   0.0000000E+00   0.0000000E+00
   5.9582581E-02   1.5690390E+06   1.5690390E+06   1.3661225E+02   8.6035639E+00   1.2739570E+02   1.5620536E+06   1.5690390E+06   1.4211590E+06   0.0000000E+00   0.0000000E+00   0.0000000E+00   0.0000000E+00
   6.2322345E-02   1.5106148E+06   1.5106148E+06   1.1955113E+02   7.5720096E+00   1.1236703E+02   1.5038824E+06   1.5106148E+06   1.3682350E+06   0.0000000E+00   0.0000000E+00   0.0000000E+00   0.0000000E+00
   6.5061971E-02   1.4553734E+06   1.4553734E+06   1.0288500E+02   6.6946017E+00   9.9849841E+01   1.4488811E+06   1.4553734E+06   1.3181949E+06   0.0000000E+00   0.0000000E+00   0.0000000E+00   0.0000000E+00
   6.7812166E-02   1.4020995E+06   1.4020995E+06   8.8541796E+01   5.9379776E+00   8.9496199E+01   1.3958395E+06   1.4020995E+06   1.2699377E+06   0.0000000E+00   0.0000000E+00   0.0000000E+00   0.0000000E+00
   7.0582945E-02   1.3499067E+06   1.3499067E+06   7.8498938E+01   5.2778188E+00   8.0865412E+01   1.3438751E+06   1.3499067E+06   1.2226605E+06   0.0000000E+00   0.0000000E+00   0.0000000E+00   0.0000000E+00
   7.3383509E-02   1.2982148E+06   1.2982148E+06   7.2770393E+01   4.6967318E+00   7.2785480E+01   1.2924101E+06   1.2982148E+06   1.1758376E+06   0.0000000E+00   0.0000000E+00   0.0000000E+00   0.0000000E+00
   7.6222269E-02   1.2467268E+06   1.2467268E+06   6.6809694E+01   4.1818239E+00   6.4577569E+01   1.2411488E+06   1.2467268E+06   1.1292001E+06   0.0000000E+00   0.0000000E+00   0.0000000E+00   0.0000000E+00
   7.9106953E-02   1.1954037E+06   1.1954037E+06   5.6924012E+01   3.7236934E+00   5.7275904E+01   1.1900522E+06   1.1954037E+06   1.0827123E+06   0.0000000E+00   0.0000000E+00   0.0000000E+00   0.0000000E+00
   8.2044713E-02   1.1444340E+06   1.1444340E+06   4.9262329E+01   3.3151888E+00   5.2067875E+01   1.1393079E+06   1.1444340E+06   1.0365451E+06   0.0000000E+00   0.0000000E+00   0.0000000E+00   0.0000000E+00
   8.5042233E-02   1.0941945E+06   1.0941945E+06   4.6816652E+01   2.9511185E+00   4.6565652E+01   1.0892909E+06   1.0941945E+06   9.9103963E+05   0.0000000E+00   0.0000000E+00   0.0000000E+00   0.0000000E+00
   8.8105832E-02   1.0452005E+06   1.0452005E+06   3.9739455E+01   2.6271941E+00   4.1080623E+01   1.0405143E+06   1.0452005E+06   9.4666262E+05   0.0000000E+00   0.0000000E+00   0.0000000E+00   0.0000000E+00
   9.1241539E-02   9.9804464E+05   9.9804464E+05   3.6063494E+01   2.3398561E+00   3.7521063E+01   9.9356796E+05   9.9804464E+05   9.0395075E+05   0.0000000E+00   0.0000000E+00   0.0000000E+00   0.0000000E+00
   9.4455168E-02   9.5332577E+05   9.5332577E+05   3.1761970E+01   2.0861054E+00   3.2922842E+01   9.4904794E+05   9.5332577E+05   8.6344636E+05   0.0000000E+00   0.0000000E+00   0.0000000E+00   0.0000000E+00
   9.7752370E-02   9.1157209E+05   9.1157209E+05   2.9212929E+01   1.8627931E+00   3.0056323E+01   9.0748008E+05   9.1157209E+05   8.2562785E+05   0.0000000E+00   0.0000000E+00   0.0000000E+00   0.0000000E+00
   1.0113868E-01   8.7316485E+05   8.7316485E+05   2.4716691E+01   1.6670440E+00   2.6874561E+01   8.6924387E+05   8.7316485E+05   7.9084047E+05   0.0000000E+00   0.0000000E+00   0.0000000E+00   0.0000000E+00
   1.0461957E-01   8.3827133E+05   8.3827133E+05   2.2977589E+01   1.4957910E+00   2.3898830E+01   8.3450579E+05   8.3827133E+05   7.5923570E+05   0.0000000E+00   0.0000000E+00   0.0000000E+00   0.0000000E+00
   1.0820046E-01   8.0679705E+05   8.0679705E+05   2.1335018E+01   1.3458718E+00   2.1798356E+01   8.0317178E+05   8.0679705E+05   7.3072796E+05   0.0000000E+00   0.0000000E+00   0.0000000E+00   0.0000000E+00
   1.1188673E-01   7.7836835E+05   7.7836835E+05   1.9158368E+01   1.2141948E+00   1.9929847E+01   7.7486980E+05   7.7836835E+05   7.0497876E+05   0.0000000E+00   0.0000000E+00   0.0000000E+00   0.0000000E+00
   1.1568380E-01   7.5235334E+05   7.5235334E+05   1.7224462E+01   1.0976904E+00   1.8139785E+01   7.4897080E+05   7.5235334E+05   6.8141580E+05   0.0000000E+00   0.0000000E+00   0.0000000E+00   0.0000000E+00
   1.1959708E-01   7.2792644E+05   7.2792644E+05   1.5682444E+01   9.9355205E-01   1.6420148E+01   7.2465288E+05   7.2792644E+05   6.5929130E+05   0.0000000E+00   0.0000000E+00   0.0000000E+00   0.0000000E+00
   1.2363201E-01   7.0417417E+05   7.0417417E+05   1.4103888E+01   8.9932402E-01   1.4746219E+01   7.0100666E+05   7.0417417E+05   6.3777792E+05   0.0000000E+00   0.0000000E+00   0.0000000E+00   0.0000000E+00
   1.2779408E-01   6.8023190E+05   6.8023190E+05   1.2214411E+01   8.1302649E-01   1.3389590E+01   6.7717140E+05   6.8023190E+05   6.1609254E+05   0.0000000E+00   0.0000000E+00   0.0000000E+00   0.0000000E+00
   1.3208883E-01   6.5543165E+05   6.5543165E+05   1.1303887E+01   7.3327301E-01   1.2321537E+01   6.5248209E+05   6.5543165E+05   5.9363016E+05   0.0000000E+00   0.0000000E+00   0.0000000E+00   0.0000000E+00
   1.3652186E-01   6.2943307E+05   6.2943307E+05   1.0072768E+01   6.5926388E-01   1.0888969E+01   6.2659995E+05   6.2943307E+05   5.7008252E+05   0.0000000E+00   0.0000000E+00   0.0000000E+00   0.0000000E+00
   1.4109880E-01   6.0230611E+05   6.0230611E+05   9.1998998E+00   5.9068943E-01   9.9899207E+00   5.9959457E+05   6.0230611E+05   5.4551295E+05   0.0000000E+00   0.0000000E+00   0.0000000E+00   0.0000000E+00
   1.4582539E-01   5.7453667E+05   5.7453667E+05   7.8689921E+00   5.2764262E-01   8.8945889E+00   5.7194969E+05   5.7453667E+05   5.2036157E+05   0.0000000E+00   0.0000000E+00   0.0000000E+00   0.0000000E+00
   1.5070742E-01   5.4693887E+05   5.4693887E+05   7.0953465E+00   4.7040178E-01   7.8450424E+00   5.4447574E+05   5.4693887E+05   4.9536570E+05   0.0000000E+00   0.0000000E+00   0.0000000E+00   0.0000000E+00
   1.5575075E-01   5.2047779E+05   5.2047779E+05   6.3813317E+00   4.1921545E-01   7.0038333E+00   5.1813345E+05   5.2047779E+05   4.7139941E+05   0.0000000E+00   0.0000000E+00   0.0000000E+00   0.0000000E+00
   1.6096134E-01   4.9603323E+05   4.9603323E+05   5.6388746E+00   3.7413390E-01   6.2909111E+00   4.9379866E+05   4.9603323E+05   4.4925955E+05   0.0000000E+00   0.0000000E+00   0.0000000E+00   0.0000000E+00
   1.6634523E-01   4.7416009E+05   4.7416009E+05   5.0187188E+00   3.3487532E-01   5.7323449E+00   4.7202377E+05   4.7416009E+05   4.2944869E+05   0.0000000E+00   0.0000000E+00   0.0000000E+00   0.0000000E+00
   1.7190857E-01   4.5491564E+05   4.5491564E+05   4.7048818E+00   3.0080983E-01   5.1567987E+00   4.5286575E+05   4.5491564E+05   4.1201867E+05   0.0000000E+00   0.0000000E+00   0.0000000E+00   0.0000000E+00
   1.7765762E-01   4.3781889E+05   4.3781889E+05   4.0670604E+00   2.7103500E-01   4.6294770E+00   4.3584579E+05   4.3781889E+05   3.9653386E+05   0.0000000E+00   0.0000000E+00   0.0000000E+00   0.0000000E+00
   1.8359876E-01   4.2197687E+05   4.2197687E+05   3.7864625E+00   2.4455776E-01   4.1675302E+00   4.2007494E+05   4.2197687E+05   3.8218550E+05   0.0000000E+00   0.0000000E+00   0.0000000E+00   0.0000000E+00
   1.8973851E-01   4.0635980E+05   4.0635980E+05   3.4376398E+00   2.2048753E-01   3.8025955E+00   4.0452807E+05   4.0635980E+05   3.6804091E+05   0.0000000E+00   0.0000000E+00   0.0000000E+00   0.0000000E+00
   1.9608357E-01   3.9014651E+05   3.9014651E+05   3.0857032E+00   1.9820703E-01   3.4366668E+00   3.8838767E+05   3.9014651E+05   3.5335633E+05   0.0000000E+00   0.0000000E+00   0.0000000E+00   0.0000000E+00
   2.0264082E-01   3.7301687E+05   3.7301687E+05   2.7616186E+00   1.7745190E-01   3.0623391E+00   3.7133510E+05   3.7301687E+05   3.3784185E+05   0.0000000E+00   0.0000000E+00   0.0000000E+00   0.0000000E+00
   2.0941734E-01   3.5526638E+05   3.5526638E+05   2.3986794E+00   1.5827168E-01   2.7232466E+00   3.5366448E+05   3.5526638E+05   3.2176507E+05   0.0000000E+00   0.0000000E+00   0.0000000E+00   0.0000000E+00
   2.1642050E-01   3.3767222E+05   3.3767222E+05   2.1729013E+00   1.4088003E-01   2.4716647E+00   3.3614953E+05   3.3767222E+05   3.0582991E+05   0.0000000E+00   0.0000000E+00   0.0000000E+00   0.0000000E+00
   2.2365794E-01   3.2114377E+05   3.2114377E+05   1.8909163E+00   1.2546947E-01   2.1872268E+00   3.1969549E+05   3.2114377E+05   2.9085998E+05   0.0000000E+00   0.0000000E+00   0.0000000E+00   0.0000000E+00
   2.3113766E-01   3.0630013E+05   3.0630013E+05   1.6976770E+00   1.1205417E-01   1.9472052E+00   3.0491869E+05   3.0630013E+05   2.7741600E+05   0.0000000E+00   0.0000000E+00   0.0000000E+00   0.0000000E+00
   2.3886803E-01   2.9317781E+05   2.9317781E+05   1.5190566E+00   1.0041794E-01   1.7574255E+00   2.9185546E+05   2.9317781E+05   2.6553103E+05   0.0000000E+00   0.0000000E+00   0.0000000E+00   0.0000000E+00
   2.4685791E-01   2.8123106E+05   2.8123106E+05   1.3794143E+00   9.0182352E-02   1.5963201E+00   2.7996250E+05   2.8123106E+05   2.5471078E+05   0.0000000E+00   0.0000000E+00   0.0000000E+00   0.0000000E+00
   2.5511669E-01   2.6964523E+05   2.6964523E+05   1.2434342E+00   8.0953273E-02   1.4135233E+00   2.6842886E+05   2.6964523E+05   2.4421744E+05   0.0000000E+00   0.0000000E+00   0.0000000E+00   0.0000000E+00
   2.6365436E-01   2.5780058E+05   2.5780058E+05   1.1169139E+00   7.2466019E-02   1.2839909E+00   2.5663757E+05   2.5780058E+05   2.3348969E+05   0.0000000E+00   0.0000000E+00   0.0000000E+00   0.0000000E+00
   2.7248164E-01   2.4561212E+05   2.4561212E+05   9.9185573E-01   6.4644052E-02   1.1505755E+00   2.4450404E+05   2.4561212E+05   2.2245056E+05   0.0000000E+00   0.0000000E+00   0.0000000E+00   0.0000000E+00
   2.8161007E-01   2.3352404E+05   2.3352404E+05   8.8730862E-01   5.7548654E-02   1.0201387E+00   2.3247043E+05   2.3352404E+05   2.1150235E+05   0.0000000E+00   0.0000000E+00   0.0000000E+00   0.0000000E+00
   2.9105213E-01   2.2215367E+05   2.2215367E+05   7.7951444E-01   5.1255566E-02   9.0627907E-01   2.2115132E+05   2.2215367E+05   2.0120418E+05   0.0000000E+00   0.0000000E+00   0.0000000E+00   0.0000000E+00
   3.0082142E-01   2.1183226E+05   2.1183226E+05   7.0461211E-01   4.5751188E-02   8.1049585E-01   2.1087643E+05   2.1183226E+05   1.9185606E+05   0.0000000E+00   0.0000000E+00   0.0000000E+00   0.0000000E+00
   3.1093278E-01   2.0238439E+05   2.0238439E+05   6.2975035E-01   4.0911942E-02   7.2882211E-01   2.0147115E+05   2.0238439E+05   1.8329911E+05   0.0000000E+00   0.0000000E+00   0.0000000E+00   0.0000000E+00
   3.2140253E-01   1.9331691E+05   1.9331691E+05   5.6124163E-01   3.6572690E-02   6.4959874E-01   1.9244456E+05   1.9331691E+05   1.7508668E+05   0.0000000E+00   0.0000000E+00   0.0000000E+00   0.0000000E+00
   3.3224867E-01   1.8425242E+05   1.8425242E+05   4.9829764E-01   3.2619856E-02   5.8534802E-01   1.8342093E+05   1.8425242E+05   1.6687696E+05   0.0000000E+00   0.0000000E+00   0.0000000E+00   0.0000000E+00
   3.4349115E-01   1.7522149E+05   1.7522149E+05   4.4234903E-01   2.9024890E-02   5.2141422E-01   1.7443073E+05   1.7522149E+05   1.5869764E+05   0.0000000E+00   0.0000000E+00   0.0000000E+00   0.0000000E+00
   3.5515224E-01   1.6655177E+05   1.6655177E+05   3.9405461E-01   2.5808030E-02   4.6482153E-01   1.6580010E+05   1.6655177E+05   1.5084547E+05   0.0000000E+00   0.0000000E+00   0.0000000E+00   0.0000000E+00
   3.6725683E-01   1.5848461E+05   1.5848461E+05   3.5208508E-01   2.2965910E-02   4.1074260E-01   1.5776933E+05   1.5848461E+05   1.4353905E+05   0.0000000E+00   0.0000000E+00   0.0000000E+00   0.0000000E+00
   3.7983297E-01   1.5093071E+05   1.5093071E+05   3.1364827E-01   2.0446504E-02   3.6730092E-01   1.5024951E+05   1.5093071E+05   1.3669749E+05   0.0000000E+00   0.0000000E+00   0.0000000E+00   0.0000000E+00
   3.9291238E-01   1.4361702E+05   1.4361702E+05   2.7784552E-01   1.8181785E-02   3.2542533E-01   1.4296880E+05   1.4361702E+05   1.3007348E+05   0.0000000E+00   0.0000000E+00   0.0000000E+00   0.0000000E+00
   4.0653114E-01   1.3641931E+05   1.3641931E+05   2.4729884E-01   1.6133097E-02   2.9171639E-01   1.3580357E+05   1.3641931E+05   1.2355453E+05   0.0000000E+00   0.0000000E+00   0.0000000E+00   0.0000000E+00
   4.2073053E-01   1.2945835E+05   1.2945835E+05   2.1896337E-01   1.4294240E-02   2.5946640E-01   1.2887401E+05   1.2945835E+05   1.1724999E+05   0.0000000E+00   0.0000000E+00   0.0000000E+00   0.0000000E+00
   4.3555806E-01   1.2286632E+05   1.2286632E+05   1.9363666E-01   1.2658660E-02   2.2828573E-01   1.2231172E+05   1.2286632E+05   1.1127961E+05   0.0000000E+00   0.0000000E+00   0.0000000E+00   0.0000000E+00
   4.5106876E-01   1.1658620E+05   1.1658620E+05   1.7149008E-01   1.1199599E-02   2.0266844E-01   1.1605993E+05   1.1658620E+05   1.0559170E+05   0.0000000E+00   0.0000000E+00   0.0000000E+00   0.0000000E+00
   4.6732678E-01   1.1048642E+05   1.1048642E+05   1.5116384E-01   9.8882104E-03   1.7927065E-01   1.0998768E+05   1.1048642E+05   1.0006715E+05   0.0000000E+00   0.0000000E+00   0.0000000E+00   0.0000000E+00
   4.8440749E-01   1.0456121E+05   1.0456121E+05   1.3328005E-01   8.7097466E-03   1.5753102E-01   1.0408921E+05   1.0456121E+05   9.4700701E+04   0.0000000E+00   0.0000000E+00   0.0000000E+00   0.0000000E+00
   5.0240004E-01   9.8876190E+04   9.8876190E+04   1.1709144E-01   7.6567339E-03   1.3971905E-01   9.8429840E+04   9.8876190E+04   8.9551792E+04   0.0000000E+00   0.0000000E+00   0.0000000E+00   0.0000000E+00
   5.2141072E-01   9.3407671E+04   9.3407671E+04   1.0273358E-01   6.7154740E-03   1.2257545E-01   9.2985999E+04   9.3407671E+04   8.4598968E+04   0.0000000E+00   0.0000000E+00   0.0000000E+00   0.0000000E+00
   5.4156731E-01   8.8093290E+04   8.8093290E+04   8.9807523E-02   5.8707257E-03   1.0769291E-01   8.7695602E+04   8.8093290E+04   7.9785747E+04   0.0000000E+00   0.0000000E+00   0.0000000E+00   0.0000000E+00
   5.6302456E-01   8.2939637E+04   8.2939637E+04   7.8216063E-02   5.1141015E-03   9.2903211E-02   8.2565209E+04   8.2939637E+04   7.5118098E+04   0.0000000E+00   0.0000000E+00   0.0000000E+00   0.0000000E+00
   5.8597145E-01   7.7950315E+04   7.7950315E+04   6.7863630E-02   4.4373713E-03   8.1266433E-02   7.7598405E+04   7.7950315E+04   7.0599284E+04   0.0000000E+00   0.0000000E+00   0.0000000E+00   0.0000000E+00
   6.1064022E-01   7.3089963E+04   7.3089963E+04   5.8588226E-02   3.8313106E-03   7.0524587E-02   7.2759990E+04   7.3089963E+04   6.6197278E+04   0.0000000E+00   0.0000000E+00   0.0000000E+00   0.0000000E+00
   6.3731792E-01   6.8351478E+04   6.8351478E+04   5.0299554E-02   3.2893101E-03   6.0045481E-02   6.8042894E+04   6.8351478E+04   6.1905649E+04   0.0000000E+00   0.0000000E+00   0.0000000E+00   0.0000000E+00
   6.6636014E-01   6.3725423E+04   6.3725423E+04   4.2896957E-02   2.8051906E-03   5.1219773E-02   6.3437720E+04   6.3725423E+04   5.7715846E+04   0.0000000E+00   0.0000000E+00   0.0000000E+00   0.0000000E+00
   6.9820629E-01   5.9195215E+04   5.9195215E+04   3.6293540E-02   2.3734983E-03   4.3463271E-02   5.8927961E+04   5.9195215E+04   5.3612853E+04   0.0000000E+00   0.0000000E+00   0.0000000E+00   0.0000000E+00
   7.3339358E-01   5.4756094E+04   5.4756094E+04   3.0425781E-02   1.9898944E-03   3.6460290E-02   5.4508878E+04   5.4756094E+04   4.9592357E+04   0.0000000E+00   0.0000000E+00   0.0000000E+00   0.0000000E+00
   7.7256307E-01   5.0403016E+04   5.0403016E+04   2.5238660E-02   1.6506751E-03   3.0408589E-02   5.0175451E+04   5.0403016E+04   4.5649791E+04   0.0000000E+00   0.0000000E+00   0.0000000E+00   0.0000000E+00
   8.1644550E-01   4.6141919E+04   4.6141919E+04   2.0688000E-02   1.3530496E-03   2.5328639E-02   4.5933590E+04   4.6141919E+04   4.1790531E+04   0.0000000E+00   0.0000000E+00   0.0000000E+00   0.0000000E+00
   8.6580956E-01   4.1990402E+04   4.1990402E+04   1.6740678E-02   1.0949199E-03   2.0143680E-02   4.1800814E+04   4.1990402E+04   3.8030519E+04   0.0000000E+00   0.0000000E+00   0.0000000E+00   0.0000000E+00
   9.2136134E-01   3.7981831E+04   3.7981831E+04   1.3371392E-02   8.7457383E-04   1.5989980E-02   3.7810340E+04   3.7981831E+04   3.4399972E+04   0.0000000E+00   0.0000000E+00   0.0000000E+00   0.0000000E+00
   9.8361541E-01   3.4162992E+04   3.4162992E+04   1.0552587E-02   6.9021679E-04   1.2934676E-02   3.4008743E+04   3.4162992E+04   3.0941267E+04   0.0000000E+00   0.0000000E+00   0.0000000E+00   0.0000000E+00
   1.0528098E+00   3.0583536E+04   3.0583536E+04   8.2458382E-03   5.3935210E-04   9.9880213E-03   3.0445447E+04   3.0583536E+04   2.7699368E+04   0.0000000E+00   0.0000000E+00   0.0000000E+00   0.0000000E+00
   1.1289457E+00   2.7282606E+04   2.7282606E+04   6.3970533E-03   4.1843126E-04   7.8924796E-03   2.7159420E+04   2.7282606E+04   2.4709730E+04   0.0000000E+00   0.0000000E+00   0.0000000E+00   0.0000000E+00
   1.2119436E+00   2.4280539E+04   2.4280539E+04   4.9400065E-03   3.2313324E-04   5.9813244E-03   2.4170907E+04   2.4280539E+04   2.1990771E+04   0.0000000E+00   0.0000000E+00   0.0000000E+00   0.0000000E+00
   1.3018088E+00   2.1576946E+04   2.1576946E+04   3.8047287E-03   2.4887818E-04   4.6325915E-03   2.1479521E+04   2.1576946E+04   1.9542139E+04   0.0000000E+00   0.0000000E+00   0.0000000E+00   0.0000000E+00
   1.3987124E+00   1.9155947E+04   1.9155947E+04   2.9260077E-03   1.9139923E-04   3.5633891E-03   1.9069452E+04   1.9155947E+04   1.7349451E+04   0.0000000E+00   0.0000000E+00   0.0000000E+00   0.0000000E+00
   1.5029894E+00   1.6995272E+04   1.6995272E+04   2.2493019E-03   1.4706577E-04   2.8004547E-03   1.6918534E+04   1.6995272E+04   1.5392538E+04   0.0000000E+00   0.0000000E+00   0.0000000E+00   0.0000000E+00
   1.6151003E+00   1.5070154E+04   1.5070154E+04   1.7265767E-03   1.1293234E-04   2.0812043E-03   1.5002108E+04   1.5070154E+04   1.3648968E+04   0.0000000E+00   0.0000000E+00   0.0000000E+00   0.0000000E+00
   1.7355930E+00   1.3356637E+04   1.3356637E+04   1.3250702E-03   8.6677232E-05   1.5843211E-03   1.3296328E+04   1.3356637E+04   1.2097043E+04   0.0000000E+00   0.0000000E+00   0.0000000E+00   0.0000000E+00
   1.8650803E+00   1.1832600E+04   1.1832600E+04   1.0165017E-03   6.6495674E-05   1.2223377E-03   1.1779172E+04   1.1832600E+04   1.0716730E+04   0.0000000E+00   0.0000000E+00   0.0000000E+00   0.0000000E+00
   2.0042296E+00   1.0477892E+04   1.0477892E+04   7.7945880E-04   5.0990701E-05   9.5396965E-04   1.0430581E+04   1.0477892E+04   9.4897768E+03   0.0000000E+00   0.0000000E+00   0.0000000E+00   0.0000000E+00
   2.1537608E+00   9.2743681E+03   9.2743681E+03   5.9744445E-04   3.9084687E-05   7.4117257E-04   9.2324911E+03   9.2743681E+03   8.3997509E+03   0.0000000E+00   0.0000000E+00   0.0000000E+00   0.0000000E+00
   2.3144482E+00   8.2057537E+03   8.2057537E+03   4.5774808E-04   2.9946614E-05   5.3269792E-04   8.1687018E+03   8.2057537E+03   7.4319119E+03   0.0000000E+00   0.0000000E+00   0.0000000E+00   0.0000000E+00
   2.4871242E+00   7.2573920E+03   7.2573920E+03   3.5057874E-04   2.2935907E-05   4.0900432E-04   7.2246222E+03   7.2573920E+03   6.5729851E+03   0.0000000E+00   0.0000000E+00   0.0000000E+00   0.0000000E+00
   2.6726831E+00   6.4161788E+03   6.4161788E+03   2.6839896E-04   1.7559811E-05   3.2168010E-04   6.3872073E+03   6.4161788E+03   5.8111024E+03   0.0000000E+00   0.0000000E+00   0.0000000E+00   0.0000000E+00
   2.8720862E+00   5.6703691E+03   5.6703691E+03   2.0539920E-04   1.3438883E-05   2.5563867E-04   5.6447652E+03   5.6703691E+03   5.1356260E+03   0.0000000E+00   0.0000000E+00   0.0000000E+00   0.0000000E+00
   3.0863663E+00   5.0094485E+03   5.0094485E+03   1.5708257E-04   1.0281400E-05   1.9981286E-04   4.9868288E+03   5.0094485E+03   4.5370334E+03   0.0000000E+00   0.0000000E+00   0.0000000E+00   0.0000000E+00
   3.3166334E+00   4.4240179E+03   4.4240179E+03   1.2016815E-04   7.8630559E-06   1.4716621E-04   4.4040418E+03   4.4240179E+03   4.0068118E+03   0.0000000E+00   0.0000000E+00   0.0000000E+00   0.0000000E+00
   3.5640802E+00   3.9056809E+03   3.9056809E+03   9.1885641E-05   6.0115199E-06   1.0812859E-04   3.8880452E+03   3.9056809E+03   3.5373563E+03   0.0000000E+00   0.0000000E+00   0.0000000E+00   0.0000000E+00
   3.8299885E+00   3.4469412E+03   3.4469412E+03   7.0220575E-05   4.5944940E-06   8.3968003E-05   3.4313769E+03   3.4469412E+03   3.1218780E+03   0.0000000E+00   0.0000000E+00   0.0000000E+00   0.0000000E+00
   4.1157356E+00   3.0411119E+03   3.0411119E+03   5.3648360E-05   3.5103901E-06   5.9489108E-05   3.0273800E+03   3.0411119E+03   2.7543204E+03   0.0000000E+00   0.0000000E+00   0.0000000E+00   0.0000000E+00
   4.4228017E+00   2.6822319E+03   2.6822319E+03   4.0983751E-05   2.6812688E-06   4.3264699E-05   2.6701205E+03   2.6822319E+03   2.4292845E+03   0.0000000E+00   0.0000000E+00   0.0000000E+00   0.0000000E+00
   4.7527773E+00   2.3649911E+03   2.3649911E+03   3.1287319E-05   2.0473716E-06   4.3150877E-05   2.3543122E+03   2.3649911E+03   2.1419610E+03   0.0000000E+00   0.0000000E+00   0.0000000E+00   0.0000000E+00
   5.1073717E+00   2.0846619E+03   2.0846619E+03   2.3881286E-05   1.5629023E-06   3.0212369E-05   2.0752488E+03   2.0846619E+03   1.8880682E+03   0.0000000E+00   0.0000000E+00   0.0000000E+00   0.0000000E+00
   5.4884216E+00   1.8370385E+03   1.8370385E+03   1.8223572E-05   1.1927449E-06   1.7502174E-05   1.8287436E+03   1.8370385E+03   1.6637969E+03   0.0000000E+00   0.0000000E+00   0.0000000E+00   0.0000000E+00
   5.8979009E+00   1.6183812E+03   1.6183812E+03   1.3905079E-05   9.1001135E-07   1.8016402E-05   1.6110736E+03   1.6183812E+03   1.4657601E+03   0.0000000E+00   0.0000000E+00   0.0000000E+00   0.0000000E+00
   6.3379304E+00   1.4253668E+03   1.4253668E+03   1.0599023E-05   6.9412230E-07   1.4750456E-05   1.4189306E+03   1.4253668E+03   1.2909478E+03   0.0000000E+00   0.0000000E+00   0.0000000E+00   0.0000000E+00
   6.8107897E+00   1.2550436E+03   1.2550436E+03   8.0849962E-06   5.2932074E-07   1.0438045E-05   1.2493765E+03   1.2550436E+03   1.1366869E+03   0.0000000E+00   0.0000000E+00   0.0000000E+00   0.0000000E+00
   7.3189279E+00   1.1047917E+03   1.1047917E+03   6.1650193E-06   4.0355042E-07   8.0923709E-06   1.0998031E+03   1.1047917E+03   1.0006045E+03   0.0000000E+00   0.0000000E+00   0.0000000E+00   0.0000000E+00
   7.8649772E+00   9.7228668E+02   9.7228668E+02   4.6971924E-06   3.0759472E-07   5.7304284E-06   9.6789640E+02   9.7228668E+02   8.8059534E+02   0.0000000E+00   0.0000000E+00   0.0000000E+00   0.0000000E+00
   8.4517661E+00   8.5546735E+02   8.5546735E+02   3.5787663E-06   2.3440391E-07   3.7758904E-06   8.5160456E+02   8.5546735E+02   7.7479265E+02   0.0000000E+00   0.0000000E+00   0.0000000E+00   0.0000000E+00
   9.0823340E+00   7.5250676E+02   7.5250676E+02   2.7261766E-06   1.7859147E-07   2.7429317E-06   7.4910887E+02   7.5250676E+02   6.8154173E+02   0.0000000E+00   0.0000000E+00   0.0000000E+00   0.0000000E+00
   9.7599472E+00   6.6178636E+02   6.6178636E+02   2.0759310E-06   1.3604139E-07   2.7337659E-06   6.5879812E+02   6.6178636E+02   5.9937671E+02   0.0000000E+00   0.0000000E+00   0.0000000E+00   0.0000000E+00
   1.0488116E+01   5.8187294E+02   5.8187294E+02   1.5809332E-06   1.0360954E-07   2.7167920E-06   5.7924554E+02   5.8187294E+02   5.2699951E+02   0.0000000E+00   0.0000000E+00   0.0000000E+00   0.0000000E+00
