#           k/h    CDM            baryon         photon         nu             mass_nu        total          no_nu          total_de       Weyl           v_CDM          v_b            v_b-v_c     
   1.1006498E-05   4.2852493E+06   4.2852493E+06   5.7130849E+06   2.7811942E+04   1.4035715E+05   4.2854611E+06   4.2852493E+06   4.1147491E+06   0.0000000E+00   0.0000000E+00   0.0000000E+00   0.0000000E+00
   1.1827669E-05   4.2852485E+06   4.2852485E+06   5.7129940E+06   2.7811750E+04   1.4035616E+05   4.2854602E+06   4.2852485E+06   4.1147482E+06   0.0000000E+00   0.0000000E+00   0.0000000E+00   0.0000000E+00
   1.2710106E-05   4.2852476E+06   4.2852476E+06   5.7128890E+06   2.7811529E+04   1.4035501E+05   4.2854592E+06   4.2852476E+06   4.1147473E+06   0.0000000E+00   0.0000000E+00   0.0000000E+00   0.0000000E+00
   1.3658379E-05   4.2852465E+06   4.2852465E+06   5.7127678E+06   2.7811273E+04   1.4035368E+05   4.2854581E+06   4.2852465E+06   4.1147462E+06   0.0000000E+00   0.0000000E+00   0.0000000E+00   0.0000000E+00
   1.4677401E-05   4.2852453E+06   4.2852453E+06   5.7126277E+06   2.7810977E+04   1.4035215E+05   4.2854568E+06   4.2852453E+06   4.1147449E+06   0.0000000E+00   0.0000000E+00   0.0000000E+00   0.0000000E+00
   1.5772450E-05   4.2852439E+06   4.2852439E+06   5.7124660E+06   2.7810636E+04   1.4035039E+05   4.2854553E+06   4.2852439E+06   4.1147434E+06   0.0000000E+00   0.0000000E+00   0.0000000E+00   0.0000000E+00
   1.6949198E-05   4.2852423E+06   4.2852423E+06   5.7122793E+06   2.7810242E+04   1.4034834E+05   4.2854535E+06   4.2852423E+06   4.1147417E+06   0.0000000E+00   0.0000000E+00   0.0000000E+00   0.0000000E+00
   1.8213741E-05   4.2852404E+06   4.2852404E+06   5.7120637E+06   2.7809787E+04   1.4034599E+05   4.2854515E+06   4.2852404E+06   4.1147397E+06   0.0000000E+00   0.0000000E+00   0.0000000E+00   0.0000000E+00
   1.9572629E-05   4.2852383E+06   4.2852383E+06   5.7118148E+06   2.7809262E+04   1.4034326E+05   4.2854491E+06   4.2852383E+06   4.1147375E+06   0.0000000E+00   0.0000000E+00   0.0000000E+00   0.0000000E+00
   2.1032900E-05   4.2852358E+06   4.2852358E+06   5.7115273E+06   2.7808655E+04   1.4034012E+05   4.2854464E+06   4.2852358E+06   4.1147349E+06   0.0000000E+00   0.0000000E+00   0.0000000E+00   0.0000000E+00
   2.2602119E-05   4.2852329E+06   4.2852329E+06   5.7111953E+06   2.7807954E+04   1.4033649E+05   4.2854433E+06   4.2852329E+06   4.1147318E+06   0.0000000E+00   0.0000000E+00   0.0000000E+00   0.0000000E+00
   2.4288414E-05   4.2852296E+06   4.2852296E+06   5.7108120E+06   2.7807145E+04   1.4033230E+05   4.2854397E+06   4.2852296E+06   4.1147283E+06   0.0000000E+00   0.0000000E+00   0.0000000E+00   0.0000000E+00
   2.6100520E-05   4.2852257E+06   4.2852257E+06   5.7103694E+06   2.7806211E+04   1.4032746E+05   4.2854356E+06   4.2852257E+06   4.1147243E+06   0.0000000E+00   0.0000000E+00   0.0000000E+00   0.0000000E+00
   2.8047823E-05   4.2852213E+06   4.2852213E+06   5.7098583E+06   2.7805133E+04   1.4032187E+05   4.2854308E+06   4.2852213E+06   4.1147196E+06   0.0000000E+00   0.0000000E+00   0.0000000E+00   0.0000000E+00
   3.0140411E-05   4.2852162E+06   4.2852162E+06   5.7092681E+06   2.7803887E+04   1.4031541E+05   4.2854252E+06   4.2852162E+06   4.1147142E+06   0.0000000E+00   0.0000000E+00   0.0000000E+00   0.0000000E+00
   3.2389121E-05   4.2852103E+06   4.2852103E+06   5.7085867E+06   2.7802449E+04   1.4030796E+05   4.2854188E+06   4.2852103E+06   4.1147080E+06   0.0000000E+00   0.0000000E+00   0.0000000E+00   0.0000000E+00
   3.4805603E-05   4.2852035E+06   4.2852035E+06   5.7077999E+06   2.7800788E+04   1.4029935E+05   4.2854114E+06   4.2852035E+06   4.1147008E+06   0.0000000E+00   0.0000000E+00   0.0000000E+00   0.0000000E+00
   3.7402374E-05   4.2851956E+06   4.2851956E+06   5.7068915E+06   2.7798870E+04   1.4028942E+05   4.2854029E+06   4.2851956E+06   4.1146925E+06   0.0000000E+00   0.0000000E+00   0.0000000E+00   0.0000000E+00
   4.0192884E-05   4.2851865E+06   4.2851865E+06   5.7058426E+06   2.7796656E+04   1.4027794E+05   4.2853930E+06   4.2851865E+06   4.1146830E+06   0.0000000E+00   0.0000000E+00   0.0000000E+00   0.0000000E+00
   4.3191587E-05   4.2851760E+06   4.2851760E+06   5.7046316E+06   2.7794099E+04   1.4026470E+05   4.2853816E+06   4.2851760E+06   4.1146719E+06   0.0000000E+00   0.0000000E+00   0.0000000E+00   0.0000000E+00
   4.6414018E-05   4.2851639E+06   4.2851639E+06   5.7032334E+06   2.7791147E+04   1.4024940E+05   4.2853685E+06   4.2851639E+06   4.1146591E+06   0.0000000E+00   0.0000000E+00   0.0000000E+00   0.0000000E+00
   4.9876867E-05   4.2851499E+06   4.2851499E+06   5.7016193E+06   2.7787739E+04   1.4023174E+05   4.2853533E+06   4.2851499E+06   4.1146444E+06   0.0000000E+00   0.0000000E+00   0.0000000E+00   0.0000000E+00
   5.3598072E-05   4.2851338E+06   4.2851338E+06   5.6997558E+06   2.7783803E+04   1.4021135E+05   4.2853357E+06   4.2851338E+06   4.1146274E+06   0.0000000E+00   0.0000000E+00   0.0000000E+00   0.0000000E+00
   5.7596907E-05   4.2851151E+06   4.2851151E+06   5.6976046E+06   2.7779260E+04   1.4018782E+05   4.2853155E+06   4.2851151E+06   4.1146077E+06   0.0000000E+00   0.0000000E+00   0.0000000E+00   0.0000000E+00
   6.1894088E-05   4.2850936E+06   4.2850936E+06   5.6951214E+06   2.7774014E+04   1.4016064E+05   4.2852921E+06   4.2850936E+06   4.1145850E+06   0.0000000E+00   0.0000000E+00   0.0000000E+00   0.0000000E+00
   6.6511871E-05   4.2850687E+06   4.2850687E+06   5.6922552E+06   2.7767958E+04   1.4012927E+05   4.2852651E+06   4.2850687E+06   4.1145588E+06   0.0000000E+00   0.0000000E+00   0.0000000E+00   0.0000000E+00
   7.1474177E-05   4.2850400E+06   4.2850400E+06   5.6889470E+06   2.7760967E+04   1.4009306E+05   4.2852339E+06   4.2850400E+06   4.1145286E+06   0.0000000E+00   0.0000000E+00   0.0000000E+00   0.0000000E+00
   7.6806710E-05   4.2850068E+06   4.2850068E+06   5.6851290E+06   2.7752897E+04   1.4005127E+05   4.2851979E+06   4.2850068E+06   4.1144936E+06   0.0000000E+00   0.0000000E+00   0.0000000E+00   0.0000000E+00
   8.2537092E-05   4.2849685E+06   4.2849685E+06   5.6807231E+06   2.7743582E+04   1.4000303E+05   4.2851564E+06   4.2849685E+06   4.1144533E+06   0.0000000E+00   0.0000000E+00   0.0000000E+00   0.0000000E+00
   8.8695005E-05   4.2849243E+06   4.2849243E+06   5.6756393E+06   2.7732830E+04   1.3994735E+05   4.2851084E+06   4.2849243E+06   4.1144067E+06   0.0000000E+00   0.0000000E+00   0.0000000E+00   0.0000000E+00
   9.5312347E-05   4.2848733E+06   4.2848733E+06   5.6697739E+06   2.7720421E+04   1.3988310E+05   4.2850530E+06   4.2848733E+06   4.1143529E+06   0.0000000E+00   0.0000000E+00   0.0000000E+00   0.0000000E+00
   1.0242339E-04   4.2848144E+06   4.2848144E+06   5.6630079E+06   2.7706101E+04   1.3980897E+05   4.2849891E+06   4.2848144E+06   4.1142909E+06   0.0000000E+00   0.0000000E+00   0.0000000E+00   0.0000000E+00
   1.1006498E-04   4.2847464E+06   4.2847464E+06   5.6552041E+06   2.7689576E+04   1.3972344E+05   4.2849152E+06   4.2847464E+06   4.1142192E+06   0.0000000E+00   0.0000000E+00   0.0000000E+00   0.0000000E+00
   1.1827669E-04   4.2846679E+06   4.2846679E+06   5.6462051E+06   2.7670511E+04   1.3962477E+05   4.2848300E+06   4.2846679E+06   4.1141365E+06   0.0000000E+00   0.0000000E+00   0.0000000E+00   0.0000000E+00
   1.2710106E-04   4.2845772E+06   4.2845772E+06   5.6358301E+06   2.7648516E+04   1.3951097E+05   4.2847317E+06   4.2845772E+06   4.1140410E+06   0.0000000E+00   0.0000000E+00   0.0000000E+00   0.0000000E+00
   1.3658379E-04   4.2844726E+06   4.2844726E+06   5.6238718E+06   2.7623146E+04   1.3937975E+05   4.2846181E+06   4.2844726E+06   4.1139308E+06   0.0000000E+00   0.0000000E+00   0.0000000E+00   0.0000000E+00
   1.4677401E-04   4.2843519E+06   4.2843519E+06   5.6100926E+06   2.7593888E+04   1.3922845E+05   4.2844871E+06   4.2843519E+06   4.1138036E+06   0.0000000E+00   0.0000000E+00   0.0000000E+00   0.0000000E+00
   1.5772450E-04   4.2842125E+06   4.2842125E+06   5.5942204E+06   2.7560154E+04   1.3905407E+05   4.2843359E+06   4.2842125E+06   4.1136569E+06   0.0000000E+00   0.0000000E+00   0.0000000E+00   0.0000000E+00
   1.6949198E-04   4.2840517E+06   4.2840517E+06   5.5759445E+06   2.7521267E+04   1.3885312E+05   4.2841614E+06   4.2840517E+06   4.1134875E+06   0.0000000E+00   0.0000000E+00   0.0000000E+00   0.0000000E+00
   1.8213741E-04   4.2838662E+06   4.2838662E+06   5.5549104E+06   2.7476454E+04   1.3862166E+05   4.2839601E+06   4.2838662E+06   4.1132921E+06   0.0000000E+00   0.0000000E+00   0.0000000E+00   0.0000000E+00
   1.9572629E-04   4.2836522E+06   4.2836522E+06   5.5307144E+06   2.7424826E+04   1.3835513E+05   4.2837279E+06   4.2836522E+06   4.1130667E+06   0.0000000E+00   0.0000000E+00   0.0000000E+00   0.0000000E+00
   2.1032900E-04   4.2834053E+06   4.2834053E+06   5.5028979E+06   2.7365371E+04   1.3804838E+05   4.2834600E+06   4.2834053E+06   4.1128068E+06   0.0000000E+00   0.0000000E+00   0.0000000E+00   0.0000000E+00
   2.2602119E-04   4.2831205E+06   4.2831205E+06   5.4709414E+06   2.7296929E+04   1.3769550E+05   4.2831511E+06   4.2831205E+06   4.1125070E+06   0.0000000E+00   0.0000000E+00   0.0000000E+00   0.0000000E+00
   2.4288414E-04   4.2827922E+06   4.2827922E+06   5.4342581E+06   2.7218182E+04   1.3728979E+05   4.2827949E+06   4.2827922E+06   4.1121613E+06   0.0000000E+00   0.0000000E+00   0.0000000E+00   0.0000000E+00
   2.6100520E-04   4.2824136E+06   4.2824136E+06   5.3921882E+06   2.7127628E+04   1.3682368E+05   4.2823843E+06   4.2824136E+06   4.1117629E+06   0.0000000E+00   0.0000000E+00   0.0000000E+00   0.0000000E+00
   2.8047823E-04   4.2819773E+06   4.2819773E+06   5.3439924E+06   2.7023565E+04   1.3628859E+05   4.2819111E+06   4.2819773E+06   4.1113039E+06   0.0000000E+00   0.0000000E+00   0.0000000E+00   0.0000000E+00
   3.0140411E-04   4.2814746E+06   4.2814746E+06   5.2888474E+06   2.6904069E+04   1.3567486E+05   4.2813660E+06   4.2814746E+06   4.1107750E+06   0.0000000E+00   0.0000000E+00   0.0000000E+00   0.0000000E+00
   3.2389121E-04   4.2808956E+06   4.2808956E+06   5.2258421E+06   2.6766968E+04   1.3497167E+05   4.2807382E+06   4.2808956E+06   4.1101661E+06   0.0000000E+00   0.0000000E+00   0.0000000E+00   0.0000000E+00
   3.4805603E-04   4.2802290E+06   4.2802290E+06   5.1539760E+06   2.6609827E+04   1.3416695E+05   4.2800155E+06   4.2802290E+06   4.1094651E+06   0.0000000E+00   0.0000000E+00   0.0000000E+00   0.0000000E+00
   3.7402374E-04   4.2794618E+06   4.2794618E+06   5.0721614E+06   2.6429925E+04   1.3324732E+05   4.2791840E+06   4.2794618E+06   4.1086587E+06   0.0000000E+00   0.0000000E+00   0.0000000E+00   0.0000000E+00
   4.0192884E-04   4.2785793E+06   4.2785793E+06   4.9792296E+06   2.6224240E+04   1.3219802E+05   4.2782277E+06   4.2785793E+06   4.1077315E+06   0.0000000E+00   0.0000000E+00   0.0000000E+00   0.0000000E+00
   4.3191587E-04   4.2775647E+06   4.2775647E+06   4.8739437E+06   2.5989438E+04   1.3100297E+05   4.2771287E+06   4.2775647E+06   4.1066661E+06   0.0000000E+00   0.0000000E+00   0.0000000E+00   0.0000000E+00
   4.6414018E-04   4.2763993E+06   4.2763993E+06   4.7550207E+06   2.5721874E+04   1.2964478E+05   4.2758666E+06   4.2763993E+06   4.1054428E+06   0.0000000E+00   0.0000000E+00   0.0000000E+00   0.0000000E+00
   4.9876867E-04   4.2750614E+06   4.2750614E+06   4.6211642E+06   2.5417600E+04   1.2810490E+05   4.2744184E+06   4.2750614E+06   4.1040394E+06   0.0000000E+00   0.0000000E+00   0.0000000E+00   0.0000000E+00
   5.3598072E-04   4.2735270E+06   4.2735270E+06   4.4711116E+06   2.5072398E+04   1.2636384E+05   4.2727580E+06   4.2735270E+06   4.1024310E+06   0.0000000E+00   0.0000000E+00   0.0000000E+00   0.0000000E+00
   5.7596907E-04   4.2717690E+06   4.2717690E+06   4.3036990E+06   2.4681829E+04   1.2440156E+05   4.2708566E+06   4.2717690E+06   4.1005897E+06   0.0000000E+00   0.0000000E+00   0.0000000E+00   0.0000000E+00
   6.1894088E-04   4.2697570E+06   4.2697570E+06   4.1179478E+06   2.4241317E+04   1.2219792E+05   4.2686818E+06   4.2697570E+06   4.0984843E+06   0.0000000E+00   0.0000000E+00   0.0000000E+00   0.0000000E+00
   6.6511871E-04   4.2674574E+06   4.2674574E+06   3.9131751E+06   2.3746272E+04   1.1973344E+05   4.2661978E+06   4.2674574E+06   4.0960805E+06   0.0000000E+00   0.0000000E+00   0.0000000E+00   0.0000000E+00
   7.1474177E-04   4.2648328E+06   4.2648328E+06   3.6891306E+06   2.3192259E+04   1.1699015E+05   4.2633648E+06   4.2648328E+06   4.0933404E+06   0.0000000E+00   0.0000000E+00   0.0000000E+00   0.0000000E+00
   7.6806710E-04   4.2618423E+06   4.2618423E+06   3.4461602E+06   2.2575220E+04   1.1395273E+05   4.2601398E+06   4.2618423E+06   4.0902227E+06   0.0000000E+00   0.0000000E+00   0.0000000E+00   0.0000000E+00
   8.2537092E-04   4.2584411E+06   4.2584411E+06   3.1853907E+06   2.1891767E+04   1.1060982E+05   4.2564757E+06   4.2584411E+06   4.0866827E+06   0.0000000E+00   0.0000000E+00   0.0000000E+00   0.0000000E+00
   8.8695005E-04   4.2545809E+06   4.2545809E+06   2.9089280E+06   2.1139532E+04   1.0695543E+05   4.2523220E+06   4.2545809E+06   4.0826722E+06   0.0000000E+00   0.0000000E+00   0.0000000E+00   0.0000000E+00
   9.5312347E-04   4.2502096E+06   4.2502096E+06   2.6200478E+06   2.0317580E+04   1.0299056E+05   4.2476249E+06   4.2502096E+06   4.0781405E+06   0.0000000E+00   0.0000000E+00   0.0000000E+00   0.0000000E+00
   1.0242339E-03   4.2452720E+06   4.2452720E+06   2.3233503E+06   1.9426878E+04   9.8724537E+04   4.2423276E+06   4.2452720E+06   4.0730341E+06   0.0000000E+00   0.0000000E+00   0.0000000E+00   0.0000000E+00
   1.1006498E-03   4.2397100E+06   4.2397100E+06   2.0248341E+06   1.8470769E+04   9.4176159E+04   4.2363715E+06   4.2397100E+06   4.0672978E+06   0.0000000E+00   0.0000000E+00   0.0000000E+00   0.0000000E+00
   1.1827669E-03   4.2334631E+06   4.2334631E+06   1.7318325E+06   1.7455425E+04   8.9374207E+04   4.2296962E+06   4.2334631E+06   4.0608752E+06   0.0000000E+00   0.0000000E+00   0.0000000E+00   0.0000000E+00
   1.2710106E-03   4.2264692E+06   4.2264692E+06   1.4527415E+06   1.6390179E+04   8.4357069E+04   4.2222406E+06   4.2264692E+06   4.0537095E+06   0.0000000E+00   0.0000000E+00   0.0000000E+00   0.0000000E+00
   1.3658379E-03   4.2186647E+06   4.2186647E+06   1.1964725E+06   1.5287661E+04   7.9171255E+04   4.2139440E+06   4.2186647E+06   4.0457446E+06   0.0000000E+00   0.0000000E+00   0.0000000E+00   0.0000000E+00
   1.4677401E-03   4.2099853E+06   4.2099853E+06   9.7158017E+05   1.4163592E+04   7.3868794E+04   4.2047464E+06   4.2099853E+06   4.0369249E+06   0.0000000E+00   0.0000000E+00   0.0000000E+00   0.0000000E+00
   1.5772450E-03   4.2003662E+06   4.2003662E+06   7.8507231E+05   1.3036144E+04   6.8503845E+04   4.1945888E+06   4.2003662E+06   4.0271963E+06   0.0000000E+00   0.0000000E+00   0.0000000E+00   0.0000000E+00
   1.6949198E-03   4.1897417E+06   4.1897417E+06   6.4100903E+05   1.1924760E+04   6.3129411E+04   4.1834132E+06   4.1897417E+06   4.0165049E+06   0.0000000E+00   0.0000000E+00   0.0000000E+00   0.0000000E+00
   1.8213741E-03   4.1780444E+06   4.1780444E+06   5.3914403E+05   1.0848455E+04   5.7795584E+04   4.1711616E+06   4.1780444E+06   4.0047965E+06   0.0000000E+00   0.0000000E+00   0.0000000E+00   0.0000000E+00
   1.9572629E-03   4.1652044E+06   4.1652044E+06   4.7403308E+05   9.8237641E+03   5.2550957E+04   4.1577744E+06   4.1652044E+06   3.9920144E+06   0.0000000E+00   0.0000000E+00   0.0000000E+00   0.0000000E+00
   2.1032900E-03   4.1511477E+06   4.1511477E+06   4.3516185E+05   8.8626786E+03   4.7448190E+04   4.1431881E+06   4.1511477E+06   3.9780971E+06   0.0000000E+00   0.0000000E+00   0.0000000E+00   0.0000000E+00
   2.2602119E-03   4.1357948E+06   4.1357948E+06   4.0860987E+05   7.9711787E+03   4.2552636E+04   4.1273326E+06   4.1357948E+06   3.9629755E+06   0.0000000E+00   0.0000000E+00   0.0000000E+00   0.0000000E+00
   2.4288414E-03   4.1190601E+06   4.1190601E+06   3.8041521E+05   7.1490024E+03   3.7949183E+04   4.1101300E+06   4.1190601E+06   3.9465710E+06   0.0000000E+00   0.0000000E+00   0.0000000E+00   0.0000000E+00
   2.6100520E-03   4.1008524E+06   4.1008524E+06   3.4103410E+05   6.3911525E+03   3.3738599E+04   4.0914928E+06   4.1008524E+06   3.9287956E+06   0.0000000E+00   0.0000000E+00   0.0000000E+00   0.0000000E+00
   2.8047823E-03   4.0810767E+06   4.0810767E+06   2.8922823E+05   5.6910336E+03   3.0014106E+04   4.0713255E+06   4.0810767E+06   3.9095527E+06   0.0000000E+00   0.0000000E+00   0.0000000E+00   0.0000000E+00
   3.0140411E-03   4.0596363E+06   4.0596363E+06   2.3291919E+05   5.0441718E+03   2.6817263E+04   4.0495270E+06   4.0596363E+06   3.8887405E+06   0.0000000E+00   0.0000000E+00   0.0000000E+00   0.0000000E+00
   3.2389121E-03   4.0364351E+06   4.0364351E+06   1.8503775E+05   4.4505807E+03   2.4092297E+04   4.0259930E+06   4.0364351E+06   3.8662557E+06   0.0000000E+00   0.0000000E+00   0.0000000E+00   0.0000000E+00
   3.4805603E-03   4.0113765E+06   4.0113765E+06   1.5507014E+05   3.9138572E+03   2.1680971E+04   4.0006184E+06   4.0113765E+06   3.8419953E+06   0.0000000E+00   0.0000000E+00   0.0000000E+00   0.0000000E+00
   3.7402374E-03   3.9843606E+06   3.9843606E+06   1.4129131E+05   3.4368063E+03   1.9398429E+04   3.9732962E+06   3.9843606E+06   3.8158559E+06   0.0000000E+00   0.0000000E+00   0.0000000E+00   0.0000000E+00
   4.0192884E-03   3.9552796E+06   3.9552796E+06   1.3112907E+05   3.0164939E+03   1.7171356E+04   3.9439163E+06   3.9552796E+06   3.7877317E+06   0.0000000E+00   0.0000000E+00   0.0000000E+00   0.0000000E+00
   4.3191587E-03   3.9240173E+06   3.9240173E+06   1.1254592E+05   2.6436045E+03   1.5118031E+04   3.9123649E+06   3.9240173E+06   3.7575131E+06   0.0000000E+00   0.0000000E+00   0.0000000E+00   0.0000000E+00
   4.6414018E-03   3.8904541E+06   3.8904541E+06   8.7228469E+04   2.3082708E+03   1.3424975E+04   3.8785284E+06   3.8904541E+06   3.7250909E+06   0.0000000E+00   0.0000000E+00   0.0000000E+00   0.0000000E+00
   4.9876867E-03   3.8544740E+06   3.8544740E+06   6.8671583E+04   2.0071331E+03   1.2077577E+04   3.8422975E+06   3.8544740E+06   3.6903602E+06   0.0000000E+00   0.0000000E+00   0.0000000E+00   0.0000000E+00
   5.3598072E-03   3.8159668E+06   3.8159668E+06   6.2810896E+04   1.7424089E+03   1.0809196E+04   3.8035677E+06   3.8159668E+06   3.6532213E+06   0.0000000E+00   0.0000000E+00   0.0000000E+00   0.0000000E+00
   5.7596907E-03   3.7748229E+06   3.7748229E+06   5.8006815E+04   1.5129023E+03   9.4855953E+03   3.7622331E+06   3.7748229E+06   3.6135730E+06   0.0000000E+00   0.0000000E+00   0.0000000E+00   0.0000000E+00
   6.1894088E-03   3.7309309E+06   3.7309309E+06   4.5661124E+04   1.3109546E+03   8.3558583E+03   3.7181835E+06   3.7309309E+06   3.5713101E+06   0.0000000E+00   0.0000000E+00   0.0000000E+00   0.0000000E+00
   6.6511871E-03   3.6841823E+06   3.6841823E+06   3.6720867E+04   1.1317882E+03   7.5320852E+03   3.6713073E+06   3.6841823E+06   3.5263258E+06   0.0000000E+00   0.0000000E+00   0.0000000E+00   0.0000000E+00
   7.1474177E-03   3.6344723E+06   3.6344723E+06   3.5832010E+04   9.7675819E+02   6.6634799E+03   3.6214934E+06   3.6344723E+06   3.4785142E+06   0.0000000E+00   0.0000000E+00   0.0000000E+00   0.0000000E+00
   7.6806710E-03   3.5816927E+06   3.5816927E+06   2.9973761E+04   8.4270447E+02   5.7672254E+03   3.5686328E+06   3.5816927E+06   3.4277710E+06   0.0000000E+00   0.0000000E+00   0.0000000E+00   0.0000000E+00
   8.2537092E-03   3.5257368E+06   3.5257368E+06   2.3640059E+04   7.2386064E+02   5.1662031E+03   3.5126297E+06   3.5257368E+06   3.3740048E+06   0.0000000E+00   0.0000000E+00   0.0000000E+00   0.0000000E+00
   8.8695005E-03   3.4665086E+06   3.4665086E+06   2.2839246E+04   6.2117948E+02   4.5225153E+03   3.4533978E+06   3.4665086E+06   3.3171332E+06   0.0000000E+00   0.0000000E+00   0.0000000E+00   0.0000000E+00
   9.5312347E-03   3.4039129E+06   3.4039129E+06   1.7133964E+04   5.3262651E+02   3.9432453E+03   3.3908323E+06   3.4039129E+06   3.2570559E+06   0.0000000E+00   0.0000000E+00   0.0000000E+00   0.0000000E+00
   1.0242339E-02   3.3378553E+06   3.3378553E+06   1.5566739E+04   4.5526352E+02   3.5198908E+03   3.3248281E+06   3.3378553E+06   3.1936724E+06   0.0000000E+00   0.0000000E+00   0.0000000E+00   0.0000000E+00
   1.1006498E-02   3.2682480E+06   3.2682480E+06   1.2431312E+04   3.8863903E+02   3.0250723E+03   3.2553099E+06   3.2682480E+06   3.1269108E+06   0.0000000E+00   0.0000000E+00   0.0000000E+00   0.0000000E+00
   1.1827669E-02   3.1950096E+06   3.1950096E+06   1.1149295E+04   3.3078883E+02   2.7073480E+03   3.1821995E+06   3.1950096E+06   3.0566962E+06   0.0000000E+00   0.0000000E+00   0.0000000E+00   0.0000000E+00
   1.2710106E-02   3.1180685E+06   3.1180685E+06   8.8166807E+03   2.8133697E+02   2.3137860E+03   3.1054141E+06   3.1180685E+06   2.9829496E+06   0.0000000E+00   0.0000000E+00   0.0000000E+00   0.0000000E+00
   1.3658379E-02   3.0373654E+06   3.0373654E+06   8.2963567E+03   2.3846095E+02   2.0261833E+03   3.0249023E+06   3.0373654E+06   2.9056216E+06   0.0000000E+00   0.0000000E+00   0.0000000E+00   0.0000000E+00
   1.4677401E-02   2.9528603E+06   2.9528603E+06   6.2285304E+03   2.0173937E+02   1.7730952E+03   2.9406216E+06   2.9528603E+06   2.8246717E+06   0.0000000E+00   0.0000000E+00   0.0000000E+00   0.0000000E+00
   1.5772450E-02   2.8645379E+06   2.8645379E+06   5.3208607E+03   1.7031116E+02   1.5002245E+03   2.8525531E+06   2.8645379E+06   2.7400820E+06   0.0000000E+00   0.0000000E+00   0.0000000E+00   0.0000000E+00
   1.6949198E-02   2.7724185E+06   2.7724185E+06   4.8223929E+03   1.4330075E+02   1.3059511E+03   2.7607211E+06   2.7724185E+06   2.6518760E+06   0.0000000E+00   0.0000000E+00   0.0000000E+00   0.0000000E+00
   1.8213741E-02   2.6765703E+06   2.6765703E+06   3.9675854E+03   1.2027531E+02   1.1372891E+03   2.6651888E+06   2.6765703E+06   2.5601146E+06   0.0000000E+00   0.0000000E+00   0.0000000E+00   0.0000000E+00
   1.9572629E-02   2.5771248E+06   2.5771248E+06   3.1485672E+03   1.0063875E+02   9.7627959E+02   2.5660888E+06   2.5771248E+06   2.4649253E+06   0.0000000E+00   0.0000000E+00   0.0000000E+00   0.0000000E+00
   2.1032899E-02   2.4742953E+06   2.4742953E+06   2.5583787E+03   8.3969024E+01   8.3100379E+02   2.4636305E+06   2.4742953E+06   2.3665093E+06   0.0000000E+00   0.0000000E+00   0.0000000E+00   0.0000000E+00
   2.2602112E-02   2.3683987E+06   2.3683987E+06   2.1380115E+03   6.9833478E+01   7.0567127E+02   2.3581311E+06   2.3683987E+06   2.2651715E+06   0.0000000E+00   0.0000000E+00   0.0000000E+00   0.0000000E+00
   2.4288375E-02   2.2598800E+06   2.2598800E+06   1.7990975E+03   5.7870392E+01   5.9737148E+02   2.2500306E+06   2.2598800E+06   2.1613345E+06   0.0000000E+00   0.0000000E+00   0.0000000E+00   0.0000000E+00
   2.6100322E-02   2.1493377E+06   2.1493377E+06   1.5261238E+03   4.7801201E+01   5.0144469E+02   2.1399249E+06   2.1493377E+06   2.0555709E+06   0.0000000E+00   0.0000000E+00   0.0000000E+00   0.0000000E+00
   2.8046972E-02   2.0375540E+06   2.0375540E+06   1.2439679E+03   3.9349485E+01   4.1497949E+02   2.0285922E+06   2.0375540E+06   1.9486283E+06   0.0000000E+00   0.0000000E+00   0.0000000E+00   0.0000000E+00
   3.0137200E-02   1.9255297E+06   1.9255297E+06   9.7971958E+02   3.2281322E+01   3.5050331E+02   1.9170276E+06   1.9255297E+06   1.8414625E+06   0.0000000E+00   0.0000000E+00   0.0000000E+00   0.0000000E+00
   3.2378432E-02   1.8145280E+06   1.8145280E+06   8.3680692E+02   2.6411752E+01   2.9038526E+02   1.8064879E+06   1.8145280E+06   1.7352810E+06   0.0000000E+00   0.0000000E+00   0.0000000E+00   0.0000000E+00
   3.4773940E-02   1.7061175E+06   1.7061175E+06   6.5191794E+02   2.1570246E+01   2.4385312E+02   1.6985339E+06   1.7061175E+06   1.6315831E+06   0.0000000E+00   0.0000000E+00   0.0000000E+00   0.0000000E+00
   3.7318522E-02   1.6021704E+06   1.6021704E+06   5.4240901E+02   1.7617670E+01   1.9789750E+02   1.5950290E+06   1.6021704E+06   1.5321586E+06   0.0000000E+00   0.0000000E+00   0.0000000E+00   0.0000000E+00
   3.9993722E-02   1.5047275E+06   1.5047275E+06   4.6259445E+02   1.4423624E+01   1.6792465E+02   1.4980040E+06   1.5047275E+06   1.4389585E+06   0.0000000E+00   0.0000000E+00   0.0000000E+00   0.0000000E+00
   4.2766181E-02   1.4156496E+06   1.4156496E+06   3.6140719E+02   1.1878200E+01   1.4253123E+02   1.4093106E+06   1.4156496E+06   1.3537614E+06   0.0000000E+00   0.0000000E+00   0.0000000E+00   0.0000000E+00
   4.5593118E-02   1.3361267E+06   1.3361267E+06   2.8847328E+02   9.8700840E+00   1.1772180E+02   1.3301328E+06   1.3361267E+06   1.2777048E+06   0.0000000E+00   0.0000000E+00   0.0000000E+00   0.0000000E+00
   4.8433932E-02   1.2663356E+06   1.2663356E+06   2.5147783E+02   8.2920486E+00   9.7782220E+01   1.2606459E+06   1.2663356E+06   1.2109570E+06   0.0000000E+00   0.0000000E+00   0.0000000E+00   0.0000000E+00
   5.1260462E-02   1.2054927E+06   1.2054927E+06   2.2505896E+02   7.0472029E+00   8.4959529E+01   1.2000690E+06   1.2054927E+06   1.1527680E+06   0.0000000E+00   0.0000000E+00   0.0000000E+00   0.0000000E+00
   5.4059937E-02   1.1522204E+06   1.1522204E+06   1.9050813E+02   6.0549007E+00   7.6095389E+01   1.1470304E+06   1.1522204E+06   1.1018201E+06   0.0000000E+00   0.0000000E+00   0.0000000E+00   0.0000000E+00
   5.6831763E-02   1.1049497E+06   1.1049497E+06   1.5661678E+02   5.2529651E+00   6.6418391E+01   1.0999676E+06   1.1049497E+06   1.0566124E+06   0.0000000E+00   0.0000000E+00   0.0000000E+00   0.0000000E+00
   5.9582581E-02   1.0621867E+06   1.0621867E+06   1.3736230E+02   4.5934887E+00   5.6798052E+01   1.0573933E+06   1.0621867E+06   1.0157163E+06   0.0000000E+00   0.0000000E+00   0.0000000E+00   0.0000000E+00
   6.2322345E-02   1.0226365E+06   1.0226365E+06   1.2749005E+02   4.0414513E+00   5.0407932E+01   1.0180181E+06   1.0226365E+06   9.7789310E+05   0.0000000E+00   0.0000000E+00   0.0000000E+00   0.0000000E+00
   6.5061971E-02   9.8524071E+05   9.8524071E+05   1.1263861E+02   3.5723089E+00   4.6477542E+01   9.8078818E+05   9.8524071E+05   9.4213069E+05   0.0000000E+00   0.0000000E+00   0.0000000E+00   0.0000000E+00
   6.7812166E-02   9.4917670E+05   9.4917670E+05   9.4070929E+01   3.1683101E+00   4.1501104E+01   9.4488456E+05   9.4917670E+05   9.0764226E+05   0.0000000E+00   0.0000000E+00   0.0000000E+00   0.0000000E+00
   7.0582945E-02   9.1384446E+05   9.1384446E+05   8.3788943E+01   2.8163136E+00   3.5624766E+01   9.0970983E+05   9.1384446E+05   8.7385399E+05   0.0000000E+00   0.0000000E+00   0.0000000E+00   0.0000000E+00
   7.3383509E-02   8.7885124E+05   8.7885124E+05   7.9367538E+01   2.5066460E+00   3.1781411E+01   8.7487295E+05   8.7885124E+05   8.4039024E+05   0.0000000E+00   0.0000000E+00   0.0000000E+00   0.0000000E+00
   7.6222269E-02   8.4399596E+05   8.4399596E+05   7.1420151E+01   2.2323245E+00   2.9673131E+01   8.4017371E+05   8.4399596E+05   8.0705869E+05   0.0000000E+00   0.0000000E+00   0.0000000E+00   0.0000000E+00
   7.9106953E-02   8.0925223E+05   8.0925223E+05   6.0841586E+01   1.9884311E+00   2.7098034E+01   8.0558580E+05   8.0925223E+05   7.7383408E+05   0.0000000E+00   0.0000000E+00   0.0000000E+00   0.0000000E+00
   8.2044713E-02   7.7474765E+05   7.7474765E+05   5.2330003E+01   1.7711257E+00   2.3892595E+01   7.7123619E+05   7.7474765E+05   7.4083838E+05   0.0000000E+00   0.0000000E+00   0.0000000E+00   0.0000000E+00
   8.5042233E-02   7.4073734E+05   7.4073734E+05   4.6417748E+01   1.5773809E+00   2.1003861E+01   7.3737883E+05   7.4073734E+05   7.0831551E+05   0.0000000E+00   0.0000000E+00   0.0000000E+00   0.0000000E+00
   8.8105832E-02   7.0757016E+05   7.0757016E+05   4.1677349E+01   1.4049197E+00   1.8696738E+01   7.0436098E+05   7.0757016E+05   6.7659906E+05   0.0000000E+00   0.0000000E+00   0.0000000E+00   0.0000000E+00
   9.1241539E-02   6.7564729E+05   6.7564729E+05   3.7448366E+01   1.2518479E+00   1.6847562E+01   6.7258197E+05   6.7564729E+05   6.4607262E+05   0.0000000E+00   0.0000000E+00   0.0000000E+00   0.0000000E+00
   9.4455168E-02   6.4537415E+05   6.4537415E+05   3.3811931E+01   1.1165036E+00   1.5233094E+01   6.4244533E+05   6.4537415E+05   6.1712382E+05   0.0000000E+00   0.0000000E+00   0.0000000E+00   0.0000000E+00
   9.7752370E-02   6.1710832E+05   6.1710832E+05   3.0863392E+01   9.9727229E-01   1.3664861E+01   6.1430703E+05   6.1710832E+05   5.9009458E+05   0.0000000E+00   0.0000000E+00   0.0000000E+00   0.0000000E+00
   1.0113868E-01   5.9110789E+05   5.9110789E+05   2.8104822E+01   8.9256070E-01   1.2032171E+01   5.8842396E+05   5.9110789E+05   5.6523169E+05   0.0000000E+00   0.0000000E+00   0.0000000E+00   0.0000000E+00
   1.0461957E-01   5.6748612E+05   5.6748612E+05   2.4559985E+01   8.0083863E-01   1.0481386E+01   5.6490886E+05   5.6748612E+05   5.4264343E+05   0.0000000E+00   0.0000000E+00   0.0000000E+00   0.0000000E+00
   1.0820046E-01   5.4617906E+05   5.4617906E+05   2.1077055E+01   7.2040735E-01   9.7812320E+00   5.4369802E+05   5.4617906E+05   5.2226861E+05   0.0000000E+00   0.0000000E+00   0.0000000E+00   0.0000000E+00
   1.1188673E-01   5.2693374E+05   5.2693374E+05   2.0144080E+01   6.4966282E-01   9.2178240E+00   5.2453965E+05   5.2693374E+05   5.0386536E+05   0.0000000E+00   0.0000000E+00   0.0000000E+00   0.0000000E+00
   1.1568380E-01   5.0932242E+05   5.0932242E+05   1.8047282E+01   5.8709371E-01   7.7389909E+00   5.0700789E+05   5.0932242E+05   4.8702461E+05   0.0000000E+00   0.0000000E+00   0.0000000E+00   0.0000000E+00
   1.1959708E-01   4.9278618E+05   4.9278618E+05   1.6020161E+01   5.3111565E-01   7.6201631E+00   4.9054640E+05   4.9278618E+05   4.7121195E+05   0.0000000E+00   0.0000000E+00   0.0000000E+00   0.0000000E+00
   1.2363201E-01   4.7670664E+05   4.7670664E+05   1.4656822E+01   4.8056548E-01   6.4083120E+00   4.7453958E+05   4.7670664E+05   4.5583602E+05   0.0000000E+00   0.0000000E+00   0.0000000E+00   0.0000000E+00
   1.2779408E-01   4.6049847E+05   4.6049847E+05   1.3628384E+01   4.3432094E-01   6.1789959E+00   4.5840475E+05   4.6049847E+05   4.4033715E+05   0.0000000E+00   0.0000000E+00   0.0000000E+00   0.0000000E+00
   1.3208883E-01   4.4370945E+05   4.4370945E+05   1.1693308E+01   3.9167766E-01   5.6231993E+00   4.4169177E+05   4.4370945E+05   4.2428290E+05   0.0000000E+00   0.0000000E+00   0.0000000E+00   0.0000000E+00
   1.3652186E-01   4.2610920E+05   4.2610920E+05   1.0423610E+01   3.5219119E-01   4.8494697E+00   4.2417128E+05   4.2610920E+05   4.0745297E+05   0.0000000E+00   0.0000000E+00   0.0000000E+00   0.0000000E+00
   1.4109880E-01   4.0774505E+05   4.0774505E+05   9.4417798E+00   3.1565368E-01   4.2825844E+00   4.0589040E+05   4.0774505E+05   3.8989262E+05   0.0000000E+00   0.0000000E+00   0.0000000E+00   0.0000000E+00
   1.4582539E-01   3.8894595E+05   3.8894595E+05   8.4316854E+00   2.8208210E-01   3.8782951E+00   3.8717660E+05   3.8894595E+05   3.7191641E+05   0.0000000E+00   0.0000000E+00   0.0000000E+00   0.0000000E+00
   1.5070742E-01   3.7026304E+05   3.7026304E+05   7.5306562E+00   2.5160224E-01   3.5606734E+00   3.6857848E+05   3.7026304E+05   3.5405132E+05   0.0000000E+00   0.0000000E+00   0.0000000E+00   0.0000000E+00
   1.5575075E-01   3.5234964E+05   3.5234964E+05   6.8998866E+00   2.2431973E-01   3.2211008E+00   3.5074641E+05   3.5234964E+05   3.3692208E+05   0.0000000E+00   0.0000000E+00   0.0000000E+00   0.0000000E+00
   1.6096134E-01   3.3580137E+05   3.3580137E+05   6.1032168E+00   2.0025506E-01   2.7470289E+00   3.3427327E+05   3.3580137E+05   3.2109822E+05   0.0000000E+00   0.0000000E+00   0.0000000E+00   0.0000000E+00
   1.6634523E-01   3.2099387E+05   3.2099387E+05   5.3842533E+00   1.7924467E-01   2.6345386E+00   3.1953302E+05   3.2099387E+05   3.0693895E+05   0.0000000E+00   0.0000000E+00   0.0000000E+00   0.0000000E+00
   1.7190857E-01   3.0796592E+05   3.0796592E+05   4.9542148E+00   1.6097954E-01   2.2045135E+00   3.0656423E+05   3.0796592E+05   2.9448131E+05   0.0000000E+00   0.0000000E+00   0.0000000E+00   0.0000000E+00
   1.7765762E-01   2.9639189E+05   2.9639189E+05   4.4713205E+00   1.4498777E-01   2.1388077E+00   2.9504276E+05   2.9639189E+05   2.8341395E+05   0.0000000E+00   0.0000000E+00   0.0000000E+00   0.0000000E+00
   1.8359876E-01   2.8566728E+05   2.8566728E+05   3.9057803E+00   1.3076916E-01   1.9111270E+00   2.8436687E+05   2.8566728E+05   2.7315884E+05   0.0000000E+00   0.0000000E+00   0.0000000E+00   0.0000000E+00
   1.8973851E-01   2.7509496E+05   2.7509496E+05   3.5123206E+00   1.1786058E-01   1.6838815E+00   2.7384258E+05   2.7509496E+05   2.6304936E+05   0.0000000E+00   0.0000000E+00   0.0000000E+00   0.0000000E+00
   1.9608357E-01   2.6411901E+05   2.6411901E+05   3.1599688E+00   1.0593766E-01   1.5292022E+00   2.6291651E+05   2.6411901E+05   2.5255392E+05   0.0000000E+00   0.0000000E+00   0.0000000E+00   0.0000000E+00
   2.0264082E-01   2.5252271E+05   2.5252271E+05   2.8759122E+00   9.4855803E-02   1.4144107E+00   2.5137293E+05   2.5252271E+05   2.4146533E+05   0.0000000E+00   0.0000000E+00   0.0000000E+00   0.0000000E+00
   2.0941734E-01   2.4050611E+05   2.4050611E+05   2.6131658E+00   8.4629802E-02   1.2149887E+00   2.3941097E+05   2.4050611E+05   2.2997484E+05   0.0000000E+00   0.0000000E+00   0.0000000E+00   0.0000000E+00
   2.1642050E-01   2.2859534E+05   2.2859534E+05   2.2827876E+00   7.5357314E-02   1.1023396E+00   2.2755438E+05   2.2859534E+05   2.1858557E+05   0.0000000E+00   0.0000000E+00   0.0000000E+00   0.0000000E+00
   2.2365794E-01   2.1740602E+05   2.1740602E+05   2.0299725E+00   6.7130909E-02   9.5637693E-01   2.1641596E+05   2.1740602E+05   2.0788615E+05   0.0000000E+00   0.0000000E+00   0.0000000E+00   0.0000000E+00
   2.3113766E-01   2.0735728E+05   2.0735728E+05   1.8523004E+00   5.9955931E-02   8.5727991E-01   2.0641293E+05   2.0735728E+05   1.9827739E+05   0.0000000E+00   0.0000000E+00   0.0000000E+00   0.0000000E+00
   2.3886803E-01   1.9847382E+05   1.9847382E+05   1.6602656E+00   5.3720013E-02   7.8655621E-01   1.9756988E+05   1.9847382E+05   1.8978288E+05   0.0000000E+00   0.0000000E+00   0.0000000E+00   0.0000000E+00
   2.4685791E-01   1.9038618E+05   1.9038618E+05   1.4892397E+00   4.8230665E-02   6.9898922E-01   1.8951904E+05   1.9038618E+05   1.8204935E+05   0.0000000E+00   0.0000000E+00   0.0000000E+00   0.0000000E+00
   2.5511669E-01   1.8254289E+05   1.8254289E+05   1.3154258E+00   4.3285907E-02   6.1476909E-01   1.8171143E+05   1.8254289E+05   1.7454947E+05   0.0000000E+00   0.0000000E+00   0.0000000E+00   0.0000000E+00
   2.6365436E-01   1.7452437E+05   1.7452437E+05   1.1795387E+00   3.8746559E-02   5.8148873E-01   1.7372940E+05   1.7452437E+05   1.6688205E+05   0.0000000E+00   0.0000000E+00   0.0000000E+00   0.0000000E+00
   2.7248164E-01   1.6627311E+05   1.6627311E+05   1.0468924E+00   3.4569169E-02   5.0655196E-01   1.6551570E+05   1.6627311E+05   1.5899208E+05   0.0000000E+00   0.0000000E+00   0.0000000E+00   0.0000000E+00
   2.8161007E-01   1.5808979E+05   1.5808979E+05   9.3296236E-01   3.0781864E-02   4.4642233E-01   1.5736963E+05   1.5808979E+05   1.5116708E+05   0.0000000E+00   0.0000000E+00   0.0000000E+00   0.0000000E+00
   2.9105213E-01   1.5039235E+05   1.5039235E+05   8.2823600E-01   2.7418964E-02   4.0045484E-01   1.4970723E+05   1.5039235E+05   1.4380669E+05   0.0000000E+00   0.0000000E+00   0.0000000E+00   0.0000000E+00
   3.0082142E-01   1.4340503E+05   1.4340503E+05   7.4011378E-01   2.4473161E-02   3.6827942E-01   1.4275172E+05   1.4340503E+05   1.3712532E+05   0.0000000E+00   0.0000000E+00   0.0000000E+00   0.0000000E+00
   3.1093278E-01   1.3700906E+05   1.3700906E+05   6.7131449E-01   2.1881367E-02   3.2468775E-01   1.3638488E+05   1.3700906E+05   1.3100942E+05   0.0000000E+00   0.0000000E+00   0.0000000E+00   0.0000000E+00
   3.2140253E-01   1.3087062E+05   1.3087062E+05   5.9426230E-01   1.9558447E-02   2.9707316E-01   1.3027438E+05   1.3087062E+05   1.2513976E+05   0.0000000E+00   0.0000000E+00   0.0000000E+00   0.0000000E+00
   3.3224867E-01   1.2473419E+05   1.2473419E+05   5.3019015E-01   1.7444651E-02   2.6031617E-01   1.2416589E+05   1.2473419E+05   1.1927203E+05   0.0000000E+00   0.0000000E+00   0.0000000E+00   0.0000000E+00
   3.4349115E-01   1.1862048E+05   1.1862048E+05   4.7412065E-01   1.5524060E-02   2.3009209E-01   1.1808003E+05   1.1862048E+05   1.1342603E+05   0.0000000E+00   0.0000000E+00   0.0000000E+00   0.0000000E+00
   3.5515224E-01   1.1275131E+05   1.1275131E+05   4.1852330E-01   1.3804677E-02   2.0213656E-01   1.1223758E+05   1.1275131E+05   1.0781386E+05   0.0000000E+00   0.0000000E+00   0.0000000E+00   0.0000000E+00
   3.6725683E-01   1.0729005E+05   1.0729005E+05   3.7520911E-01   1.2283914E-02   1.8202381E-01   1.0680120E+05   1.0729005E+05   1.0259174E+05   0.0000000E+00   0.0000000E+00   0.0000000E+00   0.0000000E+00
   3.7983297E-01   1.0217626E+05   1.0217626E+05   3.3397723E-01   1.0935615E-02   1.6106925E-01   1.0171069E+05   1.0217626E+05   9.7701878E+04   0.0000000E+00   0.0000000E+00   0.0000000E+00   0.0000000E+00
   3.9291238E-01   9.7225073E+04   9.7225073E+04   2.9549595E-01   9.7240307E-03   1.4680577E-01   9.6782060E+04   9.7225073E+04   9.2967502E+04   0.0000000E+00   0.0000000E+00   0.0000000E+00   0.0000000E+00
   4.0653114E-01   9.2352411E+04   9.2352411E+04   2.6242622E-01   8.6287776E-03   1.2845143E-01   9.1931592E+04   9.2352411E+04   8.8308211E+04   0.0000000E+00   0.0000000E+00   0.0000000E+00   0.0000000E+00
   4.2073053E-01   8.7640017E+04   8.7640017E+04   2.3238433E-01   7.6456034E-03   1.1357960E-01   8.7240666E+04   8.7640017E+04   8.3802172E+04   0.0000000E+00   0.0000000E+00   0.0000000E+00   0.0000000E+00
   4.3555806E-01   8.3177387E+04   8.3177387E+04   2.0623198E-01   6.7705637E-03   1.0189568E-01   8.2798363E+04   8.3177387E+04   7.9534958E+04   0.0000000E+00   0.0000000E+00   0.0000000E+00   0.0000000E+00
   4.5106876E-01   7.8925900E+04   7.8925900E+04   1.8234160E-01   5.9902257E-03   8.8856336E-02   7.8566244E+04   7.8925900E+04   7.5469644E+04   0.0000000E+00   0.0000000E+00   0.0000000E+00   0.0000000E+00
   4.6732678E-01   7.4796511E+04   7.4796511E+04   1.6096834E-01   5.2885643E-03   8.0362751E-02   7.4455667E+04   7.4796511E+04   7.1521080E+04   0.0000000E+00   0.0000000E+00   0.0000000E+00   0.0000000E+00
   4.8440749E-01   7.0785293E+04   7.0785293E+04   1.4190065E-01   4.6585433E-03   7.0428555E-02   7.0462723E+04   7.0785293E+04   6.7685514E+04   0.0000000E+00   0.0000000E+00   0.0000000E+00   0.0000000E+00
   5.0240004E-01   6.6936679E+04   6.6936679E+04   1.2458801E-01   4.0954610E-03   5.9669945E-02   6.6631644E+04   6.6936679E+04   6.4005432E+04   0.0000000E+00   0.0000000E+00   0.0000000E+00   0.0000000E+00
   5.2141072E-01   6.3234631E+04   6.3234631E+04   1.0935766E-01   3.5917170E-03   5.4889679E-02   6.2946463E+04   6.3234631E+04   6.0465499E+04   0.0000000E+00   0.0000000E+00   0.0000000E+00   0.0000000E+00
   5.4156731E-01   5.9636931E+04   5.9636931E+04   9.5597369E-02   3.1399583E-03   4.7586061E-02   5.9365155E+04   5.9636931E+04   5.7025344E+04   0.0000000E+00   0.0000000E+00   0.0000000E+00   0.0000000E+00
   5.6302456E-01   5.6148039E+04   5.6148039E+04   8.3234350E-02   2.7353794E-03   4.0880867E-02   5.5892159E+04   5.6148039E+04   5.3689233E+04   0.0000000E+00   0.0000000E+00   0.0000000E+00   0.0000000E+00
   5.8597145E-01   5.2770395E+04   5.2770395E+04   7.2242946E-02   2.3733737E-03   3.4595345E-02   5.2529905E+04   5.2770395E+04   5.0459498E+04   0.0000000E+00   0.0000000E+00   0.0000000E+00   0.0000000E+00
   6.1064022E-01   4.9480060E+04   4.9480060E+04   6.2387648E-02   2.0492169E-03   3.0181949E-02   4.9254563E+04   4.9480060E+04   4.7313250E+04   0.0000000E+00   0.0000000E+00   0.0000000E+00   0.0000000E+00
   6.3731792E-01   4.6272227E+04   4.6272227E+04   5.3553538E-02   1.7593231E-03   2.6034974E-02   4.6061347E+04   4.6272227E+04   4.4245891E+04   0.0000000E+00   0.0000000E+00   0.0000000E+00   0.0000000E+00
   6.6636014E-01   4.3140505E+04   4.3140505E+04   4.5668277E-02   1.5003698E-03   2.3704076E-02   4.2943896E+04   4.3140505E+04   4.1251310E+04   0.0000000E+00   0.0000000E+00   0.0000000E+00   0.0000000E+00
   6.9820629E-01   4.0073669E+04   4.0073669E+04   3.8640565E-02   1.2694924E-03   1.8871504E-02   3.9891035E+04   4.0073669E+04   3.8318775E+04   0.0000000E+00   0.0000000E+00   0.0000000E+00   0.0000000E+00
   7.3339358E-01   3.7068496E+04   3.7068496E+04   3.2393761E-02   1.0642923E-03   1.6993501E-02   3.6899557E+04   3.7068496E+04   3.5445202E+04   0.0000000E+00   0.0000000E+00   0.0000000E+00   0.0000000E+00
   7.7256307E-01   3.4121573E+04   3.4121573E+04   2.6871706E-02   8.8288106E-04   1.3359769E-02   3.3966063E+04   3.4121573E+04   3.2627328E+04   0.0000000E+00   0.0000000E+00   0.0000000E+00   0.0000000E+00
   8.1644550E-01   3.1236918E+04   3.1236918E+04   2.2026317E-02   7.2370665E-04   1.0682359E-02   3.1094553E+04   3.1236918E+04   2.9868997E+04   0.0000000E+00   0.0000000E+00   0.0000000E+00   0.0000000E+00
   8.6580956E-01   2.8426446E+04   2.8426446E+04   1.7823656E-02   5.8563172E-04   8.6794631E-03   2.8296889E+04   2.8426446E+04   2.7181599E+04   0.0000000E+00   0.0000000E+00   0.0000000E+00   0.0000000E+00
   9.2136134E-01   2.5712745E+04   2.5712745E+04   1.4236499E-02   4.6777849E-04   6.6467646E-03   2.5595555E+04   2.5712745E+04   2.4586736E+04   0.0000000E+00   0.0000000E+00   0.0000000E+00   0.0000000E+00
   9.8361541E-01   2.3127488E+04   2.3127488E+04   1.1235359E-02   3.6917211E-04   5.6874379E-03   2.3022080E+04   2.3127488E+04   2.2114691E+04   0.0000000E+00   0.0000000E+00   0.0000000E+00   0.0000000E+00
   1.0528098E+00   2.0704286E+04   2.0704286E+04   8.7793874E-03   2.8848322E-04   4.0677700E-03   2.0609922E+04   2.0704286E+04   1.9797606E+04   0.0000000E+00   0.0000000E+00   0.0000000E+00   0.0000000E+00
   1.1289457E+00   1.8469640E+04   1.8469640E+04   6.8109978E-03   2.2380254E-04   3.6772102E-03   1.8385461E+04   1.8469640E+04   1.7660819E+04   0.0000000E+00   0.0000000E+00   0.0000000E+00   0.0000000E+00
   1.2119436E+00   1.6437317E+04   1.6437317E+04   5.2596836E-03   1.7283127E-04   2.8956455E-03   1.6362400E+04   1.6437317E+04   1.5717494E+04   0.0000000E+00   0.0000000E+00   0.0000000E+00   0.0000000E+00
   1.3018088E+00   1.4607052E+04   1.4607052E+04   4.0509537E-03   1.3311657E-04   1.9219541E-03   1.4540477E+04   1.4607052E+04   1.3967381E+04   0.0000000E+00   0.0000000E+00   0.0000000E+00   0.0000000E+00
   1.3987124E+00   1.2968097E+04   1.2968097E+04   3.1153318E-03   1.0237370E-04   1.3683834E-03   1.2908991E+04   1.2968097E+04   1.2400198E+04   0.0000000E+00   0.0000000E+00   0.0000000E+00   0.0000000E+00
   1.5029894E+00   1.1505375E+04   1.1505375E+04   2.3937006E-03   7.8661310E-05   1.1543542E-03   1.1452936E+04   1.1505375E+04   1.1001532E+04   0.0000000E+00   0.0000000E+00   0.0000000E+00   0.0000000E+00
   1.6151003E+00   1.0202119E+04   1.0202119E+04   1.8381097E-03   6.0403849E-05   9.8259734E-04   1.0155620E+04   1.0202119E+04   9.7553476E+03   0.0000000E+00   0.0000000E+00   0.0000000E+00   0.0000000E+00
   1.7355930E+00   9.0421114E+03   9.0421114E+03   1.4107236E-03   4.6361387E-05   6.8039192E-04   9.0008992E+03   9.0421114E+03   8.6461389E+03   0.0000000E+00   0.0000000E+00   0.0000000E+00   0.0000000E+00
   1.8650803E+00   8.0103768E+03   8.0103768E+03   1.0828536E-03   3.5566509E-05   6.1255131E-04   7.9738669E+03   8.0103768E+03   7.6595860E+03   0.0000000E+00   0.0000000E+00   0.0000000E+00   0.0000000E+00
   2.0042296E+00   7.0932735E+03   7.0932735E+03   8.3000319E-04   2.7273643E-05   4.2354864E-04   7.0609435E+03   7.0932735E+03   6.7826445E+03   0.0000000E+00   0.0000000E+00   0.0000000E+00   0.0000000E+00
   2.1537608E+00   6.2785182E+03   6.2785182E+03   6.3615379E-04   2.0905534E-05   3.3282557E-04   6.2499018E+03   6.2785182E+03   6.0035690E+03   0.0000000E+00   0.0000000E+00   0.0000000E+00   0.0000000E+00
   2.3144482E+00   5.5550933E+03   5.5550933E+03   4.8739519E-04   1.6017815E-05   2.7265183E-04   5.5297740E+03   5.5550933E+03   5.3118243E+03   0.0000000E+00   0.0000000E+00   0.0000000E+00   0.0000000E+00
   2.4871242E+00   4.9130764E+03   4.9130764E+03   3.7328002E-04   1.2268089E-05   1.3269308E-04   4.8906833E+03   4.9130764E+03   4.6979226E+03   0.0000000E+00   0.0000000E+00   0.0000000E+00   0.0000000E+00
   2.6726831E+00   4.3435964E+03   4.3435964E+03   2.8577550E-04   9.3925571E-06   1.0740856E-04   4.3237989E+03   4.3435964E+03   4.1533813E+03   0.0000000E+00   0.0000000E+00   0.0000000E+00   0.0000000E+00
   2.8720862E+00   3.8387021E+03   3.8387021E+03   2.1870338E-04   7.1883781E-06   1.0582168E-04   3.8212058E+03   3.8387021E+03   3.6705973E+03   0.0000000E+00   0.0000000E+00   0.0000000E+00   0.0000000E+00
   3.0863663E+00   3.3912755E+03   3.3912755E+03   1.6731371E-04   5.4994874E-06   1.1051289E-04   3.3758186E+03   3.3912755E+03   3.2427645E+03   0.0000000E+00   0.0000000E+00   0.0000000E+00   0.0000000E+00
   3.3166334E+00   2.9949539E+03   2.9949539E+03   1.2795294E-04   4.2059858E-06   8.7457033E-05   2.9813033E+03   2.9949539E+03   2.8637987E+03   0.0000000E+00   0.0000000E+00   0.0000000E+00   0.0000000E+00
   3.5640802E+00   2.6440529E+03   2.6440529E+03   9.7824444E-05   3.2156420E-06   5.2977573E-05   2.6320016E+03   2.6440529E+03   2.5282643E+03   0.0000000E+00   0.0000000E+00   0.0000000E+00   0.0000000E+00
   3.8299885E+00   2.3334978E+03   2.3334978E+03   7.4768803E-05   2.4577112E-06   1.0312864E-05   2.3228620E+03   2.3334978E+03   2.2313090E+03   0.0000000E+00   0.0000000E+00   0.0000000E+00   0.0000000E+00
   4.1157356E+00   2.0587616E+03   2.0587616E+03   5.7120679E-05   1.8778189E-06   2.6728036E-05   2.0493781E+03   2.0587616E+03   1.9686042E+03   0.0000000E+00   0.0000000E+00   0.0000000E+00   0.0000000E+00
   4.4228017E+00   1.8158091E+03   1.8158091E+03   4.3625601E-05   1.4343238E-06   2.9019064E-05   1.8075328E+03   1.8158091E+03   1.7362910E+03   0.0000000E+00   0.0000000E+00   0.0000000E+00   0.0000000E+00
   4.7527773E+00   1.6010451E+03   1.6010451E+03   3.3310546E-05   1.0952568E-06   1.8100422E-05   1.5937477E+03   1.6010451E+03   1.5309320E+03   0.0000000E+00   0.0000000E+00   0.0000000E+00   0.0000000E+00
   5.1073717E+00   1.4112694E+03   1.4112694E+03   2.5421995E-05   8.3611108E-07   1.0004377E-05   1.4048370E+03   1.4112694E+03   1.3494670E+03   0.0000000E+00   0.0000000E+00   0.0000000E+00   0.0000000E+00
   5.4884216E+00   1.2436347E+03   1.2436347E+03   1.9397472E-05   6.3810688E-07   6.2609927E-06   1.2379664E+03   1.2436347E+03   1.1891734E+03   0.0000000E+00   0.0000000E+00   0.0000000E+00   0.0000000E+00
   5.8979009E+00   1.0956093E+03   1.0956093E+03   1.4800675E-05   4.8686861E-07   1.9399644E-06   1.0906157E+03   1.0956093E+03   1.0476303E+03   0.0000000E+00   0.0000000E+00   0.0000000E+00   0.0000000E+00
   6.3379304E+00   9.6494351E+02   9.6494351E+02   1.1290436E-05   3.7137977E-07   6.9551689E-06   9.6054541E+02   9.6494351E+02   9.2268660E+02   0.0000000E+00   0.0000000E+00   0.0000000E+00   0.0000000E+00
   6.8107897E+00   8.4963909E+02   8.4963909E+02   8.6086520E-06   2.8321928E-07   4.7822040E-07   8.4576653E+02   8.4963909E+02   8.1243161E+02   0.0000000E+00   0.0000000E+00   0.0000000E+00   0.0000000E+00
   7.3189279E+00   7.4792245E+02   7.4792245E+02   6.5628846E-06   2.1593832E-07   1.1837858E-08   7.4451351E+02   7.4792245E+02   7.1516935E+02   0.0000000E+00   0.0000000E+00   0.0000000E+00   0.0000000E+00
   7.8649772E+00   6.5822000E+02   6.5822000E+02   5.0012230E-06   1.6460364E-07   2.0161064E-07   6.5521992E+02   6.5822000E+02   6.2939517E+02   0.0000000E+00   0.0000000E+00   0.0000000E+00   0.0000000E+00
   8.4517661E+00   5.7913636E+02   5.7913636E+02   3.8104202E-06   1.2544673E-07   2.7305340E-06   5.7649673E+02   5.7913636E+02   5.5377476E+02   0.0000000E+00   0.0000000E+00   0.0000000E+00   0.0000000E+00
   9.0823340E+00   5.0943473E+02   5.0943473E+02   2.9028489E-06   9.5586235E-08   2.4859127E-06   5.0711279E+02   5.0943473E+02   4.8712552E+02   0.0000000E+00   0.0000000E+00   0.0000000E+00   0.0000000E+00
   9.7599472E+00   4.4801942E+02   4.4801942E+02   2.2106155E-06   7.2819933E-08   4.3705874E-06   4.4597740E+02   4.4801942E+02   4.2839970E+02   0.0000000E+00   0.0000000E+00   0.0000000E+00   0.0000000E+00
   1.0488116E+01   3.9392014E+02   3.9392014E+02   1.6825794E-06   5.5467007E-08   -1.7001111E-06   3.9212470E+02   3.9392014E+02   3.7666955E+02   0.0000000E+00   0.0000000E+00   0.0000000E+00   0.0000000E+00
