#           k/h    CDM            baryon         photon         nu             mass_nu        total          no_nu          total_de       Weyl           v_CDM          v_b            v_b-v_c     
   1.0104264E-05   1.8801762E+07   1.8801762E+07   2.5060449E+07   1.7703064E+06   1.3595040E+07   1.8801823E+07   1.8801762E+07   8.7484970E+06   0.0000000E+00   0.0000000E+00   0.0000000E+00   0.0000000E+00
   1.0858121E-05   1.8801727E+07   1.8801727E+07   2.5059076E+07   1.7702776E+06   1.3594731E+07   1.8801787E+07   1.8801727E+07   8.7484787E+06   0.0000000E+00   0.0000000E+00   0.0000000E+00   0.0000000E+00
   1.1668222E-05   1.8801687E+07   1.8801687E+07   2.5057492E+07   1.7702443E+06   1.3594373E+07   1.8801747E+07   1.8801687E+07   8.7484576E+06   0.0000000E+00   0.0000000E+00   0.0000000E+00   0.0000000E+00
   1.2538763E-05   1.8801640E+07   1.8801640E+07   2.5055662E+07   1.7702059E+06   1.3593960E+07   1.8801700E+07   1.8801640E+07   8.7484332E+06   0.0000000E+00   0.0000000E+00   0.0000000E+00   0.0000000E+00
   1.3474253E-05   1.8801587E+07   1.8801587E+07   2.5053550E+07   1.7701615E+06   1.3593483E+07   1.8801646E+07   1.8801587E+07   8.7484051E+06   0.0000000E+00   0.0000000E+00   0.0000000E+00   0.0000000E+00
   1.4479538E-05   1.8801525E+07   1.8801525E+07   2.5051110E+07   1.7701102E+06   1.3592932E+07   1.8801584E+07   1.8801525E+07   8.7483726E+06   0.0000000E+00   0.0000000E+00   0.0000000E+00   0.0000000E+00
   1.5559824E-05   1.8801453E+07   1.8801453E+07   2.5048293E+07   1.7700510E+06   1.3592297E+07   1.8801512E+07   1.8801453E+07   8.7483351E+06   0.0000000E+00   0.0000000E+00   0.0000000E+00   0.0000000E+00
   1.6720709E-05   1.8801371E+07   1.8801371E+07   2.5045041E+07   1.7699826E+06   1.3591562E+07   1.8801428E+07   1.8801371E+07   8.7482917E+06   0.0000000E+00   0.0000000E+00   0.0000000E+00   0.0000000E+00
   1.7968205E-05   1.8801275E+07   1.8801275E+07   2.5041286E+07   1.7699037E+06   1.3590715E+07   1.8801332E+07   1.8801275E+07   8.7482417E+06   0.0000000E+00   0.0000000E+00   0.0000000E+00   0.0000000E+00
   1.9308774E-05   1.8801165E+07   1.8801165E+07   2.5036950E+07   1.7698125E+06   1.3589736E+07   1.8801221E+07   1.8801165E+07   8.7481839E+06   0.0000000E+00   0.0000000E+00   0.0000000E+00   0.0000000E+00
   2.0749359E-05   1.8801038E+07   1.8801038E+07   2.5031944E+07   1.7697073E+06   1.3588605E+07   1.8801093E+07   1.8801038E+07   8.7481172E+06   0.0000000E+00   0.0000000E+00   0.0000000E+00   0.0000000E+00
   2.2297424E-05   1.8800891E+07   1.8800891E+07   2.5026164E+07   1.7695858E+06   1.3587300E+07   1.8800945E+07   1.8800891E+07   8.7480401E+06   0.0000000E+00   0.0000000E+00   0.0000000E+00   0.0000000E+00
   2.3960986E-05   1.8800722E+07   1.8800722E+07   2.5019491E+07   1.7694454E+06   1.3585793E+07   1.8800775E+07   1.8800722E+07   8.7479512E+06   0.0000000E+00   0.0000000E+00   0.0000000E+00   0.0000000E+00
   2.5748664E-05   1.8800526E+07   1.8800526E+07   2.5011788E+07   1.7692834E+06   1.3584053E+07   1.8800577E+07   1.8800526E+07   8.7478485E+06   0.0000000E+00   0.0000000E+00   0.0000000E+00   0.0000000E+00
   2.7669715E-05   1.8800300E+07   1.8800300E+07   2.5002895E+07   1.7690963E+06   1.3582044E+07   1.8800350E+07   1.8800300E+07   8.7477299E+06   0.0000000E+00   0.0000000E+00   0.0000000E+00   0.0000000E+00
   2.9734093E-05   1.8800039E+07   1.8800039E+07   2.4992630E+07   1.7688803E+06   1.3579725E+07   1.8800087E+07   1.8800039E+07   8.7475929E+06   0.0000000E+00   0.0000000E+00   0.0000000E+00   0.0000000E+00
   3.1952489E-05   1.8799737E+07   1.8799737E+07   2.4980780E+07   1.7686309E+06   1.3577047E+07   1.8799783E+07   1.8799737E+07   8.7474349E+06   0.0000000E+00   0.0000000E+00   0.0000000E+00   0.0000000E+00
   3.4336395E-05   1.8799389E+07   1.8799389E+07   2.4967104E+07   1.7683430E+06   1.3573956E+07   1.8799433E+07   1.8799389E+07   8.7472523E+06   0.0000000E+00   0.0000000E+00   0.0000000E+00   0.0000000E+00
   3.6898159E-05   1.8798988E+07   1.8798988E+07   2.4951320E+07   1.7680106E+06   1.3570387E+07   1.8799028E+07   1.8798988E+07   8.7470416E+06   0.0000000E+00   0.0000000E+00   0.0000000E+00   0.0000000E+00
   3.9651050E-05   1.8798524E+07   1.8798524E+07   2.4933105E+07   1.7676268E+06   1.3566268E+07   1.8798561E+07   1.8798524E+07   8.7467984E+06   0.0000000E+00   0.0000000E+00   0.0000000E+00   0.0000000E+00
   4.2609329E-05   1.8797988E+07   1.8797988E+07   2.4912087E+07   1.7671838E+06   1.3561512E+07   1.8798022E+07   1.8797988E+07   8.7465175E+06   0.0000000E+00   0.0000000E+00   0.0000000E+00   0.0000000E+00
   4.5788318E-05   1.8797370E+07   1.8797370E+07   2.4887837E+07   1.7666724E+06   1.3556024E+07   1.8797399E+07   1.8797370E+07   8.7461934E+06   0.0000000E+00   0.0000000E+00   0.0000000E+00   0.0000000E+00
   4.9204485E-05   1.8796657E+07   1.8796657E+07   2.4859862E+07   1.7660821E+06   1.3549690E+07   1.8796680E+07   1.8796657E+07   8.7458192E+06   0.0000000E+00   0.0000000E+00   0.0000000E+00   0.0000000E+00
   5.2875525E-05   1.8795833E+07   1.8795833E+07   2.4827595E+07   1.7654007E+06   1.3542379E+07   1.8795851E+07   1.8795833E+07   8.7453873E+06   0.0000000E+00   0.0000000E+00   0.0000000E+00   0.0000000E+00
   5.6820453E-05   1.8794882E+07   1.8794882E+07   2.4790386E+07   1.7646144E+06   1.3533944E+07   1.8794893E+07   1.8794882E+07   8.7448889E+06   0.0000000E+00   0.0000000E+00   0.0000000E+00   0.0000000E+00
   6.1059704E-05   1.8793785E+07   1.8793785E+07   2.4747484E+07   1.7637069E+06   1.3524212E+07   1.8793788E+07   1.8793785E+07   8.7443137E+06   0.0000000E+00   0.0000000E+00   0.0000000E+00   0.0000000E+00
   6.5615236E-05   1.8792519E+07   1.8792519E+07   2.4698033E+07   1.7626597E+06   1.3512985E+07   1.8792512E+07   1.8792519E+07   8.7436501E+06   0.0000000E+00   0.0000000E+00   0.0000000E+00   0.0000000E+00
   7.0510646E-05   1.8791058E+07   1.8791058E+07   2.4641048E+07   1.7614516E+06   1.3500034E+07   1.8791041E+07   1.8791058E+07   8.7428844E+06   0.0000000E+00   0.0000000E+00   0.0000000E+00   0.0000000E+00
   7.5771292E-05   1.8789372E+07   1.8789372E+07   2.4575403E+07   1.7600578E+06   1.3485100E+07   1.8789343E+07   1.8789372E+07   8.7420011E+06   0.0000000E+00   0.0000000E+00   0.0000000E+00   0.0000000E+00
   8.1424424E-05   1.8787428E+07   1.8787428E+07   2.4499810E+07   1.7584502E+06   1.3467880E+07   1.8787384E+07   1.8787428E+07   8.7409824E+06   0.0000000E+00   0.0000000E+00   0.0000000E+00   0.0000000E+00
   8.7499323E-05   1.8785184E+07   1.8785184E+07   2.4412800E+07   1.7565962E+06   1.3448031E+07   1.8785124E+07   1.8785184E+07   8.7398076E+06   0.0000000E+00   0.0000000E+00   0.0000000E+00   0.0000000E+00
   9.4027457E-05   1.8782597E+07   1.8782597E+07   2.4312698E+07   1.7544587E+06   1.3425157E+07   1.8782518E+07   1.8782597E+07   8.7384532E+06   0.0000000E+00   0.0000000E+00   0.0000000E+00   0.0000000E+00
   1.0104264E-04   1.8779615E+07   1.8779615E+07   2.4197604E+07   1.7519946E+06   1.3398805E+07   1.8779514E+07   1.8779615E+07   8.7368921E+06   0.0000000E+00   0.0000000E+00   0.0000000E+00   0.0000000E+00
   1.0858121E-04   1.8776176E+07   1.8776176E+07   2.4065359E+07   1.7491551E+06   1.3368458E+07   1.8776050E+07   1.8776176E+07   8.7350933E+06   0.0000000E+00   0.0000000E+00   0.0000000E+00   0.0000000E+00
   1.1668222E-04   1.8772214E+07   1.8772214E+07   2.3913528E+07   1.7458840E+06   1.3333525E+07   1.8772059E+07   1.8772214E+07   8.7330212E+06   0.0000000E+00   0.0000000E+00   0.0000000E+00   0.0000000E+00
   1.2538763E-04   1.8767649E+07   1.8767649E+07   2.3739365E+07   1.7421169E+06   1.3293333E+07   1.8767460E+07   1.8767649E+07   8.7306353E+06   0.0000000E+00   0.0000000E+00   0.0000000E+00   0.0000000E+00
   1.3474253E-04   1.8762392E+07   1.8762392E+07   2.3539794E+07   1.7377806E+06   1.3247116E+07   1.8762165E+07   1.8762392E+07   8.7278893E+06   0.0000000E+00   0.0000000E+00   0.0000000E+00   0.0000000E+00
   1.4479538E-04   1.8756341E+07   1.8756341E+07   2.3311386E+07   1.7327915E+06   1.3194006E+07   1.8756068E+07   1.8756341E+07   8.7247304E+06   0.0000000E+00   0.0000000E+00   0.0000000E+00   0.0000000E+00
   1.5559824E-04   1.8749378E+07   1.8749378E+07   2.3050336E+07   1.7270547E+06   1.3133020E+07   1.8749054E+07   1.8749378E+07   8.7210987E+06   0.0000000E+00   0.0000000E+00   0.0000000E+00   0.0000000E+00
   1.6720709E-04   1.8741371E+07   1.8741371E+07   2.2752462E+07   1.7204623E+06   1.3063053E+07   1.8740988E+07   1.8741371E+07   8.7169263E+06   0.0000000E+00   0.0000000E+00   0.0000000E+00   0.0000000E+00
   1.7968205E-04   1.8732169E+07   1.8732169E+07   2.2413204E+07   1.7128925E+06   1.2982862E+07   1.8731718E+07   1.8732169E+07   8.7121365E+06   0.0000000E+00   0.0000000E+00   0.0000000E+00   0.0000000E+00
   1.9308774E-04   1.8721602E+07   1.8721602E+07   2.2027650E+07   1.7042079E+06   1.2891060E+07   1.8721073E+07   1.8721602E+07   8.7066428E+06   0.0000000E+00   0.0000000E+00   0.0000000E+00   0.0000000E+00
   2.0749359E-04   1.8709478E+07   1.8709478E+07   2.1590581E+07   1.6942546E+06   1.2786105E+07   1.8708858E+07   1.8709478E+07   8.7003484E+06   0.0000000E+00   0.0000000E+00   0.0000000E+00   0.0000000E+00
   2.2297424E-04   1.8695582E+07   1.8695582E+07   2.1096554E+07   1.6828602E+06   1.2666300E+07   1.8694857E+07   1.8695582E+07   8.6931453E+06   0.0000000E+00   0.0000000E+00   0.0000000E+00   0.0000000E+00
   2.3960986E-04   1.8679671E+07   1.8679671E+07   2.0540032E+07   1.6698336E+06   1.2529787E+07   1.8678827E+07   1.8679671E+07   8.6849137E+06   0.0000000E+00   0.0000000E+00   0.0000000E+00   0.0000000E+00
   2.5748664E-04   1.8661477E+07   1.8661477E+07   1.9915566E+07   1.6549639E+06   1.2374553E+07   1.8660496E+07   1.8661477E+07   8.6755217E+06   0.0000000E+00   0.0000000E+00   0.0000000E+00   0.0000000E+00
   2.7669715E-04   1.8640706E+07   1.8640706E+07   1.9218051E+07   1.6380206E+06   1.2198451E+07   1.8639566E+07   1.8640706E+07   8.6648253E+06   0.0000000E+00   0.0000000E+00   0.0000000E+00   0.0000000E+00
   2.9734093E-04   1.8617031E+07   1.8617031E+07   1.8443070E+07   1.6187538E+06   1.1999217E+07   1.8615710E+07   1.8617031E+07   8.6526688E+06   0.0000000E+00   0.0000000E+00   0.0000000E+00   0.0000000E+00
   3.1952489E-04   1.8590101E+07   1.8590101E+07   1.7587331E+07   1.5968965E+06   1.1774522E+07   1.8588572E+07   1.8590101E+07   8.6388864E+06   0.0000000E+00   0.0000000E+00   0.0000000E+00   0.0000000E+00
   3.4336395E-04   1.8559537E+07   1.8559537E+07   1.6649220E+07   1.5721674E+06   1.1522025E+07   1.8557771E+07   1.8559537E+07   8.6233035E+06   0.0000000E+00   0.0000000E+00   0.0000000E+00   0.0000000E+00
   3.6898159E-04   1.8524940E+07   1.8524940E+07   1.5629452E+07   1.5442764E+06   1.1239465E+07   1.8522902E+07   1.8524940E+07   8.6057406E+06   0.0000000E+00   0.0000000E+00   0.0000000E+00   0.0000000E+00
   3.9651050E-04   1.8485894E+07   1.8485894E+07   1.4531824E+07   1.5129312E+06   1.0924771E+07   1.8483544E+07   1.8485894E+07   8.5860175E+06   0.0000000E+00   0.0000000E+00   0.0000000E+00   0.0000000E+00
   4.2609329E-04   1.8441975E+07   1.8441975E+07   1.3364022E+07   1.4778484E+06   1.0576204E+07   1.8439271E+07   1.8441975E+07   8.5639595E+06   0.0000000E+00   0.0000000E+00   0.0000000E+00   0.0000000E+00
   4.5788318E-04   1.8392766E+07   1.8392766E+07   1.2138414E+07   1.4387667E+06   1.0192542E+07   1.8389660E+07   1.8392766E+07   8.5394054E+06   0.0000000E+00   0.0000000E+00   0.0000000E+00   0.0000000E+00
   4.9204485E-04   1.8337873E+07   1.8337873E+07   1.0872709E+07   1.3954638E+06   9.7732810E+06   1.8334308E+07   1.8337873E+07   8.5122172E+06   0.0000000E+00   0.0000000E+00   0.0000000E+00   0.0000000E+00
   5.2875525E-04   1.8276941E+07   1.8276941E+07   9.5903160E+06   1.3477778E+06   9.3188682E+06   1.8272859E+07   1.8276941E+07   8.4822921E+06   0.0000000E+00   0.0000000E+00   0.0000000E+00   0.0000000E+00
   5.6820453E-04   1.8209685E+07   1.8209685E+07   8.3201808E+06   1.2956313E+06   8.8309457E+06   1.8205018E+07   1.8209685E+07   8.4495750E+06   0.0000000E+00   0.0000000E+00   0.0000000E+00   0.0000000E+00
   6.1059704E-04   1.8135914E+07   1.8135914E+07   7.0958138E+06   1.2390588E+06   8.3125748E+06   1.8130590E+07   1.8135914E+07   8.4140724E+06   0.0000000E+00   0.0000000E+00   0.0000000E+00   0.0000000E+00
   6.5615236E-04   1.8055562E+07   1.8055562E+07   5.9532523E+06   1.1782344E+06   7.7684121E+06   1.8049501E+07   1.8055562E+07   8.3758649E+06   0.0000000E+00   0.0000000E+00   0.0000000E+00   0.0000000E+00
   7.0510646E-04   1.7968719E+07   1.7968719E+07   4.9277521E+06   1.1134976E+06   7.2047882E+06   1.7961837E+07   1.7968719E+07   8.3351168E+06   0.0000000E+00   0.0000000E+00   0.0000000E+00   0.0000000E+00
   7.5771292E-04   1.7875654E+07   1.7875654E+07   4.0492199E+06   1.0453734E+06   6.6296356E+06   1.7867859E+07   1.7875654E+07   8.2920802E+06   0.0000000E+00   0.0000000E+00   0.0000000E+00   0.0000000E+00
   8.1424424E-04   1.7776828E+07   1.7776828E+07   3.3367839E+06   9.7458069E+05   6.0522123E+06   1.7768027E+07   1.7776828E+07   8.2470913E+06   0.0000000E+00   0.0000000E+00   0.0000000E+00   0.0000000E+00
   8.7499323E-04   1.7672901E+07   1.7672901E+07   2.7934579E+06   9.0202371E+05   5.4825859E+06   1.7662998E+07   1.7672901E+07   8.2005544E+06   0.0000000E+00   0.0000000E+00   0.0000000E+00   0.0000000E+00
   9.4027457E-04   1.7564704E+07   1.7564704E+07   2.4025114E+06   8.2876171E+05   4.9308819E+06   1.7553601E+07   1.7564704E+07   8.1529141E+06   0.0000000E+00   0.0000000E+00   0.0000000E+00   0.0000000E+00
   1.0104264E-03   1.7453195E+07   1.7453195E+07   2.1276473E+06   7.5595287E+05   4.4063604E+06   1.7440796E+07   1.7453195E+07   8.1046153E+06   0.0000000E+00   0.0000000E+00   0.0000000E+00   0.0000000E+00
   1.0858121E-03   1.7339383E+07   1.7339383E+07   1.9189529E+06   6.8477466E+05   3.9164700E+06   1.7325599E+07   1.7339383E+07   8.0560549E+06   0.0000000E+00   0.0000000E+00   0.0000000E+00   0.0000000E+00
   1.1668222E-03   1.7224240E+07   1.7224240E+07   1.7252520E+06   6.1632832E+05   3.4660930E+06   1.7208989E+07   1.7224240E+07   8.0075345E+06   0.0000000E+00   0.0000000E+00   0.0000000E+00   0.0000000E+00
   1.2538763E-03   1.7108595E+07   1.7108595E+07   1.5105780E+06   5.5154283E+05   3.0572241E+06   1.7091808E+07   1.7108595E+07   7.9592249E+06   0.0000000E+00   0.0000000E+00   0.0000000E+00   0.0000000E+00
   1.3474253E-03   1.6993050E+07   1.6993050E+07   1.2685152E+06   4.9109942E+05   2.6892444E+06   1.6974671E+07   1.6993050E+07   7.9111541E+06   0.0000000E+00   0.0000000E+00   0.0000000E+00   0.0000000E+00
   1.4479538E-03   1.6877924E+07   1.6877924E+07   1.0252792E+06   4.3539681E+05   2.3597590E+06   1.6857915E+07   1.6877924E+07   7.8632239E+06   0.0000000E+00   0.0000000E+00   0.0000000E+00   0.0000000E+00
   1.5559824E-03   1.6763250E+07   1.6763250E+07   8.2440509E+05   3.8456832E+05   2.0656972E+06   1.6741590E+07   1.6763250E+07   7.8152504E+06   0.0000000E+00   0.0000000E+00   0.0000000E+00   0.0000000E+00
   1.6720709E-03   1.6648812E+07   1.6648812E+07   6.9603606E+05   3.3854346E+05   1.8041893E+06   1.6625497E+07   1.6648812E+07   7.7670100E+06   0.0000000E+00   0.0000000E+00   0.0000000E+00   0.0000000E+00
   1.7968205E-03   1.6534216E+07   1.6534216E+07   6.2955948E+05   2.9712775E+05   1.5728201E+06   1.6509256E+07   1.6534216E+07   7.7182674E+06   0.0000000E+00   0.0000000E+00   0.0000000E+00   0.0000000E+00
   1.9308774E-03   1.6418955E+07   1.6418955E+07   5.7659647E+05   2.6006699E+05   1.3692831E+06   1.6392366E+07   1.6418955E+07   7.6687748E+06   0.0000000E+00   0.0000000E+00   0.0000000E+00   0.0000000E+00
   2.0749359E-03   1.6302443E+07   1.6302443E+07   4.9340234E+05   2.2707678E+05   1.1909527E+06   1.6274245E+07   1.6302443E+07   7.6182529E+06   0.0000000E+00   0.0000000E+00   0.0000000E+00   0.0000000E+00
   2.2297424E-03   1.6184034E+07   1.6184034E+07   3.8742364E+05   1.9784695E+05   1.0349271E+06   1.6154243E+07   1.6184034E+07   7.5663844E+06   0.0000000E+00   0.0000000E+00   0.0000000E+00   0.0000000E+00
   2.3960986E-03   1.6063030E+07   1.6063030E+07   3.0760560E+05   1.7204759E+05   8.9848852E+05   1.6031655E+07   1.6063030E+07   7.5128358E+06   0.0000000E+00   0.0000000E+00   0.0000000E+00   0.0000000E+00
   2.5748664E-03   1.5938703E+07   1.5938703E+07   2.7448809E+05   1.4934799E+05   7.7937201E+05   1.5905747E+07   1.5938703E+07   7.4572849E+06   0.0000000E+00   0.0000000E+00   0.0000000E+00   0.0000000E+00
   2.7669715E-03   1.5810316E+07   1.5810316E+07   2.4788881E+05   1.2943305E+05   6.7559190E+05   1.5775776E+07   1.5810316E+07   7.3994208E+06   0.0000000E+00   0.0000000E+00   0.0000000E+00   0.0000000E+00
   2.9734093E-03   1.5677134E+07   1.5677134E+07   1.9973042E+05   1.1200517E+05   5.8529764E+05   1.5641008E+07   1.5677134E+07   7.3389283E+06   0.0000000E+00   0.0000000E+00   0.0000000E+00   0.0000000E+00
   3.1952489E-03   1.5538427E+07   1.5538427E+07   1.6432036E+05   9.6785901E+04   5.0681804E+05   1.5500720E+07   1.5538427E+07   7.2754936E+06   0.0000000E+00   0.0000000E+00   0.0000000E+00   0.0000000E+00
   3.4336395E-03   1.5393486E+07   1.5393486E+07   1.5089989E+05   8.3522773E+04   4.3859448E+05   1.5354209E+07   1.5393486E+07   7.2088215E+06   0.0000000E+00   0.0000000E+00   0.0000000E+00   0.0000000E+00
   3.6898159E-03   1.5241619E+07   1.5241619E+07   1.2126425E+05   7.1985293E+04   3.7932995E+05   1.5200796E+07   1.5241619E+07   7.1386249E+06   0.0000000E+00   0.0000000E+00   0.0000000E+00   0.0000000E+00
   3.9651050E-03   1.5082158E+07   1.5082158E+07   9.8298553E+04   6.1962765E+04   3.2802005E+05   1.5039827E+07   1.5082158E+07   7.0646239E+06   0.0000000E+00   0.0000000E+00   0.0000000E+00   0.0000000E+00
   4.2609329E-03   1.4914471E+07   1.4914471E+07   9.2451357E+04   5.3271151E+04   2.8344853E+05   1.4870695E+07   1.4914471E+07   6.9865616E+06   0.0000000E+00   0.0000000E+00   0.0000000E+00   0.0000000E+00
   4.5788318E-03   1.4737963E+07   1.4737963E+07   7.1174487E+04   4.5743452E+04   2.4481239E+05   1.4692832E+07   1.4737963E+07   6.9041958E+06   0.0000000E+00   0.0000000E+00   0.0000000E+00   0.0000000E+00
   4.9204485E-03   1.4552084E+07   1.4552084E+07   6.4267344E+04   3.9231575E+04   2.1142291E+05   1.4505701E+07   1.4552084E+07   6.8172975E+06   0.0000000E+00   0.0000000E+00   0.0000000E+00   0.0000000E+00
   5.2875525E-03   1.4356319E+07   1.4356319E+07   5.1112307E+04   3.3606705E+04   1.8242449E+05   1.4308776E+07   1.4356319E+07   6.7256399E+06   0.0000000E+00   0.0000000E+00   0.0000000E+00   0.0000000E+00
   5.6820453E-03   1.4150182E+07   1.4150182E+07   4.6746436E+04   2.8752496E+04   1.5737297E+05   1.4101553E+07   1.4150182E+07   6.6290049E+06   0.0000000E+00   0.0000000E+00   0.0000000E+00   0.0000000E+00
   6.1059704E-03   1.3933199E+07   1.3933199E+07   3.5778369E+04   2.4568461E+04   1.3562057E+05   1.3883583E+07   1.3933199E+07   6.5271972E+06   0.0000000E+00   0.0000000E+00   0.0000000E+00   0.0000000E+00
   6.5615236E-03   1.3704927E+07   1.3704927E+07   3.3325207E+04   2.0965662E+04   1.1683377E+05   1.3654468E+07   1.3704927E+07   6.4200455E+06   0.0000000E+00   0.0000000E+00   0.0000000E+00   0.0000000E+00
   7.0510646E-03   1.3464970E+07   1.3464970E+07   2.6671834E+04   1.7867137E+04   1.0060681E+05   1.3413817E+07   1.3464970E+07   6.3073785E+06   0.0000000E+00   0.0000000E+00   0.0000000E+00   0.0000000E+00
   7.5771292E-03   1.3212970E+07   1.3212970E+07   2.1699786E+04   1.5205336E+04   8.6515256E+04   1.3161251E+07   1.3212970E+07   6.1890297E+06   0.0000000E+00   0.0000000E+00   0.0000000E+00   0.0000000E+00
   8.1424424E-03   1.2948587E+07   1.2948587E+07   1.9609528E+04   1.2920861E+04   7.4342245E+04   1.2896444E+07   1.2948587E+07   6.0648555E+06   0.0000000E+00   0.0000000E+00   0.0000000E+00   0.0000000E+00
   8.7499323E-03   1.2671492E+07   1.2671492E+07   1.6728816E+04   1.0962483E+04   6.3848963E+04   1.2619088E+07   1.2671492E+07   5.9347198E+06   0.0000000E+00   0.0000000E+00   0.0000000E+00   0.0000000E+00
   9.4027457E-03   1.2381391E+07   1.2381391E+07   1.3836259E+04   9.2856644E+03   5.4768110E+04   1.2328886E+07   1.2381391E+07   5.7984915E+06   0.0000000E+00   0.0000000E+00   0.0000000E+00   0.0000000E+00
   1.0104264E-02   1.2078026E+07   1.2078026E+07   1.1396075E+04   7.8515821E+03   4.6915032E+04   1.2025579E+07   1.2078026E+07   5.6560548E+06   0.0000000E+00   0.0000000E+00   0.0000000E+00   0.0000000E+00
   1.0858121E-02   1.1761160E+07   1.1761160E+07   9.5061604E+03   6.6265501E+03   4.0129121E+04   1.1708945E+07   1.1761160E+07   5.5073109E+06   0.0000000E+00   0.0000000E+00   0.0000000E+00   0.0000000E+00
   1.1668222E-02   1.1430600E+07   1.1430600E+07   8.1462618E+03   5.5814893E+03   3.4271345E+04   1.1378790E+07   1.1430600E+07   5.3521748E+06   0.0000000E+00   0.0000000E+00   0.0000000E+00   0.0000000E+00
   1.2538763E-02   1.1086214E+07   1.1086214E+07   6.9160804E+03   4.6911020E+03   2.9208520E+04   1.1034974E+07   1.1086214E+07   5.1905842E+06   0.0000000E+00   0.0000000E+00   0.0000000E+00   0.0000000E+00
   1.3474253E-02   1.0727931E+07   1.0727931E+07   5.5537603E+03   3.9336180E+03   2.4845221E+04   1.0677442E+07   1.0727931E+07   5.0225172E+06   0.0000000E+00   0.0000000E+00   0.0000000E+00   0.0000000E+00
   1.4479538E-02   1.0355798E+07   1.0355798E+07   4.4515889E+03   3.2901579E+03   2.1100382E+04   1.0306227E+07   1.0355798E+07   4.8479929E+06   0.0000000E+00   0.0000000E+00   0.0000000E+00   0.0000000E+00
   1.5559824E-02   9.9699955E+06   9.9699955E+06   3.9287730E+03   2.7445099E+03   1.7867607E+04   9.9215157E+06   9.9699955E+06   4.6671016E+06   0.0000000E+00   0.0000000E+00   0.0000000E+00   0.0000000E+00
   1.6720709E-02   9.5709054E+06   9.5709054E+06   3.0937418E+03   2.2826484E+03   1.5090132E+04   9.5236795E+06   9.5709054E+06   4.4800210E+06   0.0000000E+00   0.0000000E+00   0.0000000E+00   0.0000000E+00
   1.7968205E-02   9.1591686E+06   9.1591686E+06   2.6357572E+03   1.8925245E+03   1.2705042E+04   9.1133583E+06   9.1591686E+06   4.2870541E+06   0.0000000E+00   0.0000000E+00   0.0000000E+00   0.0000000E+00
   1.9308773E-02   8.7357712E+06   8.7357712E+06   2.1528193E+03   1.5637536E+03   1.0664872E+04   8.6915273E+06   8.7357712E+06   4.0886615E+06   0.0000000E+00   0.0000000E+00   0.0000000E+00   0.0000000E+00
   2.0749356E-02   8.3021341E+06   8.3021341E+06   1.7427504E+03   1.2874327E+03   8.9184020E+03   8.2595960E+06   8.3021341E+06   3.8855079E+06   0.0000000E+00   0.0000000E+00   0.0000000E+00   0.0000000E+00
   2.2297403E-02   7.8602212E+06   7.8602212E+06   1.4125465E+03   1.0559050E+03   7.4302635E+03   7.8195145E+06   7.8602212E+06   3.6785121E+06   0.0000000E+00   0.0000000E+00   0.0000000E+00   0.0000000E+00
   2.3960878E-02   7.4126506E+06   7.4126506E+06   1.1693849E+03   8.6259844E+02   6.1671183E+03   7.3738828E+06   7.4126506E+06   3.4688984E+06   0.0000000E+00   0.0000000E+00   0.0000000E+00   0.0000000E+00
   2.5748175E-02   6.9628134E+06   6.9628134E+06   9.7487710E+02   7.0188085E+02   5.0942882E+03   6.9260676E+06   6.9628134E+06   3.2582517E+06   0.0000000E+00   0.0000000E+00   0.0000000E+00   0.0000000E+00
   2.7667788E-02   6.5150014E+06   6.5150014E+06   7.5539007E+02   5.6892723E+02   4.1958477E+03   6.4803332E+06   6.5150014E+06   3.0485790E+06   0.0000000E+00   0.0000000E+00   0.0000000E+00   0.0000000E+00
   2.9727397E-02   6.0745484E+06   6.0745484E+06   6.0267696E+02   4.5962310E+02   3.4401619E+03   6.0419784E+06   6.0745484E+06   2.8423739E+06   0.0000000E+00   0.0000000E+00   0.0000000E+00   0.0000000E+00
   3.1931841E-02   5.6479512E+06   5.6479512E+06   4.8908077E+02   3.7046307E+02   2.8143091E+03   5.6174589E+06   5.6479512E+06   2.6426740E+06   0.0000000E+00   0.0000000E+00   0.0000000E+00   0.0000000E+00
   3.4279553E-02   5.2428317E+06   5.2428317E+06   3.8527992E+02   2.9846125E+02   2.3013699E+03   5.2143493E+06   5.2428317E+06   2.4530433E+06   0.0000000E+00   0.0000000E+00   0.0000000E+00   0.0000000E+00
   3.6757948E-02   4.8674325E+06   4.8674325E+06   3.2271010E+02   2.4102919E+02   1.8862231E+03   4.8408410E+06   4.8674325E+06   2.2773361E+06   0.0000000E+00   0.0000000E+00   0.0000000E+00   0.0000000E+00
   3.9340338E-02   4.5293112E+06   4.5293112E+06   2.6718343E+02   1.9583887E+02   1.5520494E+03   4.5044437E+06   4.5293112E+06   2.1190856E+06   0.0000000E+00   0.0000000E+00   0.0000000E+00   0.0000000E+00
   4.1988502E-02   4.2333821E+06   4.2333821E+06   2.1066636E+02   1.6070505E+02   1.2911495E+03   4.2100377E+06   4.2333821E+06   1.9805882E+06   0.0000000E+00   0.0000000E+00   0.0000000E+00   0.0000000E+00
   4.4662156E-02   3.9803388E+06   3.9803388E+06   1.7892370E+02   1.3356539E+02   1.0847114E+03   3.9583065E+06   3.9803388E+06   1.8621658E+06   0.0000000E+00   0.0000000E+00   0.0000000E+00   0.0000000E+00
   4.7329978E-02   3.7666270E+06   3.7666270E+06   1.5055200E+02   1.1255758E+02   9.2522540E+02   3.7457093E+06   3.7666270E+06   1.7621530E+06   0.0000000E+00   0.0000000E+00   0.0000000E+00   0.0000000E+00
   4.9975005E-02   3.5859081E+06   3.5859081E+06   1.2681742E+02   9.6122197E+01   7.9710987E+02   3.5659375E+06   3.5859081E+06   1.6775820E+06   0.0000000E+00   0.0000000E+00   0.0000000E+00   0.0000000E+00
   5.2593190E-02   3.4308782E+06   3.4308782E+06   1.1052956E+02   8.3043539E+01   6.9576026E+02   3.4117237E+06   3.4308782E+06   1.6050343E+06   0.0000000E+00   0.0000000E+00   0.0000000E+00   0.0000000E+00
   5.5188897E-02   3.2945463E+06   3.2945463E+06   9.6548917E+01   7.2423185E+01   6.1147101E+02   3.2761131E+06   3.2945463E+06   1.5412381E+06   0.0000000E+00   0.0000000E+00   0.0000000E+00   0.0000000E+00
   5.7770729E-02   3.1708464E+06   3.1708464E+06   8.3741642E+01   6.3616234E+01   5.4156169E+02   3.1530712E+06   3.1708464E+06   1.4833544E+06   0.0000000E+00   0.0000000E+00   0.0000000E+00   0.0000000E+00
   6.0348817E-02   3.0548200E+06   3.0548200E+06   7.4157214E+01   5.6166548E+01   4.8177908E+02   3.0376658E+06   3.0548200E+06   1.4290631E+06   0.0000000E+00   0.0000000E+00   0.0000000E+00   0.0000000E+00
   6.2933385E-02   2.9426105E+06   2.9426105E+06   6.7069610E+01   4.9753123E+01   4.2951633E+02   2.9260609E+06   2.9426105E+06   1.3765596E+06   0.0000000E+00   0.0000000E+00   0.0000000E+00   0.0000000E+00
   6.5534119E-02   2.8313980E+06   2.8313980E+06   5.6586447E+01   4.4150454E+01   3.8388338E+02   2.8154515E+06   2.8313980E+06   1.3245243E+06   0.0000000E+00   0.0000000E+00   0.0000000E+00   0.0000000E+00
   6.8159947E-02   2.7193281E+06   2.7193281E+06   5.3700808E+01   3.9200500E+01   3.4282848E+02   2.7039931E+06   2.7193281E+06   1.2720894E+06   0.0000000E+00   0.0000000E+00   0.0000000E+00   0.0000000E+00
   7.0819043E-02   2.6054441E+06   2.6054441E+06   4.4321638E+01   3.4792781E+01   3.0630505E+02   2.5907340E+06   2.6054441E+06   1.2188074E+06   0.0000000E+00   0.0000000E+00   0.0000000E+00   0.0000000E+00
   7.3518893E-02   2.4896174E+06   2.4896174E+06   4.1574105E+01   3.0850462E+01   2.7278791E+02   2.4755461E+06   2.4896174E+06   1.1646178E+06   0.0000000E+00   0.0000000E+00   0.0000000E+00   0.0000000E+00
   7.6266409E-02   2.3724630E+06   2.3724630E+06   3.6620191E+01   2.7319887E+01   2.4339121E+02   2.3590403E+06   2.3724630E+06   1.1098081E+06   0.0000000E+00   0.0000000E+00   0.0000000E+00   0.0000000E+00
   7.9068026E-02   2.2552291E+06   2.2552291E+06   3.0579904E+01   2.4163174E+01   2.1622356E+02   2.2424578E+06   2.2552291E+06   1.0549623E+06   0.0000000E+00   0.0000000E+00   0.0000000E+00   0.0000000E+00
   8.1929806E-02   2.1396532E+06   2.1396532E+06   2.7623036E+01   2.1352246E+01   1.9183272E+02   2.1275258E+06   2.1396532E+06   1.0008930E+06   0.0000000E+00   0.0000000E+00   0.0000000E+00   0.0000000E+00
   8.4857510E-02   2.0277794E+06   2.0277794E+06   2.5014213E+01   1.8864352E+01   1.7030826E+02   2.0162768E+06   2.0277794E+06   9.4855617E+05   0.0000000E+00   0.0000000E+00   0.0000000E+00   0.0000000E+00
   8.7856677E-02   1.9217405E+06   1.9217405E+06   2.2133667E+01   1.6678754E+01   1.5131814E+02   1.9108311E+06   1.9217405E+06   8.9894954E+05   0.0000000E+00   0.0000000E+00   0.0000000E+00   0.0000000E+00
   9.0932675E-02   1.8235143E+06   1.8235143E+06   1.9238466E+01   1.4774141E+01   1.3469432E+02   1.8131552E+06   1.8235143E+06   8.5299815E+05   0.0000000E+00   0.0000000E+00   0.0000000E+00   0.0000000E+00
   9.4090753E-02   1.7346728E+06   1.7346728E+06   1.6906791E+01   1.3127110E+01   1.2032278E+02   1.7248118E+06   1.7346728E+06   8.1143717E+05   0.0000000E+00   0.0000000E+00   0.0000000E+00   0.0000000E+00
   9.7336073E-02   1.6561480E+06   1.6561480E+06   1.5334829E+01   1.1711338E+01   1.0783583E+02   1.6467275E+06   1.6561480E+06   7.7470259E+05   0.0000000E+00   0.0000000E+00   0.0000000E+00   0.0000000E+00
   1.0067375E-01   1.5880499E+06   1.5880499E+06   1.3979552E+01   1.0497686E+01   9.7105514E+01   1.5790114E+06   1.5880499E+06   7.4284568E+05   0.0000000E+00   0.0000000E+00   0.0000000E+00   0.0000000E+00
   1.0410887E-01   1.5295667E+06   1.5295667E+06   1.2092804E+01   9.4549528E+00   8.7754748E+01   1.5208562E+06   1.5295667E+06   7.1548669E+05   0.0000000E+00   0.0000000E+00   0.0000000E+00   0.0000000E+00
   1.0764651E-01   1.4789824E+06   1.4789824E+06   1.1563044E+01   8.5512966E+00   7.9695010E+01   1.4705555E+06   1.4789824E+06   6.9182286E+05   0.0000000E+00   0.0000000E+00   0.0000000E+00   0.0000000E+00
   1.1129177E-01   1.4338310E+06   1.4338310E+06   1.0511698E+01   7.7560760E+00   7.2641665E+01   1.4256574E+06   1.4338310E+06   6.7070063E+05   0.0000000E+00   0.0000000E+00   0.0000000E+00   0.0000000E+00
   1.1504976E-01   1.3911916E+06   1.3911916E+06   9.5206964E+00   7.0418544E+00   6.6217190E+01   1.3832573E+06   1.3911916E+06   6.5075359E+05   0.0000000E+00   0.0000000E+00   0.0000000E+00   0.0000000E+00
   1.1892564E-01   1.3481012E+06   1.3481012E+06   8.5942455E+00   6.3862415E+00   6.0236082E+01   1.3404093E+06   1.3481012E+06   6.3059583E+05   0.0000000E+00   0.0000000E+00   0.0000000E+00   0.0000000E+00
   1.2292460E-01   1.3020351E+06   1.3020351E+06   7.3830472E+00   5.7732834E+00   5.4638409E+01   1.2946029E+06   1.3020351E+06   6.0904626E+05   0.0000000E+00   0.0000000E+00   0.0000000E+00   0.0000000E+00
   1.2705188E-01   1.2513714E+06   1.2513714E+06   6.9748660E+00   5.1940695E+00   4.9410524E+01   1.2442256E+06   1.2513714E+06   5.8534631E+05   0.0000000E+00   0.0000000E+00   0.0000000E+00   0.0000000E+00
   1.3131278E-01   1.1957431E+06   1.1957431E+06   5.9662328E+00   4.6463919E+00   4.4331460E+01   1.1889125E+06   1.1957431E+06   5.5932429E+05   0.0000000E+00   0.0000000E+00   0.0000000E+00   0.0000000E+00
   1.3571268E-01   1.1361756E+06   1.1361756E+06   5.4085198E+00   4.1333931E+00   3.9557862E+01   1.1296830E+06   1.1361756E+06   5.3145980E+05   0.0000000E+00   0.0000000E+00   0.0000000E+00   0.0000000E+00
   1.4025699E-01   1.0749360E+06   1.0749360E+06   4.8912726E+00   3.6613969E+00   3.5167717E+01   1.0687913E+06   1.0749360E+06   5.0281333E+05   0.0000000E+00   0.0000000E+00   0.0000000E+00   0.0000000E+00
   1.4495123E-01   1.0150760E+06   1.0150760E+06   4.2304186E+00   3.2372698E+00   3.1159286E+01   1.0092716E+06   1.0150760E+06   4.7481232E+05   0.0000000E+00   0.0000000E+00   0.0000000E+00   0.0000000E+00
   1.4980095E-01   9.5972801E+05   9.5972801E+05   3.7348118E+00   2.8658431E+00   2.7747829E+01   9.5423851E+05   9.5972801E+05   4.4892199E+05   0.0000000E+00   0.0000000E+00   0.0000000E+00   0.0000000E+00
   1.5481183E-01   9.1130133E+05   9.1130133E+05   3.2731007E+00   2.5479649E+00   2.4698250E+01   9.0608737E+05   9.1130133E+05   4.2626929E+05   0.0000000E+00   0.0000000E+00   0.0000000E+00   0.0000000E+00
   1.5998961E-01   8.7079130E+05   8.7079130E+05   2.9736285E+00   2.2796763E+00   2.2158588E+01   8.6580780E+05   8.7079130E+05   4.0731977E+05   0.0000000E+00   0.0000000E+00   0.0000000E+00   0.0000000E+00
   1.6534015E-01   8.3742981E+05   8.3742981E+05   2.6388600E+00   2.0527409E+00   2.0027769E+01   8.3263605E+05   8.3742981E+05   3.9171413E+05   0.0000000E+00   0.0000000E+00   0.0000000E+00   0.0000000E+00
   1.7086942E-01   8.0884480E+05   8.0884480E+05   2.4251564E+00   1.8564236E+00   1.8185925E+01   8.0421357E+05   8.0884480E+05   3.7834278E+05   0.0000000E+00   0.0000000E+00   0.0000000E+00   0.0000000E+00
   1.7658350E-01   7.8175469E+05   7.8175469E+05   2.2124227E+00   1.6799999E+00   1.6495487E+01   7.7727759E+05   7.8175469E+05   3.6567075E+05   0.0000000E+00   0.0000000E+00   0.0000000E+00   0.0000000E+00
   1.8248864E-01   7.5303165E+05   7.5303165E+05   1.9854117E+00   1.5152381E+00   1.4929503E+01   7.4871813E+05   7.5303165E+05   3.5223495E+05   0.0000000E+00   0.0000000E+00   0.0000000E+00   0.0000000E+00
   1.8859126E-01   7.2078855E+05   7.2078855E+05   1.8015133E+00   1.3580235E+00   1.3418253E+01   7.1665891E+05   7.2078855E+05   3.3715269E+05   0.0000000E+00   0.0000000E+00   0.0000000E+00   0.0000000E+00
   1.9489795E-01   6.8506576E+05   6.8506576E+05   1.5766395E+00   1.2085543E+00   1.1956295E+01   6.8114006E+05   6.8506576E+05   3.2044283E+05   0.0000000E+00   0.0000000E+00   0.0000000E+00   0.0000000E+00
   2.0141555E-01   6.4778356E+05   6.4778356E+05   1.4221728E+00   1.0700393E+00   1.0630975E+01   6.4407085E+05   6.4778356E+05   3.0300361E+05   0.0000000E+00   0.0000000E+00   0.0000000E+00   0.0000000E+00
   2.0815117E-01   6.1189654E+05   6.1189654E+05   1.2512409E+00   9.4641821E-01   9.4280602E+00   6.0838893E+05   6.1189654E+05   2.8621703E+05   0.0000000E+00   0.0000000E+00   0.0000000E+00   0.0000000E+00
   2.1511219E-01   5.8005327E+05   5.8005327E+05   1.0999059E+00   8.4004988E-01   8.3849301E+00   5.7672768E+05   5.8005327E+05   2.7132198E+05   0.0000000E+00   0.0000000E+00   0.0000000E+00   0.0000000E+00
   2.2230639E-01   5.5335990E+05   5.5335990E+05   9.7673990E-01   7.5036469E-01   7.4982314E+00   5.5018688E+05   5.5335990E+05   2.5883586E+05   0.0000000E+00   0.0000000E+00   0.0000000E+00   0.0000000E+00
   2.2974193E-01   5.3088390E+05   5.3088390E+05   8.8510926E-01   6.7404121E-01   6.7521920E+00   5.2783934E+05   5.3088390E+05   2.4832244E+05   0.0000000E+00   0.0000000E+00   0.0000000E+00   0.0000000E+00
   2.3742747E-01   5.1021856E+05   5.1021856E+05   7.8392117E-01   6.0654119E-01   6.0964456E+00   5.0729212E+05   5.1021856E+05   2.3865600E+05   0.0000000E+00   0.0000000E+00   0.0000000E+00   0.0000000E+00
   2.4537220E-01   4.8886050E+05   4.8886050E+05   7.1842010E-01   5.4412711E-01   5.4816276E+00   4.8605623E+05   4.8886050E+05   2.2866556E+05   0.0000000E+00   0.0000000E+00   0.0000000E+00   0.0000000E+00
   2.5358597E-01   4.6563055E+05   4.6563055E+05   6.3306422E-01   4.8524394E-01   4.8995827E+00   4.6295922E+05   4.6563055E+05   2.1779956E+05   0.0000000E+00   0.0000000E+00   0.0000000E+00   0.0000000E+00
   2.6207936E-01   4.4125603E+05   4.4125603E+05   5.6339664E-01   4.3052518E-01   4.3574446E+00   4.3872426E+05   4.4125603E+05   2.0639820E+05   0.0000000E+00   0.0000000E+00   0.0000000E+00   0.0000000E+00
   2.7086379E-01   4.1770563E+05   4.1770563E+05   4.9387417E-01   3.8154531E-01   3.8668486E+00   4.1530873E+05   4.1770563E+05   1.9538236E+05   0.0000000E+00   0.0000000E+00   0.0000000E+00   0.0000000E+00
   2.7995168E-01   3.9670755E+05   3.9670755E+05   4.3966897E-01   3.3922210E-01   3.4466476E+00   3.9443093E+05   3.9670755E+05   1.8556038E+05   0.0000000E+00   0.0000000E+00   0.0000000E+00   0.0000000E+00
   2.8935658E-01   3.7851767E+05   3.7851767E+05   3.9702949E-01   3.0296979E-01   3.0836367E+00   3.7634524E+05   3.7851767E+05   1.7705195E+05   0.0000000E+00   0.0000000E+00   0.0000000E+00   0.0000000E+00
   2.9909333E-01   3.6187939E+05   3.6187939E+05   3.5219101E-01   2.7110008E-01   2.7689612E+00   3.5980227E+05   3.6187939E+05   1.6926930E+05   0.0000000E+00   0.0000000E+00   0.0000000E+00   0.0000000E+00
   3.0917830E-01   3.4519391E+05   3.4519391E+05   3.1772052E-01   2.4200532E-01   2.4728445E+00   3.4321239E+05   3.4519391E+05   1.6146458E+05   0.0000000E+00   0.0000000E+00   0.0000000E+00   0.0000000E+00
   3.1962961E-01   3.2787950E+05   3.2787950E+05   2.8203161E-01   2.1508113E-01   2.2005249E+00   3.2599723E+05   3.2787950E+05   1.5336569E+05   0.0000000E+00   0.0000000E+00   0.0000000E+00   0.0000000E+00
   3.3046740E-01   3.1069613E+05   3.1069613E+05   2.4884825E-01   1.9066173E-01   1.9575181E+00   3.0891238E+05   3.1069613E+05   1.4532811E+05   0.0000000E+00   0.0000000E+00   0.0000000E+00   0.0000000E+00
   3.4171422E-01   2.9477655E+05   2.9477655E+05   2.2144329E-01   1.6918147E-01   1.7418524E+00   2.9308408E+05   2.9477655E+05   1.3788168E+05   0.0000000E+00   0.0000000E+00   0.0000000E+00   0.0000000E+00
   3.5339536E-01   2.8040556E+05   2.8040556E+05   1.9568683E-01   1.5047063E-01   1.5497862E+00   2.7879550E+05   2.8040556E+05   1.3115960E+05   0.0000000E+00   0.0000000E+00   0.0000000E+00   0.0000000E+00
   3.6553943E-01   2.6685130E+05   2.6685130E+05   1.7428553E-01   1.3384044E-01   1.3819586E+00   2.6531897E+05   2.6685130E+05   1.2481956E+05   0.0000000E+00   0.0000000E+00   0.0000000E+00   0.0000000E+00
   3.7817885E-01   2.5334884E+05   2.5334884E+05   1.5524656E-01   1.1871682E-01   1.2269565E+00   2.5189397E+05   2.5334884E+05   1.1850376E+05   0.0000000E+00   0.0000000E+00   0.0000000E+00   0.0000000E+00
   3.9135069E-01   2.3996653E+05   2.3996653E+05   1.3666868E-01   1.0500439E-01   1.0878703E+00   2.3858842E+05   2.3996653E+05   1.1224415E+05   0.0000000E+00   0.0000000E+00   0.0000000E+00   0.0000000E+00
   4.0509749E-01   2.2728762E+05   2.2728762E+05   1.2110746E-01   9.2821159E-02   9.6220188E-01   2.2598227E+05   2.2728762E+05   1.0631357E+05   0.0000000E+00   0.0000000E+00   0.0000000E+00   0.0000000E+00
   4.1946843E-01   2.1547542E+05   2.1547542E+05   1.0687121E-01   8.2071078E-02   8.5179952E-01   2.1423784E+05   2.1547542E+05   1.0078840E+05   0.0000000E+00   0.0000000E+00   0.0000000E+00   0.0000000E+00
   4.3452070E-01   2.0411717E+05   2.0411717E+05   9.4369309E-02   7.2451965E-02   7.5322651E-01   2.0294477E+05   2.0411717E+05   9.5475564E+04   0.0000000E+00   0.0000000E+00   0.0000000E+00   0.0000000E+00
   4.5032131E-01   1.9295684E+05   1.9295684E+05   8.3164570E-02   6.3768685E-02   6.6413330E-01   1.9184849E+05   1.9295684E+05   9.0255310E+04   0.0000000E+00   0.0000000E+00   0.0000000E+00   0.0000000E+00
   4.6694932E-01   1.8220504E+05   1.8220504E+05   7.2998496E-02   5.6003355E-02   5.8454942E-01   1.8115841E+05   1.8220504E+05   8.5226152E+04   0.0000000E+00   0.0000000E+00   0.0000000E+00   0.0000000E+00
   4.8449875E-01   1.7198891E+05   1.7198891E+05   6.4000390E-02   4.9103100E-02   5.1303325E-01   1.7100093E+05   1.7198891E+05   8.0447556E+04   0.0000000E+00   0.0000000E+00   0.0000000E+00   0.0000000E+00
   5.0308228E-01   1.6210766E+05   1.6210766E+05   5.5983571E-02   4.2925947E-02   4.4930620E-01   1.6117641E+05   1.6210766E+05   7.5825600E+04   0.0000000E+00   0.0000000E+00   0.0000000E+00   0.0000000E+00
   5.2283603E-01   1.5248141E+05   1.5248141E+05   4.8728929E-02   3.7383587E-02   3.9171881E-01   1.5160543E+05   1.5248141E+05   7.1322922E+04   0.0000000E+00   0.0000000E+00   0.0000000E+00   0.0000000E+00
   5.4392575E-01   1.4320541E+05   1.4320541E+05   4.2290573E-02   3.2439631E-02   3.4027157E-01   1.4238268E+05   1.4320541E+05   6.6984075E+04   0.0000000E+00   0.0000000E+00   0.0000000E+00   0.0000000E+00
   5.6655472E-01   1.3421672E+05   1.3421672E+05   3.6520272E-02   2.8023294E-02   2.9432683E-01   1.3344561E+05   1.3421672E+05   6.2779618E+04   0.0000000E+00   0.0000000E+00   0.0000000E+00   0.0000000E+00
   5.9097375E-01   1.2545039E+05   1.2545039E+05   3.1373646E-02   2.4073129E-02   2.5325820E-01   1.2472963E+05   1.2545039E+05   5.8679177E+04   0.0000000E+00   0.0000000E+00   0.0000000E+00   0.0000000E+00
   6.1749342E-01   1.1692731E+05   1.1692731E+05   2.6782374E-02   2.0551741E-02   2.1642131E-01   1.1625549E+05   1.1692731E+05   5.4692513E+04   0.0000000E+00   0.0000000E+00   0.0000000E+00   0.0000000E+00
   6.4649814E-01   1.0860007E+05   1.0860007E+05   2.2689598E-02   1.7413800E-02   1.8400982E-01   1.0797608E+05   1.0860007E+05   5.0797457E+04   0.0000000E+00   0.0000000E+00   0.0000000E+00   0.0000000E+00
   6.7846021E-01   1.0045921E+05   1.0045921E+05   1.9056154E-02   1.4626468E-02   1.5472320E-01   9.9881982E+04   1.0045921E+05   4.6989579E+04   0.0000000E+00   0.0000000E+00   0.0000000E+00   0.0000000E+00
   7.1394916E-01   9.2492847E+04   9.2492847E+04   1.5842694E-02   1.2161090E-02   1.2878193E-01   9.1961376E+04   9.2492847E+04   4.3263322E+04   0.0000000E+00   0.0000000E+00   0.0000000E+00   0.0000000E+00
   7.5362675E-01   8.4705798E+04   8.4705798E+04   1.3020597E-02   9.9953944E-03   1.0610167E-01   8.4219059E+04   8.4705798E+04   3.9620942E+04   0.0000000E+00   0.0000000E+00   0.0000000E+00   0.0000000E+00
   7.9821255E-01   7.7119725E+04   7.7119725E+04   1.0565974E-02   8.1120079E-03   8.6160494E-02   7.6676567E+04   7.7119725E+04   3.6072569E+04   0.0000000E+00   0.0000000E+00   0.0000000E+00   0.0000000E+00
   8.4840533E-01   6.9784878E+04   6.9784878E+04   8.4662598E-03   6.4976303E-03   6.9133301E-02   6.9383859E+04   6.9784878E+04   3.2641707E+04   0.0000000E+00   0.0000000E+00   0.0000000E+00   0.0000000E+00
   9.0476578E-01   6.2776762E+04   6.2776762E+04   6.6950539E-03   5.1395777E-03   5.4688042E-02   6.2416008E+04   6.2776762E+04   2.9363675E+04   0.0000000E+00   0.0000000E+00   0.0000000E+00   0.0000000E+00
   9.6761196E-01   5.6184990E+04   5.6184990E+04   5.2377395E-03   4.0217888E-03   4.2958358E-02   5.5862110E+04   5.6184990E+04   2.6280387E+04   0.0000000E+00   0.0000000E+00   0.0000000E+00   0.0000000E+00
   1.0370103E+00   5.0087578E+04   5.0087578E+04   4.0649006E-03   3.1215168E-03   3.3328144E-02   4.9799734E+04   5.0087578E+04   2.3428336E+04   0.0000000E+00   0.0000000E+00   0.0000000E+00   0.0000000E+00
   1.1128929E+00   4.4530104E+04   4.4530104E+04   3.1376045E-03   2.4096242E-03   2.5777950E-02   4.4274193E+04   4.4530104E+04   2.0828840E+04   0.0000000E+00   0.0000000E+00   0.0000000E+00   0.0000000E+00
   1.1952231E+00   3.9521629E+04   3.9521629E+04   2.4141588E-03   1.8541283E-03   1.9820818E-02   3.9294499E+04   3.9521629E+04   1.8486137E+04   0.0000000E+00   0.0000000E+00   0.0000000E+00   0.0000000E+00
   1.2841043E+00   3.5039830E+04   3.5039830E+04   1.8532362E-03   1.4241798E-03   1.5304411E-02   3.4838454E+04   3.5039830E+04   1.6389786E+04   0.0000000E+00   0.0000000E+00   0.0000000E+00   0.0000000E+00
   1.3798012E+00   3.1044267E+04   3.1044267E+04   1.4233362E-03   1.0928292E-03   1.1742972E-02   3.0865852E+04   3.1044267E+04   1.4520872E+04   0.0000000E+00   0.0000000E+00   0.0000000E+00   0.0000000E+00
   1.4827106E+00   2.7490208E+04   2.7490208E+04   1.0911837E-03   8.3804952E-04   9.0323154E-03   2.7332217E+04   2.7490208E+04   1.2858469E+04   0.0000000E+00   0.0000000E+00   0.0000000E+00   0.0000000E+00
   1.5933227E+00   2.4332019E+04   2.4332019E+04   8.3629621E-04   6.4235594E-04   6.9059354E-03   2.4192178E+04   2.4332019E+04   1.1381235E+04   0.0000000E+00   0.0000000E+00   0.0000000E+00   0.0000000E+00
   1.7121946E+00   2.1527820E+04   2.1527820E+04   6.4121484E-04   4.9215217E-04   5.3104731E-03   2.1404094E+04   2.1527820E+04   1.0069578E+04   0.0000000E+00   0.0000000E+00   0.0000000E+00   0.0000000E+00
   1.8399373E+00   1.9039245E+04   1.9039245E+04   4.9072176E-04   3.7692078E-04   4.0718175E-03   1.8929820E+04   1.9039245E+04   8.9055535E+03   0.0000000E+00   0.0000000E+00   0.0000000E+00   0.0000000E+00
   1.9772109E+00   1.6831972E+04   1.6831972E+04   3.7565158E-04   2.8856003E-04   3.1315286E-03   1.6735233E+04   1.6831972E+04   7.8731077E+03   0.0000000E+00   0.0000000E+00   0.0000000E+00   0.0000000E+00
   2.1247263E+00   1.4875059E+04   1.4875059E+04   2.8746751E-04   2.2083139E-04   2.3811398E-03   1.4789567E+04   1.4875059E+04   6.9577669E+03   0.0000000E+00   0.0000000E+00   0.0000000E+00   0.0000000E+00
   2.2832475E+00   1.3140983E+04   1.3140983E+04   2.1991024E-04   1.6893940E-04   1.8298283E-03   1.3065457E+04   1.3140983E+04   6.1466578E+03   0.0000000E+00   0.0000000E+00   0.0000000E+00   0.0000000E+00
   2.4535957E+00   1.1605020E+04   1.1605020E+04   1.6816975E-04   1.2919634E-04   1.4030800E-03   1.1538322E+04   1.1605020E+04   5.4282153E+03   0.0000000E+00   0.0000000E+00   0.0000000E+00   0.0000000E+00
   2.6366531E+00   1.0245126E+04   1.0245126E+04   1.2853432E-04   9.8769495E-05   1.0760802E-03   1.0186243E+04   1.0245126E+04   4.7921285E+03   0.0000000E+00   0.0000000E+00   0.0000000E+00   0.0000000E+00
   2.8333681E+00   9.0416290E+03   9.0416290E+03   9.8263484E-05   7.5483797E-05   8.2035690E-04   8.9896629E+03   9.0416290E+03   4.2291962E+03   0.0000000E+00   0.0000000E+00   0.0000000E+00   0.0000000E+00
   3.0447595E+00   7.9769722E+03   7.9769722E+03   7.5070087E-05   5.7669592E-05   6.2668194E-04   7.9311250E+03   7.9769722E+03   3.7312059E+03   0.0000000E+00   0.0000000E+00   0.0000000E+00   0.0000000E+00
   3.2719224E+00   7.0355068E+03   7.0355068E+03   5.7334183E-05   4.4045964E-05   4.8290085E-04   6.9950705E+03   7.0355068E+03   3.2908382E+03   0.0000000E+00   0.0000000E+00   0.0000000E+00   0.0000000E+00
   3.5160334E+00   6.2032946E+03   6.2032946E+03   4.3778396E-05   3.3630666E-05   3.6133444E-04   6.1676414E+03   6.2032946E+03   2.9015732E+03   0.0000000E+00   0.0000000E+00   0.0000000E+00   0.0000000E+00
   3.7783570E+00   5.4679281E+03   5.4679281E+03   3.3416937E-05   2.5670747E-05   2.8101580E-04   5.4365013E+03   5.4679281E+03   2.5576077E+03   0.0000000E+00   0.0000000E+00   0.0000000E+00   0.0000000E+00
   4.0602521E+00   4.8183691E+03   4.8183691E+03   2.5494402E-05   1.9589292E-05   2.1384485E-04   4.7906756E+03   4.8183691E+03   2.2537783E+03   0.0000000E+00   0.0000000E+00   0.0000000E+00   0.0000000E+00
   4.3631786E+00   4.2448036E+03   4.2448036E+03   1.9454375E-05   1.4944444E-05   1.6165516E-04   4.2204066E+03   4.2448036E+03   1.9854947E+03   0.0000000E+00   0.0000000E+00   0.0000000E+00   0.0000000E+00
   4.6887059E+00   3.7385109E+03   3.7385109E+03   1.4836031E-05   1.1397901E-05   1.2285181E-04   3.7170238E+03   3.7385109E+03   1.7486777E+03   0.0000000E+00   0.0000000E+00   0.0000000E+00   0.0000000E+00
   5.0385201E+00   3.2917461E+03   3.2917461E+03   1.1314859E-05   8.6907478E-06   9.5232741E-05   3.2728268E+03   3.2917461E+03   1.5397047E+03   0.0000000E+00   0.0000000E+00   0.0000000E+00   0.0000000E+00
   5.4144331E+00   2.8976348E+03   2.8976348E+03   8.6221871E-06   6.6249073E-06   7.3542408E-05   2.8809807E+03   2.8976348E+03   1.3553603E+03   0.0000000E+00   0.0000000E+00   0.0000000E+00   0.0000000E+00
   5.8183922E+00   2.5500782E+03   2.5500782E+03   6.5715126E-06   5.0488892E-06   5.4392538E-05   2.5354217E+03   2.5500782E+03   1.1927917E+03   0.0000000E+00   0.0000000E+00   0.0000000E+00   0.0000000E+00
   6.2524898E+00   2.2436683E+03   2.2436683E+03   5.0073659E-06   3.8468753E-06   4.1996520E-05   2.2307728E+03   2.2436683E+03   1.0494694E+03   0.0000000E+00   0.0000000E+00   0.0000000E+00   0.0000000E+00
   6.7189745E+00   1.9736118E+03   1.9736118E+03   3.8138298E-06   2.9303494E-06   3.2020516E-05   1.9622685E+03   1.9736118E+03   9.2315122E+02   0.0000000E+00   0.0000000E+00   0.0000000E+00   0.0000000E+00
   7.2202626E+00   1.7356627E+03   1.7356627E+03   2.9046809E-06   2.2316829E-06   2.4438833E-05   1.7256869E+03   1.7356627E+03   8.1185119E+02   0.0000000E+00   0.0000000E+00   0.0000000E+00   0.0000000E+00
   7.7589508E+00   1.5260608E+03   1.5260608E+03   2.2114832E-06   1.6992214E-06   1.8190226E-05   1.5172898E+03   1.5260608E+03   7.1381053E+02   0.0000000E+00   0.0000000E+00   0.0000000E+00   0.0000000E+00
   8.3378292E+00   1.3414782E+03   1.3414782E+03   1.6835763E-06   1.2935238E-06   1.4624451E-05   1.3337681E+03   1.3414782E+03   6.2747257E+02   0.0000000E+00   0.0000000E+00   0.0000000E+00   0.0000000E+00
   8.9598965E+00   1.1789705E+03   1.1789705E+03   1.2812408E-06   9.8448320E-07   1.0841665E-05   1.1721943E+03   1.1789705E+03   5.5146002E+02   0.0000000E+00   0.0000000E+00   0.0000000E+00   0.0000000E+00
   9.6283750E+00   1.0359334E+03   1.0359334E+03   9.7496692E-07   7.4912466E-07   7.9921729E-06   1.0299793E+03   1.0359334E+03   4.8455484E+02   0.0000000E+00   0.0000000E+00   0.0000000E+00   0.0000000E+00
   1.0346727E+01   9.1006492E+02   9.1006492E+02   7.4167005E-07   5.6992031E-07   6.1104262E-06   9.0483431E+02   9.1006492E+02   4.2568023E+02   0.0000000E+00   0.0000000E+00   0.0000000E+00   0.0000000E+00
