#           k/h    CDM            baryon         photon         nu             mass_nu        total          no_nu          total_de       Weyl           v_CDM          v_b            v_b-v_c     
   1.0564235E-05   6.0192287E+06   6.0192287E+06   8.0246484E+06   1.1618303E+04   -2.3514095E+04   6.0194178E+06   6.0192287E+06   5.9484203E+06   0.0000000E+00   0.0000000E+00   0.0000000E+00   0.0000000E+00
   1.1352410E-05   6.0192277E+06   6.0192277E+06   8.0244938E+06   1.1618147E+04   -2.3514188E+04   6.0194167E+06   6.0192277E+06   5.9484191E+06   0.0000000E+00   0.0000000E+00   0.0000000E+00   0.0000000E+00
   1.2199388E-05   6.0192265E+06   6.0192265E+06   8.0243153E+06   1.1617968E+04   -2.3514295E+04   6.0194154E+06   6.0192265E+06   5.9484179E+06   0.0000000E+00   0.0000000E+00   0.0000000E+00   0.0000000E+00
   1.3109558E-05   6.0192251E+06   6.0192251E+06   8.0241091E+06   1.1617761E+04   -2.3514419E+04   6.0194139E+06   6.0192251E+06   5.9484164E+06   0.0000000E+00   0.0000000E+00   0.0000000E+00   0.0000000E+00
   1.4087634E-05   6.0192235E+06   6.0192235E+06   8.0238711E+06   1.1617521E+04   -2.3514562E+04   6.0194122E+06   6.0192235E+06   5.9484147E+06   0.0000000E+00   0.0000000E+00   0.0000000E+00   0.0000000E+00
   1.5138681E-05   6.0192217E+06   6.0192217E+06   8.0235962E+06   1.1617245E+04   -2.3514728E+04   6.0194102E+06   6.0192217E+06   5.9484127E+06   0.0000000E+00   0.0000000E+00   0.0000000E+00   0.0000000E+00
   1.6268146E-05   6.0192195E+06   6.0192195E+06   8.0232788E+06   1.1616926E+04   -2.3514919E+04   6.0194079E+06   6.0192195E+06   5.9484104E+06   0.0000000E+00   0.0000000E+00   0.0000000E+00   0.0000000E+00
   1.7481877E-05   6.0192171E+06   6.0192171E+06   8.0229123E+06   1.1616557E+04   -2.3515139E+04   6.0194052E+06   6.0192171E+06   5.9484078E+06   0.0000000E+00   0.0000000E+00   0.0000000E+00   0.0000000E+00
   1.8786161E-05   6.0192142E+06   6.0192142E+06   8.0224890E+06   1.1616132E+04   -2.3515393E+04   6.0194021E+06   6.0192142E+06   5.9484047E+06   0.0000000E+00   0.0000000E+00   0.0000000E+00   0.0000000E+00
   2.0187756E-05   6.0192110E+06   6.0192110E+06   8.0220003E+06   1.1615640E+04   -2.3515686E+04   6.0193985E+06   6.0192110E+06   5.9484012E+06   0.0000000E+00   0.0000000E+00   0.0000000E+00   0.0000000E+00
   2.1693921E-05   6.0192072E+06   6.0192072E+06   8.0214360E+06   1.1615073E+04   -2.3516025E+04   6.0193944E+06   6.0192072E+06   5.9483972E+06   0.0000000E+00   0.0000000E+00   0.0000000E+00   0.0000000E+00
   2.3312457E-05   6.0192028E+06   6.0192028E+06   8.0207844E+06   1.1614418E+04   -2.3516415E+04   6.0193897E+06   6.0192028E+06   5.9483925E+06   0.0000000E+00   0.0000000E+00   0.0000000E+00   0.0000000E+00
   2.5051749E-05   6.0191978E+06   6.0191978E+06   8.0200320E+06   1.1613661E+04   -2.3516865E+04   6.0193842E+06   6.0191978E+06   5.9483871E+06   0.0000000E+00   0.0000000E+00   0.0000000E+00   0.0000000E+00
   2.6920806E-05   6.0191920E+06   6.0191920E+06   8.0191632E+06   1.1612788E+04   -2.3517385E+04   6.0193779E+06   6.0191920E+06   5.9483809E+06   0.0000000E+00   0.0000000E+00   0.0000000E+00   0.0000000E+00
   2.8929308E-05   6.0191852E+06   6.0191852E+06   8.0181600E+06   1.1611779E+04   -2.3517984E+04   6.0193706E+06   6.0191852E+06   5.9483737E+06   0.0000000E+00   0.0000000E+00   0.0000000E+00   0.0000000E+00
   3.1087661E-05   6.0191775E+06   6.0191775E+06   8.0170017E+06   1.1610614E+04   -2.3518674E+04   6.0193622E+06   6.0191775E+06   5.9483653E+06   0.0000000E+00   0.0000000E+00   0.0000000E+00   0.0000000E+00
   3.3407044E-05   6.0191685E+06   6.0191685E+06   8.0156643E+06   1.1609270E+04   -2.3519470E+04   6.0193524E+06   6.0191685E+06   5.9483557E+06   0.0000000E+00   0.0000000E+00   0.0000000E+00   0.0000000E+00
   3.5899471E-05   6.0191582E+06   6.0191582E+06   8.0141202E+06   1.1607717E+04   -2.3520387E+04   6.0193412E+06   6.0191582E+06   5.9483446E+06   0.0000000E+00   0.0000000E+00   0.0000000E+00   0.0000000E+00
   3.8577853E-05   6.0191462E+06   6.0191462E+06   8.0123375E+06   1.1605924E+04   -2.3521443E+04   6.0193282E+06   6.0191462E+06   5.9483318E+06   0.0000000E+00   0.0000000E+00   0.0000000E+00   0.0000000E+00
   4.1456063E-05   6.0191324E+06   6.0191324E+06   8.0102793E+06   1.1603854E+04   -2.3522659E+04   6.0193132E+06   6.0191324E+06   5.9483170E+06   0.0000000E+00   0.0000000E+00   0.0000000E+00   0.0000000E+00
   4.4549009E-05   6.0191165E+06   6.0191165E+06   8.0079031E+06   1.1601464E+04   -2.3524059E+04   6.0192959E+06   6.0191165E+06   5.9482999E+06   0.0000000E+00   0.0000000E+00   0.0000000E+00   0.0000000E+00
   4.7872714E-05   6.0190981E+06   6.0190981E+06   8.0051601E+06   1.1598705E+04   -2.3525669E+04   6.0192759E+06   6.0190981E+06   5.9482802E+06   0.0000000E+00   0.0000000E+00   0.0000000E+00   0.0000000E+00
   5.1444393E-05   6.0190769E+06   6.0190769E+06   8.0019935E+06   1.1595520E+04   -2.3527519E+04   6.0192528E+06   6.0190769E+06   5.9482574E+06   0.0000000E+00   0.0000000E+00   0.0000000E+00   0.0000000E+00
   5.5282548E-05   6.0190524E+06   6.0190524E+06   7.9983383E+06   1.1591843E+04   -2.3529645E+04   6.0192262E+06   6.0190524E+06   5.9482311E+06   0.0000000E+00   0.0000000E+00   0.0000000E+00   0.0000000E+00
   5.9407059E-05   6.0190240E+06   6.0190240E+06   7.9941193E+06   1.1587598E+04   -2.3532084E+04   6.0191954E+06   6.0190240E+06   5.9482007E+06   0.0000000E+00   0.0000000E+00   0.0000000E+00   0.0000000E+00
   6.3839290E-05   6.0189913E+06   6.0189913E+06   7.9892500E+06   1.1582698E+04   -2.3534881E+04   6.0191599E+06   6.0189913E+06   5.9481657E+06   0.0000000E+00   0.0000000E+00   0.0000000E+00   0.0000000E+00
   6.8602201E-05   6.0189536E+06   6.0189536E+06   7.9836306E+06   1.1577042E+04   -2.3538083E+04   6.0191188E+06   6.0189536E+06   5.9481252E+06   0.0000000E+00   0.0000000E+00   0.0000000E+00   0.0000000E+00
   7.3720462E-05   6.0189100E+06   6.0189100E+06   7.9771460E+06   1.1570515E+04   -2.3541745E+04   6.0190715E+06   6.0189100E+06   5.9480784E+06   0.0000000E+00   0.0000000E+00   0.0000000E+00   0.0000000E+00
   7.9220586E-05   6.0188597E+06   6.0188597E+06   7.9696640E+06   1.1562983E+04   -2.3545927E+04   6.0190168E+06   6.0188597E+06   5.9480245E+06   0.0000000E+00   0.0000000E+00   0.0000000E+00   0.0000000E+00
   8.5131062E-05   6.0188016E+06   6.0188016E+06   7.9610324E+06   1.1554290E+04   -2.3550692E+04   6.0189537E+06   6.0188016E+06   5.9479621E+06   0.0000000E+00   0.0000000E+00   0.0000000E+00   0.0000000E+00
   9.1482506E-05   6.0187345E+06   6.0187345E+06   7.9510758E+06   1.1544262E+04   -2.3556110E+04   6.0188808E+06   6.0187345E+06   5.9478902E+06   0.0000000E+00   0.0000000E+00   0.0000000E+00   0.0000000E+00
   9.8307817E-05   6.0186571E+06   6.0186571E+06   7.9395930E+06   1.1532692E+04   -2.3562254E+04   6.0187966E+06   6.0186571E+06   5.9478071E+06   0.0000000E+00   0.0000000E+00   0.0000000E+00   0.0000000E+00
   1.0564235E-04   6.0185677E+06   6.0185677E+06   7.9263526E+06   1.1519347E+04   -2.3569199E+04   6.0186995E+06   6.0185677E+06   5.9477113E+06   0.0000000E+00   0.0000000E+00   0.0000000E+00   0.0000000E+00
   1.1352410E-04   6.0184645E+06   6.0184645E+06   7.9110892E+06   1.1503956E+04   -2.3577019E+04   6.0185873E+06   6.0184645E+06   5.9476006E+06   0.0000000E+00   0.0000000E+00   0.0000000E+00   0.0000000E+00
   1.2199388E-04   6.0183453E+06   6.0183453E+06   7.8934984E+06   1.1486211E+04   -2.3585785E+04   6.0184579E+06   6.0183453E+06   5.9474728E+06   0.0000000E+00   0.0000000E+00   0.0000000E+00   0.0000000E+00
   1.3109558E-04   6.0182079E+06   6.0182079E+06   7.8732315E+06   1.1465755E+04   -2.3595555E+04   6.0183085E+06   6.0182079E+06   5.9473254E+06   0.0000000E+00   0.0000000E+00   0.0000000E+00   0.0000000E+00
   1.4087634E-04   6.0180492E+06   6.0180492E+06   7.8498897E+06   1.1442181E+04   -2.3606370E+04   6.0181361E+06   6.0180492E+06   5.9471552E+06   0.0000000E+00   0.0000000E+00   0.0000000E+00   0.0000000E+00
   1.5138681E-04   6.0178661E+06   6.0178661E+06   7.8230177E+06   1.1415022E+04   -2.3618239E+04   6.0179372E+06   6.0178661E+06   5.9469589E+06   0.0000000E+00   0.0000000E+00   0.0000000E+00   0.0000000E+00
   1.6268146E-04   6.0176548E+06   6.0176548E+06   7.7920961E+06   1.1383745E+04   -2.3631121E+04   6.0177076E+06   6.0176548E+06   5.9467323E+06   0.0000000E+00   0.0000000E+00   0.0000000E+00   0.0000000E+00
   1.7481877E-04   6.0174110E+06   6.0174110E+06   7.7565345E+06   1.1347739E+04   -2.3644906E+04   6.0174428E+06   6.0174110E+06   5.9464709E+06   0.0000000E+00   0.0000000E+00   0.0000000E+00   0.0000000E+00
   1.8786161E-04   6.0171298E+06   6.0171298E+06   7.7156624E+06   1.1306311E+04   -2.3659381E+04   6.0171373E+06   6.0171298E+06   5.9461694E+06   0.0000000E+00   0.0000000E+00   0.0000000E+00   0.0000000E+00
   2.0187756E-04   6.0168055E+06   6.0168055E+06   7.6687215E+06   1.1258671E+04   -2.3674187E+04   6.0167849E+06   6.0168055E+06   5.9458216E+06   0.0000000E+00   0.0000000E+00   0.0000000E+00   0.0000000E+00
   2.1693921E-04   6.0164314E+06   6.0164314E+06   7.6148566E+06   1.1203922E+04   -2.3688765E+04   6.0163786E+06   6.0164314E+06   5.9454206E+06   0.0000000E+00   0.0000000E+00   0.0000000E+00   0.0000000E+00
   2.3312457E-04   6.0160001E+06   6.0160001E+06   7.5531071E+06   1.1141052E+04   -2.3702278E+04   6.0159102E+06   6.0160001E+06   5.9449583E+06   0.0000000E+00   0.0000000E+00   0.0000000E+00   0.0000000E+00
   2.5051749E-04   6.0155030E+06   6.0155030E+06   7.4823994E+06   1.1068917E+04   -2.3713510E+04   6.0153704E+06   6.0155030E+06   5.9444254E+06   0.0000000E+00   0.0000000E+00   0.0000000E+00   0.0000000E+00
   2.6920806E-04   6.0149302E+06   6.0149302E+06   7.4015408E+06   1.0986237E+04   -2.3720741E+04   6.0147483E+06   6.0149302E+06   5.9438114E+06   0.0000000E+00   0.0000000E+00   0.0000000E+00   0.0000000E+00
   2.8929308E-04   6.0142703E+06   6.0142703E+06   7.3092149E+06   1.0891579E+04   -2.3721574E+04   6.0140318E+06   6.0142703E+06   5.9431041E+06   0.0000000E+00   0.0000000E+00   0.0000000E+00   0.0000000E+00
   3.1087661E-04   6.0135103E+06   6.0135103E+06   7.2039815E+06   1.0783354E+04   -2.3712719E+04   6.0132067E+06   6.0135103E+06   5.9422898E+06   0.0000000E+00   0.0000000E+00   0.0000000E+00   0.0000000E+00
   3.3407044E-04   6.0126355E+06   6.0126355E+06   7.0842817E+06   1.0659808E+04   -2.3689719E+04   6.0122572E+06   6.0126355E+06   5.9413525E+06   0.0000000E+00   0.0000000E+00   0.0000000E+00   0.0000000E+00
   3.5899471E-04   6.0116290E+06   6.0116290E+06   6.9484496E+06   1.0519025E+04   -2.3646599E+04   6.0111649E+06   6.0116290E+06   5.9402743E+06   0.0000000E+00   0.0000000E+00   0.0000000E+00   0.0000000E+00
   3.8577853E-04   6.0104716E+06   6.0104716E+06   6.7947349E+06   1.0358935E+04   -2.3575444E+04   6.0099092E+06   6.0104716E+06   5.9390348E+06   0.0000000E+00   0.0000000E+00   0.0000000E+00   0.0000000E+00
   4.1456063E-04   6.0091416E+06   6.0091416E+06   6.6213387E+06   1.0177324E+04   -2.3465875E+04   6.0084665E+06   6.0091416E+06   5.9376107E+06   0.0000000E+00   0.0000000E+00   0.0000000E+00   0.0000000E+00
   4.4549009E-04   6.0076142E+06   6.0076142E+06   6.4264661E+06   9.9718750E+03   -2.3304429E+04   6.0068103E+06   6.0076142E+06   5.9359757E+06   0.0000000E+00   0.0000000E+00   0.0000000E+00   0.0000000E+00
   4.7872714E-04   6.0058616E+06   6.0058616E+06   6.2084014E+06   9.7402052E+03   -2.3073859E+04   6.0049105E+06   6.0058616E+06   5.9341002E+06   0.0000000E+00   0.0000000E+00   0.0000000E+00   0.0000000E+00
   5.1444393E-04   6.0038525E+06   6.0038525E+06   5.9656086E+06   9.4799428E+03   -2.2752344E+04   6.0027335E+06   6.0038525E+06   5.9319511E+06   0.0000000E+00   0.0000000E+00   0.0000000E+00   0.0000000E+00
   5.5282548E-04   6.0015516E+06   6.0015516E+06   5.6968646E+06   9.1888229E+03   -2.2312692E+04   6.0002416E+06   6.0015516E+06   5.9294909E+06   0.0000000E+00   0.0000000E+00   0.0000000E+00   0.0000000E+00
   5.9407059E-04   5.9989198E+06   5.9989198E+06   5.4014256E+06   8.8648196E+03   -2.1721600E+04   5.9973929E+06   5.9989198E+06   5.9266784E+06   0.0000000E+00   0.0000000E+00   0.0000000E+00   0.0000000E+00
   6.3839290E-04   5.9959135E+06   5.9959135E+06   5.0792322E+06   8.5063165E+03   -2.0939129E+04   5.9941410E+06   5.9959135E+06   5.9234676E+06   0.0000000E+00   0.0000000E+00   0.0000000E+00   0.0000000E+00
   6.8602201E-04   5.9924845E+06   5.9924845E+06   4.7311471E+06   8.1123199E+03   -1.9918621E+04   5.9904345E+06   5.9924845E+06   5.9198078E+06   0.0000000E+00   0.0000000E+00   0.0000000E+00   0.0000000E+00
   7.3720462E-04   5.9885798E+06   5.9885798E+06   4.3592205E+06   7.6827156E+03   -1.8607374E+04   5.9862175E+06   5.9885798E+06   5.9156438E+06   0.0000000E+00   0.0000000E+00   0.0000000E+00   0.0000000E+00
   7.9220586E-04   5.9841415E+06   5.9841415E+06   3.9669620E+06   7.2185625E+03   -1.6948527E+04   5.9814293E+06   5.9841415E+06   5.9109152E+06   0.0000000E+00   0.0000000E+00   0.0000000E+00   0.0000000E+00
   8.5131062E-04   5.9791070E+06   5.9791070E+06   3.5595890E+06   6.7224118E+03   -1.4884681E+04   5.9760042E+06   5.9791070E+06   5.9055574E+06   0.0000000E+00   0.0000000E+00   0.0000000E+00   0.0000000E+00
   9.1482506E-04   5.9734086E+06   5.9734086E+06   3.1442017E+06   6.1986235E+03   -1.2363862E+04   5.9698723E+06   5.9734086E+06   5.8995010E+06   0.0000000E+00   0.0000000E+00   0.0000000E+00   0.0000000E+00
   9.8307817E-04   5.9669740E+06   5.9669740E+06   2.7298168E+06   5.6536374E+03   -9.3483408E+03   5.9629595E+06   5.9669740E+06   5.8926725E+06   0.0000000E+00   0.0000000E+00   0.0000000E+00   0.0000000E+00
   1.0564235E-03   5.9597265E+06   5.9597265E+06   2.3271720E+06   5.0961371E+03   -5.8265315E+03   5.9551879E+06   5.9597265E+06   5.8849950E+06   0.0000000E+00   0.0000000E+00   0.0000000E+00   0.0000000E+00
   1.1352410E-03   5.9515849E+06   5.9515849E+06   1.9482055E+06   4.5370227E+03   -1.8274794E+03   5.9464765E+06   5.9515849E+06   5.8763882E+06   0.0000000E+00   0.0000000E+00   0.0000000E+00   0.0000000E+00
   1.2199388E-03   5.9424639E+06   5.9424639E+06   1.6051239E+06   3.9890954E+03   2.5637651E+03   5.9367416E+06   5.9424639E+06   5.8667688E+06   0.0000000E+00   0.0000000E+00   0.0000000E+00   0.0000000E+00
   1.3109558E-03   5.9322738E+06   5.9322738E+06   1.3090164E+06   3.4663572E+03   7.1934521E+03   5.9258967E+06   5.9322738E+06   5.8560514E+06   0.0000000E+00   0.0000000E+00   0.0000000E+00   0.0000000E+00
   1.4087634E-03   5.9209203E+06   5.9209203E+06   1.0680781E+06   2.9828590E+03   1.1834955E+04   5.9138530E+06   5.9209203E+06   5.8441477E+06   0.0000000E+00   0.0000000E+00   0.0000000E+00   0.0000000E+00
   1.5138681E-03   5.9083039E+06   5.9083039E+06   8.8566584E+05   2.5511072E+03   1.6201004E+04   5.9005184E+06   5.9083039E+06   5.8309664E+06   0.0000000E+00   0.0000000E+00   0.0000000E+00   0.0000000E+00
   1.6268146E-03   5.8943189E+06   5.8943189E+06   7.5863366E+05   2.1801716E+03   1.9980553E+04   5.8857967E+06   5.8943189E+06   5.8164122E+06   0.0000000E+00   0.0000000E+00   0.0000000E+00   0.0000000E+00
   1.7481877E-03   5.8788524E+06   5.8788524E+06   6.7661946E+05   1.8738290E+03   2.2904768E+04   5.8695863E+06   5.8788524E+06   5.8003845E+06   0.0000000E+00   0.0000000E+00   0.0000000E+00   0.0000000E+00
   1.8786161E-03   5.8617832E+06   5.8617832E+06   6.2305094E+05   1.6292794E+03   2.4836053E+04   5.8517783E+06   5.8617832E+06   5.7827756E+06   0.0000000E+00   0.0000000E+00   0.0000000E+00   0.0000000E+00
   2.0187756E-03   5.8429819E+06   5.8429819E+06   5.7843055E+05   1.4370981E+03   2.5855503E+04   5.8322559E+06   5.8429819E+06   5.7634702E+06   0.0000000E+00   0.0000000E+00   0.0000000E+00   0.0000000E+00
   2.1693921E-03   5.8223122E+06   5.8223122E+06   5.2573448E+05   1.2829873E+03   2.6301878E+04   5.8108937E+06   5.8223122E+06   5.7423446E+06   0.0000000E+00   0.0000000E+00   0.0000000E+00   0.0000000E+00
   2.3312457E-03   5.7996331E+06   5.7996331E+06   4.5649120E+05   1.1514060E+03   2.6703341E+04   5.7875588E+06   5.7996331E+06   5.7192681E+06   0.0000000E+00   0.0000000E+00   0.0000000E+00   0.0000000E+00
   2.5051749E-03   5.7748028E+06   5.7748028E+06   3.7469084E+05   1.0302395E+03   2.7567028E+04   5.7621134E+06   5.7748028E+06   5.6941050E+06   0.0000000E+00   0.0000000E+00   0.0000000E+00   0.0000000E+00
   2.6920806E-03   5.7476821E+06   5.7476821E+06   2.9517880E+05   9.1460328E+02   2.9074372E+04   5.7344173E+06   5.7476821E+06   5.6667175E+06   0.0000000E+00   0.0000000E+00   0.0000000E+00   0.0000000E+00
   2.8929308E-03   5.7181352E+06   5.7181352E+06   2.3506851E+05   8.0738525E+02   3.0859110E+04   5.7043291E+06   5.7181352E+06   5.6369664E+06   0.0000000E+00   0.0000000E+00   0.0000000E+00   0.0000000E+00
   3.1087661E-03   5.6860273E+06   5.6860273E+06   2.0158107E+05   7.1521644E+02   3.2123995E+04   5.6717056E+06   5.6860273E+06   5.6047107E+06   0.0000000E+00   0.0000000E+00   0.0000000E+00   0.0000000E+00
   3.3407044E-03   5.6512191E+06   5.6512191E+06   1.8521403E+05   6.4159352E+02   3.2208766E+04   5.6363988E+06   5.6512191E+06   5.5698045E+06   0.0000000E+00   0.0000000E+00   0.0000000E+00   0.0000000E+00
   3.5899471E-03   5.6135623E+06   5.6135623E+06   1.6701117E+05   5.8227346E+02   3.1269629E+04   5.5982543E+06   5.6135623E+06   5.5320954E+06   0.0000000E+00   0.0000000E+00   0.0000000E+00   0.0000000E+00
   3.8577853E-03   5.5728998E+06   5.5728998E+06   1.3733322E+05   5.2799939E+02   3.0289573E+04   5.5571143E+06   5.5728998E+06   5.4914275E+06   0.0000000E+00   0.0000000E+00   0.0000000E+00   0.0000000E+00
   4.1456063E-03   5.5290727E+06   5.5290727E+06   1.0693632E+05   4.7323807E+02   2.9999875E+04   5.5128235E+06   5.5290727E+06   5.4476475E+06   0.0000000E+00   0.0000000E+00   0.0000000E+00   0.0000000E+00
   4.4549009E-03   5.4819251E+06   5.4819251E+06   9.2102180E+04   4.2124099E+02   2.9776016E+04   5.4652329E+06   5.4819251E+06   5.4006079E+06   0.0000000E+00   0.0000000E+00   0.0000000E+00   0.0000000E+00
   4.7872714E-03   5.4313022E+06   5.4313022E+06   8.8800839E+04   3.7756087E+02   2.8433930E+04   5.4141951E+06   5.4313022E+06   5.3501634E+06   0.0000000E+00   0.0000000E+00   0.0000000E+00   0.0000000E+00
   5.1444393E-03   5.3770457E+06   5.3770457E+06   7.8104688E+04   3.4031747E+02   2.6376788E+04   5.3595598E+06   5.3770457E+06   5.2961650E+06   0.0000000E+00   0.0000000E+00   0.0000000E+00   0.0000000E+00
   5.5282548E-03   5.3189980E+06   5.3189980E+06   6.0798599E+04   3.0373907E+02   2.5133302E+04   5.3011768E+06   5.3189980E+06   5.2384645E+06   0.0000000E+00   0.0000000E+00   0.0000000E+00   0.0000000E+00
   5.9407059E-03   5.2570111E+06   5.2570111E+06   5.3626388E+04   2.6911618E+02   2.4217816E+04   5.2389024E+06   5.2570111E+06   5.1769197E+06   0.0000000E+00   0.0000000E+00   0.0000000E+00   0.0000000E+00
   6.3839290E-03   5.1909431E+06   5.1909431E+06   4.9119536E+04   2.4011473E+02   2.2317175E+04   5.1725907E+06   5.1909431E+06   5.1113863E+06   0.0000000E+00   0.0000000E+00   0.0000000E+00   0.0000000E+00
   6.8602201E-03   5.1206431E+06   5.1206431E+06   3.7010459E+04   2.1341691E+02   2.0836686E+04   5.1020811E+06   5.1206431E+06   5.0417055E+06   0.0000000E+00   0.0000000E+00   0.0000000E+00   0.0000000E+00
   7.3720462E-03   5.0459586E+06   5.0459586E+06   3.2788221E+04   1.8806300E+02   1.9819633E+04   5.0272203E+06   5.0459586E+06   4.9677259E+06   0.0000000E+00   0.0000000E+00   0.0000000E+00   0.0000000E+00
   7.9220586E-03   4.9667419E+06   4.9667419E+06   2.9174416E+04   1.6609335E+02   1.7906415E+04   4.9478789E+06   4.9667419E+06   4.8893194E+06   0.0000000E+00   0.0000000E+00   0.0000000E+00   0.0000000E+00
   8.5131062E-03   4.8828511E+06   4.8828511E+06   2.3064976E+04   1.4539578E+02   1.6849882E+04   4.8639275E+06   4.8828511E+06   4.8063581E+06   0.0000000E+00   0.0000000E+00   0.0000000E+00   0.0000000E+00
   9.1482506E-03   4.7941513E+06   4.7941513E+06   2.1989742E+04   1.2784781E+02   1.5202518E+04   4.7752159E+06   4.7941513E+06   4.7186935E+06   0.0000000E+00   0.0000000E+00   0.0000000E+00   0.0000000E+00
   9.8307817E-03   4.7005009E+06   4.7005009E+06   1.6468892E+04   1.1167638E+02   1.3987718E+04   4.6815929E+06   4.7005009E+06   4.6261761E+06   0.0000000E+00   0.0000000E+00   0.0000000E+00   0.0000000E+00
   1.0564235E-02   4.6017614E+06   4.6017614E+06   1.5369606E+04   9.7197545E+01   1.2577607E+04   4.5829378E+06   4.6017614E+06   4.5286866E+06   0.0000000E+00   0.0000000E+00   0.0000000E+00   0.0000000E+00
   1.1352410E-02   4.4978040E+06   4.4978040E+06   1.2041977E+04   8.4277534E+01   1.1620552E+04   4.4791209E+06   4.4978040E+06   4.4260967E+06   0.0000000E+00   0.0000000E+00   0.0000000E+00   0.0000000E+00
   1.2199388E-02   4.3885046E+06   4.3885046E+06   1.0537395E+04   7.3070423E+01   1.0202666E+04   4.3700091E+06   4.3885046E+06   4.3182750E+06   0.0000000E+00   0.0000000E+00   0.0000000E+00   0.0000000E+00
   1.3109558E-02   4.2737486E+06   4.2737486E+06   9.3813592E+03   6.2914424E+01   9.2629989E+03   4.2554960E+06   4.2737486E+06   4.2051163E+06   0.0000000E+00   0.0000000E+00   0.0000000E+00   0.0000000E+00
   1.4087634E-02   4.1534434E+06   4.1534434E+06   7.1847464E+03   5.4040203E+01   8.3468635E+03   4.1354871E+06   4.1534434E+06   4.0865269E+06   0.0000000E+00   0.0000000E+00   0.0000000E+00   0.0000000E+00
   1.5138681E-02   4.0275185E+06   4.0275185E+06   5.9944118E+03   4.6329618E+01   7.2891238E+03   4.0099065E+06   4.0275185E+06   3.9624321E+06   0.0000000E+00   0.0000000E+00   0.0000000E+00   0.0000000E+00
   1.6268146E-02   3.8959441E+06   3.8959441E+06   5.2901431E+03   3.9514917E+01   6.3839968E+03   3.8787309E+06   3.8959441E+06   3.8328087E+06   0.0000000E+00   0.0000000E+00   0.0000000E+00   0.0000000E+00
   1.7481877E-02   3.7587450E+06   3.7587450E+06   4.5330243E+03   3.3590239E+01   5.6301757E+03   3.7419779E+06   3.7587450E+06   3.6976742E+06   0.0000000E+00   0.0000000E+00   0.0000000E+00   0.0000000E+00
   1.8786161E-02   3.6160232E+06   3.6160232E+06   3.8388557E+03   2.8418819E+01   4.9411785E+03   3.5997521E+06   3.6160232E+06   3.5571317E+06   0.0000000E+00   0.0000000E+00   0.0000000E+00   0.0000000E+00
   2.0187756E-02   3.4679832E+06   3.4679832E+06   3.1541756E+03   2.3955503E+01   4.2847447E+03   3.4522523E+06   3.4679832E+06   3.4113778E+06   0.0000000E+00   0.0000000E+00   0.0000000E+00   0.0000000E+00
   2.1693920E-02   3.3149663E+06   3.3149663E+06   2.5545068E+03   2.0113177E+01   3.6977916E+03   3.2998202E+06   3.3149663E+06   3.2607501E+06   0.0000000E+00   0.0000000E+00   0.0000000E+00   0.0000000E+00
   2.3312450E-02   3.1574871E+06   3.1574871E+06   2.0013015E+03   1.6802321E+01   3.1865570E+03   3.1429641E+06   3.1574871E+06   3.1057509E+06   0.0000000E+00   0.0000000E+00   0.0000000E+00   0.0000000E+00
   2.5051707E-02   2.9962762E+06   2.9962762E+06   1.6594379E+03   1.3972383E+01   2.7764476E+03   2.9824114E+06   2.9962762E+06   2.9470988E+06   0.0000000E+00   0.0000000E+00   0.0000000E+00   0.0000000E+00
   2.6920598E-02   2.8323263E+06   2.8323263E+06   1.4508995E+03   1.1573371E+01   2.3298651E+03   2.8191483E+06   2.8323263E+06   2.7857686E+06   0.0000000E+00   0.0000000E+00   0.0000000E+00   0.0000000E+00
   2.8928418E-02   2.6669416E+06   2.6669416E+06   1.0907544E+03   9.5367623E+00   1.9745139E+03   2.6544718E+06   2.6669416E+06   2.6230418E+06   0.0000000E+00   0.0000000E+00   0.0000000E+00   0.0000000E+00
   3.1084310E-02   2.5017961E+06   2.5017961E+06   9.5542168E+02   7.8240712E+00   1.6506297E+03   2.4900460E+06   2.5017961E+06   2.4605627E+06   0.0000000E+00   0.0000000E+00   0.0000000E+00   0.0000000E+00
   3.3395898E-02   2.3389974E+06   2.3389974E+06   7.5129501E+02   6.3918199E+00   1.4057955E+03   2.3279675E+06   2.3389974E+06   2.3004032E+06   0.0000000E+00   0.0000000E+00   0.0000000E+00   0.0000000E+00
   3.5866495E-02   2.1811379E+06   2.1811379E+06   5.8318033E+02   5.2096074E+00   1.1660689E+03   2.1708154E+06   2.1811379E+06   2.1451117E+06   0.0000000E+00   0.0000000E+00   0.0000000E+00   0.0000000E+00
   3.8490621E-02   2.0312596E+06   2.0312596E+06   4.6762736E+02   4.2424379E+00   9.6442164E+02   2.0216154E+06   2.0312596E+06   1.9976783E+06   0.0000000E+00   0.0000000E+00   0.0000000E+00   0.0000000E+00
   4.1249097E-02   1.8925914E+06   1.8925914E+06   3.7875368E+02   3.4609740E+00   8.0540621E+02   1.8835801E+06   1.8925914E+06   1.8612773E+06   0.0000000E+00   0.0000000E+00   0.0000000E+00   0.0000000E+00
   4.4107401E-02   1.7679564E+06   1.7679564E+06   3.1293636E+02   2.8396989E+00   6.7916703E+02   1.7595176E+06   1.7679564E+06   1.7386838E+06   0.0000000E+00   0.0000000E+00   0.0000000E+00   0.0000000E+00
   4.7021397E-02   1.6589979E+06   1.6589979E+06   2.6735425E+02   2.3508005E+00   5.7659706E+02   1.6510622E+06   1.6589979E+06   1.6315125E+06   0.0000000E+00   0.0000000E+00   0.0000000E+00   0.0000000E+00
   4.9949324E-02   1.5656969E+06   1.5656969E+06   2.3118525E+02   1.9692435E+00   4.8833111E+02   1.5581939E+06   1.5656969E+06   1.5397438E+06   0.0000000E+00   0.0000000E+00   0.0000000E+00   0.0000000E+00
   5.2862319E-02   1.4865321E+06   1.4865321E+06   1.9722794E+02   1.6701778E+00   4.1604991E+02   1.4793973E+06   1.4865321E+06   1.4618802E+06   0.0000000E+00   0.0000000E+00   0.0000000E+00   0.0000000E+00
   5.5747366E-02   1.4191019E+06   1.4191019E+06   1.6656367E+02   1.4337041E+00   3.5895398E+02   1.4122817E+06   1.4191019E+06   1.3955592E+06   0.0000000E+00   0.0000000E+00   0.0000000E+00   0.0000000E+00
   5.8603958E-02   1.3607614E+06   1.3607614E+06   1.4129547E+02   1.2433178E+00   3.1529770E+02   1.3542140E+06   1.3607614E+06   1.3381791E+06   0.0000000E+00   0.0000000E+00   0.0000000E+00   0.0000000E+00
   6.1438989E-02   1.3090249E+06   1.3090249E+06   1.2131865E+02   1.0875500E+00   2.8004905E+02   1.3027200E+06   1.3090249E+06   1.2872948E+06   0.0000000E+00   0.0000000E+00   0.0000000E+00   0.0000000E+00
   6.4262739E-02   1.2617438E+06   1.2617438E+06   1.0549455E+02   9.5752605E-01   2.5131717E+02   1.2556612E+06   1.2617438E+06   1.2407932E+06   0.0000000E+00   0.0000000E+00   0.0000000E+00   0.0000000E+00
   6.7086461E-02   1.2171554E+06   1.2171554E+06   9.2793473E+01   8.4733304E-01   2.2657866E+02   1.2112830E+06   1.2171554E+06   1.1969405E+06   0.0000000E+00   0.0000000E+00   0.0000000E+00   0.0000000E+00
   6.9921185E-02   1.1738783E+06   1.1738783E+06   8.2587589E+01   7.5232857E-01   2.0540132E+02   1.1682107E+06   1.1738783E+06   1.1543782E+06   0.0000000E+00   0.0000000E+00   0.0000000E+00   0.0000000E+00
   7.2777225E-02   1.1308934E+06   1.1308934E+06   7.4514854E+01   6.6946652E-01   1.8606641E+02   1.1254298E+06   1.1308934E+06   1.1121039E+06   0.0000000E+00   0.0000000E+00   0.0000000E+00   0.0000000E+00
   7.5664055E-02   1.0875243E+06   1.0875243E+06   6.8138179E+01   5.9633211E-01   1.6771701E+02   1.0822672E+06   1.0875243E+06   1.0694523E+06   0.0000000E+00   0.0000000E+00   0.0000000E+00   0.0000000E+00
   7.8590338E-02   1.0434186E+06   1.0434186E+06   6.2417468E+01   5.3133699E-01   1.4877676E+02   1.0383720E+06   1.0434186E+06   1.0260769E+06   0.0000000E+00   0.0000000E+00   0.0000000E+00   0.0000000E+00
   8.1564030E-02   9.9852781E+05   9.9852781E+05   5.5538499E+01   4.7317458E-01   1.3002246E+02   9.9369593E+05   9.9852781E+05   9.8192979E+05   0.0000000E+00   0.0000000E+00   0.0000000E+00   0.0000000E+00
   8.4592498E-02   9.5308063E+05   9.5308063E+05   4.6899221E+01   4.2104370E-01   1.1473596E+02   9.4846659E+05   9.5308063E+05   9.3723599E+05   0.0000000E+00   0.0000000E+00   0.0000000E+00   0.0000000E+00
   8.7682628E-02   9.0754582E+05   9.0754582E+05   4.0274015E+01   3.7425638E-01   1.0602913E+02   9.0315039E+05   9.0754582E+05   8.9245637E+05   0.0000000E+00   0.0000000E+00   0.0000000E+00   0.0000000E+00
   9.0840928E-02   8.6258092E+05   8.6258092E+05   3.8117485E+01   3.3248036E-01   9.5602075E+01   8.5840163E+05   8.6258092E+05   8.4823747E+05   0.0000000E+00   0.0000000E+00   0.0000000E+00   0.0000000E+00
   9.4073610E-02   8.1896553E+05   8.1896553E+05   3.3106166E+01   2.9529683E-01   8.1532332E+01   8.1499612E+05   8.1896553E+05   8.0534592E+05   0.0000000E+00   0.0000000E+00   0.0000000E+00   0.0000000E+00
   9.7386663E-02   7.7751985E+05   7.7751985E+05   2.8611783E+01   2.6229713E-01   7.6141788E+01   7.7375006E+05   7.7751985E+05   7.6458824E+05   0.0000000E+00   0.0000000E+00   0.0000000E+00   0.0000000E+00
   1.0078591E-01   7.3901201E+05   7.3901201E+05   2.6368272E+01   2.3333532E-01   6.5187327E+01   7.3542779E+05   7.3901201E+05   7.2671974E+05   0.0000000E+00   0.0000000E+00   0.0000000E+00   0.0000000E+00
   1.0427706E-01   7.0406104E+05   7.0406104E+05   2.2929137E+01   2.0793482E-01   6.1128105E+01   7.0064534E+05   7.0406104E+05   6.9234914E+05   0.0000000E+00   0.0000000E+00   0.0000000E+00   0.0000000E+00
   1.0786575E-01   6.7304538E+05   6.7304538E+05   2.0067977E+01   1.8589276E-01   5.2433349E+01   6.6977925E+05   6.7304538E+05   6.6184853E+05   0.0000000E+00   0.0000000E+00   0.0000000E+00   0.0000000E+00
   1.1155755E-01   6.4602914E+05   6.4602914E+05   1.9116846E+01   1.6671794E-01   4.7730004E+01   6.4289331E+05   6.4602914E+05   6.3528093E+05   0.0000000E+00   0.0000000E+00   0.0000000E+00   0.0000000E+00
   1.1535804E-01   6.2272009E+05   6.2272009E+05   1.7024435E+01   1.5007123E-01   4.4799484E+01   6.1969668E+05   6.2272009E+05   6.1235896E+05   0.0000000E+00   0.0000000E+00   0.0000000E+00   0.0000000E+00
   1.1927277E-01   6.0247194E+05   6.0247194E+05   1.4948529E+01   1.3552243E-01   4.0973137E+01   5.9954617E+05   6.0247194E+05   5.9244706E+05   0.0000000E+00   0.0000000E+00   0.0000000E+00   0.0000000E+00
   1.2330733E-01   5.8434016E+05   5.8434016E+05   1.3447479E+01   1.2269321E-01   3.7231902E+01   5.8150184E+05   5.8434016E+05   5.7461638E+05   0.0000000E+00   0.0000000E+00   0.0000000E+00   0.0000000E+00
   1.2746734E-01   5.6719367E+05   5.6719367E+05   1.2345689E+01   1.1119269E-01   3.4073153E+01   5.6443809E+05   5.6719367E+05   5.5775468E+05   0.0000000E+00   0.0000000E+00   0.0000000E+00   0.0000000E+00
   1.3175844E-01   5.4987460E+05   5.4987460E+05   1.1505323E+01   1.0071325E-01   3.0892630E+01   5.4720266E+05   5.4987460E+05   5.4072333E+05   0.0000000E+00   0.0000000E+00   0.0000000E+00   0.0000000E+00
   1.3618636E-01   5.3138669E+05   5.3138669E+05   1.0417016E+01   9.1033920E-02   2.7012668E+01   5.2880413E+05   5.3138669E+05   5.2254265E+05   0.0000000E+00   0.0000000E+00   0.0000000E+00   0.0000000E+00
   1.4075684E-01   5.1108105E+05   5.1108105E+05   8.8990420E+00   8.1985435E-02   2.4767986E+01   5.0859676E+05   5.1108105E+05   5.0257456E+05   0.0000000E+00   0.0000000E+00   0.0000000E+00   0.0000000E+00
   1.4547572E-01   4.8879979E+05   4.8879979E+05   8.4454725E+00   7.3509788E-02   2.2645036E+01   4.8642344E+05   4.8879979E+05   4.8066378E+05   0.0000000E+00   0.0000000E+00   0.0000000E+00   0.0000000E+00
   1.5034890E-01   4.6493698E+05   4.6493698E+05   7.0931715E+00   6.5620745E-02   2.0019235E+01   4.6267630E+05   4.6493698E+05   4.5719783E+05   0.0000000E+00   0.0000000E+00   0.0000000E+00   0.0000000E+00
   1.5538234E-01   4.4038567E+05   4.4038567E+05   6.5572673E+00   5.8367202E-02   1.7337849E+01   4.3824407E+05   4.4038567E+05   4.3305490E+05   0.0000000E+00   0.0000000E+00   0.0000000E+00   0.0000000E+00
   1.6058209E-01   4.1636108E+05   4.1636108E+05   5.9048052E+00   5.1815698E-02   1.5854482E+01   4.1433605E+05   4.1636108E+05   4.0942997E+05   0.0000000E+00   0.0000000E+00   0.0000000E+00   0.0000000E+00
   1.6595430E-01   3.9412164E+05   3.9412164E+05   5.2196062E+00   4.6027899E-02   1.4241335E+01   3.9220454E+05   3.9412164E+05   3.8756051E+05   0.0000000E+00   0.0000000E+00   0.0000000E+00   0.0000000E+00
   1.7150519E-01   3.7464476E+05   3.7464476E+05   4.6459892E+00   4.1010611E-02   1.2538728E+01   3.7282219E+05   3.7464476E+05   3.6840767E+05   0.0000000E+00   0.0000000E+00   0.0000000E+00   0.0000000E+00
   1.7724110E-01   3.5834295E+05   3.5834295E+05   4.0679622E+00   3.6711691E-02   1.1005307E+01   3.5659950E+05   3.5834295E+05   3.5237706E+05   0.0000000E+00   0.0000000E+00   0.0000000E+00   0.0000000E+00
   1.8316848E-01   3.4491417E+05   3.4491417E+05   3.5766776E+00   3.3023793E-02   1.0386924E+01   3.4323588E+05   3.4491417E+05   3.3917168E+05   0.0000000E+00   0.0000000E+00   0.0000000E+00   0.0000000E+00
   1.8929391E-01   3.3339811E+05   3.3339811E+05   3.3807224E+00   2.9817011E-02   9.2088892E+00   3.3177570E+05   3.3339811E+05   3.2784720E+05   0.0000000E+00   0.0000000E+00   0.0000000E+00   0.0000000E+00
   1.9562411E-01   3.2245380E+05   3.2245380E+05   2.9791393E+00   2.6940499E-02   8.6819030E+00   3.2088451E+05   3.2245380E+05   3.1708497E+05   0.0000000E+00   0.0000000E+00   0.0000000E+00   0.0000000E+00
   2.0216599E-01   3.1079471E+05   3.1079471E+05   2.6491249E+00   2.4284716E-02   7.6635428E+00   3.0928202E+05   3.1079471E+05   3.0561987E+05   0.0000000E+00   0.0000000E+00   0.0000000E+00   0.0000000E+00
   2.0892664E-01   2.9764142E+05   2.9764142E+05   2.3784536E+00   2.1781434E-02   6.8652469E+00   2.9619264E+05   2.9764142E+05   2.9268547E+05   0.0000000E+00   0.0000000E+00   0.0000000E+00   0.0000000E+00
   2.1591337E-01   2.8301484E+05   2.8301484E+05   2.1264644E+00   1.9423110E-02   6.2443092E+00   2.8163715E+05   2.8301484E+05   2.7830233E+05   0.0000000E+00   0.0000000E+00   0.0000000E+00   0.0000000E+00
   2.2313377E-01   2.6772524E+05   2.6772524E+05   1.9398721E+00   1.7244502E-02   5.5378329E+00   2.6642188E+05   2.6772524E+05   2.6326723E+05   0.0000000E+00   0.0000000E+00   0.0000000E+00   0.0000000E+00
   2.3059571E-01   2.5302315E+05   2.5302315E+05   1.6724749E+00   1.5292754E-02   4.7640373E+00   2.5179129E+05   2.5302315E+05   2.4880987E+05   0.0000000E+00   0.0000000E+00   0.0000000E+00   0.0000000E+00
   2.3830745E-01   2.4003300E+05   2.4003300E+05   1.5266078E+00   1.3597453E-02   4.2953273E+00   2.3886431E+05   2.4003300E+05   2.3603595E+05   0.0000000E+00   0.0000000E+00   0.0000000E+00   0.0000000E+00
   2.4627762E-01   2.2922148E+05   2.2922148E+05   1.3583698E+00   1.2151440E-02   3.9287570E+00   2.2810536E+05   2.2922148E+05   2.2540441E+05   0.0000000E+00   0.0000000E+00   0.0000000E+00   0.0000000E+00
   2.5451536E-01   2.2017698E+05   2.2017698E+05   1.2235685E+00   1.0910514E-02   3.5383099E+00   2.1910484E+05   2.2017698E+05   2.1651046E+05   0.0000000E+00   0.0000000E+00   0.0000000E+00   0.0000000E+00
   2.6303034E-01   2.1184753E+05   2.1184753E+05   1.0952847E+00   9.8131169E-03   3.0969011E+00   2.1081590E+05   2.1184753E+05   2.0831966E+05   0.0000000E+00   0.0000000E+00   0.0000000E+00   0.0000000E+00
   2.7183288E-01   2.0314006E+05   2.0314006E+05   9.7018055E-01   8.8032906E-03   2.8910170E+00   2.0215078E+05   2.0314006E+05   1.9975715E+05   0.0000000E+00   0.0000000E+00   0.0000000E+00   0.0000000E+00
   2.8093403E-01   1.9354851E+05   1.9354851E+05   8.6825325E-01   7.8580137E-03   2.4958491E+00   1.9260590E+05   1.9354851E+05   1.9032528E+05   0.0000000E+00   0.0000000E+00   0.0000000E+00   0.0000000E+00
   2.9034569E-01   1.8341711E+05   1.8341711E+05   7.7500666E-01   6.9821417E-03   2.2167838E+00   1.8252381E+05   1.8341711E+05   1.8036257E+05   0.0000000E+00   0.0000000E+00   0.0000000E+00   0.0000000E+00
   3.0008074E-01   1.7364497E+05   1.7364497E+05   6.8147053E-01   6.1964463E-03   1.9776621E+00   1.7279923E+05   1.7364497E+05   1.7075314E+05   0.0000000E+00   0.0000000E+00   0.0000000E+00   0.0000000E+00
   3.1015321E-01   1.6501468E+05   1.6501468E+05   6.1036040E-01   5.5137352E-03   1.8146126E+00   1.6421093E+05   1.6501468E+05   1.6226654E+05   0.0000000E+00   0.0000000E+00   0.0000000E+00   0.0000000E+00
   3.2057840E-01   1.5762709E+05   1.5762709E+05   5.4180260E-01   4.9258261E-03   1.5959132E+00   1.5685930E+05   1.5762709E+05   1.5500195E+05   0.0000000E+00   0.0000000E+00   0.0000000E+00   0.0000000E+00
   3.3137315E-01   1.5088305E+05   1.5088305E+05   4.8677803E-01   4.4086146E-03   1.4245749E+00   1.5014809E+05   1.5088305E+05   1.4837021E+05   0.0000000E+00   0.0000000E+00   0.0000000E+00   0.0000000E+00
   3.4255604E-01   1.4403329E+05   1.4403329E+05   4.3397407E-01   3.9366320E-03   1.2977407E+00   1.4333167E+05   1.4403329E+05   1.4163450E+05   0.0000000E+00   0.0000000E+00   0.0000000E+00   0.0000000E+00
   3.5414765E-01   1.3682245E+05   1.3682245E+05   3.8984723E-01   3.5009684E-03   1.1435254E+00   1.3615593E+05   1.3682245E+05   1.3454373E+05   0.0000000E+00   0.0000000E+00   0.0000000E+00   0.0000000E+00
   3.6617094E-01   1.2963997E+05   1.2963997E+05   3.4506376E-01   3.1055721E-03   1.0308143E+00   1.2900843E+05   1.2963997E+05   1.2748086E+05   0.0000000E+00   0.0000000E+00   0.0000000E+00   0.0000000E+00
   3.7865163E-01   1.2304297E+05   1.2304297E+05   3.0630999E-01   2.7572312E-03   9.0278323E-01   1.2244355E+05   1.2304297E+05   1.2099371E+05   0.0000000E+00   0.0000000E+00   0.0000000E+00   0.0000000E+00
   3.9161864E-01   1.1715560E+05   1.1715560E+05   2.7076624E-01   2.4531788E-03   8.1593517E-01   1.1658485E+05   1.1715560E+05   1.1520438E+05   0.0000000E+00   0.0000000E+00   0.0000000E+00   0.0000000E+00
   4.0510472E-01   1.1159566E+05   1.1159566E+05   2.4103349E-01   2.1829921E-03   7.2413579E-01   1.1105198E+05   1.1159566E+05   1.0973703E+05   0.0000000E+00   0.0000000E+00   0.0000000E+00   0.0000000E+00
   4.1914709E-01   1.0598287E+05   1.0598287E+05   2.1466280E-01   1.9364628E-03   6.4776682E-01   1.0546652E+05   1.0598287E+05   1.0421771E+05   0.0000000E+00   0.0000000E+00   0.0000000E+00   0.0000000E+00
   4.3378836E-01   1.0037821E+05   1.0037821E+05   1.8927233E-01   1.7134687E-03   5.7023851E-01   9.9889155E+04   1.0037821E+05   9.8706384E+04   0.0000000E+00   0.0000000E+00   0.0000000E+00   0.0000000E+00
   4.4907758E-01   9.5099235E+04   9.5099235E+04   1.6772669E-01   1.5147123E-03   5.1260073E-01   9.4635894E+04   9.5099235E+04   9.3515326E+04   0.0000000E+00   0.0000000E+00   0.0000000E+00   0.0000000E+00
   4.6507153E-01   9.0219287E+04   9.0219287E+04   1.4807814E-01   1.3398075E-03   4.3957946E-01   8.9779713E+04   9.0219287E+04   8.8716646E+04   0.0000000E+00   0.0000000E+00   0.0000000E+00   0.0000000E+00
   4.8183647E-01   8.5504198E+04   8.5504198E+04   1.3104420E-01   1.1826741E-03   4.0123816E-01   8.5087590E+04   8.5504198E+04   8.4080082E+04   0.0000000E+00   0.0000000E+00   0.0000000E+00   0.0000000E+00
   4.9945018E-01   8.0829174E+04   8.0829174E+04   1.1523576E-01   1.0408138E-03   3.4803464E-01   8.0435338E+04   8.0829174E+04   7.9482916E+04   0.0000000E+00   0.0000000E+00   0.0000000E+00   0.0000000E+00
   5.1800472E-01   7.6331269E+04   7.6331269E+04   1.0107051E-01   9.1384066E-04   3.0754079E-01   7.5959343E+04   7.6331269E+04   7.5059921E+04   0.0000000E+00   0.0000000E+00   0.0000000E+00   0.0000000E+00
   5.3760984E-01   7.2076333E+04   7.2076333E+04   8.8692091E-02   8.0098117E-04   2.7088785E-01   7.1725133E+04   7.2076333E+04   7.0875848E+04   0.0000000E+00   0.0000000E+00   0.0000000E+00   0.0000000E+00
   5.5839748E-01   6.7941160E+04   6.7941160E+04   7.7504728E-02   6.9989331E-04   2.3532777E-01   6.7610105E+04   6.7941160E+04   6.6809545E+04   0.0000000E+00   0.0000000E+00   0.0000000E+00   0.0000000E+00
   5.8052748E-01   6.3896266E+04   6.3896266E+04   6.7394095E-02   6.0903694E-04   2.0554421E-01   6.3584916E+04   6.3896266E+04   6.2832018E+04   0.0000000E+00   0.0000000E+00   0.0000000E+00   0.0000000E+00
   6.0419498E-01   6.0006912E+04   6.0006912E+04   5.8444244E-02   5.2807793E-04   1.7475835E-01   5.9714510E+04   6.0006912E+04   5.9007440E+04   0.0000000E+00   0.0000000E+00   0.0000000E+00   0.0000000E+00
   6.2963989E-01   5.6228123E+04   5.6228123E+04   5.0417123E-02   4.5562383E-04   1.5477546E-01   5.5954132E+04   5.6228123E+04   5.5291588E+04   0.0000000E+00   0.0000000E+00   0.0000000E+00   0.0000000E+00
   6.5715868E-01   5.2532736E+04   5.2532736E+04   4.3246650E-02   3.9078859E-04   1.3066953E-01   5.2276748E+04   5.2532736E+04   5.1657748E+04   0.0000000E+00   0.0000000E+00   0.0000000E+00   0.0000000E+00
   6.8711866E-01   4.8939933E+04   4.8939933E+04   3.6853178E-02   3.3298853E-04   1.1338782E-01   4.8701450E+04   4.8939933E+04   4.8124784E+04   0.0000000E+00   0.0000000E+00   0.0000000E+00   0.0000000E+00
   7.1997368E-01   4.5420396E+04   4.5420396E+04   3.1154238E-02   2.8150599E-04   9.4687046E-02   4.5199062E+04   4.5420396E+04   4.4663867E+04   0.0000000E+00   0.0000000E+00   0.0000000E+00   0.0000000E+00
   7.5627848E-01   4.1977495E+04   4.1977495E+04   2.6092801E-02   2.3578158E-04   8.1390426E-02   4.1772936E+04   4.1977495E+04   4.1278309E+04   0.0000000E+00   0.0000000E+00   0.0000000E+00   0.0000000E+00
   7.9669487E-01   3.8604264E+04   3.8604264E+04   2.1623695E-02   1.9539464E-04   6.7890191E-02   3.8416141E+04   3.8604264E+04   3.7961262E+04   0.0000000E+00   0.0000000E+00   0.0000000E+00   0.0000000E+00
   8.4197673E-01   3.5307186E+04   3.5307186E+04   1.7706631E-02   1.6001093E-04   5.5982701E-02   3.5135128E+04   3.5307186E+04   3.4719099E+04   0.0000000E+00   0.0000000E+00   0.0000000E+00   0.0000000E+00
   8.9291630E-01   3.2098740E+04   3.2098740E+04   1.4313407E-02   1.2935514E-04   4.3897154E-02   3.1942316E+04   3.2098740E+04   3.1564092E+04   0.0000000E+00   0.0000000E+00   0.0000000E+00   0.0000000E+00
   9.5023998E-01   2.9005191E+04   2.9005191E+04   1.1420404E-02   1.0321111E-04   3.5854776E-02   2.8863841E+04   2.9005191E+04   2.8522069E+04   0.0000000E+00   0.0000000E+00   0.0000000E+00   0.0000000E+00
   1.0144755E+00   2.6062373E+04   2.6062373E+04   9.0032686E-03   8.1371297E-05   2.7823749E-02   2.5935364E+04   2.6062373E+04   2.5628267E+04   0.0000000E+00   0.0000000E+00   0.0000000E+00   0.0000000E+00
   1.0858654E+00   2.3308062E+04   2.3308062E+04   7.0278357E-03   6.3519994E-05   2.2186037E-02   2.3194474E+04   2.3308062E+04   2.2919832E+04   0.0000000E+00   0.0000000E+00   0.0000000E+00   0.0000000E+00
   1.1644088E+00   2.0771808E+04   2.0771808E+04   5.4466367E-03   4.9231366E-05   1.6490707E-02   2.0670579E+04   2.0771808E+04   2.0425822E+04   0.0000000E+00   0.0000000E+00   0.0000000E+00   0.0000000E+00
   1.2500243E+00   1.8468418E+04   1.8468418E+04   4.2019975E-03   3.7983410E-05   1.2088764E-02   1.8378415E+04   1.8468418E+04   1.8160799E+04   0.0000000E+00   0.0000000E+00   0.0000000E+00   0.0000000E+00
   1.3427185E+00   1.6396758E+04   1.6396758E+04   3.2333230E-03   2.9229077E-05   9.4771088E-03   1.6316850E+04   1.6396758E+04   1.6123645E+04   0.0000000E+00   0.0000000E+00   0.0000000E+00   0.0000000E+00
   1.4426698E+00   1.4543968E+04   1.4543968E+04   2.4843305E-03   2.2459071E-05   7.6389587E-03   1.4473089E+04   1.4543968E+04   1.4301715E+04   0.0000000E+00   0.0000000E+00   0.0000000E+00   0.0000000E+00
   1.5502249E+00   1.2892356E+04   1.2892356E+04   1.9087754E-03   1.7242314E-05   5.8796663E-03   1.2829526E+04   1.2892356E+04   1.2677613E+04   0.0000000E+00   0.0000000E+00   0.0000000E+00   0.0000000E+00
   1.6658594E+00   1.1422463E+04   1.1422463E+04   1.4636290E-03   1.3230560E-05   4.4024233E-03   1.1366796E+04   1.1422463E+04   1.1232204E+04   0.0000000E+00   0.0000000E+00   0.0000000E+00   0.0000000E+00
   1.7901390E+00   1.0115553E+04   1.0115553E+04   1.1223054E-03   1.0147118E-05   3.1418904E-03   1.0066255E+04   1.0115553E+04   9.9470623E+03   0.0000000E+00   0.0000000E+00   0.0000000E+00   0.0000000E+00
   1.9236959E+00   8.9543675E+03   8.9543675E+03   8.6027803E-04   7.7787874E-06   2.9139714E-03   8.9107285E+03   8.9543675E+03   8.8052179E+03   0.0000000E+00   0.0000000E+00   0.0000000E+00   0.0000000E+00
   2.0672184E+00   7.9232297E+03   7.9232297E+03   6.5917013E-04   5.9611732E-06   1.9340413E-03   7.8846159E+03   7.9232297E+03   7.7912554E+03   0.0000000E+00   0.0000000E+00   0.0000000E+00   0.0000000E+00
   2.2214490E+00   7.0080482E+03   7.0080482E+03   5.0487884E-04   4.5664140E-06   1.6127915E-03   6.9738944E+03   7.0080482E+03   6.8913176E+03   0.0000000E+00   0.0000000E+00   0.0000000E+00   0.0000000E+00
   2.3871865E+00   6.1962094E+03   6.1962094E+03   3.8655626E-04   3.4966877E-06   1.1918422E-03   6.1660120E+03   6.1962094E+03   6.0930013E+03   0.0000000E+00   0.0000000E+00   0.0000000E+00   0.0000000E+00
   2.5652893E+00   5.4763721E+03   5.4763721E+03   2.9585394E-04   2.6766574E-06   8.3965470E-04   5.4496828E+03   5.4763721E+03   5.3851540E+03   0.0000000E+00   0.0000000E+00   0.0000000E+00   0.0000000E+00
   2.7566800E+00   4.8384147E+03   4.8384147E+03   2.2635271E-04   2.0482015E-06   8.1481416E-04   4.8148346E+03   4.8384147E+03   4.7578229E+03   0.0000000E+00   0.0000000E+00   0.0000000E+00   0.0000000E+00
   2.9623499E+00   4.2732801E+03   4.2732801E+03   1.7311725E-04   1.5668558E-06   4.7307793E-04   4.2524541E+03   4.2732801E+03   4.2021015E+03   0.0000000E+00   0.0000000E+00   0.0000000E+00   0.0000000E+00
   3.1833644E+00   3.7728721E+03   3.7728721E+03   1.3239353E-04   1.1982038E-06   4.5394838E-04   3.7544848E+03   3.7728721E+03   3.7100286E+03   0.0000000E+00   0.0000000E+00   0.0000000E+00   0.0000000E+00
   3.4208683E+00   3.3299639E+03   3.3299639E+03   1.0116678E-04   9.1604178E-07   3.2867688E-04   3.3137352E+03   3.3299639E+03   3.2744978E+03   0.0000000E+00   0.0000000E+00   0.0000000E+00   0.0000000E+00
   3.6760918E+00   2.9381089E+03   2.9381089E+03   7.7219215E-05   7.0010683E-07   3.5656448E-04   2.9237899E+03   2.9381089E+03   2.8891697E+03   0.0000000E+00   0.0000000E+00   0.0000000E+00   0.0000000E+00
   3.9503571E+00   2.5915594E+03   2.5915594E+03   5.9042576E-05   5.3496006E-07   1.8600640E-04   2.5789293E+03   2.5915594E+03   2.5483926E+03   0.0000000E+00   0.0000000E+00   0.0000000E+00   0.0000000E+00
   4.2450846E+00   2.2851947E+03   2.2851947E+03   4.5086554E-05   4.0866109E-07   1.6788108E-04   2.2740576E+03   2.2851947E+03   2.2471309E+03   0.0000000E+00   0.0000000E+00   0.0000000E+00   0.0000000E+00
   4.5618012E+00   2.0144556E+03   2.0144556E+03   3.4417610E-05   3.1211066E-07   6.6463673E-05   2.0046381E+03   2.0144556E+03   1.9809015E+03   0.0000000E+00   0.0000000E+00   0.0000000E+00   0.0000000E+00
   4.9021473E+00   1.7752856E+03   1.7752856E+03   2.6267735E-05   2.3831345E-07   7.2214384E-05   1.7666336E+03   1.7752856E+03   1.7457152E+03   0.0000000E+00   0.0000000E+00   0.0000000E+00   0.0000000E+00
   5.2678858E+00   1.5640772E+03   1.5640772E+03   2.0039301E-05   1.8193100E-07   6.6507908E-05   1.5564545E+03   1.5640772E+03   1.5380248E+03   0.0000000E+00   0.0000000E+00   0.0000000E+00   0.0000000E+00
   5.6609114E+00   1.3776245E+03   1.3776245E+03   1.5284267E-05   1.3886714E-07   4.5368093E-05   1.3709105E+03   1.3776245E+03   1.3546778E+03   0.0000000E+00   0.0000000E+00   0.0000000E+00   0.0000000E+00
   6.0832597E+00   1.2130799E+03   1.2130799E+03   1.1654709E-05   1.0597788E-07   4.1093595E-05   1.2071679E+03   1.2130799E+03   1.1928740E+03   0.0000000E+00   0.0000000E+00   0.0000000E+00   0.0000000E+00
   6.5371184E+00   1.0679156E+03   1.0679156E+03   8.8853580E-06   8.0868394E-08   3.3358657E-05   1.0627110E+03   1.0679156E+03   1.0501277E+03   0.0000000E+00   0.0000000E+00   0.0000000E+00   0.0000000E+00
   7.0248387E+00   9.3988844E+02   9.3988844E+02   6.7711406E-06   6.1702813E-08   1.6419866E-05   9.3530784E+02   9.3988844E+02   9.2423301E+02   0.0000000E+00   0.0000000E+00   0.0000000E+00   0.0000000E+00
   7.5489466E+00   8.2700926E+02   8.2700926E+02   5.1580676E-06   4.7075415E-08   1.3540689E-05   8.2297877E+02   8.2700926E+02   8.1323401E+02   0.0000000E+00   0.0000000E+00   0.0000000E+00   0.0000000E+00
   8.1121571E+00   7.2751477E+02   7.2751477E+02   3.9309639E-06   3.5913849E-08   1.9235469E-05   7.2396918E+02   7.2751477E+02   7.1539677E+02   0.0000000E+00   0.0000000E+00   0.0000000E+00   0.0000000E+00
   8.7173875E+00   6.3984272E+02   6.3984272E+02   2.9937288E-06   2.7399004E-08   7.3774850E-06   6.3672441E+02   6.3984272E+02   6.2918506E+02   0.0000000E+00   0.0000000E+00   0.0000000E+00   0.0000000E+00
   9.3677729E+00   5.6260959E+02   5.6260959E+02   2.2805010E-06   2.0904005E-08   -3.5958021E-06   5.5986768E+02   5.6260959E+02   5.5323838E+02   0.0000000E+00   0.0000000E+00   0.0000000E+00   0.0000000E+00
   1.0066682E+01   4.9459065E+02   4.9459065E+02   1.7353631E-06   1.5949399E-08   1.0939396E-05   4.9218023E+02   4.9459065E+02   4.8635240E+02   0.0000000E+00   0.0000000E+00   0.0000000E+00   0.0000000E+00
