#           k/h    CDM            baryon         photon         nu             mass_nu        total          no_nu          total_de       Weyl           v_CDM          v_b            v_b-v_c     
   9.9409290E-06   2.3572398E+07   2.3572398E+07   3.1414542E+07   1.4380491E+06   2.6650739E+07   2.3572407E+07   2.3572398E+07   6.4806676E+06   0.0000000E+00   0.0000000E+00   0.0000000E+00   0.0000000E+00
   1.0682600E-05   2.3572368E+07   2.3572368E+07   3.1412132E+07   1.4380219E+06   2.6650116E+07   2.3572377E+07   2.3572368E+07   6.4806604E+06   0.0000000E+00   0.0000000E+00   0.0000000E+00   0.0000000E+00
   1.1479606E-05   2.3572333E+07   2.3572333E+07   3.1409348E+07   1.4379904E+06   2.6649397E+07   2.3572342E+07   2.3572333E+07   6.4806521E+06   0.0000000E+00   0.0000000E+00   0.0000000E+00   0.0000000E+00
   1.2336074E-05   2.3572294E+07   2.3572294E+07   3.1406134E+07   1.4379540E+06   2.6648567E+07   2.3572302E+07   2.3572294E+07   6.4806425E+06   0.0000000E+00   0.0000000E+00   0.0000000E+00   0.0000000E+00
   1.3256442E-05   2.3572248E+07   2.3572248E+07   3.1402423E+07   1.4379120E+06   2.6647608E+07   2.3572256E+07   2.3572248E+07   6.4806314E+06   0.0000000E+00   0.0000000E+00   0.0000000E+00   0.0000000E+00
   1.4245476E-05   2.3572195E+07   2.3572195E+07   3.1398138E+07   1.4378635E+06   2.6646500E+07   2.3572203E+07   2.3572195E+07   6.4806186E+06   0.0000000E+00   0.0000000E+00   0.0000000E+00   0.0000000E+00
   1.5308300E-05   2.3572134E+07   2.3572134E+07   3.1393191E+07   1.4378075E+06   2.6645222E+07   2.3572141E+07   2.3572134E+07   6.4806038E+06   0.0000000E+00   0.0000000E+00   0.0000000E+00   0.0000000E+00
   1.6450419E-05   2.3572063E+07   2.3572063E+07   3.1387478E+07   1.4377428E+06   2.6643745E+07   2.3572070E+07   2.3572063E+07   6.4805867E+06   0.0000000E+00   0.0000000E+00   0.0000000E+00   0.0000000E+00
   1.7677749E-05   2.3571981E+07   2.3571981E+07   3.1380883E+07   1.4376682E+06   2.6642040E+07   2.3571987E+07   2.3571981E+07   6.4805670E+06   0.0000000E+00   0.0000000E+00   0.0000000E+00   0.0000000E+00
   1.8996648E-05   2.3571887E+07   2.3571887E+07   3.1373268E+07   1.4375819E+06   2.6640072E+07   2.3571893E+07   2.3571887E+07   6.4805442E+06   0.0000000E+00   0.0000000E+00   0.0000000E+00   0.0000000E+00
   2.0413946E-05   2.3571779E+07   2.3571779E+07   3.1364477E+07   1.4374824E+06   2.6637799E+07   2.3571783E+07   2.3571779E+07   6.4805179E+06   0.0000000E+00   0.0000000E+00   0.0000000E+00   0.0000000E+00
   2.1936987E-05   2.3571653E+07   2.3571653E+07   3.1354329E+07   1.4373674E+06   2.6635174E+07   2.3571656E+07   2.3571653E+07   6.4804876E+06   0.0000000E+00   0.0000000E+00   0.0000000E+00   0.0000000E+00
   2.3573658E-05   2.3571508E+07   2.3571508E+07   3.1342613E+07   1.4372347E+06   2.6632144E+07   2.3571510E+07   2.3571508E+07   6.4804525E+06   0.0000000E+00   0.0000000E+00   0.0000000E+00   0.0000000E+00
   2.5332437E-05   2.3571341E+07   2.3571341E+07   3.1329089E+07   1.4370814E+06   2.6628645E+07   2.3571341E+07   2.3571341E+07   6.4804121E+06   0.0000000E+00   0.0000000E+00   0.0000000E+00   0.0000000E+00
   2.7222435E-05   2.3571147E+07   2.3571147E+07   3.1313479E+07   1.4369045E+06   2.6624605E+07   2.3571147E+07   2.3571147E+07   6.4803654E+06   0.0000000E+00   0.0000000E+00   0.0000000E+00   0.0000000E+00
   2.9253442E-05   2.3570924E+07   2.3570924E+07   3.1295462E+07   1.4367002E+06   2.6619942E+07   2.3570922E+07   2.3570924E+07   6.4803114E+06   0.0000000E+00   0.0000000E+00   0.0000000E+00   0.0000000E+00
   3.1435978E-05   2.3570666E+07   2.3570666E+07   3.1274668E+07   1.4364643E+06   2.6614557E+07   2.3570662E+07   2.3570666E+07   6.4802491E+06   0.0000000E+00   0.0000000E+00   0.0000000E+00   0.0000000E+00
   3.3781348E-05   2.3570369E+07   2.3570369E+07   3.1250672E+07   1.4361920E+06   2.6608342E+07   2.3570362E+07   2.3570369E+07   6.4801772E+06   0.0000000E+00   0.0000000E+00   0.0000000E+00   0.0000000E+00
   3.6301701E-05   2.3570025E+07   2.3570025E+07   3.1222983E+07   1.4358777E+06   2.6601166E+07   2.3570016E+07   2.3570025E+07   6.4800942E+06   0.0000000E+00   0.0000000E+00   0.0000000E+00   0.0000000E+00
   3.9010092E-05   2.3569629E+07   2.3569629E+07   3.1191038E+07   1.4355147E+06   2.6592884E+07   2.3569616E+07   2.3569629E+07   6.4799984E+06   0.0000000E+00   0.0000000E+00   0.0000000E+00   0.0000000E+00
   4.1920550E-05   2.3569171E+07   2.3569171E+07   3.1154186E+07   1.4350958E+06   2.6583324E+07   2.3569155E+07   2.3569171E+07   6.4798878E+06   0.0000000E+00   0.0000000E+00   0.0000000E+00   0.0000000E+00
   4.5048151E-05   2.3568643E+07   2.3568643E+07   3.1111682E+07   1.4346123E+06   2.6572289E+07   2.3568622E+07   2.3568643E+07   6.4797601E+06   0.0000000E+00   0.0000000E+00   0.0000000E+00   0.0000000E+00
   4.8409096E-05   2.3568033E+07   2.3568033E+07   3.1062668E+07   1.4340542E+06   2.6559555E+07   2.3568007E+07   2.3568033E+07   6.4796127E+06   0.0000000E+00   0.0000000E+00   0.0000000E+00   0.0000000E+00
   5.2020793E-05   2.3567329E+07   2.3567329E+07   3.1006157E+07   1.4334101E+06   2.6544861E+07   2.3567298E+07   2.3567329E+07   6.4794427E+06   0.0000000E+00   0.0000000E+00   0.0000000E+00   0.0000000E+00
   5.5901952E-05   2.3566517E+07   2.3566517E+07   3.0941022E+07   1.4326668E+06   2.6527906E+07   2.3566479E+07   2.3566517E+07   6.4792464E+06   0.0000000E+00   0.0000000E+00   0.0000000E+00   0.0000000E+00
   6.0072675E-05   2.3565579E+07   2.3565579E+07   3.0865965E+07   1.4318092E+06   2.6508345E+07   2.3565534E+07   2.3565579E+07   6.4790199E+06   0.0000000E+00   0.0000000E+00   0.0000000E+00   0.0000000E+00
   6.4554567E-05   2.3564497E+07   2.3564497E+07   3.0779506E+07   1.4308197E+06   2.6485781E+07   2.3564443E+07   2.3564497E+07   6.4787587E+06   0.0000000E+00   0.0000000E+00   0.0000000E+00   0.0000000E+00
   6.9370843E-05   2.3563249E+07   2.3563249E+07   3.0679950E+07   1.4296783E+06   2.6459757E+07   2.3563185E+07   2.3563249E+07   6.4784573E+06   0.0000000E+00   0.0000000E+00   0.0000000E+00   0.0000000E+00
   7.4546451E-05   2.3561809E+07   2.3561809E+07   3.0565364E+07   1.4283617E+06   2.6429750E+07   2.3561734E+07   2.3561809E+07   6.4781096E+06   0.0000000E+00   0.0000000E+00   0.0000000E+00   0.0000000E+00
   8.0108200E-05   2.3560148E+07   2.3560148E+07   3.0433548E+07   1.4268436E+06   2.6395156E+07   2.3560059E+07   2.3560148E+07   6.4777087E+06   0.0000000E+00   0.0000000E+00   0.0000000E+00   0.0000000E+00
   8.6084899E-05   2.3558233E+07   2.3558233E+07   3.0281999E+07   1.4250933E+06   2.6355286E+07   2.3558129E+07   2.3558233E+07   6.4772466E+06   0.0000000E+00   0.0000000E+00   0.0000000E+00   0.0000000E+00
   9.2507506E-05   2.3556025E+07   2.3556025E+07   3.0107884E+07   1.4230759E+06   2.6309347E+07   2.3555903E+07   2.3556025E+07   6.4767139E+06   0.0000000E+00   0.0000000E+00   0.0000000E+00   0.0000000E+00
   9.9409290E-05   2.3553480E+07   2.3553480E+07   2.9908001E+07   1.4207513E+06   2.6256436E+07   2.3553337E+07   2.3553480E+07   6.4761000E+06   0.0000000E+00   0.0000000E+00   0.0000000E+00   0.0000000E+00
   1.0682600E-04   2.3550547E+07   2.3550547E+07   2.9678747E+07   1.4180735E+06   2.6195518E+07   2.3550381E+07   2.3550547E+07   6.4753929E+06   0.0000000E+00   0.0000000E+00   0.0000000E+00   0.0000000E+00
   1.1479606E-04   2.3547169E+07   2.3547169E+07   2.9416085E+07   1.4149902E+06   2.6125414E+07   2.3546975E+07   2.3547169E+07   6.4745787E+06   0.0000000E+00   0.0000000E+00   0.0000000E+00   0.0000000E+00
   1.2336074E-04   2.3543278E+07   2.3543278E+07   2.9115517E+07   1.4114414E+06   2.6044782E+07   2.3543053E+07   2.3543278E+07   6.4736416E+06   0.0000000E+00   0.0000000E+00   0.0000000E+00   0.0000000E+00
   1.3256442E-04   2.3538800E+07   2.3538800E+07   2.8772060E+07   1.4073591E+06   2.5952098E+07   2.3538539E+07   2.3538800E+07   6.4725635E+06   0.0000000E+00   0.0000000E+00   0.0000000E+00   0.0000000E+00
   1.4245476E-04   2.3533649E+07   2.3533649E+07   2.8380239E+07   1.4026658E+06   2.5845636E+07   2.3533345E+07   2.3533649E+07   6.4713241E+06   0.0000000E+00   0.0000000E+00   0.0000000E+00   0.0000000E+00
   1.5308300E-04   2.3527725E+07   2.3527725E+07   2.7934096E+07   1.3972737E+06   2.5723449E+07   2.3527374E+07   2.3527725E+07   6.4699001E+06   0.0000000E+00   0.0000000E+00   0.0000000E+00   0.0000000E+00
   1.6450419E-04   2.3520919E+07   2.3520919E+07   2.7427219E+07   1.3910837E+06   2.5583346E+07   2.3520512E+07   2.3520919E+07   6.4682653E+06   0.0000000E+00   0.0000000E+00   0.0000000E+00   0.0000000E+00
   1.7677749E-04   2.3513105E+07   2.3513105E+07   2.6852813E+07   1.3839841E+06   2.5422875E+07   2.3512634E+07   2.3513105E+07   6.4663901E+06   0.0000000E+00   0.0000000E+00   0.0000000E+00   0.0000000E+00
   1.8996648E-04   2.3504141E+07   2.3504141E+07   2.6203812E+07   1.3758498E+06   2.5239306E+07   2.3503596E+07   2.3504141E+07   6.4642415E+06   0.0000000E+00   0.0000000E+00   0.0000000E+00   0.0000000E+00
   2.0413946E-04   2.3493869E+07   2.3493869E+07   2.5473051E+07   1.3665413E+06   2.5029620E+07   2.3493239E+07   2.3493869E+07   6.4617825E+06   0.0000000E+00   0.0000000E+00   0.0000000E+00   0.0000000E+00
   2.1936987E-04   2.3482111E+07   2.3482111E+07   2.4653519E+07   1.3559038E+06   2.4790500E+07   2.3481383E+07   2.3482111E+07   6.4589721E+06   0.0000000E+00   0.0000000E+00   0.0000000E+00   0.0000000E+00
   2.3573658E-04   2.3468671E+07   2.3468671E+07   2.3738705E+07   1.3437671E+06   2.4518339E+07   2.3467830E+07   2.3468671E+07   6.4557650E+06   0.0000000E+00   0.0000000E+00   0.0000000E+00   0.0000000E+00
   2.5332437E-04   2.3453331E+07   2.3453331E+07   2.2723054E+07   1.3299453E+06   2.4209256E+07   2.3452361E+07   2.3453331E+07   6.4521118E+06   0.0000000E+00   0.0000000E+00   0.0000000E+00   0.0000000E+00
   2.7222435E-04   2.3435854E+07   2.3435854E+07   2.1602558E+07   1.3142379E+06   2.3859135E+07   2.3434735E+07   2.3435854E+07   6.4479590E+06   0.0000000E+00   0.0000000E+00   0.0000000E+00   0.0000000E+00
   2.9253442E-04   2.3415982E+07   2.3415982E+07   2.0375490E+07   1.2964310E+06   2.3463688E+07   2.3414692E+07   2.3415982E+07   6.4432493E+06   0.0000000E+00   0.0000000E+00   0.0000000E+00   0.0000000E+00
   3.1435978E-04   2.3393439E+07   2.3393439E+07   1.9043273E+07   1.2763006E+06   2.3018550E+07   2.3391954E+07   2.3393439E+07   6.4379223E+06   0.0000000E+00   0.0000000E+00   0.0000000E+00   0.0000000E+00
   3.3781348E-04   2.3367934E+07   2.3367934E+07   1.7611473E+07   1.2536165E+06   2.2519407E+07   2.3366224E+07   2.3367934E+07   6.4319152E+06   0.0000000E+00   0.0000000E+00   0.0000000E+00   0.0000000E+00
   3.6301701E-04   2.3339164E+07   2.3339164E+07   1.6090862E+07   1.2281487E+06   2.1962183E+07   2.3337198E+07   2.3339164E+07   6.4251648E+06   0.0000000E+00   0.0000000E+00   0.0000000E+00   0.0000000E+00
   3.9010092E-04   2.3306821E+07   2.3306821E+07   1.4498445E+07   1.1996759E+06   2.1343266E+07   2.3304562E+07   2.3306821E+07   6.4176085E+06   0.0000000E+00   0.0000000E+00   0.0000000E+00   0.0000000E+00
   4.1920550E-04   2.3270603E+07   2.3270603E+07   1.2858308E+07   1.1679969E+06   2.0659799E+07   2.3268010E+07   2.3270603E+07   6.4091875E+06   0.0000000E+00   0.0000000E+00   0.0000000E+00   0.0000000E+00
   4.5048151E-04   2.3230223E+07   2.3230223E+07   1.1202038E+07   1.1329440E+06   1.9910021E+07   2.3227249E+07   2.3230223E+07   6.3998489E+06   0.0000000E+00   0.0000000E+00   0.0000000E+00   0.0000000E+00
   4.8409096E-04   2.3185421E+07   2.3185421E+07   9.5684347E+06   1.0944000E+06   1.9093659E+07   2.3182015E+07   2.3185421E+07   6.3895496E+06   0.0000000E+00   0.0000000E+00   0.0000000E+00   0.0000000E+00
   5.2020793E-04   2.3135988E+07   2.3135988E+07   8.0021413E+06   1.0523173E+06   1.8212340E+07   2.3132092E+07   2.3135988E+07   6.3782597E+06   0.0000000E+00   0.0000000E+00   0.0000000E+00   0.0000000E+00
   5.5901952E-04   2.3081775E+07   2.3081775E+07   6.5508408E+06   1.0067388E+06   1.7269996E+07   2.3077326E+07   2.3081775E+07   6.3659662E+06   0.0000000E+00   0.0000000E+00   0.0000000E+00   0.0000000E+00
   6.0072675E-04   2.3022719E+07   2.3022719E+07   5.2607845E+06   9.5781839E+05   1.6273207E+07   2.3017647E+07   2.3022719E+07   6.3526756E+06   0.0000000E+00   0.0000000E+00   0.0000000E+00   0.0000000E+00
   6.4554567E-04   2.2958856E+07   2.2958856E+07   4.1706886E+06   9.0583984E+05   1.5231415E+07   2.2953085E+07   2.2958856E+07   6.3384163E+06   0.0000000E+00   0.0000000E+00   0.0000000E+00   0.0000000E+00
   6.9370843E-04   2.2890334E+07   2.2890334E+07   3.3045661E+06   8.5122947E+05   1.4156917E+07   2.2883782E+07   2.2890334E+07   6.3232383E+06   0.0000000E+00   0.0000000E+00   0.0000000E+00   0.0000000E+00
   7.4546451E-04   2.2817422E+07   2.2817422E+07   2.6648052E+06   7.9455984E+05   1.3064560E+07   2.2810001E+07   2.2817422E+07   6.3072105E+06   0.0000000E+00   0.0000000E+00   0.0000000E+00   0.0000000E+00
   8.0108200E-04   2.2740498E+07   2.2740498E+07   2.2276491E+06   7.3654005E+05   1.1971076E+07   2.2732116E+07   2.2740498E+07   6.2904144E+06   0.0000000E+00   0.0000000E+00   0.0000000E+00   0.0000000E+00
   8.6084899E-04   2.2660031E+07   2.2660031E+07   1.9438237E+06   6.7798931E+05   1.0894038E+07   2.2650592E+07   2.2660031E+07   6.2729349E+06   0.0000000E+00   0.0000000E+00   0.0000000E+00   0.0000000E+00
   9.2507506E-04   2.2576542E+07   2.2576542E+07   1.7467796E+06   6.1979296E+05   9.8505067E+06   2.2565949E+07   2.2576542E+07   6.2548473E+06   0.0000000E+00   0.0000000E+00   0.0000000E+00   0.0000000E+00
   9.9409290E-04   2.2490554E+07   2.2490554E+07   1.5691228E+06   5.6284289E+05   8.8555582E+06   2.2478710E+07   2.2490554E+07   6.2362045E+06   0.0000000E+00   0.0000000E+00   0.0000000E+00   0.0000000E+00
   1.0682600E-03   2.2402529E+07   2.2402529E+07   1.3639111E+06   5.0796951E+05   7.9209650E+06   2.2389341E+07   2.2402529E+07   6.2170248E+06   0.0000000E+00   0.0000000E+00   0.0000000E+00   0.0000000E+00
   1.1479606E-03   2.2312810E+07   2.2312810E+07   1.1224091E+06   4.5587618E+05   7.0543649E+06   2.2298189E+07   2.2312810E+07   6.1972848E+06   0.0000000E+00   0.0000000E+00   0.0000000E+00   0.0000000E+00
   1.2336074E-03   2.2221567E+07   2.2221567E+07   8.7661613E+05   4.0708984E+05   6.2591782E+06   2.2205433E+07   2.2221567E+07   6.1769192E+06   0.0000000E+00   0.0000000E+00   0.0000000E+00   0.0000000E+00
   1.3256442E-03   2.2128778E+07   2.2128778E+07   6.7833631E+05   3.6193902E+05   5.5353165E+06   2.2111064E+07   2.2128778E+07   6.1558275E+06   0.0000000E+00   0.0000000E+00   0.0000000E+00   0.0000000E+00
   1.4245476E-03   2.2034232E+07   2.2034232E+07   5.6040031E+05   3.2056371E+05   4.8804232E+06   2.2014881E+07   2.2034232E+07   6.1338860E+06   0.0000000E+00   0.0000000E+00   0.0000000E+00   0.0000000E+00
   1.5308300E-03   2.1937554E+07   2.1937554E+07   5.0541368E+05   2.8295137E+05   4.2911225E+06   2.1916524E+07   2.1937554E+07   6.1109570E+06   0.0000000E+00   0.0000000E+00   0.0000000E+00   0.0000000E+00
   1.6450419E-03   2.1838247E+07   2.1838247E+07   4.5502418E+05   2.4898453E+05   3.7637583E+06   2.1815509E+07   2.1838247E+07   6.0868946E+06   0.0000000E+00   0.0000000E+00   0.0000000E+00   0.0000000E+00
   1.7677749E-03   2.1735735E+07   2.1735735E+07   3.6544890E+05   2.1848417E+05   3.2944429E+06   2.1711269E+07   2.1735735E+07   6.0615436E+06   0.0000000E+00   0.0000000E+00   0.0000000E+00   0.0000000E+00
   1.8996648E-03   2.1629387E+07   2.1629387E+07   2.5848900E+05   1.9123874E+05   2.8787526E+06   2.1603180E+07   2.1629387E+07   6.0347389E+06   0.0000000E+00   0.0000000E+00   0.0000000E+00   0.0000000E+00
   2.0413946E-03   2.1518532E+07   2.1518532E+07   1.9556984E+05   1.6701803E+05   2.5116829E+06   2.1490572E+07   2.1518532E+07   6.0063064E+06   0.0000000E+00   0.0000000E+00   0.0000000E+00   0.0000000E+00
   2.1936987E-03   2.1402465E+07   2.1402465E+07   1.8743212E+05   1.4557757E+05   2.1881666E+06   2.1372737E+07   2.1402465E+07   5.9760679E+06   0.0000000E+00   0.0000000E+00   0.0000000E+00   0.0000000E+00
   2.3573658E-03   2.1280454E+07   2.1280454E+07   1.7246341E+05   1.2666286E+05   1.9037292E+06   2.1248939E+07   2.1280454E+07   5.9438418E+06   0.0000000E+00   0.0000000E+00   0.0000000E+00   0.0000000E+00
   2.5332437E-03   2.1151750E+07   2.1151750E+07   1.2319680E+05   1.1002142E+05   1.6544956E+06   2.1118422E+07   2.1151750E+07   5.9094436E+06   0.0000000E+00   0.0000000E+00   0.0000000E+00   0.0000000E+00
   2.7222435E-03   2.1015602E+07   2.1015602E+07   9.2253117E+04   9.5418119E+04   1.4365874E+06   2.0980435E+07   2.1015602E+07   5.8726875E+06   0.0000000E+00   0.0000000E+00   0.0000000E+00   0.0000000E+00
   2.9253442E-03   2.0871264E+07   2.0871264E+07   8.8109768E+04   8.2636719E+04   1.2461330E+06   2.0834232E+07   2.0871264E+07   5.8333903E+06   0.0000000E+00   0.0000000E+00   0.0000000E+00   0.0000000E+00
   3.1435978E-03   2.0717990E+07   2.0717990E+07   6.6000443E+04   7.1472033E+04   1.0799930E+06   2.0679076E+07   2.0717990E+07   5.7913695E+06   0.0000000E+00   0.0000000E+00   0.0000000E+00   0.0000000E+00
   3.3781348E-03   2.0555045E+07   2.0555045E+07   5.3438110E+04   6.1736219E+04   9.3538649E+05   2.0514236E+07   2.0555045E+07   5.7464433E+06   0.0000000E+00   0.0000000E+00   0.0000000E+00   0.0000000E+00
   3.6301701E-03   2.0381701E+07   2.0381701E+07   4.9315595E+04   5.3262802E+04   8.0943693E+05   2.0338997E+07   2.0381701E+07   5.6984321E+06   0.0000000E+00   0.0000000E+00   0.0000000E+00   0.0000000E+00
   3.9010092E-03   2.0197241E+07   2.0197241E+07   3.1121921E+04   4.5897443E+04   7.0005147E+05   2.0152655E+07   2.0197241E+07   5.6471579E+06   0.0000000E+00   0.0000000E+00   0.0000000E+00   0.0000000E+00
   4.1920550E-03   2.0000962E+07   2.0000962E+07   3.3709868E+04   3.9504802E+04   6.0504354E+05   1.9954532E+07   2.0000962E+07   5.5924480E+06   0.0000000E+00   0.0000000E+00   0.0000000E+00   0.0000000E+00
   4.5048151E-03   1.9792183E+07   1.9792183E+07   2.1395398E+04   3.3963724E+04   5.2257248E+05   1.9743979E+07   1.9792183E+07   5.5341362E+06   0.0000000E+00   0.0000000E+00   0.0000000E+00   0.0000000E+00
   4.8409096E-03   1.9570256E+07   1.9570256E+07   2.1521188E+04   2.9166223E+04   4.5112808E+05   1.9520364E+07   1.9570256E+07   5.4720597E+06   0.0000000E+00   0.0000000E+00   0.0000000E+00   0.0000000E+00
   5.2020793E-03   1.9334555E+07   1.9334555E+07   1.4373720E+04   2.5017865E+04   3.8919431E+05   1.9283057E+07   1.9334555E+07   5.4060540E+06   0.0000000E+00   0.0000000E+00   0.0000000E+00   0.0000000E+00
   5.5901952E-03   1.9084474E+07   1.9084474E+07   1.3537119E+04   2.1434579E+04   3.3551944E+05   1.9031439E+07   1.9084474E+07   5.3359567E+06   0.0000000E+00   0.0000000E+00   0.0000000E+00   0.0000000E+00
   6.0072675E-03   1.8819404E+07   1.8819404E+07   1.1237597E+04   1.8342130E+04   2.8910804E+05   1.8764922E+07   1.8819404E+07   5.2616133E+06   0.0000000E+00   0.0000000E+00   0.0000000E+00   0.0000000E+00
   6.4554567E-03   1.8538744E+07   1.8538744E+07   7.1141623E+03   1.5676419E+04   2.4890340E+05   1.8482953E+07   1.8538744E+07   5.1828768E+06   0.0000000E+00   0.0000000E+00   0.0000000E+00   0.0000000E+00
   6.9370843E-03   1.8241916E+07   1.8241916E+07   6.8683093E+03   1.3380920E+04   2.1414382E+05   1.8184968E+07   1.8241916E+07   5.0995966E+06   0.0000000E+00   0.0000000E+00   0.0000000E+00   0.0000000E+00
   7.4546451E-03   1.7928372E+07   1.7928372E+07   6.1555341E+03   1.1406156E+04   1.8410590E+05   1.7870406E+07   1.7928372E+07   5.0116222E+06   0.0000000E+00   0.0000000E+00   0.0000000E+00   0.0000000E+00
   8.0108200E-03   1.7597574E+07   1.7597574E+07   5.3159708E+03   9.7089897E+03   1.5814730E+05   1.7538744E+07   1.7597574E+07   4.9188130E+06   0.0000000E+00   0.0000000E+00   0.0000000E+00   0.0000000E+00
   8.6084899E-03   1.7248981E+07   1.7248981E+07   4.1513737E+03   8.2519562E+03   1.3572152E+05   1.7189462E+07   1.7248981E+07   4.8210280E+06   0.0000000E+00   0.0000000E+00   0.0000000E+00   0.0000000E+00
   9.2507506E-03   1.6882048E+07   1.6882048E+07   3.3293702E+03   7.0024107E+03   1.1634725E+05   1.6822026E+07   1.6882048E+07   4.7181219E+06   0.0000000E+00   0.0000000E+00   0.0000000E+00   0.0000000E+00
   9.9409290E-03   1.6496261E+07   1.6496261E+07   2.8297419E+03   5.9319706E+03   9.9615703E+04   1.6435922E+07   1.6496261E+07   4.6099544E+06   0.0000000E+00   0.0000000E+00   0.0000000E+00   0.0000000E+00
   1.0682600E-02   1.6091120E+07   1.6091120E+07   2.1572581E+03   5.0159523E+03   8.5177029E+04   1.6030666E+07   1.6091120E+07   4.4963931E+06   0.0000000E+00   0.0000000E+00   0.0000000E+00   0.0000000E+00
   1.1479606E-02   1.5666137E+07   1.5666137E+07   1.3375526E+03   4.2330497E+03   7.2734625E+04   1.5605782E+07   1.5666137E+07   4.3773071E+06   0.0000000E+00   0.0000000E+00   0.0000000E+00   0.0000000E+00
   1.2336074E-02   1.5220878E+07   1.5220878E+07   1.2799534E+03   3.5647179E+03   6.2010977E+04   1.5160828E+07   1.5220878E+07   4.2525755E+06   0.0000000E+00   0.0000000E+00   0.0000000E+00   0.0000000E+00
   1.3256442E-02   1.4754973E+07   1.4754973E+07   1.0886263E+03   2.9949896E+03   5.2752692E+04   1.4695452E+07   1.4754973E+07   4.1221012E+06   0.0000000E+00   0.0000000E+00   0.0000000E+00   0.0000000E+00
   1.4245476E-02   1.4268148E+07   1.4268148E+07   8.2503879E+02   2.5099820E+03   4.4800437E+04   1.4209376E+07   1.4268148E+07   3.9858086E+06   0.0000000E+00   0.0000000E+00   0.0000000E+00   0.0000000E+00
   1.5308300E-02   1.3760299E+07   1.3760299E+07   5.5401355E+02   2.0977671E+03   3.7943264E+04   1.3702502E+07   1.3760299E+07   3.8436714E+06   0.0000000E+00   0.0000000E+00   0.0000000E+00   0.0000000E+00
   1.6450419E-02   1.3231533E+07   1.3231533E+07   5.5814294E+02   1.7480191E+03   3.2053967E+04   1.3174932E+07   1.3231533E+07   3.6957200E+06   0.0000000E+00   0.0000000E+00   0.0000000E+00   0.0000000E+00
   1.7677749E-02   1.2682283E+07   1.2682283E+07   4.8176713E+02   1.4518509E+03   2.7003212E+04   1.2627102E+07   1.2682283E+07   3.5420778E+06   0.0000000E+00   0.0000000E+00   0.0000000E+00   0.0000000E+00
   1.8996648E-02   1.2113409E+07   1.2113409E+07   3.6792858E+02   1.2016054E+03   2.2671775E+04   1.2059861E+07   1.2113409E+07   3.3829839E+06   0.0000000E+00   0.0000000E+00   0.0000000E+00   0.0000000E+00
   2.0413945E-02   1.1526338E+07   1.1526338E+07   2.3097785E+02   9.9070040E+02   1.8968238E+04   1.1474629E+07   1.1526338E+07   3.2188376E+06   0.0000000E+00   0.0000000E+00   0.0000000E+00   0.0000000E+00
   2.1936979E-02   1.0923226E+07   1.0923226E+07   2.1648517E+02   8.1347216E+02   1.5810165E+04   1.0873549E+07   1.0923226E+07   3.0502411E+06   0.0000000E+00   0.0000000E+00   0.0000000E+00   0.0000000E+00
   2.3573615E-02   1.0307137E+07   1.0307137E+07   1.5860021E+02   6.6505519E+02   1.3117954E+04   1.0259665E+07   1.0307137E+07   2.8780486E+06   0.0000000E+00   0.0000000E+00   0.0000000E+00   0.0000000E+00
   2.5332229E-02   9.6822316E+06   9.6822316E+06   1.4994195E+02   5.4126921E+02   1.0838951E+04   9.6371138E+06   9.6822316E+06   2.7034213E+06   0.0000000E+00   0.0000000E+00   0.0000000E+00   0.0000000E+00
   2.7221548E-02   9.0539802E+06   9.0539802E+06   1.1763470E+02   4.3852906E+02   8.9157270E+03   9.0113326E+06   9.0539802E+06   2.5278851E+06   0.0000000E+00   0.0000000E+00   0.0000000E+00   0.0000000E+00
   2.9250123E-02   8.4293853E+06   8.4293853E+06   8.5908351E+01   3.5376330E+02   7.3015390E+03   8.3892836E+06   8.4293853E+06   2.3533935E+06   0.0000000E+00   0.0000000E+00   0.0000000E+00   0.0000000E+00
   3.1424997E-02   7.8172186E+06   7.8172186E+06   5.8387854E+01   2.8434724E+02   5.9587112E+03   7.7796889E+06   7.8172186E+06   2.1823936E+06   0.0000000E+00   0.0000000E+00   0.0000000E+00   0.0000000E+00
   3.3749020E-02   7.2281607E+06   7.2281607E+06   5.1786123E+01   2.2804240E+02   4.8501821E+03   7.1931689E+06   7.2281607E+06   2.0178651E+06   0.0000000E+00   0.0000000E+00   0.0000000E+00   0.0000000E+00
   3.6216587E-02   6.6745270E+06   6.6745270E+06   4.4018531E+01   1.8292145E+02   3.9482691E+03   6.6419704E+06   6.6745270E+06   1.8632437E+06   0.0000000E+00   0.0000000E+00   0.0000000E+00   0.0000000E+00
   3.8809083E-02   6.1690371E+06   6.1690371E+06   3.4135607E+01   1.4728040E+02   3.2245849E+03   6.1387413E+06   6.1690371E+06   1.7220780E+06   0.0000000E+00   0.0000000E+00   0.0000000E+00   0.0000000E+00
   4.1493566E-02   5.7222960E+06   5.7222960E+06   2.2227546E+01   1.1954289E+02   2.6532867E+03   5.6940244E+06   5.7222960E+06   1.5973255E+06   0.0000000E+00   0.0000000E+00   0.0000000E+00   0.0000000E+00
   4.4228477E-02   5.3397599E+06   5.3397599E+06   1.7368911E+01   9.8205913E+01   2.2085685E+03   5.3132383E+06   5.3397599E+06   1.4905067E+06   0.0000000E+00   0.0000000E+00   0.0000000E+00   0.0000000E+00
   4.6974999E-02   5.0201019E+06   5.0201019E+06   1.9913329E+01   8.1863340E+01   1.8632094E+03   4.9950531E+06   5.0201019E+06   1.4012485E+06   0.0000000E+00   0.0000000E+00   0.0000000E+00   0.0000000E+00
   4.9706690E-02   4.7561831E+06   4.7561831E+06   1.3567032E+01   6.9281522E+01   1.5940687E+03   4.7323562E+06   4.7561831E+06   1.3275560E+06   0.0000000E+00   0.0000000E+00   0.0000000E+00   0.0000000E+00
   5.2411937E-02   4.5376832E+06   4.5376832E+06   8.5683719E+00   5.9460564E+01   1.3825973E+03   4.5148717E+06   4.5376832E+06   1.2665465E+06   0.0000000E+00   0.0000000E+00   0.0000000E+00   0.0000000E+00
   5.5090656E-02   4.3535986E+06   4.3535986E+06   9.5599960E+00   5.1642374E+01   1.2126430E+03   4.3316456E+06   4.3535986E+06   1.2151473E+06   0.0000000E+00   0.0000000E+00   0.0000000E+00   0.0000000E+00
   5.7749520E-02   4.1937412E+06   4.1937412E+06   1.0626980E+01   4.5276277E+01   1.0725246E+03   4.1725372E+06   4.1937412E+06   1.1705135E+06   0.0000000E+00   0.0000000E+00   0.0000000E+00   0.0000000E+00
   6.0398248E-02   4.0493599E+06   4.0493599E+06   9.2263855E+00   3.9971509E+01   9.5452128E+02   4.0288365E+06   4.0493599E+06   1.1302020E+06   0.0000000E+00   0.0000000E+00   0.0000000E+00   0.0000000E+00
   6.3047402E-02   3.9132857E+06   3.9132857E+06   6.3450702E+00   3.5453849E+01   8.5322652E+02   3.8934091E+06   3.9132857E+06   1.0922112E+06   0.0000000E+00   0.0000000E+00   0.0000000E+00   0.0000000E+00
   6.5707308E-02   3.7798957E+06   3.7798957E+06   4.1318444E+00   3.1531840E+01   7.6469110E+02   3.7606588E+06   3.7798957E+06   1.0549713E+06   0.0000000E+00   0.0000000E+00   0.0000000E+00   0.0000000E+00
   6.8387610E-02   3.6450366E+06   3.6450366E+06   4.3964421E+00   2.8072583E+01   6.8592810E+02   3.6264527E+06   3.6450366E+06   1.0173230E+06   0.0000000E+00   0.0000000E+00   0.0000000E+00   0.0000000E+00
   7.1097158E-02   3.5059557E+06   3.5059557E+06   5.7232931E+00   2.4984735E+01   6.1457354E+02   3.4880515E+06   3.5059557E+06   9.7849784E+05   0.0000000E+00   0.0000000E+00   0.0000000E+00   0.0000000E+00
   7.3844051E-02   3.3612414E+06   3.3612414E+06   4.0140926E+00   2.2206393E+01   5.4955578E+02   3.3440501E+06   3.3612414E+06   9.3810158E+05   0.0000000E+00   0.0000000E+00   0.0000000E+00   0.0000000E+00
   7.6635726E-02   3.2107558E+06   3.2107558E+06   2.9060530E+00   1.9696520E+01   4.9079839E+02   3.1943111E+06   3.2107558E+06   8.9609572E+05   0.0000000E+00   0.0000000E+00   0.0000000E+00   0.0000000E+00
   7.9479071E-02   3.0555422E+06   3.0555422E+06   3.6584962E+00   1.7428606E+01   4.3678144E+02   3.0398720E+06   3.0555422E+06   8.5277130E+05   0.0000000E+00   0.0000000E+00   0.0000000E+00   0.0000000E+00
   8.2380530E-02   2.8976846E+06   2.8976846E+06   2.3987626E+00   1.5385653E+01   3.8800318E+02   2.8828059E+06   2.8976846E+06   8.0870990E+05   0.0000000E+00   0.0000000E+00   0.0000000E+00   0.0000000E+00
   8.5346195E-02   2.7401065E+06   2.7401065E+06   2.2398907E+00   1.3556468E+01   3.4370609E+02   2.7260208E+06   2.7401065E+06   7.6472732E+05   0.0000000E+00   0.0000000E+00   0.0000000E+00   0.0000000E+00
   8.8381882E-02   2.5862994E+06   2.5862994E+06   2.3551163E+00   1.1932504E+01   3.0426539E+02   2.5729902E+06   2.5862994E+06   7.2179793E+05   0.0000000E+00   0.0000000E+00   0.0000000E+00   0.0000000E+00
   9.1493202E-02   2.4399837E+06   2.4399837E+06   2.0364242E+00   1.0505549E+01   2.6938338E+02   2.4274148E+06   2.4399837E+06   6.8095994E+05   0.0000000E+00   0.0000000E+00   0.0000000E+00   0.0000000E+00
   9.4685614E-02   2.3047141E+06   2.3047141E+06   1.7893682E+00   9.2658682E+00   2.3886807E+02   2.2928308E+06   2.3047141E+06   6.4320535E+05   0.0000000E+00   0.0000000E+00   0.0000000E+00   0.0000000E+00
   9.7964468E-02   2.1834582E+06   2.1834582E+06   1.6454565E+00   8.2010511E+00   2.1248387E+02   2.1721901E+06   2.1834582E+06   6.0936222E+05   0.0000000E+00   0.0000000E+00   0.0000000E+00   0.0000000E+00
   1.0133504E-01   2.0781873E+06   2.0781873E+06   1.1765542E+00   7.2953889E+00   1.8993418E+02   2.0674535E+06   2.0781873E+06   5.7998063E+05   0.0000000E+00   0.0000000E+00   0.0000000E+00   0.0000000E+00
   1.0480258E-01   1.9895338E+06   1.9895338E+06   1.0444961E+00   6.5299179E+00   1.7096560E+02   1.9792498E+06   1.9895338E+06   5.5523699E+05   0.0000000E+00   0.0000000E+00   0.0000000E+00   0.0000000E+00
   1.0837229E-01   1.9165743E+06   1.9165743E+06   8.8986239E-01   5.8830626E+00   1.5466908E+02   1.9066601E+06   1.9165743E+06   5.3487353E+05   0.0000000E+00   0.0000000E+00   0.0000000E+00   0.0000000E+00
   1.1204940E-01   1.8567968E+06   1.8567968E+06   1.1028716E+00   5.3317620E+00   1.4086650E+02   1.8471850E+06   1.8567968E+06   5.1818910E+05   0.0000000E+00   0.0000000E+00   0.0000000E+00   0.0000000E+00
   1.1583915E-01   1.8062968E+06   1.8062968E+06   1.0148788E+00   4.8530319E+00   1.2883158E+02   1.7969402E+06   1.8062968E+06   5.0409400E+05   0.0000000E+00   0.0000000E+00   0.0000000E+00   0.0000000E+00
   1.1974680E-01   1.7602209E+06   1.7602209E+06   7.8153186E-01   4.4257081E+00   1.1799584E+02   1.7510972E+06   1.7602209E+06   4.9123374E+05   0.0000000E+00   0.0000000E+00   0.0000000E+00   0.0000000E+00
   1.2377767E-01   1.7134338E+06   1.7134338E+06   5.1837626E-01   4.0321387E+00   1.0804733E+02   1.7045473E+06   1.7134338E+06   4.7817519E+05   0.0000000E+00   0.0000000E+00   0.0000000E+00   0.0000000E+00
   1.2793710E-01   1.6613352E+06   1.6613352E+06   7.0271322E-01   3.6595515E+00   9.8449613E+01   1.6527140E+06   1.6613352E+06   4.6363447E+05   0.0000000E+00   0.0000000E+00   0.0000000E+00   0.0000000E+00
   1.3223052E-01   1.6006976E+06   1.6006976E+06   6.4847262E-01   3.3008250E+00   8.9233024E+01   1.5923866E+06   1.6006976E+06   4.4671092E+05   0.0000000E+00   0.0000000E+00   0.0000000E+00   0.0000000E+00
   1.3666338E-01   1.5303585E+06   1.5303585E+06   5.5850293E-01   2.9544794E+00   8.0214326E+01   1.5224088E+06   1.5303585E+06   4.2708011E+05   0.0000000E+00   0.0000000E+00   0.0000000E+00   0.0000000E+00
   1.4124122E-01   1.4515831E+06   1.4515831E+06   5.1465322E-01   2.6237881E+00   7.1498727E+01   1.4440390E+06   1.4515831E+06   4.0509512E+05   0.0000000E+00   0.0000000E+00   0.0000000E+00   0.0000000E+00
   1.4596965E-01   1.3679461E+06   1.3679461E+06   3.1993468E-01   2.3151142E+00   6.3340781E+01   1.3608335E+06   1.3679461E+06   3.8175356E+05   0.0000000E+00   0.0000000E+00   0.0000000E+00   0.0000000E+00
   1.5085435E-01   1.2846627E+06   1.2846627E+06   3.6114364E-01   2.0357332E+00   5.5918792E+01   1.2779802E+06   1.2846627E+06   3.5851081E+05   0.0000000E+00   0.0000000E+00   0.0000000E+00   0.0000000E+00
   1.5590107E-01   1.2074303E+06   1.2074303E+06   3.1486469E-01   1.7915472E+00   4.9409627E+01   1.2011470E+06   1.2074303E+06   3.3695688E+05   0.0000000E+00   0.0000000E+00   0.0000000E+00   0.0000000E+00
   1.6111566E-01   1.1410004E+06   1.1410004E+06   2.7334850E-01   1.5852144E+00   4.3877967E+01   1.1350605E+06   1.1410004E+06   3.1841770E+05   0.0000000E+00   0.0000000E+00   0.0000000E+00   0.0000000E+00
   1.6650408E-01   1.0878372E+06   1.0878372E+06   2.0052931E-01   1.4151437E+00   3.9330022E+01   1.0821720E+06   1.0878372E+06   3.0358094E+05   0.0000000E+00   0.0000000E+00   0.0000000E+00   0.0000000E+00
   1.7207238E-01   1.0472859E+06   1.0472859E+06   1.8133288E-01   1.2756563E+00   3.5568312E+01   1.0418300E+06   1.0472859E+06   2.9226383E+05   0.0000000E+00   0.0000000E+00   0.0000000E+00   0.0000000E+00
   1.7782673E-01   1.0156064E+06   1.0156064E+06   1.5209381E-01   1.1583071E+00   3.2414306E+01   1.0103138E+06   1.0156064E+06   2.8342263E+05   0.0000000E+00   0.0000000E+00   0.0000000E+00   0.0000000E+00
   1.8377346E-01   9.8701212E+05   9.8701212E+05   1.6622280E-01   1.0540244E+00   2.9623228E+01   9.8186696E+05   9.8701212E+05   2.7544246E+05   0.0000000E+00   0.0000000E+00   0.0000000E+00   0.0000000E+00
   1.8991904E-01   9.5551174E+05   9.5551174E+05   1.2708482E-01   9.5542430E-01   2.6927589E+01   9.5052933E+05   9.5551174E+05   2.6665135E+05   0.0000000E+00   0.0000000E+00   0.0000000E+00   0.0000000E+00
   1.9627013E-01   9.1699513E+05   9.1699513E+05   1.1775431E-01   8.5854454E-01   2.4281338E+01   9.1221225E+05   9.1699513E+05   2.5590229E+05   0.0000000E+00   0.0000000E+00   0.0000000E+00   0.0000000E+00
   2.0283362E-01   8.7077942E+05   8.7077942E+05   1.2142321E-01   7.6338419E-01   2.1671387E+01   8.6623641E+05   8.7077942E+05   2.4300473E+05   0.0000000E+00   0.0000000E+00   0.0000000E+00   0.0000000E+00
   2.0961661E-01   8.1989662E+05   8.1989662E+05   9.7067597E-02   6.7303138E-01   1.9161477E+01   8.1561803E+05   8.1989662E+05   2.2880479E+05   0.0000000E+00   0.0000000E+00   0.0000000E+00   0.0000000E+00
   2.1662653E-01   7.6982558E+05   7.6982558E+05   8.7252585E-02   5.9171051E-01   1.6899418E+01   7.6580734E+05   7.6982558E+05   2.1483144E+05   0.0000000E+00   0.0000000E+00   0.0000000E+00   0.0000000E+00
   2.2387111E-01   7.2605104E+05   7.2605104E+05   7.7891433E-02   5.2254141E-01   1.4976397E+01   7.2226046E+05   7.2605104E+05   2.0261526E+05   0.0000000E+00   0.0000000E+00   0.0000000E+00   0.0000000E+00
   2.3135850E-01   6.9148974E+05   6.9148974E+05   6.5746173E-02   4.6598226E-01   1.3391559E+01   6.8787885E+05   6.9148974E+05   1.9297022E+05   0.0000000E+00   0.0000000E+00   0.0000000E+00   0.0000000E+00
   2.3909726E-01   6.6507921E+05   6.6507921E+05   5.9166585E-02   4.1964258E-01   1.2099716E+01   6.6160555E+05   6.6507921E+05   1.8559979E+05   0.0000000E+00   0.0000000E+00   0.0000000E+00   0.0000000E+00
   2.4709650E-01   6.4240479E+05   6.4240479E+05   6.0223347E-02   3.7951672E-01   1.0971353E+01   6.3904895E+05   6.4240479E+05   1.7927200E+05   0.0000000E+00   0.0000000E+00   0.0000000E+00   0.0000000E+00
   2.5536593E-01   6.1820107E+05   6.1820107E+05   5.3174033E-02   3.4194868E-01   9.9150709E+00   6.1497109E+05   6.1820107E+05   1.7251746E+05   0.0000000E+00   0.0000000E+00   0.0000000E+00   0.0000000E+00
   2.6391595E-01   5.8939811E+05   5.8939811E+05   4.5264051E-02   3.0523914E-01   8.8813258E+00   5.8631812E+05   5.8939811E+05   1.6447946E+05   0.0000000E+00   0.0000000E+00   0.0000000E+00   0.0000000E+00
   2.7275775E-01   5.5684599E+05   5.5684599E+05   3.9722177E-02   2.6999271E-01   7.8742735E+00   5.5393566E+05   5.5684599E+05   1.5539523E+05   0.0000000E+00   0.0000000E+00   0.0000000E+00   0.0000000E+00
   2.8190348E-01   5.2449368E+05   5.2449368E+05   3.7183794E-02   2.3807765E-01   6.9615388E+00   5.2175203E+05   5.2449368E+05   1.4636678E+05   0.0000000E+00   0.0000000E+00   0.0000000E+00   0.0000000E+00
   2.9136631E-01   4.9645078E+05   4.9645078E+05   3.1767394E-02   2.1095137E-01   6.1866133E+00   4.9385536E+05   4.9645078E+05   1.3854095E+05   0.0000000E+00   0.0000000E+00   0.0000000E+00   0.0000000E+00
   3.0116069E-01   4.7398642E+05   4.7398642E+05   3.0568113E-02   1.8851932E-01   5.5412219E+00   4.7150812E+05   4.7398642E+05   1.3227189E+05   0.0000000E+00   0.0000000E+00   0.0000000E+00   0.0000000E+00
   3.1130246E-01   4.5478098E+05   4.5478098E+05   2.7400696E-02   1.6928701E-01   4.9884061E+00   4.5240280E+05   4.5478098E+05   1.2691229E+05   0.0000000E+00   0.0000000E+00   0.0000000E+00   0.0000000E+00
   3.2180912E-01   4.3510103E+05   4.3510103E+05   2.2297121E-02   1.5155897E-01   4.4757708E+00   4.3282550E+05   4.3510103E+05   1.2142028E+05   0.0000000E+00   0.0000000E+00   0.0000000E+00   0.0000000E+00
   3.3270009E-01   4.1307829E+05   4.1307829E+05   2.0476991E-02   1.3462290E-01   3.9873187E+00   4.1091769E+05   4.1307829E+05   1.1527450E+05   0.0000000E+00   0.0000000E+00   0.0000000E+00   0.0000000E+00
   3.4399700E-01   3.9012360E+05   3.9012360E+05   1.7715143E-02   1.1892993E-01   3.5299310E+00   3.8808285E+05   3.9012360E+05   1.0886866E+05   0.0000000E+00   0.0000000E+00   0.0000000E+00   0.0000000E+00
   3.5572408E-01   3.6912482E+05   3.6912482E+05   1.5989438E-02   1.0523240E-01   3.1326585E+00   3.6719374E+05   3.6912482E+05   1.0300865E+05   0.0000000E+00   0.0000000E+00   0.0000000E+00   0.0000000E+00
   3.6790863E-01   3.5129704E+05   3.5129704E+05   1.4613147E-02   9.3626475E-02   2.7931678E+00   3.4945905E+05   3.5129704E+05   9.8033545E+04   0.0000000E+00   0.0000000E+00   0.0000000E+00   0.0000000E+00
   3.8058151E-01   3.3509598E+05   3.3509598E+05   1.2954977E-02   8.3460117E-02   2.4946381E+00   3.3334261E+05   3.3509598E+05   9.3512409E+04   0.0000000E+00   0.0000000E+00   0.0000000E+00   0.0000000E+00
   3.9377785E-01   3.1835929E+05   3.1835929E+05   1.1089202E-02   7.4066607E-02   2.2192380E+00   3.1669334E+05   3.1835929E+05   8.8841802E+04   0.0000000E+00   0.0000000E+00   0.0000000E+00   0.0000000E+00
   4.0753787E-01   3.0095184E+05   3.0095184E+05   9.8598062E-03   6.5369052E-02   1.9622825E+00   2.9937687E+05   3.0095184E+05   8.3984022E+04   0.0000000E+00   0.0000000E+00   0.0000000E+00   0.0000000E+00
   4.2190785E-01   2.8450787E+05   2.8450787E+05   8.6951768E-03   5.7659779E-02   1.7352718E+00   2.8301884E+05   2.8450787E+05   7.9395115E+04   0.0000000E+00   0.0000000E+00   0.0000000E+00   0.0000000E+00
   4.3694142E-01   2.6981986E+05   2.6981986E+05   7.5415167E-03   5.0985055E-02   1.5371853E+00   2.6840760E+05   2.6981986E+05   7.5296233E+04   0.0000000E+00   0.0000000E+00   0.0000000E+00   0.0000000E+00
   4.5270113E-01   2.5583174E+05   2.5583174E+05   6.7323377E-03   4.5034750E-02   1.3602476E+00   2.5449261E+05   2.5583174E+05   7.1392668E+04   0.0000000E+00   0.0000000E+00   0.0000000E+00   0.0000000E+00
   4.6926049E-01   2.4162423E+05   2.4162423E+05   5.9408162E-03   3.9585076E-02   1.1981097E+00   2.4035939E+05   2.4162423E+05   6.7427883E+04   0.0000000E+00   0.0000000E+00   0.0000000E+00   0.0000000E+00
   4.8670649E-01   2.2781247E+05   2.2781247E+05   5.1562887E-03   3.4694835E-02   1.0522809E+00   2.2661986E+05   2.2781247E+05   6.3573541E+04   0.0000000E+00   0.0000000E+00   0.0000000E+00   0.0000000E+00
   5.0514289E-01   2.1500251E+05   2.1500251E+05   4.5189581E-03   3.0397512E-02   9.2340357E-01   2.1387689E+05   2.1500251E+05   5.9998764E+04   0.0000000E+00   0.0000000E+00   0.0000000E+00   0.0000000E+00
   5.2469446E-01   2.0261524E+05   2.0261524E+05   3.9525777E-03   2.6551162E-02   8.0863775E-01   2.0155441E+05   2.0261524E+05   5.6541946E+04   0.0000000E+00   0.0000000E+00   0.0000000E+00   0.0000000E+00
   5.4551242E-01   1.9033302E+05   1.9033302E+05   3.4476076E-03   2.3074445E-02   7.0383721E-01   1.8933645E+05   1.9033302E+05   5.3114447E+04   0.0000000E+00   0.0000000E+00   0.0000000E+00   0.0000000E+00
   5.6778143E-01   1.7859060E+05   1.7859060E+05   2.9766490E-03   1.9985913E-02   6.1086001E-01   1.7765547E+05   1.7859060E+05   4.9837590E+04   0.0000000E+00   0.0000000E+00   0.0000000E+00   0.0000000E+00
   5.9172858E-01   1.6725256E+05   1.6725256E+05   2.5567008E-03   1.7232841E-02   5.2780766E-01   1.6637676E+05   1.6725256E+05   4.6673579E+04   0.0000000E+00   0.0000000E+00   0.0000000E+00   0.0000000E+00
   6.1763457E-01   1.5609786E+05   1.5609786E+05   2.1860321E-03   1.4762655E-02   4.5310258E-01   1.5528043E+05   1.5609786E+05   4.3560732E+04   0.0000000E+00   0.0000000E+00   0.0000000E+00   0.0000000E+00
   6.4584713E-01   1.4530479E+05   1.4530479E+05   1.8613077E-03   1.2567612E-02   3.8643849E-01   1.4454384E+05   1.4530479E+05   4.0548804E+04   0.0000000E+00   0.0000000E+00   0.0000000E+00   0.0000000E+00
   6.7679583E-01   1.3472899E+05   1.3472899E+05   1.5687251E-03   1.0611562E-02   3.2696163E-01   1.3402340E+05   1.3472899E+05   3.7597510E+04   0.0000000E+00   0.0000000E+00   0.0000000E+00   0.0000000E+00
   7.1100537E-01   1.2439535E+05   1.2439535E+05   1.3252240E-03   8.8775569E-03   2.7406387E-01   1.2374385E+05   1.2439535E+05   3.4713794E+04   0.0000000E+00   0.0000000E+00   0.0000000E+00   0.0000000E+00
   7.4910076E-01   1.1428127E+05   1.1428127E+05   1.0871483E-03   7.3473557E-03   2.2727601E-01   1.1368272E+05   1.1428127E+05   3.1891350E+04   0.0000000E+00   0.0000000E+00   0.0000000E+00   0.0000000E+00
   7.9179214E-01   1.0440998E+05   1.0440998E+05   8.8591164E-04   6.0083786E-03   1.8623990E-01   1.0386310E+05   1.0440998E+05   2.9136660E+04   0.0000000E+00   0.0000000E+00   0.0000000E+00   0.0000000E+00
   8.3982239E-01   9.4815610E+04   9.4815610E+04   7.1414895E-04   4.8500245E-03   1.5067365E-01   9.4318974E+04   9.4815610E+04   2.6459250E+04   0.0000000E+00   0.0000000E+00   0.0000000E+00   0.0000000E+00
   8.9386749E-01   8.5580999E+04   8.5580999E+04   5.6790474E-04   3.8643050E-03   1.2030180E-01   8.5132717E+04   8.5580999E+04   2.3882234E+04   0.0000000E+00   0.0000000E+00   0.0000000E+00   0.0000000E+00
   9.5441208E-01   7.6812593E+04   7.6812593E+04   4.4660645E-04   3.0423002E-03   9.4912632E-02   7.6410228E+04   7.6812593E+04   2.1435319E+04   0.0000000E+00   0.0000000E+00   0.0000000E+00   0.0000000E+00
   1.0216719E+00   6.8621474E+04   6.8621474E+04   3.4074713E-04   2.3718099E-03   7.4142502E-02   6.8262007E+04   6.8621474E+04   1.9149503E+04   0.0000000E+00   0.0000000E+00   0.0000000E+00   0.0000000E+00
   1.0956395E+00   6.1092814E+04   6.1092814E+04   2.6957902E-04   1.8361101E-03   5.7505344E-02   6.0772777E+04   6.1092814E+04   1.7048554E+04   0.0000000E+00   0.0000000E+00   0.0000000E+00   0.0000000E+00
   1.1762390E+00   5.4266815E+04   5.4266815E+04   2.0735205E-04   1.4151036E-03   4.4410196E-02   5.3982529E+04   5.4266815E+04   1.5143689E+04   0.0000000E+00   0.0000000E+00   0.0000000E+00   0.0000000E+00
   1.2634827E+00   4.8136476E+04   4.8136476E+04   1.5917121E-04   1.0878823E-03   3.4202747E-02   4.7884300E+04   4.8136476E+04   1.3432957E+04   0.0000000E+00   0.0000000E+00   0.0000000E+00   0.0000000E+00
   1.3575451E+00   4.2660830E+04   4.2660830E+04   1.2204530E-04   8.3515700E-04   2.6303148E-02   4.2437336E+04   4.2660830E+04   1.1904923E+04   0.0000000E+00   0.0000000E+00   0.0000000E+00   0.0000000E+00
   1.4587576E+00   3.7785385E+04   3.7785385E+04   9.3725443E-05   6.4062815E-04   2.0205744E-02   3.7587429E+04   3.7785385E+04   1.0544381E+04   0.0000000E+00   0.0000000E+00   0.0000000E+00   0.0000000E+00
   1.5675707E+00   3.3451025E+04   3.3451025E+04   7.1691658E-05   4.9113950E-04   1.5513477E-02   3.3275775E+04   3.3451025E+04   9.3348350E+03   0.0000000E+00   0.0000000E+00   0.0000000E+00   0.0000000E+00
   1.6845180E+00   2.9601185E+04   2.9601185E+04   5.4885573E-05   3.7636449E-04   1.1906750E-02   2.9446102E+04   2.9601185E+04   8.2604989E+03   0.0000000E+00   0.0000000E+00   0.0000000E+00   0.0000000E+00
   1.8101949E+00   2.6183951E+04   2.6183951E+04   4.2013410E-05   2.8829471E-04   9.1346538E-03   2.6046770E+04   2.6183951E+04   7.3068861E+03   0.0000000E+00   0.0000000E+00   0.0000000E+00   0.0000000E+00
   1.9452494E+00   2.3152278E+04   2.3152278E+04   3.2151886E-05   2.2074800E-04   7.0029391E-03   2.3030979E+04   2.3152278E+04   6.4608681E+03   0.0000000E+00   0.0000000E+00   0.0000000E+00   0.0000000E+00
   2.0903802E+00   2.0463961E+04   2.0463961E+04   2.4666894E-05   1.6896408E-04   5.3653290E-03   2.0356746E+04   2.0463961E+04   5.7106668E+03   0.0000000E+00   0.0000000E+00   0.0000000E+00   0.0000000E+00
   2.2463389E+00   1.8081292E+04   1.8081292E+04   1.8854231E-05   1.2928139E-04   4.1084740E-03   1.7986560E+04   1.8081292E+04   5.0457598E+03   0.0000000E+00   0.0000000E+00   0.0000000E+00   0.0000000E+00
   2.4139333E+00   1.5970412E+04   1.5970412E+04   1.4401961E-05   9.8883669E-05   3.1460037E-03   1.5886739E+04   1.5970412E+04   4.4566982E+03   0.0000000E+00   0.0000000E+00   0.0000000E+00   0.0000000E+00
   2.5940317E+00   1.4101158E+04   1.4101158E+04   1.1005110E-05   7.5607612E-05   2.4073154E-03   1.4027278E+04   1.4101158E+04   3.9350648E+03   0.0000000E+00   0.0000000E+00   0.0000000E+00   0.0000000E+00
   2.7875667E+00   1.2446578E+04   1.2446578E+04   8.4079098E-06   5.7791399E-05   1.8424850E-03   1.2381367E+04   1.2446578E+04   3.4733381E+03   0.0000000E+00   0.0000000E+00   0.0000000E+00   0.0000000E+00
   2.9955410E+00   1.0982611E+04   1.0982611E+04   6.4046023E-06   4.4159253E-05   1.4091054E-03   1.0925070E+04   1.0982611E+04   3.0648038E+03   0.0000000E+00   0.0000000E+00   0.0000000E+00   0.0000000E+00
   3.2190319E+00   9.6878100E+03   9.6878100E+03   4.9105697E-06   3.3732233E-05   1.0763117E-03   9.6370521E+03   9.6878100E+03   2.7034770E+03   0.0000000E+00   0.0000000E+00   0.0000000E+00   0.0000000E+00
   3.4591968E+00   8.5430677E+03   8.5430677E+03   3.7479839E-06   2.5759479E-05   8.2274578E-04   8.4983074E+03   8.5430677E+03   2.3840256E+03   0.0000000E+00   0.0000000E+00   0.0000000E+00   0.0000000E+00
   3.7172800E+00   7.5313705E+03   7.5313705E+03   2.8623455E-06   1.9665345E-05   6.2874994E-04   7.4919108E+03   7.5313705E+03   2.1017017E+03   0.0000000E+00   0.0000000E+00   0.0000000E+00   0.0000000E+00
   3.9946182E+00   6.6375782E+03   6.6375782E+03   2.1768523E-06   1.5008669E-05   4.8019341E-04   6.6028013E+03   6.6375782E+03   1.8522803E+03   0.0000000E+00   0.0000000E+00   0.0000000E+00   0.0000000E+00
   4.2926480E+00   5.8482261E+03   5.8482261E+03   1.6672038E-06   1.1451501E-05   3.6644526E-04   5.8175849E+03   5.8482261E+03   1.6320039E+03   0.0000000E+00   0.0000000E+00   0.0000000E+00   0.0000000E+00
   4.6129131E+00   5.1513468E+03   5.1513468E+03   1.2707036E-06   8.7350566E-06   2.7960589E-04   5.1243567E+03   5.1513468E+03   1.4375330E+03   0.0000000E+00   0.0000000E+00   0.0000000E+00   0.0000000E+00
   4.9570725E+00   4.5363096E+03   4.5363096E+03   9.6796016E-07   6.6612420E-06   2.1356360E-04   4.5125420E+03   4.5363096E+03   1.2659009E+03   0.0000000E+00   0.0000000E+00   0.0000000E+00   0.0000000E+00
   5.3269090E+00   3.9936764E+03   3.9936764E+03   7.3891951E-07   5.0784853E-06   1.6285470E-04   3.9727519E+03   3.9936764E+03   1.1144739E+03   0.0000000E+00   0.0000000E+00   0.0000000E+00   0.0000000E+00
   5.7243381E+00   3.5150723E+03   3.5150723E+03   5.6325307E-07   3.8708447E-06   1.2410035E-04   3.4966553E+03   3.5150723E+03   9.8091482E+02   0.0000000E+00   0.0000000E+00   0.0000000E+00   0.0000000E+00
   6.1514185E+00   3.0930691E+03   3.0930691E+03   4.2814204E-07   2.9496656E-06   9.4586878E-05   3.0768631E+03   3.0930691E+03   8.6315075E+02   0.0000000E+00   0.0000000E+00   0.0000000E+00   0.0000000E+00
   6.6103625E+00   2.7210819E+03   2.7210819E+03   3.2702451E-07   2.2471821E-06   7.2179622E-05   2.7068249E+03   2.7210819E+03   7.5934412E+02   0.0000000E+00   0.0000000E+00   0.0000000E+00   0.0000000E+00
   7.1035473E+00   2.3932759E+03   2.3932759E+03   2.4836781E-07   1.7116109E-06   5.4950807E-05   2.3807365E+03   2.3932759E+03   6.6786672E+02   0.0000000E+00   0.0000000E+00   0.0000000E+00   0.0000000E+00
   7.6335275E+00   2.1044837E+03   2.1044837E+03   1.8963784E-07   1.3033943E-06   4.1867911E-05   2.0934574E+03   2.1044837E+03   5.8727646E+02   0.0000000E+00   0.0000000E+00   0.0000000E+00   0.0000000E+00
   8.2030484E+00   1.8501303E+03   1.8501303E+03   1.4417400E-07   9.9232365E-07   3.1887783E-05   1.8404366E+03   1.8501303E+03   5.1629668E+02   0.0000000E+00   0.0000000E+00   0.0000000E+00   0.0000000E+00
   8.8150600E+00   1.6261672E+03   1.6261672E+03   1.0993373E-07   7.5533609E-07   2.4242904E-05   1.6176470E+03   1.6261672E+03   4.5379764E+02   0.0000000E+00   0.0000000E+00   0.0000000E+00   0.0000000E+00
   9.4727325E+00   1.4290136E+03   1.4290136E+03   8.3706585E-08   5.7482957E-07   1.8445323E-05   1.4215264E+03   1.4290136E+03   3.9878003E+02   0.0000000E+00   0.0000000E+00   0.0000000E+00   0.0000000E+00
   1.0179473E+01   1.2555032E+03   1.2555032E+03   6.3523158E-08   4.3737352E-07   1.4053330E-05   1.2489250E+03   1.2555032E+03   3.5036025E+02   0.0000000E+00   0.0000000E+00   0.0000000E+00   0.0000000E+00
