#           k/h    CDM            baryon         photon         nu             mass_nu        total          no_nu          total_de       Weyl           v_CDM          v_b            v_b-v_c     
   1.1288971E-05   9.1885611E+06   9.1885611E+06   1.2248374E+07   3.1115376E+04   6.1227323E+05   9.1886098E+06   9.1885611E+06   7.9225466E+06   0.0000000E+00   0.0000000E+00   0.0000000E+00   0.0000000E+00
   1.2131217E-05   9.1885594E+06   9.1885594E+06   1.2247901E+07   3.1114960E+04   6.1226531E+05   9.1886080E+06   9.1885594E+06   7.9225451E+06   0.0000000E+00   0.0000000E+00   0.0000000E+00   0.0000000E+00
   1.3036301E-05   9.1885574E+06   9.1885574E+06   1.2247355E+07   3.1114480E+04   6.1225616E+05   9.1886059E+06   9.1885574E+06   7.9225433E+06   0.0000000E+00   0.0000000E+00   0.0000000E+00   0.0000000E+00
   1.4008911E-05   9.1885552E+06   9.1885552E+06   1.2246724E+07   3.1113925E+04   6.1224559E+05   9.1886035E+06   9.1885552E+06   7.9225412E+06   0.0000000E+00   0.0000000E+00   0.0000000E+00   0.0000000E+00
   1.5054085E-05   9.1885525E+06   9.1885525E+06   1.2245996E+07   3.1113284E+04   6.1223339E+05   9.1886008E+06   9.1885525E+06   7.9225388E+06   0.0000000E+00   0.0000000E+00   0.0000000E+00   0.0000000E+00
   1.6177238E-05   9.1885495E+06   9.1885495E+06   1.2245155E+07   3.1112544E+04   6.1221930E+05   9.1885976E+06   9.1885495E+06   7.9225361E+06   0.0000000E+00   0.0000000E+00   0.0000000E+00   0.0000000E+00
   1.7384186E-05   9.1885460E+06   9.1885460E+06   1.2244184E+07   3.1111690E+04   6.1220304E+05   9.1885939E+06   9.1885460E+06   7.9225329E+06   0.0000000E+00   0.0000000E+00   0.0000000E+00   0.0000000E+00
   1.8681183E-05   9.1885420E+06   9.1885420E+06   1.2243063E+07   3.1110704E+04   6.1218425E+05   9.1885897E+06   9.1885420E+06   7.9225292E+06   0.0000000E+00   0.0000000E+00   0.0000000E+00   0.0000000E+00
   2.0074945E-05   9.1885373E+06   9.1885373E+06   1.2241769E+07   3.1109564E+04   6.1216256E+05   9.1885848E+06   9.1885373E+06   7.9225249E+06   0.0000000E+00   0.0000000E+00   0.0000000E+00   0.0000000E+00
   2.1572693E-05   9.1885319E+06   9.1885319E+06   1.2240274E+07   3.1108249E+04   6.1213751E+05   9.1885791E+06   9.1885319E+06   7.9225200E+06   0.0000000E+00   0.0000000E+00   0.0000000E+00   0.0000000E+00
   2.3182185E-05   9.1885257E+06   9.1885257E+06   1.2238549E+07   3.1106730E+04   6.1210859E+05   9.1885726E+06   9.1885257E+06   7.9225143E+06   0.0000000E+00   0.0000000E+00   0.0000000E+00   0.0000000E+00
   2.4911757E-05   9.1885185E+06   9.1885185E+06   1.2236556E+07   3.1104976E+04   6.1207519E+05   9.1885651E+06   9.1885185E+06   7.9225077E+06   0.0000000E+00   0.0000000E+00   0.0000000E+00   0.0000000E+00
   2.6770370E-05   9.1885103E+06   9.1885103E+06   1.2234255E+07   3.1102951E+04   6.1203663E+05   9.1885564E+06   9.1885103E+06   7.9225001E+06   0.0000000E+00   0.0000000E+00   0.0000000E+00   0.0000000E+00
   2.8767649E-05   9.1885007E+06   9.1885007E+06   1.2231599E+07   3.1100613E+04   6.1199210E+05   9.1885463E+06   9.1885007E+06   7.9224914E+06   0.0000000E+00   0.0000000E+00   0.0000000E+00   0.0000000E+00
   3.0913940E-05   9.1884896E+06   9.1884896E+06   1.2228533E+07   3.1097913E+04   6.1194069E+05   9.1885347E+06   9.1884896E+06   7.9224813E+06   0.0000000E+00   0.0000000E+00   0.0000000E+00   0.0000000E+00
   3.3220362E-05   9.1884769E+06   9.1884769E+06   1.2224992E+07   3.1094795E+04   6.1188133E+05   9.1885213E+06   9.1884769E+06   7.9224696E+06   0.0000000E+00   0.0000000E+00   0.0000000E+00   0.0000000E+00
   3.5698862E-05   9.1884621E+06   9.1884621E+06   1.2220905E+07   3.1091196E+04   6.1181279E+05   9.1885058E+06   9.1884621E+06   7.9224561E+06   0.0000000E+00   0.0000000E+00   0.0000000E+00   0.0000000E+00
   3.8362276E-05   9.1884451E+06   9.1884451E+06   1.2216187E+07   3.1087040E+04   6.1173366E+05   9.1884880E+06   9.1884451E+06   7.9224406E+06   0.0000000E+00   0.0000000E+00   0.0000000E+00   0.0000000E+00
   4.1224402E-05   9.1884254E+06   9.1884254E+06   1.2210741E+07   3.1082242E+04   6.1164231E+05   9.1884673E+06   9.1884254E+06   7.9224226E+06   0.0000000E+00   0.0000000E+00   0.0000000E+00   0.0000000E+00
   4.4300065E-05   9.1884027E+06   9.1884027E+06   1.2204455E+07   3.1076703E+04   6.1153684E+05   9.1884435E+06   9.1884027E+06   7.9224019E+06   0.0000000E+00   0.0000000E+00   0.0000000E+00   0.0000000E+00
   4.7605197E-05   9.1883765E+06   9.1883765E+06   1.2197199E+07   3.1070309E+04   6.1141508E+05   9.1884160E+06   9.1883765E+06   7.9223779E+06   0.0000000E+00   0.0000000E+00   0.0000000E+00   0.0000000E+00
   5.1156917E-05   9.1883463E+06   9.1883463E+06   1.2188826E+07   3.1062927E+04   6.1127452E+05   9.1883842E+06   9.1883463E+06   7.9223502E+06   0.0000000E+00   0.0000000E+00   0.0000000E+00   0.0000000E+00
   5.4973624E-05   9.1883114E+06   9.1883114E+06   1.2179163E+07   3.1054405E+04   6.1111228E+05   9.1883475E+06   9.1883114E+06   7.9223183E+06   0.0000000E+00   0.0000000E+00   0.0000000E+00   0.0000000E+00
   5.9075086E-05   9.1882710E+06   9.1882710E+06   1.2168014E+07   3.1044570E+04   6.1092500E+05   9.1883052E+06   9.1882710E+06   7.9222814E+06   0.0000000E+00   0.0000000E+00   0.0000000E+00   0.0000000E+00
   6.3482550E-05   9.1882244E+06   9.1882244E+06   1.2155152E+07   3.1033218E+04   6.1070885E+05   9.1882563E+06   9.1882244E+06   7.9222389E+06   0.0000000E+00   0.0000000E+00   0.0000000E+00   0.0000000E+00
   6.8218846E-05   9.1881707E+06   9.1881707E+06   1.2140315E+07   3.1020116E+04   6.1045941E+05   9.1881998E+06   9.1881707E+06   7.9221897E+06   0.0000000E+00   0.0000000E+00   0.0000000E+00   0.0000000E+00
   7.3308506E-05   9.1881086E+06   9.1881086E+06   1.2123203E+07   3.1004997E+04   6.1017155E+05   9.1881346E+06   9.1881086E+06   7.9221330E+06   0.0000000E+00   0.0000000E+00   0.0000000E+00   0.0000000E+00
   7.8777894E-05   9.1880370E+06   9.1880370E+06   1.2103471E+07   3.0987552E+04   6.0983941E+05   9.1880594E+06   9.1880370E+06   7.9220675E+06   0.0000000E+00   0.0000000E+00   0.0000000E+00   0.0000000E+00
   8.4655342E-05   9.1879542E+06   9.1879542E+06   1.2080723E+07   3.0967425E+04   6.0945623E+05   9.1879726E+06   9.1879542E+06   7.9219918E+06   0.0000000E+00   0.0000000E+00   0.0000000E+00   0.0000000E+00
   9.0971293E-05   9.1878588E+06   9.1878588E+06   1.2054505E+07   3.0944207E+04   6.0901421E+05   9.1878723E+06   9.1878588E+06   7.9219046E+06   0.0000000E+00   0.0000000E+00   0.0000000E+00   0.0000000E+00
   9.7758463E-05   9.1877485E+06   9.1877485E+06   1.2024297E+07   3.0917429E+04   6.0850442E+05   9.1877566E+06   9.1877485E+06   7.9218038E+06   0.0000000E+00   0.0000000E+00   0.0000000E+00   0.0000000E+00
   1.0505201E-04   9.1876213E+06   9.1876213E+06   1.1989503E+07   3.0886550E+04   6.0791658E+05   9.1876230E+06   9.1876213E+06   7.9216875E+06   0.0000000E+00   0.0000000E+00   0.0000000E+00   0.0000000E+00
   1.1288971E-04   9.1874745E+06   9.1874745E+06   1.1949444E+07   3.0850949E+04   6.0723888E+05   9.1874689E+06   9.1874745E+06   7.9215534E+06   0.0000000E+00   0.0000000E+00   0.0000000E+00   0.0000000E+00
   1.2131217E-04   9.1873051E+06   9.1873051E+06   1.1903344E+07   3.0809915E+04   6.0645781E+05   9.1872910E+06   9.1873051E+06   7.9213985E+06   0.0000000E+00   0.0000000E+00   0.0000000E+00   0.0000000E+00
   1.3036301E-04   9.1871097E+06   9.1871097E+06   1.1850322E+07   3.0762633E+04   6.0555785E+05   9.1870857E+06   9.1871097E+06   7.9212199E+06   0.0000000E+00   0.0000000E+00   0.0000000E+00   0.0000000E+00
   1.4008911E-04   9.1868841E+06   9.1868841E+06   1.1789374E+07   3.0708170E+04   6.0452126E+05   9.1868489E+06   9.1868841E+06   7.9210138E+06   0.0000000E+00   0.0000000E+00   0.0000000E+00   0.0000000E+00
   1.5054085E-04   9.1866240E+06   9.1866240E+06   1.1719366E+07   3.0645459E+04   6.0332778E+05   9.1865758E+06   9.1866240E+06   7.9207761E+06   0.0000000E+00   0.0000000E+00   0.0000000E+00   0.0000000E+00
   1.6177238E-04   9.1863240E+06   9.1863240E+06   1.1639020E+07   3.0573284E+04   6.0195429E+05   9.1862607E+06   9.1863240E+06   7.9205019E+06   0.0000000E+00   0.0000000E+00   0.0000000E+00   0.0000000E+00
   1.7384186E-04   9.1859780E+06   9.1859780E+06   1.1546895E+07   3.0490259E+04   6.0037448E+05   9.1858975E+06   9.1859780E+06   7.9201858E+06   0.0000000E+00   0.0000000E+00   0.0000000E+00   0.0000000E+00
   1.8681183E-04   9.1855791E+06   9.1855791E+06   1.1441384E+07   3.0394811E+04   5.9855845E+05   9.1854787E+06   9.1855791E+06   7.9198214E+06   0.0000000E+00   0.0000000E+00   0.0000000E+00   0.0000000E+00
   2.0074945E-04   9.1851194E+06   9.1851194E+06   1.1320695E+07   3.0285155E+04   5.9647235E+05   9.1849960E+06   9.1851194E+06   7.9194014E+06   0.0000000E+00   0.0000000E+00   0.0000000E+00   0.0000000E+00
   2.1572693E-04   9.1845897E+06   9.1845897E+06   1.1182850E+07   3.0159278E+04   5.9407795E+05   9.1844398E+06   9.1845897E+06   7.9189176E+06   0.0000000E+00   0.0000000E+00   0.0000000E+00   0.0000000E+00
   2.3182185E-04   9.1839795E+06   9.1839795E+06   1.1025682E+07   3.0014911E+04   5.9133223E+05   9.1837991E+06   9.1839795E+06   7.9183604E+06   0.0000000E+00   0.0000000E+00   0.0000000E+00   0.0000000E+00
   2.4911757E-04   9.1832770E+06   9.1832770E+06   1.0846839E+07   2.9849513E+04   5.8818703E+05   9.1830614E+06   9.1832770E+06   7.9177189E+06   0.0000000E+00   0.0000000E+00   0.0000000E+00   0.0000000E+00
   2.6770370E-04   9.1824684E+06   9.1824684E+06   1.0643802E+07   2.9660252E+04   5.8458864E+05   9.1822124E+06   9.1824684E+06   7.9169807E+06   0.0000000E+00   0.0000000E+00   0.0000000E+00   0.0000000E+00
   2.8767649E-04   9.1815382E+06   9.1815382E+06   1.0413913E+07   2.9443988E+04   5.8047760E+05   9.1812358E+06   9.1815382E+06   7.9161318E+06   0.0000000E+00   0.0000000E+00   0.0000000E+00   0.0000000E+00
   3.0913940E-04   9.1804688E+06   9.1804688E+06   1.0154431E+07   2.9197267E+04   5.7578850E+05   9.1801129E+06   9.1804688E+06   7.9151560E+06   0.0000000E+00   0.0000000E+00   0.0000000E+00   0.0000000E+00
   3.3220362E-04   9.1792401E+06   9.1792401E+06   9.8626010E+06   2.8916323E+04   5.7045001E+05   9.1788229E+06   9.1792401E+06   7.9140352E+06   0.0000000E+00   0.0000000E+00   0.0000000E+00   0.0000000E+00
   3.5698862E-04   9.1778295E+06   9.1778295E+06   9.5357663E+06   2.8597093E+04   5.6438521E+05   9.1773418E+06   9.1778295E+06   7.9127490E+06   0.0000000E+00   0.0000000E+00   0.0000000E+00   0.0000000E+00
   3.8362276E-04   9.1762114E+06   9.1762114E+06   9.1715114E+06   2.8235252E+04   5.5751213E+05   9.1756429E+06   9.1762114E+06   7.9112741E+06   0.0000000E+00   0.0000000E+00   0.0000000E+00   0.0000000E+00
   4.1224402E-04   9.1743569E+06   9.1743569E+06   8.7678560E+06   2.7826270E+04   5.4974485E+05   9.1736960E+06   9.1743569E+06   7.9095846E+06   0.0000000E+00   0.0000000E+00   0.0000000E+00   0.0000000E+00
   4.4300065E-04   9.1722340E+06   9.1722340E+06   8.3234987E+06   2.7365505E+04   5.4099507E+05   9.1714672E+06   9.1722340E+06   7.9076515E+06   0.0000000E+00   0.0000000E+00   0.0000000E+00   0.0000000E+00
   4.7605197E-04   9.1698066E+06   9.1698066E+06   7.8381170E+06   2.6848331E+04   5.3117439E+05   9.1689191E+06   9.1698066E+06   7.9054426E+06   0.0000000E+00   0.0000000E+00   0.0000000E+00   0.0000000E+00
   5.1156917E-04   9.1670350E+06   9.1670350E+06   7.3127203E+06   2.6270313E+04   5.2019732E+05   9.1660097E+06   9.1670350E+06   7.9029222E+06   0.0000000E+00   0.0000000E+00   0.0000000E+00   0.0000000E+00
   5.4973624E-04   9.1638752E+06   9.1638752E+06   6.7500452E+06   2.5627435E+04   5.0798522E+05   9.1626931E+06   9.1638752E+06   7.9000510E+06   0.0000000E+00   0.0000000E+00   0.0000000E+00   0.0000000E+00
   5.9075086E-04   9.1602788E+06   9.1602788E+06   6.1549671E+06   2.4916383E+04   4.9447108E+05   9.1589186E+06   9.1602788E+06   7.8967861E+06   0.0000000E+00   0.0000000E+00   0.0000000E+00   0.0000000E+00
   6.3482550E-04   9.1561932E+06   9.1561932E+06   5.5348850E+06   2.4134886E+04   4.7960516E+05   9.1546313E+06   9.1561932E+06   7.8930809E+06   0.0000000E+00   0.0000000E+00   0.0000000E+00   0.0000000E+00
   6.8218846E-04   9.1515613E+06   9.1515613E+06   4.9000093E+06   2.3282097E+04   4.6336138E+05   9.1497717E+06   9.1515613E+06   7.8888851E+06   0.0000000E+00   0.0000000E+00   0.0000000E+00   0.0000000E+00
   7.3308506E-04   9.1463216E+06   9.1463216E+06   4.2634545E+06   2.2359003E+04   4.4574392E+05   9.1442756E+06   9.1463216E+06   7.8841450E+06   0.0000000E+00   0.0000000E+00   0.0000000E+00   0.0000000E+00
   7.8777894E-04   9.1404083E+06   9.1404083E+06   3.6410110E+06   2.1368817E+04   4.2679381E+05   9.1380749E+06   9.1404083E+06   7.8788035E+06   0.0000000E+00   0.0000000E+00   0.0000000E+00   0.0000000E+00
   8.4655342E-04   9.1337515E+06   9.1337515E+06   3.0504523E+06   2.0317311E+04   4.0659450E+05   9.1310973E+06   9.1337515E+06   7.8728001E+06   0.0000000E+00   0.0000000E+00   0.0000000E+00   0.0000000E+00
   9.0971293E-04   9.1262771E+06   9.1262771E+06   2.5102458E+06   1.9212993E+04   3.8527588E+05   9.1232665E+06   9.1262771E+06   7.8660715E+06   0.0000000E+00   0.0000000E+00   0.0000000E+00   0.0000000E+00
   9.7758463E-04   9.1179068E+06   9.1179068E+06   2.0375952E+06   1.8067075E+04   3.6301586E+05   9.1145026E+06   9.1179068E+06   7.8585513E+06   0.0000000E+00   0.0000000E+00   0.0000000E+00   0.0000000E+00
   1.0505201E-03   9.1085578E+06   9.1085578E+06   1.6458798E+06   1.6893114E+04   3.4003894E+05   9.1047218E+06   9.1085578E+06   7.8501698E+06   0.0000000E+00   0.0000000E+00   0.0000000E+00   0.0000000E+00
   1.1288971E-03   9.0981425E+06   9.0981425E+06   1.3417898E+06   1.5706290E+04   3.1661197E+05   9.0938362E+06   9.0981425E+06   7.8408535E+06   0.0000000E+00   0.0000000E+00   0.0000000E+00   0.0000000E+00
   1.2131217E-03   9.0865674E+06   9.0865674E+06   1.1227734E+06   1.4522331E+04   2.9303741E+05   9.0817529E+06   9.0865674E+06   7.8305243E+06   0.0000000E+00   0.0000000E+00   0.0000000E+00   0.0000000E+00
   1.3036301E-03   9.0737321E+06   9.0737321E+06   9.7574260E+05   1.3356190E+04   2.6964512E+05   9.0683734E+06   9.0737321E+06   7.8190985E+06   0.0000000E+00   0.0000000E+00   0.0000000E+00   0.0000000E+00
   1.4008911E-03   9.0595279E+06   9.0595279E+06   8.7815908E+05   1.2220740E+04   2.4678301E+05   9.0535926E+06   9.0595279E+06   7.8064852E+06   0.0000000E+00   0.0000000E+00   0.0000000E+00   0.0000000E+00
   1.5054085E-03   9.0438373E+06   9.0438373E+06   8.0237156E+05   1.1125863E+04   2.2480486E+05   9.0372973E+06   9.0438373E+06   7.7925852E+06   0.0000000E+00   0.0000000E+00   0.0000000E+00   0.0000000E+00
   1.6177238E-03   9.0265326E+06   9.0265326E+06   7.2310310E+05   1.0078328E+04   2.0405077E+05   9.0193660E+06   9.0265326E+06   7.7772906E+06   0.0000000E+00   0.0000000E+00   0.0000000E+00   0.0000000E+00
   1.7384186E-03   9.0074773E+06   9.0074773E+06   6.2621382E+05   9.0826676E+03   1.8481310E+05   8.9996688E+06   9.0074773E+06   7.7604846E+06   0.0000000E+00   0.0000000E+00   0.0000000E+00   0.0000000E+00
   1.8681183E-03   8.9865262E+06   8.9865262E+06   5.1479830E+05   8.1428391E+03   1.6728484E+05   8.9780679E+06   8.9865262E+06   7.7420426E+06   0.0000000E+00   0.0000000E+00   0.0000000E+00   0.0000000E+00
   2.0074945E-03   8.9635272E+06   8.9635272E+06   4.0777221E+05   7.2638127E+03   1.5150126E+05   8.9544182E+06   8.9635272E+06   7.7218336E+06   0.0000000E+00   0.0000000E+00   0.0000000E+00   0.0000000E+00
   2.1572693E-03   8.9383218E+06   8.9383218E+06   3.2845622E+05   6.4518768E+03   1.3731067E+05   8.9285671E+06   8.9383218E+06   7.6997205E+06   0.0000000E+00   0.0000000E+00   0.0000000E+00   0.0000000E+00
   2.3182185E-03   8.9107440E+06   8.9107440E+06   2.8734850E+05   5.7128098E+03   1.2442597E+05   8.9003523E+06   8.9107440E+06   7.6755597E+06   0.0000000E+00   0.0000000E+00   0.0000000E+00   0.0000000E+00
   2.4911757E-03   8.8806179E+06   8.8806179E+06   2.7131895E+05   5.0485694E+03   1.1257863E+05   8.8695990E+06   8.8806179E+06   7.6491981E+06   0.0000000E+00   0.0000000E+00   0.0000000E+00   0.0000000E+00
   2.6770370E-03   8.8477552E+06   8.8477552E+06   2.5227590E+05   4.4550458E+03   1.0169701E+05   8.8361178E+06   8.8477552E+06   7.6204713E+06   0.0000000E+00   0.0000000E+00   0.0000000E+00   0.0000000E+00
   2.8767649E-03   8.8119560E+06   8.8119560E+06   2.1344194E+05   3.9237015E+03   9.1925315E+04   8.7997052E+06   8.8119560E+06   7.5892036E+06   0.0000000E+00   0.0000000E+00   0.0000000E+00   0.0000000E+00
   3.0913940E-03   8.7730116E+06   8.7730116E+06   1.6753497E+05   3.4467608E+03   8.3370934E+04   8.7601490E+06   8.7730116E+06   7.5552118E+06   0.0000000E+00   0.0000000E+00   0.0000000E+00   0.0000000E+00
   3.3220362E-03   8.7307082E+06   8.7307082E+06   1.3928243E+05   3.0208913E+03   7.5812834E+04   8.7172321E+06   8.7307082E+06   7.5183089E+06   0.0000000E+00   0.0000000E+00   0.0000000E+00   0.0000000E+00
   3.5698862E-03   8.6848245E+06   8.6848245E+06   1.2846879E+05   2.6446053E+03   6.8847592E+04   8.6707328E+06   8.6848245E+06   7.4783039E+06   0.0000000E+00   0.0000000E+00   0.0000000E+00   0.0000000E+00
   3.8362276E-03   8.6351287E+06   8.6351287E+06   1.1168084E+05   2.3130444E+03   6.2412960E+04   8.6204207E+06   8.6351287E+06   7.4349989E+06   0.0000000E+00   0.0000000E+00   0.0000000E+00   0.0000000E+00
   4.1224402E-03   8.5813791E+06   8.5813791E+06   8.7776427E+04   2.0192380E+03   5.6758871E+04   8.5660574E+06   8.5813791E+06   7.3881893E+06   0.0000000E+00   0.0000000E+00   0.0000000E+00   0.0000000E+00
   4.4300065E-03   8.5233289E+06   8.5233289E+06   7.8044387E+04   1.7598379E+03   5.1716894E+04   8.5074005E+06   8.5233289E+06   7.3376667E+06   0.0000000E+00   0.0000000E+00   0.0000000E+00   0.0000000E+00
   4.7605197E-03   8.4607257E+06   8.4607257E+06   7.2922862E+04   1.5330336E+03   4.6904008E+04   8.4442035E+06   8.4607257E+06   7.2832193E+06   0.0000000E+00   0.0000000E+00   0.0000000E+00   0.0000000E+00
   5.1156917E-03   8.3933103E+06   8.3933103E+06   5.6392407E+04   1.3335620E+03   4.2608263E+04   8.3762154E+06   8.3933103E+06   7.2246315E+06   0.0000000E+00   0.0000000E+00   0.0000000E+00   0.0000000E+00
   5.4973624E-03   8.3208222E+06   8.3208222E+06   4.8956121E+04   1.1578767E+03   3.8866423E+04   8.3031861E+06   8.3208222E+06   7.1616884E+06   0.0000000E+00   0.0000000E+00   0.0000000E+00   0.0000000E+00
   5.9075086E-03   8.2430024E+06   8.2430024E+06   4.3900488E+04   1.0047988E+03   3.5265803E+04   8.2248622E+06   8.2430024E+06   7.0941722E+06   0.0000000E+00   0.0000000E+00   0.0000000E+00   0.0000000E+00
   6.3482550E-03   8.1595898E+06   8.1595898E+06   3.5109501E+04   8.7067837E+02   3.2128279E+04   8.1409794E+06   8.1595898E+06   7.0218555E+06   0.0000000E+00   0.0000000E+00   0.0000000E+00   0.0000000E+00
   6.8218846E-03   8.0703186E+06   8.0703186E+06   3.2801109E+04   7.5389803E+02   2.9128267E+04   8.0512647E+06   8.0703186E+06   6.9445037E+06   0.0000000E+00   0.0000000E+00   0.0000000E+00   0.0000000E+00
   7.3308506E-03   7.9749122E+06   7.9749122E+06   2.5020355E+04   6.5170418E+02   2.6453758E+04   7.9554472E+06   7.9749122E+06   6.8618835E+06   0.0000000E+00   0.0000000E+00   0.0000000E+00   0.0000000E+00
   7.8777894E-03   7.8730899E+06   7.8730899E+06   2.3747408E+04   5.6257635E+02   2.3949228E+04   7.8532650E+06   7.8730899E+06   6.7737697E+06   0.0000000E+00   0.0000000E+00   0.0000000E+00   0.0000000E+00
   8.4655342E-03   7.7645751E+06   7.7645751E+06   1.8853196E+04   4.8497196E+02   2.1724780E+04   7.7444471E+06   7.7645751E+06   6.6799288E+06   0.0000000E+00   0.0000000E+00   0.0000000E+00   0.0000000E+00
   9.0971293E-03   7.6490942E+06   7.6490942E+06   1.6256474E+04   4.1764898E+02   1.9589297E+04   7.6287097E+06   7.6490942E+06   6.5801166E+06   0.0000000E+00   0.0000000E+00   0.0000000E+00   0.0000000E+00
   9.7758463E-03   7.5263677E+06   7.5263677E+06   1.4657700E+04   3.5895514E+02   1.7707913E+04   7.5057765E+06   7.5263677E+06   6.4740950E+06   0.0000000E+00   0.0000000E+00   0.0000000E+00   0.0000000E+00
   1.0505201E-02   7.3961107E+06   7.3961107E+06   1.1507353E+04   3.0804850E+02   1.5952652E+04   7.3753729E+06   7.3961107E+06   6.3616276E+06   0.0000000E+00   0.0000000E+00   0.0000000E+00   0.0000000E+00
   1.1288971E-02   7.2580431E+06   7.2580431E+06   9.7020386E+03   2.6394809E+02   1.4312308E+04   7.2372183E+06   7.2580431E+06   6.2424726E+06   0.0000000E+00   0.0000000E+00   0.0000000E+00   0.0000000E+00
   1.2131217E-02   7.1118935E+06   7.1118935E+06   8.5970752E+03   2.2573854E+02   1.2812404E+04   7.0910407E+06   7.1118935E+06   6.1163956E+06   0.0000000E+00   0.0000000E+00   0.0000000E+00   0.0000000E+00
   1.3036301E-02   6.9573969E+06   6.9573969E+06   7.4692509E+03   1.9265302E+02   1.1462897E+04   6.9365801E+06   6.9573969E+06   5.9831726E+06   0.0000000E+00   0.0000000E+00   0.0000000E+00   0.0000000E+00
   1.4008911E-02   6.7943077E+06   6.7943077E+06   6.3330151E+03   1.6409288E+02   1.0222482E+04   6.7735930E+06   6.7943077E+06   5.8425937E+06   0.0000000E+00   0.0000000E+00   0.0000000E+00   0.0000000E+00
   1.5054085E-02   6.6224126E+06   6.6224126E+06   5.3464494E+03   1.3944813E+02   9.0820138E+03   6.6018615E+06   6.6224126E+06   5.6944712E+06   0.0000000E+00   0.0000000E+00   0.0000000E+00   0.0000000E+00
   1.6177238E-02   6.4415387E+06   6.4415387E+06   4.4018412E+03   1.1822501E+02   8.0419734E+03   6.4212203E+06   6.4415387E+06   5.5386627E+06   0.0000000E+00   0.0000000E+00   0.0000000E+00   0.0000000E+00
   1.7384186E-02   6.2515835E+06   6.2515835E+06   3.5722604E+03   9.9971687E+01   7.0963292E+03   6.2315617E+06   6.2515835E+06   5.3750752E+06   0.0000000E+00   0.0000000E+00   0.0000000E+00   0.0000000E+00
   1.8681183E-02   6.0525356E+06   6.0525356E+06   2.9584690E+03   8.4302519E+01   6.2524868E+03   6.0328769E+06   6.0525356E+06   5.2037015E+06   0.0000000E+00   0.0000000E+00   0.0000000E+00   0.0000000E+00
   2.0074945E-02   5.8445131E+06   5.8445131E+06   2.6083843E+03   7.0883257E+01   5.4752445E+03   5.8252809E+06   5.8445131E+06   5.0246407E+06   0.0000000E+00   0.0000000E+00   0.0000000E+00   0.0000000E+00
   2.1572692E-02   5.6278041E+06   5.6278041E+06   2.0792386E+03   5.9417903E+01   4.7675172E+03   5.6090617E+06   5.6278041E+06   4.8381414E+06   0.0000000E+00   0.0000000E+00   0.0000000E+00   0.0000000E+00
   2.3182180E-02   5.4029194E+06   5.4029194E+06   1.7960630E+03   4.9636847E+01   4.1466579E+03   5.3847256E+06   5.4029194E+06   4.6446403E+06   0.0000000E+00   0.0000000E+00   0.0000000E+00   0.0000000E+00
   2.4911729E-02   5.1706478E+06   5.1706478E+06   1.4115085E+03   4.1326105E+01   3.5821559E+03   5.1530580E+06   5.1706478E+06   4.4448151E+06   0.0000000E+00   0.0000000E+00   0.0000000E+00   0.0000000E+00
   2.6770222E-02   4.9321229E+06   4.9321229E+06   1.1777582E+03   3.4285150E+01   3.0764479E+03   4.9151871E+06   4.9321229E+06   4.2396387E+06   0.0000000E+00   0.0000000E+00   0.0000000E+00   0.0000000E+00
   2.8766994E-02   4.6888947E+06   4.6888947E+06   9.7829058E+02   2.8340472E+01   2.6332591E+03   4.6726561E+06   4.6888947E+06   4.0304424E+06   0.0000000E+00   0.0000000E+00   0.0000000E+00   0.0000000E+00
   3.0911404E-02   4.4430183E+06   4.4430183E+06   7.9179789E+02   2.3344760E+01   2.2446468E+03   4.4275106E+06   4.4430183E+06   3.8189908E+06   0.0000000E+00   0.0000000E+00   0.0000000E+00   0.0000000E+00
   3.3211692E-02   4.1971642E+06   4.1971642E+06   6.5364765E+02   1.9169812E+01   1.9077083E+03   4.1824101E+06   4.1971642E+06   3.6075777E+06   0.0000000E+00   0.0000000E+00   0.0000000E+00   0.0000000E+00
   3.5672535E-02   3.9547403E+06   3.9547403E+06   5.5467236E+02   1.5706485E+01   1.6096198E+03   3.9407483E+06   3.9547403E+06   3.3991306E+06   0.0000000E+00   0.0000000E+00   0.0000000E+00   0.0000000E+00
   3.8290869E-02   3.7199487E+06   3.7199487E+06   4.3476095E+02   1.2859569E+01   1.3601976E+03   3.7067106E+06   3.7199487E+06   3.1972596E+06   0.0000000E+00   0.0000000E+00   0.0000000E+00   0.0000000E+00
   4.1050791E-02   3.4975888E+06   3.4975888E+06   3.5450640E+02   1.0546921E+01   1.1447555E+03   3.4850772E+06   3.4975888E+06   3.0060878E+06   0.0000000E+00   0.0000000E+00   0.0000000E+00   0.0000000E+00
   4.3920719E-02   3.2923786E+06   3.2923786E+06   3.0090870E+02   8.6924727E+00   9.6831660E+02   3.2805468E+06   3.2923786E+06   2.8296684E+06   0.0000000E+00   0.0000000E+00   0.0000000E+00   0.0000000E+00
   4.6857319E-02   3.1078333E+06   3.1078333E+06   2.5303606E+02   7.2225598E+00   8.2521296E+02   3.0966198E+06   3.1078333E+06   2.6710206E+06   0.0000000E+00   0.0000000E+00   0.0000000E+00   0.0000000E+00
   4.9816705E-02   2.9452750E+06   2.9452750E+06   2.1181543E+02   6.0652885E+00   7.0935420E+02   2.9346112E+06   2.9452750E+06   2.5312786E+06   0.0000000E+00   0.0000000E+00   0.0000000E+00   0.0000000E+00
   5.2766181E-02   2.8036683E+06   2.8036683E+06   1.7740686E+02   5.1530347E+00   6.1550162E+02   2.7934868E+06   2.8036683E+06   2.4095505E+06   0.0000000E+00   0.0000000E+00   0.0000000E+00   0.0000000E+00
   5.5689104E-02   2.6803082E+06   2.6803082E+06   1.4919692E+02   4.4275551E+00   5.3866631E+02   2.6705496E+06   2.6803082E+06   2.3035099E+06   0.0000000E+00   0.0000000E+00   0.0000000E+00   0.0000000E+00
   5.8582546E-02   2.5717652E+06   2.5717652E+06   1.2768279E+02   3.8425053E+00   4.7479371E+02   2.5623807E+06   2.5717652E+06   2.2102078E+06   0.0000000E+00   0.0000000E+00   0.0000000E+00   0.0000000E+00
   6.1452198E-02   2.4745882E+06   2.4745882E+06   1.1295748E+02   3.3626984E+00   4.2132940E+02   2.4655405E+06   2.4745882E+06   2.1266774E+06   0.0000000E+00   0.0000000E+00   0.0000000E+00   0.0000000E+00
   6.4307942E-02   2.3856697E+06   2.3856697E+06   1.0179763E+02   2.9624219E+00   3.7659484E+02   2.3769319E+06   2.3856697E+06   2.0502472E+06   0.0000000E+00   0.0000000E+00   0.0000000E+00   0.0000000E+00
   6.7161070E-02   2.3023811E+06   2.3023811E+06   8.9725919E+01   2.6229348E+00   3.3850916E+02   2.2939352E+06   2.3023811E+06   1.9786576E+06   0.0000000E+00   0.0000000E+00   0.0000000E+00   0.0000000E+00
   7.0022844E-02   2.2225973E+06   2.2225973E+06   7.7370211E+01   2.3307566E+00   3.0449970E+02   2.2144327E+06   2.2225973E+06   1.9100819E+06   0.0000000E+00   0.0000000E+00   0.0000000E+00   0.0000000E+00
   7.2903875E-02   2.1446830E+06   2.1446830E+06   6.8191762E+01   2.0760782E+00   2.7373642E+02   2.1367946E+06   2.1446830E+06   1.8431144E+06   0.0000000E+00   0.0000000E+00   0.0000000E+00   0.0000000E+00
   7.5813931E-02   2.0674696E+06   2.0674696E+06   6.1918192E+01   1.8517619E+00   2.4638465E+02   2.0598564E+06   2.0674696E+06   1.7767506E+06   0.0000000E+00   0.0000000E+00   0.0000000E+00   0.0000000E+00
   7.8761946E-02   1.9902329E+06   1.9902329E+06   5.6442803E+01   1.6526590E+00   2.2212522E+02   1.9828964E+06   1.9902329E+06   1.7103679E+06   0.0000000E+00   0.0000000E+00   0.0000000E+00   0.0000000E+00
   8.1756115E-02   1.9126693E+06   1.9126693E+06   5.0884679E+01   1.4749712E+00   2.0029601E+02   1.9056118E+06   1.9126693E+06   1.6437053E+06   0.0000000E+00   0.0000000E+00   0.0000000E+00   0.0000000E+00
   8.4804007E-02   1.8348656E+06   1.8348656E+06   4.5440599E+01   1.3159303E+00   1.8036523E+02   1.8280890E+06   1.8348656E+06   1.5768373E+06   0.0000000E+00   0.0000000E+00   0.0000000E+00   0.0000000E+00
   8.7912685E-02   1.7572570E+06   1.7572570E+06   4.0278335E+01   1.1734664E+00   1.6214489E+02   1.7507616E+06   1.7572570E+06   1.5101377E+06   0.0000000E+00   0.0000000E+00   0.0000000E+00   0.0000000E+00
   9.1088804E-02   1.6805673E+06   1.6805673E+06   3.5251646E+01   1.0460131E+00   1.4564714E+02   1.6743506E+06   1.6805673E+06   1.4442286E+06   0.0000000E+00   0.0000000E+00   0.0000000E+00   0.0000000E+00
   9.4338704E-02   1.6057292E+06   1.6057292E+06   3.0604439E+01   9.3232546E-01   1.3102345E+02   1.5997850E+06   1.6057292E+06   1.3799113E+06   0.0000000E+00   0.0000000E+00   0.0000000E+00   0.0000000E+00
   9.7668486E-02   1.5337830E+06   1.5337830E+06   2.7633334E+01   8.3132542E-01   1.1809511E+02   1.5281013E+06   1.5337830E+06   1.3180798E+06   0.0000000E+00   0.0000000E+00   0.0000000E+00   0.0000000E+00
   1.0108407E-01   1.4657582E+06   1.4657582E+06   2.5343093E+01   7.4204985E-01   1.0597103E+02   1.4603250E+06   1.4657582E+06   1.2596187E+06   0.0000000E+00   0.0000000E+00   0.0000000E+00   0.0000000E+00
   1.0459124E-01   1.4025439E+06   1.4025439E+06   2.1882051E+01   6.6350755E-01   9.5366153E+01   1.3973419E+06   1.4025439E+06   1.2052920E+06   0.0000000E+00   0.0000000E+00   0.0000000E+00   0.0000000E+00
   1.0819572E-01   1.3447609E+06   1.3447609E+06   2.0244709E+01   5.9467971E-01   8.6308676E+01   1.3397705E+06   1.3447609E+06   1.1556331E+06   0.0000000E+00   0.0000000E+00   0.0000000E+00   0.0000000E+00
   1.1190314E-01   1.2926499E+06   1.2926499E+06   1.7445937E+01   5.3450745E-01   7.7981569E+01   1.2878503E+06   1.2926499E+06   1.1108488E+06   0.0000000E+00   0.0000000E+00   0.0000000E+00   0.0000000E+00
   1.1571914E-01   1.2459946E+06   1.2459946E+06   1.6227828E+01   4.8185854E-01   7.0618626E+01   1.2413660E+06   1.2459946E+06   1.0707533E+06   0.0000000E+00   0.0000000E+00   0.0000000E+00   0.0000000E+00
   1.1964935E-01   1.2040985E+06   1.2040985E+06   1.4904836E+01   4.3558734E-01   6.4375244E+01   1.1996234E+06   1.2040985E+06   1.0347478E+06   0.0000000E+00   0.0000000E+00   0.0000000E+00   0.0000000E+00
   1.2369939E-01   1.1658295E+06   1.1658295E+06   1.3499069E+01   3.9458178E-01   5.8730207E+01   1.1614948E+06   1.1658295E+06   1.0018596E+06   0.0000000E+00   0.0000000E+00   0.0000000E+00   0.0000000E+00
   1.2787493E-01   1.1297407E+06   1.1297407E+06   1.2150306E+01   3.5780155E-01   5.3529406E+01   1.1255384E+06   1.1297407E+06   9.7084501E+05   0.0000000E+00   0.0000000E+00   0.0000000E+00   0.0000000E+00
   1.3218169E-01   1.0942626E+06   1.0942626E+06   1.0713208E+01   3.2435478E-01   4.8823066E+01   1.0901907E+06   1.0942626E+06   9.4035546E+05   0.0000000E+00   0.0000000E+00   0.0000000E+00   0.0000000E+00
   1.3662542E-01   1.0579471E+06   1.0579471E+06   9.7905982E+00   2.9354494E-01   4.4642506E+01   1.0540089E+06   1.0579471E+06   9.0914646E+05   0.0000000E+00   0.0000000E+00   0.0000000E+00   0.0000000E+00
   1.4121192E-01   1.0197261E+06   1.0197261E+06   8.8859608E+00   2.6490390E-01   4.0330699E+01   1.0159289E+06   1.0197261E+06   8.7630016E+05   0.0000000E+00   0.0000000E+00   0.0000000E+00   0.0000000E+00
   1.4594708E-01   9.7913478E+05   9.7913478E+05   8.0005307E+00   2.3818127E-01   3.6615103E+01   9.7548747E+05   9.7913478E+05   8.4141701E+05   0.0000000E+00   0.0000000E+00   0.0000000E+00   0.0000000E+00
   1.5083683E-01   9.3644207E+05   9.3644207E+05   6.9962613E+00   2.1333788E-01   3.2913198E+01   9.3295272E+05   9.3644207E+05   8.0472822E+05   0.0000000E+00   0.0000000E+00   0.0000000E+00   0.0000000E+00
   1.5588720E-01   8.9263959E+05   8.9263959E+05   6.2477241E+00   1.9046978E-01   2.9486891E+01   8.8931249E+05   8.9263959E+05   7.6708588E+05   0.0000000E+00   0.0000000E+00   0.0000000E+00   0.0000000E+00
   1.6110429E-01   8.4926101E+05   8.4926101E+05   5.5639176E+00   1.6973350E-01   2.6454251E+01   8.4609472E+05   8.4926101E+05   7.2980794E+05   0.0000000E+00   0.0000000E+00   0.0000000E+00   0.0000000E+00
   1.6649426E-01   8.0804451E+05   8.0804451E+05   5.0873584E+00   1.5126062E-01   2.3732203E+01   8.0503111E+05   8.0804451E+05   6.9438810E+05   0.0000000E+00   0.0000000E+00   0.0000000E+00   0.0000000E+00
   1.7206341E-01   7.7049879E+05   7.7049879E+05   4.4866736E+00   1.3507980E-01   2.1193008E+01   7.6762471E+05   7.7049879E+05   6.6212281E+05   0.0000000E+00   0.0000000E+00   0.0000000E+00   0.0000000E+00
   1.7781811E-01   7.3747834E+05   7.3747834E+05   4.1008745E+00   1.2106992E-01   1.9148569E+01   7.3472679E+05   7.3747834E+05   6.3374637E+05   0.0000000E+00   0.0000000E+00   0.0000000E+00   0.0000000E+00
   1.8376485E-01   7.0889848E+05   7.0889848E+05   3.6408793E+00   1.0896548E-01   1.7339476E+01   7.0625299E+05   7.0889848E+05   6.0918599E+05   0.0000000E+00   0.0000000E+00   0.0000000E+00   0.0000000E+00
   1.8991024E-01   6.8370664E+05   6.8370664E+05   3.2705625E+00   9.8391232E-02   1.5730487E+01   6.8115465E+05   6.8370664E+05   5.8753715E+05   0.0000000E+00   0.0000000E+00   0.0000000E+00   0.0000000E+00
   1.9626107E-01   6.6016461E+05   6.6016461E+05   2.9966173E+00   8.8944732E-02   1.4283328E+01   6.5770001E+05   6.6016461E+05   5.6730611E+05   0.0000000E+00   0.0000000E+00   0.0000000E+00   0.0000000E+00
   2.0282425E-01   6.3639419E+05   6.3639419E+05   2.6712729E+00   8.0278861E-02   1.2896120E+01   6.3401790E+05   6.3639419E+05   5.4687885E+05   0.0000000E+00   0.0000000E+00   0.0000000E+00   0.0000000E+00
   2.0960691E-01   6.1102504E+05   6.1102504E+05   2.4365198E+00   7.2175745E-02   1.1679046E+01   6.0874309E+05   6.1102504E+05   5.2507779E+05   0.0000000E+00   0.0000000E+00   0.0000000E+00   0.0000000E+00
   2.1661639E-01   5.8370553E+05   5.8370553E+05   2.1655760E+00   6.4571035E-02   1.0502187E+01   5.8152525E+05   5.8370553E+05   5.0160076E+05   0.0000000E+00   0.0000000E+00   0.0000000E+00   0.0000000E+00
   2.2386029E-01   5.5524463E+05   5.5524463E+05   1.9360236E+00   5.7527423E-02   9.3803637E+00   5.5317034E+05   5.5524463E+05   4.7714294E+05   0.0000000E+00   0.0000000E+00   0.0000000E+00   0.0000000E+00
   2.3134650E-01   5.2727220E+05   5.2727220E+05   1.7111019E+00   5.1164892E-02   8.3540743E+00   5.2530214E+05   5.2727220E+05   4.5310492E+05   0.0000000E+00   0.0000000E+00   0.0000000E+00   0.0000000E+00
   2.3908326E-01   5.0151108E+05   5.0151108E+05   1.5134474E+00   4.5574928E-02   7.4972919E+00   4.9963701E+05   5.0151108E+05   4.3096719E+05   0.0000000E+00   0.0000000E+00   0.0000000E+00   0.0000000E+00
   2.4707923E-01   4.7896575E+05   4.7896575E+05   1.3449380E+00   4.0756828E-02   6.7163758E+00   4.7717570E+05   4.7896575E+05   4.1159296E+05   0.0000000E+00   0.0000000E+00   0.0000000E+00   0.0000000E+00
   2.5534350E-01   4.5943101E+05   4.5943101E+05   1.2126112E+00   3.6602426E-02   6.0615731E+00   4.5771377E+05   4.5943101E+05   3.9480586E+05   0.0000000E+00   0.0000000E+00   0.0000000E+00   0.0000000E+00
   2.6388574E-01   4.4161611E+05   4.4161611E+05   1.1058972E+00   3.2938948E-02   5.4643129E+00   4.3996527E+05   4.4161611E+05   3.7949670E+05   0.0000000E+00   0.0000000E+00   0.0000000E+00   0.0000000E+00
   2.7271619E-01   4.2387181E+05   4.2387181E+05   9.8200751E-01   2.9599875E-02   4.9340939E+00   4.2228713E+05   4.2387181E+05   3.6424824E+05   0.0000000E+00   0.0000000E+00   0.0000000E+00   0.0000000E+00
   2.8184587E-01   4.0513937E+05   4.0513937E+05   8.7593890E-01   2.6490478E-02   4.4253621E+00   4.0362457E+05   4.0513937E+05   3.4815065E+05   0.0000000E+00   0.0000000E+00   0.0000000E+00   0.0000000E+00
   2.9128660E-01   3.8554519E+05   3.8554519E+05   7.8570811E-01   2.3605627E-02   3.9618758E+00   3.8410352E+05   3.8554519E+05   3.3131256E+05   0.0000000E+00   0.0000000E+00   0.0000000E+00   0.0000000E+00
   3.0105116E-01   3.6622767E+05   3.6622767E+05   6.9735621E-01   2.0995597E-02   3.5261214E+00   3.6485812E+05   3.6622767E+05   3.1471224E+05   0.0000000E+00   0.0000000E+00   0.0000000E+00   0.0000000E+00
   3.1115343E-01   3.4847501E+05   3.4847501E+05   6.2343223E-01   1.8703410E-02   3.1495064E+00   3.4717173E+05   3.4847501E+05   2.9945665E+05   0.0000000E+00   0.0000000E+00   0.0000000E+00   0.0000000E+00
   3.2160860E-01   3.3277299E+05   3.3277299E+05   5.5505642E-01   1.6718062E-02   2.8252518E+00   3.3152834E+05   3.3277299E+05   2.8596328E+05   0.0000000E+00   0.0000000E+00   0.0000000E+00   0.0000000E+00
   3.3243331E-01   3.1849218E+05   3.1849218E+05   5.0073065E-01   1.4974834E-02   2.5411105E+00   3.1730085E+05   3.1849218E+05   2.7369122E+05   0.0000000E+00   0.0000000E+00   0.0000000E+00   0.0000000E+00
   3.4364589E-01   3.0448274E+05   3.0448274E+05   4.4786496E-01   1.3396902E-02   2.2797000E+00   3.0334373E+05   3.0448274E+05   2.6165235E+05   0.0000000E+00   0.0000000E+00   0.0000000E+00   0.0000000E+00
   3.5526670E-01   2.9008003E+05   2.9008003E+05   3.9734332E-01   1.1942595E-02   2.0362140E+00   2.8899483E+05   2.9008003E+05   2.4927556E+05   0.0000000E+00   0.0000000E+00   0.0000000E+00   0.0000000E+00
   3.6731834E-01   2.7561429E+05   2.7561429E+05   3.5464973E-01   1.0615855E-02   1.8155184E+00   2.7458315E+05   2.7561429E+05   2.3684460E+05   0.0000000E+00   0.0000000E+00   0.0000000E+00   0.0000000E+00
   3.7982614E-01   2.6194282E+05   2.6194282E+05   3.1396201E-01   9.4364304E-03   1.6170987E+00   2.6096277E+05   2.6194282E+05   2.2509620E+05   0.0000000E+00   0.0000000E+00   0.0000000E+00   0.0000000E+00
   3.9281856E-01   2.4949436E+05   2.4949436E+05   2.8022957E-01   8.4032661E-03   1.4417035E+00   2.4856083E+05   2.4949436E+05   2.1439878E+05   0.0000000E+00   0.0000000E+00   0.0000000E+00   0.0000000E+00
   4.0632776E-01   2.3785789E+05   2.3785789E+05   2.4952770E-01   7.4872747E-03   1.2912009E+00   2.3696786E+05   2.3785789E+05   2.0439914E+05   0.0000000E+00   0.0000000E+00   0.0000000E+00   0.0000000E+00
   4.2039027E-01   2.2635647E+05   2.2635647E+05   2.2193181E-01   6.6566550E-03   1.1517813E+00   2.2550944E+05   2.2635647E+05   1.9451556E+05   0.0000000E+00   0.0000000E+00   0.0000000E+00   0.0000000E+00
   4.3504784E-01   2.1486909E+05   2.1486909E+05   1.9630370E-01   5.9006506E-03   1.0207079E+00   2.1406500E+05   2.1486909E+05   1.8464403E+05   0.0000000E+00   0.0000000E+00   0.0000000E+00   0.0000000E+00
   4.5034845E-01   2.0384498E+05   2.0384498E+05   1.7395613E-01   5.2242648E-03   9.0528062E-01   2.0308211E+05   2.0384498E+05   1.7517063E+05   0.0000000E+00   0.0000000E+00   0.0000000E+00   0.0000000E+00
   4.6634761E-01   1.9355475E+05   1.9355475E+05   1.5408609E-01   4.6259999E-03   8.0599413E-01   1.9283036E+05   1.9355475E+05   1.6632788E+05   0.0000000E+00   0.0000000E+00   0.0000000E+00   0.0000000E+00
   4.8310994E-01   1.8371538E+05   1.8371538E+05   1.3615959E-01   4.0914463E-03   7.1359696E-01   1.8302779E+05   1.8371538E+05   1.5787256E+05   0.0000000E+00   0.0000000E+00   0.0000000E+00   0.0000000E+00
   5.0071119E-01   1.7401615E+05   1.7401615E+05   1.1998318E-01   3.6078984E-03   6.3026079E-01   1.7336483E+05   1.7401615E+05   1.4953768E+05   0.0000000E+00   0.0000000E+00   0.0000000E+00   0.0000000E+00
   5.1924089E-01   1.6458653E+05   1.6458653E+05   1.0557066E-01   3.1733226E-03   5.5534471E-01   1.6397049E+05   1.6458653E+05   1.4143449E+05   0.0000000E+00   0.0000000E+00   0.0000000E+00   0.0000000E+00
   5.3880554E-01   1.5561318E+05   1.5561318E+05   9.2702364E-02   2.7863716E-03   4.8924864E-01   1.5503071E+05   1.5561318E+05   1.3372338E+05   0.0000000E+00   0.0000000E+00   0.0000000E+00   0.0000000E+00
   5.5953297E-01   1.4694444E+05   1.4694444E+05   8.1207241E-02   2.4398559E-03   4.2938059E-01   1.4639439E+05   1.4694444E+05   1.2627404E+05   0.0000000E+00   0.0000000E+00   0.0000000E+00   0.0000000E+00
   5.8157776E-01   1.3845135E+05   1.3845135E+05   7.0782818E-02   2.1279213E-03   3.7511265E-01   1.3793308E+05   1.3845135E+05   1.1897564E+05   0.0000000E+00   0.0000000E+00   0.0000000E+00   0.0000000E+00
   6.0512830E-01   1.3023529E+05   1.3023529E+05   6.1511442E-02   1.8489119E-03   3.2641842E-01   1.2974777E+05   1.3023529E+05   1.1191531E+05   0.0000000E+00   0.0000000E+00   0.0000000E+00   0.0000000E+00
   6.3041587E-01   1.2226892E+05   1.2226892E+05   5.3211009E-02   1.5993918E-03   2.8276734E-01   1.2181120E+05   1.2226892E+05   1.0506954E+05   0.0000000E+00   0.0000000E+00   0.0000000E+00   0.0000000E+00
   6.5772600E-01   1.1446514E+05   1.1446514E+05   4.5769120E-02   1.3755723E-03   2.4402055E-01   1.1403662E+05   1.1446514E+05   9.8363497E+04   0.0000000E+00   0.0000000E+00   0.0000000E+00   0.0000000E+00
   6.8741235E-01   1.0685817E+05   1.0685817E+05   3.9113669E-02   1.1756533E-03   2.0869809E-01   1.0645813E+05   1.0685817E+05   9.1826586E+04   0.0000000E+00   0.0000000E+00   0.0000000E+00   0.0000000E+00
   7.1991242E-01   9.9405497E+04   9.9405497E+04   3.3173864E-02   9.9716368E-04   1.7728125E-01   9.9033342E+04   9.9405497E+04   8.5422260E+04   0.0000000E+00   0.0000000E+00   0.0000000E+00   0.0000000E+00
   7.5576283E-01   9.2095404E+04   9.2095404E+04   2.7886978E-02   8.3827246E-04   1.4962042E-01   9.1750608E+04   9.2095404E+04   7.9140461E+04   0.0000000E+00   0.0000000E+00   0.0000000E+00   0.0000000E+00
   7.9560827E-01   8.4922131E+04   8.4922131E+04   2.3202950E-02   6.9750958E-04   1.2452825E-01   8.4604184E+04   8.4922131E+04   7.2976237E+04   0.0000000E+00   0.0000000E+00   0.0000000E+00   0.0000000E+00
   8.4019269E-01   7.7889649E+04   7.7889649E+04   1.9082031E-02   5.7365971E-04   1.0279208E-01   7.7598025E+04   7.7889649E+04   6.6933000E+04   0.0000000E+00   0.0000000E+00   0.0000000E+00   0.0000000E+00
   8.9031548E-01   7.1022210E+04   7.1022210E+04   1.5495418E-02   4.6584785E-04   8.3740787E-02   7.0756293E+04   7.1022210E+04   6.1031591E+04   0.0000000E+00   0.0000000E+00   0.0000000E+00   0.0000000E+00
   9.4673751E-01   6.4370553E+04   6.4370553E+04   1.2419887E-02   3.7339973E-04   6.7254806E-02   6.4129536E+04   6.4370553E+04   5.5315612E+04   0.0000000E+00   0.0000000E+00   0.0000000E+00   0.0000000E+00
   1.0100487E+00   5.8007417E+04   5.8007417E+04   9.8328518E-03   2.9563176E-04   5.3327661E-02   5.7790221E+04   5.8007417E+04   4.9847568E+04   0.0000000E+00   0.0000000E+00   0.0000000E+00   0.0000000E+00
   1.0805611E+00   5.2015130E+04   5.2015130E+04   7.7041419E-03   2.3162724E-04   4.1939540E-02   5.1820368E+04   5.2015130E+04   4.4698209E+04   0.0000000E+00   0.0000000E+00   0.0000000E+00   0.0000000E+00
   1.1583184E+00   4.6464976E+04   4.6464976E+04   5.9950601E-03   1.8006793E-04   3.2633811E-02   4.6290992E+04   4.6464976E+04   3.9928787E+04   0.0000000E+00   0.0000000E+00   0.0000000E+00   0.0000000E+00
   1.2432398E+00   4.1399423E+04   4.1399423E+04   4.6323285E-03   1.3927059E-04   2.5290617E-02   4.1244406E+04   4.1399423E+04   3.5575800E+04   0.0000000E+00   0.0000000E+00   0.0000000E+00   0.0000000E+00
   1.3353008E+00   3.6824967E+04   3.6824967E+04   3.5715629E-03   1.0739049E-04   1.9553087E-02   3.6687077E+04   3.6824967E+04   3.1644828E+04   0.0000000E+00   0.0000000E+00   0.0000000E+00   0.0000000E+00
   1.4346401E+00   3.2720966E+04   3.2720966E+04   2.7491461E-03   8.2666312E-05   1.5089159E-02   3.2598442E+04   3.2720966E+04   2.8118132E+04   0.0000000E+00   0.0000000E+00   0.0000000E+00   0.0000000E+00
   1.5415727E+00   2.9053180E+04   2.9053180E+04   2.1140399E-03   6.3571753E-05   1.1583329E-02   2.8944389E+04   2.9053180E+04   2.4966290E+04   0.0000000E+00   0.0000000E+00   0.0000000E+00   0.0000000E+00
   1.6565535E+00   2.5781401E+04   2.5781401E+04   1.6245672E-03   4.8854433E-05   8.9143325E-03   2.5684860E+04   2.5781401E+04   2.2154749E+04   0.0000000E+00   0.0000000E+00   0.0000000E+00   0.0000000E+00
   1.7801363E+00   2.2866472E+04   2.2866472E+04   1.2478130E-03   3.7524075E-05   6.8648912E-03   2.2780846E+04   2.2866472E+04   1.9649860E+04   0.0000000E+00   0.0000000E+00   0.0000000E+00   0.0000000E+00
   1.9129463E+00   2.0271358E+04   2.0271358E+04   9.5743659E-04   2.8807456E-05   5.2821571E-03   2.0195449E+04   2.0271358E+04   1.7419799E+04   0.0000000E+00   0.0000000E+00   0.0000000E+00   0.0000000E+00
   2.0556666E+00   1.7962597E+04   1.7962597E+04   7.3520120E-04   2.2105717E-05   4.0546204E-03   1.7895334E+04   1.7962597E+04   1.5435810E+04   0.0000000E+00   0.0000000E+00   0.0000000E+00   0.0000000E+00
   2.2090354E+00   1.5909718E+04   1.5909718E+04   5.6378012E-04   1.6955530E-05   3.1171801E-03   1.5850142E+04   1.5909718E+04   1.3671708E+04   0.0000000E+00   0.0000000E+00   0.0000000E+00   0.0000000E+00
   2.3738467E+00   1.4085447E+04   1.4085447E+04   4.3230959E-04   1.2999767E-05   2.3901012E-03   1.4032701E+04   1.4085447E+04   1.2104056E+04   0.0000000E+00   0.0000000E+00   0.0000000E+00   0.0000000E+00
   2.5509542E+00   1.2465193E+04   1.2465193E+04   3.3125210E-04   9.9627957E-06   1.8352337E-03   1.2418515E+04   1.2465193E+04   1.0711722E+04   0.0000000E+00   0.0000000E+00   0.0000000E+00   0.0000000E+00
   2.7412754E+00   1.1026887E+04   1.1026887E+04   2.5374271E-04   7.6323108E-06   1.4023633E-03   1.0985594E+04   1.1026887E+04   9.4757411E+03   0.0000000E+00   0.0000000E+00   0.0000000E+00   0.0000000E+00
   2.9457960E+00   9.7507483E+03   9.7507483E+03   1.9429781E-04   5.8447102E-06   1.0840173E-03   9.7142346E+03   9.7507483E+03   8.3791161E+03   0.0000000E+00   0.0000000E+00   0.0000000E+00   0.0000000E+00
   3.1655754E+00   8.6190482E+03   8.6190482E+03   1.4872352E-04   4.4741629E-06   8.2430956E-04   8.5867723E+03   8.6190482E+03   7.4066116E+03   0.0000000E+00   0.0000000E+00   0.0000000E+00   0.0000000E+00
   3.4017522E+00   7.6159122E+03   7.6159122E+03   1.1383011E-04   3.4237764E-06   6.3308671E-04   7.5873927E+03   7.6159122E+03   6.5445861E+03   0.0000000E+00   0.0000000E+00   0.0000000E+00   0.0000000E+00
   3.6555495E+00   6.7271414E+03   6.7271414E+03   8.7050667E-05   2.6190838E-06   4.8527578E-04   6.7019500E+03   6.7271414E+03   5.7808381E+03   0.0000000E+00   0.0000000E+00   0.0000000E+00   0.0000000E+00
   3.9282821E+00   5.9400455E+03   5.9400455E+03   6.6520004E-05   2.0028541E-06   3.7015708E-04   5.9178016E+03   5.9400455E+03   5.1044626E+03   0.0000000E+00   0.0000000E+00   0.0000000E+00   0.0000000E+00
   4.2213627E+00   5.2432913E+03   5.2432913E+03   5.0879064E-05   1.5311223E-06   2.8587487E-04   5.2236565E+03   5.2432913E+03   4.5057204E+03   0.0000000E+00   0.0000000E+00   0.0000000E+00   0.0000000E+00
   4.5363094E+00   4.6267648E+03   4.6267648E+03   3.8886626E-05   1.1701385E-06   2.1711567E-04   4.6094387E+03   4.6267648E+03   3.9759203E+03   0.0000000E+00   0.0000000E+00   0.0000000E+00   0.0000000E+00
   4.8747536E+00   4.0814468E+03   4.0814468E+03   2.9700728E-05   8.9399899E-07   1.6282892E-04   4.0661628E+03   4.0814468E+03   3.5073119E+03   0.0000000E+00   0.0000000E+00   0.0000000E+00   0.0000000E+00
   5.2384484E+00   3.5993001E+03   3.5993001E+03   2.2680117E-05   6.8283032E-07   1.2684116E-04   3.5858217E+03   3.5993001E+03   3.0929885E+03   0.0000000E+00   0.0000000E+00   0.0000000E+00   0.0000000E+00
   5.6292776E+00   3.1731670E+03   3.1731670E+03   1.7312452E-05   5.2139984E-07   9.5561444E-05   3.1612843E+03   3.1731670E+03   2.7267994E+03   0.0000000E+00   0.0000000E+00   0.0000000E+00   0.0000000E+00
   6.0492658E+00   2.7966774E+03   2.7966774E+03   1.3216237E-05   3.9803005E-07   7.2506895E-05   2.7862046E+03   2.7966774E+03   2.4032703E+03   0.0000000E+00   0.0000000E+00   0.0000000E+00   0.0000000E+00
   6.5005884E+00   2.4641654E+03   2.4641654E+03   1.0083520E-05   3.0377580E-07   5.6450797E-05   2.4549377E+03   2.4641654E+03   2.1175326E+03   0.0000000E+00   0.0000000E+00   0.0000000E+00   0.0000000E+00
   6.9855832E+00   2.1705945E+03   2.1705945E+03   7.6949723E-06   2.3178751E-07   4.3119967E-05   2.1624662E+03   2.1705945E+03   1.8652581E+03   0.0000000E+00   0.0000000E+00   0.0000000E+00   0.0000000E+00
   7.5067624E+00   1.9114904E+03   1.9114904E+03   5.8649793E-06   1.7681969E-07   3.2606572E-05   1.9043323E+03   1.9114904E+03   1.6426020E+03   0.0000000E+00   0.0000000E+00   0.0000000E+00   0.0000000E+00
   8.0668256E+00   1.6828801E+03   1.6828801E+03   4.4721047E-06   1.3485950E-07   2.4542223E-05   1.6765781E+03   1.6828801E+03   1.4461503E+03   0.0000000E+00   0.0000000E+00   0.0000000E+00   0.0000000E+00
   8.6686740E+00   1.4812380E+03   1.4812380E+03   3.4085911E-06   1.0283697E-07   1.9022838E-05   1.4756911E+03   1.4812380E+03   1.2728730E+03   0.0000000E+00   0.0000000E+00   0.0000000E+00   0.0000000E+00
   9.3154249E+00   1.3034367E+03   1.3034367E+03   2.5980452E-06   7.8404473E-08   1.3992462E-05   1.2985557E+03   1.3034367E+03   1.1200830E+03   0.0000000E+00   0.0000000E+00   0.0000000E+00   0.0000000E+00
   1.0010429E+01   1.1467037E+03   1.1467037E+03   1.9787746E-06   5.9767228E-08   1.0840215E-05   1.1424095E+03   1.1467037E+03   9.8539746E+02   0.0000000E+00   0.0000000E+00   0.0000000E+00   0.0000000E+00
