#           k/h    CDM            baryon         photon         nu             mass_nu        total          no_nu          total_de       Weyl           v_CDM          v_b            v_b-v_c     
   1.0579619E-05   2.0193625E+07   2.0193625E+07   2.6913532E+07   4.2617699E+05   7.8222488E+06   2.0193655E+07   2.0193625E+07   9.9624815E+06   0.0000000E+00   0.0000000E+00   0.0000000E+00   0.0000000E+00
   1.1368941E-05   2.0193614E+07   2.0193614E+07   2.6911768E+07   4.2616986E+05   7.8220883E+06   2.0193644E+07   2.0193614E+07   9.9624762E+06   0.0000000E+00   0.0000000E+00   0.0000000E+00   0.0000000E+00
   1.2217153E-05   2.0193601E+07   2.0193601E+07   2.6909732E+07   4.2616161E+05   7.8219029E+06   2.0193631E+07   2.0193601E+07   9.9624701E+06   0.0000000E+00   0.0000000E+00   0.0000000E+00   0.0000000E+00
   1.3128649E-05   2.0193587E+07   2.0193587E+07   2.6907381E+07   4.2615210E+05   7.8216888E+06   2.0193616E+07   2.0193587E+07   9.9624631E+06   0.0000000E+00   0.0000000E+00   0.0000000E+00   0.0000000E+00
   1.4108149E-05   2.0193570E+07   2.0193570E+07   2.6904666E+07   4.2614111E+05   7.8214415E+06   2.0193599E+07   2.0193570E+07   9.9624550E+06   0.0000000E+00   0.0000000E+00   0.0000000E+00   0.0000000E+00
   1.5160727E-05   2.0193551E+07   2.0193551E+07   2.6901531E+07   4.2612842E+05   7.8211560E+06   2.0193579E+07   2.0193551E+07   9.9624456E+06   0.0000000E+00   0.0000000E+00   0.0000000E+00   0.0000000E+00
   1.6291836E-05   2.0193528E+07   2.0193528E+07   2.6897912E+07   4.2611377E+05   7.8208264E+06   2.0193556E+07   2.0193528E+07   9.9624347E+06   0.0000000E+00   0.0000000E+00   0.0000000E+00   0.0000000E+00
   1.7507334E-05   2.0193502E+07   2.0193502E+07   2.6893732E+07   4.2609684E+05   7.8204457E+06   2.0193530E+07   2.0193502E+07   9.9624222E+06   0.0000000E+00   0.0000000E+00   0.0000000E+00   0.0000000E+00
   1.8813518E-05   2.0193472E+07   2.0193472E+07   2.6888907E+07   4.2607731E+05   7.8200062E+06   2.0193499E+07   2.0193472E+07   9.9624078E+06   0.0000000E+00   0.0000000E+00   0.0000000E+00   0.0000000E+00
   2.0217154E-05   2.0193438E+07   2.0193438E+07   2.6883336E+07   4.2605474E+05   7.8194987E+06   2.0193464E+07   2.0193438E+07   9.9623911E+06   0.0000000E+00   0.0000000E+00   0.0000000E+00   0.0000000E+00
   2.1725512E-05   2.0193398E+07   2.0193398E+07   2.6876904E+07   4.2602869E+05   7.8189127E+06   2.0193424E+07   2.0193398E+07   9.9623718E+06   0.0000000E+00   0.0000000E+00   0.0000000E+00   0.0000000E+00
   2.3346405E-05   2.0193352E+07   2.0193352E+07   2.6869478E+07   4.2599861E+05   7.8182360E+06   2.0193377E+07   2.0193352E+07   9.9623496E+06   0.0000000E+00   0.0000000E+00   0.0000000E+00   0.0000000E+00
   2.5088230E-05   2.0193299E+07   2.0193299E+07   2.6860905E+07   4.2596388E+05   7.8174547E+06   2.0193323E+07   2.0193299E+07   9.9623239E+06   0.0000000E+00   0.0000000E+00   0.0000000E+00   0.0000000E+00
   2.6960008E-05   2.0193238E+07   2.0193238E+07   2.6851008E+07   4.2592378E+05   7.8165526E+06   2.0193260E+07   2.0193238E+07   9.9622942E+06   0.0000000E+00   0.0000000E+00   0.0000000E+00   0.0000000E+00
   2.8971436E-05   2.0193167E+07   2.0193167E+07   2.6839584E+07   4.2587747E+05   7.8155111E+06   2.0193188E+07   2.0193167E+07   9.9622599E+06   0.0000000E+00   0.0000000E+00   0.0000000E+00   0.0000000E+00
   3.1132932E-05   2.0193085E+07   2.0193085E+07   2.6826397E+07   4.2582401E+05   7.8143086E+06   2.0193105E+07   2.0193085E+07   9.9622204E+06   0.0000000E+00   0.0000000E+00   0.0000000E+00   0.0000000E+00
   3.3455692E-05   2.0192991E+07   2.0192991E+07   2.6811177E+07   4.2576229E+05   7.8129203E+06   2.0193008E+07   2.0192991E+07   9.9621747E+06   0.0000000E+00   0.0000000E+00   0.0000000E+00   0.0000000E+00
   3.5951749E-05   2.0192882E+07   2.0192882E+07   2.6793611E+07   4.2569103E+05   7.8113175E+06   2.0192897E+07   2.0192882E+07   9.9621220E+06   0.0000000E+00   0.0000000E+00   0.0000000E+00   0.0000000E+00
   3.8634031E-05   2.0192756E+07   2.0192756E+07   2.6773339E+07   4.2560876E+05   7.8094673E+06   2.0192769E+07   2.0192756E+07   9.9620611E+06   0.0000000E+00   0.0000000E+00   0.0000000E+00   0.0000000E+00
   4.1516432E-05   2.0192611E+07   2.0192611E+07   2.6749948E+07   4.2551378E+05   7.8073314E+06   2.0192621E+07   2.0192611E+07   9.9619909E+06   0.0000000E+00   0.0000000E+00   0.0000000E+00   0.0000000E+00
   4.4613883E-05   2.0192443E+07   2.0192443E+07   2.6722961E+07   4.2540414E+05   7.8048659E+06   2.0192450E+07   2.0192443E+07   9.9619097E+06   0.0000000E+00   0.0000000E+00   0.0000000E+00   0.0000000E+00
   4.7942428E-05   2.0192250E+07   2.0192250E+07   2.6691828E+07   4.2527759E+05   7.8020201E+06   2.0192252E+07   2.0192250E+07   9.9618161E+06   0.0000000E+00   0.0000000E+00   0.0000000E+00   0.0000000E+00
   5.1519308E-05   2.0192026E+07   2.0192026E+07   2.6655919E+07   4.2513151E+05   7.7987357E+06   2.0192025E+07   2.0192026E+07   9.9617079E+06   0.0000000E+00   0.0000000E+00   0.0000000E+00   0.0000000E+00
   5.5363052E-05   2.0191768E+07   2.0191768E+07   2.6614508E+07   4.2496291E+05   7.7949452E+06   2.0191761E+07   2.0191768E+07   9.9615831E+06   0.0000000E+00   0.0000000E+00   0.0000000E+00   0.0000000E+00
   5.9493569E-05   2.0191470E+07   2.0191470E+07   2.6566763E+07   4.2476834E+05   7.7905713E+06   2.0191458E+07   2.0191470E+07   9.9614391E+06   0.0000000E+00   0.0000000E+00   0.0000000E+00   0.0000000E+00
   6.3932255E-05   2.0191127E+07   2.0191127E+07   2.6511729E+07   4.2454382E+05   7.7855246E+06   2.0191107E+07   2.0191127E+07   9.9612728E+06   0.0000000E+00   0.0000000E+00   0.0000000E+00   0.0000000E+00
   6.8702102E-05   2.0190730E+07   2.0190730E+07   2.6448310E+07   4.2428475E+05   7.7797025E+06   2.0190703E+07   2.0190730E+07   9.9610810E+06   0.0000000E+00   0.0000000E+00   0.0000000E+00   0.0000000E+00
   7.3827816E-05   2.0190272E+07   2.0190272E+07   2.6375253E+07   4.2398588E+05   7.7729867E+06   2.0190236E+07   2.0190272E+07   9.9608596E+06   0.0000000E+00   0.0000000E+00   0.0000000E+00   0.0000000E+00
   7.9335949E-05   2.0189744E+07   2.0189744E+07   2.6291124E+07   4.2364112E+05   7.7652415E+06   2.0189697E+07   2.0189744E+07   9.9606042E+06   0.0000000E+00   0.0000000E+00   0.0000000E+00   0.0000000E+00
   8.5255032E-05   2.0189135E+07   2.0189135E+07   2.6194289E+07   4.2324351E+05   7.7563108E+06   2.0189076E+07   2.0189135E+07   9.9603095E+06   0.0000000E+00   0.0000000E+00   0.0000000E+00   0.0000000E+00
   9.1615725E-05   2.0188432E+07   2.0188432E+07   2.6082885E+07   4.2278503E+05   7.7460155E+06   2.0188359E+07   2.0188432E+07   9.9599696E+06   0.0000000E+00   0.0000000E+00   0.0000000E+00   0.0000000E+00
   9.8450975E-05   2.0187621E+07   2.0187621E+07   2.5954793E+07   4.2225648E+05   7.7341504E+06   2.0187532E+07   2.0187621E+07   9.9595776E+06   0.0000000E+00   0.0000000E+00   0.0000000E+00   0.0000000E+00
   1.0579619E-04   2.0186686E+07   2.0186686E+07   2.5807614E+07   4.2164733E+05   7.7204803E+06   2.0186578E+07   2.0186686E+07   9.9591256E+06   0.0000000E+00   0.0000000E+00   0.0000000E+00   0.0000000E+00
   1.1368941E-04   2.0185608E+07   2.0185608E+07   2.5638634E+07   4.2094548E+05   7.7047362E+06   2.0185479E+07   2.0185608E+07   9.9586046E+06   0.0000000E+00   0.0000000E+00   0.0000000E+00   0.0000000E+00
   1.2217153E-04   2.0184365E+07   2.0184365E+07   2.5444801E+07   4.2013711E+05   7.6866108E+06   2.0184211E+07   2.0184365E+07   9.9580042E+06   0.0000000E+00   0.0000000E+00   0.0000000E+00   0.0000000E+00
   1.3128649E-04   2.0182933E+07   2.0182933E+07   2.5222688E+07   4.1920643E+05   7.6657539E+06   2.0182750E+07   2.0182933E+07   9.9573124E+06   0.0000000E+00   0.0000000E+00   0.0000000E+00   0.0000000E+00
   1.4108149E-04   2.0181283E+07   2.0181283E+07   2.4968478E+07   4.1813543E+05   7.6417670E+06   2.0181068E+07   2.0181283E+07   9.9565158E+06   0.0000000E+00   0.0000000E+00   0.0000000E+00   0.0000000E+00
   1.5160727E-04   2.0179383E+07   2.0179383E+07   2.4677938E+07   4.1690363E+05   7.6141975E+06   2.0179130E+07   2.0179383E+07   9.9555987E+06   0.0000000E+00   0.0000000E+00   0.0000000E+00   0.0000000E+00
   1.6291836E-04   2.0177195E+07   2.0177195E+07   2.4346411E+07   4.1548776E+05   7.5825337E+06   2.0176899E+07   2.0177195E+07   9.9545435E+06   0.0000000E+00   0.0000000E+00   0.0000000E+00   0.0000000E+00
   1.7507334E-04   2.0174679E+07   2.0174679E+07   2.3968822E+07   4.1386146E+05   7.5461977E+06   2.0174332E+07   2.0174679E+07   9.9533299E+06   0.0000000E+00   0.0000000E+00   0.0000000E+00   0.0000000E+00
   1.8813518E-04   2.0171785E+07   2.0171785E+07   2.3539703E+07   4.1199500E+05   7.5045406E+06   2.0171380E+07   2.0171785E+07   9.9519353E+06   0.0000000E+00   0.0000000E+00   0.0000000E+00   0.0000000E+00
   2.0217154E-04   2.0168460E+07   2.0168460E+07   2.3053246E+07   4.0985496E+05   7.4568363E+06   2.0167988E+07   2.0168460E+07   9.9503336E+06   0.0000000E+00   0.0000000E+00   0.0000000E+00   0.0000000E+00
   2.1725512E-04   2.0164641E+07   2.0164641E+07   2.2503395E+07   4.0740391E+05   7.4022771E+06   2.0164092E+07   2.0164641E+07   9.9484956E+06   0.0000000E+00   0.0000000E+00   0.0000000E+00   0.0000000E+00
   2.3346405E-04   2.0160260E+07   2.0160260E+07   2.1883989E+07   4.0460018E+05   7.3399702E+06   2.0159622E+07   2.0160260E+07   9.9463886E+06   0.0000000E+00   0.0000000E+00   0.0000000E+00   0.0000000E+00
   2.5088230E-04   2.0155238E+07   2.0155238E+07   2.1188969E+07   4.0139768E+05   7.2689367E+06   2.0154498E+07   2.0155238E+07   9.9439758E+06   0.0000000E+00   0.0000000E+00   0.0000000E+00   0.0000000E+00
   2.6960008E-04   2.0149488E+07   2.0149488E+07   2.0412666E+07   3.9774579E+05   7.1881131E+06   2.0148631E+07   2.0149488E+07   9.9412163E+06   0.0000000E+00   0.0000000E+00   0.0000000E+00   0.0000000E+00
   2.8971436E-04   2.0142913E+07   2.0142913E+07   1.9550182E+07   3.9358944E+05   7.0963576E+06   2.0141921E+07   2.0142913E+07   9.9380646E+06   0.0000000E+00   0.0000000E+00   0.0000000E+00   0.0000000E+00
   3.1132932E-04   2.0135405E+07   2.0135405E+07   1.8597886E+07   3.8886936E+05   6.9924618E+06   2.0134258E+07   2.0135405E+07   9.9344710E+06   0.0000000E+00   0.0000000E+00   0.0000000E+00   0.0000000E+00
   3.3455692E-04   2.0126846E+07   2.0126846E+07   1.7554033E+07   3.8352266E+05   6.8751701E+06   2.0125522E+07   2.0126846E+07   9.9303810E+06   0.0000000E+00   0.0000000E+00   0.0000000E+00   0.0000000E+00
   3.5951749E-04   2.0117107E+07   2.0117107E+07   1.6419501E+07   3.7748373E+05   6.7432081E+06   2.0115580E+07   2.0117107E+07   9.9257359E+06   0.0000000E+00   0.0000000E+00   0.0000000E+00   0.0000000E+00
   3.8634031E-04   2.0106050E+07   2.0106050E+07   1.5198644E+07   3.7068563E+05   6.5953236E+06   2.0104290E+07   2.0106050E+07   9.9204728E+06   0.0000000E+00   0.0000000E+00   0.0000000E+00   0.0000000E+00
   4.1516432E-04   2.0093526E+07   2.0093526E+07   1.3900206E+07   3.6306205E+05   6.4303399E+06   2.0091500E+07   2.0093526E+07   9.9145253E+06   0.0000000E+00   0.0000000E+00   0.0000000E+00   0.0000000E+00
   4.4613883E-04   2.0079378E+07   2.0079378E+07   1.2538229E+07   3.5454990E+05   6.2472254E+06   2.0077049E+07   2.0079378E+07   9.9078245E+06   0.0000000E+00   0.0000000E+00   0.0000000E+00   0.0000000E+00
   4.7942428E-04   2.0063445E+07   2.0063445E+07   1.1132826E+07   3.4509271E+05   6.0451790E+06   2.0060771E+07   2.0063445E+07   9.9003002E+06   0.0000000E+00   0.0000000E+00   0.0000000E+00   0.0000000E+00
   5.1519308E-04   2.0045562E+07   2.0045562E+07   9.7106119E+06   3.3464474E+05   5.8237315E+06   2.0042495E+07   2.0045562E+07   9.8918821E+06   0.0000000E+00   0.0000000E+00   0.0000000E+00   0.0000000E+00
   5.5363052E-04   2.0025565E+07   2.0025565E+07   8.3045654E+06   3.2317594E+05   5.5828590E+06   2.0022052E+07   2.0025565E+07   9.8825021E+06   0.0000000E+00   0.0000000E+00   0.0000000E+00   0.0000000E+00
   5.9493569E-04   2.0003296E+07   2.0003296E+07   6.9529847E+06   3.1067743E+05   5.3231032E+06   1.9999279E+07   2.0003296E+07   9.8720960E+06   0.0000000E+00   0.0000000E+00   0.0000000E+00   0.0000000E+00
   6.3932255E-04   1.9978607E+07   1.9978607E+07   5.6972379E+06   2.9716731E+05   5.0456874E+06   1.9974022E+07   1.9978607E+07   9.8606054E+06   0.0000000E+00   0.0000000E+00   0.0000000E+00   0.0000000E+00
   6.8702102E-04   1.9951365E+07   1.9951365E+07   4.5780598E+06   2.8269633E+05   4.7526130E+06   1.9946142E+07   1.9951365E+07   9.8479796E+06   0.0000000E+00   0.0000000E+00   0.0000000E+00   0.0000000E+00
   7.3827816E-04   1.9921458E+07   1.9921458E+07   3.6303786E+06   2.6735255E+05   4.4467154E+06   1.9915521E+07   1.9921458E+07   9.8341766E+06   0.0000000E+00   0.0000000E+00   0.0000000E+00   0.0000000E+00
   7.9335949E-04   1.9888796E+07   1.9888796E+07   2.8770750E+06   2.5126427E+05   4.1316579E+06   1.9882064E+07   1.9888796E+07   9.8191625E+06   0.0000000E+00   0.0000000E+00   0.0000000E+00   0.0000000E+00
   8.5255032E-04   1.9853312E+07   1.9853312E+07   2.3227090E+06   2.3460001E+05   3.8118372E+06   1.9845699E+07   1.9853312E+07   9.8029101E+06   0.0000000E+00   0.0000000E+00   0.0000000E+00   0.0000000E+00
   9.1615725E-04   1.9814960E+07   1.9814960E+07   1.9490047E+06   2.1756475E+05   3.4921862E+06   1.9806377E+07   1.9814960E+07   9.7853947E+06   0.0000000E+00   0.0000000E+00   0.0000000E+00   0.0000000E+00
   9.8450975E-04   1.9773709E+07   1.9773709E+07   1.7144859E+06   2.0039162E+05   3.1778704E+06   1.9764065E+07   1.9773709E+07   9.7665884E+06   0.0000000E+00   0.0000000E+00   0.0000000E+00   0.0000000E+00
   1.0579619E-03   1.9729528E+07   1.9729528E+07   1.5606136E+06   1.8332937E+05   2.8738974E+06   1.9718733E+07   1.9729528E+07   9.7464525E+06   0.0000000E+00   0.0000000E+00   0.0000000E+00   0.0000000E+00
   1.1368941E-03   1.9682377E+07   1.9682377E+07   1.4254013E+06   1.6662646E+05   2.5846894E+06   1.9670340E+07   1.9682377E+07   9.7249296E+06   0.0000000E+00   0.0000000E+00   0.0000000E+00   0.0000000E+00
   1.2217153E-03   1.9632185E+07   1.9632185E+07   1.2623250E+06   1.5051388E+05   2.3136934E+06   1.9618823E+07   1.9632185E+07   9.7019370E+06   0.0000000E+00   0.0000000E+00   0.0000000E+00   0.0000000E+00
   1.3128649E-03   1.9578836E+07   1.9578836E+07   1.0578176E+06   1.3518968E+05   2.0631159E+06   1.9564073E+07   1.9578836E+07   9.6773632E+06   0.0000000E+00   0.0000000E+00   0.0000000E+00   0.0000000E+00
   1.4108149E-03   1.9522161E+07   1.9522161E+07   8.3700409E+05   1.2080758E+05   1.8338605E+06   1.9505931E+07   1.9522161E+07   9.6510682E+06   0.0000000E+00   0.0000000E+00   0.0000000E+00   0.0000000E+00
   1.5160727E-03   1.9461926E+07   1.9461926E+07   6.4880274E+05   1.0747138E+05   1.6256993E+06   1.9444175E+07   1.9461926E+07   9.6228883E+06   0.0000000E+00   0.0000000E+00   0.0000000E+00   0.0000000E+00
   1.6291836E-03   1.9397835E+07   1.9397835E+07   5.3209249E+05   9.5234924E+04   1.4376445E+06   1.9378523E+07   1.9397835E+07   9.5926425E+06   0.0000000E+00   0.0000000E+00   0.0000000E+00   0.0000000E+00
   1.7507334E-03   1.9329536E+07   1.9329536E+07   4.8247667E+05   8.4106391E+04   1.2684082E+06   1.9308636E+07   1.9329536E+07   9.5601371E+06   0.0000000E+00   0.0000000E+00   0.0000000E+00   0.0000000E+00
   1.8813518E-03   1.9256624E+07   1.9256624E+07   4.5052362E+05   7.4056092E+04   1.1167785E+06   1.9234121E+07   1.9256624E+07   9.5251676E+06   0.0000000E+00   0.0000000E+00   0.0000000E+00   0.0000000E+00
   2.0217154E-03   1.9178658E+07   1.9178658E+07   3.8563511E+05   6.5028067E+04   9.8173082E+05   1.9154545E+07   1.9178658E+07   9.4875176E+06   0.0000000E+00   0.0000000E+00   0.0000000E+00   0.0000000E+00
   2.1725512E-03   1.9095171E+07   1.9095171E+07   2.9090024E+05   5.6954621E+04   8.6221075E+05   1.9069444E+07   1.9095171E+07   9.4469593E+06   0.0000000E+00   0.0000000E+00   0.0000000E+00   0.0000000E+00
   2.3346405E-03   1.9005681E+07   1.9005681E+07   2.1996135E+05   4.9768261E+04   7.5680417E+05   1.8978333E+07   1.9005681E+07   9.4032567E+06   0.0000000E+00   0.0000000E+00   0.0000000E+00   0.0000000E+00
   2.5088230E-03   1.8909689E+07   1.8909689E+07   2.0092869E+05   4.3403248E+04   6.6377051E+05   1.8880712E+07   1.8909689E+07   9.3561678E+06   0.0000000E+00   0.0000000E+00   0.0000000E+00   0.0000000E+00
   2.6960008E-03   1.8806681E+07   1.8806681E+07   1.9048207E+05   3.7788253E+04   5.8161345E+05   1.8776059E+07   1.8806681E+07   9.3054448E+06   0.0000000E+00   0.0000000E+00   0.0000000E+00   0.0000000E+00
   2.8971436E-03   1.8696123E+07   1.8696123E+07   1.4957299E+05   3.2845448E+04   5.0944036E+05   1.8663836E+07   1.8696123E+07   9.2508330E+06   0.0000000E+00   0.0000000E+00   0.0000000E+00   0.0000000E+00
   3.1132932E-03   1.8577475E+07   1.8577475E+07   1.1477034E+05   2.8502954E+04   4.4634106E+05   1.8543504E+07   1.8577475E+07   9.1920754E+06   0.0000000E+00   0.0000000E+00   0.0000000E+00   0.0000000E+00
   3.3455692E-03   1.8450195E+07   1.8450195E+07   1.0839553E+05   2.4700301E+04   3.9092863E+05   1.8414525E+07   1.8450195E+07   9.1289172E+06   0.0000000E+00   0.0000000E+00   0.0000000E+00   0.0000000E+00
   3.5951749E-03   1.8313737E+07   1.8313737E+07   8.8206235E+04   2.1377607E+04   3.4226475E+05   1.8276361E+07   1.8313737E+07   9.0611026E+06   0.0000000E+00   0.0000000E+00   0.0000000E+00   0.0000000E+00
   3.8634031E-03   1.8167554E+07   1.8167554E+07   6.8567352E+04   1.8476974E+04   2.9985964E+05   1.8128473E+07   1.8167554E+07   8.9883746E+06   0.0000000E+00   0.0000000E+00   0.0000000E+00   0.0000000E+00
   4.1516432E-03   1.8011107E+07   1.8011107E+07   6.7295238E+04   1.5951401E+04   2.6260061E+05   1.7970333E+07   1.8011107E+07   8.9104813E+06   0.0000000E+00   0.0000000E+00   0.0000000E+00   0.0000000E+00
   4.4613883E-03   1.7843862E+07   1.7843862E+07   4.8392759E+04   1.3754760E+04   2.2999837E+05   1.7801426E+07   1.7843862E+07   8.8271769E+06   0.0000000E+00   0.0000000E+00   0.0000000E+00   0.0000000E+00
   4.7942428E-03   1.7665301E+07   1.7665301E+07   4.5214911E+04   1.1846067E+04   2.0159484E+05   1.7621264E+07   1.7665301E+07   8.7382269E+06   0.0000000E+00   0.0000000E+00   0.0000000E+00   0.0000000E+00
   5.1519308E-03   1.7474935E+07   1.7474935E+07   3.5891732E+04   1.0191144E+04   1.7660308E+05   1.7429379E+07   1.7474935E+07   8.6434070E+06   0.0000000E+00   0.0000000E+00   0.0000000E+00   0.0000000E+00
   5.5363052E-03   1.7272294E+07   1.7272294E+07   3.2029731E+04   8.7570157E+03   1.5486999E+05   1.7225303E+07   1.7272294E+07   8.5424914E+06   0.0000000E+00   0.0000000E+00   0.0000000E+00   0.0000000E+00
   5.9493569E-03   1.7056920E+07   1.7056920E+07   2.4280528E+04   7.5165034E+03   1.3573125E+05   1.7008562E+07   1.7056920E+07   8.4352518E+06   0.0000000E+00   0.0000000E+00   0.0000000E+00   0.0000000E+00
   6.3932255E-03   1.6828366E+07   1.6828366E+07   2.3635421E+04   6.4438992E+03   1.1897923E+05   1.6778715E+07   1.6828366E+07   8.3214738E+06   0.0000000E+00   0.0000000E+00   0.0000000E+00   0.0000000E+00
   6.8702102E-03   1.6586191E+07   1.6586191E+07   1.7428655E+04   5.5174101E+03   1.0432171E+05   1.6535362E+07   1.6586191E+07   8.2009644E+06   0.0000000E+00   0.0000000E+00   0.0000000E+00   0.0000000E+00
   7.3827816E-03   1.6329986E+07   1.6329986E+07   1.4856130E+04   4.7183857E+03   9.1403787E+04   1.6278122E+07   1.6329986E+07   8.0735383E+06   0.0000000E+00   0.0000000E+00   0.0000000E+00   0.0000000E+00
   7.9335949E-03   1.6059377E+07   1.6059377E+07   1.3636324E+04   4.0298239E+03   8.0108540E+04   1.6006608E+07   1.6059377E+07   7.9390077E+06   0.0000000E+00   0.0000000E+00   0.0000000E+00   0.0000000E+00
   8.5255032E-03   1.5774011E+07   1.5774011E+07   1.1589836E+04   3.4369879E+03   7.0192343E+04   1.5720469E+07   1.5774011E+07   7.7972013E+06   0.0000000E+00   0.0000000E+00   0.0000000E+00   0.0000000E+00
   9.1615725E-03   1.5473549E+07   1.5473549E+07   9.1298546E+03   2.9271575E+03   6.1464530E+04   1.5419389E+07   1.5473549E+07   7.6479652E+06   0.0000000E+00   0.0000000E+00   0.0000000E+00   0.0000000E+00
   9.8450975E-03   1.5157673E+07   1.5157673E+07   7.4098951E+03   2.4892061E+03   5.3775452E+04   1.5103058E+07   1.5157673E+07   7.4911485E+06   0.0000000E+00   0.0000000E+00   0.0000000E+00   0.0000000E+00
   1.0579619E-02   1.4826099E+07   1.4826099E+07   6.2378714E+03   2.1133953E+03   4.7009522E+04   1.4771193E+07   1.4826099E+07   7.3266127E+06   0.0000000E+00   0.0000000E+00   0.0000000E+00   0.0000000E+00
   1.1368941E-02   1.4478578E+07   1.4478578E+07   5.3325012E+03   1.7912484E+03   4.1048481E+04   1.4423551E+07   1.4478578E+07   7.1542393E+06   0.0000000E+00   0.0000000E+00   0.0000000E+00   0.0000000E+00
   1.2217153E-02   1.4114898E+07   1.4114898E+07   4.6878269E+03   1.5154484E+03   3.5797580E+04   1.4059938E+07   1.4114898E+07   6.9739330E+06   0.0000000E+00   0.0000000E+00   0.0000000E+00   0.0000000E+00
   1.3128649E-02   1.3734906E+07   1.3734906E+07   3.9069857E+03   1.2796416E+03   3.1156953E+04   1.3680187E+07   1.3734906E+07   6.7856135E+06   0.0000000E+00   0.0000000E+00   0.0000000E+00   0.0000000E+00
   1.4108149E-02   1.3338524E+07   1.3338524E+07   2.9512073E+03   1.0782511E+03   2.7086978E+04   1.3284235E+07   1.3338524E+07   6.5892499E+06   0.0000000E+00   0.0000000E+00   0.0000000E+00   0.0000000E+00
   1.5160727E-02   1.2925771E+07   1.2925771E+07   2.6763370E+03   9.0653134E+02   2.3505405E+04   1.2872097E+07   1.2925771E+07   6.3848508E+06   0.0000000E+00   0.0000000E+00   0.0000000E+00   0.0000000E+00
   1.6291836E-02   1.2496812E+07   1.2496812E+07   2.0966544E+03   7.6033179E+02   2.0338004E+04   1.2443939E+07   1.2496812E+07   6.1724996E+06   0.0000000E+00   0.0000000E+00   0.0000000E+00   0.0000000E+00
   1.7507334E-02   1.2051992E+07   1.2051992E+07   1.8394239E+03   6.3606890E+02   1.7561835E+04   1.2000103E+07   1.2051992E+07   5.9523669E+06   0.0000000E+00   0.0000000E+00   0.0000000E+00   0.0000000E+00
   1.8813518E-02   1.1591911E+07   1.1591911E+07   1.4566833E+03   5.3064282E+02   1.5121530E+04   1.1541186E+07   1.1591911E+07   5.7247497E+06   0.0000000E+00   0.0000000E+00   0.0000000E+00   0.0000000E+00
   2.0217154E-02   1.1117490E+07   1.1117490E+07   1.1894316E+03   4.4139064E+02   1.2975661E+04   1.1068101E+07   1.1117490E+07   5.4901006E+06   0.0000000E+00   0.0000000E+00   0.0000000E+00   0.0000000E+00
   2.1725510E-02   1.0630066E+07   1.0630066E+07   9.7294878E+02   3.6600569E+02   1.1098994E+04   1.0582177E+07   1.0630066E+07   5.2490803E+06   0.0000000E+00   0.0000000E+00   0.0000000E+00   0.0000000E+00
   2.3346393E-02   1.0131491E+07   1.0131491E+07   7.9272822E+02   3.0249961E+02   9.4625911E+03   1.0085254E+07   1.0131491E+07   5.0026012E+06   0.0000000E+00   0.0000000E+00   0.0000000E+00   0.0000000E+00
   2.5088160E-02   9.6242395E+06   9.6242395E+06   7.0577908E+02   2.4916445E+02   8.0342016E+03   9.5797889E+06   9.6242395E+06   4.7518828E+06   0.0000000E+00   0.0000000E+00   0.0000000E+00   0.0000000E+00
   2.6959679E-02   9.1115280E+06   9.1115280E+06   5.2029232E+02   2.0452855E+02   6.7947694E+03   9.0689787E+06   9.1115280E+06   4.4985112E+06   0.0000000E+00   0.0000000E+00   0.0000000E+00   0.0000000E+00
   2.8970082E-02   8.5974417E+06   8.5974417E+06   4.5016397E+02   1.6732649E+02   5.7228542E+03   8.5568836E+06   8.5974417E+06   4.2445006E+06   0.0000000E+00   0.0000000E+00   0.0000000E+00   0.0000000E+00
   3.1128038E-02   8.0870899E+06   8.0870899E+06   3.7309270E+02   1.3647493E+02   4.8043633E+03   8.0485823E+06   8.0870899E+06   3.9923707E+06   0.0000000E+00   0.0000000E+00   0.0000000E+00   0.0000000E+00
   3.3440030E-02   7.5867809E+06   7.5867809E+06   2.8790598E+02   1.1105192E+02   4.0208575E+03   7.5503467E+06   7.5867809E+06   3.7452324E+06   0.0000000E+00   0.0000000E+00   0.0000000E+00   0.0000000E+00
   3.5907072E-02   7.1041307E+06   7.1041307E+06   2.2852777E+02   9.0272568E+01   3.3616409E+03   7.0697488E+06   7.1041307E+06   3.5068422E+06   0.0000000E+00   0.0000000E+00   0.0000000E+00   0.0000000E+00
   3.8519949E-02   6.6478381E+06   6.6478381E+06   1.9723979E+02   7.3465848E+01   2.8063284E+03   6.6154386E+06   6.6478381E+06   3.2814908E+06   0.0000000E+00   0.0000000E+00   0.0000000E+00   0.0000000E+00
   4.1254947E-02   6.2267069E+06   6.2267069E+06   1.6497514E+02   6.0036461E+01   2.3533601E+03   6.1961694E+06   6.2267069E+06   3.0735204E+06   0.0000000E+00   0.0000000E+00   0.0000000E+00   0.0000000E+00
   4.4074248E-02   5.8477525E+06   5.8477525E+06   1.2578358E+02   4.9433632E+01   1.9841615E+03   5.8189147E+06   5.8477525E+06   2.8863901E+06   0.0000000E+00   0.0000000E+00   0.0000000E+00   0.0000000E+00
   4.6934020E-02   5.5141271E+06   5.5141271E+06   9.9882179E+01   4.1130441E+01   1.6866875E+03   5.4868033E+06   5.5141271E+06   2.7216521E+06   0.0000000E+00   0.0000000E+00   0.0000000E+00   0.0000000E+00
   4.9796642E-02   5.2242720E+06   5.2242720E+06   8.4246845E+01   3.4634788E+01   1.4481967E+03   5.1982761E+06   5.2242720E+06   2.5785331E+06   0.0000000E+00   0.0000000E+00   0.0000000E+00   0.0000000E+00
   5.2638932E-02   4.9728924E+06   4.9728924E+06   7.5480219E+01   2.9517199E+01   1.2565287E+03   4.9480574E+06   4.9728924E+06   2.4544163E+06   0.0000000E+00   0.0000000E+00   0.0000000E+00   0.0000000E+00
   5.5452623E-02   4.7528620E+06   4.7528620E+06   6.7170726E+01   2.5430776E+01   1.1011789E+03   4.7290509E+06   4.7528620E+06   2.3457817E+06   0.0000000E+00   0.0000000E+00   0.0000000E+00   0.0000000E+00
   5.8240074E-02   4.5568635E+06   4.5568635E+06   5.5959498E+01   2.2111617E+01   9.7239683E+02   4.5339711E+06   4.5568635E+06   2.2490155E+06   0.0000000E+00   0.0000000E+00   0.0000000E+00   0.0000000E+00
   6.1009449E-02   4.3783132E+06   4.3783132E+06   4.8985754E+01   1.9366220E+01   8.6331772E+02   4.3562639E+06   4.3783132E+06   2.1608666E+06   0.0000000E+00   0.0000000E+00   0.0000000E+00   0.0000000E+00
   6.3771304E-02   4.2117198E+06   4.2117198E+06   4.5613998E+01   1.7055393E+01   7.7049490E+02   4.1904630E+06   4.2117198E+06   2.0786236E+06   0.0000000E+00   0.0000000E+00   0.0000000E+00   0.0000000E+00
   6.6536665E-02   4.0527464E+06   4.0527464E+06   3.9288339E+01   1.5079671E+01   6.9017361E+02   4.0322517E+06   4.0527464E+06   2.0001452E+06   0.0000000E+00   0.0000000E+00   0.0000000E+00   0.0000000E+00
   6.9316130E-02   3.8981585E+06   3.8981585E+06   3.2260545E+01   1.3367822E+01   6.1879662E+02   3.8784104E+06   3.8981585E+06   1.9238345E+06   0.0000000E+00   0.0000000E+00   0.0000000E+00   0.0000000E+00
   7.2119530E-02   3.7457422E+06   3.7457422E+06   2.8798078E+01   1.1868635E+01   5.5498340E+02   3.7267352E+06   3.7457422E+06   1.8485983E+06   0.0000000E+00   0.0000000E+00   0.0000000E+00   0.0000000E+00
   7.4955870E-02   3.5942187E+06   3.5942187E+06   2.7193698E+01   1.0545221E+01   4.9815051E+02   3.5759533E+06   3.5942187E+06   1.7738051E+06   0.0000000E+00   0.0000000E+00   0.0000000E+00   0.0000000E+00
   7.7833394E-02   3.4431587E+06   3.4431587E+06   2.5073589E+01   9.3708270E+00   4.4721357E+02   3.4256369E+06   3.4431587E+06   1.6992427E+06   0.0000000E+00   0.0000000E+00   0.0000000E+00   0.0000000E+00
   8.0759687E-02   3.2928844E+06   3.2928844E+06   2.2437004E+01   8.3258072E+00   4.0120863E+02   3.2761059E+06   3.2928844E+06   1.6250699E+06   0.0000000E+00   0.0000000E+00   0.0000000E+00   0.0000000E+00
   8.3741797E-02   3.1443519E+06   3.1443519E+06   1.9726484E+01   7.3955151E+00   3.5961497E+02   3.1283112E+06   3.1443519E+06   1.5517584E+06   0.0000000E+00   0.0000000E+00   0.0000000E+00   0.0000000E+00
   8.6786330E-02   2.9990041E+06   2.9990041E+06   1.6806302E+01   6.5686425E+00   3.2214684E+02   2.9836879E+06   2.9990041E+06   1.4800200E+06   0.0000000E+00   0.0000000E+00   0.0000000E+00   0.0000000E+00
   8.9899555E-02   2.8585906E+06   2.8585906E+06   1.4094525E+01   5.8359582E+00   2.8880207E+02   2.8439765E+06   2.8585906E+06   1.4107180E+06   0.0000000E+00   0.0000000E+00   0.0000000E+00   0.0000000E+00
   9.3087471E-02   2.7249583E+06   2.7249583E+06   1.3013347E+01   5.1894636E+00   2.5912690E+02   2.7110139E+06   2.7249583E+06   1.3447637E+06   0.0000000E+00   0.0000000E+00   0.0000000E+00   0.0000000E+00
   9.6355883E-02   2.5998195E+06   2.5998195E+06   1.1885522E+01   4.6216341E+00   2.3254579E+02   2.5865034E+06   2.5998195E+06   1.2830020E+06   0.0000000E+00   0.0000000E+00   0.0000000E+00   0.0000000E+00
   9.9710448E-02   2.4845169E+06   2.4845169E+06   1.0078469E+01   4.1250347E+00   2.0909164E+02   2.4717805E+06   2.4845169E+06   1.2260952E+06   0.0000000E+00   0.0000000E+00   0.0000000E+00   0.0000000E+00
   1.0315672E-01   2.3798072E+06   2.3798072E+06   9.7562508E+00   3.6920227E+00   1.8856081E+02   2.3675978E+06   2.3798072E+06   1.1744167E+06   0.0000000E+00   0.0000000E+00   0.0000000E+00   0.0000000E+00
   1.0670020E-01   2.2856947E+06   2.2856947E+06   8.7006070E+00   3.3147430E+00   1.7070015E+02   2.2739593E+06   2.2856947E+06   1.1279686E+06   0.0000000E+00   0.0000000E+00   0.0000000E+00   0.0000000E+00
   1.1034633E-01   2.2013446E+06   2.2013446E+06   7.7066427E+00   2.9851958E+00   1.5487541E+02   2.1900343E+06   2.2013446E+06   1.0863387E+06   0.0000000E+00   0.0000000E+00   0.0000000E+00   0.0000000E+00
   1.1410056E-01   2.1251054E+06   2.1251054E+06   7.1068667E+00   2.6954992E+00   1.4078190E+02   2.1141795E+06   2.1251054E+06   1.0487119E+06   0.0000000E+00   0.0000000E+00   0.0000000E+00   0.0000000E+00
   1.1796834E-01   2.0546575E+06   2.0546575E+06   6.3249463E+00   2.4382229E+00   1.2805997E+02   2.0440871E+06   2.0546575E+06   1.0139435E+06   0.0000000E+00   0.0000000E+00   0.0000000E+00   0.0000000E+00
   1.2195514E-01   1.9872909E+06   1.9872909E+06   5.2792966E+00   2.2067605E+00   1.1679577E+02   1.9770610E+06   1.9872909E+06   9.8069609E+05   0.0000000E+00   0.0000000E+00   0.0000000E+00   0.0000000E+00
   1.2606647E-01   1.9202880E+06   1.9202880E+06   5.1734281E+00   1.9956786E+00   1.0621965E+02   1.9103973E+06   1.9202880E+06   9.4762847E+05   0.0000000E+00   0.0000000E+00   0.0000000E+00   0.0000000E+00
   1.3030788E-01   1.8513616E+06   1.8513616E+06   4.5974877E+00   1.8009611E+00   9.6564726E+01   1.8418209E+06   1.8513616E+06   9.1361204E+05   0.0000000E+00   0.0000000E+00   0.0000000E+00   0.0000000E+00
   1.3468496E-01   1.7790745E+06   1.7790745E+06   3.9991263E+00   1.6201075E+00   8.7373708E+01   1.7699016E+06   1.7790745E+06   8.7793740E+05   0.0000000E+00   0.0000000E+00   0.0000000E+00   0.0000000E+00
   1.3920337E-01   1.7031458E+06   1.7031458E+06   3.5157285E+00   1.4520327E+00   7.8798888E+01   1.6943603E+06   1.7031458E+06   8.4046609E+05   0.0000000E+00   0.0000000E+00   0.0000000E+00   0.0000000E+00
   1.4386885E-01   1.6245584E+06   1.6245584E+06   3.3773636E+00   1.2967734E+00   7.0793678E+01   1.6161745E+06   1.6245584E+06   8.0168305E+05   0.0000000E+00   0.0000000E+00   0.0000000E+00   0.0000000E+00
   1.4868718E-01   1.5454002E+06   1.5454002E+06   2.7684129E+00   1.1550349E+00   6.3371880E+01   1.5374214E+06   1.5454002E+06   7.6261856E+05   0.0000000E+00   0.0000000E+00   0.0000000E+00   0.0000000E+00
   1.5366423E-01   1.4684297E+06   1.4684297E+06   2.6087068E+00   1.0276526E+00   5.6668174E+01   1.4608453E+06   1.4684297E+06   7.2463396E+05   0.0000000E+00   0.0000000E+00   0.0000000E+00   0.0000000E+00
   1.5880595E-01   1.3964286E+06   1.3964286E+06   2.3340782E+00   9.1507626E-01   5.0739279E+01   1.3892133E+06   1.3964286E+06   6.8910183E+05   0.0000000E+00   0.0000000E+00   0.0000000E+00   0.0000000E+00
   1.6411836E-01   1.3314779E+06   1.3314779E+06   1.9902873E+00   8.1699443E-01   4.5551352E+01   1.3245957E+06   1.3314779E+06   6.5704911E+05   0.0000000E+00   0.0000000E+00   0.0000000E+00   0.0000000E+00
   1.6960761E-01   1.2743555E+06   1.2743555E+06   1.8286679E+00   7.3218392E-01   4.1080230E+01   1.2677663E+06   1.2743555E+06   6.2885961E+05   0.0000000E+00   0.0000000E+00   0.0000000E+00   0.0000000E+00
   1.7527991E-01   1.2242561E+06   1.2242561E+06   1.6673604E+00   6.5863287E-01   3.7110573E+01   1.2179239E+06   1.2242561E+06   6.0413591E+05   0.0000000E+00   0.0000000E+00   0.0000000E+00   0.0000000E+00
   1.8114163E-01   1.1789743E+06   1.1789743E+06   1.5265796E+00   5.9390188E-01   3.3629102E+01   1.1728745E+06   1.1789743E+06   5.8178971E+05   0.0000000E+00   0.0000000E+00   0.0000000E+00   0.0000000E+00
   1.8719925E-01   1.1355584E+06   1.1355584E+06   1.3177604E+00   5.3562374E-01   3.0469612E+01   1.1296815E+06   1.1355584E+06   5.6036438E+05   0.0000000E+00   0.0000000E+00   0.0000000E+00   0.0000000E+00
   1.9345940E-01   1.0912685E+06   1.0912685E+06   1.2180065E+00   4.8197504E-01   2.7588028E+01   1.0856193E+06   1.0912685E+06   5.3850789E+05   0.0000000E+00   0.0000000E+00   0.0000000E+00   0.0000000E+00
   1.9992889E-01   1.0445222E+06   1.0445222E+06   1.0504609E+00   4.3197367E-01   2.4833162E+01   1.0391136E+06   1.0445222E+06   5.1543932E+05   0.0000000E+00   0.0000000E+00   0.0000000E+00   0.0000000E+00
   2.0661472E-01   9.9545279E+05   9.9545279E+05   9.4662881E-01   3.8548775E-01   2.2258608E+01   9.9029706E+05   9.9545279E+05   4.9122448E+05   0.0000000E+00   0.0000000E+00   0.0000000E+00   0.0000000E+00
   2.1352415E-01   9.4580599E+05   9.4580599E+05   8.4756694E-01   3.4296024E-01   1.9892485E+01   9.4090627E+05   9.4580599E+05   4.6672480E+05   0.0000000E+00   0.0000000E+00   0.0000000E+00   0.0000000E+00
   2.2066466E-01   8.9814965E+05   8.9814965E+05   7.4801875E-01   3.0495849E-01   1.7747860E+01   8.9349582E+05   8.9814965E+05   4.4320744E+05   0.0000000E+00   0.0000000E+00   0.0000000E+00   0.0000000E+00
   2.2804409E-01   8.5469494E+05   8.5469494E+05   6.6579989E-01   2.7173672E-01   1.5881731E+01   8.5026538E+05   8.5469494E+05   4.2176353E+05   0.0000000E+00   0.0000000E+00   0.0000000E+00   0.0000000E+00
   2.3567062E-01   8.1626415E+05   8.1626415E+05   6.0235051E-01   2.4299987E-01   1.4277016E+01   8.1203295E+05   8.1626415E+05   4.0279881E+05   0.0000000E+00   0.0000000E+00   0.0000000E+00   0.0000000E+00
   2.4355286E-01   7.8193909E+05   7.8193909E+05   5.3679198E-01   2.1796177E-01   1.2844087E+01   7.7788508E+05   7.8193909E+05   3.8586019E+05   0.0000000E+00   0.0000000E+00   0.0000000E+00   0.0000000E+00
   2.5169991E-01   7.4961941E+05   7.4961941E+05   4.9152382E-01   1.9564802E-01   1.1576584E+01   7.4573230E+05   7.4961941E+05   3.6991121E+05   0.0000000E+00   0.0000000E+00   0.0000000E+00   0.0000000E+00
   2.6012141E-01   7.1722335E+05   7.1722335E+05   4.2826224E-01   1.7527172E-01   1.0411661E+01   7.1350363E+05   7.1722335E+05   3.5392458E+05   0.0000000E+00   0.0000000E+00   0.0000000E+00   0.0000000E+00
   2.6882769E-01   6.8384812E+05   6.8384812E+05   3.8571518E-01   1.5647082E-01   9.3247646E+00   6.8030096E+05   6.8384812E+05   3.3745481E+05   0.0000000E+00   0.0000000E+00   0.0000000E+00   0.0000000E+00
   2.7782983E-01   6.5016879E+05   6.5016879E+05   3.4150102E-01   1.3928507E-01   8.3363295E+00   6.4679584E+05   6.5016879E+05   3.2083502E+05   0.0000000E+00   0.0000000E+00   0.0000000E+00   0.0000000E+00
   2.8713975E-01   6.1780382E+05   6.1780382E+05   3.0931091E-01   1.2391201E-01   7.4433222E+00   6.1459834E+05   6.1780382E+05   3.0486385E+05   0.0000000E+00   0.0000000E+00   0.0000000E+00   0.0000000E+00
   2.9677040E-01   5.8807929E+05   5.8807929E+05   2.7707323E-01   1.1042151E-01   6.6566011E+00   5.8502766E+05   5.8807929E+05   2.9019568E+05   0.0000000E+00   0.0000000E+00   0.0000000E+00   0.0000000E+00
   3.0673590E-01   5.6109004E+05   5.6109004E+05   2.4266615E-01   9.8620926E-02   5.9627469E+00   5.5817810E+05   5.6109004E+05   2.7687730E+05   0.0000000E+00   0.0000000E+00   0.0000000E+00   0.0000000E+00
   3.1705167E-01   5.3576572E+05   5.3576572E+05   2.1733545E-01   8.8142586E-02   5.3458461E+00   5.3298490E+05   5.3576572E+05   2.6438052E+05   0.0000000E+00   0.0000000E+00   0.0000000E+00   0.0000000E+00
   3.2773472E-01   5.1085570E+05   5.1085570E+05   1.9450822E-01   7.8655874E-02   4.7874513E+00   5.0820389E+05   5.1085570E+05   2.5208821E+05   0.0000000E+00   0.0000000E+00   0.0000000E+00   0.0000000E+00
   3.3880382E-01   4.8595981E+05   4.8595981E+05   1.7263673E-01   7.0014880E-02   4.2757106E+00   4.8343697E+05   4.8595981E+05   2.3980290E+05   0.0000000E+00   0.0000000E+00   0.0000000E+00   0.0000000E+00
   3.5027984E-01   4.6168625E+05   4.6168625E+05   1.5513050E-01   6.2231767E-02   3.8065362E+00   4.5928920E+05   4.6168625E+05   2.2782470E+05   0.0000000E+00   0.0000000E+00   0.0000000E+00   0.0000000E+00
   3.6218605E-01   4.3885098E+05   4.3885098E+05   1.3754817E-01   5.5329345E-02   3.3972848E+00   4.3657228E+05   4.3885098E+05   2.1655625E+05   0.0000000E+00   0.0000000E+00   0.0000000E+00   0.0000000E+00
   3.7454857E-01   4.1759053E+05   4.1759053E+05   1.2204357E-01   4.9231349E-02   3.0317659E+00   4.1542204E+05   4.1759053E+05   2.0606494E+05   0.0000000E+00   0.0000000E+00   0.0000000E+00   0.0000000E+00
   3.8739685E-01   3.9732199E+05   3.9732199E+05   1.0888777E-01   4.3786764E-02   2.7062345E+00   3.9525859E+05   3.9732199E+05   1.9606311E+05   0.0000000E+00   0.0000000E+00   0.0000000E+00   0.0000000E+00
   4.0076425E-01   3.7749930E+05   3.7749930E+05   9.6536906E-02   3.8873724E-02   2.4092288E+00   3.7553870E+05   3.7749930E+05   1.8628130E+05   0.0000000E+00   0.0000000E+00   0.0000000E+00   0.0000000E+00
   4.1468881E-01   3.5818587E+05   3.5818587E+05   8.5613892E-02   3.4449991E-02   2.1403334E+00   3.5632545E+05   3.5818587E+05   1.7675081E+05   0.0000000E+00   0.0000000E+00   0.0000000E+00   0.0000000E+00
   4.2921411E-01   3.3976531E+05   3.3976531E+05   7.5450252E-02   3.0504319E-02   1.9006900E+00   3.3800045E+05   3.3976531E+05   1.6766092E+05   0.0000000E+00   0.0000000E+00   0.0000000E+00   0.0000000E+00
   4.4439043E-01   3.2230164E+05   3.2230164E+05   6.6938669E-02   2.6994011E-02   1.6858001E+00   3.2062739E+05   3.2230164E+05   1.5904323E+05   0.0000000E+00   0.0000000E+00   0.0000000E+00   0.0000000E+00
   4.6027613E-01   3.0549065E+05   3.0549065E+05   5.9052103E-02   2.3850602E-02   1.4937519E+00   3.0390362E+05   3.0549065E+05   1.5074761E+05   0.0000000E+00   0.0000000E+00   0.0000000E+00   0.0000000E+00
   4.7693942E-01   2.8916019E+05   2.8916019E+05   5.2119184E-02   2.1025936E-02   1.3199094E+00   2.8765792E+05   2.8916019E+05   1.4268913E+05   0.0000000E+00   0.0000000E+00   0.0000000E+00   0.0000000E+00
   4.9446058E-01   2.7343033E+05   2.7343033E+05   4.5794192E-02   1.8498223E-02   1.1643594E+00   2.7200970E+05   2.7343033E+05   1.3492703E+05   0.0000000E+00   0.0000000E+00   0.0000000E+00   0.0000000E+00
   5.1293487E-01   2.5834895E+05   2.5834895E+05   4.0230723E-02   1.6241758E-02   1.0248354E+00   2.5700661E+05   2.5834895E+05   1.2748493E+05   0.0000000E+00   0.0000000E+00   0.0000000E+00   0.0000000E+00
   5.3247615E-01   2.4376906E+05   2.4376906E+05   3.5220415E-02   1.4221082E-02   8.9938604E-01   2.4250241E+05   2.4376906E+05   1.2029031E+05   0.0000000E+00   0.0000000E+00   0.0000000E+00   0.0000000E+00
   5.5322162E-01   2.2962593E+05   2.2962593E+05   3.0736611E-02   1.2410255E-02   7.8666274E-01   2.2843271E+05   2.2962593E+05   1.1331121E+05   0.0000000E+00   0.0000000E+00   0.0000000E+00   0.0000000E+00
   5.7533793E-01   2.1595057E+05   2.1595057E+05   2.6716080E-02   1.0791209E-02   6.8567799E-01   2.1482836E+05   2.1595057E+05   1.0656294E+05   0.0000000E+00   0.0000000E+00   0.0000000E+00   0.0000000E+00
   5.9902904E-01   2.0268274E+05   2.0268274E+05   2.3135170E-02   9.3429887E-03   5.9529389E-01   2.0162944E+05   2.0268274E+05   1.0001578E+05   0.0000000E+00   0.0000000E+00   0.0000000E+00   0.0000000E+00
   6.2454614E-01   1.8976380E+05   1.8976380E+05   1.9926360E-02   8.0473415E-03   5.1369789E-01   1.8877760E+05   1.8976380E+05   9.3640781E+04   0.0000000E+00   0.0000000E+00   0.0000000E+00   0.0000000E+00
   6.5220004E-01   1.7718094E+05   1.7718094E+05   1.7057760E-02   6.8901193E-03   4.4082483E-01   1.7626009E+05   1.7718094E+05   8.7431628E+04   0.0000000E+00   0.0000000E+00   0.0000000E+00   0.0000000E+00
   6.8237573E-01   1.6488809E+05   1.6488809E+05   1.4498593E-02   5.8575515E-03   3.7584949E-01   1.6403110E+05   1.6488809E+05   8.1365589E+04   0.0000000E+00   0.0000000E+00   0.0000000E+00   0.0000000E+00
   7.1554778E-01   1.5286042E+05   1.5286042E+05   1.2221374E-02   4.9384973E-03   3.1761428E-01   1.5206591E+05   1.5286042E+05   7.5430406E+04   0.0000000E+00   0.0000000E+00   0.0000000E+00   0.0000000E+00
   7.5229278E-01   1.4107908E+05   1.4107908E+05   1.0203635E-02   4.1235279E-03   2.6584544E-01   1.4034578E+05   1.4107908E+05   6.9616782E+04   0.0000000E+00   0.0000000E+00   0.0000000E+00   0.0000000E+00
   7.9329039E-01   1.2954248E+05   1.2954248E+05   8.4259960E-03   3.4051045E-03   2.2006854E-01   1.2886912E+05   1.2954248E+05   6.3923928E+04   0.0000000E+00   0.0000000E+00   0.0000000E+00   0.0000000E+00
   8.3929844E-01   1.1827367E+05   1.1827367E+05   6.9027409E-03   2.7774133E-03   1.7993974E-01   1.1765887E+05   1.1827367E+05   5.8363220E+04   0.0000000E+00   0.0000000E+00   0.0000000E+00   0.0000000E+00
   8.9108477E-01   1.0733302E+05   1.0733302E+05   5.5320503E-03   2.2360589E-03   1.4522712E-01   1.0677508E+05   1.0733302E+05   5.2964450E+04   0.0000000E+00   0.0000000E+00   0.0000000E+00   0.0000000E+00
   9.4931151E-01   9.6821602E+04   9.6821602E+04   4.3958580E-03   1.7772368E-03   1.1571142E-01   9.6318282E+04   9.6821602E+04   4.7777488E+04   0.0000000E+00   0.0000000E+00   0.0000000E+00   0.0000000E+00
   1.0144095E+00   8.6870060E+04   8.6870060E+04   3.4532561E-03   1.3964858E-03   9.1152772E-02   8.6418461E+04   8.6870060E+04   4.2866805E+04   0.0000000E+00   0.0000000E+00   0.0000000E+00   0.0000000E+00
   1.0865278E+00   7.7604563E+04   7.7604563E+04   2.6885819E-03   1.0874281E-03   7.1155839E-02   7.7201122E+04   7.7604563E+04   3.8294658E+04   0.0000000E+00   0.0000000E+00   0.0000000E+00   0.0000000E+00
   1.1656198E+00   6.9111436E+04   6.9111436E+04   2.0807106E-03   8.4146018E-04   5.5200846E-02   6.8752140E+04   6.9111436E+04   3.4103645E+04   0.0000000E+00   0.0000000E+00   0.0000000E+00   0.0000000E+00
   1.2516186E+00   6.1423647E+04   6.1423647E+04   1.6036874E-03   6.4862136E-04   4.2639341E-02   6.1104312E+04   6.1423647E+04   3.0310035E+04   0.0000000E+00   0.0000000E+00   0.0000000E+00   0.0000000E+00
   1.3445807E+00   5.4523414E+04   5.4523414E+04   1.2333386E-03   4.9889719E-04   3.2851780E-02   5.4239948E+04   5.4523414E+04   2.6905053E+04   0.0000000E+00   0.0000000E+00   0.0000000E+00   0.0000000E+00
   1.4447368E+00   4.8358411E+04   4.8358411E+04   9.4729142E-04   3.8326422E-04   2.5298795E-02   4.8106993E+04   4.8358411E+04   2.3862877E+04   0.0000000E+00   0.0000000E+00   0.0000000E+00   0.0000000E+00
   1.5524716E+00   4.2865323E+04   4.2865323E+04   7.2708974E-04   2.9421487E-04   1.9453315E-02   4.2642461E+04   4.2865323E+04   2.1152263E+04   0.0000000E+00   0.0000000E+00   0.0000000E+00   0.0000000E+00
   1.6682823E+00   3.7977472E+04   3.7977472E+04   5.5795646E-04   2.2573302E-04   1.4946300E-02   3.7780020E+04   3.7977472E+04   1.8740310E+04   0.0000000E+00   0.0000000E+00   0.0000000E+00   0.0000000E+00
   1.7927452E+00   3.3631795E+04   3.3631795E+04   4.2777547E-04   1.7311036E-04   1.1485203E-02   3.3456936E+04   3.3631795E+04   1.6595898E+04   0.0000000E+00   0.0000000E+00   0.0000000E+00   0.0000000E+00
   1.9264971E+00   2.9770769E+04   2.9770769E+04   3.2786251E-04   1.3269846E-04   8.8205114E-03   2.9615983E+04   2.9770769E+04   1.4690641E+04   0.0000000E+00   0.0000000E+00   0.0000000E+00   0.0000000E+00
   2.0702287E+00   2.6342170E+04   2.6342170E+04   2.5119931E-04   1.0167874E-04   6.7604908E-03   2.6205210E+04   2.6342170E+04   1.2998769E+04   0.0000000E+00   0.0000000E+00   0.0000000E+00   0.0000000E+00
   2.2246840E+00   2.3299160E+04   2.3299160E+04   1.9238932E-04   7.7879203E-05   5.1871113E-03   2.3178020E+04   2.3299160E+04   1.1497169E+04   0.0000000E+00   0.0000000E+00   0.0000000E+00   0.0000000E+00
   2.3906628E+00   2.0599787E+04   2.0599787E+04   1.4718232E-04   5.9627555E-05   3.9800035E-03   2.0492681E+04   2.0599787E+04   1.0165140E+04   0.0000000E+00   0.0000000E+00   0.0000000E+00   0.0000000E+00
   2.5690250E+00   1.8206341E+04   1.8206341E+04   1.1274714E-04   4.5636312E-05   3.0479245E-03   1.8111679E+04   1.8206341E+04   8.9840737E+03   0.0000000E+00   0.0000000E+00   0.0000000E+00   0.0000000E+00
   2.7606943E+00   1.6085170E+04   1.6085170E+04   8.6255375E-05   3.4915421E-05   2.3339992E-03   1.6001536E+04   1.6085170E+04   7.9373635E+03   0.0000000E+00   0.0000000E+00   0.0000000E+00   0.0000000E+00
   2.9666638E+00   1.4206152E+04   1.4206152E+04   6.5962564E-05   2.6703763E-05   1.7885405E-03   1.4132288E+04   1.4206152E+04   7.0101460E+03   0.0000000E+00   0.0000000E+00   0.0000000E+00   0.0000000E+00
   3.1880001E+00   1.2542365E+04   1.2542365E+04   5.0429260E-05   2.0416466E-05   1.3670414E-03   1.2477152E+04   1.2542365E+04   6.1891364E+03   0.0000000E+00   0.0000000E+00   0.0000000E+00   0.0000000E+00
   3.4258499E+00   1.1069780E+04   1.1069780E+04   3.8540802E-05   1.5604351E-05   1.0468628E-03   1.1012223E+04   1.1069780E+04   5.4624764E+03   0.0000000E+00   0.0000000E+00   0.0000000E+00   0.0000000E+00
   3.6814451E+00   9.7669562E+03   9.7669562E+03   2.9423586E-05   1.1922646E-05   7.9929495E-04   9.7161732E+03   9.7669562E+03   4.8195871E+03   0.0000000E+00   0.0000000E+00   0.0000000E+00   0.0000000E+00
   3.9561097E+00   8.6147815E+03   8.6147815E+03   2.2493262E-05   9.1067865E-06   6.1091373E-04   8.5699892E+03   8.6147815E+03   4.2510368E+03   0.0000000E+00   0.0000000E+00   0.0000000E+00   0.0000000E+00
   4.2512665E+00   7.5962269E+03   7.5962269E+03   1.7178879E-05   6.9538817E-06   4.6790238E-04   7.5567304E+03   7.5962269E+03   3.7484223E+03   0.0000000E+00   0.0000000E+00   0.0000000E+00   0.0000000E+00
   4.5684442E+00   6.6961307E+03   6.6961307E+03   1.3110314E-05   5.3083955E-06   3.5683370E-04   6.6613143E+03   6.6961307E+03   3.3042623E+03   0.0000000E+00   0.0000000E+00   0.0000000E+00   0.0000000E+00
   4.9092859E+00   5.9010029E+03   5.9010029E+03   9.9981952E-06   4.0511329E-06   2.7278836E-04   5.8703207E+03   5.9010029E+03   2.9118997E+03   0.0000000E+00   0.0000000E+00   0.0000000E+00   0.0000000E+00
   5.2755571E+00   5.1988474E+03   5.1988474E+03   7.6334454E-06   3.0908002E-06   2.0820544E-04   5.1718160E+03   5.1988474E+03   2.5654151E+03   0.0000000E+00   0.0000000E+00   0.0000000E+00   0.0000000E+00
   5.6691549E+00   4.5790032E+03   4.5790032E+03   5.8213176E-06   2.3574900E-06   1.5931097E-04   4.5551946E+03   4.5790032E+03   2.2595477E+03   0.0000000E+00   0.0000000E+00   0.0000000E+00   0.0000000E+00
   6.0921183E+00   4.0320010E+03   4.0320010E+03   4.4379149E-06   1.7976998E-06   1.2098047E-04   4.0110366E+03   4.0320010E+03   1.9896249E+03   0.0000000E+00   0.0000000E+00   0.0000000E+00   0.0000000E+00
   6.5466380E+00   3.5494346E+03   3.5494346E+03   3.3840731E-06   1.3704901E-06   9.2272211E-05   3.5309792E+03   3.5494346E+03   1.7514984E+03   0.0000000E+00   0.0000000E+00   0.0000000E+00   0.0000000E+00
   7.0350684E+00   3.1238452E+03   3.1238452E+03   2.5792303E-06   1.0445505E-06   7.0473573E-05   3.1076027E+03   3.1238452E+03   1.5414877E+03   0.0000000E+00   0.0000000E+00   0.0000000E+00   0.0000000E+00
   7.5599396E+00   2.7486182E+03   2.7486182E+03   1.9664794E-06   7.9594183E-07   5.3346520E-05   2.7343267E+03   2.7486182E+03   1.3563288E+03   0.0000000E+00   0.0000000E+00   0.0000000E+00   0.0000000E+00
   8.1239703E+00   2.4178904E+03   2.4178904E+03   1.4971173E-06   6.0636539E-07   4.0762817E-05   2.4053185E+03   2.4178904E+03   1.1931284E+03   0.0000000E+00   0.0000000E+00   0.0000000E+00   0.0000000E+00
   8.7300821E+00   2.1264671E+03   2.1264671E+03   1.1402042E-06   4.6184073E-07   3.1053234E-05   2.1154105E+03   2.1264671E+03   1.0493231E+03   0.0000000E+00   0.0000000E+00   0.0000000E+00   0.0000000E+00
   9.3814145E+00   1.8697479E+03   1.8697479E+03   8.6823192E-07   3.5168830E-07   2.3711976E-05   1.8600261E+03   1.8697479E+03   9.2264287E+02   0.0000000E+00   0.0000000E+00   0.0000000E+00   0.0000000E+00
   1.0081341E+01   1.6436607E+03   1.6436607E+03   6.6121113E-07   2.6775325E-07   1.8015163E-05   1.6351144E+03   1.6436607E+03   8.1107822E+02   0.0000000E+00   0.0000000E+00   0.0000000E+00   0.0000000E+00
