#           k/h    CDM            baryon         photon         nu             mass_nu        total          no_nu          total_de       Weyl           v_CDM          v_b            v_b-v_c     
   9.8353445E-06   1.1118488E+07   1.1118488E+07   1.4820764E+07   5.5526651E+04   7.4353228E+05   1.1118561E+07   1.1118488E+07   8.7997120E+06   0.0000000E+00   0.0000000E+00   0.0000000E+00   0.0000000E+00
   1.0569138E-05   1.1118486E+07   1.1118486E+07   1.4820159E+07   5.5525896E+04   7.4352208E+05   1.1118558E+07   1.1118486E+07   8.7997098E+06   0.0000000E+00   0.0000000E+00   0.0000000E+00   0.0000000E+00
   1.1357679E-05   1.1118482E+07   1.1118482E+07   1.4819460E+07   5.5525025E+04   7.4351030E+05   1.1118554E+07   1.1118482E+07   8.7997072E+06   0.0000000E+00   0.0000000E+00   0.0000000E+00   0.0000000E+00
   1.2205050E-05   1.1118479E+07   1.1118479E+07   1.4818653E+07   5.5524019E+04   7.4349670E+05   1.1118551E+07   1.1118479E+07   8.7997041E+06   0.0000000E+00   0.0000000E+00   0.0000000E+00   0.0000000E+00
   1.3115643E-05   1.1118475E+07   1.1118475E+07   1.4817721E+07   5.5522858E+04   7.4348100E+05   1.1118546E+07   1.1118475E+07   8.7997006E+06   0.0000000E+00   0.0000000E+00   0.0000000E+00   0.0000000E+00
   1.4094172E-05   1.1118470E+07   1.1118470E+07   1.4816645E+07   5.5521516E+04   7.4346286E+05   1.1118541E+07   1.1118470E+07   8.7996966E+06   0.0000000E+00   0.0000000E+00   0.0000000E+00   0.0000000E+00
   1.5145708E-05   1.1118464E+07   1.1118464E+07   1.4815403E+07   5.5519967E+04   7.4344192E+05   1.1118535E+07   1.1118464E+07   8.7996920E+06   0.0000000E+00   0.0000000E+00   0.0000000E+00   0.0000000E+00
   1.6275696E-05   1.1118458E+07   1.1118458E+07   1.4813968E+07   5.5518179E+04   7.4341774E+05   1.1118529E+07   1.1118458E+07   8.7996866E+06   0.0000000E+00   0.0000000E+00   0.0000000E+00   0.0000000E+00
   1.7489991E-05   1.1118450E+07   1.1118450E+07   1.4812312E+07   5.5516114E+04   7.4338981E+05   1.1118521E+07   1.1118450E+07   8.7996804E+06   0.0000000E+00   0.0000000E+00   0.0000000E+00   0.0000000E+00
   1.8794881E-05   1.1118442E+07   1.1118442E+07   1.4810399E+07   5.5513729E+04   7.4335757E+05   1.1118512E+07   1.1118442E+07   8.7996732E+06   0.0000000E+00   0.0000000E+00   0.0000000E+00   0.0000000E+00
   2.0197126E-05   1.1118432E+07   1.1118432E+07   1.4808190E+07   5.5510975E+04   7.4332034E+05   1.1118502E+07   1.1118432E+07   8.7996649E+06   0.0000000E+00   0.0000000E+00   0.0000000E+00   0.0000000E+00
   2.1703990E-05   1.1118421E+07   1.1118421E+07   1.4805641E+07   5.5507795E+04   7.4327735E+05   1.1118490E+07   1.1118421E+07   8.7996554E+06   0.0000000E+00   0.0000000E+00   0.0000000E+00   0.0000000E+00
   2.3323277E-05   1.1118407E+07   1.1118407E+07   1.4802697E+07   5.5504124E+04   7.4322771E+05   1.1118476E+07   1.1118407E+07   8.7996444E+06   0.0000000E+00   0.0000000E+00   0.0000000E+00   0.0000000E+00
   2.5063377E-05   1.1118392E+07   1.1118392E+07   1.4799298E+07   5.5499884E+04   7.4317039E+05   1.1118460E+07   1.1118392E+07   8.7996316E+06   0.0000000E+00   0.0000000E+00   0.0000000E+00   0.0000000E+00
   2.6933301E-05   1.1118375E+07   1.1118375E+07   1.4795374E+07   5.5494989E+04   7.4310421E+05   1.1118441E+07   1.1118375E+07   8.7996169E+06   0.0000000E+00   0.0000000E+00   0.0000000E+00   0.0000000E+00
   2.8942736E-05   1.1118354E+07   1.1118354E+07   1.4790843E+07   5.5489338E+04   7.4302780E+05   1.1118420E+07   1.1118354E+07   8.7995999E+06   0.0000000E+00   0.0000000E+00   0.0000000E+00   0.0000000E+00
   3.1102090E-05   1.1118331E+07   1.1118331E+07   1.4785613E+07   5.5482812E+04   7.4293957E+05   1.1118395E+07   1.1118331E+07   8.7995803E+06   0.0000000E+00   0.0000000E+00   0.0000000E+00   0.0000000E+00
   3.3422550E-05   1.1118304E+07   1.1118304E+07   1.4779576E+07   5.5475278E+04   7.4283771E+05   1.1118367E+07   1.1118304E+07   8.7995576E+06   0.0000000E+00   0.0000000E+00   0.0000000E+00   0.0000000E+00
   3.5916134E-05   1.1118273E+07   1.1118273E+07   1.4772608E+07   5.5466580E+04   7.4272011E+05   1.1118334E+07   1.1118273E+07   8.7995315E+06   0.0000000E+00   0.0000000E+00   0.0000000E+00   0.0000000E+00
   3.8595758E-05   1.1118237E+07   1.1118237E+07   1.4764564E+07   5.5456538E+04   7.4258435E+05   1.1118296E+07   1.1118237E+07   8.7995013E+06   0.0000000E+00   0.0000000E+00   0.0000000E+00   0.0000000E+00
   4.1475304E-05   1.1118195E+07   1.1118195E+07   1.4755281E+07   5.5444945E+04   7.4242762E+05   1.1118253E+07   1.1118195E+07   8.7994664E+06   0.0000000E+00   0.0000000E+00   0.0000000E+00   0.0000000E+00
   4.4569686E-05   1.1118147E+07   1.1118147E+07   1.4744568E+07   5.5431563E+04   7.4224669E+05   1.1118202E+07   1.1118147E+07   8.7994262E+06   0.0000000E+00   0.0000000E+00   0.0000000E+00   0.0000000E+00
   4.7894934E-05   1.1118092E+07   1.1118092E+07   1.4732206E+07   5.5416115E+04   7.4203785E+05   1.1118144E+07   1.1118092E+07   8.7993797E+06   0.0000000E+00   0.0000000E+00   0.0000000E+00   0.0000000E+00
   5.1468271E-05   1.1118028E+07   1.1118028E+07   1.4717943E+07   5.5398284E+04   7.4179679E+05   1.1118077E+07   1.1118028E+07   8.7993260E+06   0.0000000E+00   0.0000000E+00   0.0000000E+00   0.0000000E+00
   5.5308207E-05   1.1117954E+07   1.1117954E+07   1.4701489E+07   5.5377704E+04   7.4151857E+05   1.1117999E+07   1.1117954E+07   8.7992641E+06   0.0000000E+00   0.0000000E+00   0.0000000E+00   0.0000000E+00
   5.9434632E-05   1.1117868E+07   1.1117868E+07   1.4682510E+07   5.5353953E+04   7.4119749E+05   1.1117909E+07   1.1117868E+07   8.7991925E+06   0.0000000E+00   0.0000000E+00   0.0000000E+00   0.0000000E+00
   6.3868921E-05   1.1117770E+07   1.1117770E+07   1.4660622E+07   5.5326545E+04   7.4082698E+05   1.1117806E+07   1.1117770E+07   8.7991100E+06   0.0000000E+00   0.0000000E+00   0.0000000E+00   0.0000000E+00
   6.8634042E-05   1.1117656E+07   1.1117656E+07   1.4635386E+07   5.5294921E+04   7.4039948E+05   1.1117687E+07   1.1117656E+07   8.7990146E+06   0.0000000E+00   0.0000000E+00   0.0000000E+00   0.0000000E+00
   7.3754679E-05   1.1117525E+07   1.1117525E+07   1.4606294E+07   5.5258436E+04   7.3990629E+05   1.1117549E+07   1.1117525E+07   8.7989046E+06   0.0000000E+00   0.0000000E+00   0.0000000E+00   0.0000000E+00
   7.9257356E-05   1.1117373E+07   1.1117373E+07   1.4572769E+07   5.5216349E+04   7.3933739E+05   1.1117389E+07   1.1117373E+07   8.7987776E+06   0.0000000E+00   0.0000000E+00   0.0000000E+00   0.0000000E+00
   8.5170575E-05   1.1117198E+07   1.1117198E+07   1.4534147E+07   5.5167809E+04   7.3868128E+05   1.1117206E+07   1.1117198E+07   8.7986310E+06   0.0000000E+00   0.0000000E+00   0.0000000E+00   0.0000000E+00
   9.1524966E-05   1.1116996E+07   1.1116996E+07   1.4489668E+07   5.5111836E+04   7.3792474E+05   1.1116994E+07   1.1116996E+07   8.7984619E+06   0.0000000E+00   0.0000000E+00   0.0000000E+00   0.0000000E+00
   9.8353445E-05   1.1116763E+07   1.1116763E+07   1.4438467E+07   5.5047306E+04   7.3705260E+05   1.1116749E+07   1.1116763E+07   8.7982667E+06   0.0000000E+00   0.0000000E+00   0.0000000E+00   0.0000000E+00
   1.0569138E-04   1.1116494E+07   1.1116494E+07   1.4379556E+07   5.4972932E+04   7.3604746E+05   1.1116467E+07   1.1116494E+07   8.7980414E+06   0.0000000E+00   0.0000000E+00   0.0000000E+00   0.0000000E+00
   1.1357679E-04   1.1116184E+07   1.1116184E+07   1.4311813E+07   5.4887237E+04   7.3488939E+05   1.1116141E+07   1.1116184E+07   8.7977816E+06   0.0000000E+00   0.0000000E+00   0.0000000E+00   0.0000000E+00
   1.2205050E-04   1.1115826E+07   1.1115826E+07   1.4233966E+07   5.4788530E+04   7.3355559E+05   1.1115765E+07   1.1115826E+07   8.7974819E+06   0.0000000E+00   0.0000000E+00   0.0000000E+00   0.0000000E+00
   1.3115643E-04   1.1115413E+07   1.1115413E+07   1.4144574E+07   5.4674882E+04   7.3202001E+05   1.1115331E+07   1.1115413E+07   8.7971362E+06   0.0000000E+00   0.0000000E+00   0.0000000E+00   0.0000000E+00
   1.4094172E-04   1.1114938E+07   1.1114938E+07   1.4042015E+07   5.4544089E+04   7.3025297E+05   1.1114832E+07   1.1114938E+07   8.7967376E+06   0.0000000E+00   0.0000000E+00   0.0000000E+00   0.0000000E+00
   1.5145708E-04   1.1114389E+07   1.1114389E+07   1.3924470E+07   5.4393647E+04   7.2822068E+05   1.1114255E+07   1.1114389E+07   8.7962781E+06   0.0000000E+00   0.0000000E+00   0.0000000E+00   0.0000000E+00
   1.6275696E-04   1.1113756E+07   1.1113756E+07   1.3789906E+07   5.4220706E+04   7.2588475E+05   1.1113591E+07   1.1113756E+07   8.7957485E+06   0.0000000E+00   0.0000000E+00   0.0000000E+00   0.0000000E+00
   1.7489991E-04   1.1113027E+07   1.1113027E+07   1.3636068E+07   5.4022041E+04   7.2320177E+05   1.1112825E+07   1.1113027E+07   8.7951383E+06   0.0000000E+00   0.0000000E+00   0.0000000E+00   0.0000000E+00
   1.8794881E-04   1.1112188E+07   1.1112188E+07   1.3460473E+07   5.3794012E+04   7.2012272E+05   1.1111944E+07   1.1112188E+07   8.7944355E+06   0.0000000E+00   0.0000000E+00   0.0000000E+00   0.0000000E+00
   2.0197126E-04   1.1111221E+07   1.1111221E+07   1.3260407E+07   5.3532521E+04   7.1659247E+05   1.1110928E+07   1.1111221E+07   8.7936263E+06   0.0000000E+00   0.0000000E+00   0.0000000E+00   0.0000000E+00
   2.1703990E-04   1.1110108E+07   1.1110108E+07   1.3032939E+07   5.3232979E+04   7.1254936E+05   1.1109759E+07   1.1110108E+07   8.7926951E+06   0.0000000E+00   0.0000000E+00   0.0000000E+00   0.0000000E+00
   2.3323277E-04   1.1108827E+07   1.1108827E+07   1.2774949E+07   5.2890274E+04   7.0792472E+05   1.1108415E+07   1.1108827E+07   8.7916240E+06   0.0000000E+00   0.0000000E+00   0.0000000E+00   0.0000000E+00
   2.5063377E-04   1.1107355E+07   1.1107355E+07   1.2483169E+07   5.2498745E+04   7.0264255E+05   1.1106868E+07   1.1107355E+07   8.7903928E+06   0.0000000E+00   0.0000000E+00   0.0000000E+00   0.0000000E+00
   2.6933301E-04   1.1105663E+07   1.1105663E+07   1.2154258E+07   5.2052170E+04   6.9661943E+05   1.1105092E+07   1.1105663E+07   8.7889784E+06   0.0000000E+00   0.0000000E+00   0.0000000E+00   0.0000000E+00
   2.8942736E-04   1.1103721E+07   1.1103721E+07   1.1784905E+07   5.1543771E+04   6.8976455E+05   1.1103051E+07   1.1103721E+07   8.7873549E+06   0.0000000E+00   0.0000000E+00   0.0000000E+00   0.0000000E+00
   3.1102090E-04   1.1101492E+07   1.1101492E+07   1.1371977E+07   5.0966245E+04   6.8198014E+05   1.1100711E+07   1.1101492E+07   8.7854929E+06   0.0000000E+00   0.0000000E+00   0.0000000E+00   0.0000000E+00
   3.3422550E-04   1.1098937E+07   1.1098937E+07   1.0912718E+07   5.0311831E+04   6.7316238E+05   1.1098028E+07   1.1098937E+07   8.7833597E+06   0.0000000E+00   0.0000000E+00   0.0000000E+00   0.0000000E+00
   3.5916134E-04   1.1096012E+07   1.1096012E+07   1.0404999E+07   4.9572415E+04   6.6320278E+05   1.1094955E+07   1.1096012E+07   8.7809184E+06   0.0000000E+00   0.0000000E+00   0.0000000E+00   0.0000000E+00
   3.8595758E-04   1.1092666E+07   1.1092666E+07   9.8476479E+06   4.8739704E+04   6.5199044E+05   1.1091442E+07   1.1092666E+07   8.7781281E+06   0.0000000E+00   0.0000000E+00   0.0000000E+00   0.0000000E+00
   4.1475304E-04   1.1088845E+07   1.1088845E+07   9.2408309E+06   4.7805454E+04   6.3941503E+05   1.1087429E+07   1.1088845E+07   8.7749436E+06   0.0000000E+00   0.0000000E+00   0.0000000E+00   0.0000000E+00
   4.4569686E-04   1.1084487E+07   1.1084487E+07   8.5865061E+06   4.6761798E+04   6.2537091E+05   1.1082853E+07   1.1084487E+07   8.7713150E+06   0.0000000E+00   0.0000000E+00   0.0000000E+00   0.0000000E+00
   4.7894934E-04   1.1079527E+07   1.1079527E+07   7.8889128E+06   4.5601651E+04   6.0976237E+05   1.1077645E+07   1.1079527E+07   8.7671879E+06   0.0000000E+00   0.0000000E+00   0.0000000E+00   0.0000000E+00
   5.1468271E-04   1.1073890E+07   1.1073890E+07   7.1550664E+06   4.4319225E+04   5.9250999E+05   1.1071726E+07   1.1073890E+07   8.7625032E+06   0.0000000E+00   0.0000000E+00   0.0000000E+00   0.0000000E+00
   5.5308207E-04   1.1067498E+07   1.1067498E+07   6.3951915E+06   4.2910631E+04   5.7355817E+05   1.1065016E+07   1.1067498E+07   8.7571973E+06   0.0000000E+00   0.0000000E+00   0.0000000E+00   0.0000000E+00
   5.9434632E-04   1.1060266E+07   1.1060266E+07   5.6229968E+06   4.1374561E+04   5.5288352E+05   1.1057425E+07   1.1060266E+07   8.7512023E+06   0.0000000E+00   0.0000000E+00   0.0000000E+00   0.0000000E+00
   6.3868921E-04   1.1052104E+07   1.1052104E+07   4.8556597E+06   3.9713001E+04   5.3050366E+05   1.1048860E+07   1.1052104E+07   8.7444461E+06   0.0000000E+00   0.0000000E+00   0.0000000E+00   0.0000000E+00
   6.8634042E-04   1.1042916E+07   1.1042916E+07   4.1133563E+06   3.7931910E+04   5.0648570E+05   1.1039220E+07   1.1042916E+07   8.7368534E+06   0.0000000E+00   0.0000000E+00   0.0000000E+00   0.0000000E+00
   7.3754679E-04   1.1032602E+07   1.1032602E+07   3.4181652E+06   3.6041775E+04   4.8095359E+05   1.1028403E+07   1.1032602E+07   8.7283454E+06   0.0000000E+00   0.0000000E+00   0.0000000E+00   0.0000000E+00
   7.9257356E-04   1.1021056E+07   1.1021056E+07   2.7922019E+06   3.4057893E+04   4.5409298E+05   1.1016300E+07   1.1021056E+07   8.7188405E+06   0.0000000E+00   0.0000000E+00   0.0000000E+00   0.0000000E+00
   8.5170575E-04   1.1008168E+07   1.1008168E+07   2.2549478E+06   3.2000252E+04   4.2615270E+05   1.1002798E+07   1.1008168E+07   8.7082540E+06   0.0000000E+00   0.0000000E+00   0.0000000E+00   0.0000000E+00
   9.1524966E-04   1.0993824E+07   1.0993824E+07   1.8199483E+06   2.9892876E+04   3.9744198E+05   1.0987783E+07   1.0993824E+07   8.6964985E+06   0.0000000E+00   0.0000000E+00   0.0000000E+00   0.0000000E+00
   9.8353445E-04   1.0977904E+07   1.0977904E+07   1.4913758E+06   2.7762536E+04   3.6832297E+05   1.0971135E+07   1.0977904E+07   8.6834821E+06   0.0000000E+00   0.0000000E+00   0.0000000E+00   0.0000000E+00
   1.0569138E-03   1.0960279E+07   1.0960279E+07   1.2613651E+06   2.5636900E+04   3.3919912E+05   1.0952727E+07   1.0960279E+07   8.6691078E+06   0.0000000E+00   0.0000000E+00   0.0000000E+00   0.0000000E+00
   1.1357679E-03   1.0940815E+07   1.0940815E+07   1.1093847E+06   2.3542347E+04   3.1050021E+05   1.0932427E+07   1.0940815E+07   8.6532717E+06   0.0000000E+00   0.0000000E+00   0.0000000E+00   0.0000000E+00
   1.2205050E-03   1.0919364E+07   1.0919364E+07   1.0049690E+06   2.1501898E+04   2.8266431E+05   1.0910096E+07   1.0919364E+07   8.6358608E+06   0.0000000E+00   0.0000000E+00   0.0000000E+00   0.0000000E+00
   1.3115643E-03   1.0895768E+07   1.0895768E+07   9.1453664E+05   1.9533893E+04   2.5611558E+05   1.0885582E+07   1.0895768E+07   8.6167514E+06   0.0000000E+00   0.0000000E+00   0.0000000E+00   0.0000000E+00
   1.4094172E-03   1.0869857E+07   1.0869857E+07   8.1145693E+05   1.7651995E+04   2.3123382E+05   1.0858724E+07   1.0869857E+07   8.5958091E+06   0.0000000E+00   0.0000000E+00   0.0000000E+00   0.0000000E+00
   1.5145708E-03   1.0841446E+07   1.0841446E+07   6.8611146E+05   1.5866678E+04   2.0831158E+05   1.0829351E+07   1.0841446E+07   8.5728888E+06   0.0000000E+00   0.0000000E+00   0.0000000E+00   0.0000000E+00
   1.6275696E-03   1.0810345E+07   1.0810345E+07   5.5046025E+05   1.4187611E+04   1.8750031E+05   1.0797281E+07   1.0810345E+07   8.5478366E+06   0.0000000E+00   0.0000000E+00   0.0000000E+00   0.0000000E+00
   1.7489991E-03   1.0776352E+07   1.0776352E+07   4.3172588E+05   1.2625390E+04   1.6876422E+05   1.0762323E+07   1.0776352E+07   8.5204922E+06   0.0000000E+00   0.0000000E+00   0.0000000E+00   0.0000000E+00
   1.8794881E-03   1.0739258E+07   1.0739258E+07   3.5468482E+05   1.1190850E+04   1.5188219E+05   1.0724278E+07   1.0739258E+07   8.4906884E+06   0.0000000E+00   0.0000000E+00   0.0000000E+00   0.0000000E+00
   2.0197126E-03   1.0698846E+07   1.0698846E+07   3.2159283E+05   9.8913061E+03   1.3654127E+05   1.0682931E+07   1.0698846E+07   8.4582505E+06   0.0000000E+00   0.0000000E+00   0.0000000E+00   0.0000000E+00
   2.1703990E-03   1.0654882E+07   1.0654882E+07   3.0670852E+05   8.7257977E+03   1.2251209E+05   1.0638050E+07   1.0654882E+07   8.4229917E+06   0.0000000E+00   0.0000000E+00   0.0000000E+00   0.0000000E+00
   2.3323277E-03   1.0607119E+07   1.0607119E+07   2.7682043E+05   7.6837879E+03   1.0978719E+05   1.0589384E+07   1.0607119E+07   8.3847125E+06   0.0000000E+00   0.0000000E+00   0.0000000E+00   0.0000000E+00
   2.5063377E-03   1.0555296E+07   1.0555296E+07   2.2434091E+05   6.7503895E+03   9.8503046E+04   1.0536666E+07   1.0555296E+07   8.3432023E+06   0.0000000E+00   0.0000000E+00   0.0000000E+00   0.0000000E+00
   2.6933301E-03   1.0499148E+07   1.0499148E+07   1.7522012E+05   5.9147089E+03   8.8637540E+04   1.0479627E+07   1.0499148E+07   8.2982462E+06   0.0000000E+00   0.0000000E+00   0.0000000E+00   0.0000000E+00
   2.8942736E-03   1.0438405E+07   1.0438405E+07   1.5238124E+05   5.1722792E+03   7.9840382E+04   1.0417992E+07   1.0438405E+07   8.2496287E+06   0.0000000E+00   0.0000000E+00   0.0000000E+00   0.0000000E+00
   3.1102090E-03   1.0372789E+07   1.0372789E+07   1.4051847E+05   4.5180985E+03   7.1767385E+04   1.0351486E+07   1.0372789E+07   8.1971316E+06   0.0000000E+00   0.0000000E+00   0.0000000E+00   0.0000000E+00
   3.3422550E-03   1.0302011E+07   1.0302011E+07   1.1525540E+05   3.9411437E+03   6.4501493E+04   1.0279823E+07   1.0302011E+07   8.1405307E+06   0.0000000E+00   0.0000000E+00   0.0000000E+00   0.0000000E+00
   3.5916134E-03   1.0225777E+07   1.0225777E+07   9.1548346E+04   3.4307948E+03   5.8181109E+04   1.0202712E+07   1.0225777E+07   8.0795979E+06   0.0000000E+00   0.0000000E+00   0.0000000E+00   0.0000000E+00
   3.8595758E-03   1.0143789E+07   1.0143789E+07   8.6782336E+04   2.9828093E+03   5.2437056E+04   1.0119866E+07   1.0143789E+07   8.0141056E+06   0.0000000E+00   0.0000000E+00   0.0000000E+00   0.0000000E+00
   4.1475304E-03   1.0055747E+07   1.0055747E+07   7.5624342E+04   2.5913859E+03   4.7086880E+04   1.0030992E+07   1.0055747E+07   7.9438254E+06   0.0000000E+00   0.0000000E+00   0.0000000E+00   0.0000000E+00
   4.4569686E-03   9.9613481E+06   9.9613481E+06   5.7275264E+04   2.2469699E+03   4.2479539E+04   9.9358039E+06   9.9613481E+06   7.8685304E+06   0.0000000E+00   0.0000000E+00   0.0000000E+00   0.0000000E+00
   4.7894934E-03   9.8602989E+06   9.8602989E+06   5.3688640E+04   1.9456605E+03   3.8323500E+04   9.8340207E+06   9.8602989E+06   7.7880005E+06   0.0000000E+00   0.0000000E+00   0.0000000E+00   0.0000000E+00
   5.1468271E-03   9.7523106E+06   9.7523106E+06   4.3789932E+04   1.6833165E+03   3.4476565E+04   9.7253579E+06   9.7523106E+06   7.7020114E+06   0.0000000E+00   0.0000000E+00   0.0000000E+00   0.0000000E+00
   5.5308207E-03   9.6370984E+06   9.6370984E+06   3.8273013E+04   1.4541077E+03   3.1133833E+04   9.6095201E+06   9.6370984E+06   7.6103305E+06   0.0000000E+00   0.0000000E+00   0.0000000E+00   0.0000000E+00
   5.9434632E-03   9.5143724E+06   9.5143724E+06   3.2515197E+04   1.2551219E+03   2.7930179E+04   9.4862113E+06   9.5143724E+06   7.5127243E+06   0.0000000E+00   0.0000000E+00   0.0000000E+00   0.0000000E+00
   6.3868921E-03   9.3838334E+06   9.3838334E+06   2.7032827E+04   1.0810915E+03   2.5195472E+04   9.3551514E+06   9.3838334E+06   7.4089721E+06   0.0000000E+00   0.0000000E+00   0.0000000E+00   0.0000000E+00
   6.8634042E-03   9.2451892E+06   9.2451892E+06   2.3265730E+04   9.3022028E+02   2.2577282E+04   9.2160733E+06   9.2451892E+06   7.2988631E+06   0.0000000E+00   0.0000000E+00   0.0000000E+00   0.0000000E+00
   7.3754679E-03   9.0981605E+06   9.0981605E+06   2.0560572E+04   7.9914488E+02   2.0312547E+04   9.0686924E+06   9.0981605E+06   7.1821728E+06   0.0000000E+00   0.0000000E+00   0.0000000E+00   0.0000000E+00
   7.9257356E-03   8.9424734E+06   8.9424734E+06   1.5825285E+04   6.8559384E+02   1.8199697E+04   8.9127225E+06   8.9424734E+06   7.0586752E+06   0.0000000E+00   0.0000000E+00   0.0000000E+00   0.0000000E+00
   8.5170575E-03   8.7778463E+06   8.7778463E+06   1.4617413E+04   5.8716651E+02   1.6252411E+04   8.7478958E+06   8.7778463E+06   6.9281589E+06   0.0000000E+00   0.0000000E+00   0.0000000E+00   0.0000000E+00
   9.1524966E-03   8.6039980E+06   8.6039980E+06   1.2530052E+04   5.0194441E+02   1.4548088E+04   8.5739400E+06   8.6039980E+06   6.7904088E+06   0.0000000E+00   0.0000000E+00   0.0000000E+00   0.0000000E+00
   9.8353445E-03   8.4206621E+06   8.4206621E+06   1.0124812E+04   4.2834151E+02   1.2981147E+04   8.3905848E+06   8.4206621E+06   6.6452112E+06   0.0000000E+00   0.0000000E+00   0.0000000E+00   0.0000000E+00
   1.0569138E-02   8.2275815E+06   8.2275815E+06   8.1543337E+03   3.6484231E+02   1.1529513E+04   8.1975747E+06   8.2275815E+06   6.4923642E+06   0.0000000E+00   0.0000000E+00   0.0000000E+00   0.0000000E+00
   1.1357679E-02   8.0245090E+06   8.0245090E+06   6.9348304E+03   3.1007978E+02   1.0221432E+04   7.9946714E+06   8.0245090E+06   6.3316794E+06   0.0000000E+00   0.0000000E+00   0.0000000E+00   0.0000000E+00
   1.2205050E-02   7.8112309E+06   7.8112309E+06   5.7963948E+03   2.6298090E+02   9.0382842E+03   7.7816556E+06   7.8112309E+06   6.1629836E+06   0.0000000E+00   0.0000000E+00   0.0000000E+00   0.0000000E+00
   1.3115643E-02   7.5875696E+06   7.5875696E+06   4.8953147E+03   2.2246041E+02   7.9717439E+03   7.5583518E+06   7.5875696E+06   5.9861379E+06   0.0000000E+00   0.0000000E+00   0.0000000E+00   0.0000000E+00
   1.4094172E-02   7.3534059E+06   7.3534059E+06   4.1352045E+03   1.8772043E+02   7.0159764E+03   7.3246439E+06   7.3534059E+06   5.8010507E+06   0.0000000E+00   0.0000000E+00   0.0000000E+00   0.0000000E+00
   1.5145708E-02   7.1087117E+06   7.1087117E+06   3.6188204E+03   1.5795541E+02   6.1461578E+03   7.0805001E+06   7.1087117E+06   5.6076970E+06   0.0000000E+00   0.0000000E+00   0.0000000E+00   0.0000000E+00
   1.6275696E-02   6.8535763E+06   6.8535763E+06   3.0863251E+03   1.3252818E+02   5.3500936E+03   6.8260092E+06   6.8535763E+06   5.4061473E+06   0.0000000E+00   0.0000000E+00   0.0000000E+00   0.0000000E+00
   1.7489991E-02   6.5882586E+06   6.5882586E+06   2.3952658E+03   1.1082697E+02   4.6512968E+03   6.5614277E+06   6.5882586E+06   5.1966049E+06   0.0000000E+00   0.0000000E+00   0.0000000E+00   0.0000000E+00
   1.8794880E-02   6.3132376E+06   6.3132376E+06   2.1272964E+03   9.2368163E+01   4.0262724E+03   6.2872305E+06   6.3132376E+06   4.9794460E+06   0.0000000E+00   0.0000000E+00   0.0000000E+00   0.0000000E+00
   2.0197123E-02   6.0292799E+06   6.0292799E+06   1.6373600E+03   7.6703604E+01   3.4666649E+03   6.0041800E+06   6.0292799E+06   4.7552747E+06   0.0000000E+00   0.0000000E+00   0.0000000E+00   0.0000000E+00
   2.1703971E-02   5.7375137E+06   5.7375137E+06   1.3991704E+03   6.3452114E+01   2.9652270E+03   5.7133963E+06   5.7375137E+06   4.5249781E+06   0.0000000E+00   0.0000000E+00   0.0000000E+00   0.0000000E+00
   2.3323176E-02   5.4395092E+06   5.4395092E+06   1.1806623E+03   5.2281075E+01   2.5290069E+03   5.4164406E+06   5.4395092E+06   4.2897927E+06   0.0000000E+00   0.0000000E+00   0.0000000E+00   0.0000000E+00
   2.5062917E-02   5.1373695E+06   5.1373695E+06   9.6386663E+02   4.2904580E+01   2.1448873E+03   5.1154048E+06   5.1373695E+06   4.0513755E+06   0.0000000E+00   0.0000000E+00   0.0000000E+00   0.0000000E+00
   2.6931482E-02   4.8338309E+06   4.8338309E+06   7.5885656E+02   3.5071872E+01   1.8091579E+03   4.8130104E+06   4.8338309E+06   3.8118819E+06   0.0000000E+00   0.0000000E+00   0.0000000E+00   0.0000000E+00
   2.8936397E-02   4.5323819E+06   4.5323819E+06   5.9889223E+02   2.8568023E+01   1.5235400E+03   4.5127278E+06   4.5323819E+06   3.5740606E+06   0.0000000E+00   0.0000000E+00   0.0000000E+00   0.0000000E+00
   3.1082487E-02   4.2373838E+06   4.2373838E+06   5.1671272E+02   2.3209921E+01   1.2727499E+03   4.2188964E+06   4.2373838E+06   3.3413482E+06   0.0000000E+00   0.0000000E+00   0.0000000E+00   0.0000000E+00
   3.3368433E-02   3.9541050E+06   3.9541050E+06   4.0197085E+02   1.8837350E+01   1.0654444E+03   3.9367582E+06   3.9541050E+06   3.1178966E+06   0.0000000E+00   0.0000000E+00   0.0000000E+00   0.0000000E+00
   3.5782281E-02   3.6884535E+06   3.6884535E+06   3.1551715E+02   1.5314081E+01   8.8827248E+02   3.6721922E+06   3.6884535E+06   2.9083619E+06   0.0000000E+00   0.0000000E+00   0.0000000E+00   0.0000000E+00
   3.8298353E-02   3.4461427E+06   3.4461427E+06   2.5820066E+02   1.2513244E+01   7.4354050E+02   3.4308835E+06   3.4461427E+06   2.7172468E+06   0.0000000E+00   0.0000000E+00   0.0000000E+00   0.0000000E+00
   4.0879566E-02   3.2313237E+06   3.2313237E+06   2.1282077E+02   1.0314598E+01   6.2716745E+02   3.2169611E+06   3.2313237E+06   2.5478214E+06   0.0000000E+00   0.0000000E+00   0.0000000E+00   0.0000000E+00
   4.3486549E-02   3.0453533E+06   3.0453533E+06   1.7702278E+02   8.6015498E+00   5.3429445E+02   3.0317726E+06   3.0453533E+06   2.4011531E+06   0.0000000E+00   0.0000000E+00   0.0000000E+00   0.0000000E+00
   4.6088443E-02   2.8865749E+06   2.8865749E+06   1.4955186E+02   7.2661071E+00   4.6026190E+02   2.8736658E+06   2.8865749E+06   2.2759332E+06   0.0000000E+00   0.0000000E+00   0.0000000E+00   0.0000000E+00
   4.8668352E-02   2.7511957E+06   2.7511957E+06   1.2850847E+02   6.2159114E+00   4.0069512E+02   2.7388619E+06   2.7511957E+06   2.1691692E+06   0.0000000E+00   0.0000000E+00   0.0000000E+00   0.0000000E+00
   5.1222066E-02   2.6345209E+06   2.6345209E+06   1.1227349E+02   5.3774525E+00   3.5211161E+02   2.6226851E+06   2.6345209E+06   2.0771577E+06   0.0000000E+00   0.0000000E+00   0.0000000E+00   0.0000000E+00
   5.3753690E-02   2.5318808E+06   2.5318808E+06   9.9559363E+01   4.6954161E+00   3.1195915E+02   2.5204849E+06   2.5318808E+06   1.9962156E+06   0.0000000E+00   0.0000000E+00   0.0000000E+00   0.0000000E+00
   5.6271549E-02   2.4391070E+06   2.4391070E+06   8.9026316E+01   4.1297894E+00   2.7825568E+02   2.4281107E+06   2.4391070E+06   1.9230557E+06   0.0000000E+00   0.0000000E+00   0.0000000E+00   0.0000000E+00
   5.8785505E-02   2.3527013E+06   2.3527013E+06   7.9410828E+01   3.6518719E+00   2.4945783E+02   2.3420790E+06   2.3527013E+06   1.8549189E+06   0.0000000E+00   0.0000000E+00   0.0000000E+00   0.0000000E+00
   6.1305536E-02   2.2698582E+06   2.2698582E+06   7.0222949E+01   3.2411129E+00   2.2429251E+02   2.2595965E+06   2.2698582E+06   1.7895931E+06   0.0000000E+00   0.0000000E+00   0.0000000E+00   0.0000000E+00
   6.3841103E-02   2.1884393E+06   2.1884393E+06   6.1792504E+01   2.8829384E+00   2.0185509E+02   2.1785339E+06   2.1884393E+06   1.7253919E+06   0.0000000E+00   0.0000000E+00   0.0000000E+00   0.0000000E+00
   6.6400933E-02   2.1069382E+06   2.1069382E+06   5.4471885E+01   2.5669333E+00   1.8166758E+02   2.0973914E+06   2.1069382E+06   1.6611273E+06   0.0000000E+00   0.0000000E+00   0.0000000E+00   0.0000000E+00
   6.8993012E-02   2.0244480E+06   2.0244480E+06   4.8353945E+01   2.2857333E+00   1.6338514E+02   2.0152659E+06   2.0244480E+06   1.5960842E+06   0.0000000E+00   0.0000000E+00   0.0000000E+00   0.0000000E+00
   7.1624658E-02   1.9406288E+06   1.9406288E+06   4.3356265E+01   2.0341281E+00   1.4671843E+02   1.9318189E+06   1.9406288E+06   1.5299944E+06   0.0000000E+00   0.0000000E+00   0.0000000E+00   0.0000000E+00
   7.4302621E-02   1.8556663E+06   1.8556663E+06   3.9194305E+01   1.8083808E+00   1.3143616E+02   1.8472349E+06   1.8556663E+06   1.4630042E+06   0.0000000E+00   0.0000000E+00   0.0000000E+00   0.0000000E+00
   7.7033190E-02   1.7702146E+06   1.7702146E+06   3.5031476E+01   1.6058693E+00   1.1735751E+02   1.7621652E+06   1.7702146E+06   1.3956293E+06   0.0000000E+00   0.0000000E+00   0.0000000E+00   0.0000000E+00
   7.9822280E-02   1.6853164E+06   1.6853164E+06   2.9895428E+01   1.4246868E+00   1.0468925E+02   1.6776475E+06   1.6853164E+06   1.3286916E+06   0.0000000E+00   0.0000000E+00   0.0000000E+00   0.0000000E+00
   8.2675519E-02   1.6022949E+06   1.6022949E+06   2.5696710E+01   1.2633025E+00   9.3924146E+01   1.5949989E+06   1.6022949E+06   1.2632342E+06   0.0000000E+00   0.0000000E+00   0.0000000E+00   0.0000000E+00
   8.5598312E-02   1.5226176E+06   1.5226176E+06   2.4178445E+01   1.1204737E+00   8.3921823E+01   1.5156800E+06   1.5226176E+06   1.2004139E+06   0.0000000E+00   0.0000000E+00   0.0000000E+00   0.0000000E+00
   8.8595896E-02   1.4477362E+06   1.4477362E+06   2.0429188E+01   9.9495494E-01   7.4843903E+01   1.4411359E+06   1.4477362E+06   1.1413752E+06   0.0000000E+00   0.0000000E+00   0.0000000E+00   0.0000000E+00
   9.1673392E-02   1.3789122E+06   1.3789122E+06   1.8958444E+01   8.8542659E-01   6.7276987E+01   1.3726221E+06   1.3789122E+06   1.0871125E+06   0.0000000E+00   0.0000000E+00   0.0000000E+00   0.0000000E+00
   9.4835836E-02   1.3170428E+06   1.3170428E+06   1.6068643E+01   7.9046323E-01   6.0394963E+01   1.3110319E+06   1.3170428E+06   1.0383332E+06   0.0000000E+00   0.0000000E+00   0.0000000E+00   0.0000000E+00
   9.8088216E-02   1.2625096E+06   1.2625096E+06   1.4868877E+01   7.0844737E-01   5.4293897E+01   1.2567448E+06   1.2625096E+06   9.9533805E+05   0.0000000E+00   0.0000000E+00   0.0000000E+00   0.0000000E+00
   1.0143549E-01   1.2150727E+06   1.2150727E+06   1.3720776E+01   6.3761958E-01   4.9254440E+01   1.2095219E+06   1.2150727E+06   9.5793771E+05   0.0000000E+00   0.0000000E+00   0.0000000E+00   0.0000000E+00
   1.0488262E-01   1.1738356E+06   1.1738356E+06   1.2412418E+01   5.7615804E-01   4.4807414E+01   1.1684709E+06   1.1738356E+06   9.2542541E+05   0.0000000E+00   0.0000000E+00   0.0000000E+00   0.0000000E+00
   1.0843456E-01   1.1373017E+06   1.1373017E+06   1.1068203E+01   5.2222819E-01   4.0811070E+01   1.1321018E+06   1.1373017E+06   8.9662124E+05   0.0000000E+00   0.0000000E+00   0.0000000E+00   0.0000000E+00
   1.1209631E-01   1.1035325E+06   1.1035325E+06   9.6707801E+00   4.7412345E-01   3.7344608E+01   1.0984851E+06   1.1035325E+06   8.6999692E+05   0.0000000E+00   0.0000000E+00   0.0000000E+00   0.0000000E+00
   1.1587289E-01   1.0704027E+06   1.0704027E+06   9.0830711E+00   4.3038224E-01   3.4257345E+01   1.0655050E+06   1.0704027E+06   8.4387679E+05   0.0000000E+00   0.0000000E+00   0.0000000E+00   0.0000000E+00
   1.1976936E-01   1.0359257E+06   1.0359257E+06   8.0793500E+00   3.8987063E-01   3.1024971E+01   1.0311842E+06   1.0359257E+06   8.1669479E+05   0.0000000E+00   0.0000000E+00   0.0000000E+00   0.0000000E+00
   1.2379083E-01   9.9860337E+05   9.9860337E+05   7.5320470E+00   3.5184128E-01   2.8253819E+01   9.9403125E+05   9.9860337E+05   7.8726978E+05   0.0000000E+00   0.0000000E+00   0.0000000E+00   0.0000000E+00
   1.2794248E-01   9.5773141E+05   9.5773141E+05   6.5714035E+00   3.1596087E-01   2.5558038E+01   9.5334510E+05   9.5773141E+05   7.5504647E+05   0.0000000E+00   0.0000000E+00   0.0000000E+00   0.0000000E+00
   1.3222953E-01   9.1358630E+05   9.1358630E+05   5.7759689E+00   2.8225472E-01   2.2926013E+01   9.0940098E+05   9.1358630E+05   7.2024286E+05   0.0000000E+00   0.0000000E+00   0.0000000E+00   0.0000000E+00
   1.3665727E-01   8.6742588E+05   8.6742588E+05   5.1818538E+00   2.5099890E-01   2.0513043E+01   8.6345096E+05   8.6742588E+05   6.8385059E+05   0.0000000E+00   0.0000000E+00   0.0000000E+00   0.0000000E+00
   1.4123107E-01   8.2126519E+05   8.2126519E+05   4.7633925E+00   2.2258364E-01   1.8233402E+01   8.1750085E+05   8.2126519E+05   6.4745824E+05   0.0000000E+00   0.0000000E+00   0.0000000E+00   0.0000000E+00
   1.4595636E-01   7.7743971E+05   7.7743971E+05   4.0331239E+00   1.9735029E-01   1.6200618E+01   7.7387539E+05   7.7743971E+05   6.1290701E+05   0.0000000E+00   0.0000000E+00   0.0000000E+00   0.0000000E+00
   1.5083866E-01   7.3803174E+05   7.3803174E+05   3.7360456E+00   1.7545580E-01   1.4467509E+01   7.3464734E+05   7.3803174E+05   5.8183851E+05   0.0000000E+00   0.0000000E+00   0.0000000E+00   0.0000000E+00
   1.5588357E-01   7.0429666E+05   7.0429666E+05   3.3374881E+00   1.5678953E-01   1.3028079E+01   7.0106627E+05   7.0429666E+05   5.5524240E+05   0.0000000E+00   0.0000000E+00   0.0000000E+00   0.0000000E+00
   1.6109680E-01   6.7626048E+05   6.7626048E+05   2.9943079E+00   1.4095653E-01   1.1760080E+01   6.7315806E+05   6.7626048E+05   5.3313919E+05   0.0000000E+00   0.0000000E+00   0.0000000E+00   0.0000000E+00
   1.6648416E-01   6.5264649E+05   6.5264649E+05   2.6976965E+00   1.2735668E-01   1.0645656E+01   6.4965184E+05   6.5264649E+05   5.1452233E+05   0.0000000E+00   0.0000000E+00   0.0000000E+00   0.0000000E+00
   1.7205160E-01   6.3121199E+05   6.3121199E+05   2.3595018E+00   1.1531423E-01   9.6915777E+00   6.2831518E+05   6.3121199E+05   4.9762376E+05   0.0000000E+00   0.0000000E+00   0.0000000E+00   0.0000000E+00
   1.7780519E-01   6.0944507E+05   6.0944507E+05   2.2062960E+00   1.0423928E-01   8.7870297E+00   6.0664767E+05   6.0944507E+05   4.8046317E+05   0.0000000E+00   0.0000000E+00   0.0000000E+00   0.0000000E+00
   1.8375118E-01   5.8542092E+05   5.8542092E+05   1.9909183E+00   9.3757430E-02   7.9514517E+00   5.8273338E+05   5.8542092E+05   4.6152312E+05   0.0000000E+00   0.0000000E+00   0.0000000E+00   0.0000000E+00
   1.8989602E-01   5.5850881E+05   5.5850881E+05   1.7697638E+00   8.3765564E-02   7.1171797E+00   5.5594443E+05   5.5850881E+05   4.4030635E+05   0.0000000E+00   0.0000000E+00   0.0000000E+00   0.0000000E+00
   1.9624635E-01   5.2961846E+05   5.2961846E+05   1.5301464E+00   7.4393878E-02   6.3525507E+00   5.2718639E+05   5.2961846E+05   4.1753007E+05   0.0000000E+00   0.0000000E+00   0.0000000E+00   0.0000000E+00
   2.0280910E-01   5.0081800E+05   5.0081800E+05   1.3908535E+00   6.5887156E-02   5.6510034E+00   4.9851788E+05   5.0081800E+05   3.9482469E+05   0.0000000E+00   0.0000000E+00   0.0000000E+00   0.0000000E+00
   2.0959147E-01   4.7441747E+05   4.7441747E+05   1.2180340E+00   5.8451291E-02   5.0424474E+00   4.7223833E+05   4.7441747E+05   3.7401137E+05   0.0000000E+00   0.0000000E+00   0.0000000E+00   0.0000000E+00
   2.1660102E-01   4.5189336E+05   4.5189336E+05   1.0952146E+00   5.2133794E-02   4.5106775E+00   4.4981744E+05   4.5189336E+05   3.5625409E+05   0.0000000E+00   0.0000000E+00   0.0000000E+00   0.0000000E+00
   2.2384571E-01   4.3317759E+05   4.3317759E+05   9.7628861E-01   4.6789013E-02   4.0431225E+00   4.3118743E+05   4.3317759E+05   3.4149918E+05   0.0000000E+00   0.0000000E+00   0.0000000E+00   0.0000000E+00
   2.3133396E-01   4.1672316E+05   4.1672316E+05   8.8673502E-01   4.2139639E-02   3.6679246E+00   4.1480839E+05   4.1672316E+05   3.2852702E+05   0.0000000E+00   0.0000000E+00   0.0000000E+00   0.0000000E+00
   2.3907473E-01   4.0037907E+05   4.0037907E+05   7.9190132E-01   3.7904805E-02   3.3123326E+00   3.9853922E+05   4.0037907E+05   3.1564189E+05   0.0000000E+00   0.0000000E+00   0.0000000E+00   0.0000000E+00
   2.4707760E-01   3.8262593E+05   3.8262593E+05   7.1418722E-01   3.3917000E-02   2.9686626E+00   3.8086750E+05   3.8262593E+05   3.0164594E+05   0.0000000E+00   0.0000000E+00   0.0000000E+00   0.0000000E+00
   2.5535287E-01   3.6343430E+05   3.6343430E+05   6.2326046E-01   3.0166097E-02   2.6497444E+00   3.6176393E+05   3.6343430E+05   2.8651597E+05   0.0000000E+00   0.0000000E+00   0.0000000E+00   0.0000000E+00
   2.6391166E-01   3.4416543E+05   3.4416543E+05   5.5294538E-01   2.6748387E-02   2.3528693E+00   3.4258348E+05   3.4416543E+05   2.7132512E+05   0.0000000E+00   0.0000000E+00   0.0000000E+00   0.0000000E+00
   2.7276605E-01   3.2653458E+05   3.2653458E+05   4.9374663E-01   2.3759858E-02   2.1001501E+00   3.2503356E+05   3.2653458E+05   2.5742563E+05   0.0000000E+00   0.0000000E+00   0.0000000E+00   0.0000000E+00
   2.8192921E-01   3.1134784E+05   3.1134784E+05   4.4341269E-01   2.1206050E-02   1.8731999E+00   3.0991653E+05   3.1134784E+05   2.4545298E+05   0.0000000E+00   0.0000000E+00   0.0000000E+00   0.0000000E+00
   2.9141560E-01   2.9796598E+05   2.9796598E+05   3.9745461E-01   1.8993509E-02   1.6838451E+00   2.9659609E+05   2.9796598E+05   2.3490324E+05   0.0000000E+00   0.0000000E+00   0.0000000E+00   0.0000000E+00
   3.0124114E-01   2.8493906E+05   2.8493906E+05   3.5216237E-01   1.6996913E-02   1.5135409E+00   2.8362898E+05   2.8493906E+05   2.2463332E+05   0.0000000E+00   0.0000000E+00   0.0000000E+00   0.0000000E+00
   3.1142343E-01   2.7128559E+05   2.7128559E+05   3.1553522E-01   1.5142264E-02   1.3502295E+00   2.7003821E+05   2.7128559E+05   2.1386947E+05   0.0000000E+00   0.0000000E+00   0.0000000E+00   0.0000000E+00
   3.2198209E-01   2.5727406E+05   2.5727406E+05   2.7904505E-01   1.3435310E-02   1.2007474E+00   2.5609104E+05   2.5727406E+05   2.0282335E+05   0.0000000E+00   0.0000000E+00   0.0000000E+00   0.0000000E+00
   3.3293902E-01   2.4397704E+05   2.4397704E+05   2.4911388E-01   1.1916919E-02   1.0665598E+00   2.4285510E+05   2.4397704E+05   1.9234053E+05   0.0000000E+00   0.0000000E+00   0.0000000E+00   0.0000000E+00
   3.4431883E-01   2.3206995E+05   2.3206995E+05   2.2084469E-01   1.0598454E-02   9.5402204E-01   2.3100271E+05   2.3206995E+05   1.8295347E+05   0.0000000E+00   0.0000000E+00   0.0000000E+00   0.0000000E+00
   3.5614930E-01   2.2116390E+05   2.2116390E+05   1.9667333E-01   9.4402565E-03   8.5271834E-01   2.2014677E+05   2.2116390E+05   1.7435560E+05   0.0000000E+00   0.0000000E+00   0.0000000E+00   0.0000000E+00
   3.6846198E-01   2.1039068E+05   2.1039068E+05   1.7515102E-01   8.3903508E-03   7.5703723E-01   2.0942305E+05   2.1039068E+05   1.6586244E+05   0.0000000E+00   0.0000000E+00   0.0000000E+00   0.0000000E+00
   3.8129288E-01   1.9947865E+05   1.9947865E+05   1.5486317E-01   7.4292336E-03   6.7162052E-01   1.9856117E+05   1.9947865E+05   1.5725987E+05   0.0000000E+00   0.0000000E+00   0.0000000E+00   0.0000000E+00
   3.9468333E-01   1.8894215E+05   1.8894215E+05   1.3678795E-01   6.5676820E-03   5.9636871E-01   1.8807309E+05   1.8894215E+05   1.4895334E+05   0.0000000E+00   0.0000000E+00   0.0000000E+00   0.0000000E+00
   4.0868111E-01   1.7920680E+05   1.7920680E+05   1.2079691E-01   5.8098998E-03   5.2855742E-01   1.7838250E+05   1.7920680E+05   1.4127842E+05   0.0000000E+00   0.0000000E+00   0.0000000E+00   0.0000000E+00
   4.2334178E-01   1.7000312E+05   1.7000312E+05   1.0688558E-01   5.1364277E-03   4.6793463E-01   1.6922112E+05   1.7000312E+05   1.3402263E+05   0.0000000E+00   0.0000000E+00   0.0000000E+00   0.0000000E+00
   4.3873042E-01   1.6090374E+05   1.6090374E+05   9.4321614E-02   4.5265199E-03   4.1382611E-01   1.6016357E+05   1.6090374E+05   1.2684908E+05   0.0000000E+00   0.0000000E+00   0.0000000E+00   0.0000000E+00
   4.5492380E-01   1.5200448E+05   1.5200448E+05   8.2812184E-02   3.9773182E-03   3.6368630E-01   1.5130523E+05   1.5200448E+05   1.1983330E+05   0.0000000E+00   0.0000000E+00   0.0000000E+00   0.0000000E+00
   4.7201319E-01   1.4357729E+05   1.4357729E+05   7.2591525E-02   3.4897451E-03   3.2003266E-01   1.4291678E+05   1.4357729E+05   1.1318967E+05   0.0000000E+00   0.0000000E+00   0.0000000E+00   0.0000000E+00
   4.9010797E-01   1.3549154E+05   1.3549154E+05   6.3555625E-02   3.0545092E-03   2.8084333E-01   1.3486821E+05   1.3549154E+05   1.0681523E+05   0.0000000E+00   0.0000000E+00   0.0000000E+00   0.0000000E+00
   5.0934024E-01   1.2755494E+05   1.2755494E+05   5.5394754E-02   2.6625976E-03   2.4495241E-01   1.2696811E+05   1.2755494E+05   1.0055837E+05   0.0000000E+00   0.0000000E+00   0.0000000E+00   0.0000000E+00
   5.2987082E-01   1.1987814E+05   1.1987814E+05   4.8120468E-02   2.3122362E-03   2.1316184E-01   1.1932661E+05   1.1987814E+05   9.4506329E+04   0.0000000E+00   0.0000000E+00   0.0000000E+00   0.0000000E+00
   5.5189690E-01   1.1247204E+05   1.1247204E+05   4.1611884E-02   1.9997155E-03   1.8500369E-01   1.1195457E+05   1.1247204E+05   8.8667693E+04   0.0000000E+00   0.0000000E+00   0.0000000E+00   0.0000000E+00
   5.7566177E-01   1.0522033E+05   1.0522033E+05   3.5788417E-02   1.7195236E-03   1.5908876E-01   1.0473622E+05   1.0522033E+05   8.2950779E+04   0.0000000E+00   0.0000000E+00   0.0000000E+00   0.0000000E+00
   6.0146666E-01   9.8161950E+04   9.8161950E+04   3.0581530E-02   1.4695007E-03   1.3641701E-01   9.7710299E+04   9.8161950E+04   7.7386271E+04   0.0000000E+00   0.0000000E+00   0.0000000E+00   0.0000000E+00
   6.2968447E-01   9.1266288E+04   9.1266288E+04   2.5937892E-02   1.2465743E-03   1.1578008E-01   9.0846355E+04   9.1266288E+04   7.1950048E+04   0.0000000E+00   0.0000000E+00   0.0000000E+00   0.0000000E+00
   6.6077347E-01   8.4509582E+04   8.4509582E+04   2.1811055E-02   1.0482370E-03   9.7750433E-02   8.4120729E+04   8.4509582E+04   6.6623372E+04   0.0000000E+00   0.0000000E+00   0.0000000E+00   0.0000000E+00
   6.9528662E-01   7.7893837E+04   7.7893837E+04   1.8157264E-02   8.7265443E-04   8.1495228E-02   7.7535418E+04   7.7893837E+04   6.1407825E+04   0.0000000E+00   0.0000000E+00   0.0000000E+00   0.0000000E+00
   7.3386724E-01   7.1415718E+04   7.1415718E+04   1.4942148E-02   7.1817852E-04   6.7160265E-02   7.1087101E+04   7.1415718E+04   5.6300777E+04   0.0000000E+00   0.0000000E+00   0.0000000E+00   0.0000000E+00
   7.7721635E-01   6.5095540E+04   6.5095540E+04   1.2142558E-02   5.8364349E-04   5.4568260E-02   6.4796000E+04   6.5095540E+04   5.1318243E+04   0.0000000E+00   0.0000000E+00   0.0000000E+00   0.0000000E+00
   8.2601713E-01   5.8975234E+04   5.8975234E+04   9.7391259E-03   4.6813913E-04   4.3948986E-02   5.8703852E+04   5.8975234E+04   4.6493279E+04   0.0000000E+00   0.0000000E+00   0.0000000E+00   0.0000000E+00
   8.8082116E-01   5.3117722E+04   5.3117722E+04   7.7139892E-03   3.7081334E-04   3.4783126E-02   5.2873290E+04   5.3117722E+04   4.1875491E+04   0.0000000E+00   0.0000000E+00   0.0000000E+00   0.0000000E+00
   9.4194513E-01   4.7597851E+04   4.7597851E+04   6.0431383E-03   2.9055831E-04   2.7363019E-02   4.7378816E+04   4.7597851E+04   3.7523884E+04   0.0000000E+00   0.0000000E+00   0.0000000E+00   0.0000000E+00
   1.0094590E+00   4.2481891E+04   4.2481891E+04   4.6970204E-03   2.2580310E-04   2.1287552E-02   4.2286396E+04   4.2481891E+04   3.3490703E+04   0.0000000E+00   0.0000000E+00   0.0000000E+00   0.0000000E+00
   1.0832978E+00   3.7811088E+04   3.7811088E+04   3.6303677E-03   1.7451511E-04   1.6488772E-02   3.7637086E+04   3.7811088E+04   2.9808462E+04   0.0000000E+00   0.0000000E+00   0.0000000E+00   0.0000000E+00
   1.1634234E+00   3.3595136E+04   3.3595136E+04   2.7963418E-03   1.3443553E-04   1.2796565E-02   3.3440533E+04   3.3595136E+04   2.6484805E+04   0.0000000E+00   0.0000000E+00   0.0000000E+00   0.0000000E+00
   1.2499326E+00   2.9816391E+04   2.9816391E+04   2.1500639E-03   1.0337259E-04   9.7745790E-03   2.9679176E+04   2.9816391E+04   2.3505821E+04   0.0000000E+00   0.0000000E+00   0.0000000E+00   0.0000000E+00
   1.3430799E+00   2.6443266E+04   2.6443266E+04   1.6514544E-03   7.9404014E-05   7.5182916E-03   2.6321573E+04   2.6443266E+04   2.0846609E+04   0.0000000E+00   0.0000000E+00   0.0000000E+00   0.0000000E+00
   1.4432494E+00   2.3438820E+04   2.3438820E+04   1.2676413E-03   6.0952448E-05   5.8099676E-03   2.3330953E+04   2.3438820E+04   1.8478047E+04   0.0000000E+00   0.0000000E+00   0.0000000E+00   0.0000000E+00
   1.5509173E+00   2.0765667E+04   2.0765667E+04   9.7254502E-04   4.6764416E-05   4.4505310E-03   2.0670102E+04   2.0765667E+04   1.6370661E+04   0.0000000E+00   0.0000000E+00   0.0000000E+00   0.0000000E+00
   1.6666255E+00   1.8389334E+04   1.8389334E+04   7.4465326E-04   3.5863019E-05   3.4232404E-03   1.8304705E+04   1.8389334E+04   1.4497273E+04   0.0000000E+00   0.0000000E+00   0.0000000E+00   0.0000000E+00
   1.7909683E+00   1.6277989E+04   1.6277989E+04   5.7174242E-04   2.7491263E-05   2.6145160E-03   1.6203075E+04   1.6277989E+04   1.2832788E+04   0.0000000E+00   0.0000000E+00   0.0000000E+00   0.0000000E+00
   1.9245885E+00   1.4403200E+04   1.4403200E+04   4.3825651E-04   2.1065199E-05   2.0097104E-03   1.4336914E+04   1.4403200E+04   1.1354794E+04   0.0000000E+00   0.0000000E+00   0.0000000E+00   0.0000000E+00
   2.0681778E+00   1.2739298E+04   1.2739298E+04   3.3557938E-04   1.6134900E-05   1.5473187E-03   1.2680670E+04   1.2739298E+04   1.0043054E+04   0.0000000E+00   0.0000000E+00   0.0000000E+00   0.0000000E+00
   2.2224801E+00   1.1263285E+04   1.1263285E+04   2.5688973E-04   1.2353821E-05   1.1885141E-03   1.1211450E+04   1.1263285E+04   8.8794353E+03   0.0000000E+00   0.0000000E+00   0.0000000E+00   0.0000000E+00
   2.3882945E+00   9.9545953E+03   9.9545953E+03   1.9660099E-04   9.4553973E-06   9.0572194E-04   9.9087823E+03   9.9545953E+03   7.8477267E+03   0.0000000E+00   0.0000000E+00   0.0000000E+00   0.0000000E+00
   2.5664800E+00   8.7947934E+03   8.7947934E+03   1.5040980E-04   7.2344177E-06   6.9022241E-04   8.7543180E+03   8.7947934E+03   6.9333943E+03   0.0000000E+00   0.0000000E+00   0.0000000E+00   0.0000000E+00
   2.7579595E+00   7.7674006E+03   7.7674006E+03   1.1503286E-04   5.5332330E-06   5.2684837E-04   7.7316534E+03   7.7674006E+03   6.1234469E+03   0.0000000E+00   0.0000000E+00   0.0000000E+00   0.0000000E+00
   2.9637248E+00   6.8576978E+03   6.8576978E+03   8.8000504E-05   4.2306767E-06   4.0195567E-04   6.8261372E+03   6.8576978E+03   5.4062808E+03   0.0000000E+00   0.0000000E+00   0.0000000E+00   0.0000000E+00
   3.1848419E+00   6.0525433E+03   6.0525433E+03   6.7204332E-05   3.2337166E-06   3.1259936E-04   6.0246882E+03   6.0525433E+03   4.7715355E+03   0.0000000E+00   0.0000000E+00   0.0000000E+00   0.0000000E+00
   3.4224561E+00   5.3402124E+03   5.3402124E+03   5.1361490E-05   2.4709316E-06   2.3657167E-04   5.3156355E+03   5.3402124E+03   4.2099678E+03   0.0000000E+00   0.0000000E+00   0.0000000E+00   0.0000000E+00
   3.6777981E+00   4.7102526E+03   4.7102526E+03   3.9229097E-05   1.8875140E-06   1.8342214E-04   4.6885749E+03   4.7102526E+03   3.7133377E+03   0.0000000E+00   0.0000000E+00   0.0000000E+00   0.0000000E+00
   3.9521906E+00   4.1533521E+03   4.1533521E+03   2.9967615E-05   1.4414353E-06   1.4029949E-04   4.1342373E+03   4.1533521E+03   3.2743039E+03   0.0000000E+00   0.0000000E+00   0.0000000E+00   0.0000000E+00
   4.2470550E+00   3.6612203E+03   3.6612203E+03   2.2865761E-05   1.1004766E-06   1.0795023E-04   3.6443704E+03   3.6612203E+03   2.8863308E+03   0.0000000E+00   0.0000000E+00   0.0000000E+00   0.0000000E+00
   4.5639185E+00   3.2264806E+03   3.2264806E+03   1.7449618E-05   8.3994577E-07   8.1620881E-05   3.2116316E+03   3.2264806E+03   2.5436028E+03   0.0000000E+00   0.0000000E+00   0.0000000E+00   0.0000000E+00
   4.9044226E+00   2.8425739E+03   2.8425739E+03   1.3310956E-05   6.4093286E-07   6.1310048E-05   2.8294917E+03   2.8425739E+03   2.2409492E+03   0.0000000E+00   0.0000000E+00   0.0000000E+00   0.0000000E+00
   5.2703309E+00   2.5036709E+03   2.5036709E+03   1.0154643E-05   4.8895275E-07   4.8739593E-05   2.4921484E+03   2.5036709E+03   1.9737742E+03   0.0000000E+00   0.0000000E+00   0.0000000E+00   0.0000000E+00
   5.6635388E+00   2.2045941E+03   2.2045941E+03   7.7426009E-06   3.7292620E-07   3.4645586E-05   2.1944480E+03   2.2045941E+03   1.7379964E+03   0.0000000E+00   0.0000000E+00   0.0000000E+00   0.0000000E+00
   6.0860831E+00   1.9407473E+03   1.9407473E+03   5.9026966E-06   2.8436885E-07   2.7666578E-05   1.9318154E+03   1.9407473E+03   1.5299922E+03   0.0000000E+00   0.0000000E+00   0.0000000E+00   0.0000000E+00
   6.5401526E+00   1.7080523E+03   1.7080523E+03   4.4973660E-06   2.1679661E-07   2.0960856E-05   1.7001914E+03   1.7080523E+03   1.3465466E+03   0.0000000E+00   0.0000000E+00   0.0000000E+00   0.0000000E+00
   7.0280992E+00   1.5028927E+03   1.5028927E+03   3.4279928E-06   1.6524888E-07   1.5520081E-05   1.4959760E+03   1.5028927E+03   1.1848086E+03   0.0000000E+00   0.0000000E+00   0.0000000E+00   0.0000000E+00
   7.5524504E+00   1.3220628E+03   1.3220628E+03   2.6111245E-06   1.2593499E-07   1.1790698E-05   1.3159783E+03   1.3220628E+03   1.0422510E+03   0.0000000E+00   0.0000000E+00   0.0000000E+00   0.0000000E+00
   8.1159223E+00   1.1627224E+03   1.1627224E+03   1.9884620E-06   9.5958299E-08   9.3531601E-06   1.1573712E+03   1.1627224E+03   9.1663466E+02   0.0000000E+00   0.0000000E+00   0.0000000E+00   0.0000000E+00
   8.7214337E+00   1.0223564E+03   1.0223564E+03   1.5142971E-06   7.3106137E-08   7.0575204E-06   1.0176512E+03   1.0223564E+03   8.0597680E+02   0.0000000E+00   0.0000000E+00   0.0000000E+00   0.0000000E+00
   9.3721209E+00   8.9873824E+02   8.9873824E+02   1.1527073E-06   5.5688730E-08   5.3452182E-06   8.9460201E+02   8.9873824E+02   7.0852218E+02   0.0000000E+00   0.0000000E+00   0.0000000E+00   0.0000000E+00
   1.0071354E+01   7.8989798E+02   7.8989798E+02   8.7721224E-07   4.2416117E-08   4.2202343E-06   7.8626266E+02   7.8989798E+02   6.2271774E+02   0.0000000E+00   0.0000000E+00   0.0000000E+00   0.0000000E+00
