#           k/h    CDM            baryon         photon         nu             mass_nu        total          no_nu          total_de       Weyl           v_CDM          v_b            v_b-v_c     
   1.0868327E-05   4.9814497E+06   4.9814497E+06   6.6412231E+06   1.5272582E+04   9.0784159E+04   4.9816644E+06   4.9814497E+06   4.8981084E+06   0.0000000E+00   0.0000000E+00   0.0000000E+00   0.0000000E+00
   1.1679190E-05   4.9814488E+06   4.9814488E+06   6.6411121E+06   1.5272434E+04   9.0783470E+04   4.9816635E+06   4.9814488E+06   4.8981075E+06   0.0000000E+00   0.0000000E+00   0.0000000E+00   0.0000000E+00
   1.2550549E-05   4.9814479E+06   4.9814479E+06   6.6409840E+06   1.5272264E+04   9.0782675E+04   4.9816624E+06   4.9814479E+06   4.8981065E+06   0.0000000E+00   0.0000000E+00   0.0000000E+00   0.0000000E+00
   1.3486918E-05   4.9814467E+06   4.9814467E+06   6.6408360E+06   1.5272067E+04   9.0781756E+04   4.9816612E+06   4.9814467E+06   4.8981052E+06   0.0000000E+00   0.0000000E+00   0.0000000E+00   0.0000000E+00
   1.4493148E-05   4.9814454E+06   4.9814454E+06   6.6406651E+06   1.5271840E+04   9.0780696E+04   4.9816598E+06   4.9814454E+06   4.8981038E+06   0.0000000E+00   0.0000000E+00   0.0000000E+00   0.0000000E+00
   1.5574450E-05   4.9814439E+06   4.9814439E+06   6.6404677E+06   1.5271578E+04   9.0779471E+04   4.9816581E+06   4.9814439E+06   4.8981022E+06   0.0000000E+00   0.0000000E+00   0.0000000E+00   0.0000000E+00
   1.6736426E-05   4.9814422E+06   4.9814422E+06   6.6402399E+06   1.5271275E+04   9.0778056E+04   4.9816562E+06   4.9814422E+06   4.8981004E+06   0.0000000E+00   0.0000000E+00   0.0000000E+00   0.0000000E+00
   1.7985094E-05   4.9814402E+06   4.9814402E+06   6.6399767E+06   1.5270925E+04   9.0776423E+04   4.9816541E+06   4.9814402E+06   4.8980982E+06   0.0000000E+00   0.0000000E+00   0.0000000E+00   0.0000000E+00
   1.9326923E-05   4.9814379E+06   4.9814379E+06   6.6396729E+06   1.5270521E+04   9.0774538E+04   4.9816515E+06   4.9814379E+06   4.8980957E+06   0.0000000E+00   0.0000000E+00   0.0000000E+00   0.0000000E+00
   2.0768863E-05   4.9814352E+06   4.9814352E+06   6.6393220E+06   1.5270055E+04   9.0772360E+04   4.9816486E+06   4.9814352E+06   4.8980928E+06   0.0000000E+00   0.0000000E+00   0.0000000E+00   0.0000000E+00
   2.2318382E-05   4.9814321E+06   4.9814321E+06   6.6389168E+06   1.5269516E+04   9.0769845E+04   4.9816452E+06   4.9814321E+06   4.8980895E+06   0.0000000E+00   0.0000000E+00   0.0000000E+00   0.0000000E+00
   2.3983508E-05   4.9814285E+06   4.9814285E+06   6.6384490E+06   1.5268895E+04   9.0766942E+04   4.9816413E+06   4.9814285E+06   4.8980857E+06   0.0000000E+00   0.0000000E+00   0.0000000E+00   0.0000000E+00
   2.5772866E-05   4.9814244E+06   4.9814244E+06   6.6379087E+06   1.5268177E+04   9.0763590E+04   4.9816368E+06   4.9814244E+06   4.8980813E+06   0.0000000E+00   0.0000000E+00   0.0000000E+00   0.0000000E+00
   2.7695723E-05   4.9814197E+06   4.9814197E+06   6.6372849E+06   1.5267347E+04   9.0759719E+04   4.9816317E+06   4.9814197E+06   4.8980762E+06   0.0000000E+00   0.0000000E+00   0.0000000E+00   0.0000000E+00
   2.9762041E-05   4.9814142E+06   4.9814142E+06   6.6365647E+06   1.5266390E+04   9.0755249E+04   4.9816257E+06   4.9814142E+06   4.8980703E+06   0.0000000E+00   0.0000000E+00   0.0000000E+00   0.0000000E+00
   3.1982522E-05   4.9814078E+06   4.9814078E+06   6.6357330E+06   1.5265284E+04   9.0750088E+04   4.9816187E+06   4.9814078E+06   4.8980634E+06   0.0000000E+00   0.0000000E+00   0.0000000E+00   0.0000000E+00
   3.4368669E-05   4.9814005E+06   4.9814005E+06   6.6347727E+06   1.5264008E+04   9.0744130E+04   4.9816107E+06   4.9814005E+06   4.8980556E+06   0.0000000E+00   0.0000000E+00   0.0000000E+00   0.0000000E+00
   3.6932841E-05   4.9813920E+06   4.9813920E+06   6.6336640E+06   1.5262534E+04   9.0737250E+04   4.9816015E+06   4.9813920E+06   4.8980465E+06   0.0000000E+00   0.0000000E+00   0.0000000E+00   0.0000000E+00
   3.9688320E-05   4.9813823E+06   4.9813823E+06   6.6323838E+06   1.5260832E+04   9.0729307E+04   4.9815909E+06   4.9813823E+06   4.8980360E+06   0.0000000E+00   0.0000000E+00   0.0000000E+00   0.0000000E+00
   4.2649379E-05   4.9813710E+06   4.9813710E+06   6.6309059E+06   1.5258867E+04   9.0720138E+04   4.9815785E+06   4.9813710E+06   4.8980239E+06   0.0000000E+00   0.0000000E+00   0.0000000E+00   0.0000000E+00
   4.5831357E-05   4.9813580E+06   4.9813580E+06   6.6291995E+06   1.5256598E+04   9.0709551E+04   4.9815643E+06   4.9813580E+06   4.8980099E+06   0.0000000E+00   0.0000000E+00   0.0000000E+00   0.0000000E+00
   4.9250735E-05   4.9813429E+06   4.9813429E+06   6.6272296E+06   1.5253978E+04   9.0697331E+04   4.9815479E+06   4.9813429E+06   4.8979938E+06   0.0000000E+00   0.0000000E+00   0.0000000E+00   0.0000000E+00
   5.2925225E-05   4.9813256E+06   4.9813256E+06   6.6249554E+06   1.5250954E+04   9.0683224E+04   4.9815290E+06   4.9813256E+06   4.8979751E+06   0.0000000E+00   0.0000000E+00   0.0000000E+00   0.0000000E+00
   5.6873861E-05   4.9813055E+06   4.9813055E+06   6.6223301E+06   1.5247462E+04   9.0666941E+04   4.9815071E+06   4.9813055E+06   4.8979536E+06   0.0000000E+00   0.0000000E+00   0.0000000E+00   0.0000000E+00
   6.1117096E-05   4.9812824E+06   4.9812824E+06   6.6192998E+06   1.5243432E+04   9.0648147E+04   4.9814818E+06   4.9812824E+06   4.8979287E+06   0.0000000E+00   0.0000000E+00   0.0000000E+00   0.0000000E+00
   6.5676910E-05   4.9812556E+06   4.9812556E+06   6.6158020E+06   1.5238778E+04   9.0626457E+04   4.9814527E+06   4.9812556E+06   4.8979000E+06   0.0000000E+00   0.0000000E+00   0.0000000E+00   0.0000000E+00
   7.0576922E-05   4.9812248E+06   4.9812248E+06   6.6117650E+06   1.5233407E+04   9.0601427E+04   4.9814190E+06   4.9812248E+06   4.8978668E+06   0.0000000E+00   0.0000000E+00   0.0000000E+00   0.0000000E+00
   7.5842513E-05   4.9811891E+06   4.9811891E+06   6.6071061E+06   1.5227207E+04   9.0572546E+04   4.9813801E+06   4.9811891E+06   4.8978286E+06   0.0000000E+00   0.0000000E+00   0.0000000E+00   0.0000000E+00
   8.1500958E-05   4.9811480E+06   4.9811480E+06   6.6017300E+06   1.5220051E+04   9.0539224E+04   4.9813352E+06   4.9811480E+06   4.8977844E+06   0.0000000E+00   0.0000000E+00   0.0000000E+00   0.0000000E+00
   8.7581567E-05   4.9811005E+06   4.9811005E+06   6.5955270E+06   1.5211793E+04   9.0500785E+04   4.9812834E+06   4.9811005E+06   4.8977333E+06   0.0000000E+00   0.0000000E+00   0.0000000E+00   0.0000000E+00
   9.4115838E-05   4.9810456E+06   4.9810456E+06   6.5883707E+06   1.5202263E+04   9.0456449E+04   4.9812235E+06   4.9810456E+06   4.8976744E+06   0.0000000E+00   0.0000000E+00   0.0000000E+00   0.0000000E+00
   1.0113762E-04   4.9809823E+06   4.9809823E+06   6.5801159E+06   1.5191266E+04   9.0405323E+04   4.9811544E+06   4.9809823E+06   4.8976064E+06   0.0000000E+00   0.0000000E+00   0.0000000E+00   0.0000000E+00
   1.0868327E-04   4.9809092E+06   4.9809092E+06   6.5705957E+06   1.5178580E+04   9.0346378E+04   4.9810746E+06   4.9809092E+06   4.8975279E+06   0.0000000E+00   0.0000000E+00   0.0000000E+00   0.0000000E+00
   1.1679190E-04   4.9808248E+06   4.9808248E+06   6.5596182E+06   1.5163945E+04   9.0278437E+04   4.9809826E+06   4.9808248E+06   4.8974373E+06   0.0000000E+00   0.0000000E+00   0.0000000E+00   0.0000000E+00
   1.2550549E-04   4.9807274E+06   4.9807274E+06   6.5469634E+06   1.5147066E+04   9.0200147E+04   4.9808763E+06   4.9807274E+06   4.8973327E+06   0.0000000E+00   0.0000000E+00   0.0000000E+00   0.0000000E+00
   1.3486918E-04   4.9806149E+06   4.9806149E+06   6.5323788E+06   1.5127601E+04   9.0109964E+04   4.9807536E+06   4.9806149E+06   4.8972119E+06   0.0000000E+00   0.0000000E+00   0.0000000E+00   0.0000000E+00
   1.4493148E-04   4.9804851E+06   4.9804851E+06   6.5155752E+06   1.5105161E+04   9.0006119E+04   4.9806120E+06   4.9804851E+06   4.8970726E+06   0.0000000E+00   0.0000000E+00   0.0000000E+00   0.0000000E+00
   1.5574450E-04   4.9803353E+06   4.9803353E+06   6.4962219E+06   1.5079297E+04   8.9886598E+04   4.9804486E+06   4.9803353E+06   4.8969118E+06   0.0000000E+00   0.0000000E+00   0.0000000E+00   0.0000000E+00
   1.6736426E-04   4.9801625E+06   4.9801625E+06   6.4739413E+06   1.5049494E+04   8.9749103E+04   4.9802601E+06   4.9801625E+06   4.8967262E+06   0.0000000E+00   0.0000000E+00   0.0000000E+00   0.0000000E+00
   1.7985094E-04   4.9799631E+06   4.9799631E+06   6.4483026E+06   1.5015166E+04   8.9591026E+04   4.9800425E+06   4.9799631E+06   4.8965121E+06   0.0000000E+00   0.0000000E+00   0.0000000E+00   0.0000000E+00
   1.9326923E-04   4.9797330E+06   4.9797330E+06   6.4188160E+06   1.4975640E+04   8.9409408E+04   4.9797916E+06   4.9797330E+06   4.8962651E+06   0.0000000E+00   0.0000000E+00   0.0000000E+00   0.0000000E+00
   2.0768863E-04   4.9794676E+06   4.9794676E+06   6.3849253E+06   1.4930149E+04   8.9200910E+04   4.9795021E+06   4.9794676E+06   4.8959802E+06   0.0000000E+00   0.0000000E+00   0.0000000E+00   0.0000000E+00
   2.2318382E-04   4.9791614E+06   4.9791614E+06   6.3460015E+06   1.4877822E+04   8.8961770E+04   4.9791682E+06   4.9791614E+06   4.8956516E+06   0.0000000E+00   0.0000000E+00   0.0000000E+00   0.0000000E+00
   2.3983508E-04   4.9788084E+06   4.9788084E+06   6.3013347E+06   1.4817666E+04   8.8687774E+04   4.9787833E+06   4.9788084E+06   4.8952727E+06   0.0000000E+00   0.0000000E+00   0.0000000E+00   0.0000000E+00
   2.5772866E-04   4.9784015E+06   4.9784015E+06   6.2501279E+06   1.4748559E+04   8.8374223E+04   4.9783396E+06   4.9784015E+06   4.8948360E+06   0.0000000E+00   0.0000000E+00   0.0000000E+00   0.0000000E+00
   2.7695723E-04   4.9779324E+06   4.9779324E+06   6.1914901E+06   1.4669233E+04   8.8015908E+04   4.9778282E+06   4.9779324E+06   4.8943327E+06   0.0000000E+00   0.0000000E+00   0.0000000E+00   0.0000000E+00
   2.9762041E-04   4.9773919E+06   4.9773919E+06   6.1244308E+06   1.4578261E+04   8.7607103E+04   4.9772390E+06   4.9773919E+06   4.8937528E+06   0.0000000E+00   0.0000000E+00   0.0000000E+00   0.0000000E+00
   3.1982522E-04   4.9767693E+06   4.9767693E+06   6.0478571E+06   1.4474046E+04   8.7141563E+04   4.9765604E+06   4.9767693E+06   4.8930850E+06   0.0000000E+00   0.0000000E+00   0.0000000E+00   0.0000000E+00
   3.4368669E-04   4.9760524E+06   4.9760524E+06   5.9605728E+06   1.4354808E+04   8.6612557E+04   4.9757793E+06   4.9760524E+06   4.8923162E+06   0.0000000E+00   0.0000000E+00   0.0000000E+00   0.0000000E+00
   3.6932841E-04   4.9752273E+06   4.9752273E+06   5.8612822E+06   1.4218578E+04   8.6012929E+04   4.9748804E+06   4.9752273E+06   4.8914315E+06   0.0000000E+00   0.0000000E+00   0.0000000E+00   0.0000000E+00
   3.9688320E-04   4.9742782E+06   4.9742782E+06   5.7486006E+06   1.4063192E+04   8.5335201E+04   4.9738466E+06   4.9742782E+06   4.8904141E+06   0.0000000E+00   0.0000000E+00   0.0000000E+00   0.0000000E+00
   4.2649379E-04   4.9731869E+06   4.9731869E+06   5.6210721E+06   1.3886295E+04   8.4571735E+04   4.9726583E+06   4.9731869E+06   4.8892447E+06   0.0000000E+00   0.0000000E+00   0.0000000E+00   0.0000000E+00
   4.5831357E-04   4.9719332E+06   4.9719332E+06   5.4771992E+06   1.3685358E+04   8.3714964E+04   4.9712936E+06   4.9719332E+06   4.8879016E+06   0.0000000E+00   0.0000000E+00   0.0000000E+00   0.0000000E+00
   4.9250735E-04   4.9704937E+06   4.9704937E+06   5.3154865E+06   1.3457695E+04   8.2757705E+04   4.9697273E+06   4.9704937E+06   4.8863603E+06   0.0000000E+00   0.0000000E+00   0.0000000E+00   0.0000000E+00
   5.2925225E-04   4.9688424E+06   4.9688424E+06   5.1345022E+06   1.3200518E+04   8.1693572E+04   4.9679315E+06   4.9688424E+06   4.8845930E+06   0.0000000E+00   0.0000000E+00   0.0000000E+00   0.0000000E+00
   5.6873861E-04   4.9669501E+06   4.9669501E+06   4.9329619E+06   1.2910994E+04   8.0517488E+04   4.9658744E+06   4.9669501E+06   4.8825689E+06   0.0000000E+00   0.0000000E+00   0.0000000E+00   0.0000000E+00
   6.1117096E-04   4.9647838E+06   4.9647838E+06   4.7098385E+06   1.2586345E+04   7.9226299E+04   4.9635211E+06   4.9647838E+06   4.8802532E+06   0.0000000E+00   0.0000000E+00   0.0000000E+00   0.0000000E+00
   6.5676910E-04   4.9623071E+06   4.9623071E+06   4.4645005E+06   1.2223978E+04   7.7819476E+04   4.9608323E+06   4.9623071E+06   4.8776075E+06   0.0000000E+00   0.0000000E+00   0.0000000E+00   0.0000000E+00
   7.0576922E-04   4.9594793E+06   4.9594793E+06   4.1968822E+06   1.1821652E+04   7.6299837E+04   4.9577650E+06   4.9594793E+06   4.8745894E+06   0.0000000E+00   0.0000000E+00   0.0000000E+00   0.0000000E+00
   7.5842513E-04   4.9562557E+06   4.9562557E+06   3.9076823E+06   1.1377699E+04   7.4674228E+04   4.9542716E+06   4.9562557E+06   4.8711524E+06   0.0000000E+00   0.0000000E+00   0.0000000E+00   0.0000000E+00
   8.1500958E-04   4.9525874E+06   4.9525874E+06   3.5985847E+06   1.0891284E+04   7.2954007E+04   4.9503007E+06   4.9525874E+06   4.8672457E+06   0.0000000E+00   0.0000000E+00   0.0000000E+00   0.0000000E+00
   8.7581567E-04   4.9484212E+06   4.9484212E+06   3.2724876E+06   1.0362715E+04   7.1155121E+04   4.9457964E+06   4.9484212E+06   4.8628146E+06   0.0000000E+00   0.0000000E+00   0.0000000E+00   0.0000000E+00
   9.4115838E-04   4.9436994E+06   4.9436994E+06   2.9337136E+06   9.7937794E+03   6.9297517E+04   4.9406991E+06   4.9436994E+06   4.8578004E+06   0.0000000E+00   0.0000000E+00   0.0000000E+00   0.0000000E+00
   1.0113762E-03   4.9383606E+06   4.9383606E+06   2.5881602E+06   9.1880991E+03   6.7403542E+04   4.9349455E+06   4.9383606E+06   4.8521410E+06   0.0000000E+00   0.0000000E+00   0.0000000E+00   0.0000000E+00
   1.0868327E-03   4.9323393E+06   4.9323393E+06   2.2433355E+06   8.5514418E+03   6.5495005E+04   4.9284690E+06   4.9323393E+06   4.8457712E+06   0.0000000E+00   0.0000000E+00   0.0000000E+00   0.0000000E+00
   1.1679190E-03   4.9255664E+06   4.9255664E+06   1.9082056E+06   7.8919483E+03   6.3588681E+04   4.9212008E+06   4.9255664E+06   4.8386233E+06   0.0000000E+00   0.0000000E+00   0.0000000E+00   0.0000000E+00
   1.2550549E-03   4.9179699E+06   4.9179699E+06   1.5927722E+06   7.2201835E+03   6.1690300E+04   4.9130698E+06   4.9179699E+06   4.8306277E+06   0.0000000E+00   0.0000000E+00   0.0000000E+00   0.0000000E+00
   1.3486918E-03   4.9094745E+06   4.9094745E+06   1.3073068E+06   6.5489159E+03   5.9787680E+04   4.9040037E+06   4.9094745E+06   4.8217135E+06   0.0000000E+00   0.0000000E+00   0.0000000E+00   0.0000000E+00
   1.4493148E-03   4.9000023E+06   4.9000023E+06   1.0612034E+06   5.8925228E+03   5.7844515E+04   4.8939291E+06   4.9000023E+06   4.8118088E+06   0.0000000E+00   0.0000000E+00   0.0000000E+00   0.0000000E+00
   1.5574450E-03   4.8894722E+06   4.8894722E+06   8.6149470E+05   5.2659445E+03   5.5797530E+04   4.8827715E+06   4.8894722E+06   4.8008405E+06   0.0000000E+00   0.0000000E+00   0.0000000E+00   0.0000000E+00
   1.6736426E-03   4.8777998E+06   4.8777998E+06   7.1121057E+05   4.6831775E+03   5.3560844E+04   4.8704549E+06   4.8777998E+06   4.7887342E+06   0.0000000E+00   0.0000000E+00   0.0000000E+00   0.0000000E+00
   1.7985094E-03   4.8648960E+06   4.8648960E+06   6.0794611E+05   4.1554207E+03   5.1041752E+04   4.8569007E+06   4.8648960E+06   4.7754127E+06   0.0000000E+00   0.0000000E+00   0.0000000E+00   0.0000000E+00
   1.9326923E-03   4.8506665E+06   4.8506665E+06   5.4319325E+05   3.6891745E+03   4.8170534E+04   4.8420259E+06   4.8506665E+06   4.7607947E+06   0.0000000E+00   0.0000000E+00   0.0000000E+00   0.0000000E+00
   2.0768863E-03   4.8350105E+06   4.8350105E+06   5.0308869E+05   3.2847934E+03   4.4941860E+04   4.8257417E+06   4.8350105E+06   4.7447926E+06   0.0000000E+00   0.0000000E+00   0.0000000E+00   0.0000000E+00
   2.2318382E-03   4.8178205E+06   4.8178205E+06   4.7107266E+05   2.9361402E+03   4.1456022E+04   4.8079514E+06   4.8178205E+06   4.7273112E+06   0.0000000E+00   0.0000000E+00   0.0000000E+00   0.0000000E+00
   2.3983508E-03   4.7989827E+06   4.7989827E+06   4.3237304E+05   2.6319287E+03   3.7936616E+04   4.7885498E+06   4.7989827E+06   4.7082470E+06   0.0000000E+00   0.0000000E+00   0.0000000E+00   0.0000000E+00
   2.5772866E-03   4.7783794E+06   4.7783794E+06   3.7917860E+05   2.3589146E+03   3.4694284E+04   4.7674242E+06   4.7783794E+06   4.6874884E+06   0.0000000E+00   0.0000000E+00   0.0000000E+00   0.0000000E+00
   2.7695723E-03   4.7558923E+06   4.7558923E+06   3.1415382E+05   2.1062505E+03   3.2017081E+04   4.7444561E+06   4.7558923E+06   4.6649187E+06   0.0000000E+00   0.0000000E+00   0.0000000E+00   0.0000000E+00
   2.9762041E-03   4.7314048E+06   4.7314048E+06   2.4943594E+05   1.8692645E+03   3.0009903E+04   4.7195245E+06   4.7314048E+06   4.6404183E+06   0.0000000E+00   0.0000000E+00   0.0000000E+00   0.0000000E+00
   3.1982522E-03   4.7048038E+06   4.7048038E+06   1.9968636E+05   1.6503567E+03   2.8473676E+04   4.6925080E+06   4.7048038E+06   4.6138675E+06   0.0000000E+00   0.0000000E+00   0.0000000E+00   0.0000000E+00
   3.4368669E-03   4.6759770E+06   4.6759770E+06   1.7176458E+05   1.4555811E+03   2.6961465E+04   4.6632849E+06   4.6759770E+06   4.5851463E+06   0.0000000E+00   0.0000000E+00   0.0000000E+00   0.0000000E+00
   3.6932841E-03   4.6448076E+06   4.6448076E+06   1.5836928E+05   1.2882634E+03   2.5080989E+04   4.6317311E+06   4.6448076E+06   4.5541326E+06   0.0000000E+00   0.0000000E+00   0.0000000E+00   0.0000000E+00
   3.9688320E-03   4.6111700E+06   4.6111700E+06   1.4340568E+05   1.1443679E+03   2.2875870E+04   4.5977182E+06   4.6111700E+06   4.5207000E+06   0.0000000E+00   0.0000000E+00   0.0000000E+00   0.0000000E+00
   4.2649379E-03   4.5749309E+06   4.5749309E+06   1.1779902E+05   1.0146547E+03   2.0865442E+04   4.5611152E+06   4.5749309E+06   4.4847196E+06   0.0000000E+00   0.0000000E+00   0.0000000E+00   0.0000000E+00
   4.5831357E-03   4.5359558E+06   4.5359558E+06   9.0098585E+04   8.9293982E+02   1.9478332E+04   4.5217936E+06   4.5359558E+06   4.4460653E+06   0.0000000E+00   0.0000000E+00   0.0000000E+00   0.0000000E+00
   4.9250735E-03   4.4941153E+06   4.4941153E+06   7.5230911E+04   7.8149370E+02   1.8403299E+04   4.4796316E+06   4.4941153E+06   4.4046172E+06   0.0000000E+00   0.0000000E+00   0.0000000E+00   0.0000000E+00
   5.2925225E-03   4.4492846E+06   4.4492846E+06   7.1677630E+04   6.8537374E+02   1.6937464E+04   4.4345112E+06   4.4492846E+06   4.3602592E+06   0.0000000E+00   0.0000000E+00   0.0000000E+00   0.0000000E+00
   5.6873861E-03   4.4013375E+06   4.4013375E+06   6.3292915E+04   6.0265053E+02   1.5186545E+04   4.3863115E+06   4.4013375E+06   4.3128726E+06   0.0000000E+00   0.0000000E+00   0.0000000E+00   0.0000000E+00
   6.1117096E-03   4.3501479E+06   4.3501479E+06   4.8942420E+04   5.2699196E+02   1.3971188E+04   4.3349095E+06   4.3501479E+06   4.2623366E+06   0.0000000E+00   0.0000000E+00   0.0000000E+00   0.0000000E+00
   6.5676910E-03   4.2955976E+06   4.2955976E+06   4.3221726E+04   4.5870109E+02   1.3074661E+04   4.2801845E+06   4.2955976E+06   4.2085325E+06   0.0000000E+00   0.0000000E+00   0.0000000E+00   0.0000000E+00
   7.0576922E-03   4.2375693E+06   4.2375693E+06   4.1103364E+04   4.0097533E+02   1.1662231E+04   4.2220116E+06   4.2375693E+06   4.1513375E+06   0.0000000E+00   0.0000000E+00   0.0000000E+00   0.0000000E+00
   7.5842513E-03   4.1759390E+06   4.1759390E+06   3.1546182E+04   3.4969468E+02   1.0456203E+04   4.1602636E+06   4.1759390E+06   4.0906266E+06   0.0000000E+00   0.0000000E+00   0.0000000E+00   0.0000000E+00
   8.1500958E-03   4.1105870E+06   4.1105870E+06   2.7263893E+04   3.0267128E+02   9.7053815E+03   4.0948327E+06   4.1105870E+06   4.0262940E+06   0.0000000E+00   0.0000000E+00   0.0000000E+00   0.0000000E+00
   8.7581567E-03   4.0414039E+06   4.0414039E+06   2.4338626E+04   2.6243478E+02   8.5486421E+03   4.0256237E+06   4.0414039E+06   3.9582462E+06   0.0000000E+00   0.0000000E+00   0.0000000E+00   0.0000000E+00
   9.4115838E-03   3.9682816E+06   3.9682816E+06   1.8310112E+04   2.2663656E+02   7.8834699E+03   3.9525194E+06   3.9682816E+06   3.8863677E+06   0.0000000E+00   0.0000000E+00   0.0000000E+00   0.0000000E+00
   1.0113762E-02   3.8911134E+06   3.8911134E+06   1.7766304E+04   1.9568691E+02   7.0145407E+03   3.8753988E+06   3.8911134E+06   3.8105398E+06   0.0000000E+00   0.0000000E+00   0.0000000E+00   0.0000000E+00
   1.0868327E-02   3.8097947E+06   3.8097947E+06   1.3404919E+04   1.6817856E+02   6.3093176E+03   3.7941699E+06   3.8097947E+06   3.7306720E+06   0.0000000E+00   0.0000000E+00   0.0000000E+00   0.0000000E+00
   1.1679190E-02   3.7242308E+06   3.7242308E+06   1.2919054E+04   1.4441457E+02   5.5700992E+03   3.7087444E+06   3.7242308E+06   3.6466776E+06   0.0000000E+00   0.0000000E+00   0.0000000E+00   0.0000000E+00
   1.2550549E-02   3.6343330E+06   3.6343330E+06   9.7165494E+03   1.2362004E+02   5.0207346E+03   3.6190210E+06   3.6343330E+06   3.5584569E+06   0.0000000E+00   0.0000000E+00   0.0000000E+00   0.0000000E+00
   1.3486918E-02   3.5400251E+06   3.5400251E+06   8.6110627E+03   1.0561434E+02   4.3352439E+03   3.5249304E+06   3.5400251E+06   3.4659420E+06   0.0000000E+00   0.0000000E+00   0.0000000E+00   0.0000000E+00
   1.4493148E-02   3.4412497E+06   3.4412497E+06   7.5013370E+03   8.9841261E+01   3.9355618E+03   3.4264149E+06   3.4412497E+06   3.3690760E+06   0.0000000E+00   0.0000000E+00   0.0000000E+00   0.0000000E+00
   1.5574450E-02   3.3379726E+06   3.3379726E+06   5.8037722E+03   7.6305201E+01   3.4503727E+03   3.3234349E+06   3.3379726E+06   3.2678200E+06   0.0000000E+00   0.0000000E+00   0.0000000E+00   0.0000000E+00
   1.6736426E-02   3.2301961E+06   3.2301961E+06   4.9204599E+03   6.4614616E+01   2.9514481E+03   3.2159970E+06   3.2301961E+06   3.1621806E+06   0.0000000E+00   0.0000000E+00   0.0000000E+00   0.0000000E+00
   1.7985094E-02   3.1179710E+06   3.1179710E+06   4.3227210E+03   5.4548825E+01   2.5676025E+03   3.1041482E+06   3.1179710E+06   3.0522040E+06   0.0000000E+00   0.0000000E+00   0.0000000E+00   0.0000000E+00
   1.9326923E-02   3.0014151E+06   3.0014151E+06   3.6998184E+03   4.5842380E+01   2.2501860E+03   2.9880054E+06   3.0014151E+06   2.9380051E+06   0.0000000E+00   0.0000000E+00   0.0000000E+00   0.0000000E+00
   2.0768862E-02   2.8807333E+06   2.8807333E+06   3.0727090E+03   3.8429024E+01   1.9455707E+03   2.8677706E+06   2.8807333E+06   2.8197827E+06   0.0000000E+00   0.0000000E+00   0.0000000E+00   0.0000000E+00
   2.2318380E-02   2.7562441E+06   2.7562441E+06   2.5176691E+03   3.2091984E+01   1.6713256E+03   2.7437622E+06   2.7562441E+06   2.6978497E+06   0.0000000E+00   0.0000000E+00   0.0000000E+00   0.0000000E+00
   2.3983494E-02   2.6284080E+06   2.6284080E+06   2.0507715E+03   2.6695320E+01   1.4210177E+03   2.6164346E+06   2.6284080E+06   2.5726529E+06   0.0000000E+00   0.0000000E+00   0.0000000E+00   0.0000000E+00
   2.5772787E-02   2.4978593E+06   2.4978593E+06   1.6259170E+03   2.2124176E+01   1.2108453E+03   2.4864202E+06   2.4978593E+06   2.4448143E+06   0.0000000E+00   0.0000000E+00   0.0000000E+00   0.0000000E+00
   2.7695353E-02   2.3654409E+06   2.3654409E+06   1.3440966E+03   1.8256420E+01   1.0383397E+03   2.3545563E+06   2.3654409E+06   2.3151571E+06   0.0000000E+00   0.0000000E+00   0.0000000E+00   0.0000000E+00
   2.9760532E-02   2.2322431E+06   2.2322431E+06   1.1149344E+03   1.5010119E+01   8.6622783E+02   2.2219268E+06   2.2322431E+06   2.1847470E+06   0.0000000E+00   0.0000000E+00   0.0000000E+00   0.0000000E+00
   3.1977111E-02   2.0996497E+06   2.0996497E+06   8.9757130E+02   1.2294786E+01   7.3428552E+02   2.0899081E+06   2.0996497E+06   2.0549376E+06   0.0000000E+00   0.0000000E+00   0.0000000E+00   0.0000000E+00
   3.4351480E-02   1.9693904E+06   1.9693904E+06   7.2258580E+02   1.0044852E+01   6.0283816E+02   1.9602210E+06   1.9693904E+06   1.9274206E+06   0.0000000E+00   0.0000000E+00   0.0000000E+00   0.0000000E+00
   3.6884162E-02   1.8435712E+06   1.8435712E+06   6.1549043E+02   8.1906445E+00   5.0591253E+02   1.8349607E+06   1.8435712E+06   1.8042564E+06   0.0000000E+00   0.0000000E+00   0.0000000E+00   0.0000000E+00
   3.9564888E-02   1.7246077E+06   1.7246077E+06   4.8774179E+02   6.6815029E+00   4.3053710E+02   1.7165306E+06   1.7246077E+06   1.6878080E+06   0.0000000E+00   0.0000000E+00   0.0000000E+00   0.0000000E+00
   4.2368393E-02   1.6149446E+06   1.6149446E+06   3.8146777E+02   5.4718851E+00   3.5846645E+02   1.6073626E+06   1.6149446E+06   1.5804667E+06   0.0000000E+00   0.0000000E+00   0.0000000E+00   0.0000000E+00
   4.5255281E-02   1.5165234E+06   1.5165234E+06   3.0886591E+02   4.5126862E+00   2.9766460E+02   1.5093885E+06   1.5165234E+06   1.4841320E+06   0.0000000E+00   0.0000000E+00   0.0000000E+00   0.0000000E+00
   4.8180766E-02   1.4302169E+06   1.4302169E+06   2.5769615E+02   3.7592793E+00   2.4911822E+02   1.4234759E+06   1.4302169E+06   1.3996571E+06   0.0000000E+00   0.0000000E+00   0.0000000E+00   0.0000000E+00
   5.1107154E-02   1.3556135E+06   1.3556135E+06   2.2017642E+02   3.1682433E+00   2.1103480E+02   1.3492141E+06   1.3556135E+06   1.3266379E+06   0.0000000E+00   0.0000000E+00   0.0000000E+00   0.0000000E+00
   5.4011784E-02   1.2912946E+06   1.2912946E+06   1.9223437E+02   2.7017063E+00   1.8160909E+02   1.2851908E+06   1.2912946E+06   1.2636859E+06   0.0000000E+00   0.0000000E+00   0.0000000E+00   0.0000000E+00
   5.6887054E-02   1.2353500E+06   1.2353500E+06   1.7004431E+02   2.3289776E+00   1.5898499E+02   1.2295040E+06   1.2353500E+06   1.2089309E+06   0.0000000E+00   0.0000000E+00   0.0000000E+00   0.0000000E+00
   5.9735896E-02   1.1858120E+06   1.1858120E+06   1.5050081E+02   2.0260645E+00   1.4195376E+02   1.1801949E+06   1.1858120E+06   1.1604469E+06   0.0000000E+00   0.0000000E+00   0.0000000E+00   0.0000000E+00
   6.2566903E-02   1.1408979E+06   1.1408979E+06   1.3212736E+02   1.7759476E+00   1.2786495E+02   1.1354889E+06   1.1408979E+06   1.1164890E+06   0.0000000E+00   0.0000000E+00   0.0000000E+00   0.0000000E+00
   6.5390943E-02   1.0991053E+06   1.0991053E+06   1.1457347E+02   1.5656898E+00   1.1569843E+02   1.0938904E+06   1.0991053E+06   1.0755866E+06   0.0000000E+00   0.0000000E+00   0.0000000E+00   0.0000000E+00
   6.8219283E-02   1.0592298E+06   1.0592298E+06   9.8461172E+01   1.3862572E+00   1.0391628E+02   1.0542007E+06   1.0592298E+06   1.0365610E+06   0.0000000E+00   0.0000000E+00   0.0000000E+00   0.0000000E+00
   7.1062715E-02   1.0203552E+06   1.0203552E+06   8.5142441E+01   1.2310495E+00   9.1923616E+01   1.0155077E+06   1.0203552E+06   9.9851545E+05   0.0000000E+00   0.0000000E+00   0.0000000E+00   0.0000000E+00
   7.3931239E-02   9.8183578E+05   9.8183578E+05   7.5195172E+01   1.0951377E+00   8.0826617E+01   9.7716871E+05   9.8183578E+05   9.6081796E+05   0.0000000E+00   0.0000000E+00   0.0000000E+00   0.0000000E+00
   7.6834009E-02   9.4327878E+05   9.4327878E+05   6.7630216E+01   9.7514710E-01   7.1187088E+01   9.3879272E+05   9.4327878E+05   9.2308411E+05   0.0000000E+00   0.0000000E+00   0.0000000E+00   0.0000000E+00
   7.9779409E-02   9.0452657E+05   9.0452657E+05   6.0978904E+01   8.6843621E-01   6.3501343E+01   9.0022282E+05   9.0452657E+05   8.8515959E+05   0.0000000E+00   0.0000000E+00   0.0000000E+00   0.0000000E+00
   8.2775157E-02   8.6563601E+05   8.6563601E+05   5.4516144E+01   7.7325180E-01   5.7153928E+01   8.6151556E+05   8.6563601E+05   8.4710001E+05   0.0000000E+00   0.0000000E+00   0.0000000E+00   0.0000000E+00
   8.5828425E-02   8.2685181E+05   8.2685181E+05   4.8380074E+01   6.8822692E-01   5.1804224E+01   8.2291443E+05   8.2685181E+05   8.0914479E+05   0.0000000E+00   0.0000000E+00   0.0000000E+00   0.0000000E+00
   8.8945946E-02   7.8857129E+05   7.8857129E+05   4.3082949E+01   6.1237902E-01   4.7020221E+01   7.8481484E+05   7.8857129E+05   7.7168272E+05   0.0000000E+00   0.0000000E+00   0.0000000E+00   0.0000000E+00
   9.2134109E-02   7.5129893E+05   7.5129893E+05   3.8956018E+01   5.4483568E-01   4.2466100E+01   7.4771882E+05   7.5129893E+05   7.3520742E+05   0.0000000E+00   0.0000000E+00   0.0000000E+00   0.0000000E+00
   9.5399035E-02   7.1559052E+05   7.1559052E+05   3.5446795E+01   4.8490755E-01   3.7460566E+01   7.1217950E+05   7.1559052E+05   7.0026278E+05   0.0000000E+00   0.0000000E+00   0.0000000E+00   0.0000000E+00
   9.8746648E-02   6.8198912E+05   6.8198912E+05   3.1068707E+01   4.3200366E-01   3.2378008E+01   6.7873733E+05   6.8198912E+05   6.6738019E+05   0.0000000E+00   0.0000000E+00   0.0000000E+00   0.0000000E+00
   1.0218272E-01   6.5095626E+05   6.5095626E+05   2.6308849E+01   3.8548628E-01   2.9581991E+01   6.4785159E+05   6.5095626E+05   6.3701125E+05   0.0000000E+00   0.0000000E+00   0.0000000E+00   0.0000000E+00
   1.0571294E-01   6.2280531E+05   6.2280531E+05   2.4577908E+01   3.4471946E-01   2.7881623E+01   6.1983415E+05   6.2280531E+05   6.0946262E+05   0.0000000E+00   0.0000000E+00   0.0000000E+00   0.0000000E+00
   1.0934291E-01   5.9764478E+05   5.9764478E+05   2.2283052E+01   3.0917557E-01   2.3364331E+01   5.9479298E+05   5.9764478E+05   5.8484046E+05   0.0000000E+00   0.0000000E+00   0.0000000E+00   0.0000000E+00
   1.1307821E-01   5.7534107E+05   5.7534107E+05   1.9156696E+01   2.7807296E-01   2.2571526E+01   5.7259508E+05   5.7534107E+05   5.6301399E+05   0.0000000E+00   0.0000000E+00   0.0000000E+00   0.0000000E+00
   1.1692440E-01   5.5550984E+05   5.5550984E+05   1.8140478E+01   2.5082082E-01   1.9145069E+01   5.5285795E+05   5.5550984E+05   5.4360712E+05   0.0000000E+00   0.0000000E+00   0.0000000E+00   0.0000000E+00
   1.2088706E-01   5.3754342E+05   5.3754342E+05   1.6198154E+01   2.2670338E-01   1.8793271E+01   5.3497678E+05   5.3754342E+05   5.2602516E+05   0.0000000E+00   0.0000000E+00   0.0000000E+00   0.0000000E+00
   1.2497179E-01   5.2067720E+05   5.2067720E+05   1.4073454E+01   2.0517328E-01   1.6327205E+01   5.1819065E+05   5.2067720E+05   5.0951990E+05   0.0000000E+00   0.0000000E+00   0.0000000E+00   0.0000000E+00
   1.2918421E-01   5.0409201E+05   5.0409201E+05   1.3201384E+01   1.8566524E-01   1.4389177E+01   5.0168424E+05   5.0409201E+05   4.9328969E+05   0.0000000E+00   0.0000000E+00   0.0000000E+00   0.0000000E+00
   1.3353001E-01   4.8704099E+05   4.8704099E+05   1.2197207E+01   1.6777630E-01   1.3195916E+01   4.8471429E+05   4.8704099E+05   4.7660369E+05   0.0000000E+00   0.0000000E+00   0.0000000E+00   0.0000000E+00
   1.3801492E-01   4.6898178E+05   4.6898178E+05   1.0970769E+01   1.5121280E-01   1.2032966E+01   4.6674100E+05   4.6898178E+05   4.5893115E+05   0.0000000E+00   0.0000000E+00   0.0000000E+00   0.0000000E+00
   1.4264473E-01   4.4968761E+05   4.4968761E+05   9.6773923E+00   1.3581988E-01   1.0872190E+01   4.4753871E+05   4.4968761E+05   4.4005017E+05   0.0000000E+00   0.0000000E+00   0.0000000E+00   0.0000000E+00
   1.4742529E-01   4.2930906E+05   4.2930906E+05   8.5600021E+00   1.2154856E-01   1.0009026E+01   4.2725727E+05   4.2930906E+05   4.2010809E+05   0.0000000E+00   0.0000000E+00   0.0000000E+00   0.0000000E+00
   1.5236253E-01   4.0836210E+05   4.0836210E+05   7.8420081E+00   1.0843215E-01   9.0029708E+00   4.0641017E+05   4.0836210E+05   3.9960982E+05   0.0000000E+00   0.0000000E+00   0.0000000E+00   0.0000000E+00
   1.5746246E-01   3.8763078E+05   3.8763078E+05   6.7746873E+00   9.6550939E-02   7.6444647E+00   3.8577772E+05   3.8763078E+05   3.7932261E+05   0.0000000E+00   0.0000000E+00   0.0000000E+00   0.0000000E+00
   1.6273116E-01   3.6799282E+05   3.6799282E+05   6.1012495E+00   8.5948758E-02   7.3865246E+00   3.6623344E+05   3.6799282E+05   3.6010535E+05   0.0000000E+00   0.0000000E+00   0.0000000E+00   0.0000000E+00
   1.6817481E-01   3.5020051E+05   3.5020051E+05   5.3192135E+00   7.6655566E-02   6.1453846E+00   3.4852602E+05   3.5020051E+05   3.4269423E+05   0.0000000E+00   0.0000000E+00   0.0000000E+00   0.0000000E+00
   1.7379969E-01   3.3467109E+05   3.3467109E+05   4.9634739E+00   6.8591744E-02   5.5655298E+00   3.3307070E+05   3.3467109E+05   3.2749751E+05   0.0000000E+00   0.0000000E+00   0.0000000E+00   0.0000000E+00
   1.7961217E-01   3.2135088E+05   3.2135088E+05   4.4567460E+00   6.1613189E-02   5.2241387E+00   3.1981404E+05   3.2135088E+05   3.1446268E+05   0.0000000E+00   0.0000000E+00   0.0000000E+00   0.0000000E+00
   1.8561876E-01   3.0970887E+05   3.0970887E+05   4.0066418E+00   5.5522364E-02   4.7621090E+00   3.0822758E+05   3.0970887E+05   3.0307009E+05   0.0000000E+00   0.0000000E+00   0.0000000E+00   0.0000000E+00
   1.9182609E-01   2.9888296E+05   2.9888296E+05   3.6386404E+00   5.0097572E-02   4.2002696E+00   2.9745332E+05   2.9888296E+05   2.9247611E+05   0.0000000E+00   0.0000000E+00   0.0000000E+00   0.0000000E+00
   1.9824097E-01   2.8795131E+05   2.8795131E+05   3.1947527E+00   4.5148253E-02   3.7038409E+00   2.8657386E+05   2.8795131E+05   2.8177870E+05   0.0000000E+00   0.0000000E+00   0.0000000E+00   0.0000000E+00
   2.0487036E-01   2.7624734E+05   2.7624734E+05   2.8874772E+00   4.0547041E-02   3.4726680E+00   2.7492578E+05   2.7624734E+05   2.7032552E+05   0.0000000E+00   0.0000000E+00   0.0000000E+00   0.0000000E+00
   2.1172144E-01   2.6360157E+05   2.6360157E+05   2.5382571E+00   3.6253841E-02   3.0785424E+00   2.6234042E+05   2.6360157E+05   2.5795075E+05   0.0000000E+00   0.0000000E+00   0.0000000E+00   0.0000000E+00
   2.1880164E-01   2.5040191E+05   2.5040191E+05   2.3069556E+00   3.2287460E-02   2.6539402E+00   2.4920383E+05   2.5040191E+05   2.4503397E+05   0.0000000E+00   0.0000000E+00   0.0000000E+00   0.0000000E+00
   2.2611864E-01   2.3742384E+05   2.3742384E+05   2.0688237E+00   2.8703313E-02   2.4401371E+00   2.3628779E+05   2.3742384E+05   2.3233405E+05   0.0000000E+00   0.0000000E+00   0.0000000E+00   0.0000000E+00
   2.3368048E-01   2.2548165E+05   2.2548165E+05   1.8370972E+00   2.5544926E-02   2.1904767E+00   2.2440268E+05   2.2548165E+05   2.2064781E+05   0.0000000E+00   0.0000000E+00   0.0000000E+00   0.0000000E+00
   2.4149554E-01   2.1504836E+05   2.1504836E+05   1.6289188E+00   2.2811531E-02   1.9035862E+00   2.1401926E+05   2.1504836E+05   2.1043813E+05   0.0000000E+00   0.0000000E+00   0.0000000E+00   0.0000000E+00
   2.4957266E-01   2.0603236E+05   2.0603236E+05   1.4248178E+00   2.0447759E-02   1.7617987E+00   2.0504635E+05   2.0603236E+05   2.0161537E+05   0.0000000E+00   0.0000000E+00   0.0000000E+00   0.0000000E+00
   2.5792117E-01   1.9784185E+05   1.9784185E+05   1.3095798E+00   1.8365824E-02   1.5649365E+00   1.9689499E+05   1.9784185E+05   1.9360040E+05   0.0000000E+00   0.0000000E+00   0.0000000E+00   0.0000000E+00
   2.6655099E-01   1.8972248E+05   1.8972248E+05   1.1733690E+00   1.6479196E-02   1.4161611E+00   1.8881444E+05   1.8972248E+05   1.8565506E+05   0.0000000E+00   0.0000000E+00   0.0000000E+00   0.0000000E+00
   2.7547271E-01   1.8118791E+05   1.8118791E+05   1.0556539E+00   1.4736593E-02   1.2731659E+00   1.8032068E+05   1.8118791E+05   1.7730343E+05   0.0000000E+00   0.0000000E+00   0.0000000E+00   0.0000000E+00
   2.8469771E-01   1.7228326E+05   1.7228326E+05   9.3934343E-01   1.3128148E-02   1.1256042E+00   1.7145862E+05   1.7228326E+05   1.6858965E+05   0.0000000E+00   0.0000000E+00   0.0000000E+00   0.0000000E+00
   2.9423825E-01   1.6350366E+05   1.6350366E+05   8.2074937E-01   1.1674031E-02   9.9253945E-01   1.6272101E+05   1.6350366E+05   1.5999825E+05   0.0000000E+00   0.0000000E+00   0.0000000E+00   0.0000000E+00
   3.0410766E-01   1.5541290E+05   1.5541290E+05   7.4083908E-01   1.0391836E-02   9.1384773E-01   1.5466896E+05   1.5541290E+05   1.5208093E+05   0.0000000E+00   0.0000000E+00   0.0000000E+00   0.0000000E+00
   3.1432042E-01   1.4822999E+05   1.4822999E+05   6.5544844E-01   9.2755359E-03   8.1707507E-01   1.4752041E+05   1.4822999E+05   1.4505199E+05   0.0000000E+00   0.0000000E+00   0.0000000E+00   0.0000000E+00
   3.2489244E-01   1.4169614E+05   1.4169614E+05   5.8865926E-01   8.2943571E-03   7.1906770E-01   1.4101782E+05   1.4169614E+05   1.3865820E+05   0.0000000E+00   0.0000000E+00   0.0000000E+00   0.0000000E+00
   3.3584118E-01   1.3532754E+05   1.3532754E+05   5.2457302E-01   7.4107837E-03   6.3995834E-01   1.3467968E+05   1.3532754E+05   1.3242612E+05   0.0000000E+00   0.0000000E+00   0.0000000E+00   0.0000000E+00
   3.4718599E-01   1.2883631E+05   1.2883631E+05   4.6692342E-01   6.6031678E-03   5.8164939E-01   1.2821952E+05   1.2883631E+05   1.2607406E+05   0.0000000E+00   0.0000000E+00   0.0000000E+00   0.0000000E+00
   3.5894833E-01   1.2234257E+05   1.2234257E+05   4.1289421E-01   5.8684243E-03   5.1848051E-01   1.2175685E+05   1.2234257E+05   1.1971952E+05   0.0000000E+00   0.0000000E+00   0.0000000E+00   0.0000000E+00
   3.7115220E-01   1.1618704E+05   1.1618704E+05   3.6808012E-01   5.2143279E-03   4.6112370E-01   1.1563078E+05   1.1618704E+05   1.1369596E+05   0.0000000E+00   0.0000000E+00   0.0000000E+00   0.0000000E+00
   3.8382450E-01   1.1054864E+05   1.1054864E+05   3.2797401E-01   4.6384073E-03   4.0715494E-01   1.1001935E+05   1.1054864E+05   1.0817843E+05   0.0000000E+00   0.0000000E+00   0.0000000E+00   0.0000000E+00
   3.9699557E-01   1.0527714E+05   1.0527714E+05   2.9311711E-01   4.1279834E-03   3.6304923E-01   1.0477309E+05   1.0527714E+05   1.0301995E+05   0.0000000E+00   0.0000000E+00   0.0000000E+00   0.0000000E+00
   4.1069982E-01   1.0010961E+05   1.0010961E+05   2.6024749E-01   3.6677153E-03   3.1788043E-01   9.9630287E+04   1.0010961E+05   9.7963201E+04   0.0000000E+00   0.0000000E+00   0.0000000E+00   0.0000000E+00
   4.2497647E-01   9.4985267E+04   9.4985267E+04   2.2950900E-01   3.2507009E-03   2.8751579E-01   9.4530468E+04   9.4985267E+04   9.2948716E+04   0.0000000E+00   0.0000000E+00   0.0000000E+00   0.0000000E+00
   4.3987049E-01   9.0060985E+04   9.0060985E+04   2.0348362E-01   2.8774706E-03   2.5429409E-01   8.9629758E+04   9.0060985E+04   8.8130008E+04   0.0000000E+00   0.0000000E+00   0.0000000E+00   0.0000000E+00
   4.5543379E-01   8.5441211E+04   8.5441211E+04   1.8043115E-01   2.5463118E-03   2.2373861E-01   8.5032097E+04   8.5441211E+04   8.3609279E+04   0.0000000E+00   0.0000000E+00   0.0000000E+00   0.0000000E+00
   4.7172661E-01   8.1032952E+04   8.1032952E+04   1.5931800E-01   2.2507727E-03   2.0093470E-01   8.0644940E+04   8.1032952E+04   7.9295531E+04   0.0000000E+00   0.0000000E+00   0.0000000E+00   0.0000000E+00
   4.8881944E-01   7.6720577E+04   7.6720577E+04   1.4043316E-01   1.9846192E-03   1.7219572E-01   7.6353208E+04   7.6720577E+04   7.5075611E+04   0.0000000E+00   0.0000000E+00   0.0000000E+00   0.0000000E+00
   5.0679525E-01   7.2535706E+04   7.2535706E+04   1.2342647E-01   1.7457711E-03   1.5292643E-01   7.2188370E+04   7.2535706E+04   7.0980463E+04   0.0000000E+00   0.0000000E+00   0.0000000E+00   0.0000000E+00
   5.2575253E-01   6.8541701E+04   6.8541701E+04   1.0849818E-01   1.5328696E-03   1.3605512E-01   6.8213487E+04   6.8541701E+04   6.7072090E+04   0.0000000E+00   0.0000000E+00   0.0000000E+00   0.0000000E+00
   5.4580911E-01   6.4694218E+04   6.4694218E+04   9.4956516E-02   1.3424401E-03   1.1756067E-01   6.4384424E+04   6.4694218E+04   6.3307097E+04   0.0000000E+00   0.0000000E+00   0.0000000E+00   0.0000000E+00
   5.6710699E-01   6.0943785E+04   6.0943785E+04   8.2851157E-02   1.1713527E-03   1.0525620E-01   6.0651946E+04   6.0943785E+04   5.9637074E+04   0.0000000E+00   0.0000000E+00   0.0000000E+00   0.0000000E+00
   5.8981879E-01   5.7314696E+04   5.7314696E+04   7.2028330E-02   1.0185003E-03   8.8631201E-02   5.7040232E+04   5.7314696E+04   5.6085794E+04   0.0000000E+00   0.0000000E+00   0.0000000E+00   0.0000000E+00
   6.1415581E-01   5.3801818E+04   5.3801818E+04   6.2375405E-02   8.8176848E-04   7.8834207E-02   5.3544173E+04   5.3801818E+04   5.2648234E+04   0.0000000E+00   0.0000000E+00   0.0000000E+00   0.0000000E+00
   6.4037844E-01   5.0373710E+04   5.0373710E+04   5.3701799E-02   7.5936273E-04   7.0176307E-02   5.0132480E+04   5.0373710E+04   4.9293627E+04   0.0000000E+00   0.0000000E+00   0.0000000E+00   0.0000000E+00
   6.6880889E-01   4.7034456E+04   4.7034456E+04   4.5976299E-02   6.5002309E-04   6.0195633E-02   4.6809215E+04   4.7034456E+04   4.6025969E+04   0.0000000E+00   0.0000000E+00   0.0000000E+00   0.0000000E+00
   6.9984624E-01   4.3772153E+04   4.3772153E+04   3.9078501E-02   5.5248295E-04   4.9700992E-02   4.3562532E+04   4.3772153E+04   4.2833612E+04   0.0000000E+00   0.0000000E+00   0.0000000E+00   0.0000000E+00
   7.3398216E-01   4.0577582E+04   4.0577582E+04   3.2934371E-02   4.6562863E-04   4.4023372E-02   4.0383258E+04   4.0577582E+04   3.9707536E+04   0.0000000E+00   0.0000000E+00   0.0000000E+00   0.0000000E+00
   7.7181316E-01   3.7448167E+04   3.7448167E+04   2.7487295E-02   3.8864292E-04   3.4970595E-02   3.7268828E+04   3.7448167E+04   3.6645219E+04   0.0000000E+00   0.0000000E+00   0.0000000E+00   0.0000000E+00
   8.1404052E-01   3.4382518E+04   3.4382518E+04   2.2686277E-02   3.2077507E-04   2.8966536E-02   3.4217859E+04   3.4382518E+04   3.3645301E+04   0.0000000E+00   0.0000000E+00   0.0000000E+00   0.0000000E+00
   8.6144245E-01   3.1387754E+04   3.1387754E+04   1.8493859E-02   2.6150575E-04   2.2997456E-02   3.1237436E+04   3.1387754E+04   3.0714749E+04   0.0000000E+00   0.0000000E+00   0.0000000E+00   0.0000000E+00
   9.1480118E-01   2.8480835E+04   2.8480835E+04   1.4880473E-02   2.1040392E-04   1.8911277E-02   2.8344437E+04   2.8480835E+04   2.7870157E+04   0.0000000E+00   0.0000000E+00   0.0000000E+00   0.0000000E+00
   9.7478211E-01   2.5689414E+04   2.5689414E+04   1.1820963E-02   1.6715171E-04   1.5693471E-02   2.5566384E+04   2.5689414E+04   2.5138589E+04   0.0000000E+00   0.0000000E+00   0.0000000E+00   0.0000000E+00
   1.0418075E+00   2.3048482E+04   2.3048482E+04   9.2849121E-03   1.3129874E-04   1.0718479E-02   2.2938099E+04   2.3048482E+04   2.2554282E+04   0.0000000E+00   0.0000000E+00   0.0000000E+00   0.0000000E+00
   1.1160128E+00   2.0591129E+04   2.0591129E+04   7.2285078E-03   1.0221967E-04   9.1137022E-03   2.0492513E+04   2.0591129E+04   2.0149618E+04   0.0000000E+00   0.0000000E+00   0.0000000E+00   0.0000000E+00
   1.1973434E+00   1.8339867E+04   1.8339867E+04   5.5932243E-03   7.9094470E-05   7.5655506E-03   1.8252033E+04   1.8339867E+04   1.7946627E+04   0.0000000E+00   0.0000000E+00   0.0000000E+00   0.0000000E+00
   1.2857354E+00   1.6302844E+04   1.6302844E+04   4.3118210E-03   6.0975996E-05   5.6291790E-03   1.6224765E+04   1.6302844E+04   1.5953281E+04   0.0000000E+00   0.0000000E+00   0.0000000E+00   0.0000000E+00
   1.3812576E+00   1.4474429E+04   1.4474429E+04   3.3170360E-03   4.6911487E-05   3.7490747E-03   1.4405107E+04   1.4474429E+04   1.4164071E+04   0.0000000E+00   0.0000000E+00   0.0000000E+00   0.0000000E+00
   1.4841569E+00   1.2840657E+04   1.2840657E+04   2.5487244E-03   3.6045104E-05   3.3935491E-03   1.2779160E+04   1.2840657E+04   1.2565329E+04   0.0000000E+00   0.0000000E+00   0.0000000E+00   0.0000000E+00
   1.5948355E+00   1.1384677E+04   1.1384677E+04   1.9569327E-03   2.7677330E-05   2.5433798E-03   1.1330153E+04   1.1384677E+04   1.1140568E+04   0.0000000E+00   0.0000000E+00   0.0000000E+00   0.0000000E+00
   1.7138078E+00   1.0088704E+04   1.0088704E+04   1.5037355E-03   2.1240103E-05   1.9682522E-03   1.0040385E+04   1.0088704E+04   9.8723825E+03   0.0000000E+00   0.0000000E+00   0.0000000E+00   0.0000000E+00
   1.8416675E+00   8.9362423E+03   8.9362423E+03   1.1521797E-03   1.6293123E-05   1.3987410E-03   8.8934436E+03   8.9362423E+03   8.7446321E+03   0.0000000E+00   0.0000000E+00   0.0000000E+00   0.0000000E+00
   1.9790695E+00   7.9119801E+03   7.9119801E+03   8.8328027E-04   1.2492601E-05   1.0664904E-03   7.8740869E+03   7.9119801E+03   7.7423320E+03   0.0000000E+00   0.0000000E+00   0.0000000E+00   0.0000000E+00
   2.1267235E+00   7.0022286E+03   7.0022286E+03   6.7690364E-04   9.5744867E-06   9.2361845E-04   6.9686925E+03   7.0022286E+03   6.8520873E+03   0.0000000E+00   0.0000000E+00   0.0000000E+00   0.0000000E+00
   2.2853936E+00   6.1945708E+03   6.1945708E+03   5.1855056E-04   7.3353326E-06   6.5600824E-04   6.1649027E+03   6.1945708E+03   6.0617472E+03   0.0000000E+00   0.0000000E+00   0.0000000E+00   0.0000000E+00
   2.4559019E+00   5.4779399E+03   5.4779399E+03   3.9709160E-04   5.6175699E-06   5.5572547E-04   5.4517040E+03   5.4779399E+03   5.3604822E+03   0.0000000E+00   0.0000000E+00   0.0000000E+00   0.0000000E+00
   2.6391314E+00   4.8423829E+03   4.8423829E+03   3.0396778E-04   4.3005646E-06   3.9855212E-04   4.8191909E+03   4.8423829E+03   4.7385527E+03   0.0000000E+00   0.0000000E+00   0.0000000E+00   0.0000000E+00
   2.8360313E+00   4.2789917E+03   4.2789917E+03   2.3259856E-04   3.2910697E-06   3.8151480E-04   4.2584980E+03   4.2789917E+03   4.1872418E+03   0.0000000E+00   0.0000000E+00   0.0000000E+00   0.0000000E+00
   3.0476214E+00   3.7798042E+03   3.7798042E+03   1.7792332E-04   2.5177457E-06   2.3317148E-04   3.7617012E+03   3.7798042E+03   3.6987578E+03   0.0000000E+00   0.0000000E+00   0.0000000E+00   0.0000000E+00
   3.2749978E+00   3.3377002E+03   3.3377002E+03   1.3605698E-04   1.9254995E-06   1.4986305E-04   3.3217147E+03   3.3377002E+03   3.2661333E+03   0.0000000E+00   0.0000000E+00   0.0000000E+00   0.0000000E+00
   3.5193383E+00   2.9463199E+03   2.9463199E+03   1.0406201E-04   1.4720791E-06   1.3107129E-04   2.9322089E+03   2.9463199E+03   2.8831450E+03   0.0000000E+00   0.0000000E+00   0.0000000E+00   0.0000000E+00
   3.7819085E+00   2.5999877E+03   2.5999877E+03   7.9482857E-05   1.1250977E-06   5.7552341E-05   2.5875353E+03   2.5999877E+03   2.5442388E+03   0.0000000E+00   0.0000000E+00   0.0000000E+00   0.0000000E+00
   4.0640685E+00   2.2936416E+03   2.2936416E+03   6.0715237E-05   8.5964300E-07   5.7167626E-05   2.2826565E+03   2.2936416E+03   2.2444614E+03   0.0000000E+00   0.0000000E+00   0.0000000E+00   0.0000000E+00
   4.3672798E+00   2.0227708E+03   2.0227708E+03   4.6366562E-05   6.5663048E-07   7.0655868E-05   2.0130829E+03   2.0227708E+03   1.9793986E+03   0.0000000E+00   0.0000000E+00   0.0000000E+00   0.0000000E+00
   4.6931130E+00   1.7833574E+03   1.7833574E+03   3.5381144E-05   5.0143644E-07   2.1574138E-05   1.7748162E+03   1.7833574E+03   1.7451187E+03   0.0000000E+00   0.0000000E+00   0.0000000E+00   0.0000000E+00
   5.0432560E+00   1.5718257E+03   1.5718257E+03   2.7010635E-05   3.8282176E-07   3.2669095E-05   1.5642976E+03   1.5718257E+03   1.5381227E+03   0.0000000E+00   0.0000000E+00   0.0000000E+00   0.0000000E+00
   5.4195224E+00   1.3849948E+03   1.3849948E+03   2.0620414E-05   2.9219421E-07   2.2216861E-05   1.3783615E+03   1.3849948E+03   1.3552978E+03   0.0000000E+00   0.0000000E+00   0.0000000E+00   0.0000000E+00
   5.8238612E+00   1.2200371E+03   1.2200371E+03   1.5728077E-05   2.2297270E-07   8.0107377E-06   1.2141939E+03   1.2200371E+03   1.1938771E+03   0.0000000E+00   0.0000000E+00   0.0000000E+00   0.0000000E+00
   6.2583668E+00   1.0744404E+03   1.0744404E+03   1.1994396E-05   1.7011184E-07   1.5844438E-05   1.0692945E+03   1.0744404E+03   1.0514023E+03   0.0000000E+00   0.0000000E+00   0.0000000E+00   0.0000000E+00
   6.7252900E+00   9.4597381E+02   9.4597381E+02   9.1441941E-06   1.2975842E-07   1.5241054E-05   9.4144316E+02   9.4597381E+02   9.2569026E+02   0.0000000E+00   0.0000000E+00   0.0000000E+00   0.0000000E+00
   7.2270493E+00   8.3265750E+02   8.3265750E+02   6.9707395E-06   9.8959193E-08   9.1551238E-06   8.2866956E+02   8.3265750E+02   8.1480367E+02   0.0000000E+00   0.0000000E+00   0.0000000E+00   0.0000000E+00
   7.7662437E+00   7.3273522E+02   7.3273522E+02   5.3118179E-06   7.5458921E-08   6.6716170E-06   7.2922586E+02   7.3273522E+02   7.1702393E+02   0.0000000E+00   0.0000000E+00   0.0000000E+00   0.0000000E+00
   8.3456663E+00   6.4464988E+02   6.4464988E+02   4.0466665E-06   5.7530542E-08   9.6780809E-06   6.4156239E+02   6.4464988E+02   6.3082731E+02   0.0000000E+00   0.0000000E+00   0.0000000E+00   0.0000000E+00
   8.9683183E+00   5.6702156E+02   5.6702156E+02   3.0821753E-06   4.3856897E-08   1.7646383E-06   5.6430586E+02   5.6702156E+02   5.5486349E+02   0.0000000E+00   0.0000000E+00   0.0000000E+00   0.0000000E+00
   9.6374251E+00   4.9862796E+02   4.9862796E+02   2.3468936E-06   3.3429697E-08   6.6517818E-06   4.9623983E+02   4.9862796E+02   4.8793638E+02   0.0000000E+00   0.0000000E+00   0.0000000E+00   0.0000000E+00
   1.0356452E+01   4.3838686E+02   4.3838686E+02   1.7874695E-06   2.5479793E-08   5.4883623E-06   4.3628725E+02   4.3838686E+02   4.2898698E+02   0.0000000E+00   0.0000000E+00   0.0000000E+00   0.0000000E+00
