#           k/h    CDM            baryon         photon         nu             mass_nu        total          no_nu          total_de       Weyl           v_CDM          v_b            v_b-v_c     
   9.7318872E-06   2.4929918E+07   2.4929918E+07   3.3224773E+07   1.9427218E+06   2.9329926E+07   2.4929939E+07   2.4929918E+07   7.4656931E+06   0.0000000E+00   0.0000000E+00   0.0000000E+00   0.0000000E+00
   1.0457962E-05   2.4929879E+07   2.4929879E+07   3.3222381E+07   1.9426858E+06   2.9329239E+07   2.4929899E+07   2.4929879E+07   7.4656820E+06   0.0000000E+00   0.0000000E+00   0.0000000E+00   0.0000000E+00
   1.1238208E-05   2.4929833E+07   2.4929833E+07   3.3219619E+07   1.9426443E+06   2.9328446E+07   2.4929853E+07   2.4929833E+07   7.4656691E+06   0.0000000E+00   0.0000000E+00   0.0000000E+00   0.0000000E+00
   1.2076666E-05   2.4929781E+07   2.4929781E+07   3.3216430E+07   1.9425963E+06   2.9327529E+07   2.4929800E+07   2.4929781E+07   7.4656542E+06   0.0000000E+00   0.0000000E+00   0.0000000E+00   0.0000000E+00
   1.2977680E-05   2.4929720E+07   2.4929720E+07   3.3212747E+07   1.9425409E+06   2.9326471E+07   2.4929739E+07   2.4929720E+07   7.4656370E+06   0.0000000E+00   0.0000000E+00   0.0000000E+00   0.0000000E+00
   1.3945917E-05   2.4929650E+07   2.4929650E+07   3.3208495E+07   1.9424769E+06   2.9325249E+07   2.4929669E+07   2.4929650E+07   7.4656172E+06   0.0000000E+00   0.0000000E+00   0.0000000E+00   0.0000000E+00
   1.4986391E-05   2.4929569E+07   2.4929569E+07   3.3203585E+07   1.9424030E+06   2.9323838E+07   2.4929587E+07   2.4929569E+07   7.4655943E+06   0.0000000E+00   0.0000000E+00   0.0000000E+00   0.0000000E+00
   1.6104493E-05   2.4929476E+07   2.4929476E+07   3.3197917E+07   1.9423177E+06   2.9322209E+07   2.4929493E+07   2.4929476E+07   7.4655679E+06   0.0000000E+00   0.0000000E+00   0.0000000E+00   0.0000000E+00
   1.7306015E-05   2.4929368E+07   2.4929368E+07   3.3191372E+07   1.9422192E+06   2.9320328E+07   2.4929384E+07   2.4929368E+07   7.4655374E+06   0.0000000E+00   0.0000000E+00   0.0000000E+00   0.0000000E+00
   1.8597179E-05   2.4929243E+07   2.4929243E+07   3.3183815E+07   1.9421055E+06   2.9318156E+07   2.4929258E+07   2.4929243E+07   7.4655021E+06   0.0000000E+00   0.0000000E+00   0.0000000E+00   0.0000000E+00
   1.9984674E-05   2.4929099E+07   2.4929099E+07   3.3175092E+07   1.9419741E+06   2.9315648E+07   2.4929113E+07   2.4929099E+07   7.4654614E+06   0.0000000E+00   0.0000000E+00   0.0000000E+00   0.0000000E+00
   2.1475687E-05   2.4928933E+07   2.4928933E+07   3.3165020E+07   1.9418225E+06   2.9312752E+07   2.4928946E+07   2.4928933E+07   7.4654144E+06   0.0000000E+00   0.0000000E+00   0.0000000E+00   0.0000000E+00
   2.3077941E-05   2.4928741E+07   2.4928741E+07   3.3153393E+07   1.9416474E+06   2.9309408E+07   2.4928753E+07   2.4928741E+07   7.4653601E+06   0.0000000E+00   0.0000000E+00   0.0000000E+00   0.0000000E+00
   2.4799736E-05   2.4928519E+07   2.4928519E+07   3.3139972E+07   1.9414452E+06   2.9305548E+07   2.4928529E+07   2.4928519E+07   7.4652975E+06   0.0000000E+00   0.0000000E+00   0.0000000E+00   0.0000000E+00
   2.6649991E-05   2.4928263E+07   2.4928263E+07   3.3124479E+07   1.9412117E+06   2.9301091E+07   2.4928272E+07   2.4928263E+07   7.4652251E+06   0.0000000E+00   0.0000000E+00   0.0000000E+00   0.0000000E+00
   2.8638289E-05   2.4927968E+07   2.4927968E+07   3.3106598E+07   1.9409422E+06   2.9295945E+07   2.4927974E+07   2.4927968E+07   7.4651416E+06   0.0000000E+00   0.0000000E+00   0.0000000E+00   0.0000000E+00
   3.0774929E-05   2.4927627E+07   2.4927627E+07   3.3085960E+07   1.9406310E+06   2.9290004E+07   2.4927630E+07   2.4927627E+07   7.4650452E+06   0.0000000E+00   0.0000000E+00   0.0000000E+00   0.0000000E+00
   3.3070980E-05   2.4927233E+07   2.4927233E+07   3.3062143E+07   1.9402718E+06   2.9283145E+07   2.4927234E+07   2.4927233E+07   7.4649338E+06   0.0000000E+00   0.0000000E+00   0.0000000E+00   0.0000000E+00
   3.5538334E-05   2.4926779E+07   2.4926779E+07   3.3034660E+07   1.9398570E+06   2.9275228E+07   2.4926776E+07   2.4926779E+07   7.4648053E+06   0.0000000E+00   0.0000000E+00   0.0000000E+00   0.0000000E+00
   3.8189772E-05   2.4926254E+07   2.4926254E+07   3.3002950E+07   1.9393782E+06   2.9266089E+07   2.4926247E+07   2.4926254E+07   7.4646570E+06   0.0000000E+00   0.0000000E+00   0.0000000E+00   0.0000000E+00
   4.1039028E-05   2.4925648E+07   2.4925648E+07   3.2966368E+07   1.9388256E+06   2.9255540E+07   2.4925636E+07   2.4925648E+07   7.4644857E+06   0.0000000E+00   0.0000000E+00   0.0000000E+00   0.0000000E+00
   4.4100861E-05   2.4924948E+07   2.4924948E+07   3.2924173E+07   1.9381876E+06   2.9243365E+07   2.4924932E+07   2.4924948E+07   7.4642880E+06   0.0000000E+00   0.0000000E+00   0.0000000E+00   0.0000000E+00
   4.7391130E-05   2.4924141E+07   2.4924141E+07   3.2875511E+07   1.9374513E+06   2.9229314E+07   2.4924118E+07   2.4924141E+07   7.4640598E+06   0.0000000E+00   0.0000000E+00   0.0000000E+00   0.0000000E+00
   5.0926879E-05   2.4923209E+07   2.4923209E+07   3.2819403E+07   1.9366015E+06   2.9213100E+07   2.4923180E+07   2.4923209E+07   7.4637965E+06   0.0000000E+00   0.0000000E+00   0.0000000E+00   0.0000000E+00
   5.4726423E-05   2.4922134E+07   2.4922134E+07   3.2754724E+07   1.9356208E+06   2.9194391E+07   2.4922096E+07   2.4922134E+07   7.4634926E+06   0.0000000E+00   0.0000000E+00   0.0000000E+00   0.0000000E+00
   5.8809443E-05   2.4920893E+07   2.4920893E+07   3.2680186E+07   1.9344891E+06   2.9172806E+07   2.4920846E+07   2.4920893E+07   7.4631420E+06   0.0000000E+00   0.0000000E+00   0.0000000E+00   0.0000000E+00
   6.3197088E-05   2.4919460E+07   2.4919460E+07   3.2594313E+07   1.9331835E+06   2.9147908E+07   2.4919403E+07   2.4919460E+07   7.4627374E+06   0.0000000E+00   0.0000000E+00   0.0000000E+00   0.0000000E+00
   6.7912085E-05   2.4917808E+07   2.4917808E+07   3.2495418E+07   1.9316773E+06   2.9119192E+07   2.4917738E+07   2.4917808E+07   7.4622707E+06   0.0000000E+00   0.0000000E+00   0.0000000E+00   0.0000000E+00
   7.2978858E-05   2.4915902E+07   2.4915902E+07   3.2381574E+07   1.9299401E+06   2.9086080E+07   2.4915818E+07   2.4915902E+07   7.4617325E+06   0.0000000E+00   0.0000000E+00   0.0000000E+00   0.0000000E+00
   7.8423652E-05   2.4913704E+07   2.4913704E+07   3.2250585E+07   1.9279366E+06   2.9047906E+07   2.4913603E+07   2.4913704E+07   7.4611118E+06   0.0000000E+00   0.0000000E+00   0.0000000E+00   0.0000000E+00
   8.4274671E-05   2.4911168E+07   2.4911168E+07   3.2099954E+07   1.9256267E+06   2.9003908E+07   2.4911049E+07   2.4911168E+07   7.4603961E+06   0.0000000E+00   0.0000000E+00   0.0000000E+00   0.0000000E+00
   9.0562221E-05   2.4908245E+07   2.4908245E+07   3.1926848E+07   1.9229642E+06   2.8953214E+07   2.4908104E+07   2.4908245E+07   7.4595713E+06   0.0000000E+00   0.0000000E+00   0.0000000E+00   0.0000000E+00
   9.7318872E-05   2.4904875E+07   2.4904875E+07   3.1728063E+07   1.9198959E+06   2.8894823E+07   2.4904709E+07   2.4904875E+07   7.4586208E+06   0.0000000E+00   0.0000000E+00   0.0000000E+00   0.0000000E+00
   1.0457962E-04   2.4900992E+07   2.4900992E+07   3.1499990E+07   1.9163613E+06   2.8827595E+07   2.4900796E+07   2.4900992E+07   7.4575260E+06   0.0000000E+00   0.0000000E+00   0.0000000E+00   0.0000000E+00
   1.1238208E-04   2.4896519E+07   2.4896519E+07   3.1238575E+07   1.9122910E+06   2.8750226E+07   2.4896289E+07   2.4896519E+07   7.4562652E+06   0.0000000E+00   0.0000000E+00   0.0000000E+00   0.0000000E+00
   1.2076666E-04   2.4891367E+07   2.4891367E+07   3.0939294E+07   1.9076058E+06   2.8661236E+07   2.4891099E+07   2.4891367E+07   7.4548142E+06   0.0000000E+00   0.0000000E+00   0.0000000E+00   0.0000000E+00
   1.2977680E-04   2.4885437E+07   2.4885437E+07   3.0597124E+07   1.9022155E+06   2.8558940E+07   2.4885125E+07   2.4885437E+07   7.4531450E+06   0.0000000E+00   0.0000000E+00   0.0000000E+00   0.0000000E+00
   1.3945917E-04   2.4878615E+07   2.4878615E+07   3.0206527E+07   1.8960175E+06   2.8441432E+07   2.4878251E+07   2.4878615E+07   7.4512258E+06   0.0000000E+00   0.0000000E+00   0.0000000E+00   0.0000000E+00
   1.4986391E-04   2.4870770E+07   2.4870770E+07   2.9761454E+07   1.8888957E+06   2.8306559E+07   2.4870347E+07   2.4870770E+07   7.4490208E+06   0.0000000E+00   0.0000000E+00   0.0000000E+00   0.0000000E+00
   1.6104493E-04   2.4861756E+07   2.4861756E+07   2.9255369E+07   1.8807184E+06   2.8151902E+07   2.4861264E+07   2.4861756E+07   7.4464895E+06   0.0000000E+00   0.0000000E+00   0.0000000E+00   0.0000000E+00
   1.7306015E-04   2.4851405E+07   2.4851405E+07   2.8681300E+07   1.8713375E+06   2.7974749E+07   2.4850834E+07   2.4851405E+07   7.4435859E+06   0.0000000E+00   0.0000000E+00   0.0000000E+00   0.0000000E+00
   1.8597179E-04   2.4839530E+07   2.4839530E+07   2.8031945E+07   1.8605869E+06   2.7772082E+07   2.4838868E+07   2.4839530E+07   7.4402590E+06   0.0000000E+00   0.0000000E+00   0.0000000E+00   0.0000000E+00
   1.9984674E-04   2.4825920E+07   2.4825920E+07   2.7299823E+07   1.8482809E+06   2.7540559E+07   2.4825153E+07   2.4825920E+07   7.4364515E+06   0.0000000E+00   0.0000000E+00   0.0000000E+00   0.0000000E+00
   2.1475687E-04   2.4810339E+07   2.4810339E+07   2.6477509E+07   1.8342135E+06   2.7276510E+07   2.4809452E+07   2.4810339E+07   7.4320998E+06   0.0000000E+00   0.0000000E+00   0.0000000E+00   0.0000000E+00
   2.3077941E-04   2.4792526E+07   2.4792526E+07   2.5557950E+07   1.8181575E+06   2.6975941E+07   2.4791501E+07   2.4792526E+07   7.4271341E+06   0.0000000E+00   0.0000000E+00   0.0000000E+00   0.0000000E+00
   2.4799736E-04   2.4772192E+07   2.4772192E+07   2.4534905E+07   1.7998646E+06   2.6634550E+07   2.4771008E+07   2.4772192E+07   7.4214778E+06   0.0000000E+00   0.0000000E+00   0.0000000E+00   0.0000000E+00
   2.6649991E-04   2.4749020E+07   2.4749020E+07   2.3403509E+07   1.7790659E+06   2.6247776E+07   2.4747653E+07   2.4749020E+07   7.4150482E+06   0.0000000E+00   0.0000000E+00   0.0000000E+00   0.0000000E+00
   2.8638289E-04   2.4722667E+07   2.4722667E+07   2.2160975E+07   1.7554742E+06   2.5810860E+07   2.4721090E+07   2.4722667E+07   7.4077569E+06   0.0000000E+00   0.0000000E+00   0.0000000E+00   0.0000000E+00
   3.0774929E-04   2.4692765E+07   2.4692765E+07   2.0807458E+07   1.7287872E+06   2.5318949E+07   2.4690948E+07   2.4692765E+07   7.3995107E+06   0.0000000E+00   0.0000000E+00   0.0000000E+00   0.0000000E+00
   3.3070980E-04   2.4658924E+07   2.4658924E+07   1.9347044E+07   1.6986928E+06   2.4767248E+07   2.4656832E+07   2.4658924E+07   7.3902131E+06   0.0000000E+00   0.0000000E+00   0.0000000E+00   0.0000000E+00
   3.5538334E-04   2.4620741E+07   2.4620741E+07   1.7788839E+07   1.6648775E+06   2.4151211E+07   2.4618333E+07   2.4620741E+07   7.3797669E+06   0.0000000E+00   0.0000000E+00   0.0000000E+00   0.0000000E+00
   3.8189772E-04   2.4577803E+07   2.4577803E+07   1.6148064E+07   1.6270370E+06   2.3466803E+07   2.4575035E+07   2.4577803E+07   7.3680769E+06   0.0000000E+00   0.0000000E+00   0.0000000E+00   0.0000000E+00
   4.1039028E-04   2.4529704E+07   2.4529704E+07   1.4447026E+07   1.5848907E+06   2.2710817E+07   2.4526526E+07   2.4529704E+07   7.3550539E+06   0.0000000E+00   0.0000000E+00   0.0000000E+00   0.0000000E+00
   4.4100861E-04   2.4476061E+07   2.4476061E+07   1.2715744E+07   1.5381999E+06   2.1881257E+07   2.4472416E+07   2.4476061E+07   7.3406193E+06   0.0000000E+00   0.0000000E+00   0.0000000E+00   0.0000000E+00
   4.7391130E-04   2.4416527E+07   2.4416527E+07   1.0991939E+07   1.4867899E+06   2.0977774E+07   2.4412352E+07   2.4416527E+07   7.3247109E+06   0.0000000E+00   0.0000000E+00   0.0000000E+00   0.0000000E+00
   5.0926879E-04   2.4350822E+07   2.4350822E+07   9.3200527E+06   1.4305758E+06   2.0002130E+07   2.4346046E+07   2.4350822E+07   7.3072891E+06   0.0000000E+00   0.0000000E+00   0.0000000E+00   0.0000000E+00
   5.4726423E-04   2.4278750E+07   2.4278750E+07   7.7488840E+06   1.3695907E+06   1.8958657E+07   2.4273296E+07   2.4278750E+07   7.2883428E+06   0.0000000E+00   0.0000000E+00   0.0000000E+00   0.0000000E+00
   5.8809443E-04   2.4200235E+07   2.4200235E+07   6.3275639E+06   1.3040142E+06   1.7854655E+07   2.4194017E+07   2.4200235E+07   7.2678954E+06   0.0000000E+00   0.0000000E+00   0.0000000E+00   0.0000000E+00
   6.3197088E-04   2.4115339E+07   2.4115339E+07   5.0997697E+06   1.2341994E+06   1.6700634E+07   2.4108264E+07   2.4115339E+07   7.2460084E+06   0.0000000E+00   0.0000000E+00   0.0000000E+00   0.0000000E+00
   6.7912085E-04   2.4024287E+07   2.4024287E+07   4.0965597E+06   1.1606923E+06   1.5510332E+07   2.4016256E+07   2.4024287E+07   7.2227824E+06   0.0000000E+00   0.0000000E+00   0.0000000E+00   0.0000000E+00
   7.2978858E-04   2.3927476E+07   2.3927476E+07   3.3288978E+06   1.0842404E+06   1.4300385E+07   2.3918382E+07   2.3927476E+07   7.1983543E+06   0.0000000E+00   0.0000000E+00   0.0000000E+00   0.0000000E+00
   7.8423652E-04   2.3825470E+07   2.3825470E+07   2.7818178E+06   1.0057828E+06   1.3089588E+07   2.3815202E+07   2.3825470E+07   7.1728879E+06   0.0000000E+00   0.0000000E+00   0.0000000E+00   0.0000000E+00
   8.4274671E-04   2.3718976E+07   2.3718976E+07   2.4129345E+06   9.2641908E+05   1.1897726E+07   2.3707418E+07   2.3718976E+07   7.1465594E+06   0.0000000E+00   0.0000000E+00   0.0000000E+00   0.0000000E+00
   9.0562221E-04   2.3608799E+07   2.3608799E+07   2.1581177E+06   8.4735264E+05   1.0744035E+07   2.3595833E+07   2.3608799E+07   7.1195378E+06   0.0000000E+00   0.0000000E+00   0.0000000E+00   0.0000000E+00
   9.7318872E-04   2.3495765E+07   2.3495765E+07   1.9458279E+06   7.6981126E+05   9.6455105E+06   2.3481278E+07   2.3495765E+07   7.0919615E+06   0.0000000E+00   0.0000000E+00   0.0000000E+00   0.0000000E+00
   1.0457962E-03   2.3380647E+07   2.3380647E+07   1.7182610E+06   6.9495336E+05   8.6153704E+06   2.3364525E+07   2.3380647E+07   7.0639174E+06   0.0000000E+00   0.0000000E+00   0.0000000E+00   0.0000000E+00
   1.1238208E-03   2.3264065E+07   2.3264065E+07   1.4523458E+06   6.2377432E+05   7.6620729E+06   2.3246205E+07   2.3264065E+07   7.0354263E+06   0.0000000E+00   0.0000000E+00   0.0000000E+00   0.0000000E+00
   1.2076666E-03   2.3146420E+07   2.3146420E+07   1.1690604E+06   5.5703218E+05   6.7891998E+06   2.3126730E+07   2.3146420E+07   7.0064391E+06   0.0000000E+00   0.0000000E+00   0.0000000E+00   0.0000000E+00
   1.2977680E-03   2.3027848E+07   2.3027848E+07   9.2010186E+05   4.9521038E+05   5.9962810E+06   2.3006250E+07   2.3027848E+07   6.9768466E+06   0.0000000E+00   0.0000000E+00   0.0000000E+00   0.0000000E+00
   1.3945917E-03   2.2908218E+07   2.2908218E+07   7.5159886E+05   4.3852653E+05   5.2802658E+06   2.2884651E+07   2.2908218E+07   6.9464982E+06   0.0000000E+00   0.0000000E+00   0.0000000E+00   0.0000000E+00
   1.4986391E-03   2.2787170E+07   2.2787170E+07   6.6450177E+05   3.8698070E+05   4.6370236E+06   2.2761589E+07   2.2787170E+07   6.9152207E+06   0.0000000E+00   0.0000000E+00   0.0000000E+00   0.0000000E+00
   1.6104493E-03   2.2664168E+07   2.2664168E+07   6.0663799E+05   3.4042300E+05   4.0622401E+06   2.2636546E+07   2.2664168E+07   6.8828296E+06   0.0000000E+00   0.0000000E+00   0.0000000E+00   0.0000000E+00
   1.7306015E-03   2.2538564E+07   2.2538564E+07   5.1737058E+05   2.9861523E+05   3.5514767E+06   2.2508887E+07   2.2538564E+07   6.8491294E+06   0.0000000E+00   0.0000000E+00   0.0000000E+00   0.0000000E+00
   1.8597179E-03   2.2409634E+07   2.2409634E+07   3.9277827E+05   2.6127109E+05   3.0997873E+06   2.2377894E+07   2.2409634E+07   6.8139093E+06   0.0000000E+00   0.0000000E+00   0.0000000E+00   0.0000000E+00
   1.9984674E-03   2.2276599E+07   2.2276599E+07   2.9273166E+05   2.2807548E+05   2.7015999E+06   2.2242792E+07   2.2276599E+07   6.7769449E+06   0.0000000E+00   0.0000000E+00   0.0000000E+00   0.0000000E+00
   2.1475687E-03   2.2138638E+07   2.2138638E+07   2.5838314E+05   1.9869374E+05   2.3512156E+06   2.2102756E+07   2.2138638E+07   6.7380060E+06   0.0000000E+00   0.0000000E+00   0.0000000E+00   0.0000000E+00
   2.3077941E-03   2.1994902E+07   2.1994902E+07   2.4537798E+05   1.7278006E+05   2.0435177E+06   2.1956929E+07   2.1994902E+07   6.6968622E+06   0.0000000E+00   0.0000000E+00   0.0000000E+00   0.0000000E+00
   2.4799736E-03   2.1844521E+07   2.1844521E+07   1.9722481E+05   1.4999047E+05   1.7741323E+06   2.1804438E+07   2.1844521E+07   6.6532819E+06   0.0000000E+00   0.0000000E+00   0.0000000E+00   0.0000000E+00
   2.6649991E-03   2.1686631E+07   2.1686631E+07   1.4650233E+05   1.2999948E+05   1.5388985E+06   2.1644415E+07   2.1686631E+07   6.6070331E+06   0.0000000E+00   0.0000000E+00   0.0000000E+00   0.0000000E+00
   2.8638289E-03   2.1520378E+07   2.1520378E+07   1.3220866E+05   1.1250814E+05   1.3336048E+06   2.1476008E+07   2.1520378E+07   6.5578894E+06   0.0000000E+00   0.0000000E+00   0.0000000E+00   0.0000000E+00
   3.0774929E-03   2.1344922E+07   2.1344922E+07   1.1080247E+05   9.7237152E+04   1.1546288E+06   2.1298386E+07   2.1344922E+07   6.5056299E+06   0.0000000E+00   0.0000000E+00   0.0000000E+00   0.0000000E+00
   3.3070980E-03   2.1159440E+07   2.1159440E+07   8.4354293E+04   8.3927256E+04   9.9901598E+05   2.1110735E+07   2.1159440E+07   6.4500367E+06   0.0000000E+00   0.0000000E+00   0.0000000E+00   0.0000000E+00
   3.5538334E-03   2.0963130E+07   2.0963130E+07   8.0908994E+04   7.2348502E+04   8.6367168E+05   2.0912265E+07   2.0963130E+07   6.3908974E+06   0.0000000E+00   0.0000000E+00   0.0000000E+00   0.0000000E+00
   3.8189772E-03   2.0755212E+07   2.0755212E+07   5.8731718E+04   6.2291047E+04   7.4609856E+05   2.0702215E+07   2.0755212E+07   6.3280059E+06   0.0000000E+00   0.0000000E+00   0.0000000E+00   0.0000000E+00
   4.1039028E-03   2.0534932E+07   2.0534932E+07   5.2025955E+04   5.3566040E+04   6.4422126E+05   2.0479862E+07   2.0534932E+07   6.2611651E+06   0.0000000E+00   0.0000000E+00   0.0000000E+00   0.0000000E+00
   4.4100861E-03   2.0301580E+07   2.0301580E+07   4.3455675E+04   4.6009048E+04   5.5575554E+05   2.0244531E+07   2.0301580E+07   6.1901908E+06   0.0000000E+00   0.0000000E+00   0.0000000E+00   0.0000000E+00
   4.7391130E-03   2.0054487E+07   2.0054487E+07   3.5605760E+04   3.9470434E+04   4.7925957E+05   1.9995575E+07   2.0054487E+07   6.1149047E+06   0.0000000E+00   0.0000000E+00   0.0000000E+00   0.0000000E+00
   5.0926879E-03   1.9793029E+07   1.9793029E+07   2.8469389E+04   3.3821104E+04   4.1293701E+05   1.9732357E+07   1.9793029E+07   6.0351295E+06   0.0000000E+00   0.0000000E+00   0.0000000E+00   0.0000000E+00
   5.4726423E-03   1.9516603E+07   1.9516603E+07   2.6543297E+04   2.8944801E+04   3.5559225E+05   1.9454260E+07   1.9516603E+07   5.9506922E+06   0.0000000E+00   0.0000000E+00   0.0000000E+00   0.0000000E+00
   5.8809443E-03   1.9224620E+07   1.9224620E+07   1.8712474E+04   2.4740394E+04   3.0597569E+05   1.9160723E+07   1.9224620E+07   5.8614348E+06   0.0000000E+00   0.0000000E+00   0.0000000E+00   0.0000000E+00
   6.3197088E-03   1.8916504E+07   1.8916504E+07   1.7062564E+04   2.1119353E+04   2.6305514E+05   1.8851228E+07   1.8916504E+07   5.7672109E+06   0.0000000E+00   0.0000000E+00   0.0000000E+00   0.0000000E+00
   6.7912085E-03   1.8591723E+07   1.8591723E+07   1.5061543E+04   1.8004062E+04   2.2603396E+05   1.8525254E+07   1.8591723E+07   5.6678716E+06   0.0000000E+00   0.0000000E+00   0.0000000E+00   0.0000000E+00
   7.2978858E-03   1.8249788E+07   1.8249788E+07   1.2080796E+04   1.5326842E+04   1.9404628E+05   1.8182293E+07   1.8249788E+07   5.5632715E+06   0.0000000E+00   0.0000000E+00   0.0000000E+00   0.0000000E+00
   7.8423652E-03   1.7890225E+07   1.7890225E+07   9.2237904E+03   1.3028464E+04   1.6641853E+05   1.7821891E+07   1.7890225E+07   5.4532795E+06   0.0000000E+00   0.0000000E+00   0.0000000E+00   0.0000000E+00
   8.4274671E-03   1.7512560E+07   1.7512560E+07   7.3749920E+03   1.1057519E+04   1.4257048E+05   1.7443599E+07   1.7512560E+07   5.3377654E+06   0.0000000E+00   0.0000000E+00   0.0000000E+00   0.0000000E+00
   9.0562221E-03   1.7116332E+07   1.7116332E+07   6.2121114E+03   9.3692156E+03   1.2201006E+05   1.7046961E+07   1.7116332E+07   5.2165961E+06   0.0000000E+00   0.0000000E+00   0.0000000E+00   0.0000000E+00
   9.7318872E-03   1.6701114E+07   1.6701114E+07   5.1786609E+03   7.9246936E+03   1.0428492E+05   1.6631554E+07   1.6701114E+07   5.0896471E+06   0.0000000E+00   0.0000000E+00   0.0000000E+00   0.0000000E+00
   1.0457962E-02   1.6266498E+07   1.6266498E+07   4.5387200E+03   6.6901773E+03   8.9009899E+04   1.6196986E+07   1.6266498E+07   4.9568036E+06   0.0000000E+00   0.0000000E+00   0.0000000E+00   0.0000000E+00
   1.1238208E-02   1.5812094E+07   1.5812094E+07   4.0699218E+03   5.6365223E+03   7.5845387E+04   1.5742875E+07   1.5812094E+07   4.8179528E+06   0.0000000E+00   0.0000000E+00   0.0000000E+00   0.0000000E+00
   1.2076666E-02   1.5337573E+07   1.5337573E+07   3.0511287E+03   4.7383431E+03   6.4507858E+04   1.5268885E+07   1.5337573E+07   4.6729954E+06   0.0000000E+00   0.0000000E+00   0.0000000E+00   0.0000000E+00
   1.2977680E-02   1.4842668E+07   1.4842668E+07   2.5088539E+03   3.9737810E+03   5.4779450E+04   1.4774768E+07   1.4842668E+07   4.5218581E+06   0.0000000E+00   0.0000000E+00   0.0000000E+00   0.0000000E+00
   1.3945917E-02   1.4327219E+07   1.4327219E+07   2.1434826E+03   3.3239495E+03   4.6393358E+04   1.4260355E+07   1.4327219E+07   4.3644927E+06   0.0000000E+00   0.0000000E+00   0.0000000E+00   0.0000000E+00
   1.4986391E-02   1.3791233E+07   1.3791233E+07   1.8046152E+03   2.7725153E+03   3.9211624E+04   1.3725662E+07   1.3791233E+07   4.2009054E+06   0.0000000E+00   0.0000000E+00   0.0000000E+00   0.0000000E+00
   1.6104493E-02   1.3234940E+07   1.3234940E+07   1.3595347E+03   2.3054361E+03   3.3040821E+04   1.3170908E+07   1.3234940E+07   4.0311663E+06   0.0000000E+00   0.0000000E+00   0.0000000E+00   0.0000000E+00
   1.7306015E-02   1.2658900E+07   1.2658900E+07   1.1145705E+03   1.9106043E+03   2.7755671E+04   1.2596656E+07   1.2658900E+07   3.8554486E+06   0.0000000E+00   0.0000000E+00   0.0000000E+00   0.0000000E+00
   1.8597179E-02   1.2064108E+07   1.2064108E+07   9.2162980E+02   1.5775988E+03   2.3237729E+04   1.2003889E+07   1.2064108E+07   3.6740547E+06   0.0000000E+00   0.0000000E+00   0.0000000E+00   0.0000000E+00
   1.9984673E-02   1.1452138E+07   1.1452138E+07   7.8764543E+02   1.2974787E+03   1.9381666E+04   1.1394169E+07   1.1452138E+07   3.4874646E+06   0.0000000E+00   0.0000000E+00   0.0000000E+00   0.0000000E+00
   2.1475681E-02   1.0825312E+07   1.0825312E+07   6.1836191E+02   1.0625598E+03   1.6097713E+04   1.0769801E+07   1.0825312E+07   3.2963845E+06   0.0000000E+00   0.0000000E+00   0.0000000E+00   0.0000000E+00
   2.3077908E-02   1.0186871E+07   1.0186871E+07   5.1972923E+02   8.6624426E+02   1.3314864E+04   1.0134005E+07   1.0186871E+07   3.1018009E+06   0.0000000E+00   0.0000000E+00   0.0000000E+00   0.0000000E+00
   2.4799569E-02   9.5411785E+06   9.5411785E+06   3.7978696E+02   7.0287790E+02   1.0960234E+04   9.4911128E+06   9.5411785E+06   2.9050406E+06   0.0000000E+00   0.0000000E+00   0.0000000E+00   0.0000000E+00
   2.6649264E-02   8.8939181E+06   8.8939181E+06   2.9786456E+02   5.6761170E+02   8.9790919E+03   8.8467710E+06   8.8939181E+06   2.7078326E+06   0.0000000E+00   0.0000000E+00   0.0000000E+00   0.0000000E+00
   2.8635522E-02   8.2523125E+06   8.2523125E+06   2.4255342E+02   4.5629510E+02   7.3240365E+03   8.2081548E+06   8.2523125E+06   2.5123739E+06   0.0000000E+00   0.0000000E+00   0.0000000E+00   0.0000000E+00
   3.0765626E-02   7.6253380E+06   7.6253380E+06   2.2335401E+02   3.6538360E+02   5.9488317E+03   7.5841833E+06   7.6253380E+06   2.3213949E+06   0.0000000E+00   0.0000000E+00   0.0000000E+00   0.0000000E+00
   3.3043165E-02   7.0238445E+06   7.0238445E+06   1.4924874E+02   2.9185261E+02   4.8200462E+03   6.9856378E+06   7.0238445E+06   2.1381961E+06   0.0000000E+00   0.0000000E+00   0.0000000E+00   0.0000000E+00
   3.5464008E-02   6.4602833E+06   6.4602833E+06   1.2070404E+02   2.3310261E+02   3.9028890E+03   6.4248914E+06   6.4602833E+06   1.9665652E+06   0.0000000E+00   0.0000000E+00   0.0000000E+00   0.0000000E+00
   3.8011677E-02   5.9475125E+06   5.9475125E+06   9.6371352E+01   1.8684435E+02   3.1711054E+03   5.9147212E+06   5.9475125E+06   1.8104134E+06   0.0000000E+00   0.0000000E+00   0.0000000E+00   0.0000000E+00
   4.0655361E-02   5.4963161E+06   5.4963161E+06   7.4415772E+01   1.5097672E+02   2.5963625E+03   5.4658400E+06   5.4963161E+06   1.6730202E+06   0.0000000E+00   0.0000000E+00   0.0000000E+00   0.0000000E+00
   4.3354536E-02   5.1123049E+06   5.1123049E+06   6.5764583E+01   1.2351047E+02   2.1509097E+03   5.0838166E+06   5.1123049E+06   1.5560903E+06   0.0000000E+00   0.0000000E+00   0.0000000E+00   0.0000000E+00
   4.6069786E-02   4.7941036E+06   4.7941036E+06   6.1212596E+01   1.0258922E+02   1.8067087E+03   4.7672726E+06   4.7941036E+06   1.4592021E+06   0.0000000E+00   0.0000000E+00   0.0000000E+00   0.0000000E+00
   4.8773019E-02   4.5341981E+06   4.5341981E+06   4.7358728E+01   8.6582040E+01   1.5404254E+03   4.5087263E+06   4.5341981E+06   1.3800658E+06   0.0000000E+00   0.0000000E+00   0.0000000E+00   0.0000000E+00
   5.1450890E-02   4.3216366E+06   4.3216366E+06   3.6517668E+01   7.4165118E+01   1.3327544E+03   4.2972796E+06   4.3216366E+06   1.3153457E+06   0.0000000E+00   0.0000000E+00   0.0000000E+00   0.0000000E+00
   5.4102061E-02   4.1447030E+06   4.1447030E+06   3.2602655E+01   6.4334948E+01   1.1669336E+03   4.1212764E+06   4.1447030E+06   1.2614742E+06   0.0000000E+00   0.0000000E+00   0.0000000E+00   0.0000000E+00
   5.6732477E-02   3.9925571E+06   3.9925571E+06   3.0196499E+01   5.6364721E+01   1.0309954E+03   3.9699335E+06   3.9925571E+06   1.2151507E+06   0.0000000E+00   0.0000000E+00   0.0000000E+00   0.0000000E+00
   5.9351496E-02   3.8559199E+06   3.8559199E+06   2.6913761E+01   4.9741547E+01   9.1691195E+02   3.8340215E+06   3.8559199E+06   1.1735503E+06   0.0000000E+00   0.0000000E+00   0.0000000E+00   0.0000000E+00
   6.1969530E-02   3.7272299E+06   3.7272299E+06   2.2994066E+01   4.4107942E+01   8.1901737E+02   3.7060196E+06   3.7272299E+06   1.1343709E+06   0.0000000E+00   0.0000000E+00   0.0000000E+00   0.0000000E+00
   6.4596852E-02   3.6005953E+06   3.6005953E+06   1.9373605E+01   3.9216506E+01   7.3338722E+02   3.5800683E+06   3.6005953E+06   1.0958191E+06   0.0000000E+00   0.0000000E+00   0.0000000E+00   0.0000000E+00
   6.7243096E-02   3.4717023E+06   3.4717023E+06   1.7297687E+01   3.4897432E+01   6.5722213E+02   3.4518772E+06   3.4717023E+06   1.0565817E+06   0.0000000E+00   0.0000000E+00   0.0000000E+00   0.0000000E+00
   6.9917118E-02   3.3377306E+06   3.3377306E+06   1.7122937E+01   3.1035523E+01   5.8830688E+02   3.3186415E+06   3.3377306E+06   1.0158000E+06   0.0000000E+00   0.0000000E+00   0.0000000E+00   0.0000000E+00
   7.2627017E-02   3.1972802E+06   3.1972802E+06   1.5756520E+01   2.7554152E+01   5.2519928E+02   3.1789687E+06   3.1972802E+06   9.7304798E+05   0.0000000E+00   0.0000000E+00   0.0000000E+00   0.0000000E+00
   7.5380228E-02   3.0502929E+06   3.0502929E+06   1.1631602E+01   2.4403786E+01   4.6789598E+02   3.0328005E+06   3.0502929E+06   9.2830775E+05   0.0000000E+00   0.0000000E+00   0.0000000E+00   0.0000000E+00
   7.8183626E-02   2.8979466E+06   2.8979466E+06   1.1629875E+01   2.1553439E+01   4.1591053E+02   2.8813079E+06   2.8979466E+06   8.8193770E+05   0.0000000E+00   0.0000000E+00   0.0000000E+00   0.0000000E+00
   8.1043634E-02   2.7425018E+06   2.7425018E+06   9.7342088E+00   1.8984285E+01   3.6802950E+02   2.7267378E+06   2.7425018E+06   8.3462566E+05   0.0000000E+00   0.0000000E+00   0.0000000E+00   0.0000000E+00
   8.3966316E-02   2.5870841E+06   2.5870841E+06   9.1474242E+00   1.6684451E+01   3.2544124E+02   2.5721979E+06   2.5870841E+06   7.8732277E+05   0.0000000E+00   0.0000000E+00   0.0000000E+00   0.0000000E+00
   8.6957454E-02   2.4353963E+06   2.4353963E+06   6.9754468E+00   1.4645133E+01   2.8708763E+02   2.4213691E+06   2.4353963E+06   7.4115582E+05   0.0000000E+00   0.0000000E+00   0.0000000E+00   0.0000000E+00
   9.0022619E-02   2.2913601E+06   2.2913601E+06   6.3252608E+00   1.2857353E+01   2.5319896E+02   2.2781504E+06   2.2913601E+06   6.9731820E+05   0.0000000E+00   0.0000000E+00   0.0000000E+00   0.0000000E+00
   9.3167225E-02   2.1587036E+06   2.1587036E+06   5.7196001E+00   1.1309683E+01   2.2382000E+02   2.1462479E+06   2.1587036E+06   6.5694432E+05   0.0000000E+00   0.0000000E+00   0.0000000E+00   0.0000000E+00
   9.6396571E-02   2.0405220E+06   2.0405220E+06   4.9700413E+00   9.9866789E+00   1.9865080E+02   2.0287386E+06   2.0405220E+06   6.2097605E+05   0.0000000E+00   0.0000000E+00   0.0000000E+00   0.0000000E+00
   9.9715884E-02   1.9388552E+06   1.9388552E+06   4.6940062E+00   8.8682030E+00   1.7728062E+02   1.9276504E+06   1.9388552E+06   5.9003406E+05   0.0000000E+00   0.0000000E+00   0.0000000E+00   0.0000000E+00
   1.0313034E-01   1.8543369E+06   1.8543369E+06   4.0009242E+00   7.9295289E+00   1.5916379E+02   1.8436128E+06   1.8543369E+06   5.6431107E+05   0.0000000E+00   0.0000000E+00   0.0000000E+00   0.0000000E+00
   1.0664511E-01   1.7859762E+06   1.7859762E+06   3.8741622E+00   7.1422434E+00   1.4412976E+02   1.7756404E+06   1.7859762E+06   5.4350550E+05   0.0000000E+00   0.0000000E+00   0.0000000E+00   0.0000000E+00
   1.1026535E-01   1.7311326E+06   1.7311326E+06   3.0407851E+00   6.4758946E+00   1.3122576E+02   1.7211077E+06   1.7311326E+06   5.2681365E+05   0.0000000E+00   0.0000000E+00   0.0000000E+00   0.0000000E+00
   1.1399623E-01   1.6857277E+06   1.6857277E+06   2.8279818E+00   5.9000951E+00   1.2002337E+02   1.6759598E+06   1.6857277E+06   5.1299440E+05   0.0000000E+00   0.0000000E+00   0.0000000E+00   0.0000000E+00
   1.1784296E-01   1.6447129E+06   1.6447129E+06   2.5720775E+00   5.3869141E+00   1.1006447E+02   1.6351772E+06   1.6447129E+06   5.0051129E+05   0.0000000E+00   0.0000000E+00   0.0000000E+00   0.0000000E+00
   1.2181078E-01   1.6027641E+06   1.6027641E+06   2.4332135E+00   4.9131588E+00   1.0086722E+02   1.5934665E+06   1.6027641E+06   4.8774413E+05   0.0000000E+00   0.0000000E+00   0.0000000E+00   0.0000000E+00
   1.2590497E-01   1.5551274E+06   1.5551274E+06   2.4214116E+00   4.4622100E+00   9.1916658E+01   1.5461015E+06   1.5551274E+06   4.7324622E+05   0.0000000E+00   0.0000000E+00   0.0000000E+00   0.0000000E+00
   1.3013088E-01   1.4984816E+06   1.4984816E+06   2.0469892E+00   4.0250364E+00   8.3306782E+01   1.4897802E+06   1.4984816E+06   4.5600687E+05   0.0000000E+00   0.0000000E+00   0.0000000E+00   0.0000000E+00
   1.3449390E-01   1.4316444E+06   1.4316444E+06   1.7806639E+00   3.6001537E+00   7.4778440E+01   1.4233274E+06   1.4316444E+06   4.3566636E+05   0.0000000E+00   0.0000000E+00   0.0000000E+00   0.0000000E+00
   1.3899949E-01   1.3559370E+06   1.3559370E+06   1.6634214E+00   3.1924072E+00   6.6562414E+01   1.3480563E+06   1.3559370E+06   4.1262666E+05   0.0000000E+00   0.0000000E+00   0.0000000E+00   0.0000000E+00
   1.4365319E-01   1.2750510E+06   1.2750510E+06   1.4127004E+00   2.8107221E+00   5.8790873E+01   1.2676374E+06   1.2750510E+06   3.8801126E+05   0.0000000E+00   0.0000000E+00   0.0000000E+00   0.0000000E+00
   1.4846059E-01   1.1943540E+06   1.1943540E+06   1.3279689E+00   2.4651715E+00   5.1795977E+01   1.1874069E+06   1.1943540E+06   3.6345353E+05   0.0000000E+00   0.0000000E+00   0.0000000E+00   0.0000000E+00
   1.5342739E-01   1.1196966E+06   1.1196966E+06   1.0865249E+00   2.1639399E+00   4.5637576E+01   1.1131813E+06   1.1196966E+06   3.4073382E+05   0.0000000E+00   0.0000000E+00   0.0000000E+00   0.0000000E+00
   1.5855935E-01   1.0559508E+06   1.0559508E+06   9.8400239E-01   1.9108266E+00   4.0440311E+01   1.0498043E+06   1.0559508E+06   3.2133476E+05   0.0000000E+00   0.0000000E+00   0.0000000E+00   0.0000000E+00
   1.6386233E-01   1.0056451E+06   1.0056451E+06   9.1293187E-01   1.7039390E+00   3.6158116E+01   9.9978950E+05   1.0056451E+06   3.0602574E+05   0.0000000E+00   0.0000000E+00   0.0000000E+00   0.0000000E+00
   1.6934231E-01   9.6812415E+05   9.6812415E+05   7.6072922E-01   1.5359238E+00   3.2728773E+01   9.6248527E+05   9.6812415E+05   2.9460729E+05   0.0000000E+00   0.0000000E+00   0.0000000E+00   0.0000000E+00
   1.7500538E-01   9.3959172E+05   9.3959172E+05   6.9670368E-01   1.3957429E+00   2.9831025E+01   9.3411741E+05   9.3959172E+05   2.8592418E+05   0.0000000E+00   0.0000000E+00   0.0000000E+00   0.0000000E+00
   1.8085777E-01   9.1417178E+05   9.1417178E+05   6.6355400E-01   1.2715161E+00   2.7256464E+01   9.0884409E+05   9.1417178E+05   2.7818828E+05   0.0000000E+00   0.0000000E+00   0.0000000E+00   0.0000000E+00
   1.8690584E-01   8.8577823E+05   8.8577823E+05   5.6836068E-01   1.1535832E+00   2.4820979E+01   8.8061466E+05   8.8577823E+05   2.6954754E+05   0.0000000E+00   0.0000000E+00   0.0000000E+00   0.0000000E+00
   1.9315617E-01   8.5022386E+05   8.5022386E+05   4.9978835E-01   1.0367895E+00   2.2368982E+01   8.4526631E+05   8.5022386E+05   2.5872776E+05   0.0000000E+00   0.0000000E+00   0.0000000E+00   0.0000000E+00
   1.9961552E-01   8.0677841E+05   8.0677841E+05   4.5430381E-01   9.2118866E-01   1.9943807E+01   8.0207307E+05   8.0677841E+05   2.4550674E+05   0.0000000E+00   0.0000000E+00   0.0000000E+00   0.0000000E+00
   2.0629090E-01   7.5845708E+05   7.5845708E+05   4.2516008E-01   8.1089474E-01   1.7597230E+01   7.5403259E+05   7.5845708E+05   2.3080203E+05   0.0000000E+00   0.0000000E+00   0.0000000E+00   0.0000000E+00
   2.1318958E-01   7.1074771E+05   7.1074771E+05   3.6838063E-01   7.1152114E-01   1.5492147E+01   7.0660067E+05   7.1074771E+05   2.1628358E+05   0.0000000E+00   0.0000000E+00   0.0000000E+00   0.0000000E+00
   2.2031918E-01   6.6916646E+05   6.6916646E+05   3.1069826E-01   6.2725139E-01   1.3693346E+01   6.6526126E+05   6.6916646E+05   2.0363000E+05   0.0000000E+00   0.0000000E+00   0.0000000E+00   0.0000000E+00
   2.2768767E-01   6.3668390E+05   6.3668390E+05   2.9206986E-01   5.5880507E-01   1.2230969E+01   6.3296757E+05   6.3668390E+05   1.9374522E+05   0.0000000E+00   0.0000000E+00   0.0000000E+00   0.0000000E+00
   2.3530349E-01   6.1231056E+05   6.1231056E+05   2.6203752E-01   5.0318783E-01   1.1045652E+01   6.0873586E+05   6.1231056E+05   1.8632814E+05   0.0000000E+00   0.0000000E+00   0.0000000E+00   0.0000000E+00
   2.4317555E-01   5.9170695E+05   5.9170695E+05   2.2320500E-01   4.5528220E-01   1.0020110E+01   5.8825196E+05   5.9170695E+05   1.8005822E+05   0.0000000E+00   0.0000000E+00   0.0000000E+00   0.0000000E+00
   2.5131336E-01   5.6965136E+05   5.6965136E+05   2.0866838E-01   4.1038575E-01   9.0552513E+00   5.6632464E+05   5.6965136E+05   1.7334648E+05   0.0000000E+00   0.0000000E+00   0.0000000E+00   0.0000000E+00
   2.5972710E-01   5.4305080E+05   5.4305080E+05   1.8453540E-01   3.6628943E-01   8.1110771E+00   5.3987895E+05   5.4305080E+05   1.6525172E+05   0.0000000E+00   0.0000000E+00   0.0000000E+00   0.0000000E+00
   2.6842774E-01   5.1265863E+05   5.1265863E+05   1.5899970E-01   3.2374172E-01   7.1817951E+00   5.0966388E+05   5.1265863E+05   1.5600318E+05   0.0000000E+00   0.0000000E+00   0.0000000E+00   0.0000000E+00
   2.7742713E-01   4.8229836E+05   4.8229836E+05   1.4199181E-01   2.8513466E-01   6.3432207E+00   4.7948058E+05   4.8229836E+05   1.4676437E+05   0.0000000E+00   0.0000000E+00   0.0000000E+00   0.0000000E+00
   2.8673816E-01   4.5600910E+05   4.5600910E+05   1.2772775E-01   2.5237080E-01   5.6256232E+00   4.5334459E+05   4.5600910E+05   1.3876439E+05   0.0000000E+00   0.0000000E+00   0.0000000E+00   0.0000000E+00
   2.9637492E-01   4.3510979E+05   4.3510979E+05   1.1287778E-01   2.2539970E-01   5.0372961E+00   4.3256710E+05   4.3510979E+05   1.3240461E+05   0.0000000E+00   0.0000000E+00   0.0000000E+00   0.0000000E+00
   3.0635288E-01   4.1743119E+05   4.1743119E+05   1.0032618E-01   2.0238470E-01   4.5319579E+00   4.1499153E+05   4.1743119E+05   1.2702490E+05   0.0000000E+00   0.0000000E+00   0.0000000E+00   0.0000000E+00
   3.1668911E-01   3.9937696E+05   3.9937696E+05   9.0979836E-02   1.8119821E-01   4.0688483E+00   3.9704258E+05   3.9937696E+05   1.2153090E+05   0.0000000E+00   0.0000000E+00   0.0000000E+00   0.0000000E+00
   3.2740251E-01   3.7907902E+05   3.7907902E+05   8.0121531E-02   1.6091883E-01   3.6201943E+00   3.7686307E+05   3.7907902E+05   1.1535415E+05   0.0000000E+00   0.0000000E+00   0.0000000E+00   0.0000000E+00
   3.3851417E-01   3.5780291E+05   3.5780291E+05   7.1503827E-02   1.4208092E-01   3.2019582E+00   3.5571113E+05   3.5780291E+05   1.0887974E+05   0.0000000E+00   0.0000000E+00   0.0000000E+00   0.0000000E+00
   3.5004767E-01   3.3828730E+05   3.3828730E+05   6.2412503E-02   1.2562608E-01   2.8390741E+00   3.3630944E+05   3.3828730E+05   1.0294107E+05   0.0000000E+00   0.0000000E+00   0.0000000E+00   0.0000000E+00
   3.6202954E-01   3.2175651E+05   3.2175651E+05   5.5944525E-02   1.1170918E-01   2.5296340E+00   3.1987515E+05   3.2175651E+05   9.7910698E+04   0.0000000E+00   0.0000000E+00   0.0000000E+00   0.0000000E+00
   3.7448980E-01   3.0682761E+05   3.0682761E+05   5.0161661E-02   9.9555291E-02   2.2577266E+00   3.0503339E+05   3.0682761E+05   9.3367781E+04   0.0000000E+00   0.0000000E+00   0.0000000E+00   0.0000000E+00
   3.8746256E-01   2.9145813E+05   2.9145813E+05   4.4207140E-02   8.8342216E-02   2.0080390E+00   2.8975366E+05   2.9145813E+05   8.8690804E+04   0.0000000E+00   0.0000000E+00   0.0000000E+00   0.0000000E+00
   4.0098683E-01   2.7544192E+05   2.7544192E+05   3.9373539E-02   7.7951405E-02   1.7752973E+00   2.7383100E+05   2.7544192E+05   8.3817032E+04   0.0000000E+00   0.0000000E+00   0.0000000E+00   0.0000000E+00
   4.1510749E-01   2.6025986E+05   2.6025986E+05   3.4501056E-02   6.8729433E-02   1.5678620E+00   2.5873763E+05   2.6025986E+05   7.9197098E+04   0.0000000E+00   0.0000000E+00   0.0000000E+00   0.0000000E+00
   4.2987650E-01   2.4669903E+05   2.4669903E+05   3.0470244E-02   6.0748752E-02   1.3887619E+00   2.4525602E+05   2.4669903E+05   7.5070507E+04   0.0000000E+00   0.0000000E+00   0.0000000E+00   0.0000000E+00
   4.4535440E-01   2.3384435E+05   2.3384435E+05   2.6993802E-02   5.3650513E-02   1.2286781E+00   2.3247645E+05   2.3384435E+05   7.1158804E+04   0.0000000E+00   0.0000000E+00   0.0000000E+00   0.0000000E+00
   4.6161226E-01   2.2082100E+05   2.2082100E+05   2.3700744E-02   4.7156967E-02   1.0818269E+00   2.1952922E+05   2.2082100E+05   6.7195780E+04   0.0000000E+00   0.0000000E+00   0.0000000E+00   0.0000000E+00
   4.7873409E-01   2.0813195E+05   2.0813195E+05   2.0764795E-02   4.1324919E-02   9.5002788E-01   2.0691433E+05   2.0813195E+05   6.3334485E+04   0.0000000E+00   0.0000000E+00   0.0000000E+00   0.0000000E+00
   4.9682002E-01   1.9635217E+05   1.9635217E+05   1.8133705E-02   3.6199317E-02   8.3351123E-01   1.9520340E+05   1.9635217E+05   5.9749882E+04   0.0000000E+00   0.0000000E+00   0.0000000E+00   0.0000000E+00
   5.1599031E-01   1.8500343E+05   1.8500343E+05   1.5864037E-02   3.1619909E-02   7.2958210E-01   1.8392100E+05   1.8500343E+05   5.6296450E+04   0.0000000E+00   0.0000000E+00   0.0000000E+00   0.0000000E+00
   5.3639053E-01   1.7376499E+05   1.7376499E+05   1.3774371E-02   2.7483072E-02   6.3515828E-01   1.7274827E+05   1.7376499E+05   5.2876584E+04   0.0000000E+00   0.0000000E+00   0.0000000E+00   0.0000000E+00
   5.5819832E-01   1.6300399E+05   1.6300399E+05   1.1915346E-02   2.3806064E-02   5.5115636E-01   1.6205020E+05   1.6300399E+05   4.9602008E+04   0.0000000E+00   0.0000000E+00   0.0000000E+00   0.0000000E+00
   5.8163192E-01   1.5263755E+05   1.5263755E+05   1.0280595E-02   2.0532053E-02   4.7621355E-01   1.5174438E+05   1.5263755E+05   4.6447495E+04   0.0000000E+00   0.0000000E+00   0.0000000E+00   0.0000000E+00
   6.0696091E-01   1.4245145E+05   1.4245145E+05   8.8074180E-03   1.7596000E-02   4.0879841E-01   1.4161784E+05   1.4245145E+05   4.3347860E+04   0.0000000E+00   0.0000000E+00   0.0000000E+00   0.0000000E+00
   6.3451929E-01   1.3259293E+05   1.3259293E+05   7.4991816E-03   1.4986498E-02   3.4872023E-01   1.3181699E+05   1.3259293E+05   4.0347913E+04   0.0000000E+00   0.0000000E+00   0.0000000E+00   0.0000000E+00
   6.6471994E-01   1.2295155E+05   1.2295155E+05   6.3361654E-03   1.2662722E-02   2.9523854E-01   1.2223200E+05   1.2295155E+05   3.7414040E+04   0.0000000E+00   0.0000000E+00   0.0000000E+00   0.0000000E+00
   6.9806830E-01   1.1353155E+05   1.1353155E+05   5.3052422E-03   1.0602105E-02   2.4765337E-01   1.1286710E+05   1.1353155E+05   3.4547536E+04   0.0000000E+00   0.0000000E+00   0.0000000E+00   0.0000000E+00
   7.3516911E-01   1.0432143E+05   1.0432143E+05   4.3970510E-03   8.7835793E-03   2.0550330E-01   1.0371086E+05   1.0432143E+05   3.1744899E+04   0.0000000E+00   0.0000000E+00   0.0000000E+00   0.0000000E+00
   7.7671504E-01   9.5333420E+04   9.5333420E+04   3.5962713E-03   7.1910956E-03   1.6858425E-01   9.4775442E+04   9.5333420E+04   2.9009852E+04   0.0000000E+00   0.0000000E+00   0.0000000E+00   0.0000000E+00
   8.2344080E-01   8.6596603E+04   8.6596603E+04   2.9060835E-03   5.8117976E-03   1.3649105E-01   8.6089745E+04   8.6596603E+04   2.6351244E+04   0.0000000E+00   0.0000000E+00   0.0000000E+00   0.0000000E+00
   8.7603068E-01   7.8180984E+04   7.8180984E+04   2.3168710E-03   4.6359399E-03   1.0904553E-01   7.7723370E+04   7.8180984E+04   2.3790377E+04   0.0000000E+00   0.0000000E+00   0.0000000E+00   0.0000000E+00
   9.3499563E-01   7.0179295E+04   7.0179295E+04   1.8248798E-03   3.6531372E-03   8.6131219E-02   6.9768506E+04   7.0179295E+04   2.1355470E+04   0.0000000E+00   0.0000000E+00   0.0000000E+00   0.0000000E+00
   1.0005852E+00   6.2693529E+04   6.2693529E+04   1.4243298E-03   2.8496508E-03   6.7306683E-02   6.2326547E+04   6.2693529E+04   1.9077558E+04   0.0000000E+00   0.0000000E+00   0.0000000E+00   0.0000000E+00
   1.0728143E+00   5.5804563E+04   5.5804563E+04   1.1031093E-03   2.2064726E-03   5.2196006E-02   5.5477900E+04   5.5804563E+04   1.6981252E+04   0.0000000E+00   0.0000000E+00   0.0000000E+00   0.0000000E+00
   1.1516068E+00   4.9552831E+04   4.9552831E+04   8.4912975E-04   1.7003516E-03   4.0307354E-02   4.9262757E+04   4.9552831E+04   1.5078857E+04   0.0000000E+00   0.0000000E+00   0.0000000E+00   0.0000000E+00
   1.2369567E+00   4.3936715E+04   4.3936715E+04   6.5234505E-04   1.3067675E-03   3.1015626E-02   4.3679512E+04   4.3936715E+04   1.3369879E+04   0.0000000E+00   0.0000000E+00   0.0000000E+00   0.0000000E+00
   1.3290141E+00   3.8921438E+04   3.8921438E+04   5.0045826E-04   1.0027908E-03   2.3832493E-02   3.8693591E+04   3.8921438E+04   1.1843737E+04   0.0000000E+00   0.0000000E+00   0.0000000E+00   0.0000000E+00
   1.4280875E+00   3.4457275E+04   3.4457275E+04   3.8540768E-04   7.6886976E-04   1.8305186E-02   3.4255558E+04   3.4457275E+04   1.0485298E+04   0.0000000E+00   0.0000000E+00   0.0000000E+00   0.0000000E+00
   1.5346087E+00   3.0490913E+04   3.0490913E+04   2.9398486E-04   5.8919286E-04   1.4050083E-02   3.0312414E+04   3.0490913E+04   9.2783388E+03   0.0000000E+00   0.0000000E+00   0.0000000E+00   0.0000000E+00
   1.6490956E+00   2.6969668E+04   2.6969668E+04   2.2512438E-04   4.5130202E-04   1.0773167E-02   2.6811782E+04   2.6969668E+04   8.2068290E+03   0.0000000E+00   0.0000000E+00   0.0000000E+00   0.0000000E+00
   1.7721295E+00   2.3845991E+04   2.3845991E+04   1.7234275E-04   3.4554846E-04   8.2555261E-03   2.3706390E+04   2.3845991E+04   7.2562985E+03   0.0000000E+00   0.0000000E+00   0.0000000E+00   0.0000000E+00
   1.9043439E+00   2.1076131E+04   2.1076131E+04   1.3189105E-04   2.6447569E-04   6.3269786E-03   2.0952745E+04   2.1076131E+04   6.4134341E+03   0.0000000E+00   0.0000000E+00   0.0000000E+00   0.0000000E+00
   2.0464228E+00   1.8621369E+04   1.8621369E+04   1.0061076E-04   2.0235217E-04   4.8459018E-03   1.8512353E+04   1.8621369E+04   5.6664535E+03   0.0000000E+00   0.0000000E+00   0.0000000E+00   0.0000000E+00
   2.1991020E+00   1.6446740E+04   1.6446740E+04   7.7237474E-05   1.5476671E-04   3.7089330E-03   1.6350454E+04   1.6446740E+04   5.0047170E+03   0.0000000E+00   0.0000000E+00   0.0000000E+00   0.0000000E+00
   2.3631722E+00   1.4521132E+04   1.4521132E+04   5.9015018E-05   1.1833136E-04   2.8405626E-03   1.4436119E+04   1.4521132E+04   4.4187575E+03   0.0000000E+00   0.0000000E+00   0.0000000E+00   0.0000000E+00
   2.5394833E+00   1.2816769E+04   1.2816769E+04   4.5098590E-05   9.0444013E-05   2.1712888E-03   1.2741734E+04   1.2816769E+04   3.9001224E+03   0.0000000E+00   0.0000000E+00   0.0000000E+00   0.0000000E+00
   2.7289487E+00   1.1308827E+04   1.1308827E+04   3.4455054E-05   6.9106821E-05   1.6610765E-03   1.1242620E+04   1.1308827E+04   3.4412580E+03   0.0000000E+00   0.0000000E+00   0.0000000E+00   0.0000000E+00
   2.9325496E+00   9.9751961E+03   9.9751961E+03   2.6328168E-05   5.2787031E-05   1.2694489E-03   9.9167963E+03   9.9751961E+03   3.0354362E+03   0.0000000E+00   0.0000000E+00   0.0000000E+00   0.0000000E+00
   3.1513408E+00   8.7961805E+03   8.7961805E+03   2.0079078E-05   4.0309063E-05   9.6975286E-04   8.7446830E+03   8.7961805E+03   2.6766636E+03   0.0000000E+00   0.0000000E+00   0.0000000E+00   0.0000000E+00
   3.3864555E+00   7.7542410E+03   7.7542410E+03   1.5342833E-05   3.0771672E-05   7.4031174E-04   7.7088435E+03   7.7542410E+03   2.3596030E+03   0.0000000E+00   0.0000000E+00   0.0000000E+00   0.0000000E+00
   3.6391115E+00   6.8337713E+03   6.8337713E+03   1.1717395E-05   2.3484206E-05   5.6607364E-04   6.7937627E+03   6.8337713E+03   2.0795056E+03   0.0000000E+00   0.0000000E+00   0.0000000E+00   0.0000000E+00
   3.9106177E+00   6.0208935E+03   6.0208935E+03   8.9323106E-06   1.7917632E-05   4.3175413E-04   5.9856438E+03   6.0208935E+03   1.8321481E+03   0.0000000E+00   0.0000000E+00   0.0000000E+00   0.0000000E+00
   4.2023804E+00   5.3032739E+03   5.3032739E+03   6.8085972E-06   1.3666855E-05   3.2949628E-04   5.2722255E+03   5.3032739E+03   1.6137776E+03   0.0000000E+00   0.0000000E+00   0.0000000E+00   0.0000000E+00
   4.5159109E+00   4.6699573E+03   4.6699573E+03   5.1963727E-06   1.0421806E-05   2.5168836E-04   4.6426167E+03   4.6699573E+03   1.4210604E+03   0.0000000E+00   0.0000000E+00   0.0000000E+00   0.0000000E+00
   4.8528332E+00   4.1112180E+03   4.1112180E+03   3.9607363E-06   7.9452413E-06   1.9179035E-04   4.0871485E+03   4.1112180E+03   1.2510369E+03   0.0000000E+00   0.0000000E+00   0.0000000E+00   0.0000000E+00
   5.2148926E+00   3.6184262E+03   3.6184262E+03   3.0171331E-06   6.0556911E-06   1.4655142E-04   3.5972418E+03   3.6184262E+03   1.1010812E+03   0.0000000E+00   0.0000000E+00   0.0000000E+00   0.0000000E+00
   5.6039644E+00   3.1839287E+03   3.1839287E+03   2.3003993E-06   4.6144079E-06   1.1134396E-04   3.1652881E+03   3.1839287E+03   9.6886431E+02   0.0000000E+00   0.0000000E+00   0.0000000E+00   0.0000000E+00
   6.0220640E+00   2.8009413E+03   2.8009413E+03   1.7526492E-06   3.5153337E-06   8.4940962E-05   2.7845429E+03   2.8009413E+03   8.5232187E+02   0.0000000E+00   0.0000000E+00   0.0000000E+00   0.0000000E+00
   6.4713571E+00   2.4634530E+03   2.4634530E+03   1.3352060E-06   2.6774311E-06   6.4601961E-05   2.4490305E+03   2.4634530E+03   7.4962473E+02   0.0000000E+00   0.0000000E+00   0.0000000E+00   0.0000000E+00
   6.9541710E+00   2.1661404E+03   2.1661404E+03   1.0164774E-06   2.0387963E-06   4.9290453E-05   2.1534585E+03   2.1661404E+03   6.5915298E+02   0.0000000E+00   0.0000000E+00   0.0000000E+00   0.0000000E+00
   7.4730066E+00   1.9042908E+03   1.9042908E+03   7.7385690E-07   1.5521574E-06   3.7590819E-05   1.8931419E+03   1.9042908E+03   5.7947258E+02   0.0000000E+00   0.0000000E+00   0.0000000E+00   0.0000000E+00
   8.0305514E+00   1.6737344E+03   1.6737344E+03   5.8909349E-07   1.1814263E-06   2.8629348E-05   1.6639353E+03   1.6737344E+03   5.0931462E+02   0.0000000E+00   0.0000000E+00   0.0000000E+00   0.0000000E+00
   8.6296934E+00   1.4707826E+03   1.4707826E+03   4.4829674E-07   8.9906051E-07   2.1758490E-05   1.4621717E+03   1.4707826E+03   4.4755673E+02   0.0000000E+00   0.0000000E+00   0.0000000E+00   0.0000000E+00
   9.2735361E+00   1.2921744E+03   1.2921744E+03   3.4107466E-07   6.8404560E-07   1.6555378E-05   1.2846092E+03   1.2921744E+03   3.9320654E+02   0.0000000E+00   0.0000000E+00   0.0000000E+00   0.0000000E+00
   9.9654145E+00   1.1350274E+03   1.1350274E+03   2.5941705E-07   5.2035221E-07   1.2553466E-05   1.1283822E+03   1.1350274E+03   3.4538697E+02   0.0000000E+00   0.0000000E+00   0.0000000E+00   0.0000000E+00
   1.0708912E+01   9.9679514E+02   9.9679514E+02   1.9742904E-07   3.9575669E-07   9.5582318E-06   9.9095928E+02   9.9679514E+02   3.0332313E+02   0.0000000E+00   0.0000000E+00   0.0000000E+00   0.0000000E+00
