#           k/h    CDM            baryon         photon         nu             mass_nu        total          no_nu          total_de       Weyl           v_CDM          v_b            v_b-v_c     
   9.5816165E-06   2.4001178E+07   2.4001178E+07   3.1984273E+07   -9.3809008E+05   -2.4083595E+07   2.4001184E+07   2.4001178E+07   6.1661048E+06   0.0000000E+00   0.0000000E+00   0.0000000E+00   0.0000000E+00
   1.0296480E-05   2.4001186E+07   2.4001186E+07   3.1981607E+07   -9.3807424E+05   -2.4083088E+07   2.4001191E+07   2.4001186E+07   6.1661052E+06   0.0000000E+00   0.0000000E+00   0.0000000E+00   0.0000000E+00
   1.1064678E-05   2.4001195E+07   2.4001195E+07   3.1978528E+07   -9.3805595E+05   -2.4082502E+07   2.4001200E+07   2.4001195E+07   6.1661056E+06   0.0000000E+00   0.0000000E+00   0.0000000E+00   0.0000000E+00
   1.1890190E-05   2.4001205E+07   2.4001205E+07   3.1974973E+07   -9.3803483E+05   -2.4081826E+07   2.4001210E+07   2.4001205E+07   6.1661062E+06   0.0000000E+00   0.0000000E+00   0.0000000E+00   0.0000000E+00
   1.2777291E-05   2.4001217E+07   2.4001217E+07   3.1970868E+07   -9.3801045E+05   -2.4081045E+07   2.4001221E+07   2.4001217E+07   6.1661068E+06   0.0000000E+00   0.0000000E+00   0.0000000E+00   0.0000000E+00
   1.3730577E-05   2.4001230E+07   2.4001230E+07   3.1966128E+07   -9.3798229E+05   -2.4080144E+07   2.4001234E+07   2.4001230E+07   6.1661075E+06   0.0000000E+00   0.0000000E+00   0.0000000E+00   0.0000000E+00
   1.4754985E-05   2.4001246E+07   2.4001246E+07   3.1960656E+07   -9.3794977E+05   -2.4079103E+07   2.4001249E+07   2.4001246E+07   6.1661083E+06   0.0000000E+00   0.0000000E+00   0.0000000E+00   0.0000000E+00
   1.5855823E-05   2.4001264E+07   2.4001264E+07   3.1954338E+07   -9.3791222E+05   -2.4077901E+07   2.4001267E+07   2.4001264E+07   6.1661092E+06   0.0000000E+00   0.0000000E+00   0.0000000E+00   0.0000000E+00
   1.7038791E-05   2.4001285E+07   2.4001285E+07   3.1947043E+07   -9.3786886E+05   -2.4076513E+07   2.4001287E+07   2.4001285E+07   6.1661103E+06   0.0000000E+00   0.0000000E+00   0.0000000E+00   0.0000000E+00
   1.8310019E-05   2.4001310E+07   2.4001310E+07   3.1938620E+07   -9.3781879E+05   -2.4074911E+07   2.4001310E+07   2.4001310E+07   6.1661116E+06   0.0000000E+00   0.0000000E+00   0.0000000E+00   0.0000000E+00
   1.9676089E-05   2.4001338E+07   2.4001338E+07   3.1928897E+07   -9.3776098E+05   -2.4073060E+07   2.4001337E+07   2.4001338E+07   6.1661130E+06   0.0000000E+00   0.0000000E+00   0.0000000E+00   0.0000000E+00
   2.1144080E-05   2.4001370E+07   2.4001370E+07   3.1917672E+07   -9.3769423E+05   -2.4070924E+07   2.4001369E+07   2.4001370E+07   6.1661147E+06   0.0000000E+00   0.0000000E+00   0.0000000E+00   0.0000000E+00
   2.2721594E-05   2.4001407E+07   2.4001407E+07   3.1904714E+07   -9.3761715E+05   -2.4068457E+07   2.4001405E+07   2.4001407E+07   6.1661166E+06   0.0000000E+00   0.0000000E+00   0.0000000E+00   0.0000000E+00
   2.4416802E-05   2.4001451E+07   2.4001451E+07   3.1889756E+07   -9.3752815E+05   -2.4065608E+07   2.4001446E+07   2.4001451E+07   6.1661188E+06   0.0000000E+00   0.0000000E+00   0.0000000E+00   0.0000000E+00
   2.6238487E-05   2.4001500E+07   2.4001500E+07   3.1872490E+07   -9.3742539E+05   -2.4062320E+07   2.4001494E+07   2.4001500E+07   6.1661214E+06   0.0000000E+00   0.0000000E+00   0.0000000E+00   0.0000000E+00
   2.8196083E-05   2.4001558E+07   2.4001558E+07   3.1852563E+07   -9.3730674E+05   -2.4058523E+07   2.4001550E+07   2.4001558E+07   6.1661244E+06   0.0000000E+00   0.0000000E+00   0.0000000E+00   0.0000000E+00
   3.0299732E-05   2.4001624E+07   2.4001624E+07   3.1829565E+07   -9.3716975E+05   -2.4054139E+07   2.4001614E+07   2.4001624E+07   6.1661278E+06   0.0000000E+00   0.0000000E+00   0.0000000E+00   0.0000000E+00
   3.2560329E-05   2.4001701E+07   2.4001701E+07   3.1803026E+07   -9.3701159E+05   -2.4049078E+07   2.4001688E+07   2.4001701E+07   6.1661317E+06   0.0000000E+00   0.0000000E+00   0.0000000E+00   0.0000000E+00
   3.4989585E-05   2.4001790E+07   2.4001790E+07   3.1772404E+07   -9.3682900E+05   -2.4043236E+07   2.4001773E+07   2.4001790E+07   6.1661363E+06   0.0000000E+00   0.0000000E+00   0.0000000E+00   0.0000000E+00
   3.7600082E-05   2.4001892E+07   2.4001892E+07   3.1737074E+07   -9.3661820E+05   -2.4036492E+07   2.4001871E+07   2.4001892E+07   6.1661415E+06   0.0000000E+00   0.0000000E+00   0.0000000E+00   0.0000000E+00
   4.0405342E-05   2.4002010E+07   2.4002010E+07   3.1696321E+07   -9.3637485E+05   -2.4028707E+07   2.4001985E+07   2.4002010E+07   6.1661475E+06   0.0000000E+00   0.0000000E+00   0.0000000E+00   0.0000000E+00
   4.3419897E-05   2.4002146E+07   2.4002146E+07   3.1649317E+07   -9.3609394E+05   -2.4019722E+07   2.4002116E+07   2.4002146E+07   6.1661545E+06   0.0000000E+00   0.0000000E+00   0.0000000E+00   0.0000000E+00
   4.6659361E-05   2.4002303E+07   2.4002303E+07   3.1595117E+07   -9.3576969E+05   -2.4009351E+07   2.4002267E+07   2.4002303E+07   6.1661625E+06   0.0000000E+00   0.0000000E+00   0.0000000E+00   0.0000000E+00
   5.0140515E-05   2.4002485E+07   2.4002485E+07   3.1532630E+07   -9.3539544E+05   -2.3997383E+07   2.4002442E+07   2.4002485E+07   6.1661718E+06   0.0000000E+00   0.0000000E+00   0.0000000E+00   0.0000000E+00
   5.3881389E-05   2.4002694E+07   2.4002694E+07   3.1460609E+07   -9.3496350E+05   -2.3983574E+07   2.4002643E+07   2.4002694E+07   6.1661825E+06   0.0000000E+00   0.0000000E+00   0.0000000E+00   0.0000000E+00
   5.7901363E-05   2.4002935E+07   2.4002935E+07   3.1377624E+07   -9.3446504E+05   -2.3967640E+07   2.4002876E+07   2.4002935E+07   6.1661947E+06   0.0000000E+00   0.0000000E+00   0.0000000E+00   0.0000000E+00
   6.2221258E-05   2.4003213E+07   2.4003213E+07   3.1282038E+07   -9.3388986E+05   -2.3949258E+07   2.4003144E+07   2.4003213E+07   6.1662088E+06   0.0000000E+00   0.0000000E+00   0.0000000E+00   0.0000000E+00
   6.6863451E-05   2.4003534E+07   2.4003534E+07   3.1171982E+07   -9.3322623E+05   -2.3928055E+07   2.4003453E+07   2.4003534E+07   6.1662251E+06   0.0000000E+00   0.0000000E+00   0.0000000E+00   0.0000000E+00
   7.1851988E-05   2.4003905E+07   2.4003905E+07   3.1045323E+07   -9.3246066E+05   -2.3903602E+07   2.4003809E+07   2.4003905E+07   6.1662437E+06   0.0000000E+00   0.0000000E+00   0.0000000E+00   0.0000000E+00
   7.7212708E-05   2.4004331E+07   2.4004331E+07   3.0899633E+07   -9.3157763E+05   -2.3875407E+07   2.4004220E+07   2.4004331E+07   6.1662651E+06   0.0000000E+00   0.0000000E+00   0.0000000E+00   0.0000000E+00
   8.2973381E-05   2.4004823E+07   2.4004823E+07   3.0732156E+07   -9.3055930E+05   -2.3842906E+07   2.4004693E+07   2.4004823E+07   6.1662897E+06   0.0000000E+00   0.0000000E+00   0.0000000E+00   0.0000000E+00
   8.9163845E-05   2.4005390E+07   2.4005390E+07   3.0539767E+07   -9.2938519E+05   -2.3805450E+07   2.4005239E+07   2.4005390E+07   6.1663179E+06   0.0000000E+00   0.0000000E+00   0.0000000E+00   0.0000000E+00
   9.5816165E-05   2.4006042E+07   2.4006042E+07   3.0318944E+07   -9.2803178E+05   -2.3762298E+07   2.4005867E+07   2.4006042E+07   6.1663502E+06   0.0000000E+00   0.0000000E+00   0.0000000E+00   0.0000000E+00
   1.0296480E-04   2.4006793E+07   2.4006793E+07   3.0065722E+07   -9.2647213E+05   -2.3712601E+07   2.4006590E+07   2.4006793E+07   6.1663870E+06   0.0000000E+00   0.0000000E+00   0.0000000E+00   0.0000000E+00
   1.1064678E-04   2.4007658E+07   2.4007658E+07   2.9775665E+07   -9.2467541E+05   -2.3655390E+07   2.4007421E+07   2.4007658E+07   6.1664291E+06   0.0000000E+00   0.0000000E+00   0.0000000E+00   0.0000000E+00
   1.1890190E-04   2.4008651E+07   2.4008651E+07   2.9443834E+07   -9.2260632E+05   -2.3589562E+07   2.4008378E+07   2.4008651E+07   6.1664771E+06   0.0000000E+00   0.0000000E+00   0.0000000E+00   0.0000000E+00
   1.2777291E-04   2.4009793E+07   2.4009793E+07   2.9064769E+07   -9.2022463E+05   -2.3513860E+07   2.4009477E+07   2.4009793E+07   6.1665316E+06   0.0000000E+00   0.0000000E+00   0.0000000E+00   0.0000000E+00
   1.3730577E-04   2.4011105E+07   2.4011105E+07   2.8632480E+07   -9.1748444E+05   -2.3426860E+07   2.4010738E+07   2.4011105E+07   6.1665933E+06   0.0000000E+00   0.0000000E+00   0.0000000E+00   0.0000000E+00
   1.4754985E-04   2.4012610E+07   2.4012610E+07   2.8140459E+07   -9.1433361E+05   -2.3326949E+07   2.4012185E+07   2.4012610E+07   6.1666631E+06   0.0000000E+00   0.0000000E+00   0.0000000E+00   0.0000000E+00
   1.5855823E-04   2.4014334E+07   2.4014334E+07   2.7581728E+07   -9.1071299E+05   -2.3212308E+07   2.4013844E+07   2.4014334E+07   6.1667416E+06   0.0000000E+00   0.0000000E+00   0.0000000E+00   0.0000000E+00
   1.7038791E-04   2.4016309E+07   2.4016309E+07   2.6948912E+07   -9.0655572E+05   -2.3080898E+07   2.4015742E+07   2.4016309E+07   6.1668296E+06   0.0000000E+00   0.0000000E+00   0.0000000E+00   0.0000000E+00
   1.8310019E-04   2.4018566E+07   2.4018566E+07   2.6234383E+07   -9.0178644E+05   -2.2930434E+07   2.4017911E+07   2.4018566E+07   6.1669276E+06   0.0000000E+00   0.0000000E+00   0.0000000E+00   0.0000000E+00
   1.9676089E-04   2.4021142E+07   2.4021142E+07   2.5430455E+07   -8.9632064E+05   -2.2758381E+07   2.4020386E+07   2.4021142E+07   6.1670361E+06   0.0000000E+00   0.0000000E+00   0.0000000E+00   0.0000000E+00
   2.1144080E-04   2.4024077E+07   2.4024077E+07   2.4529678E+07   -8.9006395E+05   -2.2561938E+07   2.4023204E+07   2.4024077E+07   6.1671551E+06   0.0000000E+00   0.0000000E+00   0.0000000E+00   0.0000000E+00
   2.2721594E-04   2.4027414E+07   2.4027414E+07   2.3525235E+07   -8.8291163E+05   -2.2338038E+07   2.4026407E+07   2.4027414E+07   6.1672842E+06   0.0000000E+00   0.0000000E+00   0.0000000E+00   0.0000000E+00
   2.4416802E-04   2.4031197E+07   2.4031197E+07   2.2411466E+07   -8.7474827E+05   -2.2083354E+07   2.4030036E+07   2.4031197E+07   6.1674226E+06   0.0000000E+00   0.0000000E+00   0.0000000E+00   0.0000000E+00
   2.6238487E-04   2.4035475E+07   2.4035475E+07   2.1184542E+07   -8.6544779E+05   -2.1794323E+07   2.4034136E+07   2.4035475E+07   6.1675683E+06   0.0000000E+00   0.0000000E+00   0.0000000E+00   0.0000000E+00
   2.8196083E-04   2.4040294E+07   2.4040294E+07   1.9843288E+07   -8.5487388E+05   -2.1467184E+07   2.4038752E+07   2.4040294E+07   6.1677180E+06   0.0000000E+00   0.0000000E+00   0.0000000E+00   0.0000000E+00
   3.0299732E-04   2.4045701E+07   2.4045701E+07   1.8390169E+07   -8.4288106E+05   -2.1098042E+07   2.4043926E+07   2.4045701E+07   6.1678667E+06   0.0000000E+00   0.0000000E+00   0.0000000E+00   0.0000000E+00
   3.2560329E-04   2.4051739E+07   2.4051739E+07   1.6832396E+07   -8.2931665E+05   -2.0682967E+07   2.4049696E+07   2.4051739E+07   6.1680071E+06   0.0000000E+00   0.0000000E+00   0.0000000E+00   0.0000000E+00
   3.4989585E-04   2.4058442E+07   2.4058442E+07   1.5183097E+07   -8.1402376E+05   -2.0218121E+07   2.4056094E+07   2.4058442E+07   6.1681286E+06   0.0000000E+00   0.0000000E+00   0.0000000E+00   0.0000000E+00
   3.7600082E-04   2.4065835E+07   2.4065835E+07   1.3462442E+07   -7.9684561E+05   -1.9699942E+07   2.4063138E+07   2.4065835E+07   6.1682167E+06   0.0000000E+00   0.0000000E+00   0.0000000E+00   0.0000000E+00
   4.0405342E-04   2.4073922E+07   2.4073922E+07   1.1698524E+07   -7.7763160E+05   -1.9125359E+07   2.4070826E+07   2.4073922E+07   6.1682516E+06   0.0000000E+00   0.0000000E+00   0.0000000E+00   0.0000000E+00
   4.3419897E-04   2.4082681E+07   2.4082681E+07   9.9277466E+06   -7.5624524E+05   -1.8492080E+07   2.4079132E+07   2.4082681E+07   6.1682070E+06   0.0000000E+00   0.0000000E+00   0.0000000E+00   0.0000000E+00
   4.6659361E-04   2.4092056E+07   2.4092056E+07   8.1943634E+06   -7.3257425E+05   -1.7798906E+07   2.4087992E+07   2.4092056E+07   6.1680482E+06   0.0000000E+00   0.0000000E+00   0.0000000E+00   0.0000000E+00
   5.0140515E-04   2.4101942E+07   2.4101942E+07   6.5487739E+06   -7.0654281E+05   -1.7046098E+07   2.4097294E+07   2.4101942E+07   6.1677309E+06   0.0000000E+00   0.0000000E+00   0.0000000E+00   0.0000000E+00
   5.3881389E-04   2.4112176E+07   2.4112176E+07   5.0441811E+06   -6.7812580E+05   -1.6235748E+07   2.4106868E+07   2.4112176E+07   6.1671987E+06   0.0000000E+00   0.0000000E+00   0.0000000E+00   0.0000000E+00
   5.7901363E-04   2.4122520E+07   2.4122520E+07   3.7313675E+06   -6.4736441E+05   -1.5372130E+07   2.4116469E+07   2.4122520E+07   6.1663818E+06   0.0000000E+00   0.0000000E+00   0.0000000E+00   0.0000000E+00
   6.2221258E-04   2.4132646E+07   2.4132646E+07   2.6516848E+06   -6.1438188E+05   -1.4461965E+07   2.4125761E+07   2.4132646E+07   6.1651952E+06   0.0000000E+00   0.0000000E+00   0.0000000E+00   0.0000000E+00
   6.6863451E-04   2.4142127E+07   2.4142127E+07   1.8289607E+06   -5.7939745E+05   -1.3514553E+07   2.4134309E+07   2.4142127E+07   6.1635374E+06   0.0000000E+00   0.0000000E+00   0.0000000E+00   0.0000000E+00
   7.1851988E-04   2.4150423E+07   2.4150423E+07   1.2618827E+06   -5.4273587E+05   -1.2541654E+07   2.4141568E+07   2.4150423E+07   6.1612907E+06   0.0000000E+00   0.0000000E+00   0.0000000E+00   0.0000000E+00
   7.7212708E-04   2.4156883E+07   2.4156883E+07   9.1936264E+05   -5.0482895E+05   -1.1557097E+07   2.4146880E+07   2.4156883E+07   6.1583221E+06   0.0000000E+00   0.0000000E+00   0.0000000E+00   0.0000000E+00
   8.2973381E-04   2.4160746E+07   2.4160746E+07   7.4198482E+05   -4.6620558E+05   -1.0576028E+07   2.4149481E+07   2.4160746E+07   6.1544858E+06   0.0000000E+00   0.0000000E+00   0.0000000E+00   0.0000000E+00
   8.9163845E-04   2.4161164E+07   2.4161164E+07   6.5219967E+05   -4.2746724E+05   -9.6138539E+06   2.4148520E+07   2.4161164E+07   6.1496281E+06   0.0000000E+00   0.0000000E+00   0.0000000E+00   0.0000000E+00
   9.5816165E-04   2.4157232E+07   2.4157232E+07   5.7360587E+05   -3.8924808E+05   -8.6849907E+06   2.4143092E+07   2.4157232E+07   6.1435928E+06   0.0000000E+00   0.0000000E+00   0.0000000E+00   0.0000000E+00
   1.0296480E-03   2.4148032E+07   2.4148032E+07   4.5510084E+05   -3.5216252E+05   -7.8016294E+06   2.4132284E+07   2.4148032E+07   6.1362282E+06   0.0000000E+00   0.0000000E+00   0.0000000E+00   0.0000000E+00
   1.1064678E-03   2.4132679E+07   2.4132679E+07   2.8997837E+05   -3.1674850E+05   -6.9728196E+06   2.4115216E+07   2.4132679E+07   6.1273925E+06   0.0000000E+00   0.0000000E+00   0.0000000E+00   0.0000000E+00
   1.1890190E-03   2.4110367E+07   2.4110367E+07   1.1679060E+05   -2.8341929E+05   -6.2041281E+06   2.4091093E+07   2.4110367E+07   6.1169574E+06   0.0000000E+00   0.0000000E+00   0.0000000E+00   0.0000000E+00
   1.2777291E-03   2.4080392E+07   2.4080392E+07   -6.4151770E+03   -2.5243822E+05   -5.4979625E+06   2.4059222E+07   2.4080392E+07   6.1048071E+06   0.0000000E+00   0.0000000E+00   0.0000000E+00   0.0000000E+00
   1.3730577E-03   2.4042153E+07   2.4042153E+07   -4.6374893E+04   -2.2392567E+05   -4.8543678E+06   2.4019020E+07   2.4042153E+07   6.0908339E+06   0.0000000E+00   0.0000000E+00   0.0000000E+00   0.0000000E+00
   1.4754985E-03   2.3995131E+07   2.3995131E+07   -2.7276243E+04   -1.9789456E+05   -4.2718677E+06   2.3969982E+07   2.3995131E+07   6.0749314E+06   0.0000000E+00   0.0000000E+00   0.0000000E+00   0.0000000E+00
   1.5855823E-03   2.3938853E+07   2.3938853E+07   -1.5621640E+04   -1.7429505E+05   -3.7479604E+06   2.3911652E+07   2.3938853E+07   6.0569891E+06   0.0000000E+00   0.0000000E+00   0.0000000E+00   0.0000000E+00
   1.7038791E-03   2.3872871E+07   2.3872871E+07   -5.5491155E+04   -1.5304349E+05   -3.2792753E+06   2.3843592E+07   2.3872871E+07   6.0368916E+06   0.0000000E+00   0.0000000E+00   0.0000000E+00   0.0000000E+00
   1.8310019E-03   2.3796753E+07   2.3796753E+07   -1.1608224E+05   -1.3402530E+05   -2.8618041E+06   2.3765379E+07   2.3796753E+07   6.0145216E+06   0.0000000E+00   0.0000000E+00   0.0000000E+00   0.0000000E+00
   1.9676089E-03   2.3710087E+07   2.3710087E+07   -1.2958220E+05   -1.1708948E+05   -2.4914388E+06   2.3676604E+07   2.3710087E+07   5.9897617E+06   0.0000000E+00   0.0000000E+00   0.0000000E+00   0.0000000E+00
   2.1144080E-03   2.3612471E+07   2.3612471E+07   -9.2130839E+04   -1.0206202E+05   -2.1643257E+06   2.3576860E+07   2.3612471E+07   5.9624922E+06   0.0000000E+00   0.0000000E+00   0.0000000E+00   0.0000000E+00
   2.2721594E-03   2.3503487E+07   2.3503487E+07   -7.4288027E+04   -8.8774898E+04   -1.8765230E+06   2.3465724E+07   2.3503487E+07   5.9325862E+06   0.0000000E+00   0.0000000E+00   0.0000000E+00   0.0000000E+00
   2.4416802E-03   2.3382692E+07   2.3382692E+07   -9.6466683E+04   -7.7074434E+04   -1.6237515E+06   2.3342749E+07   2.3382692E+07   5.8999102E+06   0.0000000E+00   0.0000000E+00   0.0000000E+00   0.0000000E+00
   2.6238487E-03   2.3249635E+07   2.3249635E+07   -9.6457616E+04   -6.6803899E+04   -1.4021857E+06   2.3207480E+07   2.3249635E+07   5.8643297E+06   0.0000000E+00   0.0000000E+00   0.0000000E+00   0.0000000E+00
   2.8196083E-03   2.3103858E+07   2.3103858E+07   -7.4306023E+04   -5.7805693E+04   -1.2087917E+06   2.3059462E+07   2.3103858E+07   5.8257100E+06   0.0000000E+00   0.0000000E+00   0.0000000E+00   0.0000000E+00
   3.0299732E-03   2.2944879E+07   2.2944879E+07   -7.7370353E+04   -4.9942693E+04   -1.0402780E+06   2.2898220E+07   2.2944879E+07   5.7839129E+06   0.0000000E+00   0.0000000E+00   0.0000000E+00   0.0000000E+00
   3.2560329E-03   2.2772205E+07   2.2772205E+07   -6.9042294E+04   -4.3088662E+04   -8.9354397E+05   2.2723270E+07   2.2772205E+07   5.7387987E+06   0.0000000E+00   0.0000000E+00   0.0000000E+00   0.0000000E+00
   3.4989585E-03   2.2585332E+07   2.2585332E+07   -5.7900905E+04   -3.7121868E+04   -7.6634517E+05   2.2534122E+07   2.2585332E+07   5.6902278E+06   0.0000000E+00   0.0000000E+00   0.0000000E+00   0.0000000E+00
   3.7600082E-03   2.2383744E+07   2.2383744E+07   -6.1268229E+04   -3.1939847E+04   -6.5597043E+05   2.2330275E+07   2.2383744E+07   5.6380593E+06   0.0000000E+00   0.0000000E+00   0.0000000E+00   0.0000000E+00
   4.0405342E-03   2.2166921E+07   2.2166921E+07   -4.5159382E+04   -2.7445034E+04   -5.6056266E+05   2.2111239E+07   2.2166921E+07   5.5821564E+06   0.0000000E+00   0.0000000E+00   0.0000000E+00   0.0000000E+00
   4.3419897E-03   2.1934351E+07   2.1934351E+07   -4.7937695E+04   -2.3552758E+04   -4.7816291E+05   2.1876541E+07   2.1934351E+07   5.5223876E+06   0.0000000E+00   0.0000000E+00   0.0000000E+00   0.0000000E+00
   4.6659361E-03   2.1685542E+07   2.1685542E+07   -3.7049706E+04   -2.0186955E+04   -4.0708193E+05   2.1625711E+07   2.1685542E+07   5.4586242E+06   0.0000000E+00   0.0000000E+00   0.0000000E+00   0.0000000E+00
   5.0140515E-03   2.1420017E+07   2.1420017E+07   -3.6273461E+04   -1.7279839E+04   -3.4589395E+05   2.1358266E+07   2.1420017E+07   5.3907346E+06   0.0000000E+00   0.0000000E+00   0.0000000E+00   0.0000000E+00
   5.3881389E-03   2.1137302E+07   2.1137302E+07   -3.0544220E+04   -1.4772004E+04   -2.9338760E+05   2.1073717E+07   2.1137302E+07   5.3185869E+06   0.0000000E+00   0.0000000E+00   0.0000000E+00   0.0000000E+00
   5.7901363E-03   2.0836916E+07   2.0836916E+07   -2.5429853E+04   -1.2612225E+04   -2.4826968E+05   2.0771606E+07   2.0836916E+07   5.2420588E+06   0.0000000E+00   0.0000000E+00   0.0000000E+00   0.0000000E+00
   6.2221258E-03   2.0518376E+07   2.0518376E+07   -2.4810307E+04   -1.0753938E+04   -2.0967570E+05   2.0451508E+07   2.0518376E+07   5.1610358E+06   0.0000000E+00   0.0000000E+00   0.0000000E+00   0.0000000E+00
   6.6863451E-03   2.0181221E+07   2.0181221E+07   -2.0855133E+04   -9.1567399E+03   -1.7669894E+05   2.0112979E+07   2.0181221E+07   5.0754008E+06   0.0000000E+00   0.0000000E+00   0.0000000E+00   0.0000000E+00
   7.1851988E-03   1.9825018E+07   1.9825018E+07   -1.7369219E+04   -7.7857250E+03   -1.4853798E+05   1.9755574E+07   1.9825018E+07   4.9850362E+06   0.0000000E+00   0.0000000E+00   0.0000000E+00   0.0000000E+00
   7.7212708E-03   1.9449347E+07   1.9449347E+07   -1.4519476E+04   -6.6103189E+03   -1.2455298E+05   1.9378887E+07   1.9449347E+07   4.8898354E+06   0.0000000E+00   0.0000000E+00   0.0000000E+00   0.0000000E+00
   8.2973381E-03   1.9053780E+07   1.9053780E+07   -1.2489022E+04   -5.6037216E+03   -1.0416173E+05   1.8982517E+07   1.9053780E+07   4.7896934E+06   0.0000000E+00   0.0000000E+00   0.0000000E+00   0.0000000E+00
   8.9163845E-03   1.8637888E+07   1.8637888E+07   -1.0866002E+04   -4.7426646E+03   -8.6875540E+04   1.8566047E+07   1.8637888E+07   4.6845014E+06   0.0000000E+00   0.0000000E+00   0.0000000E+00   0.0000000E+00
   9.5816165E-03   1.8201270E+07   1.8201270E+07   -9.4029296E+03   -4.0069737E+03   -7.2255794E+04   1.8129075E+07   1.8201270E+07   4.5741556E+06   0.0000000E+00   0.0000000E+00   0.0000000E+00   0.0000000E+00
   1.0296480E-02   1.7743544E+07   1.7743544E+07   -8.3811657E+03   -3.3792552E+03   -5.9906642E+04   1.7671237E+07   1.7743544E+07   4.4585614E+06   0.0000000E+00   0.0000000E+00   0.0000000E+00   0.0000000E+00
   1.1064678E-02   1.7264340E+07   1.7264340E+07   -7.3814966E+03   -2.8442694E+03   -4.9483406E+04   1.7192179E+07   1.7264340E+07   4.3376272E+06   0.0000000E+00   0.0000000E+00   0.0000000E+00   0.0000000E+00
   1.1890190E-02   1.6763344E+07   1.6763344E+07   -5.7950325E+03   -2.3889419E+03   -4.0741299E+04   1.6691576E+07   1.6763344E+07   4.2112693E+06   0.0000000E+00   0.0000000E+00   0.0000000E+00   0.0000000E+00
   1.2777291E-02   1.6240309E+07   1.6240309E+07   -5.2311215E+03   -2.0019287E+03   -3.3428488E+04   1.6169201E+07   1.6240309E+07   4.0794287E+06   0.0000000E+00   0.0000000E+00   0.0000000E+00   0.0000000E+00
   1.3730577E-02   1.5695085E+07   1.5695085E+07   -4.1486977E+03   -1.6734932E+03   -2.7300951E+04   1.5624900E+07   1.5695085E+07   3.9420651E+06   0.0000000E+00   0.0000000E+00   0.0000000E+00   0.0000000E+00
   1.4754985E-02   1.5127698E+07   1.5127698E+07   -3.7623216E+03   -1.3951986E+03   -2.2205160E+04   1.5058703E+07   1.5127698E+07   3.7991852E+06   0.0000000E+00   0.0000000E+00   0.0000000E+00   0.0000000E+00
   1.5855823E-02   1.4538390E+07   1.4538390E+07   -3.1584504E+03   -1.1597945E+03   -1.7984890E+04   1.4470848E+07   1.4538390E+07   3.6508474E+06   0.0000000E+00   0.0000000E+00   0.0000000E+00   0.0000000E+00
   1.7038791E-02   1.3927740E+07   1.3927740E+07   -2.6013994E+03   -9.6106379E+02   -1.4489558E+04   1.3861913E+07   1.3927740E+07   3.4971973E+06   0.0000000E+00   0.0000000E+00   0.0000000E+00   0.0000000E+00
   1.8310019E-02   1.3296760E+07   1.3296760E+07   -2.1988270E+03   -7.9365917E+02   -1.1609099E+04   1.3232901E+07   1.3296760E+07   3.3384867E+06   0.0000000E+00   0.0000000E+00   0.0000000E+00   0.0000000E+00
   1.9676089E-02   1.2647054E+07   1.2647054E+07   -1.7828139E+03   -6.5298499E+02   -9.2444622E+03   1.2585405E+07   1.2647054E+07   3.1751168E+06   0.0000000E+00   0.0000000E+00   0.0000000E+00   0.0000000E+00
   2.1144075E-02   1.1980976E+07   1.1980976E+07   -1.4067378E+03   -5.3510786E+02   -7.3247686E+03   1.1921761E+07   1.1980976E+07   3.0076767E+06   0.0000000E+00   0.0000000E+00   0.0000000E+00   0.0000000E+00
   2.2721565E-02   1.1301814E+07   1.1301814E+07   -1.2079798E+03   -4.3666668E+02   -5.7589072E+03   1.1245237E+07   1.1301814E+07   2.8369900E+06   0.0000000E+00   0.0000000E+00   0.0000000E+00   0.0000000E+00
   2.4416657E-02   1.0613994E+07   1.0613994E+07   -1.0060921E+03   -3.5477281E+02   -4.5029279E+03   1.0560229E+07   1.0613994E+07   2.6641653E+06   0.0000000E+00   0.0000000E+00   0.0000000E+00   0.0000000E+00
   2.6237849E-02   9.9232885E+06   9.9232885E+06   -8.1730606E+02   -2.8696294E+02   -3.4947061E+03   9.8724708E+06   9.9232885E+06   2.4906490E+06   0.0000000E+00   0.0000000E+00   0.0000000E+00   0.0000000E+00
   2.8193626E-02   9.2370382E+06   9.2370382E+06   -6.4715982E+02   -2.3113063E+02   -2.6918896E+03   9.1892573E+06   9.2370382E+06   2.3182811E+06   0.0000000E+00   0.0000000E+00   0.0000000E+00   0.0000000E+00
   3.0291384E-02   8.5643890E+06   8.5643890E+06   -5.0720162E+02   -1.8548252E+02   -2.0643211E+03   8.5196771E+06   8.5643890E+06   2.1493540E+06   0.0000000E+00   0.0000000E+00   0.0000000E+00   0.0000000E+00
   3.2535125E-02   7.9164507E+06   7.9164507E+06   -4.0712447E+02   -1.4849455E+02   -1.5709385E+03   7.8747716E+06   7.9164507E+06   1.9866530E+06   0.0000000E+00   0.0000000E+00   0.0000000E+00   0.0000000E+00
   3.4921596E-02   7.3061002E+06   7.3061002E+06   -3.3177233E+02   -1.1886288E+02   -1.1933787E+03   7.2673385E+06   7.3061002E+06   1.8334067E+06   0.0000000E+00   0.0000000E+00   0.0000000E+00   0.0000000E+00
   3.7435663E-02   6.7468830E+06   6.7468830E+06   -2.6072178E+02   -9.5448835E+01   -9.0798073E+02   6.7108403E+06   6.7468830E+06   1.6930110E+06   0.0000000E+00   0.0000000E+00   0.0000000E+00   0.0000000E+00
   4.0047948E-02   6.2505633E+06   6.2505633E+06   -2.1633316E+02   -7.7217302E+01   -6.9588550E+02   6.2169665E+06   6.2505633E+06   1.5684148E+06   0.0000000E+00   0.0000000E+00   0.0000000E+00   0.0000000E+00
   4.2718763E-02   5.8238652E+06   5.8238652E+06   -1.8492271E+02   -6.3194630E+01   -5.3680085E+02   5.7923924E+06   5.8238652E+06   1.4613020E+06   0.0000000E+00   0.0000000E+00   0.0000000E+00   0.0000000E+00
   4.5408510E-02   5.4663133E+06   5.4663133E+06   -1.4375312E+02   -5.2469485E+01   -4.2141901E+02   5.4366335E+06   5.4663133E+06   1.3715503E+06   0.0000000E+00   0.0000000E+00   0.0000000E+00   0.0000000E+00
   4.8088155E-02   5.1708018E+06   5.1708018E+06   -1.2999832E+02   -4.4236084E+01   -3.3597502E+02   5.1426116E+06   5.1708018E+06   1.2973739E+06   0.0000000E+00   0.0000000E+00   0.0000000E+00   0.0000000E+00
   5.0743277E-02   4.9262876E+06   4.9262876E+06   -1.0729798E+02   -3.7834828E+01   -2.7093160E+02   4.8993348E+06   4.9262876E+06   1.2359995E+06   0.0000000E+00   0.0000000E+00   0.0000000E+00   0.0000000E+00
   5.3371716E-02   4.7206529E+06   4.7206529E+06   -9.1700256E+01   -3.2761313E+01   -2.2264748E+02   4.6947448E+06   4.7206529E+06   1.1843852E+06   0.0000000E+00   0.0000000E+00   0.0000000E+00   0.0000000E+00
   5.5978916E-02   4.5425460E+06   4.5425460E+06   -8.4156619E+01   -2.8648410E+01   -1.8420201E+02   4.5175469E+06   4.5425460E+06   1.1396815E+06   0.0000000E+00   0.0000000E+00   0.0000000E+00   0.0000000E+00
   5.8573968E-02   4.3821892E+06   4.3821892E+06   -7.3052267E+01   -2.5235601E+01   -1.5307065E+02   4.3580135E+06   4.3821892E+06   1.0994342E+06   0.0000000E+00   0.0000000E+00   0.0000000E+00   0.0000000E+00
   6.1167157E-02   4.2315877E+06   4.2315877E+06   -6.2433244E+01   -2.2340286E+01   -1.2844836E+02   4.2081917E+06   4.2315877E+06   1.0616371E+06   0.0000000E+00   0.0000000E+00   0.0000000E+00   0.0000000E+00
   6.3768698E-02   4.0844955E+06   4.0844955E+06   -5.7321509E+01   -1.9835490E+01   -1.0820696E+02   4.0618678E+06   4.0844955E+06   1.0247224E+06   0.0000000E+00   0.0000000E+00   0.0000000E+00   0.0000000E+00
   6.6388198E-02   3.9363189E+06   3.9363189E+06   -5.2251995E+01   -1.7633251E+01   -9.0447753E+01   3.9144725E+06   3.9363189E+06   9.8753752E+05   0.0000000E+00   0.0000000E+00   0.0000000E+00   0.0000000E+00
   6.9034496E-02   3.7840233E+06   3.7840233E+06   -4.3845115E+01   -1.5673034E+01   -7.5862029E+01   3.7629873E+06   3.7840233E+06   9.4932084E+05   0.0000000E+00   0.0000000E+00   0.0000000E+00   0.0000000E+00
   7.1715676E-02   3.6260507E+06   3.6260507E+06   -4.0906118E+01   -1.3913887E+01   -6.3837546E+01   3.6058621E+06   3.6260507E+06   9.0968135E+05   0.0000000E+00   0.0000000E+00   0.0000000E+00   0.0000000E+00
   7.4439156E-02   3.4622324E+06   3.4622324E+06   -3.5211540E+01   -1.2328516E+01   -5.2714912E+01   3.4429286E+06   3.4622324E+06   8.6857660E+05   0.0000000E+00   0.0000000E+00   0.0000000E+00   0.0000000E+00
   7.7211790E-02   3.2936750E+06   3.2936750E+06   -3.2248455E+01   -1.0899013E+01   -4.4157096E+01   3.2752868E+06   3.2936750E+06   8.2628407E+05   0.0000000E+00   0.0000000E+00   0.0000000E+00   0.0000000E+00
   8.0039976E-02   3.1225994E+06   3.1225994E+06   -2.6905678E+01   -9.6138143E+00   -3.6304451E+01   3.1051450E+06   3.1225994E+06   7.8336086E+05   0.0000000E+00   0.0000000E+00   0.0000000E+00   0.0000000E+00
   8.2929746E-02   2.9521167E+06   2.9521167E+06   -2.4507455E+01   -8.4650229E+00   -2.9631872E+01   2.9355963E+06   2.9521167E+06   7.4058729E+05   0.0000000E+00   0.0000000E+00   0.0000000E+00   0.0000000E+00
   8.5886851E-02   2.7859317E+06   2.7859317E+06   -2.2078514E+01   -7.4465995E+00   -2.4280359E+01   2.7703246E+06   2.7859317E+06   6.9889275E+05   0.0000000E+00   0.0000000E+00   0.0000000E+00   0.0000000E+00
   8.8916824E-02   2.6279779E+06   2.6279779E+06   -1.9446115E+01   -6.5527555E+00   -1.9791421E+01   2.6132408E+06   2.6279779E+06   6.5926385E+05   0.0000000E+00   0.0000000E+00   0.0000000E+00   0.0000000E+00
   9.2025041E-02   2.4819964E+06   2.4819964E+06   -1.6818611E+01   -5.7768860E+00   -1.6028296E+01   2.4680648E+06   2.4819964E+06   6.2263903E+05   0.0000000E+00   0.0000000E+00   0.0000000E+00   0.0000000E+00
   9.5216758E-02   2.3510899E+06   2.3510899E+06   -1.4422673E+01   -5.1107864E+00   -1.3112059E+01   2.3378813E+06   2.3510899E+06   5.8979653E+05   0.0000000E+00   0.0000000E+00   0.0000000E+00   0.0000000E+00
   9.8497160E-02   2.2372941E+06   2.2372941E+06   -1.3555694E+01   -4.5443125E+00   -1.0687230E+01   2.2247142E+06   2.2372941E+06   5.6124689E+05   0.0000000E+00   0.0000000E+00   0.0000000E+00   0.0000000E+00
   1.0187138E-01   2.1412216E+06   2.1412216E+06   -1.1482302E+01   -4.0654108E+00   -8.5494763E+00   2.1291724E+06   2.1412216E+06   5.3714373E+05   0.0000000E+00   0.0000000E+00   0.0000000E+00   0.0000000E+00
   1.0534453E-01   2.0618427E+06   2.0618427E+06   -1.0833443E+01   -3.6604975E+00   -6.8243965E+00   2.0502316E+06   2.0618427E+06   5.1722864E+05   0.0000000E+00   0.0000000E+00   0.0000000E+00   0.0000000E+00
   1.0892173E-01   1.9964608E+06   1.9964608E+06   -9.9441001E+00   -3.3151807E+00   -5.5113494E+00   1.9852099E+06   1.9964608E+06   5.0082505E+05   0.0000000E+00   0.0000000E+00   0.0000000E+00   0.0000000E+00
   1.1260809E-01   1.9409291E+06   1.9409291E+06   -8.9855797E+00   -3.0152020E+00   -4.3381077E+00   1.9299838E+06   1.9409291E+06   4.8689269E+05   0.0000000E+00   0.0000000E+00   0.0000000E+00   0.0000000E+00
   1.1640878E-01   1.8901257E+06   1.8901257E+06   -7.8736310E+00   -2.7474975E+00   -3.3680355E+00   1.8794602E+06   1.8901257E+06   4.7414667E+05   0.0000000E+00   0.0000000E+00   0.0000000E+00   0.0000000E+00
   1.2032897E-01   1.8386587E+06   1.8386587E+06   -7.3868503E+00   -2.5012116E+00   -2.6520293E+00   1.8282774E+06   1.8386587E+06   4.6123434E+05   0.0000000E+00   0.0000000E+00   0.0000000E+00   0.0000000E+00
   1.2437391E-01   1.7817213E+06   1.7817213E+06   -6.4673767E+00   -2.2685097E+00   -1.8839290E+00   1.7716558E+06   1.7817213E+06   4.4694993E+05   0.0000000E+00   0.0000000E+00   0.0000000E+00   0.0000000E+00
   1.2854887E-01   1.7159635E+06   1.7159635E+06   -5.8810467E+00   -2.0450189E+00   -1.2475484E+00   1.7062643E+06   1.7159635E+06   4.3045305E+05   0.0000000E+00   0.0000000E+00   0.0000000E+00   0.0000000E+00
   1.3285919E-01   1.6402023E+06   1.6402023E+06   -5.2247121E+00   -1.8297959E+00   -7.7720209E-01   1.6309267E+06   1.6402023E+06   4.1144701E+05   0.0000000E+00   0.0000000E+00   0.0000000E+00   0.0000000E+00
   1.3731030E-01   1.5557849E+06   1.5557849E+06   -4.7780104E+00   -1.6247686E+00   -4.2987155E-01   1.5469824E+06   1.5557849E+06   3.9026969E+05   0.0000000E+00   0.0000000E+00   0.0000000E+00   0.0000000E+00
   1.4190765E-01   1.4664481E+06   1.4664481E+06   -4.1385779E+00   -1.4337100E+00   -2.6560019E-02   1.4581473E+06   1.4664481E+06   3.6785853E+05   0.0000000E+00   0.0000000E+00   0.0000000E+00   0.0000000E+00
   1.4665679E-01   1.3776098E+06   1.3776098E+06   -3.7353796E+00   -1.2609171E+00   2.1623839E-01   1.3698085E+06   1.3776098E+06   3.4557259E+05   0.0000000E+00   0.0000000E+00   0.0000000E+00   0.0000000E+00
   1.5156334E-01   1.2951613E+06   1.2951613E+06   -3.2541719E+00   -1.1098450E+00   4.0359764E-01   1.2878239E+06   1.2951613E+06   3.2488967E+05   0.0000000E+00   0.0000000E+00   0.0000000E+00   0.0000000E+00
   1.5663301E-01   1.2239918E+06   1.2239918E+06   -2.8269260E+00   -9.8199001E-01   4.9281713E-01   1.2170549E+06   1.2239918E+06   3.0703619E+05   0.0000000E+00   0.0000000E+00   0.0000000E+00   0.0000000E+00
   1.6187161E-01   1.1666168E+06   1.1666168E+06   -2.5788919E+00   -8.7631167E-01   6.3865613E-01   1.1600028E+06   1.1666168E+06   2.9264318E+05   0.0000000E+00   0.0000000E+00   0.0000000E+00   0.0000000E+00
   1.6728504E-01   1.1223414E+06   1.1223414E+06   -2.3462752E+00   -7.8934513E-01   7.1161177E-01   1.1159761E+06   1.1223414E+06   2.8153622E+05   0.0000000E+00   0.0000000E+00   0.0000000E+00   0.0000000E+00
   1.7287933E-01   1.0873156E+06   1.0873156E+06   -2.0786961E+00   -7.1600340E-01   7.7382328E-01   1.0811470E+06   1.0873156E+06   2.7274959E+05   0.0000000E+00   0.0000000E+00   0.0000000E+00   0.0000000E+00
   1.7866061E-01   1.0556147E+06   1.0556147E+06   -1.9314559E+00   -6.5085381E-01   7.8654351E-01   1.0496241E+06   1.0556147E+06   2.6479705E+05   0.0000000E+00   0.0000000E+00   0.0000000E+00   0.0000000E+00
   1.8463522E-01   1.0211252E+06   1.0211252E+06   -1.7209630E+00   -5.8948479E-01   8.1106354E-01   1.0153286E+06   1.0211252E+06   2.5614505E+05   0.0000000E+00   0.0000000E+00   0.0000000E+00   0.0000000E+00
   1.9080961E-01   9.7966093E+05   9.7966093E+05   -1.5709957E+00   -5.2951678E-01   8.2042933E-01   9.7409820E+05   9.7966093E+05   2.4574351E+05   0.0000000E+00   0.0000000E+00   0.0000000E+00   0.0000000E+00
   1.9719049E-01   9.3051409E+05   9.3051409E+05   -1.3687147E+00   -4.7090338E-01   8.2596609E-01   9.2522905E+05   9.3051409E+05   2.3341490E+05   0.0000000E+00   0.0000000E+00   0.0000000E+00   0.0000000E+00
   2.0378477E-01   8.7672495E+05   8.7672495E+05   -1.2228505E+00   -4.1540653E-01   7.9943539E-01   8.7174419E+05   8.7672495E+05   2.1992184E+05   0.0000000E+00   0.0000000E+00   0.0000000E+00   0.0000000E+00
   2.1059963E-01   8.2378833E+05   8.2378833E+05   -1.0599620E+00   -3.6544932E-01   7.5494826E-01   8.1910722E+05   8.2378833E+05   2.0664269E+05   0.0000000E+00   0.0000000E+00   0.0000000E+00   0.0000000E+00
   2.1764259E-01   7.7719969E+05   7.7719969E+05   -9.6094141E-01   -3.2281221E-01   7.1771854E-01   7.7278235E+05   7.7719969E+05   1.9495594E+05   0.0000000E+00   0.0000000E+00   0.0000000E+00   0.0000000E+00
   2.2492151E-01   7.3989078E+05   7.3989078E+05   -8.5628637E-01   -2.8773792E-01   6.8350638E-01   7.3568462E+05   7.3989078E+05   1.8559700E+05   0.0000000E+00   0.0000000E+00   0.0000000E+00   0.0000000E+00
   2.3244471E-01   7.1084042E+05   7.1084042E+05   -7.5364898E-01   -2.5883181E-01   6.5620389E-01   7.0679861E+05   7.1084042E+05   1.7830970E+05   0.0000000E+00   0.0000000E+00   0.0000000E+00   0.0000000E+00
   2.4022098E-01   6.8570890E+05   6.8570890E+05   -6.8869457E-01   -2.3377451E-01   6.2909848E-01   6.8180927E+05   6.8570890E+05   1.7200543E+05   0.0000000E+00   0.0000000E+00   0.0000000E+00   0.0000000E+00
   2.4825967E-01   6.5930901E+05   6.5930901E+05   -6.1351095E-01   -2.1044962E-01   5.9646083E-01   6.5555886E+05   6.5930901E+05   1.6538303E+05   0.0000000E+00   0.0000000E+00   0.0000000E+00   0.0000000E+00
   2.5657083E-01   6.2859069E+05   6.2859069E+05   -5.5565292E-01   -1.8785050E-01   5.5788411E-01   6.2501467E+05   6.2859069E+05   1.5767741E+05   0.0000000E+00   0.0000000E+00   0.0000000E+00   0.0000000E+00
   2.6516522E-01   5.9431792E+05   5.9431792E+05   -4.8805363E-01   -1.6627511E-01   5.1792494E-01   5.9093635E+05   5.9431792E+05   1.4908020E+05   0.0000000E+00   0.0000000E+00   0.0000000E+00   0.0000000E+00
   2.7405453E-01   5.6027008E+05   5.6027008E+05   -4.3527413E-01   -1.4673941E-01   4.7250329E-01   5.5708177E+05   5.6027008E+05   1.4053943E+05   0.0000000E+00   0.0000000E+00   0.0000000E+00   0.0000000E+00
   2.8325143E-01   5.3040960E+05   5.3040960E+05   -3.8520216E-01   -1.3004032E-01   4.4105901E-01   5.2739079E+05   5.3040960E+05   1.3304905E+05   0.0000000E+00   0.0000000E+00   0.0000000E+00   0.0000000E+00
   2.9276976E-01   5.0600396E+05   5.0600396E+05   -3.4247644E-01   -1.1611952E-01   4.0504149E-01   5.0312368E+05   5.0600396E+05   1.2692700E+05   0.0000000E+00   0.0000000E+00   0.0000000E+00   0.0000000E+00
   3.0262473E-01   4.8490369E+05   4.8490369E+05   -3.0860935E-01   -1.0414697E-01   3.7796969E-01   4.8214318E+05   4.8490369E+05   1.2163408E+05   0.0000000E+00   0.0000000E+00   0.0000000E+00   0.0000000E+00
   3.1283310E-01   4.6358780E+05   4.6358780E+05   -2.7522879E-01   -9.3175288E-02   3.4685961E-01   4.6094832E+05   4.6358780E+05   1.1628708E+05   0.0000000E+00   0.0000000E+00   0.0000000E+00   0.0000000E+00
   3.2341343E-01   4.4024405E+05   4.4024405E+05   -2.4403926E-01   -8.2786866E-02   3.2418102E-01   4.3773722E+05   4.4024405E+05   1.1043143E+05   0.0000000E+00   0.0000000E+00   0.0000000E+00   0.0000000E+00
   3.3438641E-01   4.1610904E+05   4.1610904E+05   -2.1542070E-01   -7.3195053E-02   2.9514885E-01   4.1373939E+05   4.1610904E+05   1.0437731E+05   0.0000000E+00   0.0000000E+00   0.0000000E+00   0.0000000E+00
   3.4577517E-01   3.9382819E+05   3.9382819E+05   -1.9162115E-01   -6.4785977E-02   2.6660794E-01   3.9158520E+05   3.9382819E+05   9.8788295E+04   0.0000000E+00   0.0000000E+00   0.0000000E+00   0.0000000E+00
   3.5760573E-01   3.7456548E+05   3.7456548E+05   -1.6945256E-01   -5.7607003E-02   2.4361157E-01   3.7243200E+05   3.7456548E+05   9.3956365E+04   0.0000000E+00   0.0000000E+00   0.0000000E+00   0.0000000E+00
   3.6990751E-01   3.5697620E+05   3.5697620E+05   -1.5157510E-01   -5.1310479E-02   2.2363654E-01   3.5494272E+05   3.5697620E+05   8.9544207E+04   0.0000000E+00   0.0000000E+00   0.0000000E+00   0.0000000E+00
   3.8271392E-01   3.3909919E+05   3.3909919E+05   -1.3461804E-01   -4.5532888E-02   2.0341016E-01   3.3716739E+05   3.3909919E+05   8.5059883E+04   0.0000000E+00   0.0000000E+00   0.0000000E+00   0.0000000E+00
   3.9606316E-01   3.2073710E+05   3.2073710E+05   -1.1886605E-01   -4.0212297E-02   1.8480521E-01   3.1890977E+05   3.2073710E+05   8.0453887E+04   0.0000000E+00   0.0000000E+00   0.0000000E+00   0.0000000E+00
   4.0999915E-01   3.0329126E+05   3.0329126E+05   -1.0485228E-01   -3.5483407E-02   1.6640667E-01   3.0156319E+05   3.0329126E+05   7.6077729E+04   0.0000000E+00   0.0000000E+00   0.0000000E+00   0.0000000E+00
   4.2457270E-01   2.8749697E+05   2.8749697E+05   -9.2684035E-02   -3.1365811E-02   1.5089933E-01   2.8585877E+05   2.8749697E+05   7.2115850E+04   0.0000000E+00   0.0000000E+00   0.0000000E+00   0.0000000E+00
   4.3984301E-01   2.7248559E+05   2.7248559E+05   -8.1857324E-02   -2.7699380E-02   1.3627908E-01   2.7093282E+05   2.7248559E+05   6.8350363E+04   0.0000000E+00   0.0000000E+00   0.0000000E+00   0.0000000E+00
   4.5587948E-01   2.5743054E+05   2.5743054E+05   -7.1860767E-02   -2.4359952E-02   1.2239514E-01   2.5596348E+05   2.5743054E+05   6.4573929E+04   0.0000000E+00   0.0000000E+00   0.0000000E+00   0.0000000E+00
   4.7276415E-01   2.4279136E+05   2.4279136E+05   -6.3069449E-02   -2.1362666E-02   1.0982785E-01   2.4140764E+05   2.4279136E+05   6.0901812E+04   0.0000000E+00   0.0000000E+00   0.0000000E+00   0.0000000E+00
   4.9059469E-01   2.2909528E+05   2.2909528E+05   -5.5270372E-02   -1.8718759E-02   9.7744784E-02   2.2778954E+05   2.2909528E+05   5.7466266E+04   0.0000000E+00   0.0000000E+00   0.0000000E+00   0.0000000E+00
   5.0948835E-01   2.1589775E+05   2.1589775E+05   -4.8320532E-02   -1.6356214E-02   8.7611290E-02   2.1466716E+05   2.1589775E+05   5.4155779E+04   0.0000000E+00   0.0000000E+00   0.0000000E+00   0.0000000E+00
   5.2958697E-01   2.0289343E+05   2.0289343E+05   -4.2039255E-02   -1.4226270E-02   7.7517827E-02   2.0173691E+05   2.0289343E+05   5.0893762E+04   0.0000000E+00   0.0000000E+00   0.0000000E+00   0.0000000E+00
   5.5106348E-01   1.9040672E+05   1.9040672E+05   -3.6426147E-02   -1.2330270E-02   6.8281338E-02   1.8932132E+05   1.9040672E+05   4.7761583E+04   0.0000000E+00   0.0000000E+00   0.0000000E+00   0.0000000E+00
   5.7413027E-01   1.7836067E+05   1.7836067E+05   -3.1439160E-02   -1.0640642E-02   6.0095178E-02   1.7734389E+05   1.7836067E+05   4.4739943E+04   0.0000000E+00   0.0000000E+00   0.0000000E+00   0.0000000E+00
   5.9904959E-01   1.6655131E+05   1.6655131E+05   -2.6968788E-02   -9.1265896E-03   5.2526244E-02   1.6560180E+05   1.6655131E+05   4.1777674E+04   0.0000000E+00   0.0000000E+00   0.0000000E+00   0.0000000E+00
   6.2614628E-01   1.5510112E+05   1.5510112E+05   -2.2994813E-02   -7.7793939E-03   4.5543195E-02   1.5421685E+05   1.5510112E+05   3.8905503E+04   0.0000000E+00   0.0000000E+00   0.0000000E+00   0.0000000E+00
   6.5582212E-01   1.4390879E+05   1.4390879E+05   -1.9450073E-02   -6.5795165E-03   3.9305811E-02   1.4308830E+05   1.4390879E+05   3.6098014E+04   0.0000000E+00   0.0000000E+00   0.0000000E+00   0.0000000E+00
   6.8856955E-01   1.3296817E+05   1.3296817E+05   -1.6277927E-02   -5.5147642E-03   3.3504724E-02   1.3221002E+05   1.3296817E+05   3.3353665E+04   0.0000000E+00   0.0000000E+00   0.0000000E+00   0.0000000E+00
   7.2497933E-01   1.2226851E+05   1.2226851E+05   -1.3522026E-02   -4.5744090E-03   2.8316943E-02   1.2157135E+05   1.2226851E+05   3.0669762E+04   0.0000000E+00   0.0000000E+00   0.0000000E+00   0.0000000E+00
   7.6573138E-01   1.1181936E+05   1.1181936E+05   -1.1090707E-02   -3.7500118E-03   2.3625594E-02   1.1118176E+05   1.1181936E+05   2.8048699E+04   0.0000000E+00   0.0000000E+00   0.0000000E+00   0.0000000E+00
   8.1155288E-01   1.0165398E+05   1.0165398E+05   -8.9766652E-03   -3.0349799E-03   1.9464405E-02   1.0107431E+05   1.0165398E+05   2.5498814E+04   0.0000000E+00   0.0000000E+00   0.0000000E+00   0.0000000E+00
   8.6313060E-01   9.1849210E+04   9.1849210E+04   -7.1700732E-03   -2.4242876E-03   1.5823538E-02   9.1325437E+04   9.1849210E+04   2.3039388E+04   0.0000000E+00   0.0000000E+00   0.0000000E+00   0.0000000E+00
   9.2098989E-01   8.2511040E+04   8.2511040E+04   -5.6583603E-03   -1.9127625E-03   1.2697619E-02   8.2040504E+04   8.2511040E+04   2.0697005E+04   0.0000000E+00   0.0000000E+00   0.0000000E+00   0.0000000E+00
   9.8540102E-01   7.3758969E+04   7.3758969E+04   -4.4181898E-03   -1.4936339E-03   1.0072800E-02   7.3338331E+04   7.3758969E+04   1.8501639E+04   0.0000000E+00   0.0000000E+00   0.0000000E+00   0.0000000E+00
   1.0563942E+00   6.5690692E+04   6.5690692E+04   -3.4240901E-03   -1.1574562E-03   7.9460936E-03   6.5316057E+04   6.5690692E+04   1.6477797E+04   0.0000000E+00   0.0000000E+00   0.0000000E+00   0.0000000E+00
   1.1338950E+00   5.8358088E+04   5.8358088E+04   -2.6406918E-03   -8.9249392E-04   6.2244098E-03   5.8025263E+04   5.8358088E+04   1.4638491E+04   0.0000000E+00   0.0000000E+00   0.0000000E+00   0.0000000E+00
   1.2178868E+00   5.1763897E+04   5.1763897E+04   -2.0306296E-03   -6.8621495E-04   4.8498550E-03   5.1468674E+04   5.1763897E+04   1.2984408E+04   0.0000000E+00   0.0000000E+00   0.0000000E+00   0.0000000E+00
   1.3085040E+00   4.5870820E+04   4.5870820E+04   -1.5590233E-03   -5.2678240E-04   3.7827073E-03   4.5609201E+04   4.5870820E+04   1.1506193E+04   0.0000000E+00   0.0000000E+00   0.0000000E+00   0.0000000E+00
   1.4060401E+00   4.0622285E+04   4.0622285E+04   -1.1955908E-03   -4.0402737E-04   2.9298193E-03   4.0390597E+04   4.0622285E+04   1.0189654E+04   0.0000000E+00   0.0000000E+00   0.0000000E+00   0.0000000E+00
   1.5109138E+00   3.5956947E+04   3.5956947E+04   -9.1667672E-04   -3.0970100E-04   2.2695467E-03   3.5751865E+04   3.5956947E+04   9.0194049E+03   0.0000000E+00   0.0000000E+00   0.0000000E+00   0.0000000E+00
   1.6236321E+00   3.1813521E+04   3.1813521E+04   -7.0240294E-04   -2.3728656E-04   1.7628710E-03   3.1632069E+04   3.1813521E+04   7.9800715E+03   0.0000000E+00   0.0000000E+00   0.0000000E+00   0.0000000E+00
   1.7447660E+00   2.8136554E+04   2.8136554E+04   -5.3798945E-04   -1.8173150E-04   1.3603855E-03   2.7976072E+04   2.8136554E+04   7.0577443E+03   0.0000000E+00   0.0000000E+00   0.0000000E+00   0.0000000E+00
   1.8749388E+00   2.4874933E+04   2.4874933E+04   -4.1189948E-04   -1.3912915E-04   1.0504228E-03   2.4733053E+04   2.4874933E+04   6.2396024E+03   0.0000000E+00   0.0000000E+00   0.0000000E+00   0.0000000E+00
   2.0148239E+00   2.1983387E+04   2.1983387E+04   -3.1519921E-04   -1.0647502E-04   8.1454879E-04   2.1857999E+04   2.1983387E+04   5.5142897E+03   0.0000000E+00   0.0000000E+00   0.0000000E+00   0.0000000E+00
   2.1651455E+00   1.9420972E+04   1.9420972E+04   -2.4113689E-04   -8.1455466E-05   6.2574932E-04   1.9310199E+04   1.9420972E+04   4.8715361E+03   0.0000000E+00   0.0000000E+00   0.0000000E+00   0.0000000E+00
   2.3266823E+00   1.7151286E+04   1.7151286E+04   -1.8443078E-04   -6.2293372E-05   4.8195627E-04   1.7053458E+04   1.7151286E+04   4.3022102E+03   0.0000000E+00   0.0000000E+00   0.0000000E+00   0.0000000E+00
   2.5002710E+00   1.5141766E+04   1.5141766E+04   -1.4100566E-04   -4.7623064E-05   3.7244519E-04   1.5055399E+04   1.5141766E+04   3.7981443E+03   0.0000000E+00   0.0000000E+00   0.0000000E+00   0.0000000E+00
   2.6868108E+00   1.3363313E+04   1.3363313E+04   -1.0776833E-04   -3.6395669E-05   2.8511565E-04   1.3287090E+04   1.3363313E+04   3.3520389E+03   0.0000000E+00   0.0000000E+00   0.0000000E+00   0.0000000E+00
   2.8872679E+00   1.1789996E+04   1.1789996E+04   -8.2403626E-05   -2.7806305E-05   2.1908456E-04   1.1722747E+04   1.1789996E+04   2.9573899E+03   0.0000000E+00   0.0000000E+00   0.0000000E+00   0.0000000E+00
   3.1026807E+00   1.0398703E+04   1.0398703E+04   -6.2883516E-05   -2.1237444E-05   1.6853822E-04   1.0339390E+04   1.0398703E+04   2.6083994E+03   0.0000000E+00   0.0000000E+00   0.0000000E+00   0.0000000E+00
   3.3341650E+00   9.1688416E+03   9.1688416E+03   -4.8016774E-05   -1.6215483E-05   1.2923039E-04   9.1165430E+03   9.1688416E+03   2.2999022E+03   0.0000000E+00   0.0000000E+00   0.0000000E+00   0.0000000E+00
   3.5829198E+00   8.0820793E+03   8.0820793E+03   -3.6651635E-05   -1.2377416E-05   9.9688082E-05   8.0359794E+03   8.0820793E+03   2.0272999E+03   0.0000000E+00   0.0000000E+00   0.0000000E+00   0.0000000E+00
   3.8502337E+00   7.1221085E+03   7.1221085E+03   -2.7988457E-05   -9.4450737E-06   7.6331261E-05   7.0814842E+03   7.1221085E+03   1.7865019E+03   0.0000000E+00   0.0000000E+00   0.0000000E+00   0.0000000E+00
   4.1374913E+00   6.2744298E+03   6.2744298E+03   -2.1334167E-05   -7.2054258E-06   5.8530536E-05   6.2386406E+03   6.2744298E+03   1.5738711E+03   0.0000000E+00   0.0000000E+00   0.0000000E+00   0.0000000E+00
   4.4461805E+00   5.5261590E+03   5.5261590E+03   -1.6274488E-05   -5.4953524E-06   4.4705656E-05   5.4946378E+03   5.5261590E+03   1.3861756E+03   0.0000000E+00   0.0000000E+00   0.0000000E+00   0.0000000E+00
   4.7779004E+00   4.8658533E+03   4.8658533E+03   -1.2412508E-05   -4.1900178E-06   3.3936552E-05   4.8380985E+03   4.8658533E+03   1.2205453E+03   0.0000000E+00   0.0000000E+00   0.0000000E+00   0.0000000E+00
   5.1343691E+00   4.2833558E+03   4.2833558E+03   -9.4592914E-06   -3.1939156E-06   2.6119395E-05   4.2589235E+03   4.2833558E+03   1.0744322E+03   0.0000000E+00   0.0000000E+00   0.0000000E+00   0.0000000E+00
   5.5174333E+00   3.7696553E+03   3.7696553E+03   -7.2082855E-06   -2.4340013E-06   1.9937019E-05   3.7481532E+03   3.7696553E+03   9.4557616E+02   0.0000000E+00   0.0000000E+00   0.0000000E+00   0.0000000E+00
   5.9290770E+00   3.3167616E+03   3.3167616E+03   -5.4927241E-06   -1.8544282E-06   1.5184470E-05   3.2978427E+03   3.3167616E+03   8.3197278E+02   0.0000000E+00   0.0000000E+00   0.0000000E+00   0.0000000E+00
   6.3714325E+00   2.9175923E+03   2.9175923E+03   -4.1839740E-06   -1.4125163E-06   1.1562232E-05   2.9009503E+03   2.9175923E+03   7.3184559E+02   0.0000000E+00   0.0000000E+00   0.0000000E+00   0.0000000E+00
   6.8467913E+00   2.5658732E+03   2.5658732E+03   -3.1851440E-06   -1.0756549E-06   8.8586357E-06   2.5512374E+03   2.5658732E+03   6.4362078E+02   0.0000000E+00   0.0000000E+00   0.0000000E+00   0.0000000E+00
   7.3576155E+00   2.2560486E+03   2.2560486E+03   -2.4261309E-06   -8.1893680E-07   6.8482453E-06   2.2431800E+03   2.2560486E+03   5.6590471E+02   0.0000000E+00   0.0000000E+00   0.0000000E+00   0.0000000E+00
   7.9065512E+00   1.9832007E+03   1.9832007E+03   -1.8467931E-06   -6.2334323E-07   5.2371599E-06   1.9718884E+03   1.9832007E+03   4.9746384E+02   0.0000000E+00   0.0000000E+00   0.0000000E+00   0.0000000E+00
   8.4964418E+00   1.7429784E+03   1.7429784E+03   -1.4055372E-06   -4.7435643E-07   3.9605372E-06   1.7330364E+03   1.7429784E+03   4.3720677E+02   0.0000000E+00   0.0000000E+00   0.0000000E+00   0.0000000E+00
   9.1303429E+00   1.5315338E+03   1.5315338E+03   -1.0694346E-06   -3.6089776E-07   3.0183337E-06   1.5227979E+03   1.5315338E+03   3.8416824E+02   0.0000000E+00   0.0000000E+00   0.0000000E+00   0.0000000E+00
   9.8115380E+00   1.3454649E+03   1.3454649E+03   -8.1357153E-07   -2.7451509E-07   2.2650039E-06   1.3377903E+03   1.3454649E+03   3.3749491E+02   0.0000000E+00   0.0000000E+00   0.0000000E+00   0.0000000E+00
   1.0543556E+01   1.1817651E+03   1.1817651E+03   -6.1889557E-07   -2.0876200E-07   1.7356977E-06   1.1750243E+03   1.1817651E+03   2.9643265E+02   0.0000000E+00   0.0000000E+00   0.0000000E+00   0.0000000E+00
