#           k/h    CDM            baryon         photon         nu             mass_nu        total          no_nu          total_de       Weyl           v_CDM          v_b            v_b-v_c     
   1.1142583E-05   3.1770521E+06   3.1770521E+06   4.2356734E+06   6.4991608E+03   2.4175998E+04   3.1771680E+06   3.1770521E+06   3.1590678E+06   0.0000000E+00   0.0000000E+00   0.0000000E+00   0.0000000E+00
   1.1973907E-05   3.1770517E+06   3.1770517E+06   4.2356116E+06   6.4991007E+03   2.4175739E+04   3.1771676E+06   3.1770517E+06   3.1590674E+06   0.0000000E+00   0.0000000E+00   0.0000000E+00   0.0000000E+00
   1.2867255E-05   3.1770513E+06   3.1770513E+06   4.2355403E+06   6.4990312E+03   2.4175439E+04   3.1771671E+06   3.1770513E+06   3.1590669E+06   0.0000000E+00   0.0000000E+00   0.0000000E+00   0.0000000E+00
   1.3827252E-05   3.1770508E+06   3.1770508E+06   4.2354579E+06   6.4989510E+03   2.4175093E+04   3.1771665E+06   3.1770508E+06   3.1590664E+06   0.0000000E+00   0.0000000E+00   0.0000000E+00   0.0000000E+00
   1.4858874E-05   3.1770502E+06   3.1770502E+06   4.2353627E+06   6.4988584E+03   2.4174694E+04   3.1771659E+06   3.1770502E+06   3.1590658E+06   0.0000000E+00   0.0000000E+00   0.0000000E+00   0.0000000E+00
   1.5967462E-05   3.1770495E+06   3.1770495E+06   4.2352528E+06   6.4987514E+03   2.4174232E+04   3.1771652E+06   3.1770495E+06   3.1590650E+06   0.0000000E+00   0.0000000E+00   0.0000000E+00   0.0000000E+00
   1.7158760E-05   3.1770487E+06   3.1770487E+06   4.2351259E+06   6.4986279E+03   2.4173699E+04   3.1771643E+06   3.1770487E+06   3.1590642E+06   0.0000000E+00   0.0000000E+00   0.0000000E+00   0.0000000E+00
   1.8438937E-05   3.1770478E+06   3.1770478E+06   4.2349794E+06   6.4984853E+03   2.4173084E+04   3.1771633E+06   3.1770478E+06   3.1590632E+06   0.0000000E+00   0.0000000E+00   0.0000000E+00   0.0000000E+00
   1.9814627E-05   3.1770468E+06   3.1770468E+06   4.2348102E+06   6.4983206E+03   2.4172374E+04   3.1771622E+06   3.1770468E+06   3.1590621E+06   0.0000000E+00   0.0000000E+00   0.0000000E+00   0.0000000E+00
   2.1292953E-05   3.1770456E+06   3.1770456E+06   4.2346148E+06   6.4981304E+03   2.4171554E+04   3.1771609E+06   3.1770456E+06   3.1590608E+06   0.0000000E+00   0.0000000E+00   0.0000000E+00   0.0000000E+00
   2.2881574E-05   3.1770442E+06   3.1770442E+06   4.2343892E+06   6.4979108E+03   2.4170607E+04   3.1771594E+06   3.1770442E+06   3.1590593E+06   0.0000000E+00   0.0000000E+00   0.0000000E+00   0.0000000E+00
   2.4588718E-05   3.1770426E+06   3.1770426E+06   4.2341286E+06   6.4976572E+03   2.4169513E+04   3.1771576E+06   3.1770426E+06   3.1590575E+06   0.0000000E+00   0.0000000E+00   0.0000000E+00   0.0000000E+00
   2.6423229E-05   3.1770407E+06   3.1770407E+06   4.2338278E+06   6.4973644E+03   2.4168251E+04   3.1771556E+06   3.1770407E+06   3.1590555E+06   0.0000000E+00   0.0000000E+00   0.0000000E+00   0.0000000E+00
   2.8394609E-05   3.1770386E+06   3.1770386E+06   4.2334804E+06   6.4970262E+03   2.4166793E+04   3.1771533E+06   3.1770386E+06   3.1590532E+06   0.0000000E+00   0.0000000E+00   0.0000000E+00   0.0000000E+00
   3.0513069E-05   3.1770361E+06   3.1770361E+06   4.2330793E+06   6.4966358E+03   2.4165110E+04   3.1771506E+06   3.1770361E+06   3.1590505E+06   0.0000000E+00   0.0000000E+00   0.0000000E+00   0.0000000E+00
   3.2789583E-05   3.1770333E+06   3.1770333E+06   4.2326162E+06   6.4961849E+03   2.4163167E+04   3.1771475E+06   3.1770333E+06   3.1590474E+06   0.0000000E+00   0.0000000E+00   0.0000000E+00   0.0000000E+00
   3.5235942E-05   3.1770300E+06   3.1770300E+06   4.2320814E+06   6.4956643E+03   2.4160924E+04   3.1771439E+06   3.1770300E+06   3.1590439E+06   0.0000000E+00   0.0000000E+00   0.0000000E+00   0.0000000E+00
   3.7864820E-05   3.1770262E+06   3.1770262E+06   4.2314639E+06   6.4950632E+03   2.4158334E+04   3.1771397E+06   3.1770262E+06   3.1590398E+06   0.0000000E+00   0.0000000E+00   0.0000000E+00   0.0000000E+00
   4.0689832E-05   3.1770218E+06   3.1770218E+06   4.2307510E+06   6.4943691E+03   2.4155344E+04   3.1771349E+06   3.1770218E+06   3.1590350E+06   0.0000000E+00   0.0000000E+00   0.0000000E+00   0.0000000E+00
   4.3725612E-05   3.1770167E+06   3.1770167E+06   4.2299279E+06   6.4935677E+03   2.4151893E+04   3.1771294E+06   3.1770167E+06   3.1590295E+06   0.0000000E+00   0.0000000E+00   0.0000000E+00   0.0000000E+00
   4.6987884E-05   3.1770108E+06   3.1770108E+06   4.2289775E+06   6.4926423E+03   2.4147909E+04   3.1771230E+06   3.1770108E+06   3.1590232E+06   0.0000000E+00   0.0000000E+00   0.0000000E+00   0.0000000E+00
   5.0493548E-05   3.1770041E+06   3.1770041E+06   4.2278803E+06   6.4915740E+03   2.4143311E+04   3.1771157E+06   3.1770041E+06   3.1590158E+06   0.0000000E+00   0.0000000E+00   0.0000000E+00   0.0000000E+00
   5.4260762E-05   3.1769963E+06   3.1769963E+06   4.2266136E+06   6.4903405E+03   2.4138004E+04   3.1771072E+06   3.1769963E+06   3.1590074E+06   0.0000000E+00   0.0000000E+00   0.0000000E+00   0.0000000E+00
   5.8309040E-05   3.1769873E+06   3.1769873E+06   4.2251513E+06   6.4889164E+03   2.4131880E+04   3.1770973E+06   3.1769873E+06   3.1589976E+06   0.0000000E+00   0.0000000E+00   0.0000000E+00   0.0000000E+00
   6.2659351E-05   3.1769768E+06   3.1769768E+06   4.2234633E+06   6.4872723E+03   2.4124813E+04   3.1770860E+06   3.1769768E+06   3.1589863E+06   0.0000000E+00   0.0000000E+00   0.0000000E+00   0.0000000E+00
   6.7334229E-05   3.1769648E+06   3.1769648E+06   4.2215148E+06   6.4853743E+03   2.4116659E+04   3.1770729E+06   3.1769648E+06   3.1589733E+06   0.0000000E+00   0.0000000E+00   0.0000000E+00   0.0000000E+00
   7.2357890E-05   3.1769509E+06   3.1769509E+06   4.2192657E+06   6.4831833E+03   2.4107253E+04   3.1770577E+06   3.1769509E+06   3.1589583E+06   0.0000000E+00   0.0000000E+00   0.0000000E+00   0.0000000E+00
   7.7756355E-05   3.1769349E+06   3.1769349E+06   4.2166700E+06   6.4806542E+03   2.4096404E+04   3.1770403E+06   3.1769349E+06   3.1589409E+06   0.0000000E+00   0.0000000E+00   0.0000000E+00   0.0000000E+00
   8.3557587E-05   3.1769164E+06   3.1769164E+06   4.2136744E+06   6.4777351E+03   2.4083892E+04   3.1770201E+06   3.1769164E+06   3.1589209E+06   0.0000000E+00   0.0000000E+00   0.0000000E+00   0.0000000E+00
   8.9791638E-05   3.1768950E+06   3.1768950E+06   4.2102177E+06   6.4743659E+03   2.4069466E+04   3.1769968E+06   3.1768950E+06   3.1588977E+06   0.0000000E+00   0.0000000E+00   0.0000000E+00   0.0000000E+00
   9.6490797E-05   3.1768704E+06   3.1768704E+06   4.2062293E+06   6.4704776E+03   2.4052837E+04   3.1769699E+06   3.1768704E+06   3.1588710E+06   0.0000000E+00   0.0000000E+00   0.0000000E+00   0.0000000E+00
   1.0368977E-04   3.1768419E+06   3.1768419E+06   4.2016280E+06   6.4659908E+03   2.4033674E+04   3.1769389E+06   3.1768419E+06   3.1588402E+06   0.0000000E+00   0.0000000E+00   0.0000000E+00   0.0000000E+00
   1.1142583E-04   3.1768090E+06   3.1768090E+06   4.1963206E+06   6.4608138E+03   2.4011598E+04   3.1769031E+06   3.1768090E+06   3.1588045E+06   0.0000000E+00   0.0000000E+00   0.0000000E+00   0.0000000E+00
   1.1973907E-04   3.1767710E+06   3.1767710E+06   4.1901996E+06   6.4548412E+03   2.3986176E+04   3.1768617E+06   3.1767710E+06   3.1587634E+06   0.0000000E+00   0.0000000E+00   0.0000000E+00   0.0000000E+00
   1.2867255E-04   3.1767272E+06   3.1767272E+06   4.1831418E+06   6.4479518E+03   2.3956913E+04   3.1768140E+06   3.1767272E+06   3.1587160E+06   0.0000000E+00   0.0000000E+00   0.0000000E+00   0.0000000E+00
   1.3827252E-04   3.1766766E+06   3.1766766E+06   4.1750057E+06   6.4400062E+03   2.3923245E+04   3.1767588E+06   3.1766766E+06   3.1586612E+06   0.0000000E+00   0.0000000E+00   0.0000000E+00   0.0000000E+00
   1.4858874E-04   3.1766183E+06   3.1766183E+06   4.1656291E+06   6.4308443E+03   2.3884532E+04   3.1766952E+06   3.1766183E+06   3.1585979E+06   0.0000000E+00   0.0000000E+00   0.0000000E+00   0.0000000E+00
   1.5967462E-04   3.1765509E+06   3.1765509E+06   4.1548263E+06   6.4202825E+03   2.3840048E+04   3.1766218E+06   3.1765509E+06   3.1585250E+06   0.0000000E+00   0.0000000E+00   0.0000000E+00   0.0000000E+00
   1.7158760E-04   3.1764731E+06   3.1764731E+06   4.1423847E+06   6.4081099E+03   2.3788972E+04   3.1765371E+06   3.1764731E+06   3.1584407E+06   0.0000000E+00   0.0000000E+00   0.0000000E+00   0.0000000E+00
   1.8438937E-04   3.1763833E+06   3.1763833E+06   4.1280617E+06   6.3940852E+03   2.3730381E+04   3.1764393E+06   3.1763833E+06   3.1583435E+06   0.0000000E+00   0.0000000E+00   0.0000000E+00   0.0000000E+00
   1.9814627E-04   3.1762798E+06   3.1762798E+06   4.1115806E+06   6.3779323E+03   2.3663238E+04   3.1763265E+06   3.1762798E+06   3.1582314E+06   0.0000000E+00   0.0000000E+00   0.0000000E+00   0.0000000E+00
   2.1292953E-04   3.1761603E+06   3.1761603E+06   4.0926270E+06   6.3593358E+03   2.3586388E+04   3.1761963E+06   3.1761603E+06   3.1581020E+06   0.0000000E+00   0.0000000E+00   0.0000000E+00   0.0000000E+00
   2.2881574E-04   3.1760224E+06   3.1760224E+06   4.0708437E+06   6.3379363E+03   2.3498553E+04   3.1760462E+06   3.1760224E+06   3.1579528E+06   0.0000000E+00   0.0000000E+00   0.0000000E+00   0.0000000E+00
   2.4588718E-04   3.1758635E+06   3.1758635E+06   4.0458270E+06   6.3133245E+03   2.3398327E+04   3.1758730E+06   3.1758635E+06   3.1577807E+06   0.0000000E+00   0.0000000E+00   0.0000000E+00   0.0000000E+00
   2.6423229E-04   3.1756801E+06   3.1756801E+06   4.0171214E+06   6.2850361E+03   2.3284178E+04   3.1756734E+06   3.1756801E+06   3.1575823E+06   0.0000000E+00   0.0000000E+00   0.0000000E+00   0.0000000E+00
   2.8394609E-04   3.1754687E+06   3.1754687E+06   3.9842156E+06   6.2525455E+03   2.3154462E+04   3.1754433E+06   3.1754687E+06   3.1573535E+06   0.0000000E+00   0.0000000E+00   0.0000000E+00   0.0000000E+00
   3.0513069E-04   3.1752251E+06   3.1752251E+06   3.9465384E+06   6.2152598E+03   2.3007437E+04   3.1751780E+06   3.1752251E+06   3.1570899E+06   0.0000000E+00   0.0000000E+00   0.0000000E+00   0.0000000E+00
   3.2789583E-04   3.1749444E+06   3.1749444E+06   3.9034551E+06   6.1725128E+03   2.2841301E+04   3.1748724E+06   3.1749444E+06   3.1567861E+06   0.0000000E+00   0.0000000E+00   0.0000000E+00   0.0000000E+00
   3.5235942E-04   3.1746209E+06   3.1746209E+06   3.8542656E+06   6.1235595E+03   2.2654236E+04   3.1745205E+06   3.1746209E+06   3.1564363E+06   0.0000000E+00   0.0000000E+00   0.0000000E+00   0.0000000E+00
   3.7864820E-04   3.1742485E+06   3.1742485E+06   3.7982047E+06   6.0675716E+03   2.2444486E+04   3.1741153E+06   3.1742485E+06   3.1560335E+06   0.0000000E+00   0.0000000E+00   0.0000000E+00   0.0000000E+00
   4.0689832E-04   3.1738199E+06   3.1738199E+06   3.7344439E+06   6.0036341E+03   2.2210459E+04   3.1736490E+06   3.1738199E+06   3.1555700E+06   0.0000000E+00   0.0000000E+00   0.0000000E+00   0.0000000E+00
   4.3725612E-04   3.1733267E+06   3.1733267E+06   3.6620990E+06   5.9307447E+03   2.1950868E+04   3.1731127E+06   3.1733267E+06   3.1550370E+06   0.0000000E+00   0.0000000E+00   0.0000000E+00   0.0000000E+00
   4.6987884E-04   3.1727596E+06   3.1727596E+06   3.5802420E+06   5.8478165E+03   2.1664919E+04   3.1724963E+06   3.1727596E+06   3.1544242E+06   0.0000000E+00   0.0000000E+00   0.0000000E+00   0.0000000E+00
   5.0493548E-04   3.1721080E+06   3.1721080E+06   3.4879200E+06   5.7536855E+03   2.1352553E+04   3.1717883E+06   3.1721080E+06   3.1537204E+06   0.0000000E+00   0.0000000E+00   0.0000000E+00   0.0000000E+00
   5.4260762E-04   3.1713598E+06   3.1713598E+06   3.3841845E+06   5.6471248E+03   2.1014742E+04   3.1709756E+06   3.1713598E+06   3.1529126E+06   0.0000000E+00   0.0000000E+00   0.0000000E+00   0.0000000E+00
   5.8309040E-04   3.1705013E+06   3.1705013E+06   3.2681309E+06   5.5268672E+03   2.0653863E+04   3.1700438E+06   3.1705013E+06   3.1519863E+06   0.0000000E+00   0.0000000E+00   0.0000000E+00   0.0000000E+00
   6.2659351E-04   3.1695173E+06   3.1695173E+06   3.1389538E+06   5.3916393E+03   2.0274119E+04   3.1689763E+06   3.1695173E+06   3.1509252E+06   0.0000000E+00   0.0000000E+00   0.0000000E+00   0.0000000E+00
   6.7334229E-04   3.1683906E+06   3.1683906E+06   2.9960172E+06   5.2402097E+03   1.9882014E+04   3.1677549E+06   3.1683906E+06   3.1497111E+06   0.0000000E+00   0.0000000E+00   0.0000000E+00   0.0000000E+00
   7.2357890E-04   3.1671020E+06   3.1671020E+06   2.8389451E+06   5.0714539E+03   1.9486834E+04   3.1663592E+06   3.1671020E+06   3.1483237E+06   0.0000000E+00   0.0000000E+00   0.0000000E+00   0.0000000E+00
   7.7756355E-04   3.1656303E+06   3.1656303E+06   2.6677304E+06   4.8844384E+03   1.9101085E+04   3.1647667E+06   3.1656303E+06   3.1467406E+06   0.0000000E+00   0.0000000E+00   0.0000000E+00   0.0000000E+00
   8.3557587E-04   3.1639521E+06   3.1639521E+06   2.4828628E+06   4.6785278E+03   1.8740768E+04   3.1629527E+06   3.1639521E+06   3.1449373E+06   0.0000000E+00   0.0000000E+00   0.0000000E+00   0.0000000E+00
   8.9791638E-04   3.1620415E+06   3.1620415E+06   2.2854701E+06   4.4535129E+03   1.8425367E+04   3.1608902E+06   3.1620415E+06   3.1428869E+06   0.0000000E+00   0.0000000E+00   0.0000000E+00   0.0000000E+00
   9.6490797E-04   3.1598704E+06   3.1598704E+06   2.0774631E+06   4.2097597E+03   1.8177315E+04   3.1585499E+06   3.1598704E+06   3.1405605E+06   0.0000000E+00   0.0000000E+00   0.0000000E+00   0.0000000E+00
   1.0368977E-03   3.1574085E+06   3.1574085E+06   1.8616673E+06   3.9483718E+03   1.8020692E+04   3.1559006E+06   3.1574085E+06   3.1379267E+06   0.0000000E+00   0.0000000E+00   0.0000000E+00   0.0000000E+00
   1.1142583E-03   3.1546229E+06   3.1546229E+06   1.6419139E+06   3.6713545E+03   1.7978855E+04   3.1529089E+06   3.1546229E+06   3.1349524E+06   0.0000000E+00   0.0000000E+00   0.0000000E+00   0.0000000E+00
   1.1973907E-03   3.1514788E+06   3.1514788E+06   1.4230544E+06   3.3817590E+03   1.8070711E+04   3.1495396E+06   3.1514788E+06   3.1316026E+06   0.0000000E+00   0.0000000E+00   0.0000000E+00   0.0000000E+00
   1.2867255E-03   3.1479391E+06   3.1479391E+06   1.2108513E+06   3.0837772E+03   1.8305513E+04   3.1457560E+06   3.1479391E+06   3.1278409E+06   0.0000000E+00   0.0000000E+00   0.0000000E+00   0.0000000E+00
   1.3827252E-03   3.1439647E+06   3.1439647E+06   1.0116929E+06   2.7827453E+03   1.8676352E+04   3.1415201E+06   3.1439647E+06   3.1236294E+06   0.0000000E+00   0.0000000E+00   0.0000000E+00   0.0000000E+00
   1.4858874E-03   3.1395147E+06   3.1395147E+06   8.3208739E+05   2.4850090E+03   1.9153126E+04   3.1367928E+06   3.1395147E+06   3.1189291E+06   0.0000000E+00   0.0000000E+00   0.0000000E+00   0.0000000E+00
   1.5967462E-03   3.1345462E+06   3.1345462E+06   6.7791326E+05   2.1976006E+03   1.9676656E+04   3.1315338E+06   3.1345462E+06   3.1136999E+06   0.0000000E+00   0.0000000E+00   0.0000000E+00   0.0000000E+00
   1.7158760E-03   3.1290141E+06   3.1290141E+06   5.5346241E+05   1.9276932E+03   2.0156727E+04   3.1257018E+06   3.1290141E+06   3.1079008E+06   0.0000000E+00   0.0000000E+00   0.0000000E+00   0.0000000E+00
   1.8438937E-03   3.1228709E+06   3.1228709E+06   4.6039738E+05   1.6818324E+03   2.0477863E+04   3.1192538E+06   3.1228709E+06   3.1014891E+06   0.0000000E+00   0.0000000E+00   0.0000000E+00   0.0000000E+00
   1.9814627E-03   3.1160661E+06   3.1160661E+06   3.9686664E+05   1.4650108E+03   2.0516783E+04   3.1121446E+06   3.1160661E+06   3.0944196E+06   0.0000000E+00   0.0000000E+00   0.0000000E+00   0.0000000E+00
   2.1292953E-03   3.1085456E+06   3.1085456E+06   3.5713935E+05   1.2797410E+03   2.0173654E+04   3.1043257E+06   3.1085456E+06   3.0866441E+06   0.0000000E+00   0.0000000E+00   0.0000000E+00   0.0000000E+00
   2.2881574E-03   3.1002509E+06   3.1002509E+06   3.3217370E+05   1.1253847E+03   1.9414048E+04   3.0957444E+06   3.1002509E+06   3.0781102E+06   0.0000000E+00   0.0000000E+00   0.0000000E+00   0.0000000E+00
   2.4588718E-03   3.0911193E+06   3.0911193E+06   3.1141427E+05   9.9805822E+02   1.8309325E+04   3.0863422E+06   3.0911193E+06   3.0687600E+06   0.0000000E+00   0.0000000E+00   0.0000000E+00   0.0000000E+00
   2.6423229E-03   3.0810838E+06   3.0810838E+06   2.8571887E+05   8.9139550E+02   1.7052280E+04   3.0760555E+06   3.0810838E+06   3.0585299E+06   0.0000000E+00   0.0000000E+00   0.0000000E+00   0.0000000E+00
   2.8394609E-03   3.0700742E+06   3.0700742E+06   2.5062628E+05   7.9822119E+02   1.5919298E+04   3.0648150E+06   3.0700742E+06   3.0473513E+06   0.0000000E+00   0.0000000E+00   0.0000000E+00   0.0000000E+00
   3.0513069E-03   3.0580186E+06   3.0580186E+06   2.0841569E+05   7.1275346E+02   1.5162831E+04   3.0525472E+06   3.0580186E+06   3.0351511E+06   0.0000000E+00   0.0000000E+00   0.0000000E+00   0.0000000E+00
   3.2789583E-03   3.0448447E+06   3.0448447E+06   1.6715545E+05   6.3244290E+02   1.4860045E+04   3.0391762E+06   3.0448447E+06   3.0218541E+06   0.0000000E+00   0.0000000E+00   0.0000000E+00   0.0000000E+00
   3.5235942E-03   3.0304800E+06   3.0304800E+06   1.3598434E+05   5.5830928E+02   1.4808139E+04   3.0246249E+06   3.0304800E+06   3.0073834E+06   0.0000000E+00   0.0000000E+00   0.0000000E+00   0.0000000E+00
   3.7864820E-03   3.0148504E+06   3.0148504E+06   1.1853296E+05   4.9313792E+02   1.4594574E+04   3.0088146E+06   3.0148504E+06   2.9916611E+06   0.0000000E+00   0.0000000E+00   0.0000000E+00   0.0000000E+00
   4.0689832E-03   2.9978774E+06   2.9978774E+06   1.0935957E+05   4.3832554E+02   1.3893936E+04   2.9916643E+06   2.9978774E+06   2.9746065E+06   0.0000000E+00   0.0000000E+00   0.0000000E+00   0.0000000E+00
   4.3725612E-03   2.9794760E+06   2.9794760E+06   9.8126745E+04   3.9177149E+02   1.2810885E+04   2.9730889E+06   2.9794760E+06   2.9561352E+06   0.0000000E+00   0.0000000E+00   0.0000000E+00   0.0000000E+00
   4.6987884E-03   2.9595552E+06   2.9595552E+06   7.9948858E+04   3.4917956E+02   1.1868296E+04   2.9529999E+06   2.9595552E+06   2.9361591E+06   0.0000000E+00   0.0000000E+00   0.0000000E+00   0.0000000E+00
   5.0493548E-03   2.9380215E+06   2.9380215E+06   6.1284655E+04   3.0811415E+02   1.1436812E+04   2.9313077E+06   2.9380215E+06   2.9145890E+06   0.0000000E+00   0.0000000E+00   0.0000000E+00   0.0000000E+00
   5.4260762E-03   2.9147821E+06   2.9147821E+06   5.1459597E+04   2.7022854E+02   1.1170397E+04   2.9079229E+06   2.9147821E+06   2.8913361E+06   0.0000000E+00   0.0000000E+00   0.0000000E+00   0.0000000E+00
   5.8309040E-03   2.8897432E+06   2.8897432E+06   4.8355020E+04   2.3805445E+02   1.0439205E+04   2.8827541E+06   2.8897432E+06   2.8663097E+06   0.0000000E+00   0.0000000E+00   0.0000000E+00   0.0000000E+00
   6.2659351E-03   2.8628082E+06   2.8628082E+06   4.1639195E+04   2.1047761E+02   9.4419164E+03   2.8557065E+06   2.8628082E+06   2.8394152E+06   0.0000000E+00   0.0000000E+00   0.0000000E+00   0.0000000E+00
   6.7334229E-03   2.8338767E+06   2.8338767E+06   3.2029126E+04   1.8469384E+02   8.9285618E+03   2.8266791E+06   2.8338767E+06   2.8105524E+06   0.0000000E+00   0.0000000E+00   0.0000000E+00   0.0000000E+00
   7.2357890E-03   2.8028470E+06   2.8028470E+06   2.8831807E+04   1.6138330E+02   8.5600216E+03   2.7955676E+06   2.8028470E+06   2.7796175E+06   0.0000000E+00   0.0000000E+00   0.0000000E+00   0.0000000E+00
   7.7756355E-03   2.7696135E+06   2.7696135E+06   2.7320814E+04   1.4198958E+02   7.6157618E+03   2.7622641E+06   2.7696135E+06   2.7465033E+06   0.0000000E+00   0.0000000E+00   0.0000000E+00   0.0000000E+00
   8.3557587E-03   2.7340654E+06   2.7340654E+06   2.1176818E+04   1.2431597E+02   6.9080574E+03   2.7266606E+06   2.7340654E+06   2.7111023E+06   0.0000000E+00   0.0000000E+00   0.0000000E+00   0.0000000E+00
   8.9791638E-03   2.6960921E+06   2.6960921E+06   1.8986658E+04   1.0792693E+02   6.5185172E+03   2.6886538E+06   2.6960921E+06   2.6733118E+06   0.0000000E+00   0.0000000E+00   0.0000000E+00   0.0000000E+00
   9.6490797E-03   2.6555831E+06   2.6555831E+06   1.6671057E+04   9.4241888E+01   5.6873626E+03   2.6481337E+06   2.6555831E+06   2.6330224E+06   0.0000000E+00   0.0000000E+00   0.0000000E+00   0.0000000E+00
   1.0368977E-02   2.6124226E+06   2.6124226E+06   1.2700221E+04   8.1779617E+01   5.3408879E+03   2.6049765E+06   2.6124226E+06   2.5901110E+06   0.0000000E+00   0.0000000E+00   0.0000000E+00   0.0000000E+00
   1.1142583E-02   2.5664936E+06   2.5664936E+06   1.1987265E+04   7.0869252E+01   4.7373539E+03   2.5590663E+06   2.5664936E+06   2.5444625E+06   0.0000000E+00   0.0000000E+00   0.0000000E+00   0.0000000E+00
   1.1973907E-02   2.5176795E+06   2.5176795E+06   9.0074430E+03   6.1104581E+01   4.3729744E+03   2.5102942E+06   2.5176795E+06   2.4959684E+06   0.0000000E+00   0.0000000E+00   0.0000000E+00   0.0000000E+00
   1.2867255E-02   2.4658657E+06   2.4658657E+06   8.6931940E+03   5.2763904E+01   3.8427160E+03   2.4585407E+06   2.4658657E+06   2.4445099E+06   0.0000000E+00   0.0000000E+00   0.0000000E+00   0.0000000E+00
   1.3827252E-02   2.4109408E+06   2.4109408E+06   6.7995164E+03   4.5270790E+01   3.5317701E+03   2.4036939E+06   2.4109408E+06   2.3899759E+06   0.0000000E+00   0.0000000E+00   0.0000000E+00   0.0000000E+00
   1.4858874E-02   2.3528036E+06   2.3528036E+06   5.9032158E+03   3.8884958E+01   3.0017278E+03   2.3456562E+06   2.3528036E+06   2.3322693E+06   0.0000000E+00   0.0000000E+00   0.0000000E+00   0.0000000E+00
   1.5967462E-02   2.2913656E+06   2.2913656E+06   5.1904697E+03   3.3199332E+01   2.7457538E+03   2.2843355E+06   2.2913656E+06   2.2712983E+06   0.0000000E+00   0.0000000E+00   0.0000000E+00   0.0000000E+00
   1.7158760E-02   2.2265605E+06   2.2265605E+06   3.9891874E+03   2.8273162E+01   2.4558637E+03   2.2196670E+06   2.2265605E+06   2.2069988E+06   0.0000000E+00   0.0000000E+00   0.0000000E+00   0.0000000E+00
   1.8438937E-02   2.1583536E+06   2.1583536E+06   3.3589760E+03   2.4044996E+01   2.0983333E+03   2.1516165E+06   2.1583536E+06   2.1393365E+06   0.0000000E+00   0.0000000E+00   0.0000000E+00   0.0000000E+00
   1.9814626E-02   2.0867548E+06   2.0867548E+06   2.9686959E+03   2.0360434E+01   1.8053169E+03   2.0801914E+06   2.0867548E+06   2.0683190E+06   0.0000000E+00   0.0000000E+00   0.0000000E+00   0.0000000E+00
   2.1292952E-02   2.0118342E+06   2.0118342E+06   2.5253925E+03   1.7183252E+01   1.5815569E+03   2.0054631E+06   2.0118342E+06   1.9940171E+06   0.0000000E+00   0.0000000E+00   0.0000000E+00   0.0000000E+00
   2.2881569E-02   1.9337411E+06   1.9337411E+06   2.1142782E+03   1.4436685E+01   1.3830322E+03   1.9275790E+06   1.9337411E+06   1.9165775E+06   0.0000000E+00   0.0000000E+00   0.0000000E+00   0.0000000E+00
   2.4588690E-02   1.8527258E+06   1.8527258E+06   1.7480647E+03   1.2095695E+01   1.1843793E+03   1.8467881E+06   1.8527258E+06   1.8362477E+06   0.0000000E+00   0.0000000E+00   0.0000000E+00   0.0000000E+00
   2.6423083E-02   1.7691646E+06   1.7691646E+06   1.4025863E+03   1.0094121E+01   1.0105384E+03   1.7634657E+06   1.7691646E+06   1.7534008E+06   0.0000000E+00   0.0000000E+00   0.0000000E+00   0.0000000E+00
   2.8393959E-02   1.6835877E+06   1.6835877E+06   1.1212197E+03   8.3866833E+00   8.7118048E+02   1.6781393E+06   1.6835877E+06   1.6685613E+06   0.0000000E+00   0.0000000E+00   0.0000000E+00   0.0000000E+00
   3.0510553E-02   1.5967142E+06   1.5967142E+06   9.4174450E+02   6.9421828E+00   7.5053868E+02   1.5915252E+06   1.5967142E+06   1.5824416E+06   0.0000000E+00   0.0000000E+00   0.0000000E+00   0.0000000E+00
   3.2780988E-02   1.5094952E+06   1.5094952E+06   7.7980480E+02   5.7288413E+00   6.2072085E+02   1.5045711E+06   1.5094952E+06   1.4959836E+06   0.0000000E+00   0.0000000E+00   0.0000000E+00   0.0000000E+00
   3.5209856E-02   1.4231623E+06   1.4231623E+06   6.2629792E+02   4.7118400E+00   5.3298833E+02   1.4185041E+06   1.4231623E+06   1.4104079E+06   0.0000000E+00   0.0000000E+00   0.0000000E+00   0.0000000E+00
   3.7794095E-02   1.3392542E+06   1.3392542E+06   5.1189109E+02   3.8712436E+00   4.3613332E+02   1.3348576E+06   1.3392542E+06   1.3272388E+06   0.0000000E+00   0.0000000E+00   0.0000000E+00   0.0000000E+00
   4.0517954E-02   1.2595506E+06   1.2595506E+06   4.3294981E+02   3.1821974E+00   3.7214708E+02   1.2554046E+06   1.2595506E+06   1.2482393E+06   0.0000000E+00   0.0000000E+00   0.0000000E+00   0.0000000E+00
   4.3350210E-02   1.1858268E+06   1.1858268E+06   3.4124483E+02   2.6258276E+00   3.1752915E+02   1.1819145E+06   1.1858268E+06   1.1751686E+06   0.0000000E+00   0.0000000E+00   0.0000000E+00   0.0000000E+00
   4.6248075E-02   1.1194415E+06   1.1194415E+06   2.7934793E+02   2.1827148E+00   2.6170875E+02   1.1157408E+06   1.1194415E+06   1.1093726E+06   0.0000000E+00   0.0000000E+00   0.0000000E+00   0.0000000E+00
   4.9168270E-02   1.0609619E+06   1.0609619E+06   2.4487166E+02   1.8320341E+00   2.2129120E+02   1.0574485E+06   1.0609619E+06   1.0514130E+06   0.0000000E+00   0.0000000E+00   0.0000000E+00   0.0000000E+00
   5.2078589E-02   1.0100883E+06   1.0100883E+06   2.0981344E+02   1.5541754E+00   1.9702196E+02   1.0067385E+06   1.0100883E+06   1.0009924E+06   0.0000000E+00   0.0000000E+00   0.0000000E+00   0.0000000E+00
   5.4962672E-02   9.6589391E+05   9.6589391E+05   1.7285606E+02   1.3330772E+00   1.7329486E+02   9.6268666E+05   9.6589391E+05   9.5719202E+05   0.0000000E+00   0.0000000E+00   0.0000000E+00   0.0000000E+00
   5.7817673E-02   9.2716578E+05   9.2716578E+05   1.4911771E+02   1.1551243E+00   1.4755696E+02   9.2408380E+05   9.2716578E+05   9.1880948E+05   0.0000000E+00   0.0000000E+00   0.0000000E+00   0.0000000E+00
   6.0649232E-02   8.9266272E+05   8.9266272E+05   1.3580005E+02   1.0092388E+00   1.3063225E+02   8.8969264E+05   8.9266272E+05   8.8461461E+05   0.0000000E+00   0.0000000E+00   0.0000000E+00   0.0000000E+00
   6.3467111E-02   8.6125175E+05   8.6125175E+05   1.1869936E+02   8.8783958E-01   1.2049909E+02   8.5838381E+05   8.6125175E+05   8.5348448E+05   0.0000000E+00   0.0000000E+00   0.0000000E+00   0.0000000E+00
   6.6282452E-02   8.3196058E+05   8.3196058E+05   1.0099531E+02   7.8556748E-01   1.0616214E+02   8.2918816E+05   8.3196058E+05   8.2445546E+05   0.0000000E+00   0.0000000E+00   0.0000000E+00   0.0000000E+00
   6.9106368E-02   8.0398965E+05   8.0398965E+05   9.2670946E+01   6.9800241E-01   9.2172032E+01   8.0130867E+05   8.0398965E+05   7.9673510E+05   0.0000000E+00   0.0000000E+00   0.0000000E+00   0.0000000E+00
   7.1949326E-02   7.7670951E+05   7.7670951E+05   8.4894934E+01   6.2192909E-01   8.6254168E+01   7.7411797E+05   7.7670951E+05   7.6969959E+05   0.0000000E+00   0.0000000E+00   0.0000000E+00   0.0000000E+00
   7.4820960E-02   7.4965519E+05   7.4965519E+05   7.2080080E+01   5.5535850E-01   7.9019904E+01   7.4715257E+05   7.4965519E+05   7.4288810E+05   0.0000000E+00   0.0000000E+00   0.0000000E+00   0.0000000E+00
   7.7730084E-02   7.2252076E+05   7.2252076E+05   6.3561945E+01   4.9658900E-01   6.7662462E+01   7.2010755E+05   7.2252076E+05   7.1599744E+05   0.0000000E+00   0.0000000E+00   0.0000000E+00   0.0000000E+00
   8.0684780E-02   6.9515398E+05   6.9515398E+05   5.9591322E+01   4.4422725E-01   6.0057956E+01   6.9283113E+05   6.9515398E+05   6.8887670E+05   0.0000000E+00   0.0000000E+00   0.0000000E+00   0.0000000E+00
   8.3692518E-02   6.6754881E+05   6.6754881E+05   5.4154108E+01   3.9738268E-01   5.6066619E+01   6.6531728E+05   6.6754881E+05   6.6151989E+05   0.0000000E+00   0.0000000E+00   0.0000000E+00   0.0000000E+00
   8.6760261E-02   6.3983386E+05   6.3983386E+05   4.7343332E+01   3.5538588E-01   5.1766365E+01   6.3769416E+05   6.3983386E+05   6.3405443E+05   0.0000000E+00   0.0000000E+00   0.0000000E+00   0.0000000E+00
   8.9894578E-02   6.1225441E+05   6.1225441E+05   4.1437854E+01   3.1775293E-01   4.6368888E+01   6.1020621E+05   6.1225441E+05   6.0672337E+05   0.0000000E+00   0.0000000E+00   0.0000000E+00   0.0000000E+00
   9.3101724E-02   5.8514664E+05   5.8514664E+05   3.6826018E+01   2.8402953E-01   4.1309035E+01   5.8318849E+05   5.8514664E+05   5.7985986E+05   0.0000000E+00   0.0000000E+00   0.0000000E+00   0.0000000E+00
   9.6387715E-02   5.5890336E+05   5.5890336E+05   3.3044664E+01   2.5389608E-01   3.6820608E+01   5.5703245E+05   5.5890336E+05   5.5385311E+05   0.0000000E+00   0.0000000E+00   0.0000000E+00   0.0000000E+00
   9.9758393E-02   5.3393173E+05   5.3393173E+05   2.9791903E+01   2.2702512E-01   3.2901932E+01   5.3214391E+05   5.3393173E+05   5.2910662E+05   0.0000000E+00   0.0000000E+00   0.0000000E+00   0.0000000E+00
   1.0321947E-01   5.1060534E+05   5.1060534E+05   2.6836721E+01   2.0316967E-01   2.9107043E+01   5.0889517E+05   5.1060534E+05   5.0599057E+05   0.0000000E+00   0.0000000E+00   0.0000000E+00   0.0000000E+00
   1.0677659E-01   4.8921410E+05   4.8921410E+05   2.3811954E+01   1.8209073E-01   2.5485432E+01   4.8757517E+05   4.8921410E+05   4.8479226E+05   0.0000000E+00   0.0000000E+00   0.0000000E+00   0.0000000E+00
   1.1043531E-01   4.6991772E+05   4.6991772E+05   2.0694606E+01   1.6349425E-01   2.3091798E+01   4.6834306E+05   4.6991772E+05   4.6566993E+05   0.0000000E+00   0.0000000E+00   0.0000000E+00   0.0000000E+00
   1.1420119E-01   4.5270928E+05   4.5270928E+05   1.8647833E+01   1.4709791E-01   2.2181411E+01   4.5119196E+05   4.5270928E+05   4.4861672E+05   0.0000000E+00   0.0000000E+00   0.0000000E+00   0.0000000E+00
   1.1807978E-01   4.3739653E+05   4.3739653E+05   1.7683016E+01   1.3267628E-01   1.9679849E+01   4.3593023E+05   4.3739653E+05   4.3344209E+05   0.0000000E+00   0.0000000E+00   0.0000000E+00   0.0000000E+00
   1.2207664E-01   4.2360736E+05   4.2360736E+05   1.5296861E+01   1.1989865E-01   1.7235401E+01   4.2218701E+05   4.2360736E+05   4.1977732E+05   0.0000000E+00   0.0000000E+00   0.0000000E+00   0.0000000E+00
   1.2619737E-01   4.1082431E+05   4.1082431E+05   1.4347763E+01   1.0850027E-01   1.6664336E+01   4.0944657E+05   4.1082431E+05   4.0710960E+05   0.0000000E+00   0.0000000E+00   0.0000000E+00   0.0000000E+00
   1.3044760E-01   3.9844847E+05   3.9844847E+05   1.2567380E+01   9.8239825E-02   1.4471136E+01   3.9711202E+05   3.9844847E+05   3.9484544E+05   0.0000000E+00   0.0000000E+00   0.0000000E+00   0.0000000E+00
   1.3483299E-01   3.8588793E+05   3.8588793E+05   1.1893395E+01   8.8902080E-02   1.3228584E+01   3.8459340E+05   3.8588793E+05   3.8239827E+05   0.0000000E+00   0.0000000E+00   0.0000000E+00   0.0000000E+00
   1.3935930E-01   3.7265900E+05   3.7265900E+05   1.0579789E+01   8.0314092E-02   1.2651840E+01   3.7140866E+05   3.7265900E+05   3.6928879E+05   0.0000000E+00   0.0000000E+00   0.0000000E+00   0.0000000E+00
   1.4403232E-01   3.5848251E+05   3.5848251E+05   9.2860875E+00   7.2374912E-02   1.1347843E+01   3.5727956E+05   3.5848251E+05   3.5524033E+05   0.0000000E+00   0.0000000E+00   0.0000000E+00   0.0000000E+00
   1.4885791E-01   3.4335311E+05   3.4335311E+05   8.2943438E+00   6.5026307E-02   1.0044719E+01   3.4220078E+05   3.4335311E+05   3.4024762E+05   0.0000000E+00   0.0000000E+00   0.0000000E+00   0.0000000E+00
   1.5384201E-01   3.2755981E+05   3.2755981E+05   7.4565007E+00   5.8251801E-02   9.0169523E+00   3.2646035E+05   3.2755981E+05   3.2459703E+05   0.0000000E+00   0.0000000E+00   0.0000000E+00   0.0000000E+00
   1.5899064E-01   3.1164217E+05   3.1164217E+05   6.7527504E+00   5.2061351E-02   8.1378101E+00   3.1059601E+05   3.1164217E+05   3.0882323E+05   0.0000000E+00   0.0000000E+00   0.0000000E+00   0.0000000E+00
   1.6430990E-01   2.9627953E+05   2.9627953E+05   6.0780499E+00   4.6482259E-02   7.0525493E+00   2.9528484E+05   2.9627953E+05   2.9359945E+05   0.0000000E+00   0.0000000E+00   0.0000000E+00   0.0000000E+00
   1.6980598E-01   2.8212921E+05   2.8212921E+05   5.2795956E+00   4.1524530E-02   6.2928048E+00   2.8118192E+05   2.8212921E+05   2.7957703E+05   0.0000000E+00   0.0000000E+00   0.0000000E+00   0.0000000E+00
   1.7548517E-01   2.6964885E+05   2.6964885E+05   4.8531002E+00   3.7173193E-02   5.8923381E+00   2.6874338E+05   2.6964885E+05   2.6720948E+05   0.0000000E+00   0.0000000E+00   0.0000000E+00   0.0000000E+00
   1.8135389E-01   2.5895322E+05   2.5895322E+05   4.2535685E+00   3.3381987E-02   5.0368683E+00   2.5808358E+05   2.5895322E+05   2.5661053E+05   0.0000000E+00   0.0000000E+00   0.0000000E+00   0.0000000E+00
   1.8741866E-01   2.4975722E+05   2.4975722E+05   3.9680359E+00   3.0068373E-02   4.6607079E+00   2.4891839E+05   2.4975722E+05   2.4749765E+05   0.0000000E+00   0.0000000E+00   0.0000000E+00   0.0000000E+00
   1.9368616E-01   2.4144034E+05   2.4144034E+05   3.5455148E+00   2.7134695E-02   4.4096592E+00   2.4062938E+05   2.4144034E+05   2.3925595E+05   0.0000000E+00   0.0000000E+00   0.0000000E+00   0.0000000E+00
   2.0016324E-01   2.3323204E+05   2.3323204E+05   3.1742597E+00   2.4485730E-02   4.0051588E+00   2.3244859E+05   2.3323204E+05   2.3112185E+05   0.0000000E+00   0.0000000E+00   0.0000000E+00   0.0000000E+00
   2.0685691E-01   2.2447063E+05   2.2447063E+05   2.8739428E+00   2.2046701E-02   3.6221213E+00   2.2371655E+05   2.2447063E+05   2.2243965E+05   0.0000000E+00   0.0000000E+00   0.0000000E+00   0.0000000E+00
   2.1377442E-01   2.1484720E+05   2.1484720E+05   2.6099686E+00   1.9776632E-02   3.1631174E+00   2.1412541E+05   2.1484720E+05   2.1290326E+05   0.0000000E+00   0.0000000E+00   0.0000000E+00   0.0000000E+00
   2.2092328E-01   2.0453212E+05   2.0453212E+05   2.2859639E+00   1.7670157E-02   2.7465579E+00   2.0384493E+05   2.0453212E+05   2.0268146E+05   0.0000000E+00   0.0000000E+00   0.0000000E+00   0.0000000E+00
   2.2831128E-01   1.9411114E+05   1.9411114E+05   2.0540355E+00   1.5746561E-02   2.5200290E+00   1.9345893E+05   1.9411114E+05   1.9235474E+05   0.0000000E+00   0.0000000E+00   0.0000000E+00   0.0000000E+00
   2.3594654E-01   1.8433272E+05   1.8433272E+05   1.7968802E+00   1.4030741E-02   2.2492544E+00   1.8371333E+05   1.8433272E+05   1.8266476E+05   0.0000000E+00   0.0000000E+00   0.0000000E+00   0.0000000E+00
   2.4383760E-01   1.7576121E+05   1.7576121E+05   1.6098668E+00   1.2531204E-02   1.9349648E+00   1.7517059E+05   1.7576121E+05   1.7417078E+05   0.0000000E+00   0.0000000E+00   0.0000000E+00   0.0000000E+00
   2.5199346E-01   1.6849896E+05   1.6849896E+05   1.4543482E+00   1.1232402E-02   1.7406865E+00   1.6793272E+05   1.6849896E+05   1.6697422E+05   0.0000000E+00   0.0000000E+00   0.0000000E+00   0.0000000E+00
   2.6042362E-01   1.6213312E+05   1.6213312E+05   1.3037868E+00   1.0096107E-02   1.5784173E+00   1.6158824E+05   1.6213312E+05   1.6066595E+05   0.0000000E+00   0.0000000E+00   0.0000000E+00   0.0000000E+00
   2.6913824E-01   1.5596235E+05   1.5596235E+05   1.1691984E+00   9.0760827E-03   1.4892540E+00   1.5543819E+05   1.5596235E+05   1.5455100E+05   0.0000000E+00   0.0000000E+00   0.0000000E+00   0.0000000E+00
   2.7814816E-01   1.4939898E+05   1.4939898E+05   1.0652543E+00   8.1377867E-03   1.3007539E+00   1.4889686E+05   1.4939898E+05   1.4804700E+05   0.0000000E+00   0.0000000E+00   0.0000000E+00   0.0000000E+00
   2.8746505E-01   1.4231369E+05   1.4231369E+05   9.4456559E-01   7.2673295E-03   1.1866418E+00   1.4183536E+05   1.4231369E+05   1.4102582E+05   0.0000000E+00   0.0000000E+00   0.0000000E+00   0.0000000E+00
   2.9710153E-01   1.3509248E+05   1.3509248E+05   8.3863422E-01   6.4712625E-03   1.0649508E+00   1.3463841E+05   1.3509248E+05   1.3386994E+05   0.0000000E+00   0.0000000E+00   0.0000000E+00   0.0000000E+00
   3.0707132E-01   1.2834448E+05   1.2834448E+05   7.4583810E-01   5.7623468E-03   9.5992049E-01   1.2791307E+05   1.2834448E+05   1.2718299E+05   0.0000000E+00   0.0000000E+00   0.0000000E+00   0.0000000E+00
   3.1738939E-01   1.2244905E+05   1.2244905E+05   6.6977779E-01   5.1443988E-03   8.3760463E-01   1.2203744E+05   1.2244905E+05   1.2134090E+05   0.0000000E+00   0.0000000E+00   0.0000000E+00   0.0000000E+00
   3.2807216E-01   1.1727957E+05   1.1727957E+05   5.9386038E-01   4.6048802E-03   7.3914454E-01   1.1688533E+05   1.1727957E+05   1.1621819E+05   0.0000000E+00   0.0000000E+00   0.0000000E+00   0.0000000E+00
   3.3913775E-01   1.1233578E+05   1.1233578E+05   5.3669695E-01   4.1225882E-03   6.6737181E-01   1.1195815E+05   1.1233578E+05   1.1131913E+05   0.0000000E+00   0.0000000E+00   0.0000000E+00   0.0000000E+00
   3.5060624E-01   1.0718835E+05   1.0718835E+05   4.7815347E-01   3.6808001E-03   6.0223177E-01   1.0682802E+05   1.0718835E+05   1.0621828E+05   0.0000000E+00   0.0000000E+00   0.0000000E+00   0.0000000E+00
   3.6249995E-01   1.0184509E+05   1.0184509E+05   4.2324025E-01   3.2755519E-03   5.3291303E-01   1.0150271E+05   1.0184509E+05   1.0092337E+05   0.0000000E+00   0.0000000E+00   0.0000000E+00   0.0000000E+00
   3.7484388E-01   9.6688613E+04   9.6688613E+04   3.7814812E-01   2.9110126E-03   4.7715813E-01   9.6363556E+04   9.6688613E+04   9.5813546E+04   0.0000000E+00   0.0000000E+00   0.0000000E+00   0.0000000E+00
   3.8766613E-01   9.2043160E+04   9.2043160E+04   3.3483686E-01   2.5904799E-03   4.2682611E-01   9.1733714E+04   9.2043160E+04   9.1210129E+04   0.0000000E+00   0.0000000E+00   0.0000000E+00   0.0000000E+00
   4.0099843E-01   8.7830952E+04   8.7830952E+04   2.9914451E-01   2.3082331E-03   3.8036616E-01   8.7535661E+04   8.7830952E+04   8.7036037E+04   0.0000000E+00   0.0000000E+00   0.0000000E+00   0.0000000E+00
   4.1487688E-01   8.3704853E+04   8.3704853E+04   2.6635861E-01   2.0541232E-03   3.4298280E-01   8.3423429E+04   8.3704853E+04   8.2947276E+04   0.0000000E+00   0.0000000E+00   0.0000000E+00   0.0000000E+00
   4.2934267E-01   7.9490053E+04   7.9490053E+04   2.3644180E-01   1.8225109E-03   2.9812919E-01   7.9222794E+04   7.9490053E+04   7.8770617E+04   0.0000000E+00   0.0000000E+00   0.0000000E+00   0.0000000E+00
   4.4444320E-01   7.5365589E+04   7.5365589E+04   2.0906975E-01   1.6135493E-03   2.6617656E-01   7.5112193E+04   7.5365589E+04   7.4683478E+04   0.0000000E+00   0.0000000E+00   0.0000000E+00   0.0000000E+00
   4.6023324E-01   7.1551802E+04   7.1551802E+04   1.8504301E-01   1.4283252E-03   2.3958121E-01   7.1311224E+04   7.1551802E+04   7.0904204E+04   0.0000000E+00   0.0000000E+00   0.0000000E+00   0.0000000E+00
   4.7677662E-01   6.7977438E+04   6.7977438E+04   1.6384852E-01   1.2637598E-03   2.1028617E-01   6.7748875E+04   6.7977438E+04   6.7362187E+04   0.0000000E+00   0.0000000E+00   0.0000000E+00   0.0000000E+00
   4.9414813E-01   6.4434947E+04   6.4434947E+04   1.4440648E-01   1.1151951E-03   1.8841744E-01   6.4218291E+04   6.4434947E+04   6.3851755E+04   0.0000000E+00   0.0000000E+00   0.0000000E+00   0.0000000E+00
   5.1243615E-01   6.0932031E+04   6.0932031E+04   1.2698167E-01   9.8119079E-04   1.5856929E-01   6.0727151E+04   6.0932031E+04   6.0380542E+04   0.0000000E+00   0.0000000E+00   0.0000000E+00   0.0000000E+00
   5.3174588E-01   5.7612009E+04   5.7612009E+04   1.1157883E-01   8.6149332E-04   1.4249522E-01   5.7418289E+04   5.7612009E+04   5.7090565E+04   0.0000000E+00   0.0000000E+00   0.0000000E+00   0.0000000E+00
   5.5220354E-01   5.4440936E+04   5.4440936E+04   9.7796058E-02   7.5467945E-04   1.2529268E-01   5.4257877E+04   5.4440936E+04   5.3948191E+04   0.0000000E+00   0.0000000E+00   0.0000000E+00   0.0000000E+00
   5.7396175E-01   5.1309569E+04   5.1309569E+04   8.5331015E-02   6.5850466E-04   1.0711196E-01   5.1137037E+04   5.1309569E+04   5.0845165E+04   0.0000000E+00   0.0000000E+00   0.0000000E+00   0.0000000E+00
   5.9720659E-01   4.8266172E+04   4.8266172E+04   7.4124860E-02   5.7218438E-04   9.5253872E-02   4.8103872E+04   4.8266172E+04   4.7829312E+04   0.0000000E+00   0.0000000E+00   0.0000000E+00   0.0000000E+00
   6.2216645E-01   4.5336151E+04   4.5336151E+04   6.4130410E-02   4.9511246E-04   8.3919966E-02   4.5183702E+04   4.5336151E+04   4.4925809E+04   0.0000000E+00   0.0000000E+00   0.0000000E+00   0.0000000E+00
   6.4912330E-01   4.2454429E+04   4.2454429E+04   5.5175035E-02   4.2599328E-04   7.0648608E-02   4.2311669E+04   4.2454429E+04   4.2070168E+04   0.0000000E+00   0.0000000E+00   0.0000000E+00   0.0000000E+00
   6.7842643E-01   3.9642835E+04   3.9642835E+04   4.7166967E-02   3.6415972E-04   6.0028618E-02   3.9509528E+04   3.9642835E+04   3.9284021E+04   0.0000000E+00   0.0000000E+00   0.0000000E+00   0.0000000E+00
   7.1050790E-01   3.6892563E+04   3.6892563E+04   4.0023186E-02   3.0898063E-04   5.1635148E-02   3.6768503E+04   3.6892563E+04   3.6558640E+04   0.0000000E+00   0.0000000E+00   0.0000000E+00   0.0000000E+00
   7.4589763E-01   3.4188661E+04   3.4188661E+04   3.3651511E-02   2.5980849E-04   4.4110042E-02   3.4073693E+04   3.4188661E+04   3.3879212E+04   0.0000000E+00   0.0000000E+00   0.0000000E+00   0.0000000E+00
   7.8523218E-01   3.1537178E+04   3.1537178E+04   2.8008876E-02   2.1624773E-04   3.7380325E-02   3.1431125E+04   3.1537178E+04   3.1251727E+04   0.0000000E+00   0.0000000E+00   0.0000000E+00   0.0000000E+00
   8.2924598E-01   2.8935001E+04   2.8935001E+04   2.3042221E-02   1.7790642E-04   3.1093626E-02   2.8837697E+04   2.8935001E+04   2.8673101E+04   0.0000000E+00   0.0000000E+00   0.0000000E+00   0.0000000E+00
   8.7872791E-01   2.6393138E+04   2.6393138E+04   1.8717549E-02   1.4452328E-04   2.4579394E-02   2.6304382E+04   2.6393138E+04   2.6154245E+04   0.0000000E+00   0.0000000E+00   0.0000000E+00   0.0000000E+00
   9.3442834E-01   2.3930236E+04   2.3930236E+04   1.5007856E-02   1.1588412E-04   1.8679794E-02   2.3849762E+04   2.3930236E+04   2.3713636E+04   0.0000000E+00   0.0000000E+00   0.0000000E+00   0.0000000E+00
   9.9692842E-01   2.1572910E+04   2.1572910E+04   1.1886136E-02   9.1780566E-05   1.5627075E-02   2.1500362E+04   2.1572910E+04   2.1377646E+04   0.0000000E+00   0.0000000E+00   0.0000000E+00   0.0000000E+00
   1.0665350E+00   1.9351795E+04   1.9351795E+04   9.3159530E-03   7.1938375E-05   1.1904841E-02   1.9286717E+04   1.9351795E+04   1.9176635E+04   0.0000000E+00   0.0000000E+00   0.0000000E+00   0.0000000E+00
   1.1432903E+00   1.7293711E+04   1.7293711E+04   7.2448186E-03   5.5945767E-05   9.6980107E-03   1.7235554E+04   1.7293711E+04   1.7137179E+04   0.0000000E+00   0.0000000E+00   0.0000000E+00   0.0000000E+00
   1.2271145E+00   1.5414469E+04   1.5414469E+04   5.6054072E-03   4.3287364E-05   7.7534009E-03   1.5362631E+04   1.5414469E+04   1.5274946E+04   0.0000000E+00   0.0000000E+00   0.0000000E+00   0.0000000E+00
   1.3179839E+00   1.3716478E+04   1.3716478E+04   4.3238229E-03   3.3392152E-05   5.4930256E-03   1.3670349E+04   1.3716478E+04   1.3592324E+04   0.0000000E+00   0.0000000E+00   0.0000000E+00   0.0000000E+00
   1.4160360E+00   1.2192478E+04   1.2192478E+04   3.3295515E-03   2.5714329E-05   4.4642355E-03   1.2151475E+04   1.2192478E+04   1.2082118E+04   0.0000000E+00   0.0000000E+00   0.0000000E+00   0.0000000E+00
   1.5215824E+00   1.0829758E+04   1.0829758E+04   2.5613406E-03   1.9782431E-05   3.4129715E-03   1.0793337E+04   1.0829758E+04   1.0731733E+04   0.0000000E+00   0.0000000E+00   0.0000000E+00   0.0000000E+00
   1.6350723E+00   9.6136196E+03   9.6136196E+03   1.9690187E-03   1.5208269E-05   2.5560409E-03   9.5812888E+03   9.6136196E+03   9.5266021E+03   0.0000000E+00   0.0000000E+00   0.0000000E+00   0.0000000E+00
   1.7570527E+00   8.5296272E+03   8.5296272E+03   1.5128318E-03   1.1685443E-05   1.9520176E-03   8.5009419E+03   8.5296272E+03   8.4524214E+03   0.0000000E+00   0.0000000E+00   0.0000000E+00   0.0000000E+00
   1.8881405E+00   7.5641488E+03   7.5641488E+03   1.1646258E-03   8.9744771E-06   1.2615543E-03   7.5387104E+03   7.5641488E+03   7.4956820E+03   0.0000000E+00   0.0000000E+00   0.0000000E+00   0.0000000E+00
   2.0290101E+00   6.7048250E+03   6.7048250E+03   8.9191243E-04   6.8890697E-06   1.0504789E-03   6.6822764E+03   6.7048250E+03   6.6441363E+03   0.0000000E+00   0.0000000E+00   0.0000000E+00   0.0000000E+00
   2.1803901E+00   5.9404439E+03   5.9404439E+03   6.8424863E-04   5.2858123E-06   1.2340212E-03   5.9204659E+03   5.9404439E+03   5.8866739E+03   0.0000000E+00   0.0000000E+00   0.0000000E+00   0.0000000E+00
   2.3430642E+00   5.2609002E+03   5.2609002E+03   5.2473232E-04   4.0541632E-06   7.8180365E-04   5.2432076E+03   5.2609002E+03   5.2132811E+03   0.0000000E+00   0.0000000E+00   0.0000000E+00   0.0000000E+00
   2.5178752E+00   4.6571231E+03   4.6571231E+03   4.0224177E-04   3.1081619E-06   4.2225709E-04   4.6414610E+03   4.6571231E+03   4.6149691E+03   0.0000000E+00   0.0000000E+00   0.0000000E+00   0.0000000E+00
   2.7057284E+00   4.1209506E+03   4.1209506E+03   3.0822059E-04   2.3818911E-06   3.9579591E-04   4.1070916E+03   4.1209506E+03   4.0836497E+03   0.0000000E+00   0.0000000E+00   0.0000000E+00   0.0000000E+00
   2.9075969E+00   3.6450584E+03   3.6450584E+03   2.3608322E-04   1.8246661E-06   2.8510072E-04   3.6327999E+03   3.6450584E+03   3.6120651E+03   0.0000000E+00   0.0000000E+00   0.0000000E+00   0.0000000E+00
   3.1245264E+00   3.2228813E+03   3.2228813E+03   1.8075991E-04   1.3972849E-06   2.4851531E-04   3.2120426E+03   3.2228813E+03   3.1937093E+03   0.0000000E+00   0.0000000E+00   0.0000000E+00   0.0000000E+00
   3.3576405E+00   2.8485379E+03   2.8485379E+03   1.3834957E-04   1.0696432E-06   1.8083113E-04   2.8389581E+03   2.8485379E+03   2.8227543E+03   0.0000000E+00   0.0000000E+00   0.0000000E+00   0.0000000E+00
   3.6081468E+00   2.5167637E+03   2.5167637E+03   1.0585363E-04   8.1854104E-07   1.1588277E-04   2.5082997E+03   2.5167637E+03   2.4939831E+03   0.0000000E+00   0.0000000E+00   0.0000000E+00   0.0000000E+00
   3.8773428E+00   2.2228509E+03   2.2228509E+03   8.1013210E-05   6.2619104E-07   1.0065218E-04   2.2153754E+03   2.2228509E+03   2.2027307E+03   0.0000000E+00   0.0000000E+00   0.0000000E+00   0.0000000E+00
   4.1666229E+00   1.9625929E+03   1.9625929E+03   6.1902830E-05   4.7888936E-07   1.3004063E-04   1.9559926E+03   1.9625929E+03   1.9448284E+03   0.0000000E+00   0.0000000E+00   0.0000000E+00   0.0000000E+00
   4.4774856E+00   1.7322335E+03   1.7322335E+03   4.7312275E-05   3.6613010E-07   9.5377599E-05   1.7264079E+03   1.7322335E+03   1.7165541E+03   0.0000000E+00   0.0000000E+00   0.0000000E+00   0.0000000E+00
   4.8115410E+00   1.5284215E+03   1.5284215E+03   3.6148604E-05   2.7984963E-07   7.4018780E-05   1.5232813E+03   1.5284215E+03   1.5145870E+03   0.0000000E+00   0.0000000E+00   0.0000000E+00   0.0000000E+00
   5.1705197E+00   1.3481691E+03   1.3481691E+03   2.7613670E-05   2.1384342E-07   4.9145584E-05   1.3436351E+03   1.3481691E+03   1.3359661E+03   0.0000000E+00   0.0000000E+00   0.0000000E+00   0.0000000E+00
   5.5562809E+00   1.1888142E+03   1.1888142E+03   2.1068476E-05   1.6336859E-07   1.7155437E-05   1.1848161E+03   1.1888142E+03   1.1780536E+03   0.0000000E+00   0.0000000E+00   0.0000000E+00   0.0000000E+00
   5.9708230E+00   1.0479865E+03   1.0479865E+03   1.6090392E-05   1.2477746E-07   2.8981251E-05   1.0444621E+03   1.0479865E+03   1.0385006E+03   0.0000000E+00   0.0000000E+00   0.0000000E+00   0.0000000E+00
   6.4162931E+00   9.2357694E+02   9.2357694E+02   1.2284077E-05   9.5283386E-08   1.5199504E-05   9.2047088E+02   9.2357694E+02   9.1521715E+02   0.0000000E+00   0.0000000E+00   0.0000000E+00   0.0000000E+00
   6.8949988E+00   8.1370986E+02   8.1370986E+02   9.3728350E-06   7.2747170E-08   1.0451852E-05   8.1097329E+02   8.1370986E+02   8.0634453E+02   0.0000000E+00   0.0000000E+00   0.0000000E+00   0.0000000E+00
   7.4094197E+00   7.1671829E+02   7.1671829E+02   7.1484168E-06   5.5532686E-08   -6.5108234E-08   7.1430791E+02   7.1671829E+02   7.1023088E+02   0.0000000E+00   0.0000000E+00   0.0000000E+00   0.0000000E+00
   7.9622204E+00   6.3112151E+02   6.3112151E+02   5.4513348E-06   4.2385391E-08   5.3907899E-06   6.2899900E+02   6.3112151E+02   6.2540889E+02   0.0000000E+00   0.0000000E+00   0.0000000E+00   0.0000000E+00
   8.5562644E+00   5.5560498E+02   5.5560498E+02   4.1557991E-06   3.2347109E-08   5.4247898E-06   5.5373644E+02   5.5560498E+02   5.5057590E+02   0.0000000E+00   0.0000000E+00   0.0000000E+00   0.0000000E+00
   9.1946287E+00   4.8900225E+02   4.8900225E+02   3.1670409E-06   2.4684270E-08   -6.6482810E-07   4.8735770E+02   4.8900225E+02   4.8457603E+02   0.0000000E+00   0.0000000E+00   0.0000000E+00   0.0000000E+00
   9.8806200E+00   4.3027884E+02   4.3027884E+02   2.4135905E-06   1.8835646E-08   1.1929583E-06   4.2883178E+02   4.3027884E+02   4.2638416E+02   0.0000000E+00   0.0000000E+00   0.0000000E+00   0.0000000E+00
   1.0617792E+01   3.7851774E+02   3.7851774E+02   1.8384170E-06   1.4372541E-08   -1.8793032E-06   3.7724475E+02   3.7851774E+02   3.7509157E+02   0.0000000E+00   0.0000000E+00   0.0000000E+00   0.0000000E+00
