#           k/h    CDM            baryon         photon         nu             mass_nu        total          no_nu          total_de       Weyl           v_CDM          v_b            v_b-v_c     
   1.0425932E-05   7.9541030E+06   7.9541030E+06   1.0603331E+07   -1.0763070E+04   -9.2027332E+05   7.9541749E+06   7.9541030E+06   7.5457102E+06   0.0000000E+00   0.0000000E+00   0.0000000E+00   0.0000000E+00
   1.1203788E-05   7.9541018E+06   7.9541018E+06   1.0602998E+07   -1.0763106E+04   -9.2026437E+05   7.9541737E+06   7.9541018E+06   7.5457090E+06   0.0000000E+00   0.0000000E+00   0.0000000E+00   0.0000000E+00
   1.2039678E-05   7.9541005E+06   7.9541005E+06   1.0602614E+07   -1.0763148E+04   -9.2025404E+05   7.9541723E+06   7.9541005E+06   7.5457077E+06   0.0000000E+00   0.0000000E+00   0.0000000E+00   0.0000000E+00
   1.2937932E-05   7.9540989E+06   7.9540989E+06   1.0602171E+07   -1.0763196E+04   -9.2024211E+05   7.9541706E+06   7.9540989E+06   7.5457061E+06   0.0000000E+00   0.0000000E+00   0.0000000E+00   0.0000000E+00
   1.3903203E-05   7.9540972E+06   7.9540972E+06   1.0601658E+07   -1.0763252E+04   -9.2022834E+05   7.9541687E+06   7.9540972E+06   7.5457044E+06   0.0000000E+00   0.0000000E+00   0.0000000E+00   0.0000000E+00
   1.4940491E-05   7.9540951E+06   7.9540951E+06   1.0601067E+07   -1.0763316E+04   -9.2021243E+05   7.9541665E+06   7.9540951E+06   7.5457023E+06   0.0000000E+00   0.0000000E+00   0.0000000E+00   0.0000000E+00
   1.6055169E-05   7.9540928E+06   7.9540928E+06   1.0600384E+07   -1.0763390E+04   -9.2019406E+05   7.9541640E+06   7.9540928E+06   7.5456999E+06   0.0000000E+00   0.0000000E+00   0.0000000E+00   0.0000000E+00
   1.7253010E-05   7.9540900E+06   7.9540900E+06   1.0599595E+07   -1.0763476E+04   -9.2017285E+05   7.9541611E+06   7.9540900E+06   7.5456972E+06   0.0000000E+00   0.0000000E+00   0.0000000E+00   0.0000000E+00
   1.8540219E-05   7.9540869E+06   7.9540869E+06   1.0598685E+07   -1.0763575E+04   -9.2014835E+05   7.9541577E+06   7.9540869E+06   7.5456940E+06   0.0000000E+00   0.0000000E+00   0.0000000E+00   0.0000000E+00
   1.9923465E-05   7.9540832E+06   7.9540832E+06   1.0597633E+07   -1.0763690E+04   -9.2012007E+05   7.9541538E+06   7.9540832E+06   7.5456904E+06   0.0000000E+00   0.0000000E+00   0.0000000E+00   0.0000000E+00
   2.1409911E-05   7.9540790E+06   7.9540790E+06   1.0596419E+07   -1.0763822E+04   -9.2008740E+05   7.9541493E+06   7.9540790E+06   7.5456861E+06   0.0000000E+00   0.0000000E+00   0.0000000E+00   0.0000000E+00
   2.3007258E-05   7.9540742E+06   7.9540742E+06   1.0595017E+07   -1.0763975E+04   -9.2004969E+05   7.9541441E+06   7.9540742E+06   7.5456813E+06   0.0000000E+00   0.0000000E+00   0.0000000E+00   0.0000000E+00
   2.4723780E-05   7.9540686E+06   7.9540686E+06   1.0593398E+07   -1.0764151E+04   -9.2000613E+05   7.9541381E+06   7.9540686E+06   7.5456756E+06   0.0000000E+00   0.0000000E+00   0.0000000E+00   0.0000000E+00
   2.6568367E-05   7.9540621E+06   7.9540621E+06   1.0591529E+07   -1.0764354E+04   -9.1995584E+05   7.9541311E+06   7.9540621E+06   7.5456691E+06   0.0000000E+00   0.0000000E+00   0.0000000E+00   0.0000000E+00
   2.8550576E-05   7.9540547E+06   7.9540547E+06   1.0589372E+07   -1.0764589E+04   -9.1989777E+05   7.9541231E+06   7.9540547E+06   7.5456616E+06   0.0000000E+00   0.0000000E+00   0.0000000E+00   0.0000000E+00
   3.0680672E-05   7.9540460E+06   7.9540460E+06   1.0586880E+07   -1.0764859E+04   -9.1983071E+05   7.9541139E+06   7.9540460E+06   7.5456529E+06   0.0000000E+00   0.0000000E+00   0.0000000E+00   0.0000000E+00
   3.2969690E-05   7.9540361E+06   7.9540361E+06   1.0584004E+07   -1.0765172E+04   -9.1975328E+05   7.9541032E+06   7.9540361E+06   7.5456429E+06   0.0000000E+00   0.0000000E+00   0.0000000E+00   0.0000000E+00
   3.5429487E-05   7.9540246E+06   7.9540246E+06   1.0580684E+07   -1.0765533E+04   -9.1966387E+05   7.9540909E+06   7.9540246E+06   7.5456313E+06   0.0000000E+00   0.0000000E+00   0.0000000E+00   0.0000000E+00
   3.8072804E-05   7.9540113E+06   7.9540113E+06   1.0576851E+07   -1.0765949E+04   -9.1956064E+05   7.9540766E+06   7.9540113E+06   7.5456180E+06   0.0000000E+00   0.0000000E+00   0.0000000E+00   0.0000000E+00
   4.0913334E-05   7.9539960E+06   7.9539960E+06   1.0572426E+07   -1.0766429E+04   -9.1944144E+05   7.9540602E+06   7.9539960E+06   7.5456026E+06   0.0000000E+00   0.0000000E+00   0.0000000E+00   0.0000000E+00
   4.3965789E-05   7.9539783E+06   7.9539783E+06   1.0567318E+07   -1.0766983E+04   -9.1930380E+05   7.9540412E+06   7.9539783E+06   7.5455847E+06   0.0000000E+00   0.0000000E+00   0.0000000E+00   0.0000000E+00
   4.7245981E-05   7.9539578E+06   7.9539578E+06   1.0561423E+07   -1.0767622E+04   -9.1914489E+05   7.9540192E+06   7.9539578E+06   7.5455642E+06   0.0000000E+00   0.0000000E+00   0.0000000E+00   0.0000000E+00
   5.0770901E-05   7.9539342E+06   7.9539342E+06   1.0554620E+07   -1.0768359E+04   -9.1896142E+05   7.9539939E+06   7.9539342E+06   7.5455404E+06   0.0000000E+00   0.0000000E+00   0.0000000E+00   0.0000000E+00
   5.4558807E-05   7.9539070E+06   7.9539070E+06   1.0546769E+07   -1.0769208E+04   -9.1874959E+05   7.9539647E+06   7.9539070E+06   7.5455130E+06   0.0000000E+00   0.0000000E+00   0.0000000E+00   0.0000000E+00
   5.8629322E-05   7.9538755E+06   7.9538755E+06   1.0537709E+07   -1.0770187E+04   -9.1850504E+05   7.9539309E+06   7.9538755E+06   7.5454814E+06   0.0000000E+00   0.0000000E+00   0.0000000E+00   0.0000000E+00
   6.3003528E-05   7.9538392E+06   7.9538392E+06   1.0527256E+07   -1.0771315E+04   -9.1822271E+05   7.9538920E+06   7.9538392E+06   7.5454448E+06   0.0000000E+00   0.0000000E+00   0.0000000E+00   0.0000000E+00
   6.7704084E-05   7.9537972E+06   7.9537972E+06   1.0515198E+07   -1.0772614E+04   -9.1789679E+05   7.9538470E+06   7.9537972E+06   7.5454026E+06   0.0000000E+00   0.0000000E+00   0.0000000E+00   0.0000000E+00
   7.2755339E-05   7.9537488E+06   7.9537488E+06   1.0501290E+07   -1.0774111E+04   -9.1752056E+05   7.9537950E+06   7.9537488E+06   7.5453539E+06   0.0000000E+00   0.0000000E+00   0.0000000E+00   0.0000000E+00
   7.8183457E-05   7.9536929E+06   7.9536929E+06   1.0485252E+07   -1.0775833E+04   -9.1708628E+05   7.9537350E+06   7.9536929E+06   7.5452976E+06   0.0000000E+00   0.0000000E+00   0.0000000E+00   0.0000000E+00
   8.4016555E-05   7.9536283E+06   7.9536283E+06   1.0466760E+07   -1.0777814E+04   -9.1658504E+05   7.9536658E+06   7.9536283E+06   7.5452327E+06   0.0000000E+00   0.0000000E+00   0.0000000E+00   0.0000000E+00
   9.0284847E-05   7.9535538E+06   7.9535538E+06   1.0445445E+07   -1.0780091E+04   -9.1600654E+05   7.9535859E+06   7.9535538E+06   7.5451577E+06   0.0000000E+00   0.0000000E+00   0.0000000E+00   0.0000000E+00
   9.7020804E-05   7.9534678E+06   7.9534678E+06   1.0420883E+07   -1.0782707E+04   -9.1533894E+05   7.9534936E+06   7.9534678E+06   7.5450712E+06   0.0000000E+00   0.0000000E+00   0.0000000E+00   0.0000000E+00
   1.0425932E-04   7.9533685E+06   7.9533685E+06   1.0392588E+07   -1.0785710E+04   -9.1456861E+05   7.9533871E+06   7.9533685E+06   7.5449713E+06   0.0000000E+00   0.0000000E+00   0.0000000E+00   0.0000000E+00
   1.1203788E-04   7.9532539E+06   7.9532539E+06   1.0360006E+07   -1.0789154E+04   -9.1367983E+05   7.9532642E+06   7.9532539E+06   7.5448560E+06   0.0000000E+00   0.0000000E+00   0.0000000E+00   0.0000000E+00
   1.2039678E-04   7.9531217E+06   7.9531217E+06   1.0322503E+07   -1.0793099E+04   -9.1265453E+05   7.9531223E+06   7.9531217E+06   7.5447229E+06   0.0000000E+00   0.0000000E+00   0.0000000E+00   0.0000000E+00
   1.2937932E-04   7.9529691E+06   7.9529691E+06   1.0279358E+07   -1.0797611E+04   -9.1147194E+05   7.9529586E+06   7.9529691E+06   7.5445694E+06   0.0000000E+00   0.0000000E+00   0.0000000E+00   0.0000000E+00
   1.3903203E-04   7.9527929E+06   7.9527929E+06   1.0229750E+07   -1.0802766E+04   -9.1010818E+05   7.9527697E+06   7.9527929E+06   7.5443921E+06   0.0000000E+00   0.0000000E+00   0.0000000E+00   0.0000000E+00
   1.4940491E-04   7.9525897E+06   7.9525897E+06   1.0172752E+07   -1.0808643E+04   -9.0853582E+05   7.9525517E+06   7.9525897E+06   7.5441877E+06   0.0000000E+00   0.0000000E+00   0.0000000E+00   0.0000000E+00
   1.6055169E-04   7.9523553E+06   7.9523553E+06   1.0107312E+07   -1.0815330E+04   -9.0672341E+05   7.9523003E+06   7.9523553E+06   7.5439518E+06   0.0000000E+00   0.0000000E+00   0.0000000E+00   0.0000000E+00
   1.7253010E-04   7.9520849E+06   7.9520849E+06   1.0032248E+07   -1.0822919E+04   -9.0463491E+05   7.9520103E+06   7.9520849E+06   7.5436797E+06   0.0000000E+00   0.0000000E+00   0.0000000E+00   0.0000000E+00
   1.8540219E-04   7.9517731E+06   7.9517731E+06   9.9462344E+06   -1.0831508E+04   -9.0222905E+05   7.9516759E+06   7.9517731E+06   7.5433659E+06   0.0000000E+00   0.0000000E+00   0.0000000E+00   0.0000000E+00
   1.9923465E-04   7.9514136E+06   7.9514136E+06   9.8477939E+06   -1.0841194E+04   -8.9945868E+05   7.9512903E+06   7.9514136E+06   7.5430041E+06   0.0000000E+00   0.0000000E+00   0.0000000E+00   0.0000000E+00
   2.1409911E-04   7.9509992E+06   7.9509992E+06   9.7352881E+06   -1.0852072E+04   -8.9627002E+05   7.9508459E+06   7.9509992E+06   7.5425870E+06   0.0000000E+00   0.0000000E+00   0.0000000E+00   0.0000000E+00
   2.3007258E-04   7.9505216E+06   7.9505216E+06   9.6069155E+06   -1.0864229E+04   -8.9260181E+05   7.9503337E+06   7.9505216E+06   7.5421063E+06   0.0000000E+00   0.0000000E+00   0.0000000E+00   0.0000000E+00
   2.4723780E-04   7.9499714E+06   7.9499714E+06   9.4607129E+06   -1.0877734E+04   -8.8838448E+05   7.9497438E+06   7.9499714E+06   7.5415525E+06   0.0000000E+00   0.0000000E+00   0.0000000E+00   0.0000000E+00
   2.6568367E-04   7.9493378E+06   7.9493378E+06   9.2945655E+06   -1.0892626E+04   -8.8353926E+05   7.9490644E+06   7.9493378E+06   7.5409146E+06   0.0000000E+00   0.0000000E+00   0.0000000E+00   0.0000000E+00
   2.8550576E-04   7.9486084E+06   7.9486084E+06   9.1062276E+06   -1.0908901E+04   -8.7797723E+05   7.9482824E+06   7.9486084E+06   7.5401802E+06   0.0000000E+00   0.0000000E+00   0.0000000E+00   0.0000000E+00
   3.0680672E-04   7.9477691E+06   7.9477691E+06   8.8933587E+06   -1.0926488E+04   -8.7159843E+05   7.9473827E+06   7.9477691E+06   7.5393350E+06   0.0000000E+00   0.0000000E+00   0.0000000E+00   0.0000000E+00
   3.2969690E-04   7.9468038E+06   7.9468038E+06   8.6535790E+06   -1.0945218E+04   -8.6429108E+05   7.9463481E+06   7.9468038E+06   7.5383629E+06   0.0000000E+00   0.0000000E+00   0.0000000E+00   0.0000000E+00
   3.5429487E-04   7.9456944E+06   7.9456944E+06   8.3845496E+06   -1.0964796E+04   -8.5593093E+05   7.9451591E+06   7.9456944E+06   7.5372455E+06   0.0000000E+00   0.0000000E+00   0.0000000E+00   0.0000000E+00
   3.8072804E-04   7.9444201E+06   7.9444201E+06   8.0840838E+06   -1.0984742E+04   -8.4638084E+05   7.9437937E+06   7.9444201E+06   7.5359618E+06   0.0000000E+00   0.0000000E+00   0.0000000E+00   0.0000000E+00
   4.0913334E-04   7.9429576E+06   7.9429576E+06   7.7502960E+06   -1.1004341E+04   -8.3549092E+05   7.9422269E+06   7.9429576E+06   7.5344882E+06   0.0000000E+00   0.0000000E+00   0.0000000E+00   0.0000000E+00
   4.3965789E-04   7.9412804E+06   7.9412804E+06   7.3817930E+06   -1.1022566E+04   -8.2309913E+05   7.9404306E+06   7.9412804E+06   7.5327980E+06   0.0000000E+00   0.0000000E+00   0.0000000E+00   0.0000000E+00
   4.7245981E-04   7.9393590E+06   7.9393590E+06   6.9779129E+06   -1.1037993E+04   -8.0903296E+05   7.9383734E+06   7.9393590E+06   7.5308613E+06   0.0000000E+00   0.0000000E+00   0.0000000E+00   0.0000000E+00
   5.0770901E-04   7.9371602E+06   7.9371602E+06   6.5390111E+06   -1.1048693E+04   -7.9311222E+05   7.9360198E+06   7.9371602E+06   7.5286444E+06   0.0000000E+00   0.0000000E+00   0.0000000E+00   0.0000000E+00
   5.4558807E-04   7.9346467E+06   7.9346467E+06   6.0667873E+06   -1.1052125E+04   -7.7515349E+05   7.9333305E+06   7.9346467E+06   7.5261098E+06   0.0000000E+00   0.0000000E+00   0.0000000E+00   0.0000000E+00
   5.8629322E-04   7.9317775E+06   7.9317775E+06   5.5646387E+06   -1.1045011E+04   -7.5497682E+05   7.9302621E+06   7.9317775E+06   7.5232157E+06   0.0000000E+00   0.0000000E+00   0.0000000E+00   0.0000000E+00
   6.3003528E-04   7.9285068E+06   7.9285068E+06   5.0380067E+06   -1.1023224E+04   -7.3241490E+05   7.9267661E+06   7.9285068E+06   7.5199158E+06   0.0000000E+00   0.0000000E+00   0.0000000E+00   0.0000000E+00
   6.7704084E-04   7.9247840E+06   7.9247840E+06   4.4946682E+06   -1.0981690E+04   -7.0732550E+05   7.9227898E+06   7.9247840E+06   7.5161592E+06   0.0000000E+00   0.0000000E+00   0.0000000E+00   0.0000000E+00
   7.2755339E-04   7.9205539E+06   7.9205539E+06   3.9448965E+06   -1.0914345E+04   -6.7960735E+05   7.9182749E+06   7.9205539E+06   7.5118897E+06   0.0000000E+00   0.0000000E+00   0.0000000E+00   0.0000000E+00
   7.8183457E-04   7.9157555E+06   7.9157555E+06   3.4013916E+06   -1.0814179E+04   -6.4921957E+05   7.9131584E+06   7.9157555E+06   7.5070461E+06   0.0000000E+00   0.0000000E+00   0.0000000E+00   0.0000000E+00
   8.4016555E-04   7.9103223E+06   7.9103223E+06   2.8788624E+06   -1.0673408E+04   -6.1620400E+05   7.9073716E+06   7.9103223E+06   7.5015618E+06   0.0000000E+00   0.0000000E+00   0.0000000E+00   0.0000000E+00
   9.0284847E-04   7.9041816E+06   7.9041816E+06   2.3931360E+06   -1.0483837E+04   -5.8070883E+05   7.9008399E+06   7.9041816E+06   7.4953641E+06   0.0000000E+00   0.0000000E+00   0.0000000E+00   0.0000000E+00
   9.7020804E-04   7.8972543E+06   7.8972543E+06   1.9597049E+06   -1.0237467E+04   -5.4301058E+05   7.8934829E+06   7.8972543E+06   7.4883744E+06   0.0000000E+00   0.0000000E+00   0.0000000E+00   0.0000000E+00
   1.0425932E-03   7.8894534E+06   7.8894534E+06   1.5917095E+06   -9.9273739E+03   -5.0352938E+05   7.8852134E+06   7.8894534E+06   7.4805079E+06   0.0000000E+00   0.0000000E+00   0.0000000E+00   0.0000000E+00
   1.1203788E-03   7.8806840E+06   7.8806840E+06   1.2975215E+06   -9.5488475E+03   -4.6283096E+05   7.8759372E+06   7.8806840E+06   7.4716724E+06   0.0000000E+00   0.0000000E+00   0.0000000E+00   0.0000000E+00
   1.2039678E-03   7.8708420E+06   7.8708420E+06   1.0783392E+06   -9.1007131E+03   -4.2160754E+05   7.8655517E+06   7.8708420E+06   7.4617685E+06   0.0000000E+00   0.0000000E+00   0.0000000E+00   0.0000000E+00
   1.2937932E-03   7.8598126E+06   7.8598126E+06   9.2650419E+05   -8.5866124E+03   -3.8063072E+05   7.8539458E+06   7.8598126E+06   7.4506888E+06   0.0000000E+00   0.0000000E+00   0.0000000E+00   0.0000000E+00
   1.3903203E-03   7.8474704E+06   7.8474704E+06   8.2548096E+05   -8.0159102E+03   -3.4067465E+05   7.8409987E+06   7.8474704E+06   7.4383173E+06   0.0000000E+00   0.0000000E+00   0.0000000E+00   0.0000000E+00
   1.4940491E-03   7.8336786E+06   7.8336786E+06   7.5240910E+05   -7.4037752E+03   -3.0241795E+05   7.8265798E+06   7.8336786E+06   7.4245302E+06   0.0000000E+00   0.0000000E+00   0.0000000E+00   0.0000000E+00
   1.6055169E-03   7.8182899E+06   7.8182899E+06   6.8358701E+05   -6.7699946E+03   -2.6634838E+05   7.8105494E+06   7.8182899E+06   7.4091961E+06   0.0000000E+00   0.0000000E+00   0.0000000E+00   0.0000000E+00
   1.7253010E-03   7.8011489E+06   7.8011489E+06   6.0197719E+05   -6.1363168E+03   -2.3270923E+05   7.7927601E+06   7.8011489E+06   7.3921778E+06   0.0000000E+00   0.0000000E+00   0.0000000E+00   0.0000000E+00
   1.8540219E-03   7.7820946E+06   7.7820946E+06   5.0402597E+05   -5.5226500E+03   -2.0152885E+05   7.7730591E+06   7.7820946E+06   7.3733347E+06   0.0000000E+00   0.0000000E+00   0.0000000E+00   0.0000000E+00
   1.9923465E-03   7.7609645E+06   7.7609645E+06   4.0165992E+05   -4.9432011E+03   -1.7274804E+05   7.7512912E+06   7.7609645E+06   7.3525243E+06   0.0000000E+00   0.0000000E+00   0.0000000E+00   0.0000000E+00
   2.1409911E-03   7.7375967E+06   7.7375967E+06   3.1594439E+05   -4.4042625E+03   -1.4639548E+05   7.7272994E+06   7.7375967E+06   7.3296033E+06   0.0000000E+00   0.0000000E+00   0.0000000E+00   0.0000000E+00
   2.3007258E-03   7.7118294E+06   7.7118294E+06   2.6316042E+05   -3.9052011E+03   -1.2268471E+05   7.7009247E+06   7.7118294E+06   7.3044256E+06   0.0000000E+00   0.0000000E+00   0.0000000E+00   0.0000000E+00
   2.4723780E-03   7.6834990E+06   7.6834990E+06   2.4123303E+05   -3.4427077E+03   -1.0189547E+05   7.6720029E+06   7.6834990E+06   7.2768392E+06   0.0000000E+00   0.0000000E+00   0.0000000E+00   0.0000000E+00
   2.6568367E-03   7.6524348E+06   7.6524348E+06   2.2901552E+05   -3.0158418E+03   -8.4051255E+04   7.6403600E+06   7.6524348E+06   7.2466817E+06   0.0000000E+00   0.0000000E+00   0.0000000E+00   0.0000000E+00
   2.8550576E-03   7.6184572E+06   7.6184572E+06   2.0421121E+05   -2.6277891E+03   -6.8685463E+04   7.6058120E+06   7.6184572E+06   7.2137798E+06   0.0000000E+00   0.0000000E+00   0.0000000E+00   0.0000000E+00
   3.0680672E-03   7.5813795E+06   7.5813795E+06   1.6602823E+05   -2.2822496E+03   -5.5094212E+04   7.5681677E+06   7.5813795E+06   7.1779527E+06   0.0000000E+00   0.0000000E+00   0.0000000E+00   0.0000000E+00
   3.2969690E-03   7.5410115E+06   7.5410115E+06   1.3466591E+05   -1.9780679E+03   -4.3000252E+04   7.5272348E+06   7.5410115E+06   7.1390182E+06   0.0000000E+00   0.0000000E+00   0.0000000E+00   0.0000000E+00
   3.5429487E-03   7.4971598E+06   7.4971598E+06   1.2129472E+05   -1.7091863E+03   -3.2758971E+04   7.4828203E+06   7.4971598E+06   7.0967934E+06   0.0000000E+00   0.0000000E+00   0.0000000E+00   0.0000000E+00
   3.8072804E-03   7.4496237E+06   7.4496237E+06   1.0984437E+05   -1.4708854E+03   -2.4499616E+04   7.4347263E+06   7.4496237E+06   7.0510901E+06   0.0000000E+00   0.0000000E+00   0.0000000E+00   0.0000000E+00
   4.0913334E-03   7.3981921E+06   7.3981921E+06   8.7245042E+04   -1.2627901E+03   -1.7473637E+04   7.3827462E+06   7.3981921E+06   7.0017118E+06   0.0000000E+00   0.0000000E+00   0.0000000E+00   0.0000000E+00
   4.3965789E-03   7.3426486E+06   7.3426486E+06   7.0541354E+04   -1.0831817E+03   -1.1205475E+04   7.3266691E+06   7.3426486E+06   6.9484578E+06   0.0000000E+00   0.0000000E+00   0.0000000E+00   0.0000000E+00
   4.7245981E-03   7.2827756E+06   7.2827756E+06   6.7683686E+04   -9.2647082E+02   -6.3133067E+03   7.2662846E+06   7.2827756E+06   6.8911278E+06   0.0000000E+00   0.0000000E+00   0.0000000E+00   0.0000000E+00
   5.0770901E-03   7.2183514E+06   7.2183514E+06   5.7746130E+04   -7.9001690E+02   -2.6277780E+03   7.2013805E+06   7.2183514E+06   6.8295197E+06   0.0000000E+00   0.0000000E+00   0.0000000E+00   0.0000000E+00
   5.4558807E-03   7.1491525E+06   7.1491525E+06   4.6116022E+04   -6.7335765E+02   7.5647248E+02   7.1317406E+06   7.1491525E+06   6.7634278E+06   0.0000000E+00   0.0000000E+00   0.0000000E+00   0.0000000E+00
   5.8629322E-03   7.0749598E+06   7.0749598E+06   4.2917104E+04   -5.7240754E+02   3.2342553E+03   7.0571446E+06   7.0749598E+06   6.6926425E+06   0.0000000E+00   0.0000000E+00   0.0000000E+00   0.0000000E+00
   6.3003528E-03   6.9955477E+06   6.9955477E+06   3.3315327E+04   -4.8547684E+02   5.1209540E+03   6.9773590E+06   6.9955477E+06   6.6169415E+06   0.0000000E+00   0.0000000E+00   0.0000000E+00   0.0000000E+00
   6.7704084E-03   6.9106804E+06   6.9106804E+06   3.0799003E+04   -4.1140315E+02   6.6636775E+03   6.8921473E+06   6.9106804E+06   6.5361001E+06   0.0000000E+00   0.0000000E+00   0.0000000E+00   0.0000000E+00
   7.2755339E-03   6.8201163E+06   6.8201163E+06   2.5394293E+04   -3.4785137E+02   7.4639759E+03   6.8012844E+06   6.8201163E+06   6.4499040E+06   0.0000000E+00   0.0000000E+00   0.0000000E+00   0.0000000E+00
   7.8183457E-03   6.7236148E+06   6.7236148E+06   2.2255983E+04   -2.9398642E+02   8.2727310E+03   6.7045423E+06   6.7236148E+06   6.3581367E+06   0.0000000E+00   0.0000000E+00   0.0000000E+00   0.0000000E+00
   8.4016555E-03   6.6209408E+06   6.6209408E+06   1.7776107E+04   -2.4772332E+02   8.5740997E+03   6.6016767E+06   6.6209408E+06   6.2605658E+06   0.0000000E+00   0.0000000E+00   0.0000000E+00   0.0000000E+00
   9.0284847E-03   6.5118527E+06   6.5118527E+06   1.6738122E+04   -2.0856542E+02   8.7279146E+03   6.4924408E+06   6.5118527E+06   6.1569570E+06   0.0000000E+00   0.0000000E+00   0.0000000E+00   0.0000000E+00
   9.7020804E-03   6.3961007E+06   6.3961007E+06   1.2964493E+04   -1.7537422E+02   8.7092628E+03   6.3765972E+06   6.3961007E+06   6.0470846E+06   0.0000000E+00   0.0000000E+00   0.0000000E+00   0.0000000E+00
   1.0425932E-02   6.2734367E+06   6.2734367E+06   1.1145884E+04   -1.4713575E+02   8.4359916E+03   6.2538996E+06   6.2734367E+06   5.9307149E+06   0.0000000E+00   0.0000000E+00   0.0000000E+00   0.0000000E+00
   1.1203788E-02   6.1436198E+06   6.1436198E+06   1.0154261E+04   -1.2329561E+02   8.1284015E+03   6.1241038E+06   6.1436198E+06   5.8076159E+06   0.0000000E+00   0.0000000E+00   0.0000000E+00   0.0000000E+00
   1.2039678E-02   6.0064111E+06   6.0064111E+06   8.3784964E+03   -1.0317611E+02   7.7802783E+03   5.9869746E+06   6.0064111E+06   5.6775643E+06   0.0000000E+00   0.0000000E+00   0.0000000E+00   0.0000000E+00
   1.2937932E-02   5.8615847E+06   5.8615847E+06   6.8819525E+03   -8.6175423E+01   7.3296499E+03   5.8422901E+06   5.8615847E+06   5.5403495E+06   0.0000000E+00   0.0000000E+00   0.0000000E+00   0.0000000E+00
   1.3903203E-02   5.7089414E+06   5.7089414E+06   5.6243128E+03   -7.1822762E+01   6.8107290E+03   5.6898450E+06   5.7089414E+06   5.3957766E+06   0.0000000E+00   0.0000000E+00   0.0000000E+00   0.0000000E+00
   1.4940491E-02   5.5483121E+06   5.5483121E+06   4.7679938E+03   -5.9770074E+01   6.2831578E+03   5.5294768E+06   5.5483121E+06   5.2436912E+06   0.0000000E+00   0.0000000E+00   0.0000000E+00   0.0000000E+00
   1.6055169E-02   5.3795861E+06   5.3795861E+06   4.0345135E+03   -4.9621020E+01   5.7529404E+03   5.3610710E+06   5.3795861E+06   5.0839847E+06   0.0000000E+00   0.0000000E+00   0.0000000E+00   0.0000000E+00
   1.7253010E-02   5.2027290E+06   5.2027290E+06   3.5186808E+03   -4.1108971E+01   5.2146348E+03   5.1845948E+06   5.2027290E+06   4.9166257E+06   0.0000000E+00   0.0000000E+00   0.0000000E+00   0.0000000E+00
   1.8540219E-02   5.0178168E+06   5.0178168E+06   2.9900659E+03   -3.3968413E+01   4.6699150E+03   5.0001210E+06   5.0178168E+06   4.7416834E+06   0.0000000E+00   0.0000000E+00   0.0000000E+00   0.0000000E+00
   1.9923465E-02   4.8250724E+06   4.8250724E+06   2.3140732E+03   -2.8000000E+01   4.1731161E+03   4.8078730E+06   4.8250724E+06   4.5593692E+06   0.0000000E+00   0.0000000E+00   0.0000000E+00   0.0000000E+00
   2.1409909E-02   4.6249147E+06   4.6249147E+06   2.0120420E+03   -2.3018335E+01   3.7211111E+03   4.6082646E+06   4.6249147E+06   4.3700757E+06   0.0000000E+00   0.0000000E+00   0.0000000E+00   0.0000000E+00
   2.3007243E-02   4.4180093E+06   4.4180093E+06   1.6062420E+03   -1.8859060E+01   3.2550722E+03   4.4019595E+06   4.4180093E+06   4.1744321E+06   0.0000000E+00   0.0000000E+00   0.0000000E+00   0.0000000E+00
   2.4723696E-02   4.2053310E+06   4.2053310E+06   1.4013645E+03   -1.5407341E+01   2.8549688E+03   4.1899270E+06   4.2053310E+06   3.9733576E+06   0.0000000E+00   0.0000000E+00   0.0000000E+00   0.0000000E+00
   2.6567979E-02   3.9882303E+06   3.9882303E+06   1.1145708E+03   -1.2547636E+01   2.4879987E+03   3.9735106E+06   3.9882303E+06   3.7681261E+06   0.0000000E+00   0.0000000E+00   0.0000000E+00   0.0000000E+00
   2.8549007E-02   3.7685100E+06   3.7685100E+06   8.9352769E+02   -1.0185343E+01   2.1439640E+03   3.7545050E+06   3.7685100E+06   3.5604395E+06   0.0000000E+00   0.0000000E+00   0.0000000E+00   0.0000000E+00
   3.0675093E-02   3.5485201E+06   3.5485201E+06   7.3360706E+02   -8.2443621E+00   1.8376808E+03   3.5352499E+06   3.5485201E+06   3.3525166E+06   0.0000000E+00   0.0000000E+00   0.0000000E+00   0.0000000E+00
   3.2952099E-02   3.3312632E+06   3.3312632E+06   6.1583974E+02   -6.6593575E+00   1.5640500E+03   3.3187345E+06   3.3312632E+06   3.1471920E+06   0.0000000E+00   0.0000000E+00   0.0000000E+00   0.0000000E+00
   3.5380021E-02   3.1204634E+06   3.1204634E+06   4.9277384E+02   -5.3759622E+00   1.3197613E+03   3.1086675E+06   3.1204634E+06   2.9479825E+06   0.0000000E+00   0.0000000E+00   0.0000000E+00   0.0000000E+00
   3.7948238E-02   2.9204567E+06   2.9204567E+06   3.9265312E+02   -4.3483818E+00   1.1258532E+03   2.9093664E+06   2.9204567E+06   2.7589828E+06   0.0000000E+00   0.0000000E+00   0.0000000E+00   0.0000000E+00
   4.0631669E-02   2.7356898E+06   2.7356898E+06   3.2553405E+02   -3.5349056E+00   9.4786115E+02   2.7252593E+06   2.7356898E+06   2.5843917E+06   0.0000000E+00   0.0000000E+00   0.0000000E+00   0.0000000E+00
   4.3392046E-02   2.5697656E+06   2.5697656E+06   2.7398239E+02   -2.8993424E+00   8.1288822E+02   2.5599330E+06   2.5697656E+06   2.4276108E+06   0.0000000E+00   0.0000000E+00   0.0000000E+00   0.0000000E+00
   4.6186683E-02   2.4244270E+06   2.4244270E+06   2.1659094E+02   -2.4062558E+00   6.9706245E+02   2.4151222E+06   2.4244270E+06   2.2902850E+06   0.0000000E+00   0.0000000E+00   0.0000000E+00   0.0000000E+00
   4.8980351E-02   2.2991671E+06   2.2991671E+06   1.8880196E+02   -2.0235796E+00   6.0086090E+02   2.2903199E+06   2.2991671E+06   2.1719336E+06   0.0000000E+00   0.0000000E+00   0.0000000E+00   0.0000000E+00
   5.1752387E-02   2.1917007E+06   2.1917007E+06   1.6367231E+02   -1.7244135E+00   5.2935001E+02   2.1832481E+06   2.1917007E+06   2.0703961E+06   0.0000000E+00   0.0000000E+00   0.0000000E+00   0.0000000E+00
   5.4496320E-02   2.0988443E+06   2.0988443E+06   1.3513882E+02   -1.4868149E+00   4.6632089E+02   2.0907340E+06   2.0988443E+06   1.9826639E+06   0.0000000E+00   0.0000000E+00   0.0000000E+00   0.0000000E+00
   5.7215417E-02   2.0172586E+06   2.0172586E+06   1.2270735E+02   -1.2946965E+00   4.1336780E+02   2.0094503E+06   2.0172586E+06   1.9055817E+06   0.0000000E+00   0.0000000E+00   0.0000000E+00   0.0000000E+00
   5.9918101E-02   1.9438668E+06   1.9438668E+06   1.0615040E+02   -1.1363978E+00   3.7222827E+02   1.9363313E+06   1.9438668E+06   1.8362422E+06   0.0000000E+00   0.0000000E+00   0.0000000E+00   0.0000000E+00
   6.2614815E-02   1.8760240E+06   1.8760240E+06   9.2432335E+01   -1.0032283E+00   3.3232397E+02   1.8687418E+06   1.8760240E+06   1.7721463E+06   0.0000000E+00   0.0000000E+00   0.0000000E+00   0.0000000E+00
   6.5316305E-02   1.8115578E+06   1.8115578E+06   8.5284296E+01   -8.8939503E-01   3.0069226E+02   1.8045175E+06   1.8115578E+06   1.7112417E+06   0.0000000E+00   0.0000000E+00   0.0000000E+00   0.0000000E+00
   6.8032837E-02   1.7487608E+06   1.7487608E+06   7.2242219E+01   -7.9048535E-01   2.7174181E+02   1.7419572E+06   1.7487608E+06   1.6519152E+06   0.0000000E+00   0.0000000E+00   0.0000000E+00   0.0000000E+00
   7.0773907E-02   1.6863717E+06   1.6863717E+06   6.6645808E+01   -7.0351465E-01   2.4367778E+02   1.6798044E+06   1.6863717E+06   1.5929750E+06   0.0000000E+00   0.0000000E+00   0.0000000E+00   0.0000000E+00
   7.3548207E-02   1.6235569E+06   1.6235569E+06   5.9870119E+01   -6.2637338E-01   2.2212737E+02   1.6172285E+06   1.6235569E+06   1.5336336E+06   0.0000000E+00   0.0000000E+00   0.0000000E+00   0.0000000E+00
   7.6363700E-02   1.5598932E+06   1.5598932E+06   5.0752847E+01   -5.5743116E-01   1.9968107E+02   1.5538080E+06   1.5598932E+06   1.4734913E+06   0.0000000E+00   0.0000000E+00   0.0000000E+00   0.0000000E+00
   7.9227721E-02   1.4953462E+06   1.4953462E+06   4.6596336E+01   -4.9562598E-01   1.7859826E+02   1.4895084E+06   1.4953462E+06   1.4125153E+06   0.0000000E+00   0.0000000E+00   0.0000000E+00   0.0000000E+00
   8.2147088E-02   1.4302388E+06   1.4302388E+06   4.2792578E+01   -4.4019347E-01   1.6130785E+02   1.4246512E+06   1.4302388E+06   1.3510106E+06   0.0000000E+00   0.0000000E+00   0.0000000E+00   0.0000000E+00
   8.5128208E-02   1.3652043E+06   1.3652043E+06   3.7773631E+01   -3.9057974E-01   1.4565621E+02   1.3598674E+06   1.3652043E+06   1.2895754E+06   0.0000000E+00   0.0000000E+00   0.0000000E+00   0.0000000E+00
   8.8177163E-02   1.3011199E+06   1.3011199E+06   3.3118305E+01   -3.4633737E-01   1.3092406E+02   1.2960304E+06   1.3011199E+06   1.2290382E+06   0.0000000E+00   0.0000000E+00   0.0000000E+00   0.0000000E+00
   9.1299785E-02   1.2390181E+06   1.2390181E+06   2.9365263E+01   -3.0710120E-01   1.1739410E+02   1.2341688E+06   1.2390181E+06   1.1703742E+06   0.0000000E+00   0.0000000E+00   0.0000000E+00   0.0000000E+00
   9.4501720E-02   1.1799782E+06   1.1799782E+06   2.6355502E+01   -2.7256639E-01   1.0516768E+02   1.1753575E+06   1.1799782E+06   1.1146029E+06   0.0000000E+00   0.0000000E+00   0.0000000E+00   0.0000000E+00
   9.7788477E-02   1.1250024E+06   1.1250024E+06   2.3628541E+01   -2.4237343E-01   9.4002759E+01   1.1205948E+06   1.1250024E+06   1.0626708E+06   0.0000000E+00   0.0000000E+00   0.0000000E+00   0.0000000E+00
   1.0116547E-01   1.0748856E+06   1.0748856E+06   2.0464153E+01   -2.1616829E-01   8.4256957E+01   1.0706724E+06   1.0748856E+06   1.0153290E+06   0.0000000E+00   0.0000000E+00   0.0000000E+00   0.0000000E+00
   1.0463806E-01   1.0300939E+06   1.0300939E+06   1.8094103E+01   -1.9353607E-01   7.6861973E+01   1.0260545E+06   1.0300939E+06   9.7301737E+05   0.0000000E+00   0.0000000E+00   0.0000000E+00   0.0000000E+00
   1.0821157E-01   9.9066681E+05   9.9066681E+05   1.6972150E+01   -1.7401322E-01   6.9233351E+01   9.8678046E+05   9.9066681E+05   9.3577342E+05   0.0000000E+00   0.0000000E+00   0.0000000E+00   0.0000000E+00
   1.1189132E-01   9.5616439E+05   9.5616439E+05   1.4627871E+01   -1.5712092E-01   6.3325963E+01   9.5241195E+05   9.5616439E+05   9.0318142E+05   0.0000000E+00   0.0000000E+00   0.0000000E+00   0.0000000E+00
   1.1568262E-01   9.2567451E+05   9.2567451E+05   1.3633667E+01   -1.4237053E-01   5.7263433E+01   9.2204042E+05   9.2567451E+05   8.7437980E+05   0.0000000E+00   0.0000000E+00   0.0000000E+00   0.0000000E+00
   1.1959082E-01   8.9789422E+05   8.9789422E+05   1.2572532E+01   -1.2929445E-01   5.2755613E+01   8.9436799E+05   8.9789422E+05   8.4813776E+05   0.0000000E+00   0.0000000E+00   0.0000000E+00   0.0000000E+00
   1.2362132E-01   8.7128685E+05   8.7128685E+05   1.1266322E+01   -1.1747403E-01   4.8412826E+01   8.6786402E+05   8.7128685E+05   8.2300379E+05   0.0000000E+00   0.0000000E+00   0.0000000E+00   0.0000000E+00
   1.2777952E-01   8.4430371E+05   8.4430371E+05   1.0201365E+01   -1.0657948E-01   4.4228922E+01   8.4098589E+05   8.4430371E+05   7.9751499E+05   0.0000000E+00   0.0000000E+00   0.0000000E+00   0.0000000E+00
   1.3207090E-01   8.1564246E+05   8.1564246E+05   9.3290408E+00   -9.6372811E-02   4.0156617E+01   8.1243636E+05   8.1564246E+05   7.7044120E+05   0.0000000E+00   0.0000000E+00   0.0000000E+00   0.0000000E+00
   1.3650101E-01   7.8449804E+05   7.8449804E+05   8.3374893E+00   -8.6732940E-02   3.6101345E+01   7.8141353E+05   7.8449804E+05   7.4102195E+05   0.0000000E+00   0.0000000E+00   0.0000000E+00   0.0000000E+00
   1.4107543E-01   7.5075107E+05   7.5075107E+05   7.2357198E+00   -7.7637679E-02   3.2786448E+01   7.4779851E+05   7.5075107E+05   7.0914450E+05   0.0000000E+00   0.0000000E+00   0.0000000E+00   0.0000000E+00
   1.4579984E-01   7.1503784E+05   7.1503784E+05   6.7017017E+00   -6.9144688E-02   2.9259267E+01   7.1222506E+05   7.1503784E+05   6.7540985E+05   0.0000000E+00   0.0000000E+00   0.0000000E+00   0.0000000E+00
   1.5067997E-01   6.7865992E+05   6.7865992E+05   5.8736999E+00   -6.1359808E-02   2.6394334E+01   6.7598965E+05   6.7865992E+05   6.4104746E+05   0.0000000E+00   0.0000000E+00   0.0000000E+00   0.0000000E+00
   1.5572163E-01   6.4332281E+05   6.4332281E+05   5.1221477E+00   -5.4387219E-02   2.3519284E+01   6.4079104E+05   6.4332281E+05   6.0766828E+05   0.0000000E+00   0.0000000E+00   0.0000000E+00   0.0000000E+00
   1.6093074E-01   6.1073762E+05   6.1073762E+05   4.5522367E+00   -4.8295672E-02   2.1021631E+01   6.0833361E+05   6.1073762E+05   5.7688858E+05   0.0000000E+00   0.0000000E+00   0.0000000E+00   0.0000000E+00
   1.6631329E-01   5.8216999E+05   5.8216999E+05   4.1299567E+00   -4.3084155E-02   1.8906974E+01   5.7987800E+05   5.8216999E+05   5.4990386E+05   0.0000000E+00   0.0000000E+00   0.0000000E+00   0.0000000E+00
   1.7187537E-01   5.5805878E+05   5.5805878E+05   3.7525316E+00   -3.8674385E-02   1.6894680E+01   5.5586133E+05   5.5805878E+05   5.2712861E+05   0.0000000E+00   0.0000000E+00   0.0000000E+00   0.0000000E+00
   1.7762322E-01   5.3783635E+05   5.3783635E+05   3.2922238E+00   -3.4921432E-02   1.5437593E+01   5.3571818E+05   5.3783635E+05   5.0802667E+05   0.0000000E+00   0.0000000E+00   0.0000000E+00   0.0000000E+00
   1.8356316E-01   5.2004628E+05   5.2004628E+05   3.0051085E+00   -3.1642499E-02   1.3921105E+01   5.1799784E+05   5.2004628E+05   4.9122231E+05   0.0000000E+00   0.0000000E+00   0.0000000E+00   0.0000000E+00
   1.8970172E-01   5.0277019E+05   5.0277019E+05   2.7452339E+00   -2.8662266E-02   1.2662960E+01   5.0078951E+05   5.0277019E+05   4.7490348E+05   0.0000000E+00   0.0000000E+00   0.0000000E+00   0.0000000E+00
   1.9604554E-01   4.8426079E+05   4.8426079E+05   2.4554433E+00   -2.5855420E-02   1.1481442E+01   4.8235277E+05   4.8426079E+05   4.5741974E+05   0.0000000E+00   0.0000000E+00   0.0000000E+00   0.0000000E+00
   2.0260152E-01   4.6357158E+05   4.6357158E+05   2.1864016E+00   -2.3166912E-02   1.0420023E+01   4.6174483E+05   4.6357158E+05   4.3787703E+05   0.0000000E+00   0.0000000E+00   0.0000000E+00   0.0000000E+00
   2.0937673E-01   4.4092826E+05   4.4092826E+05   1.9914216E+00   -2.0614337E-02   9.2708929E+00   4.3919053E+05   4.4092826E+05   4.1648857E+05   0.0000000E+00   0.0000000E+00   0.0000000E+00   0.0000000E+00
   2.1637856E-01   4.1764570E+05   4.1764570E+05   1.7516991E+00   -1.8262600E-02   8.3215620E+00   4.1599954E+05   4.1764570E+05   3.9449634E+05   0.0000000E+00   0.0000000E+00   0.0000000E+00   0.0000000E+00
   2.2361469E-01   3.9556418E+05   3.9556418E+05   1.5473171E+00   -1.6180705E-02   7.4104310E+00   3.9400488E+05   3.9556418E+05   3.7363859E+05   0.0000000E+00   0.0000000E+00   0.0000000E+00   0.0000000E+00
   2.3109314E-01   3.7620783E+05   3.7620783E+05   1.3918846E+00   -1.4403359E-02   6.6033340E+00   3.7472468E+05   3.7620783E+05   3.5535499E+05   0.0000000E+00   0.0000000E+00   0.0000000E+00   0.0000000E+00
   2.3882240E-01   3.6004913E+05   3.6004913E+05   1.2284994E+00   -1.2910160E-02   5.9104527E+00   3.5862955E+05   3.6004913E+05   3.4009182E+05   0.0000000E+00   0.0000000E+00   0.0000000E+00   0.0000000E+00
   2.4681139E-01   3.4627587E+05   3.4627587E+05   1.1234100E+00   -1.1632687E-02   5.3589017E+00   3.4491047E+05   3.4627587E+05   3.2708188E+05   0.0000000E+00   0.0000000E+00   0.0000000E+00   0.0000000E+00
   2.5506964E-01   3.3324182E+05   3.3324182E+05   1.0104723E+00   -1.0487700E-02   4.8605785E+00   3.3192770E+05   3.3324182E+05   3.1477021E+05   0.0000000E+00   0.0000000E+00   0.0000000E+00   0.0000000E+00
   2.6360730E-01   3.1940546E+05   3.1940546E+05   9.0530092E-01   -9.4126797E-03   4.3572569E+00   3.1814580E+05   3.1940546E+05   3.0170069E+05   0.0000000E+00   0.0000000E+00   0.0000000E+00   0.0000000E+00
   2.7243529E-01   3.0422605E+05   3.0422605E+05   7.9808098E-01   -8.3899692E-03   3.9179813E+00   3.0302616E+05   3.0422605E+05   2.8736260E+05   0.0000000E+00   0.0000000E+00   0.0000000E+00   0.0000000E+00
   2.8156538E-01   2.8843795E+05   2.8843795E+05   7.0889953E-01   -7.4415404E-03   3.4703824E+00   2.8730025E+05   2.8843795E+05   2.7244957E+05   0.0000000E+00   0.0000000E+00   0.0000000E+00   0.0000000E+00
   2.9101034E-01   2.7347486E+05   2.7347486E+05   6.2869225E-01   -6.6012730E-03   3.0968119E+00   2.7239611E+05   2.7347486E+05   2.5831583E+05   0.0000000E+00   0.0000000E+00   0.0000000E+00   0.0000000E+00
   3.0078412E-01   2.6040538E+05   2.6040538E+05   5.6449613E-01   -5.8834247E-03   2.7810724E+00   2.5937812E+05   2.6040538E+05   2.4597074E+05   0.0000000E+00   0.0000000E+00   0.0000000E+00   0.0000000E+00
   3.1090196E-01   2.4915662E+05   2.4915662E+05   5.0214732E-01   -5.2705298E-03   2.4928278E+00   2.4817368E+05   2.4915662E+05   2.3534546E+05   0.0000000E+00   0.0000000E+00   0.0000000E+00   0.0000000E+00
   3.2138066E-01   2.3865324E+05   2.3865324E+05   4.5073671E-01   -4.7263355E-03   2.2448862E+00   2.3771168E+05   2.3865324E+05   2.2542425E+05   0.0000000E+00   0.0000000E+00   0.0000000E+00   0.0000000E+00
   3.3223882E-01   2.2778259E+05   2.2778259E+05   4.0558852E-01   -4.2208705E-03   2.0051901E+00   2.2688387E+05   2.2778259E+05   2.1515613E+05   0.0000000E+00   0.0000000E+00   0.0000000E+00   0.0000000E+00
   3.4349707E-01   2.1634978E+05   2.1634978E+05   3.5941915E-01   -3.7492057E-03   1.7935227E+00   2.1549613E+05   2.1634978E+05   2.0435703E+05   0.0000000E+00   0.0000000E+00   0.0000000E+00   0.0000000E+00
   3.5517849E-01   2.0513137E+05   2.0513137E+05   3.1924625E-01   -3.3234115E-03   1.5900490E+00   2.0432194E+05   2.0513137E+05   1.9376044E+05   0.0000000E+00   0.0000000E+00   0.0000000E+00   0.0000000E+00
   3.6730896E-01   1.9497475E+05   1.9497475E+05   2.8261145E-01   -2.9533221E-03   1.4138980E+00   1.9420537E+05   1.9497475E+05   1.8416680E+05   0.0000000E+00   0.0000000E+00   0.0000000E+00   0.0000000E+00
   3.7991768E-01   1.8589259E+05   1.8589259E+05   2.5220763E-01   -2.6325178E-03   1.2642153E+00   1.8515902E+05   1.8589259E+05   1.7558806E+05   0.0000000E+00   0.0000000E+00   0.0000000E+00   0.0000000E+00
   3.9303778E-01   1.7715181E+05   1.7715181E+05   2.2413376E-01   -2.3442748E-03   1.1269255E+00   1.7645270E+05   1.7715181E+05   1.6733177E+05   0.0000000E+00   0.0000000E+00   0.0000000E+00   0.0000000E+00
   4.0670703E-01   1.6822172E+05   1.6822172E+05   1.9873397E-01   -2.0788002E-03   1.0051293E+00   1.6755783E+05   1.6822172E+05   1.5889668E+05   0.0000000E+00   0.0000000E+00   0.0000000E+00   0.0000000E+00
   4.2096876E-01   1.5936886E+05   1.5936886E+05   1.7612261E-01   -1.8377504E-03   8.8869113E-01   1.5873988E+05   1.5936886E+05   1.5053454E+05   0.0000000E+00   0.0000000E+00   0.0000000E+00   0.0000000E+00
   4.3587299E-01   1.5113538E+05   1.5113538E+05   1.5552389E-01   -1.6255016E-03   7.9261654E-01   1.5053888E+05   1.5113538E+05   1.4275745E+05   0.0000000E+00   0.0000000E+00   0.0000000E+00   0.0000000E+00
   4.5147783E-01   1.4350535E+05   1.4350535E+05   1.3766675E-01   -1.4387751E-03   7.0386057E-01   1.4293894E+05   1.4350535E+05   1.3555036E+05   0.0000000E+00   0.0000000E+00   0.0000000E+00   0.0000000E+00
   4.6785125E-01   1.3602298E+05   1.3602298E+05   1.2165406E-01   -1.2698811E-03   6.1824858E-01   1.3548609E+05   1.3602298E+05   1.2848275E+05   0.0000000E+00   0.0000000E+00   0.0000000E+00   0.0000000E+00
   4.8507334E-01   1.2858369E+05   1.2858369E+05   1.0697957E-01   -1.1165351E-03   5.4615225E-01   1.2807615E+05   1.2858369E+05   1.2145583E+05   0.0000000E+00   0.0000000E+00   0.0000000E+00   0.0000000E+00
   5.0323922E-01   1.2148942E+05   1.2148942E+05   9.3910046E-02   -9.8014326E-04   4.8084350E-01   1.2100987E+05   1.2148942E+05   1.1475481E+05   0.0000000E+00   0.0000000E+00   0.0000000E+00   0.0000000E+00
   5.2246268E-01   1.1476710E+05   1.1476710E+05   8.2282495E-02   -8.5903591E-04   4.2189766E-01   1.1431407E+05   1.1476710E+05   1.0840512E+05   0.0000000E+00   0.0000000E+00   0.0000000E+00   0.0000000E+00
   5.4288102E-01   1.0816742E+05   1.0816742E+05   7.1829247E-02   -7.4983198E-04   3.6923396E-01   1.0774044E+05   1.0816742E+05   1.0217128E+05   0.0000000E+00   0.0000000E+00   0.0000000E+00   0.0000000E+00
   5.6466114E-01   1.0172185E+05   1.0172185E+05   6.2445895E-02   -6.5174230E-04   3.2089579E-01   1.0132030E+05   1.0172185E+05   9.6083003E+04   0.0000000E+00   0.0000000E+00   0.0000000E+00   0.0000000E+00
   5.8800748E-01   9.5534469E+04   9.5534469E+04   5.4074861E-02   -5.6446482E-04   2.8040327E-01   9.5157334E+04   9.5534469E+04   9.0238605E+04   0.0000000E+00   0.0000000E+00   0.0000000E+00   0.0000000E+00
   6.1317204E-01   8.9480203E+04   8.9480203E+04   4.6584204E-02   -4.8618869E-04   2.4226812E-01   8.9126960E+04   8.9480203E+04   8.4519945E+04   0.0000000E+00   0.0000000E+00   0.0000000E+00   0.0000000E+00
   6.4046673E-01   8.3561404E+04   8.3561404E+04   3.9874086E-02   -4.1612838E-04   2.0758613E-01   8.3231520E+04   8.3561404E+04   7.8929243E+04   0.0000000E+00   0.0000000E+00   0.0000000E+00   0.0000000E+00
   6.7027779E-01   7.7795682E+04   7.7795682E+04   3.3890429E-02   -3.5370502E-04   1.7562739E-01   7.7488555E+04   7.7795682E+04   7.3483134E+04   0.0000000E+00   0.0000000E+00   0.0000000E+00   0.0000000E+00
   7.0308079E-01   7.2130678E+04   7.2130678E+04   2.8559221E-02   -2.9805339E-04   1.4918732E-01   7.1845910E+04   7.2130678E+04   6.8132160E+04   0.0000000E+00   0.0000000E+00   0.0000000E+00   0.0000000E+00
   7.3945191E-01   6.6585545E+04   6.6585545E+04   2.3833878E-02   -2.4872800E-04   1.2452765E-01   6.6322664E+04   6.6585545E+04   6.2894413E+04   0.0000000E+00   0.0000000E+00   0.0000000E+00   0.0000000E+00
   7.8006661E-01   6.1145039E+04   6.1145039E+04   1.9666466E-02   -2.0523568E-04   1.0328699E-01   6.0903633E+04   6.1145039E+04   5.7755495E+04   0.0000000E+00   0.0000000E+00   0.0000000E+00   0.0000000E+00
   8.2567089E-01   5.5829787E+04   5.5829787E+04   1.6027961E-02   -1.6726079E-04   8.4344717E-02   5.5609363E+04   5.5829787E+04   5.2734888E+04   0.0000000E+00   0.0000000E+00   0.0000000E+00   0.0000000E+00
   8.7700845E-01   5.0669412E+04   5.0669412E+04   1.2893109E-02   -1.3453966E-04   6.7652388E-02   5.0469359E+04   5.0669412E+04   4.7860573E+04   0.0000000E+00   0.0000000E+00   0.0000000E+00   0.0000000E+00
   9.3470324E-01   4.5714529E+04   4.5714529E+04   1.0240558E-02   -1.0685697E-04   5.4041791E-02   4.5534036E+04   4.5714529E+04   4.3180360E+04   0.0000000E+00   0.0000000E+00   0.0000000E+00   0.0000000E+00
   9.9914108E-01   4.1027608E+04   4.1027608E+04   8.0433235E-03   -8.3926670E-05   4.2333638E-02   4.0865618E+04   4.1027608E+04   3.8753255E+04   0.0000000E+00   0.0000000E+00   0.0000000E+00   0.0000000E+00
   1.0704356E+00   3.6667201E+04   3.6667201E+04   6.2627766E-03   -6.5346602E-05   3.3242974E-02   3.6522425E+04   3.6667201E+04   3.4634563E+04   0.0000000E+00   0.0000000E+00   0.0000000E+00   0.0000000E+00
   1.1485290E+00   3.2673318E+04   3.2673318E+04   4.8474229E-03   -5.0577724E-05   2.5733845E-02   3.2544311E+04   3.2673318E+04   3.0862080E+04   0.0000000E+00   0.0000000E+00   0.0000000E+00   0.0000000E+00
   1.2333650E+00   2.9058992E+04   2.9058992E+04   3.7395649E-03   -3.9004647E-05   1.9795128E-02   2.8944254E+04   2.9058992E+04   2.7448112E+04   0.0000000E+00   0.0000000E+00   0.0000000E+00   0.0000000E+00
   1.3250196E+00   2.5813201E+04   2.5813201E+04   2.8776171E-03   -3.0019540E-05   1.5449335E-02   2.5711278E+04   2.5813201E+04   2.4382250E+04   0.0000000E+00   0.0000000E+00   0.0000000E+00   0.0000000E+00
   1.4237394E+00   2.2911747E+04   2.2911747E+04   2.2121428E-03   -2.3076524E-05   1.1736559E-02   2.2821280E+04   2.2911747E+04   2.1641637E+04   0.0000000E+00   0.0000000E+00   0.0000000E+00   0.0000000E+00
   1.5299161E+00   2.0324232E+04   2.0324232E+04   1.6993605E-03   -1.7726656E-05   9.0177410E-03   2.0243981E+04   2.0324232E+04   1.9197560E+04   0.0000000E+00   0.0000000E+00   0.0000000E+00   0.0000000E+00
   1.6440468E+00   1.8019733E+04   1.8019733E+04   1.3047309E-03   -1.3609505E-05   6.9931360E-03   1.7948581E+04   1.8019733E+04   1.7020810E+04   0.0000000E+00   0.0000000E+00   0.0000000E+00   0.0000000E+00
   1.7667023E+00   1.5969069E+04   1.5969069E+04   1.0012662E-03   -1.0443342E-05   5.3742046E-03   1.5906014E+04   1.5969069E+04   1.5083824E+04   0.0000000E+00   0.0000000E+00   0.0000000E+00   0.0000000E+00
   1.8985114E+00   1.4145457E+04   1.4145457E+04   7.6804096E-04   -8.0101094E-06   4.0912882E-03   1.4089603E+04   1.4145457E+04   1.3361304E+04   0.0000000E+00   0.0000000E+00   0.0000000E+00   0.0000000E+00
   2.0401551E+00   1.2524693E+04   1.2524693E+04   5.8890923E-04   -6.1411464E-06   3.1926664E-03   1.2475238E+04   1.2524693E+04   1.1830387E+04   0.0000000E+00   0.0000000E+00   0.0000000E+00   0.0000000E+00
   2.1923666E+00   1.1085036E+04   1.1085036E+04   4.5121546E-04   -4.7061938E-06   2.4470956E-03   1.1041265E+04   1.1085036E+04   1.0470537E+04   0.0000000E+00   0.0000000E+00   0.0000000E+00   0.0000000E+00
   2.3559343E+00   9.8068935E+03   9.8068935E+03   3.4585215E-04   -3.6049790E-06   1.8307244E-03   9.7681699E+03   9.8068935E+03   9.2632484E+03   0.0000000E+00   0.0000000E+00   0.0000000E+00   0.0000000E+00
   2.5317054E+00   8.6727338E+03   8.6727338E+03   2.6484879E-04   -2.7603397E-06   1.3962739E-03   8.6384885E+03   8.6727338E+03   8.1919608E+03   0.0000000E+00   0.0000000E+00   0.0000000E+00   0.0000000E+00
   2.7205905E+00   7.6668356E+03   7.6668356E+03   2.0273452E-04   -2.1127585E-06   1.0812828E-03   7.6365621E+03   7.6668356E+03   7.2418245E+03   0.0000000E+00   0.0000000E+00   0.0000000E+00   0.0000000E+00
   2.9235678E+00   6.7751148E+03   6.7751148E+03   1.5513649E-04   -1.6164657E-06   8.3085096E-04   6.7483623E+03   6.7751148E+03   6.3995362E+03   0.0000000E+00   0.0000000E+00   0.0000000E+00   0.0000000E+00
   3.1416889E+00   5.9849744E+03   5.9849744E+03   1.1867261E-04   -1.2362728E-06   6.3427188E-04   5.9613419E+03   5.9849744E+03   5.6531972E+03   0.0000000E+00   0.0000000E+00   0.0000000E+00   0.0000000E+00
   3.3760834E+00   5.2851545E+03   5.2851545E+03   9.0749808E-05   -9.4514635E-07   4.9872621E-04   5.2642853E+03   5.2851545E+03   4.9921718E+03   0.0000000E+00   0.0000000E+00   0.0000000E+00   0.0000000E+00
   3.6279657E+00   4.6655974E+03   4.6655974E+03   6.9382350E-05   -7.2230199E-07   3.7881683E-04   4.6471746E+03   4.6655974E+03   4.4069599E+03   0.0000000E+00   0.0000000E+00   0.0000000E+00   0.0000000E+00
   3.8986403E+00   4.1173261E+03   4.1173261E+03   5.3015345E-05   -5.5179423E-07   2.9422005E-04   4.1010682E+03   4.1173261E+03   3.8890820E+03   0.0000000E+00   0.0000000E+00   0.0000000E+00   0.0000000E+00
   4.1895094E+00   3.6323342E+03   3.6323342E+03   4.0489513E-05   -4.2137699E-07   2.1738582E-04   3.6179913E+03   3.6323342E+03   3.4309756E+03   0.0000000E+00   0.0000000E+00   0.0000000E+00   0.0000000E+00
   4.5020796E+00   3.2034855E+03   3.2034855E+03   3.0932384E-05   -3.2167060E-07   1.7361239E-04   3.1908360E+03   3.2034855E+03   3.0259001E+03   0.0000000E+00   0.0000000E+00   0.0000000E+00   0.0000000E+00
   4.8379700E+00   2.8244243E+03   2.8244243E+03   2.3619857E-05   -2.4546242E-07   1.3184478E-04   2.8132716E+03   2.8244243E+03   2.6678522E+03   0.0000000E+00   0.0000000E+00   0.0000000E+00   0.0000000E+00
   5.1989204E+00   2.4894933E+03   2.4894933E+03   1.8026634E-05   -1.8724066E-07   9.9352615E-05   2.4796632E+03   2.4894933E+03   2.3514882E+03   0.0000000E+00   0.0000000E+00   0.0000000E+00   0.0000000E+00
   5.5868006E+00   2.1936601E+03   2.1936601E+03   1.3755073E-05   -1.4277344E-07   7.1930639E-05   2.1849981E+03   2.1936601E+03   2.0720545E+03   0.0000000E+00   0.0000000E+00   0.0000000E+00   0.0000000E+00
   6.0036197E+00   1.9324506E+03   1.9324506E+03   1.0494208E-05   -1.0882533E-07   5.8925139E-05   1.9248200E+03   1.9324506E+03   1.8253251E+03   0.0000000E+00   0.0000000E+00   0.0000000E+00   0.0000000E+00
   6.4515367E+00   1.7018896E+03   1.7018896E+03   7.9989030E-06   -8.2916331E-08   4.0714551E-05   1.6951693E+03   1.7018896E+03   1.6075452E+03   0.0000000E+00   0.0000000E+00   0.0000000E+00   0.0000000E+00
   6.9328718E+00   1.4984469E+03   1.4984469E+03   6.1015764E-06   -6.3150418E-08   3.4293181E-05   1.4925300E+03   1.4984469E+03   1.4153804E+03   0.0000000E+00   0.0000000E+00   0.0000000E+00   0.0000000E+00
   7.4501183E+00   1.3189895E+03   1.3189895E+03   4.6511811E-06   -4.8075508E-08   2.4016012E-05   1.3137812E+03   1.3189895E+03   1.2458712E+03   0.0000000E+00   0.0000000E+00   0.0000000E+00   0.0000000E+00
   8.0059555E+00   1.1607379E+03   1.1607379E+03   3.5444095E-06   -3.6583278E-08   2.1262525E-05   1.1561545E+03   1.1607379E+03   1.0963923E+03   0.0000000E+00   0.0000000E+00   0.0000000E+00   0.0000000E+00
   8.6032624E+00   1.0212276E+03   1.0212276E+03   2.6995927E-06   -2.7824926E-08   1.6611486E-05   1.0171951E+03   1.0212276E+03   9.6461579E+02   0.0000000E+00   0.0000000E+00   0.0000000E+00   0.0000000E+00
   9.2451332E+00   8.9827464E+02   8.9827464E+02   2.0569631E-06   -2.1152811E-08   1.2502273E-05   8.9472765E+02   8.9827464E+02   8.4847874E+02   0.0000000E+00   0.0000000E+00   0.0000000E+00   0.0000000E+00
   9.9348925E+00   7.8994428E+02   7.8994428E+02   1.5664955E-06   -1.6071930E-08   8.1432483E-06   7.8682505E+02   7.8994428E+02   7.4615368E+02   0.0000000E+00   0.0000000E+00   0.0000000E+00   0.0000000E+00
   1.0676113E+01   6.9452343E+02   6.9452343E+02   1.1927108E-06   -1.2204417E-08   6.0026220E-06   6.9178098E+02   6.9452343E+02   6.5602248E+02   0.0000000E+00   0.0000000E+00   0.0000000E+00   0.0000000E+00
