#           k/h    CDM            baryon         photon         nu             mass_nu        total          no_nu          total_de       Weyl           v_CDM          v_b            v_b-v_c     
   1.0675250E-05   8.1565427E+06   8.1565427E+06   1.0872970E+07   1.3589395E+05   1.3407306E+06   8.1566069E+06   8.1565427E+06   6.6396022E+06   0.0000000E+00   0.0000000E+00   0.0000000E+00   0.0000000E+00
   1.1471707E-05   8.1565400E+06   8.1565400E+06   1.0872592E+07   1.3589256E+05   1.3407123E+06   8.1566041E+06   8.1565400E+06   6.6395998E+06   0.0000000E+00   0.0000000E+00   0.0000000E+00   0.0000000E+00
   1.2327586E-05   8.1565369E+06   8.1565369E+06   1.0872156E+07   1.3589094E+05   1.3406912E+06   8.1566009E+06   8.1565369E+06   6.6395971E+06   0.0000000E+00   0.0000000E+00   0.0000000E+00   0.0000000E+00
   1.3247320E-05   8.1565333E+06   8.1565333E+06   1.0871651E+07   1.3588908E+05   1.3406669E+06   8.1565972E+06   8.1565333E+06   6.6395939E+06   0.0000000E+00   0.0000000E+00   0.0000000E+00   0.0000000E+00
   1.4235674E-05   8.1565291E+06   8.1565291E+06   1.0871069E+07   1.3588693E+05   1.3406387E+06   8.1565929E+06   8.1565291E+06   6.6395903E+06   0.0000000E+00   0.0000000E+00   0.0000000E+00   0.0000000E+00
   1.5297767E-05   8.1565244E+06   8.1565244E+06   1.0870397E+07   1.3588444E+05   1.3406063E+06   8.1565880E+06   8.1565244E+06   6.6395861E+06   0.0000000E+00   0.0000000E+00   0.0000000E+00   0.0000000E+00
   1.6439100E-05   8.1565188E+06   8.1565188E+06   1.0869621E+07   1.3588157E+05   1.3405688E+06   8.1565823E+06   8.1565188E+06   6.6395813E+06   0.0000000E+00   0.0000000E+00   0.0000000E+00   0.0000000E+00
   1.7665586E-05   8.1565125E+06   8.1565125E+06   1.0868724E+07   1.3587825E+05   1.3405254E+06   8.1565757E+06   8.1565125E+06   6.6395757E+06   0.0000000E+00   0.0000000E+00   0.0000000E+00   0.0000000E+00
   1.8983577E-05   8.1565051E+06   8.1565051E+06   1.0867689E+07   1.3587443E+05   1.3404754E+06   8.1565681E+06   8.1565051E+06   6.6395692E+06   0.0000000E+00   0.0000000E+00   0.0000000E+00   0.0000000E+00
   2.0399900E-05   8.1564966E+06   8.1564966E+06   1.0866494E+07   1.3587001E+05   1.3404177E+06   8.1565593E+06   8.1564966E+06   6.6395617E+06   0.0000000E+00   0.0000000E+00   0.0000000E+00   0.0000000E+00
   2.1921892E-05   8.1564868E+06   8.1564868E+06   1.0865114E+07   1.3586490E+05   1.3403510E+06   8.1565492E+06   8.1564868E+06   6.6395531E+06   0.0000000E+00   0.0000000E+00   0.0000000E+00   0.0000000E+00
   2.3557437E-05   8.1564755E+06   8.1564755E+06   1.0863521E+07   1.3585901E+05   1.3402740E+06   8.1565375E+06   8.1564755E+06   6.6395432E+06   0.0000000E+00   0.0000000E+00   0.0000000E+00   0.0000000E+00
   2.5315006E-05   8.1564624E+06   8.1564624E+06   1.0861682E+07   1.3585220E+05   1.3401850E+06   8.1565240E+06   8.1564624E+06   6.6395317E+06   0.0000000E+00   0.0000000E+00   0.0000000E+00   0.0000000E+00
   2.7203704E-05   8.1564473E+06   8.1564473E+06   1.0859558E+07   1.3584435E+05   1.3400824E+06   8.1565084E+06   8.1564473E+06   6.6395184E+06   0.0000000E+00   0.0000000E+00   0.0000000E+00   0.0000000E+00
   2.9233313E-05   8.1564298E+06   8.1564298E+06   1.0857106E+07   1.3583527E+05   1.3399638E+06   8.1564903E+06   8.1564298E+06   6.6395031E+06   0.0000000E+00   0.0000000E+00   0.0000000E+00   0.0000000E+00
   3.1414347E-05   8.1564097E+06   8.1564097E+06   1.0854275E+07   1.3582479E+05   1.3398269E+06   8.1564695E+06   8.1564097E+06   6.6394854E+06   0.0000000E+00   0.0000000E+00   0.0000000E+00   0.0000000E+00
   3.3758104E-05   8.1563864E+06   8.1563864E+06   1.0851006E+07   1.3581270E+05   1.3396689E+06   8.1564455E+06   8.1563864E+06   6.6394650E+06   0.0000000E+00   0.0000000E+00   0.0000000E+00   0.0000000E+00
   3.6276722E-05   8.1563596E+06   8.1563596E+06   1.0847233E+07   1.3579873E+05   1.3394864E+06   8.1564178E+06   8.1563596E+06   6.6394414E+06   0.0000000E+00   0.0000000E+00   0.0000000E+00   0.0000000E+00
   3.8983250E-05   8.1563286E+06   8.1563286E+06   1.0842878E+07   1.3578260E+05   1.3392757E+06   8.1563857E+06   8.1563286E+06   6.6394142E+06   0.0000000E+00   0.0000000E+00   0.0000000E+00   0.0000000E+00
   4.1891705E-05   8.1562928E+06   8.1562928E+06   1.0837850E+07   1.3576398E+05   1.3390324E+06   8.1563487E+06   8.1562928E+06   6.6393828E+06   0.0000000E+00   0.0000000E+00   0.0000000E+00   0.0000000E+00
   4.5017155E-05   8.1562514E+06   8.1562514E+06   1.0832047E+07   1.3574249E+05   1.3387516E+06   8.1563060E+06   8.1562514E+06   6.6393465E+06   0.0000000E+00   0.0000000E+00   0.0000000E+00   0.0000000E+00
   4.8375787E-05   8.1562037E+06   8.1562037E+06   1.0825350E+07   1.3571767E+05   1.3384274E+06   8.1562567E+06   8.1562037E+06   6.6393046E+06   0.0000000E+00   0.0000000E+00   0.0000000E+00   0.0000000E+00
   5.1984999E-05   8.1561486E+06   8.1561486E+06   1.0817620E+07   1.3568902E+05   1.3380532E+06   8.1561998E+06   8.1561486E+06   6.6392562E+06   0.0000000E+00   0.0000000E+00   0.0000000E+00   0.0000000E+00
   5.5863487E-05   8.1560849E+06   8.1560849E+06   1.0808702E+07   1.3565594E+05   1.3376212E+06   8.1561340E+06   8.1560849E+06   6.6392003E+06   0.0000000E+00   0.0000000E+00   0.0000000E+00   0.0000000E+00
   6.0031341E-05   8.1560115E+06   8.1560115E+06   1.0798411E+07   1.3561776E+05   1.3371226E+06   8.1560581E+06   8.1560115E+06   6.6391359E+06   0.0000000E+00   0.0000000E+00   0.0000000E+00   0.0000000E+00
   6.4510148E-05   8.1559267E+06   8.1559267E+06   1.0786540E+07   1.3557369E+05   1.3365471E+06   8.1559705E+06   8.1559267E+06   6.6390614E+06   0.0000000E+00   0.0000000E+00   0.0000000E+00   0.0000000E+00
   6.9323111E-05   8.1558288E+06   8.1558288E+06   1.0772846E+07   1.3552282E+05   1.3358830E+06   8.1558694E+06   8.1558288E+06   6.6389755E+06   0.0000000E+00   0.0000000E+00   0.0000000E+00   0.0000000E+00
   7.4495157E-05   8.1557158E+06   8.1557158E+06   1.0757054E+07   1.3546411E+05   1.3351166E+06   8.1557526E+06   8.1557158E+06   6.6388763E+06   0.0000000E+00   0.0000000E+00   0.0000000E+00   0.0000000E+00
   8.0053079E-05   8.1555853E+06   8.1555853E+06   1.0738845E+07   1.3539636E+05   1.3342324E+06   8.1556178E+06   8.1555853E+06   6.6387618E+06   0.0000000E+00   0.0000000E+00   0.0000000E+00   0.0000000E+00
   8.6025666E-05   8.1554347E+06   8.1554347E+06   1.0717855E+07   1.3531819E+05   1.3332122E+06   8.1554623E+06   8.1554347E+06   6.6386297E+06   0.0000000E+00   0.0000000E+00   0.0000000E+00   0.0000000E+00
   9.2443854E-05   8.1552609E+06   8.1552609E+06   1.0693665E+07   1.3522799E+05   1.3320355E+06   8.1552827E+06   8.1552609E+06   6.6384772E+06   0.0000000E+00   0.0000000E+00   0.0000000E+00   0.0000000E+00
   9.9340889E-05   8.1550604E+06   8.1550604E+06   1.0665797E+07   1.3512394E+05   1.3306784E+06   8.1550755E+06   8.1550604E+06   6.6383012E+06   0.0000000E+00   0.0000000E+00   0.0000000E+00   0.0000000E+00
   1.0675250E-04   8.1548290E+06   8.1548290E+06   1.0633702E+07   1.3500393E+05   1.3291136E+06   8.1548364E+06   8.1548290E+06   6.6380982E+06   0.0000000E+00   0.0000000E+00   0.0000000E+00   0.0000000E+00
   1.1471707E-04   8.1545619E+06   8.1545619E+06   1.0596755E+07   1.3486553E+05   1.3273097E+06   8.1545606E+06   8.1545619E+06   6.6378640E+06   0.0000000E+00   0.0000000E+00   0.0000000E+00   0.0000000E+00
   1.2327586E-04   8.1542539E+06   8.1542539E+06   1.0554244E+07   1.3470597E+05   1.3252307E+06   8.1542423E+06   8.1542539E+06   6.6375939E+06   0.0000000E+00   0.0000000E+00   0.0000000E+00   0.0000000E+00
   1.3247320E-04   8.1538986E+06   8.1538986E+06   1.0505357E+07   1.3452204E+05   1.3228353E+06   8.1538752E+06   8.1538986E+06   6.6372823E+06   0.0000000E+00   0.0000000E+00   0.0000000E+00   0.0000000E+00
   1.4235674E-04   8.1534888E+06   8.1534888E+06   1.0449175E+07   1.3431009E+05   1.3200766E+06   8.1534519E+06   8.1534888E+06   6.6369231E+06   0.0000000E+00   0.0000000E+00   0.0000000E+00   0.0000000E+00
   1.5297767E-04   8.1530163E+06   8.1530163E+06   1.0384658E+07   1.3406593E+05   1.3169005E+06   8.1529637E+06   8.1530163E+06   6.6365090E+06   0.0000000E+00   0.0000000E+00   0.0000000E+00   0.0000000E+00
   1.6439100E-04   8.1524717E+06   8.1524717E+06   1.0310634E+07   1.3378476E+05   1.3132458E+06   8.1524010E+06   8.1524717E+06   6.6360318E+06   0.0000000E+00   0.0000000E+00   0.0000000E+00   0.0000000E+00
   1.7665586E-04   8.1518440E+06   8.1518440E+06   1.0225787E+07   1.3346113E+05   1.3090425E+06   8.1517525E+06   8.1518440E+06   6.6354820E+06   0.0000000E+00   0.0000000E+00   0.0000000E+00   0.0000000E+00
   1.8983577E-04   8.1511209E+06   8.1511209E+06   1.0128647E+07   1.3308881E+05   1.3042113E+06   8.1510054E+06   8.1511209E+06   6.6348488E+06   0.0000000E+00   0.0000000E+00   0.0000000E+00   0.0000000E+00
   2.0399900E-04   8.1502880E+06   8.1502880E+06   1.0017583E+07   1.3266070E+05   1.2986625E+06   8.1501449E+06   8.1502880E+06   6.6341199E+06   0.0000000E+00   0.0000000E+00   0.0000000E+00   0.0000000E+00
   2.1921892E-04   8.1493293E+06   8.1493293E+06   9.8907963E+06   1.3216880E+05   1.2922949E+06   8.1491543E+06   8.1493293E+06   6.6332811E+06   0.0000000E+00   0.0000000E+00   0.0000000E+00   0.0000000E+00
   2.3557437E-04   8.1482261E+06   8.1482261E+06   9.7463218E+06   1.3160401E+05   1.2849946E+06   8.1480145E+06   8.1482261E+06   6.6323166E+06   0.0000000E+00   0.0000000E+00   0.0000000E+00   0.0000000E+00
   2.5315006E-04   8.1469574E+06   8.1469574E+06   9.5820352E+06   1.3095612E+05   1.2766342E+06   8.1467037E+06   8.1469574E+06   6.6312081E+06   0.0000000E+00   0.0000000E+00   0.0000000E+00   0.0000000E+00
   2.7203704E-04   8.1454993E+06   8.1454993E+06   9.3956712E+06   1.3021365E+05   1.2670722E+06   8.1451970E+06   8.1454993E+06   6.6299350E+06   0.0000000E+00   0.0000000E+00   0.0000000E+00   0.0000000E+00
   2.9233313E-04   8.1438246E+06   8.1438246E+06   9.1848555E+06   1.2936381E+05   1.2561520E+06   8.1434667E+06   8.1438246E+06   6.6284741E+06   0.0000000E+00   0.0000000E+00   0.0000000E+00   0.0000000E+00
   3.1414347E-04   8.1419029E+06   8.1419029E+06   8.9471557E+06   1.2839238E+05   1.2437020E+06   8.1414810E+06   8.1419029E+06   6.6267993E+06   0.0000000E+00   0.0000000E+00   0.0000000E+00   0.0000000E+00
   3.3758104E-04   8.1396998E+06   8.1396998E+06   8.6801557E+06   1.2728369E+05   1.2295355E+06   8.1392045E+06   8.1396998E+06   6.6248814E+06   0.0000000E+00   0.0000000E+00   0.0000000E+00   0.0000000E+00
   3.6276722E-04   8.1371767E+06   8.1371767E+06   8.3815605E+06   1.2602062E+05   1.2134524E+06   8.1365972E+06   8.1371767E+06   6.6226878E+06   0.0000000E+00   0.0000000E+00   0.0000000E+00   0.0000000E+00
   3.8983250E-04   8.1342908E+06   8.1342908E+06   8.0493375E+06   1.2458466E+05   1.1952408E+06   8.1336150E+06   8.1342908E+06   6.6201825E+06   0.0000000E+00   0.0000000E+00   0.0000000E+00   0.0000000E+00
   4.1891705E-04   8.1309946E+06   8.1309946E+06   7.6818994E+06   1.2295600E+05   1.1746805E+06   8.1302086E+06   8.1309946E+06   6.6173258E+06   0.0000000E+00   0.0000000E+00   0.0000000E+00   0.0000000E+00
   4.5017155E-04   8.1272357E+06   8.1272357E+06   7.2783355E+06   1.2111382E+05   1.1515485E+06   8.1263240E+06   8.1272357E+06   6.6140744E+06   0.0000000E+00   0.0000000E+00   0.0000000E+00   0.0000000E+00
   4.8375787E-04   8.1229570E+06   8.1229570E+06   6.8386913E+06   1.1903666E+05   1.1256255E+06   8.1219020E+06   8.1229570E+06   6.6103816E+06   0.0000000E+00   0.0000000E+00   0.0000000E+00   0.0000000E+00
   5.1984999E-04   8.1180967E+06   8.1180967E+06   6.3642924E+06   1.1670295E+05   1.0967062E+06   8.1168788E+06   8.1180967E+06   6.6061974E+06   0.0000000E+00   0.0000000E+00   0.0000000E+00   0.0000000E+00
   5.5863487E-04   8.1125885E+06   8.1125885E+06   5.8581010E+06   1.1409176E+05   1.0646111E+06   8.1111857E+06   8.1125885E+06   6.6014689E+06   0.0000000E+00   0.0000000E+00   0.0000000E+00   0.0000000E+00
   6.0031341E-04   8.1063625E+06   8.1063625E+06   5.3250765E+06   1.1118381E+05   1.0292025E+06   8.1047504E+06   8.1063625E+06   6.5961413E+06   0.0000000E+00   0.0000000E+00   0.0000000E+00   0.0000000E+00
   6.4510148E-04   8.0993455E+06   8.0993455E+06   4.7724946E+06   1.0796272E+05   9.9040197E+05   8.0974974E+06   8.0993455E+06   6.5901586E+06   0.0000000E+00   0.0000000E+00   0.0000000E+00   0.0000000E+00
   6.9323111E-04   8.0914628E+06   8.0914628E+06   4.2101575E+06   1.0441649E+05   9.4821140E+05   8.0893493E+06   8.0914628E+06   6.5834651E+06   0.0000000E+00   0.0000000E+00   0.0000000E+00   0.0000000E+00
   7.4495157E-04   8.0826392E+06   8.0826392E+06   3.6503977E+06   1.0053927E+05   9.0273451E+05   8.0802286E+06   8.0826392E+06   6.5760064E+06   0.0000000E+00   0.0000000E+00   0.0000000E+00   0.0000000E+00
   8.0053079E-04   8.0728012E+06   8.0728012E+06   3.1077597E+06   9.6333262E+04   8.5419807E+05   8.0700594E+06   8.0728012E+06   6.5677315E+06   0.0000000E+00   0.0000000E+00   0.0000000E+00   0.0000000E+00
   8.6025666E-04   8.0618785E+06   8.0618785E+06   2.5982321E+06   9.1810614E+04   8.0296945E+05   8.0587696E+06   8.0618785E+06   6.5585940E+06   0.0000000E+00   0.0000000E+00   0.0000000E+00   0.0000000E+00
   9.2443854E-04   8.0498062E+06   8.0498062E+06   2.1379239E+06   8.6995202E+04   7.4956710E+05   8.0462928E+06   8.0498062E+06   6.5485536E+06   0.0000000E+00   0.0000000E+00   0.0000000E+00   0.0000000E+00
   9.9340889E-04   8.0365266E+06   8.0365266E+06   1.7411514E+06   8.1923866E+04   6.9465930E+05   8.0325705E+06   8.0365266E+06   6.5375772E+06   0.0000000E+00   0.0000000E+00   0.0000000E+00   0.0000000E+00
   1.0675250E-03   8.0219900E+06   8.0219900E+06   1.4180503E+06   7.6646865E+04   6.3904691E+05   8.0175532E+06   8.0219900E+06   6.5256381E+06   0.0000000E+00   0.0000000E+00   0.0000000E+00   0.0000000E+00
   1.1471707E-03   8.0061550E+06   8.0061550E+06   1.1720580E+06   7.1227120E+04   5.8362691E+05   8.0012007E+06   8.0061550E+06   6.5127155E+06   0.0000000E+00   0.0000000E+00   0.0000000E+00   0.0000000E+00
   1.2327586E-03   7.9889869E+06   7.9889869E+06   9.9790965E+05   6.5737977E+04   5.2933589E+05   7.9834808E+06   7.9889869E+06   6.4987908E+06   0.0000000E+00   0.0000000E+00   0.0000000E+00   0.0000000E+00
   1.3247320E-03   7.9704548E+06   7.9704548E+06   8.8105971E+05   6.0259370E+04   4.7707750E+05   7.9643668E+06   7.9704548E+06   6.4838437E+06   0.0000000E+00   0.0000000E+00   0.0000000E+00   0.0000000E+00
   1.4235674E-03   7.9505269E+06   7.9505269E+06   7.9950916E+05   5.4872623E+04   4.2764303E+05   7.9438322E+06   7.9505269E+06   6.4678458E+06   0.0000000E+00   0.0000000E+00   0.0000000E+00   0.0000000E+00
   1.5297767E-03   7.9291646E+06   7.9291646E+06   7.2862066E+05   4.9654521E+04   3.8163922E+05   7.9218454E+06   7.9291646E+06   6.4507557E+06   0.0000000E+00   0.0000000E+00   0.0000000E+00   0.0000000E+00
   1.6439100E-03   7.9063167E+06   7.9063167E+06   6.4841109E+05   4.4671704E+04   3.3943946E+05   7.8983626E+06   7.9063167E+06   6.4325132E+06   0.0000000E+00   0.0000000E+00   0.0000000E+00   0.0000000E+00
   1.7665586E-03   7.8819135E+06   7.8819135E+06   5.5106703E+05   3.9976578E+04   3.0117092E+05   7.8733223E+06   7.8819135E+06   6.4130376E+06   0.0000000E+00   0.0000000E+00   0.0000000E+00   0.0000000E+00
   1.8983577E-03   7.8558641E+06   7.8558641E+06   4.4472965E+05   3.5605613E+04   2.6674126E+05   7.8466411E+06   7.8558641E+06   6.3922281E+06   0.0000000E+00   0.0000000E+00   0.0000000E+00   0.0000000E+00
   2.0399900E-03   7.8280551E+06   7.8280551E+06   3.4947987E+05   3.1580047E+04   2.3589723E+05   7.8182116E+06   7.8280551E+06   6.3699683E+06   0.0000000E+00   0.0000000E+00   0.0000000E+00   0.0000000E+00
   2.1921892E-03   7.7983520E+06   7.7983520E+06   2.8474282E+05   2.7907992E+04   2.0830131E+05   7.7879031E+06   7.7983520E+06   6.3461301E+06   0.0000000E+00   0.0000000E+00   0.0000000E+00   0.0000000E+00
   2.3557437E-03   7.7666007E+06   7.7666007E+06   2.5418173E+05   2.4586434E+04   1.8361293E+05   7.7555622E+06   7.7666007E+06   6.3205768E+06   0.0000000E+00   0.0000000E+00   0.0000000E+00   0.0000000E+00
   2.5315006E-03   7.7326291E+06   7.7326291E+06   2.4035704E+05   2.1602481E+04   1.6156020E+05   7.7210145E+06   7.7326291E+06   6.2931620E+06   0.0000000E+00   0.0000000E+00   0.0000000E+00   0.0000000E+00
   2.7203704E-03   7.6962484E+06   7.6962484E+06   2.1837165E+05   1.8934953E+04   1.4197257E+05   7.6840675E+06   7.6962484E+06   6.2637280E+06   0.0000000E+00   0.0000000E+00   0.0000000E+00   0.0000000E+00
   2.9233313E-03   7.6572566E+06   7.6572566E+06   1.8031080E+05   1.6558152E+04   1.2473002E+05   7.6445145E+06   7.6572566E+06   6.2321056E+06   0.0000000E+00   0.0000000E+00   0.0000000E+00   0.0000000E+00
   3.1414347E-03   7.6154426E+06   7.6154426E+06   1.4335965E+05   1.4447219E+04   1.0963445E+05   7.6021412E+06   7.6154426E+06   6.1981196E+06   0.0000000E+00   0.0000000E+00   0.0000000E+00   0.0000000E+00
   3.3758104E-03   7.5705889E+06   7.5705889E+06   1.2491028E+05   1.2580728E+04   9.6344895E+04   7.5567293E+06   7.5705889E+06   6.1615937E+06   0.0000000E+00   0.0000000E+00   0.0000000E+00   0.0000000E+00
   3.6276722E-03   7.5224703E+06   7.5224703E+06   1.1496475E+05   1.0937674E+04   8.4542035E+04   7.5080555E+06   7.5224703E+06   6.1223499E+06   0.0000000E+00   0.0000000E+00   0.0000000E+00   0.0000000E+00
   3.8983250E-03   7.4708519E+06   7.4708519E+06   9.4554056E+04   9.4941560E+03   7.4145019E+04   7.4558888E+06   7.4708519E+06   6.0802044E+06   0.0000000E+00   0.0000000E+00   0.0000000E+00   0.0000000E+00
   4.1891705E-03   7.4154929E+06   7.4154929E+06   7.3817896E+04   8.2270873E+03   6.5129536E+04   7.3999931E+06   7.4154929E+06   6.0349683E+06   0.0000000E+00   0.0000000E+00   0.0000000E+00   0.0000000E+00
   4.5017155E-03   7.3561514E+06   7.3561514E+06   6.8741004E+04   7.1187871E+03   5.7191992E+04   7.3401327E+06   7.3561514E+06   5.9864537E+06   0.0000000E+00   0.0000000E+00   0.0000000E+00   0.0000000E+00
   4.8375787E-03   7.2925838E+06   7.2925838E+06   6.1721835E+04   6.1523904E+03   5.0097820E+04   7.2760726E+06   7.2925838E+06   5.9344735E+06   0.0000000E+00   0.0000000E+00   0.0000000E+00   0.0000000E+00
   5.1984999E-03   7.2245457E+06   7.2245457E+06   4.7750487E+04   5.3093140E+03   4.3966821E+04   7.2075771E+06   7.2245457E+06   5.8788391E+06   0.0000000E+00   0.0000000E+00   0.0000000E+00   0.0000000E+00
   5.5863487E-03   7.1517964E+06   7.1517964E+06   4.3816613E+04   4.5756526E+03   3.8599252E+04   7.1344089E+06   7.1517964E+06   5.8193609E+06   0.0000000E+00   0.0000000E+00   0.0000000E+00   0.0000000E+00
   6.0031341E-03   7.0740975E+06   7.0740975E+06   3.5770336E+04   3.9389313E+03   3.3813642E+04   7.0563236E+06   7.0740975E+06   5.7558431E+06   0.0000000E+00   0.0000000E+00   0.0000000E+00   0.0000000E+00
   6.4510148E-03   6.9912025E+06   6.9912025E+06   3.0574600E+04   3.3859772E+03   2.9699783E+04   6.9730688E+06   6.9912025E+06   5.6880829E+06   0.0000000E+00   0.0000000E+00   0.0000000E+00   0.0000000E+00
   6.9323111E-03   6.9028606E+06   6.9028606E+06   2.7321416E+04   2.9071740E+03   2.5965516E+04   6.8844029E+06   6.9028606E+06   5.6158863E+06   0.0000000E+00   0.0000000E+00   0.0000000E+00   0.0000000E+00
   7.4495157E-03   6.8088200E+06   6.8088200E+06   2.1997837E+04   2.4922728E+03   2.2785511E+04   6.7900922E+06   6.8088200E+06   5.5390651E+06   0.0000000E+00   0.0000000E+00   0.0000000E+00   0.0000000E+00
   8.0053079E-03   6.7088378E+06   6.7088378E+06   1.9103146E+04   2.1340243E+03   1.9917823E+04   6.6898935E+06   6.7088378E+06   5.4574234E+06   0.0000000E+00   0.0000000E+00   0.0000000E+00   0.0000000E+00
   8.6025666E-03   6.6026718E+06   6.6026718E+06   1.6758600E+04   1.8245213E+03   1.7456768E+04   6.5835534E+06   6.6026718E+06   5.3707566E+06   0.0000000E+00   0.0000000E+00   0.0000000E+00   0.0000000E+00
   9.2443854E-03   6.4900746E+06   6.4900746E+06   1.3142628E+04   1.5576433E+03   1.5233742E+04   6.4708313E+06   6.4900746E+06   5.2788701E+06   0.0000000E+00   0.0000000E+00   0.0000000E+00   0.0000000E+00
   9.9340889E-03   6.3707975E+06   6.3707975E+06   1.2058850E+04   1.3276962E+03   1.3296166E+04   6.3514873E+06   6.3707975E+06   5.1815701E+06   0.0000000E+00   0.0000000E+00   0.0000000E+00   0.0000000E+00
   1.0675250E-02   6.2446020E+06   6.2446020E+06   1.0289068E+04   1.1298014E+03   1.1612841E+04   6.2252790E+06   6.2446020E+06   5.0786601E+06   0.0000000E+00   0.0000000E+00   0.0000000E+00   0.0000000E+00
   1.1471707E-02   6.1112559E+06   6.1112559E+06   8.0854118E+03   9.5973803E+02   1.0111995E+04   6.0919752E+06   6.1112559E+06   4.9699527E+06   0.0000000E+00   0.0000000E+00   0.0000000E+00   0.0000000E+00
   1.2327586E-02   5.9705365E+06   5.9705365E+06   6.7851434E+03   8.1374456E+02   8.7820122E+03   5.9513582E+06   5.9705365E+06   4.8552715E+06   0.0000000E+00   0.0000000E+00   0.0000000E+00   0.0000000E+00
   1.3247320E-02   5.8222463E+06   5.8222463E+06   5.7411505E+03   6.8859611E+02   7.6139669E+03   5.8032286E+06   5.8222463E+06   4.7344548E+06   0.0000000E+00   0.0000000E+00   0.0000000E+00   0.0000000E+00
   1.4235674E-02   5.6662176E+06   5.6662176E+06   4.9097527E+03   5.8141211E+02   6.5905110E+03   5.6474175E+06   5.6662176E+06   4.6073657E+06   0.0000000E+00   0.0000000E+00   0.0000000E+00   0.0000000E+00
   1.5297767E-02   5.5023300E+06   5.5023300E+06   4.0570877E+03   4.8979106E+02   5.6952204E+03   5.4838093E+06   5.5023300E+06   4.4739105E+06   0.0000000E+00   0.0000000E+00   0.0000000E+00   0.0000000E+00
   1.6439100E-02   5.3305345E+06   5.3305345E+06   3.3857252E+03   4.1156732E+02   4.9106166E+03   5.3123500E+06   5.3305345E+06   4.3340458E+06   0.0000000E+00   0.0000000E+00   0.0000000E+00   0.0000000E+00
   1.7665586E-02   5.1508751E+06   5.1508751E+06   2.9202117E+03   3.4491805E+02   4.2249030E+03   5.1330854E+06   5.1508751E+06   4.1878096E+06   0.0000000E+00   0.0000000E+00   0.0000000E+00   0.0000000E+00
   1.8983577E-02   4.9635271E+06   4.9635271E+06   2.5528643E+03   2.8823537E+02   3.6131123E+03   4.9461882E+06   4.9635271E+06   4.0353433E+06   0.0000000E+00   0.0000000E+00   0.0000000E+00   0.0000000E+00
   2.0399899E-02   4.7688356E+06   4.7688356E+06   1.9864552E+03   2.4013429E+02   3.0806562E+03   4.7520014E+06   4.7688356E+06   3.8769270E+06   0.0000000E+00   0.0000000E+00   0.0000000E+00   0.0000000E+00
   2.1921883E-02   4.5673640E+06   4.5673640E+06   1.7366567E+03   1.9940543E+02   2.6255784E+03   4.5510855E+06   4.5673640E+06   3.7130185E+06   0.0000000E+00   0.0000000E+00   0.0000000E+00   0.0000000E+00
   2.3557387E-02   4.3599482E+06   4.3599482E+06   1.3513981E+03   1.6502663E+02   2.2215434E+03   4.3442712E+06   4.3599482E+06   3.5442959E+06   0.0000000E+00   0.0000000E+00   0.0000000E+00   0.0000000E+00
   2.5314761E-02   4.1477557E+06   4.1477557E+06   1.1677031E+03   1.3609995E+02   1.8725668E+03   4.1327208E+06   4.1477557E+06   3.3717075E+06   0.0000000E+00   0.0000000E+00   0.0000000E+00   0.0000000E+00
   2.7202674E-02   3.9323550E+06   3.9323550E+06   9.7481384E+02   1.1185372E+02   1.5753237E+03   3.9179956E+06   3.9323550E+06   3.1965277E+06   0.0000000E+00   0.0000000E+00   0.0000000E+00   0.0000000E+00
   2.9229513E-02   3.7157991E+06   3.7157991E+06   7.9620420E+02   9.1627228E+01   1.3189477E+03   3.7021393E+06   3.7157991E+06   3.0204237E+06   0.0000000E+00   0.0000000E+00   0.0000000E+00   0.0000000E+00
   3.1401948E-02   3.5007270E+06   3.5007270E+06   6.3743698E+02   7.4855266E+01   1.0995277E+03   3.4877793E+06   3.5007270E+06   2.8455395E+06   0.0000000E+00   0.0000000E+00   0.0000000E+00   0.0000000E+00
   3.3722072E-02   3.2904559E+06   3.2904559E+06   4.9645517E+02   6.1056406E+01   9.1649803E+02   3.2782189E+06   3.2904559E+06   2.6745703E+06   0.0000000E+00   0.0000000E+00   0.0000000E+00   0.0000000E+00
   3.6183055E-02   3.0889587E+06   3.0889587E+06   4.2849352E+02   4.9819084E+01   7.6345336E+02   3.0774142E+06   3.0889587E+06   2.5107439E+06   0.0000000E+00   0.0000000E+00   0.0000000E+00   0.0000000E+00
   3.8764765E-02   2.9005302E+06   2.9005302E+06   3.3105264E+02   4.0780414E+01   6.3574176E+02   2.8896424E+06   2.9005302E+06   2.3575498E+06   0.0000000E+00   0.0000000E+00   0.0000000E+00   0.0000000E+00
   4.1433133E-02   2.7289979E+06   2.7289979E+06   2.8904691E+02   3.3602497E+01   5.3288708E+02   2.7187146E+06   2.7289979E+06   2.2180977E+06   0.0000000E+00   0.0000000E+00   0.0000000E+00   0.0000000E+00
   4.4146668E-02   2.5766991E+06   2.5766991E+06   2.3344596E+02   2.7958120E+01   4.5182607E+02   2.5669573E+06   2.5766991E+06   2.0942857E+06   0.0000000E+00   0.0000000E+00   0.0000000E+00   0.0000000E+00
   4.6867939E-02   2.4438553E+06   2.4438553E+06   1.9108944E+02   2.3534745E+01   3.8489921E+02   2.4345892E+06   2.4438553E+06   1.9862923E+06   0.0000000E+00   0.0000000E+00   0.0000000E+00   0.0000000E+00
   4.9572460E-02   2.3287824E+06   2.3287824E+06   1.7133493E+02   2.0051612E+01   3.3226021E+02   2.3199307E+06   2.3287824E+06   1.8927473E+06   0.0000000E+00   0.0000000E+00   0.0000000E+00   0.0000000E+00
   5.2250272E-02   2.2286700E+06   2.2286700E+06   1.4365518E+02   1.7276641E+01   2.9059224E+02   2.2201807E+06   2.2286700E+06   1.8113654E+06   0.0000000E+00   0.0000000E+00   0.0000000E+00   0.0000000E+00
   5.4902299E-02   2.1403671E+06   2.1403671E+06   1.2331213E+02   1.5030587E+01   2.5483442E+02   2.1321990E+06   2.1403671E+06   1.7395848E+06   0.0000000E+00   0.0000000E+00   0.0000000E+00   0.0000000E+00
   5.7535662E-02   2.0608789E+06   2.0608789E+06   1.1233070E+02   1.3179871E+01   2.2616742E+02   2.0530013E+06   2.0608789E+06   1.6749706E+06   0.0000000E+00   0.0000000E+00   0.0000000E+00   0.0000000E+00
   6.0160172E-02   1.9875910E+06   1.9875910E+06   9.4643026E+01   1.1627916E+01   2.0147950E+02   1.9799825E+06   1.9875910E+06   1.6153975E+06   0.0000000E+00   0.0000000E+00   0.0000000E+00   0.0000000E+00
   6.2786313E-02   1.9183371E+06   1.9183371E+06   8.7122180E+01   1.0304944E+01   1.7971963E+02   1.9109841E+06   1.9183371E+06   1.5591045E+06   0.0000000E+00   0.0000000E+00   0.0000000E+00   0.0000000E+00
   6.5424251E-02   1.8514005E+06   1.8514005E+06   7.5973253E+01   9.1606943E+00   1.6171792E+02   1.8442958E+06   1.8514005E+06   1.5046960E+06   0.0000000E+00   0.0000000E+00   0.0000000E+00   0.0000000E+00
   6.8083455E-02   1.7854959E+06   1.7854959E+06   6.6750192E+01   8.1590655E+00   1.4449436E+02   1.7786368E+06   1.7854959E+06   1.4511274E+06   0.0000000E+00   0.0000000E+00   0.0000000E+00   0.0000000E+00
   7.0772608E-02   1.7197485E+06   1.7197485E+06   6.2439783E+01   7.2737558E+00   1.3013174E+02   1.7131356E+06   1.7197485E+06   1.3976874E+06   0.0000000E+00   0.0000000E+00   0.0000000E+00   0.0000000E+00
   7.3499653E-02   1.6536740E+06   1.6536740E+06   5.2810330E+01   6.4858746E+00   1.1707288E+02   1.6473095E+06   1.6536740E+06   1.3439824E+06   0.0000000E+00   0.0000000E+00   0.0000000E+00   0.0000000E+00
   7.6271894E-02   1.5871561E+06   1.5871561E+06   4.6932789E+01   5.7816183E+00   1.0455798E+02   1.5810426E+06   1.5871561E+06   1.2899176E+06   0.0000000E+00   0.0000000E+00   0.0000000E+00   0.0000000E+00
   7.9096100E-02   1.5204152E+06   1.5204152E+06   4.3662049E+01   5.1508840E+00   9.3721762E+01   1.5145544E+06   1.5204152E+06   1.2356723E+06   0.0000000E+00   0.0000000E+00   0.0000000E+00   0.0000000E+00
   8.1978613E-02   1.4539658E+06   1.4539658E+06   3.9257759E+01   4.5862087E+00   8.4205333E+01   1.4483571E+06   1.4539658E+06   1.1816644E+06   0.0000000E+00   0.0000000E+00   0.0000000E+00   0.0000000E+00
   8.4925434E-02   1.3885551E+06   1.3885551E+06   3.4598224E+01   4.0818746E+00   7.5512233E+01   1.3831952E+06   1.3885551E+06   1.1285011E+06   0.0000000E+00   0.0000000E+00   0.0000000E+00   0.0000000E+00
   8.7942302E-02   1.3250838E+06   1.3250838E+06   3.0654179E+01   3.6331912E+00   6.7600231E+01   1.3199658E+06   1.3250838E+06   1.0769145E+06   0.0000000E+00   0.0000000E+00   0.0000000E+00   0.0000000E+00
   9.1034757E-02   1.2645086E+06   1.2645086E+06   2.7440531E+01   3.2360095E+00   6.0492797E+01   1.2596218E+06   1.2645086E+06   1.0276819E+06   0.0000000E+00   0.0000000E+00   0.0000000E+00   0.0000000E+00
   9.4208195E-02   1.2077300E+06   1.2077300E+06   2.4528570E+01   2.8863525E+00   5.4114342E+01   1.2030601E+06   1.2077300E+06   9.8153527E+05   0.0000000E+00   0.0000000E+00   0.0000000E+00   0.0000000E+00
   9.7467908E-02   1.1554749E+06   1.1554749E+06   2.1330312E+01   2.5800903E+00   4.8523523E+01   1.1510048E+06   1.1554749E+06   9.3906526E+05   0.0000000E+00   0.0000000E+00   0.0000000E+00   0.0000000E+00
   1.0081912E-01   1.1081854E+06   1.1081854E+06   1.8713466E+01   2.3128714E+00   4.3902975E+01   1.1038962E+06   1.1081854E+06   9.0063100E+05   0.0000000E+00   0.0000000E+00   0.0000000E+00   0.0000000E+00
   1.0426702E-01   1.0659277E+06   1.0659277E+06   1.7673023E+01   2.0800398E+00   3.9662634E+01   1.0618003E+06   1.0659277E+06   8.6628643E+05   0.0000000E+00   0.0000000E+00   0.0000000E+00   0.0000000E+00
   1.0781678E-01   1.0283407E+06   1.0283407E+06   1.5178321E+01   1.8767399E+00   3.5872477E+01   1.0243572E+06   1.0283407E+06   8.3573790E+05   0.0000000E+00   0.0000000E+00   0.0000000E+00   0.0000000E+00
   1.1147358E-01   9.9463667E+05   9.9463667E+05   1.4443115E+01   1.6980526E+00   3.2651552E+01   9.9078218E+05   9.9463667E+05   8.0834525E+05   0.0000000E+00   0.0000000E+00   0.0000000E+00   0.0000000E+00
   1.1524260E-01   9.6366849E+05   9.6366849E+05   1.2690623E+01   1.5392847E+00   2.9833422E+01   9.5993264E+05   9.6366849E+05   7.8317620E+05   0.0000000E+00   0.0000000E+00   0.0000000E+00   0.0000000E+00
   1.1912909E-01   9.3406466E+05   9.3406466E+05   1.1313750E+01   1.3962004E+00   2.7123583E+01   9.3044232E+05   9.3406466E+05   7.5911608E+05   0.0000000E+00   0.0000000E+00   0.0000000E+00   0.0000000E+00
   1.2313829E-01   9.0442364E+05   9.0442364E+05   1.0249967E+01   1.2652815E+00   2.4667455E+01   9.0091511E+05   9.0442364E+05   7.3502587E+05   0.0000000E+00   0.0000000E+00   0.0000000E+00   0.0000000E+00
   1.2727552E-01   8.7354364E+05   8.7354364E+05   9.3056271E+00   1.1439350E+00   2.2431763E+01   8.7015385E+05   8.7354364E+05   7.0992883E+05   0.0000000E+00   0.0000000E+00   0.0000000E+00   0.0000000E+00
   1.3154615E-01   8.4064935E+05   8.4064935E+05   8.6073252E+00   1.0305863E+00   2.0315043E+01   8.3738626E+05   8.4064935E+05   6.8319489E+05   0.0000000E+00   0.0000000E+00   0.0000000E+00   0.0000000E+00
   1.3595562E-01   8.0556710E+05   8.0556710E+05   7.7497133E+00   9.2462691E-01   1.8192312E+01   8.0243933E+05   8.0556710E+05   6.5468290E+05   0.0000000E+00   0.0000000E+00   0.0000000E+00   0.0000000E+00
   1.4050940E-01   7.6879808E+05   7.6879808E+05   6.7487290E+00   8.2623735E-01   1.6405873E+01   7.6581231E+05   7.6879808E+05   6.2480018E+05   0.0000000E+00   0.0000000E+00   0.0000000E+00   0.0000000E+00
   1.4521307E-01   7.3145089E+05   7.3145089E+05   6.0810362E+00   7.3608459E-01   1.4584284E+01   7.2860947E+05   7.3145089E+05   5.9444766E+05   0.0000000E+00   0.0000000E+00   0.0000000E+00   0.0000000E+00
   1.5007225E-01   6.9502123E+05   6.9502123E+05   5.5244862E+00   6.5493708E-01   1.3056644E+01   6.9232070E+05   6.9502123E+05   5.6484091E+05   0.0000000E+00   0.0000000E+00   0.0000000E+00   0.0000000E+00
   1.5509268E-01   6.6104578E+05   6.6104578E+05   4.9186181E+00   5.8329706E-01   1.1684273E+01   6.5847671E+05   6.6104578E+05   5.3722876E+05   0.0000000E+00   0.0000000E+00   0.0000000E+00   0.0000000E+00
   1.6028015E-01   6.3070152E+05   6.3070152E+05   4.3813340E+00   5.2110622E-01   1.0451104E+01   6.2824989E+05   6.3070152E+05   5.1256773E+05   0.0000000E+00   0.0000000E+00   0.0000000E+00   0.0000000E+00
   1.6564058E-01   6.0445729E+05   6.0445729E+05   3.8201015E+00   4.6762277E-01   9.4044669E+00   6.0210721E+05   6.0445729E+05   4.9123882E+05   0.0000000E+00   0.0000000E+00   0.0000000E+00   0.0000000E+00
   1.7117997E-01   5.8189479E+05   5.8189479E+05   3.5177194E+00   4.2148967E-01   8.5466316E+00   5.7963203E+05   5.8189479E+05   4.7290209E+05   0.0000000E+00   0.0000000E+00   0.0000000E+00   0.0000000E+00
   1.7690447E-01   5.6178787E+05   5.6178787E+05   3.0996833E+00   3.8099524E-01   7.7284093E+00   5.5960292E+05   5.6178787E+05   4.5656103E+05   0.0000000E+00   0.0000000E+00   0.0000000E+00   0.0000000E+00
   1.8282036E-01   5.4245738E+05   5.4245738E+05   2.8319196E+00   3.4444640E-01   6.9927907E+00   5.4034728E+05   5.4245738E+05   4.4085101E+05   0.0000000E+00   0.0000000E+00   0.0000000E+00   0.0000000E+00
   1.8893407E-01   5.2231922E+05   5.2231922E+05   2.5514836E+00   3.1053766E-01   6.3257448E+00   5.2028714E+05   5.2231922E+05   4.2448463E+05   0.0000000E+00   0.0000000E+00   0.0000000E+00   0.0000000E+00
   1.9525222E-01   5.0044740E+05   5.0044740E+05   2.2725902E+00   2.7859753E-01   5.7090580E+00   4.9850013E+05   5.0044740E+05   4.0670936E+05   0.0000000E+00   0.0000000E+00   0.0000000E+00   0.0000000E+00
   2.0178167E-01   4.7692873E+05   4.7692873E+05   2.0832925E+00   2.4861631E-01   5.1102588E+00   4.7507273E+05   4.7692873E+05   3.8759574E+05   0.0000000E+00   0.0000000E+00   0.0000000E+00   0.0000000E+00
   2.0852949E-01   4.5282951E+05   4.5282951E+05   1.8105467E+00   2.2104285E-01   4.5615820E+00   4.5106707E+05   4.5282951E+05   3.6801034E+05   0.0000000E+00   0.0000000E+00   0.0000000E+00   0.0000000E+00
   2.1550307E-01   4.2973675E+05   4.2973675E+05   1.6044552E+00   1.9642890E-01   4.0565411E+00   4.2806399E+05   4.2973675E+05   3.4924291E+05   0.0000000E+00   0.0000000E+00   0.0000000E+00   0.0000000E+00
   2.2271012E-01   4.0903509E+05   4.0903509E+05   1.4351237E+00   1.7506819E-01   3.6310930E+00   4.0744273E+05   4.0903509E+05   3.3241872E+05   0.0000000E+00   0.0000000E+00   0.0000000E+00   0.0000000E+00
   2.3015876E-01   3.9124415E+05   3.9124415E+05   1.3081992E+00   1.5678898E-01   3.2576090E+00   3.8972089E+05   3.9124415E+05   3.1796007E+05   0.0000000E+00   0.0000000E+00   0.0000000E+00   0.0000000E+00
   2.3785753E-01   3.7576631E+05   3.7576631E+05   1.1538827E+00   1.4099062E-01   2.9355262E+00   3.7430316E+05   3.7576631E+05   3.0538128E+05   0.0000000E+00   0.0000000E+00   0.0000000E+00   0.0000000E+00
   2.4581554E-01   3.6122279E+05   3.6122279E+05   1.0432773E+00   1.2689535E-01   2.6433877E+00   3.5981614E+05   3.6122279E+05   2.9356181E+05   0.0000000E+00   0.0000000E+00   0.0000000E+00   0.0000000E+00
   2.5404246E-01   3.4623755E+05   3.4623755E+05   9.3361918E-01   1.1388001E-01   2.3813763E+00   3.4488914E+05   3.4623755E+05   2.8138338E+05   0.0000000E+00   0.0000000E+00   0.0000000E+00   0.0000000E+00
   2.6254870E-01   3.3023088E+05   3.3023088E+05   8.4482555E-01   1.0169447E-01   2.1358559E+00   3.2894470E+05   3.3023088E+05   2.6837485E+05   0.0000000E+00   0.0000000E+00   0.0000000E+00   0.0000000E+00
   2.7134545E-01   3.1371836E+05   3.1371836E+05   7.4273932E-01   9.0452012E-02   1.9019340E+00   3.1249640E+05   3.1371836E+05   2.5495524E+05   0.0000000E+00   0.0000000E+00   0.0000000E+00   0.0000000E+00
   2.8044485E-01   2.9788535E+05   2.9788535E+05   6.6008627E-01   8.0407745E-02   1.6936773E+00   2.9672498E+05   2.9788535E+05   2.4208787E+05   0.0000000E+00   0.0000000E+00   0.0000000E+00   0.0000000E+00
   2.8986010E-01   2.8370139E+05   2.8370139E+05   5.9249741E-01   7.1686068E-02   1.5156063E+00   2.8259618E+05   2.8370139E+05   2.3056067E+05   0.0000000E+00   0.0000000E+00   0.0000000E+00   0.0000000E+00
   2.9960567E-01   2.7121498E+05   2.7121498E+05   5.2794312E-01   6.4143921E-02   1.3551992E+00   2.7015835E+05   2.7121498E+05   2.2041306E+05   0.0000000E+00   0.0000000E+00   0.0000000E+00   0.0000000E+00
   3.0969743E-01   2.5958714E+05   2.5958714E+05   4.7352425E-01   5.7456597E-02   1.2174386E+00   2.5857575E+05   2.5958714E+05   2.1096321E+05   0.0000000E+00   0.0000000E+00   0.0000000E+00   0.0000000E+00
   3.2015294E-01   2.4785008E+05   2.4785008E+05   4.2293117E-01   5.1334088E-02   1.0906847E+00   2.4688436E+05   2.4785008E+05   2.0142460E+05   0.0000000E+00   0.0000000E+00   0.0000000E+00   0.0000000E+00
   3.3099166E-01   2.3573580E+05   2.3573580E+05   3.7694262E-01   4.5680897E-02   9.7072355E-01   2.3481723E+05   2.3573580E+05   1.9157944E+05   0.0000000E+00   0.0000000E+00   0.0000000E+00   0.0000000E+00
   3.4223532E-01   2.2381144E+05   2.2381144E+05   3.3422524E-01   4.0568630E-02   8.6365023E-01   2.2293929E+05   2.2381144E+05   1.8188863E+05   0.0000000E+00   0.0000000E+00   0.0000000E+00   0.0000000E+00
   3.5390827E-01   2.1279819E+05   2.1279819E+05   2.9868654E-01   3.6070179E-02   7.7066602E-01   2.1196892E+05   2.1279819E+05   1.7293828E+05   0.0000000E+00   0.0000000E+00   0.0000000E+00   0.0000000E+00
   3.6603791E-01   2.0279281E+05   2.0279281E+05   2.6586919E-01   3.2133475E-02   6.8763466E-01   2.0200249E+05   2.0279281E+05   1.6480701E+05   0.0000000E+00   0.0000000E+00   0.0000000E+00   0.0000000E+00
   3.7865531E-01   1.9324140E+05   1.9324140E+05   2.3620326E-01   2.8613287E-02   6.1352384E-01   1.9248828E+05   1.9324140E+05   1.5704469E+05   0.0000000E+00   0.0000000E+00   0.0000000E+00   0.0000000E+00
   3.9179582E-01   1.8366137E+05   1.8366137E+05   2.0974184E-01   2.5401445E-02   5.4522199E-01   1.8294555E+05   1.8366137E+05   1.4925909E+05   0.0000000E+00   0.0000000E+00   0.0000000E+00   0.0000000E+00
   4.0549992E-01   1.7418824E+05   1.7418824E+05   1.8580162E-01   2.2490713E-02   4.8424170E-01   1.7350932E+05   1.7418824E+05   1.4156039E+05   0.0000000E+00   0.0000000E+00   0.0000000E+00   0.0000000E+00
   4.1981425E-01   1.6525289E+05   1.6525289E+05   1.6457088E-01   1.9906933E-02   4.3005921E-01   1.6460878E+05   1.6525289E+05   1.3429874E+05   0.0000000E+00   0.0000000E+00   0.0000000E+00   0.0000000E+00
   4.3479290E-01   1.5690437E+05   1.5690437E+05   1.4546306E-01   1.7621331E-02   3.8005327E-01   1.5629277E+05   1.5690437E+05   1.2751399E+05   0.0000000E+00   0.0000000E+00   0.0000000E+00   0.0000000E+00
   4.5049901E-01   1.4879948E+05   1.4879948E+05   1.2862715E-01   1.5566183E-02   3.3648819E-01   1.4821946E+05   1.4879948E+05   1.2092725E+05   0.0000000E+00   0.0000000E+00   0.0000000E+00   0.0000000E+00
   4.6700682E-01   1.4079951E+05   1.4079951E+05   1.1311955E-01   1.3706608E-02   2.9664263E-01   1.4025066E+05   1.4079951E+05   1.1442577E+05   0.0000000E+00   0.0000000E+00   0.0000000E+00   0.0000000E+00
   4.8440428E-01   1.3311119E+05   1.3311119E+05   9.9415992E-02   1.2044157E-02   2.6127101E-01   1.3259229E+05   1.3311119E+05   1.0817757E+05   0.0000000E+00   0.0000000E+00   0.0000000E+00   0.0000000E+00
   5.0279641E-01   1.2579350E+05   1.2579350E+05   8.7229145E-02   1.0564521E-02   2.2998684E-01   1.2530311E+05   1.2579350E+05   1.0223058E+05   0.0000000E+00   0.0000000E+00   0.0000000E+00   0.0000000E+00
   5.2230956E-01   1.1866054E+05   1.1866054E+05   7.6280502E-02   9.2348522E-03   2.0073424E-01   1.1819794E+05   1.1866054E+05   9.6433710E+04   0.0000000E+00   0.0000000E+00   0.0000000E+00   0.0000000E+00
   5.4309705E-01   1.1169385E+05   1.1169385E+05   6.6369255E-02   8.0399855E-03   1.7548752E-01   1.1125841E+05   1.1169385E+05   9.0771977E+04   0.0000000E+00   0.0000000E+00   0.0000000E+00   0.0000000E+00
   5.6534625E-01   1.0497777E+05   1.0497777E+05   5.7569847E-02   6.9735080E-03   1.5209128E-01   1.0456850E+05   1.0497777E+05   8.5313908E+04   0.0000000E+00   0.0000000E+00   0.0000000E+00   0.0000000E+00
   5.8928773E-01   9.8430893E+04   9.8430893E+04   4.9696227E-02   6.0181154E-03   1.3162394E-01   9.8047136E+04   9.8430893E+04   7.9993348E+04   0.0000000E+00   0.0000000E+00   0.0000000E+00   0.0000000E+00
   6.1520664E-01   9.2026748E+04   9.2026748E+04   4.2620497E-02   5.1624817E-03   1.1312500E-01   9.1667952E+04   9.2026748E+04   7.4788787E+04   0.0000000E+00   0.0000000E+00   0.0000000E+00   0.0000000E+00
   6.4345621E-01   8.5784538E+04   8.5784538E+04   3.6316789E-02   4.3990502E-03   9.6446497E-02   8.5450072E+04   8.5784538E+04   6.9715829E+04   0.0000000E+00   0.0000000E+00   0.0000000E+00   0.0000000E+00
   6.7447244E-01   7.9658608E+04   7.9658608E+04   3.0695190E-02   3.7178674E-03   8.1515280E-02   7.9348020E+04   7.9658608E+04   6.4737371E+04   0.0000000E+00   0.0000000E+00   0.0000000E+00   0.0000000E+00
   7.0878681E-01   7.3656190E+04   7.3656190E+04   2.5699587E-02   3.1129254E-03   6.8522296E-02   7.3369000E+04   7.3656190E+04   5.9859290E+04   0.0000000E+00   0.0000000E+00   0.0000000E+00   0.0000000E+00
   7.4702979E-01   6.7765216E+04   6.7765216E+04   2.1284100E-02   2.5782372E-03   5.6771738E-02   6.7500990E+04   6.7765216E+04   5.5071779E+04   0.0000000E+00   0.0000000E+00   0.0000000E+00   0.0000000E+00
   7.8991240E-01   6.1999975E+04   6.1999975E+04   1.7416076E-02   2.1097285E-03   4.6672454E-02   6.1758224E+04   6.1999975E+04   5.0386450E+04   0.0000000E+00   0.0000000E+00   0.0000000E+00   0.0000000E+00
   8.3816913E-01   5.6386575E+04   5.6386575E+04   1.4067386E-02   1.7041490E-03   3.7635716E-02   5.6166708E+04   5.6386575E+04   4.5824521E+04   0.0000000E+00   0.0000000E+00   0.0000000E+00   0.0000000E+00
   8.9245421E-01   5.0974602E+04   5.0974602E+04   1.1216868E-02   1.3588717E-03   3.0072330E-02   5.0775835E+04   5.0974602E+04   4.1426290E+04   0.0000000E+00   0.0000000E+00   0.0000000E+00   0.0000000E+00
   9.5321926E-01   4.5829337E+04   4.5829337E+04   8.8396599E-03   1.0709175E-03   2.3712904E-02   4.5650630E+04   4.5829337E+04   3.7244808E+04   0.0000000E+00   0.0000000E+00   0.0000000E+00   0.0000000E+00
   1.0206476E+00   4.1017035E+04   4.1017035E+04   6.9004697E-03   8.3601192E-04   1.8521526E-02   4.0857091E+04   4.1017035E+04   3.3333922E+04   0.0000000E+00   0.0000000E+00   0.0000000E+00   0.0000000E+00
   1.0947150E+00   3.6588300E+04   3.6588300E+04   5.3504693E-03   6.4824835E-04   1.4421583E-02   3.6445624E+04   3.6588300E+04   2.9734755E+04   0.0000000E+00   0.0000000E+00   0.0000000E+00   0.0000000E+00
   1.1753495E+00   3.2566480E+04   3.2566480E+04   4.1332802E-03   5.0054089E-04   1.1199817E-02   3.2439486E+04   3.2566480E+04   2.6466282E+04   0.0000000E+00   0.0000000E+00   0.0000000E+00   0.0000000E+00
   1.2625801E+00   2.8946556E+04   2.8946556E+04   3.1824445E-03   3.8555282E-04   8.6037603E-03   2.8833677E+04   2.8946556E+04   2.3524424E+04   0.0000000E+00   0.0000000E+00   0.0000000E+00   0.0000000E+00
   1.3565989E+00   2.5705762E+04   2.5705762E+04   2.4477996E-03   2.9657534E-04   6.6014699E-03   2.5605520E+04   2.5705762E+04   2.0890679E+04   0.0000000E+00   0.0000000E+00   0.0000000E+00   0.0000000E+00
   1.4577500E+00   2.2813047E+04   2.2813047E+04   1.8812579E-03   2.2794311E-04   5.0839107E-03   2.2724085E+04   2.2813047E+04   1.8539814E+04   0.0000000E+00   0.0000000E+00   0.0000000E+00   0.0000000E+00
   1.5664910E+00   2.0234826E+04   2.0234826E+04   1.4449845E-03   1.7508753E-04   3.9202324E-03   2.0155917E+04   2.0234826E+04   1.6444533E+04   0.0000000E+00   0.0000000E+00   0.0000000E+00   0.0000000E+00
   1.6833587E+00   1.7939334E+04   1.7939334E+04   1.1093366E-03   1.3442110E-04   3.0120631E-03   1.7869376E+04   1.7939334E+04   1.4579021E+04   0.0000000E+00   0.0000000E+00   0.0000000E+00   0.0000000E+00
   1.8089493E+00   1.5896852E+04   1.5896852E+04   8.5125276E-04   1.0315146E-04   2.3104780E-03   1.5834859E+04   1.5896852E+04   1.2919127E+04   0.0000000E+00   0.0000000E+00   0.0000000E+00   0.0000000E+00
   1.9439109E+00   1.4080706E+04   1.4080706E+04   6.5290304E-04   7.9121043E-05   1.7777557E-03   1.4025796E+04   1.4080706E+04   1.1443173E+04   0.0000000E+00   0.0000000E+00   0.0000000E+00   0.0000000E+00
   2.0889418E+00   1.2466690E+04   1.2466690E+04   5.0017688E-04   6.0662886E-05   1.3474315E-03   1.2418074E+04   1.2466690E+04   1.0131487E+04   0.0000000E+00   0.0000000E+00   0.0000000E+00   0.0000000E+00
   2.2447932E+00   1.1033093E+04   1.1033093E+04   3.8370480E-04   4.6491417E-05   1.0507144E-03   1.0990067E+04   1.1033093E+04   8.9664244E+03   0.0000000E+00   0.0000000E+00   0.0000000E+00   0.0000000E+00
   2.4122724E+00   9.7604311E+03   9.7604311E+03   2.9396756E-04   3.5616373E-05   7.9884867E-04   9.7223680E+03   9.7604311E+03   7.9321519E+03   0.0000000E+00   0.0000000E+00   0.0000000E+00   0.0000000E+00
   2.5922468E+00   8.6312036E+03   8.6312036E+03   2.2508965E-04   2.7274550E-05   6.0746904E-04   8.5975441E+03   8.6312036E+03   7.0144461E+03   0.0000000E+00   0.0000000E+00   0.0000000E+00   0.0000000E+00
   2.7856487E+00   7.6297353E+03   7.6297353E+03   1.7229608E-04   2.0878615E-05   4.7327609E-04   7.5999813E+03   7.6297353E+03   6.2005682E+03   0.0000000E+00   0.0000000E+00   0.0000000E+00   0.0000000E+00
   2.9934799E+00   6.7419945E+03   6.7419945E+03   1.3183876E-04   1.5976743E-05   3.5893583E-04   6.7157024E+03   6.7419945E+03   5.4791149E+03   0.0000000E+00   0.0000000E+00   0.0000000E+00   0.0000000E+00
   3.2168169E+00   5.9554273E+03   5.9554273E+03   1.0084679E-04   1.2221403E-05   2.7290697E-04   5.9322026E+03   5.9554273E+03   4.8398839E+03   0.0000000E+00   0.0000000E+00   0.0000000E+00   0.0000000E+00
   3.4568166E+00   5.2588122E+03   5.2588122E+03   7.7192879E-05   9.3455655E-06   2.0761932E-04   5.2383041E+03   5.2588122E+03   4.2737555E+03   0.0000000E+00   0.0000000E+00   0.0000000E+00   0.0000000E+00
   3.7147222E+00   4.6421269E+03   4.6421269E+03   5.8948874E-05   7.1440783E-06   1.5714794E-04   4.6240236E+03   4.6421269E+03   3.7725848E+03   0.0000000E+00   0.0000000E+00   0.0000000E+00   0.0000000E+00
   3.9918696E+00   4.0964268E+03   4.0964268E+03   4.5040508E-05   5.4594264E-06   1.2273003E-04   4.0804517E+03   4.0964268E+03   3.3291028E+03   0.0000000E+00   0.0000000E+00   0.0000000E+00   0.0000000E+00
   4.2896943E+00   3.6137353E+03   3.6137353E+03   3.4412949E-05   4.1707377E-06   9.4357684E-05   3.5996425E+03   3.6137353E+03   2.9368269E+03   0.0000000E+00   0.0000000E+00   0.0000000E+00   0.0000000E+00
   4.6097391E+00   3.1869432E+03   3.1869432E+03   2.6302062E-05   3.1852829E-06   7.1429928E-05   3.1745148E+03   3.1869432E+03   2.5899795E+03   0.0000000E+00   0.0000000E+00   0.0000000E+00   0.0000000E+00
   4.9536617E+00   2.8097193E+03   2.8097193E+03   2.0064539E-05   2.4319601E-06   5.4914615E-05   2.7987620E+03   2.8097193E+03   2.2834155E+03   0.0000000E+00   0.0000000E+00   0.0000000E+00   0.0000000E+00
   5.3232436E+00   2.4764285E+03   2.4764285E+03   1.5313645E-05   1.8562740E-06   4.1286267E-05   2.4667709E+03   2.4764285E+03   2.0125552E+03   0.0000000E+00   0.0000000E+00   0.0000000E+00   0.0000000E+00
   5.7203993E+00   2.1820585E+03   2.1820585E+03   1.1684714E-05   1.4164750E-06   3.2262051E-05   2.1735489E+03   2.1820585E+03   1.7733252E+03   0.0000000E+00   0.0000000E+00   0.0000000E+00   0.0000000E+00
   6.1471859E+00   1.9221534E+03   1.9221534E+03   8.9093918E-06   1.0805898E-06   2.4152759E-05   1.9146574E+03   1.9221534E+03   1.5621044E+03   0.0000000E+00   0.0000000E+00   0.0000000E+00   0.0000000E+00
   6.6058140E+00   1.6927547E+03   1.6927547E+03   6.7976798E-06   8.2414147E-07   1.9253263E-05   1.6861533E+03   1.6927547E+03   1.3756756E+03   0.0000000E+00   0.0000000E+00   0.0000000E+00   0.0000000E+00
   7.0986595E+00   1.4903469E+03   1.4903469E+03   5.1828197E-06   6.2839939E-07   1.4066071E-05   1.4845349E+03   1.4903469E+03   1.2111819E+03   0.0000000E+00   0.0000000E+00   0.0000000E+00   0.0000000E+00
   7.6282751E+00   1.3118105E+03   1.3118105E+03   3.9503669E-06   4.7903362E-07   1.0835265E-05   1.3066947E+03   1.3118105E+03   1.0660881E+03   0.0000000E+00   0.0000000E+00   0.0000000E+00   0.0000000E+00
   8.1974041E+00   1.1543780E+03   1.1543780E+03   3.0094927E-06   3.6508734E-07   8.9162758E-06   1.1498761E+03   1.1543780E+03   9.3814512E+02   0.0000000E+00   0.0000000E+00   0.0000000E+00   0.0000000E+00
   8.8089946E+00   1.0155958E+03   1.0155958E+03   2.2935019E-06   2.7818395E-07   6.3821994E-06   1.0116352E+03   1.0155958E+03   8.2535900E+02   0.0000000E+00   0.0000000E+00   0.0000000E+00   0.0000000E+00
   9.4662146E+00   8.9328968E+02   8.9328968E+02   1.7469506E-06   2.1192167E-07   4.8927387E-06   8.8980603E+02   8.9328968E+02   7.2596271E+02   0.0000000E+00   0.0000000E+00   0.0000000E+00   0.0000000E+00
   1.0172468E+01   7.8553369E+02   7.8553369E+02   1.3300466E-06   1.6141019E-07   3.4769934E-06   7.8247027E+02   7.8553369E+02   6.3839109E+02   0.0000000E+00   0.0000000E+00   0.0000000E+00   0.0000000E+00
