#           k/h    CDM            baryon         photon         nu             mass_nu        total          no_nu          total_de       Weyl           v_CDM          v_b            v_b-v_c     
   1.1417292E-05   1.2379719E+07   1.2379719E+07   1.6499332E+07   -3.8901662E+05   -1.4865882E+07   1.2379729E+07   1.2379719E+07   7.8744693E+06   0.0000000E+00   0.0000000E+00   0.0000000E+00   0.0000000E+00
   1.2269112E-05   1.2379722E+07   1.2379722E+07   1.6498260E+07   -3.8901145E+05   -1.4865623E+07   1.2379732E+07   1.2379722E+07   7.8744708E+06   0.0000000E+00   0.0000000E+00   0.0000000E+00   0.0000000E+00
   1.3184484E-05   1.2379725E+07   1.2379725E+07   1.6497021E+07   -3.8900549E+05   -1.4865323E+07   1.2379736E+07   1.2379725E+07   7.8744726E+06   0.0000000E+00   0.0000000E+00   0.0000000E+00   0.0000000E+00
   1.4168149E-05   1.2379730E+07   1.2379730E+07   1.6495591E+07   -3.8899859E+05   -1.4864977E+07   1.2379740E+07   1.2379730E+07   7.8744746E+06   0.0000000E+00   0.0000000E+00   0.0000000E+00   0.0000000E+00
   1.5225204E-05   1.2379734E+07   1.2379734E+07   1.6493939E+07   -3.8899063E+05   -1.4864578E+07   1.2379745E+07   1.2379734E+07   7.8744769E+06   0.0000000E+00   0.0000000E+00   0.0000000E+00   0.0000000E+00
   1.6361123E-05   1.2379740E+07   1.2379740E+07   1.6492032E+07   -3.8898144E+05   -1.4864116E+07   1.2379750E+07   1.2379740E+07   7.8744796E+06   0.0000000E+00   0.0000000E+00   0.0000000E+00   0.0000000E+00
   1.7581791E-05   1.2379746E+07   1.2379746E+07   1.6489830E+07   -3.8897083E+05   -1.4863583E+07   1.2379756E+07   1.2379746E+07   7.8744827E+06   0.0000000E+00   0.0000000E+00   0.0000000E+00   0.0000000E+00
   1.8893531E-05   1.2379754E+07   1.2379754E+07   1.6487288E+07   -3.8895857E+05   -1.4862968E+07   1.2379764E+07   1.2379754E+07   7.8744862E+06   0.0000000E+00   0.0000000E+00   0.0000000E+00   0.0000000E+00
   2.0303136E-05   1.2379762E+07   1.2379762E+07   1.6484352E+07   -3.8894442E+05   -1.4862258E+07   1.2379772E+07   1.2379762E+07   7.8744903E+06   0.0000000E+00   0.0000000E+00   0.0000000E+00   0.0000000E+00
   2.1817909E-05   1.2379772E+07   1.2379772E+07   1.6480963E+07   -3.8892808E+05   -1.4861437E+07   1.2379782E+07   1.2379772E+07   7.8744951E+06   0.0000000E+00   0.0000000E+00   0.0000000E+00   0.0000000E+00
   2.3445696E-05   1.2379784E+07   1.2379784E+07   1.6477050E+07   -3.8890921E+05   -1.4860490E+07   1.2379793E+07   1.2379784E+07   7.8745006E+06   0.0000000E+00   0.0000000E+00   0.0000000E+00   0.0000000E+00
   2.5194928E-05   1.2379797E+07   1.2379797E+07   1.6472532E+07   -3.8888742E+05   -1.4859397E+07   1.2379806E+07   1.2379797E+07   7.8745070E+06   0.0000000E+00   0.0000000E+00   0.0000000E+00   0.0000000E+00
   2.7074667E-05   1.2379812E+07   1.2379812E+07   1.6467317E+07   -3.8886227E+05   -1.4858134E+07   1.2379821E+07   1.2379812E+07   7.8745143E+06   0.0000000E+00   0.0000000E+00   0.0000000E+00   0.0000000E+00
   2.9094649E-05   1.2379830E+07   1.2379830E+07   1.6461296E+07   -3.8883322E+05   -1.4856676E+07   1.2379838E+07   1.2379830E+07   7.8745227E+06   0.0000000E+00   0.0000000E+00   0.0000000E+00   0.0000000E+00
   3.1265338E-05   1.2379850E+07   1.2379850E+07   1.6454346E+07   -3.8879967E+05   -1.4854992E+07   1.2379858E+07   1.2379850E+07   7.8745325E+06   0.0000000E+00   0.0000000E+00   0.0000000E+00   0.0000000E+00
   3.3597976E-05   1.2379874E+07   1.2379874E+07   1.6446324E+07   -3.8876094E+05   -1.4853048E+07   1.2379881E+07   1.2379874E+07   7.8745438E+06   0.0000000E+00   0.0000000E+00   0.0000000E+00   0.0000000E+00
   3.6104649E-05   1.2379901E+07   1.2379901E+07   1.6437064E+07   -3.8871623E+05   -1.4850804E+07   1.2379907E+07   1.2379901E+07   7.8745568E+06   0.0000000E+00   0.0000000E+00   0.0000000E+00   0.0000000E+00
   3.8798338E-05   1.2379932E+07   1.2379932E+07   1.6426377E+07   -3.8866460E+05   -1.4848213E+07   1.2379938E+07   1.2379932E+07   7.8745718E+06   0.0000000E+00   0.0000000E+00   0.0000000E+00   0.0000000E+00
   4.1692998E-05   1.2379968E+07   1.2379968E+07   1.6414044E+07   -3.8860498E+05   -1.4845221E+07   1.2379973E+07   1.2379968E+07   7.8745892E+06   0.0000000E+00   0.0000000E+00   0.0000000E+00   0.0000000E+00
   4.4803622E-05   1.2380010E+07   1.2380010E+07   1.6399813E+07   -3.8853616E+05   -1.4841768E+07   1.2380014E+07   1.2380010E+07   7.8746092E+06   0.0000000E+00   0.0000000E+00   0.0000000E+00   0.0000000E+00
   4.8146323E-05   1.2380058E+07   1.2380058E+07   1.6383393E+07   -3.8845671E+05   -1.4837782E+07   1.2380061E+07   1.2380058E+07   7.8746324E+06   0.0000000E+00   0.0000000E+00   0.0000000E+00   0.0000000E+00
   5.1738415E-05   1.2380114E+07   1.2380114E+07   1.6364451E+07   -3.8836498E+05   -1.4833180E+07   1.2380115E+07   1.2380114E+07   7.8746590E+06   0.0000000E+00   0.0000000E+00   0.0000000E+00   0.0000000E+00
   5.5598506E-05   1.2380178E+07   1.2380178E+07   1.6342602E+07   -3.8825910E+05   -1.4827868E+07   1.2380177E+07   1.2380178E+07   7.8746898E+06   0.0000000E+00   0.0000000E+00   0.0000000E+00   0.0000000E+00
   5.9746590E-05   1.2380252E+07   1.2380252E+07   1.6317405E+07   -3.8813687E+05   -1.4821738E+07   1.2380250E+07   1.2380252E+07   7.8747254E+06   0.0000000E+00   0.0000000E+00   0.0000000E+00   0.0000000E+00
   6.4204153E-05   1.2380337E+07   1.2380337E+07   1.6288353E+07   -3.8799579E+05   -1.4814663E+07   1.2380333E+07   1.2380337E+07   7.8747664E+06   0.0000000E+00   0.0000000E+00   0.0000000E+00   0.0000000E+00
   6.8994286E-05   1.2380436E+07   1.2380436E+07   1.6254864E+07   -3.8783296E+05   -1.4806498E+07   1.2380429E+07   1.2380436E+07   7.8748136E+06   0.0000000E+00   0.0000000E+00   0.0000000E+00   0.0000000E+00
   7.4141799E-05   1.2380550E+07   1.2380550E+07   1.6216271E+07   -3.8764504E+05   -1.4797078E+07   1.2380540E+07   1.2380550E+07   7.8748682E+06   0.0000000E+00   0.0000000E+00   0.0000000E+00   0.0000000E+00
   7.9673358E-05   1.2380681E+07   1.2380681E+07   1.6171810E+07   -3.8742819E+05   -1.4786209E+07   1.2380668E+07   1.2380681E+07   7.8749311E+06   0.0000000E+00   0.0000000E+00   0.0000000E+00   0.0000000E+00
   8.5617614E-05   1.2380832E+07   1.2380832E+07   1.6120609E+07   -3.8717798E+05   -1.4773672E+07   1.2380816E+07   1.2380832E+07   7.8750037E+06   0.0000000E+00   0.0000000E+00   0.0000000E+00   0.0000000E+00
   9.2005358E-05   1.2381007E+07   1.2381007E+07   1.6061670E+07   -3.8688931E+05   -1.4759213E+07   1.2380986E+07   1.2381007E+07   7.8750873E+06   0.0000000E+00   0.0000000E+00   0.0000000E+00   0.0000000E+00
   9.8869678E-05   1.2381208E+07   1.2381208E+07   1.5993857E+07   -3.8655632E+05   -1.4742540E+07   1.2381183E+07   1.2381208E+07   7.8751836E+06   0.0000000E+00   0.0000000E+00   0.0000000E+00   0.0000000E+00
   1.0624613E-04   1.2381440E+07   1.2381440E+07   1.5915879E+07   -3.8617228E+05   -1.4723317E+07   1.2381409E+07   1.2381440E+07   7.8752946E+06   0.0000000E+00   0.0000000E+00   0.0000000E+00   0.0000000E+00
   1.1417292E-04   1.2381708E+07   1.2381708E+07   1.5826271E+07   -3.8572943E+05   -1.4701163E+07   1.2381670E+07   1.2381708E+07   7.8754225E+06   0.0000000E+00   0.0000000E+00   0.0000000E+00   0.0000000E+00
   1.2269112E-04   1.2382016E+07   1.2382016E+07   1.5723378E+07   -3.8521890E+05   -1.4675636E+07   1.2381971E+07   1.2382016E+07   7.8755697E+06   0.0000000E+00   0.0000000E+00   0.0000000E+00   0.0000000E+00
   1.3184484E-04   1.2382371E+07   1.2382371E+07   1.5605333E+07   -3.8463048E+05   -1.4646233E+07   1.2382318E+07   1.2382371E+07   7.8757390E+06   0.0000000E+00   0.0000000E+00   0.0000000E+00   0.0000000E+00
   1.4168149E-04   1.2382780E+07   1.2382780E+07   1.5470042E+07   -3.8395250E+05   -1.4612380E+07   1.2382716E+07   1.2382780E+07   7.8759337E+06   0.0000000E+00   0.0000000E+00   0.0000000E+00   0.0000000E+00
   1.5225204E-04   1.2383251E+07   1.2383251E+07   1.5315170E+07   -3.8317159E+05   -1.4573420E+07   1.2383175E+07   1.2383251E+07   7.8761574E+06   0.0000000E+00   0.0000000E+00   0.0000000E+00   0.0000000E+00
   1.6361123E-04   1.2383792E+07   1.2383792E+07   1.5138124E+07   -3.8227250E+05   -1.4528608E+07   1.2383703E+07   1.2383792E+07   7.8764144E+06   0.0000000E+00   0.0000000E+00   0.0000000E+00   0.0000000E+00
   1.7581791E-04   1.2384414E+07   1.2384414E+07   1.4936047E+07   -3.8123780E+05   -1.4477094E+07   1.2384310E+07   1.2384414E+07   7.8767091E+06   0.0000000E+00   0.0000000E+00   0.0000000E+00   0.0000000E+00
   1.8893531E-04   1.2385128E+07   1.2385128E+07   1.4705823E+07   -3.8004768E+05   -1.4417920E+07   1.2385006E+07   1.2385128E+07   7.8770469E+06   0.0000000E+00   0.0000000E+00   0.0000000E+00   0.0000000E+00
   2.0303136E-04   1.2385948E+07   1.2385948E+07   1.4444086E+07   -3.7867963E+05   -1.4349999E+07   1.2385806E+07   1.2385948E+07   7.8774336E+06   0.0000000E+00   0.0000000E+00   0.0000000E+00   0.0000000E+00
   2.1817909E-04   1.2386888E+07   1.2386888E+07   1.4147253E+07   -3.7710817E+05   -1.4272114E+07   1.2386723E+07   1.2386888E+07   7.8778756E+06   0.0000000E+00   0.0000000E+00   0.0000000E+00   0.0000000E+00
   2.3445696E-04   1.2387965E+07   1.2387965E+07   1.3811575E+07   -3.7530451E+05   -1.4182898E+07   1.2387772E+07   1.2387965E+07   7.8783801E+06   0.0000000E+00   0.0000000E+00   0.0000000E+00   0.0000000E+00
   2.5194928E-04   1.2389197E+07   1.2389197E+07   1.3433224E+07   -3.7323631E+05   -1.4080830E+07   1.2388973E+07   1.2389197E+07   7.8789548E+06   0.0000000E+00   0.0000000E+00   0.0000000E+00   0.0000000E+00
   2.7074667E-04   1.2390603E+07   1.2390603E+07   1.3008410E+07   -3.7086735E+05   -1.3964227E+07   1.2390344E+07   1.2390603E+07   7.8796080E+06   0.0000000E+00   0.0000000E+00   0.0000000E+00   0.0000000E+00
   2.9094649E-04   1.2392207E+07   1.2392207E+07   1.2533554E+07   -3.6815728E+05   -1.3831238E+07   1.2391907E+07   1.2392207E+07   7.8803486E+06   0.0000000E+00   0.0000000E+00   0.0000000E+00   0.0000000E+00
   3.1265338E-04   1.2394032E+07   1.2394032E+07   1.2005519E+07   -3.6506149E+05   -1.3679851E+07   1.2393684E+07   1.2394032E+07   7.8811857E+06   0.0000000E+00   0.0000000E+00   0.0000000E+00   0.0000000E+00
   3.3597976E-04   1.2396104E+07   1.2396104E+07   1.1421902E+07   -3.6153097E+05   -1.3507898E+07   1.2395701E+07   1.2396104E+07   7.8821288E+06   0.0000000E+00   0.0000000E+00   0.0000000E+00   0.0000000E+00
   3.6104649E-04   1.2398449E+07   1.2398449E+07   1.0781410E+07   -3.5751243E+05   -1.3313078E+07   1.2397984E+07   1.2398449E+07   7.8831868E+06   0.0000000E+00   0.0000000E+00   0.0000000E+00   0.0000000E+00
   3.8798338E-04   1.2401096E+07   1.2401096E+07   1.0084308E+07   -3.5294856E+05   -1.3092993E+07   1.2400559E+07   1.2401096E+07   7.8843681E+06   0.0000000E+00   0.0000000E+00   0.0000000E+00   0.0000000E+00
   4.1692998E-04   1.2404071E+07   1.2404071E+07   9.3329397E+06   -3.4777860E+05   -1.2845196E+07   1.2403452E+07   1.2404071E+07   7.8856796E+06   0.0000000E+00   0.0000000E+00   0.0000000E+00   0.0000000E+00
   4.4803622E-04   1.2407401E+07   1.2407401E+07   8.5322946E+06   -3.4193930E+05   -1.2567270E+07   1.2406689E+07   1.2407401E+07   7.8871258E+06   0.0000000E+00   0.0000000E+00   0.0000000E+00   0.0000000E+00
   4.8146323E-04   1.2411110E+07   1.2411110E+07   7.6905821E+06   -3.3536636E+05   -1.2256921E+07   1.2410291E+07   1.2411110E+07   7.8887077E+06   0.0000000E+00   0.0000000E+00   0.0000000E+00   0.0000000E+00
   5.1738415E-04   1.2415216E+07   1.2415216E+07   6.8197317E+06   -3.2799641E+05   -1.1912118E+07   1.2414275E+07   1.2415216E+07   7.8904214E+06   0.0000000E+00   0.0000000E+00   0.0000000E+00   0.0000000E+00
   5.5598506E-04   1.2419728E+07   1.2419728E+07   5.9357119E+06   -3.1976979E+05   -1.1531242E+07   1.2418648E+07   1.2419728E+07   7.8922559E+06   0.0000000E+00   0.0000000E+00   0.0000000E+00   0.0000000E+00
   5.9746590E-04   1.2424646E+07   1.2424646E+07   5.0585148E+06   -3.1063406E+05   -1.1113292E+07   1.2423409E+07   1.2424646E+07   7.8941916E+06   0.0000000E+00   0.0000000E+00   0.0000000E+00   0.0000000E+00
   6.4204153E-04   1.2429952E+07   1.2429952E+07   4.2116171E+06   -3.0054840E+05   -1.0658092E+07   1.2428536E+07   1.2429952E+07   7.8961968E+06   0.0000000E+00   0.0000000E+00   0.0000000E+00   0.0000000E+00
   6.8994286E-04   1.2435607E+07   1.2435607E+07   3.4207186E+06   -2.8948886E+05   -1.0166535E+07   1.2433990E+07   1.2435607E+07   7.8982261E+06   0.0000000E+00   0.0000000E+00   0.0000000E+00   0.0000000E+00
   7.4141799E-04   1.2441546E+07   1.2441546E+07   2.7115968E+06   -2.7745422E+05   -9.6408059E+06   1.2439702E+07   1.2441546E+07   7.9002166E+06   0.0000000E+00   0.0000000E+00   0.0000000E+00   0.0000000E+00
   7.9673358E-04   1.2447670E+07   1.2447670E+07   2.1070335E+06   -2.6447234E+05   -9.0845806E+06   1.2445572E+07   1.2447670E+07   7.9020858E+06   0.0000000E+00   0.0000000E+00   0.0000000E+00   0.0000000E+00
   8.5617614E-04   1.2453841E+07   1.2453841E+07   1.6230135E+06   -2.5060615E+05   -8.5031404E+06   1.2451460E+07   1.2453841E+07   7.9037296E+06   0.0000000E+00   0.0000000E+00   0.0000000E+00   0.0000000E+00
   9.2005358E-04   1.2459877E+07   1.2459877E+07   1.2647638E+06   -2.3595864E+05   -7.9033680E+06   1.2457181E+07   1.2459877E+07   7.9050210E+06   0.0000000E+00   0.0000000E+00   0.0000000E+00   0.0000000E+00
   9.8869678E-04   1.2465548E+07   1.2465548E+07   1.0236640E+06   -2.2067557E+05   -7.2935685E+06   1.2462503E+07   1.2465548E+07   7.9058112E+06   0.0000000E+00   0.0000000E+00   0.0000000E+00   0.0000000E+00
   1.0624613E-03   1.2470574E+07   1.2470574E+07   8.7646634E+05   -2.0494453E+05   -6.6830803E+06   1.2467148E+07   1.2470574E+07   7.9059319E+06   0.0000000E+00   0.0000000E+00   0.0000000E+00   0.0000000E+00
   1.1417292E-03   1.2474634E+07   1.2474634E+07   7.8831968E+05   -1.8898921E+05   -6.0816727E+06   1.2470791E+07   1.2474634E+07   7.9052012E+06   0.0000000E+00   0.0000000E+00   0.0000000E+00   0.0000000E+00
   1.2269112E-03   1.2477371E+07   1.2477371E+07   7.2040463E+05   -1.7305773E+05   -5.4987769E+06   1.2473078E+07   1.2477371E+07   7.9034307E+06   0.0000000E+00   0.0000000E+00   0.0000000E+00   0.0000000E+00
   1.3184484E-03   1.2478407E+07   1.2478407E+07   6.4121263E+05   -1.5740548E+05   -4.9426645E+06   1.2473631E+07   1.2478407E+07   7.9004352E+06   0.0000000E+00   0.0000000E+00   0.0000000E+00   0.0000000E+00
   1.4168149E-03   1.2477363E+07   1.2477363E+07   5.3779817E+05   -1.4227402E+05   -4.4197469E+06   1.2472073E+07   1.2477363E+07   7.8960414E+06   0.0000000E+00   0.0000000E+00   0.0000000E+00   0.0000000E+00
   1.5225204E-03   1.2473879E+07   1.2473879E+07   4.2088435E+05   -1.2786971E+05   -3.9341840E+06   1.2468047E+07   1.2473879E+07   7.8900952E+06   0.0000000E+00   0.0000000E+00   0.0000000E+00   0.0000000E+00
   1.6361123E-03   1.2467625E+07   1.2467625E+07   3.1795398E+05   -1.1434725E+05   -3.4879240E+06   1.2461228E+07   1.2467625E+07   7.8824637E+06   0.0000000E+00   0.0000000E+00   0.0000000E+00   0.0000000E+00
   1.7581791E-03   1.2458316E+07   1.2458316E+07   2.5404136E+05   -1.0180269E+05   -3.0811421E+06   1.2451335E+07   1.2458316E+07   7.8730322E+06   0.0000000E+00   0.0000000E+00   0.0000000E+00   0.0000000E+00
   1.8893531E-03   1.2445707E+07   1.2445707E+07   2.3050158E+05   -9.0278168E+04   -2.7128584E+06   1.2438128E+07   1.2445707E+07   7.8616957E+06   0.0000000E+00   0.0000000E+00   0.0000000E+00   0.0000000E+00
   2.0303136E-03   1.2429585E+07   1.2429585E+07   2.2030204E+05   -7.9775459E+04   -2.3814358E+06   1.2421396E+07   1.2429585E+07   7.8483500E+06   0.0000000E+00   0.0000000E+00   0.0000000E+00   0.0000000E+00
   2.1817909E-03   1.2409753E+07   1.2409753E+07   1.9123139E+05   -7.0270889E+04   -2.0847987E+06   1.2400947E+07   1.2409753E+07   7.8328852E+06   0.0000000E+00   0.0000000E+00   0.0000000E+00   0.0000000E+00
   2.3445696E-03   1.2386023E+07   1.2386023E+07   1.4053717E+05   -6.1724522E+04   -1.8205107E+06   1.2376593E+07   1.2386023E+07   7.8151853E+06   0.0000000E+00   0.0000000E+00   0.0000000E+00   0.0000000E+00
   2.5194928E-03   1.2358210E+07   1.2358210E+07   9.9513700E+04   -5.4082682E+04   -1.5859673E+06   1.2348150E+07   1.2358210E+07   7.7951298E+06   0.0000000E+00   0.0000000E+00   0.0000000E+00   0.0000000E+00
   2.7074667E-03   1.2326129E+07   1.2326129E+07   9.0606513E+04   -4.7280224E+04   -1.3786605E+06   1.2315431E+07   1.2326129E+07   7.7725939E+06   0.0000000E+00   0.0000000E+00   0.0000000E+00   0.0000000E+00
   2.9094649E-03   1.2289589E+07   1.2289589E+07   9.1643434E+04   -4.1247570E+04   -1.1961633E+06   1.2278242E+07   1.2289589E+07   7.7474446E+06   0.0000000E+00   0.0000000E+00   0.0000000E+00   0.0000000E+00
   3.1265338E-03   1.2248385E+07   1.2248385E+07   7.3351712E+04   -3.5917513E+04   -1.0359005E+06   1.2236375E+07   1.2248385E+07   7.7195372E+06   0.0000000E+00   0.0000000E+00   0.0000000E+00   0.0000000E+00
   3.3597976E-03   1.2202296E+07   1.2202296E+07   5.2643145E+04   -3.1224579E+04   -8.9535978E+05   1.2189611E+07   1.2202296E+07   7.6887177E+06   0.0000000E+00   0.0000000E+00   0.0000000E+00   0.0000000E+00
   3.6104649E-03   1.2151092E+07   1.2151092E+07   4.9931392E+04   -2.7102953E+04   -7.7252690E+05   1.2137718E+07   1.2151092E+07   7.6548251E+06   0.0000000E+00   0.0000000E+00   0.0000000E+00   0.0000000E+00
   3.8798338E-03   1.2094521E+07   1.2094521E+07   4.2320139E+04   -2.3491169E+04   -6.6549603E+05   1.2080448E+07   1.2094521E+07   7.6176888E+06   0.0000000E+00   0.0000000E+00   0.0000000E+00   0.0000000E+00
   4.1692998E-03   1.2032318E+07   1.2032318E+07   3.1243434E+04   -2.0334036E+04   -5.7222955E+05   1.2017538E+07   1.2032318E+07   7.5771277E+06   0.0000000E+00   0.0000000E+00   0.0000000E+00   0.0000000E+00
   4.4803622E-03   1.1964198E+07   1.1964198E+07   3.2224412E+04   -1.7578887E+04   -4.9125413E+05   1.1948708E+07   1.1964198E+07   7.5329518E+06   0.0000000E+00   0.0000000E+00   0.0000000E+00   0.0000000E+00
   4.8146323E-03   1.1889861E+07   1.1889861E+07   2.2748427E+04   -1.5178727E+04   -4.2105998E+05   1.1873662E+07   1.1889861E+07   7.4849624E+06   0.0000000E+00   0.0000000E+00   0.0000000E+00   0.0000000E+00
   5.1738415E-03   1.1808988E+07   1.1808988E+07   2.0648265E+04   -1.3091622E+04   -3.6017216E+05   1.1792092E+07   1.1808988E+07   7.4329538E+06   0.0000000E+00   0.0000000E+00   0.0000000E+00   0.0000000E+00
   5.5598506E-03   1.1721253E+07   1.1721253E+07   1.7614712E+04   -1.1278586E+04   -3.0764961E+05   1.1703680E+07   1.1721253E+07   7.3767145E+06   0.0000000E+00   0.0000000E+00   0.0000000E+00   0.0000000E+00
   5.9746590E-03   1.1626311E+07   1.1626311E+07   1.4607266E+04   -9.7061750E+03   -2.6220461E+05   1.1608087E+07   1.1626311E+07   7.3160215E+06   0.0000000E+00   0.0000000E+00   0.0000000E+00   0.0000000E+00
   6.4204153E-03   1.1523811E+07   1.1523811E+07   1.1649690E+04   -8.3436355E+03   -2.2312138E+05   1.1504955E+07   1.1523811E+07   7.2506414E+06   0.0000000E+00   0.0000000E+00   0.0000000E+00   0.0000000E+00
   6.8994286E-03   1.1413381E+07   1.1413381E+07   1.1428394E+04   -7.1646077E+03   -1.8946156E+05   1.1393913E+07   1.1413381E+07   7.1803313E+06   0.0000000E+00   0.0000000E+00   0.0000000E+00   0.0000000E+00
   7.4141799E-03   1.1294628E+07   1.1294628E+07   7.7823771E+03   -6.1454327E+03   -1.6056104E+05   1.1274580E+07   1.1294628E+07   7.1048455E+06   0.0000000E+00   0.0000000E+00   0.0000000E+00   0.0000000E+00
   7.9673358E-03   1.1167146E+07   1.1167146E+07   7.4522857E+03   -5.2652583E+03   -1.3580157E+05   1.1146564E+07   1.1167146E+07   7.0239312E+06   0.0000000E+00   0.0000000E+00   0.0000000E+00   0.0000000E+00
   8.5617614E-03   1.1030522E+07   1.1030522E+07   6.7224993E+03   -4.5058975E+03   -1.1456099E+05   1.1009452E+07   1.1030522E+07   6.9373219E+06   0.0000000E+00   0.0000000E+00   0.0000000E+00   0.0000000E+00
   9.2005358E-03   1.0884331E+07   1.0884331E+07   5.4150296E+03   -3.8513899E+03   -9.6419571E+04   1.0862818E+07   1.0884331E+07   6.8447447E+06   0.0000000E+00   0.0000000E+00   0.0000000E+00   0.0000000E+00
   9.8869678E-03   1.0728135E+07   1.0728135E+07   4.1018138E+03   -3.2878041E+03   -8.0956904E+04   1.0706230E+07   1.0728135E+07   6.7459247E+06   0.0000000E+00   0.0000000E+00   0.0000000E+00   0.0000000E+00
   1.0624613E-02   1.0561480E+07   1.0561480E+07   3.3600112E+03   -2.8029520E+03   -6.7799773E+04   1.0539245E+07   1.0561480E+07   6.6405771E+06   0.0000000E+00   0.0000000E+00   0.0000000E+00   0.0000000E+00
   1.1417292E-02   1.0383908E+07   1.0383908E+07   2.8709647E+03   -2.3862407E+03   -5.6616018E+04   1.0361403E+07   1.0383908E+07   6.5284105E+06   0.0000000E+00   0.0000000E+00   0.0000000E+00   0.0000000E+00
   1.2269112E-02   1.0194961E+07   1.0194961E+07   2.4174401E+03   -2.0284417E+03   -4.7136385E+04   1.0172249E+07   1.0194961E+07   6.4091354E+06   0.0000000E+00   0.0000000E+00   0.0000000E+00   0.0000000E+00
   1.3184484E-02   9.9941842E+06   9.9941842E+06   2.1581308E+03   -1.7215436E+03   -3.9117627E+04   9.9713378E+06   9.9941842E+06   6.2824681E+06   0.0000000E+00   0.0000000E+00   0.0000000E+00   0.0000000E+00
   1.4168149E-02   9.7811373E+06   9.7811373E+06   1.9794382E+03   -1.4585559E+03   -3.2361196E+04   9.7582277E+06   9.7811373E+06   6.1481288E+06   0.0000000E+00   0.0000000E+00   0.0000000E+00   0.0000000E+00
   1.5225204E-02   9.5554160E+06   9.5554160E+06   1.5553479E+03   -1.2334715E+03   -2.6679213E+04   9.5325180E+06   9.5554160E+06   6.0058632E+06   0.0000000E+00   0.0000000E+00   0.0000000E+00   0.0000000E+00
   1.6361123E-02   9.3166659E+06   9.3166659E+06   1.2590354E+03   -1.0410435E+03   -2.1899083E+04   9.2938576E+06   9.3166659E+06   5.8554486E+06   0.0000000E+00   0.0000000E+00   0.0000000E+00   0.0000000E+00
   1.7581791E-02   9.0646173E+06   9.0646173E+06   1.1125511E+03   -8.7674799E+02   -1.7911240E+04   9.0419774E+06   9.0646173E+06   5.6967141E+06   0.0000000E+00   0.0000000E+00   0.0000000E+00   0.0000000E+00
   1.8893531E-02   8.7991216E+06   8.7991216E+06   8.9374489E+02   -7.3667018E+02   -1.4581421E+04   8.7767307E+06   8.7991216E+06   5.5295659E+06   0.0000000E+00   0.0000000E+00   0.0000000E+00   0.0000000E+00
   2.0303136E-02   8.5201990E+06   8.5201990E+06   7.6127054E+02   -6.1742976E+02   -1.1819701E+04   8.4981370E+06   8.5201990E+06   5.3540155E+06   0.0000000E+00   0.0000000E+00   0.0000000E+00   0.0000000E+00
   2.1817908E-02   8.2281002E+06   8.2281002E+06   6.5415947E+02   -5.1610453E+02   -9.5320857E+03   8.2064467E+06   8.2281002E+06   5.1702197E+06   0.0000000E+00   0.0000000E+00   0.0000000E+00   0.0000000E+00
   2.3445690E-02   7.9233770E+06   7.9233770E+06   5.5114693E+02   -4.3017901E+02   -7.6474850E+03   7.9022098E+06   7.9233770E+06   4.9785242E+06   0.0000000E+00   0.0000000E+00   0.0000000E+00   0.0000000E+00
   2.5194895E-02   7.6069645E+06   7.6069645E+06   4.3888936E+02   -3.5748158E+02   -6.1038640E+03   7.5863577E+06   7.6069645E+06   4.7795151E+06   0.0000000E+00   0.0000000E+00   0.0000000E+00   0.0000000E+00
   2.7074499E-02   7.2802764E+06   7.2802764E+06   3.2850509E+02   -2.9614238E+02   -4.8406171E+03   7.2602988E+06   7.2802764E+06   4.5740792E+06   0.0000000E+00   0.0000000E+00   0.0000000E+00   0.0000000E+00
   2.9093914E-02   6.9453128E+06   6.9453128E+06   3.1017768E+02   -2.4455215E+02   -3.8183713E+03   6.9260265E+06   6.9453128E+06   4.3634719E+06   0.0000000E+00   0.0000000E+00   0.0000000E+00   0.0000000E+00
   3.1262516E-02   6.6047956E+06   6.6047956E+06   2.3594237E+02   -2.0133187E+02   -2.9918426E+03   6.5862530E+06   6.6047956E+06   4.1494013E+06   0.0000000E+00   0.0000000E+00   0.0000000E+00   0.0000000E+00
   3.3588425E-02   6.2623435E+06   6.2623435E+06   1.8560437E+02   -1.6530369E+02   -2.3324466E+03   6.2445848E+06   6.2623435E+06   3.9341393E+06   0.0000000E+00   0.0000000E+00   0.0000000E+00   0.0000000E+00
   3.6075906E-02   5.9226725E+06   5.9226725E+06   1.5724299E+02   -1.3546945E+02   -1.8089373E+03   5.9057221E+06   5.9226725E+06   3.7206466E+06   0.0000000E+00   0.0000000E+00   0.0000000E+00   0.0000000E+00
   3.8721050E-02   5.5917088E+06   5.5917088E+06   1.3763969E+02   -1.1098167E+02   -1.3994783E+03   5.5755715E+06   5.5917088E+06   3.5126442E+06   0.0000000E+00   0.0000000E+00   0.0000000E+00   0.0000000E+00
   4.1506670E-02   5.2763338E+06   5.2763338E+06   9.9925301E+01   -9.1107147E+01   -1.0814177E+03   5.2609919E+06   5.2763338E+06   3.3144529E+06   0.0000000E+00   0.0000000E+00   0.0000000E+00   0.0000000E+00
   4.4399827E-02   4.9834221E+06   4.9834221E+06   9.1666816E+01   -7.5177680E+01   -8.3866142E+02   4.9688349E+06   4.9834221E+06   3.1303892E+06   0.0000000E+00   0.0000000E+00   0.0000000E+00   0.0000000E+00
   4.7356424E-02   4.7182311E+06   4.7182311E+06   7.2981990E+01   -6.2550042E+01   -6.5412711E+02   4.7043389E+06   4.7182311E+06   2.9637528E+06   0.0000000E+00   0.0000000E+00   0.0000000E+00   0.0000000E+00
   5.0332838E-02   4.4829710E+06   4.4829710E+06   5.7874331E+01   -5.2597549E+01   -5.1672938E+02   4.4697039E+06   4.4829710E+06   2.8159297E+06   0.0000000E+00   0.0000000E+00   0.0000000E+00   0.0000000E+00
   5.3297387E-02   4.2765473E+06   4.2765473E+06   5.2789642E+01   -4.4739728E+01   -4.1278281E+02   4.2638349E+06   4.2765473E+06   2.6862298E+06   0.0000000E+00   0.0000000E+00   0.0000000E+00   0.0000000E+00
   5.6234566E-02   4.0954977E+06   4.0954977E+06   4.4233983E+01   -3.8479818E+01   -3.3318728E+02   4.0832765E+06   4.0954977E+06   2.5724761E+06   0.0000000E+00   0.0000000E+00   0.0000000E+00   0.0000000E+00
   5.9142299E-02   3.9352874E+06   3.9352874E+06   3.9113474E+01   -3.3422832E+01   -2.7211146E+02   3.9235046E+06   3.9352874E+06   2.4718182E+06   0.0000000E+00   0.0000000E+00   0.0000000E+00   0.0000000E+00
   6.2026778E-02   3.7912780E+06   3.7912780E+06   3.2816489E+01   -2.9270370E+01   -2.2382269E+02   3.7798926E+06   3.7912780E+06   2.3813414E+06   0.0000000E+00   0.0000000E+00   0.0000000E+00   0.0000000E+00
   6.4898135E-02   3.6592387E+06   3.6592387E+06   2.9839699E+01   -2.5803067E+01   -1.8583737E+02   3.6482207E+06   3.6592387E+06   2.2983870E+06   0.0000000E+00   0.0000000E+00   0.0000000E+00   0.0000000E+00
   6.7767761E-02   3.5355436E+06   3.5355436E+06   2.6594782E+01   -2.2861453E+01   -1.5428620E+02   3.5248727E+06   3.5355436E+06   2.2206769E+06   0.0000000E+00   0.0000000E+00   0.0000000E+00   0.0000000E+00
   7.0646946E-02   3.4172173E+06   3.4172173E+06   2.2291109E+01   -2.0329749E+01   -1.2914393E+02   3.4068814E+06   3.4172173E+06   2.1463415E+06   0.0000000E+00   0.0000000E+00   0.0000000E+00   0.0000000E+00
   7.3546298E-02   3.3019255E+06   3.3019255E+06   2.1955771E+01   -1.8123712E+01   -1.0780264E+02   3.2919188E+06   3.3019255E+06   2.0739144E+06   0.0000000E+00   0.0000000E+00   0.0000000E+00   0.0000000E+00
   7.6475572E-02   3.1879529E+06   3.1879529E+06   1.7647955E+01   -1.6181746E+01   -8.9947095E+01   3.1782742E+06   3.1879529E+06   2.0023178E+06   0.0000000E+00   0.0000000E+00   0.0000000E+00   0.0000000E+00
   7.9443692E-02   3.0741806E+06   3.0741806E+06   1.6097542E+01   -1.4458684E+01   -7.5472458E+01   3.0648319E+06   3.0741806E+06   1.9308486E+06   0.0000000E+00   0.0000000E+00   0.0000000E+00   0.0000000E+00
   8.2458845E-02   2.9600629E+06   2.9600629E+06   1.5671281E+01   -1.2921284E+01   -6.2740399E+01   2.9510475E+06   2.9600629E+06   1.8591639E+06   0.0000000E+00   0.0000000E+00   0.0000000E+00   0.0000000E+00
   8.5528600E-02   2.8455956E+06   2.8455956E+06   1.3659944E+01   -1.1544944E+01   -5.1874377E+01   2.8369166E+06   2.8455956E+06   1.7872610E+06   0.0000000E+00   0.0000000E+00   0.0000000E+00   0.0000000E+00
   8.8660024E-02   2.7312685E+06   2.7312685E+06   1.1664717E+01   -1.0311302E+01   -4.2882477E+01   2.7229271E+06   2.7312685E+06   1.7154473E+06   0.0000000E+00   0.0000000E+00   0.0000000E+00   0.0000000E+00
   9.1859782E-02   2.6179936E+06   2.6179936E+06   1.0316822E+01   -9.2063533E+00   -3.5354629E+01   2.6099884E+06   2.6179936E+06   1.6442955E+06   0.0000000E+00   0.0000000E+00   0.0000000E+00   0.0000000E+00
   9.5134229E-02   2.5070055E+06   2.5070055E+06   9.2527752E+00   -8.2189820E+00   -2.9025785E+01   2.4993308E+06   2.5070055E+06   1.5745810E+06   0.0000000E+00   0.0000000E+00   0.0000000E+00   0.0000000E+00
   9.8489483E-02   2.3997294E+06   2.3997294E+06   8.0856186E+00   -7.3398526E+00   -2.3656859E+01   2.3923752E+06   2.3997294E+06   1.5071987E+06   0.0000000E+00   0.0000000E+00   0.0000000E+00   0.0000000E+00
   1.0193149E-01   2.2976227E+06   2.2976227E+06   7.6001099E+00   -6.5605097E+00   -1.9098304E+01   2.2905743E+06   2.2976227E+06   1.4430638E+06   0.0000000E+00   0.0000000E+00   0.0000000E+00   0.0000000E+00
   1.0546606E-01   2.2019963E+06   2.2019963E+06   6.6927809E+00   -5.8727273E+00   -1.5540073E+01   2.1952347E+06   2.2019963E+06   1.3829997E+06   0.0000000E+00   0.0000000E+00   0.0000000E+00   0.0000000E+00
   1.0909892E-01   2.1138314E+06   2.1138314E+06   5.9862714E+00   -5.2681048E+00   -1.2233816E+01   2.1073347E+06   2.1138314E+06   1.3276225E+06   0.0000000E+00   0.0000000E+00   0.0000000E+00   0.0000000E+00
   1.1283577E-01   2.0336133E+06   2.0336133E+06   5.1294805E+00   -4.7378215E+00   -9.7952096E+00   2.0273579E+06   2.0336133E+06   1.2772370E+06   0.0000000E+00   0.0000000E+00   0.0000000E+00   0.0000000E+00
   1.1668225E-01   1.9612060E+06   1.9612060E+06   4.9303798E+00   -4.2726703E+00   -7.6765149E+00   1.9551685E+06   1.9612060E+06   1.2317575E+06   0.0000000E+00   0.0000000E+00   0.0000000E+00   0.0000000E+00
   1.2064403E-01   1.8957954E+06   1.8957954E+06   4.5365840E+00   -3.8632244E+00   -5.8704411E+00   1.8899548E+06   1.8957954E+06   1.1906727E+06   0.0000000E+00   0.0000000E+00   0.0000000E+00   0.0000000E+00
   1.2472677E-01   1.8359248E+06   1.8359248E+06   4.0254476E+00   -3.5001911E+00   -4.3973867E+00   1.8302646E+06   1.8359248E+06   1.1530678E+06   0.0000000E+00   0.0000000E+00   0.0000000E+00   0.0000000E+00
   1.2893618E-01   1.7796378E+06   1.7796378E+06   3.4871290E+00   -3.1748667E+00   -3.1232286E+00   1.7741475E+06   1.7796378E+06   1.1177139E+06   0.0000000E+00   0.0000000E+00   0.0000000E+00   0.0000000E+00
   1.3327799E-01   1.7247274E+06   1.7247274E+06   3.2352246E+00   -2.8796151E+00   -2.0579416E+00   1.7194031E+06   1.7247274E+06   1.0832249E+06   0.0000000E+00   0.0000000E+00   0.0000000E+00   0.0000000E+00
   1.3775801E-01   1.6690693E+06   1.6690693E+06   3.0350541E+00   -2.6083050E+00   -1.2124787E+00   1.6639137E+06   1.6690693E+06   1.0482665E+06   0.0000000E+00   0.0000000E+00   0.0000000E+00   0.0000000E+00
   1.4238208E-01   1.6109933E+06   1.6109933E+06   2.6611206E+00   -2.3566031E+00   -4.6739976E-01   1.6060143E+06   1.6109933E+06   1.0117897E+06   0.0000000E+00   0.0000000E+00   0.0000000E+00   0.0000000E+00
   1.4715611E-01   1.5496246E+06   1.5496246E+06   2.3571711E+00   -2.1220591E+00   9.7855827E-02   1.5448327E+06   1.5496246E+06   9.7324525E+05   0.0000000E+00   0.0000000E+00   0.0000000E+00   0.0000000E+00
   1.5208610E-01   1.4851130E+06   1.4851130E+06   2.1880306E+00   -1.9039301E+00   5.4456563E-01   1.4805183E+06   1.4851130E+06   9.3272710E+05   0.0000000E+00   0.0000000E+00   0.0000000E+00   0.0000000E+00
   1.5717808E-01   1.4186728E+06   1.4186728E+06   1.9643642E+00   -1.7027497E+00   8.2746600E-01   1.4142815E+06   1.4186728E+06   8.9099790E+05   0.0000000E+00   0.0000000E+00   0.0000000E+00   0.0000000E+00
   1.6243821E-01   1.3523827E+06   1.3523827E+06   1.6893196E+00   -1.5197005E+00   1.1433030E+00   1.3481947E+06   1.3523827E+06   8.4936313E+05   0.0000000E+00   0.0000000E+00   0.0000000E+00   0.0000000E+00
   1.6787271E-01   1.2887457E+06   1.2887457E+06   1.4934086E+00   -1.3558929E+00   1.2944579E+00   1.2847530E+06   1.2887457E+06   8.0939482E+05   0.0000000E+00   0.0000000E+00   0.0000000E+00   0.0000000E+00
   1.7348790E-01   1.2300793E+06   1.2300793E+06   1.3816806E+00   -1.2117117E+00   1.4307052E+00   1.2262669E+06   1.2300793E+06   7.7254852E+05   0.0000000E+00   0.0000000E+00   0.0000000E+00   0.0000000E+00
   1.7929019E-01   1.1778757E+06   1.1778757E+06   1.2229605E+00   -1.0863760E+00   1.5033857E+00   1.1742237E+06   1.1778757E+06   7.3976126E+05   0.0000000E+00   0.0000000E+00   0.0000000E+00   0.0000000E+00
   1.8528614E-01   1.1323188E+06   1.1323188E+06   1.0920861E+00   -9.7784358E-01   1.6006633E+00   1.1288067E+06   1.1323188E+06   7.1114852E+05   0.0000000E+00   0.0000000E+00   0.0000000E+00   0.0000000E+00
   1.9148240E-01   1.0921431E+06   1.0921431E+06   9.6360887E-01   -8.8308650E-01   1.6067616E+00   1.0887544E+06   1.0921431E+06   6.8591556E+05   0.0000000E+00   0.0000000E+00   0.0000000E+00   0.0000000E+00
   1.9788580E-01   1.0549450E+06   1.0549450E+06   8.7605376E-01   -7.9868942E-01   1.6164585E+00   1.0516707E+06   1.0549450E+06   6.6255282E+05   0.0000000E+00   0.0000000E+00   0.0000000E+00   0.0000000E+00
   2.0450331E-01   1.0179178E+06   1.0179178E+06   7.9694871E-01   -7.2157986E-01   1.6212936E+00   1.0147575E+06   1.0179178E+06   6.3929744E+05   0.0000000E+00   0.0000000E+00   0.0000000E+00   0.0000000E+00
   2.1134212E-01   9.7880851E+05   9.7880851E+05   7.3002948E-01   -6.4966707E-01   1.5869023E+00   9.7576872E+05   9.7880851E+05   6.1473450E+05   0.0000000E+00   0.0000000E+00   0.0000000E+00   0.0000000E+00
   2.1840963E-01   9.3675909E+05   9.3675909E+05   6.3654018E-01   -5.8215680E-01   1.5325716E+00   9.3384910E+05   9.3675909E+05   5.8832511E+05   0.0000000E+00   0.0000000E+00   0.0000000E+00   0.0000000E+00
   2.2571349E-01   8.9266397E+05   8.9266397E+05   5.7188601E-01   -5.1941826E-01   1.4714436E+00   8.8989024E+05   8.9266397E+05   5.6063101E+05   0.0000000E+00   0.0000000E+00   0.0000000E+00   0.0000000E+00
   2.3326169E-01   8.4881595E+05   8.4881595E+05   5.3118008E-01   -4.6244439E-01   1.3908382E+00   8.4617783E+05   8.4881595E+05   5.3309218E+05   0.0000000E+00   0.0000000E+00   0.0000000E+00   0.0000000E+00
   2.4106253E-01   8.0790103E+05   8.0790103E+05   4.5986180E-01   -4.1211841E-01   1.3214249E+00   8.0538949E+05   8.0790103E+05   5.0739551E+05   0.0000000E+00   0.0000000E+00   0.0000000E+00   0.0000000E+00
   2.4912474E-01   7.7173984E+05   7.7173984E+05   4.1144166E-01   -3.6859899E-01   1.2411076E+00   7.6934020E+05   7.7173984E+05   4.8468444E+05   0.0000000E+00   0.0000000E+00   0.0000000E+00   0.0000000E+00
   2.5745753E-01   7.4038367E+05   7.4038367E+05   3.6912840E-01   -3.3110023E-01   1.1789583E+00   7.3808105E+05   7.4038367E+05   4.6499117E+05   0.0000000E+00   0.0000000E+00   0.0000000E+00   0.0000000E+00
   2.6607063E-01   7.1209034E+05   7.1209034E+05   3.2870279E-01   -2.9816267E-01   1.1032515E+00   7.0987530E+05   7.1209034E+05   4.4722153E+05   0.0000000E+00   0.0000000E+00   0.0000000E+00   0.0000000E+00
   2.7497444E-01   6.8428934E+05   6.8428934E+05   2.9573356E-01   -2.6826536E-01   1.0517131E+00   6.8216038E+05   6.8428934E+05   4.2976113E+05   0.0000000E+00   0.0000000E+00   0.0000000E+00   0.0000000E+00
   2.8418008E-01   6.5506177E+05   6.5506177E+05   2.7059295E-01   -2.4043602E-01   9.7672469E-01   6.5302340E+05   6.5506177E+05   4.1140482E+05   0.0000000E+00   0.0000000E+00   0.0000000E+00   0.0000000E+00
   2.9369949E-01   6.2425708E+05   6.2425708E+05   2.3770474E-01   -2.1451337E-01   9.0208197E-01   6.2231425E+05   6.2425708E+05   3.9205805E+05   0.0000000E+00   0.0000000E+00   0.0000000E+00   0.0000000E+00
   3.0354563E-01   5.9348173E+05   5.9348173E+05   2.1239735E-01   -1.9091902E-01   8.3564864E-01   5.9163439E+05   5.9348173E+05   3.7272973E+05   0.0000000E+00   0.0000000E+00   0.0000000E+00   0.0000000E+00
   3.1373256E-01   5.6488665E+05   5.6488665E+05   1.8918850E-01   -1.7010847E-01   7.7029285E-01   5.6312807E+05   5.6488665E+05   3.5477074E+05   0.0000000E+00   0.0000000E+00   0.0000000E+00   0.0000000E+00
   3.2427564E-01   5.3956495E+05   5.3956495E+05   1.7031947E-01   -1.5208840E-01   7.1155737E-01   5.3788497E+05   5.3956495E+05   3.3886758E+05   0.0000000E+00   0.0000000E+00   0.0000000E+00   0.0000000E+00
   3.3519173E-01   5.1677405E+05   5.1677405E+05   1.5163828E-01   -1.3633071E-01   6.5896446E-01   5.1516483E+05   5.1677405E+05   3.2455389E+05   0.0000000E+00   0.0000000E+00   0.0000000E+00   0.0000000E+00
   3.4649944E-01   4.9465089E+05   4.9465089E+05   1.3648262E-01   -1.2211567E-01   6.0754312E-01   4.9311037E+05   4.9465089E+05   3.1065957E+05   0.0000000E+00   0.0000000E+00   0.0000000E+00   0.0000000E+00
   3.5821938E-01   4.7185712E+05   4.7185712E+05   1.2181475E-01   -1.0898988E-01   5.5712023E-01   4.7038743E+05   4.7185712E+05   2.9634411E+05   0.0000000E+00   0.0000000E+00   0.0000000E+00   0.0000000E+00
   3.7037450E-01   4.4868673E+05   4.4868673E+05   1.0914842E-01   -9.6945977E-02   5.0889870E-01   4.4728905E+05   4.4868673E+05   2.8179214E+05   0.0000000E+00   0.0000000E+00   0.0000000E+00   0.0000000E+00
   3.8299049E-01   4.2656790E+05   4.2656790E+05   9.6377142E-02   -8.6193899E-02   4.6427112E-01   4.2523899E+05   4.2656790E+05   2.6790059E+05   0.0000000E+00   0.0000000E+00   0.0000000E+00   0.0000000E+00
   3.9609624E-01   4.0645608E+05   4.0645608E+05   8.6138642E-02   -7.6784594E-02   4.2401654E-01   4.0518970E+05   4.0645608E+05   2.5526954E+05   0.0000000E+00   0.0000000E+00   0.0000000E+00   0.0000000E+00
   4.0972442E-01   3.8784496E+05   3.8784496E+05   7.6255107E-02   -6.8475495E-02   3.8857273E-01   3.8663646E+05   3.8784496E+05   2.4358099E+05   0.0000000E+00   0.0000000E+00   0.0000000E+00   0.0000000E+00
   4.2391214E-01   3.6950686E+05   3.6950686E+05   6.8036307E-02   -6.0943761E-02   3.5120024E-01   3.6835540E+05   3.6950686E+05   2.3206393E+05   0.0000000E+00   0.0000000E+00   0.0000000E+00   0.0000000E+00
   4.3870184E-01   3.5102644E+05   3.5102644E+05   6.0358621E-02   -5.4057506E-02   3.1951489E-01   3.4993248E+05   3.5102644E+05   2.2045748E+05   0.0000000E+00   0.0000000E+00   0.0000000E+00   0.0000000E+00
   4.5414232E-01   3.3314254E+05   3.3314254E+05   5.3335276E-02   -4.7873853E-02   2.8845018E-01   3.3210424E+05   3.3314254E+05   2.0922569E+05   0.0000000E+00   0.0000000E+00   0.0000000E+00   0.0000000E+00
   4.7029005E-01   3.1649523E+05   3.1649523E+05   4.7299374E-02   -4.2411712E-02   2.6097109E-01   3.1550874E+05   3.1649523E+05   1.9877052E+05   0.0000000E+00   0.0000000E+00   0.0000000E+00   0.0000000E+00
   4.8721082E-01   3.0068056E+05   3.0068056E+05   4.1912121E-02   -3.7542265E-02   2.3535292E-01   2.9974330E+05   3.0068056E+05   1.8883829E+05   0.0000000E+00   0.0000000E+00   0.0000000E+00   0.0000000E+00
   5.0498180E-01   2.8503555E+05   2.8503555E+05   3.6943203E-02   -3.3127916E-02   2.1164722E-01   2.8414700E+05   2.8503555E+05   1.7901262E+05   0.0000000E+00   0.0000000E+00   0.0000000E+00   0.0000000E+00
   5.2369421E-01   2.6971361E+05   2.6971361E+05   3.2530737E-02   -2.9146849E-02   1.8960258E-01   2.6887277E+05   2.6971361E+05   1.6938986E+05   0.0000000E+00   0.0000000E+00   0.0000000E+00   0.0000000E+00
   5.4345670E-01   2.5515207E+05   2.5515207E+05   2.8605144E-02   -2.5604236E-02   1.6924709E-01   2.5435658E+05   2.5515207E+05   1.6024465E+05   0.0000000E+00   0.0000000E+00   0.0000000E+00   0.0000000E+00
   5.6439970E-01   2.4112731E+05   2.4112731E+05   2.5021533E-02   -2.2434383E-02   1.5129683E-01   2.4037550E+05   2.4112731E+05   1.5143658E+05   0.0000000E+00   0.0000000E+00   0.0000000E+00   0.0000000E+00
   5.8668104E-01   2.2732286E+05   2.2732286E+05   2.1841214E-02   -1.9573941E-02   1.3424505E-01   2.2661405E+05   2.2732286E+05   1.4276686E+05   0.0000000E+00   0.0000000E+00   0.0000000E+00   0.0000000E+00
   6.1049322E-01   2.1394025E+05   2.1394025E+05   1.8975970E-02   -1.7012511E-02   1.1888028E-01   2.1327314E+05   2.1394025E+05   1.3436208E+05   0.0000000E+00   0.0000000E+00   0.0000000E+00   0.0000000E+00
   6.3607265E-01   2.0098598E+05   2.0098598E+05   1.6429570E-02   -1.4722735E-02   1.0432586E-01   2.0035923E+05   2.0098598E+05   1.2622632E+05   0.0000000E+00   0.0000000E+00   0.0000000E+00   0.0000000E+00
   6.6371133E-01   1.8825732E+05   1.8825732E+05   1.4126671E-02   -1.2665666E-02   9.1156943E-02   1.8767023E+05   1.8825732E+05   1.1823225E+05   0.0000000E+00   0.0000000E+00   0.0000000E+00   0.0000000E+00
   6.9377092E-01   1.7583892E+05   1.7583892E+05   1.2073776E-02   -1.0827195E-02   7.9221434E-02   1.7529054E+05   1.7583892E+05   1.1043304E+05   0.0000000E+00   0.0000000E+00   0.0000000E+00   0.0000000E+00
   7.2669872E-01   1.6366201E+05   1.6366201E+05   1.0243015E-02   -9.1848256E-03   6.8341978E-02   1.6315159E+05   1.6366201E+05   1.0278550E+05   0.0000000E+00   0.0000000E+00   0.0000000E+00   0.0000000E+00
   7.6304271E-01   1.5169732E+05   1.5169732E+05   8.6099818E-03   -7.7216598E-03   5.8387459E-02   1.5122419E+05   1.5169732E+05   9.5271244E+04   0.0000000E+00   0.0000000E+00   0.0000000E+00   0.0000000E+00
   8.0345972E-01   1.3994642E+05   1.3994642E+05   7.1627462E-03   -6.4248446E-03   4.9280797E-02   1.3950993E+05   1.3994642E+05   8.7891257E+04   0.0000000E+00   0.0000000E+00   0.0000000E+00   0.0000000E+00
   8.4870447E-01   1.2841315E+05   1.2841315E+05   5.8891447E-03   -5.2835289E-03   4.1118572E-02   1.2801261E+05   1.2841315E+05   8.0647945E+04   0.0000000E+00   0.0000000E+00   0.0000000E+00   0.0000000E+00
   8.9958198E-01   1.1714265E+05   1.1714265E+05   4.8090740E-03   -4.2900261E-03   3.3933481E-02   1.1677725E+05   1.1714265E+05   7.3569670E+04   0.0000000E+00   0.0000000E+00   0.0000000E+00   0.0000000E+00
   9.5684897E-01   1.0622237E+05   1.0622237E+05   3.8332742E-03   -3.4383825E-03   2.7604240E-02   1.0589102E+05   1.0622237E+05   6.6711346E+04   0.0000000E+00   0.0000000E+00   0.0000000E+00   0.0000000E+00
   1.0210797E+00   9.5773698E+04   9.5773698E+04   3.0336059E-03   -2.7223930E-03   2.2235830E-02   9.5474935E+04   9.5773698E+04   6.0149211E+04   0.0000000E+00   0.0000000E+00   0.0000000E+00   0.0000000E+00
   1.0925647E+00   8.5933461E+04   8.5933461E+04   2.3769579E-03   -2.1334906E-03   1.7701045E-02   8.5665387E+04   8.5933461E+04   5.3969195E+04   0.0000000E+00   0.0000000E+00   0.0000000E+00   0.0000000E+00
   1.1713314E+00   7.6819522E+04   7.6819522E+04   1.8484102E-03   -1.6593331E-03   1.3951022E-02   7.6579873E+04   7.6819522E+04   4.8245321E+04   0.0000000E+00   0.0000000E+00   0.0000000E+00   0.0000000E+00
   1.2572970E+00   6.8499029E+04   6.8499029E+04   1.4309558E-03   -1.2841893E-03   1.0930329E-02   6.8285332E+04   6.8499029E+04   4.3019760E+04   0.0000000E+00   0.0000000E+00   0.0000000E+00   0.0000000E+00
   1.3504470E+00   6.0980109E+04   6.0980109E+04   1.1038086E-03   -9.9095136E-04   8.5335315E-03   6.0789865E+04   6.0980109E+04   3.8297616E+04   0.0000000E+00   0.0000000E+00   0.0000000E+00   0.0000000E+00
   1.4509354E+00   5.4229449E+04   5.4229449E+04   8.5048138E-04   -7.6340892E-04   6.6570952E-03   5.4060262E+04   5.4229449E+04   3.4057965E+04   0.0000000E+00   0.0000000E+00   0.0000000E+00   0.0000000E+00
   1.5590916E+00   4.8190117E+04   4.8190117E+04   6.5437039E-04   -5.8753247E-04   5.1852233E-03   4.8039770E+04   4.8190117E+04   3.0265055E+04   0.0000000E+00   0.0000000E+00   0.0000000E+00   0.0000000E+00
   1.6753822E+00   4.2797539E+04   4.2797539E+04   5.0317129E-04   -4.5186315E-04   4.0201190E-03   4.2664014E+04   4.2797539E+04   2.6878329E+04   0.0000000E+00   0.0000000E+00   0.0000000E+00   0.0000000E+00
   1.8003707E+00   3.7988138E+04   3.7988138E+04   3.8706944E-04   -3.4732726E-04   3.1158157E-03   3.7869616E+04   3.7988138E+04   2.3857859E+04   0.0000000E+00   0.0000000E+00   0.0000000E+00   0.0000000E+00
   1.9346906E+00   3.3702232E+04   3.3702232E+04   2.9710362E-04   -2.6683890E-04   2.4192919E-03   3.3597081E+04   3.3702232E+04   2.1166161E+04   0.0000000E+00   0.0000000E+00   0.0000000E+00   0.0000000E+00
   2.0790333E+00   2.9885462E+04   2.9885462E+04   2.2809926E-04   -2.0490343E-04   1.8664611E-03   2.9792219E+04   2.9885462E+04   1.8769098E+04   0.0000000E+00   0.0000000E+00   0.0000000E+00   0.0000000E+00
   2.2341454E+00   2.6488649E+04   2.6488649E+04   1.7505828E-04   -1.5727063E-04   1.4473153E-03   2.6406003E+04   2.6488649E+04   1.6635782E+04   0.0000000E+00   0.0000000E+00   0.0000000E+00   0.0000000E+00
   2.4008301E+00   2.3467332E+04   2.3467332E+04   1.3428808E-04   -1.2065628E-04   1.1195850E-03   2.3394113E+04   2.3467332E+04   1.4738291E+04   0.0000000E+00   0.0000000E+00   0.0000000E+00   0.0000000E+00
   2.5799508E+00   2.0781577E+04   2.0781577E+04   1.0280611E-04   -9.2525795E-05   8.6166349E-04   2.0716737E+04   2.0781577E+04   1.3051544E+04   0.0000000E+00   0.0000000E+00   0.0000000E+00   0.0000000E+00
   2.7724353E+00   1.8395440E+04   1.8395440E+04   7.9013190E-05   -7.0923874E-05   6.6505382E-04   1.8338044E+04   1.8395440E+04   1.1552968E+04   0.0000000E+00   0.0000000E+00   0.0000000E+00   0.0000000E+00
   2.9792807E+00   1.6276623E+04   1.6276623E+04   6.0492820E-05   -5.4343080E-05   5.1183384E-04   1.6225838E+04   1.6276623E+04   1.0222278E+04   0.0000000E+00   0.0000000E+00   0.0000000E+00   0.0000000E+00
   3.2015584E+00   1.4396151E+04   1.4396151E+04   4.6326026E-05   -4.1622067E-05   3.9445471E-04   1.4351233E+04   1.4396151E+04   9.0412770E+03   0.0000000E+00   0.0000000E+00   0.0000000E+00   0.0000000E+00
   3.4404197E+00   1.2728046E+04   1.2728046E+04   3.5467870E-05   -3.1866615E-05   3.0273510E-04   1.2688333E+04   1.2728046E+04   7.9936498E+03   0.0000000E+00   0.0000000E+00   0.0000000E+00   0.0000000E+00
   3.6971019E+00   1.1249039E+04   1.1249039E+04   2.7153770E-05   -2.4388558E-05   2.3280205E-04   1.1213941E+04   1.1249039E+04   7.0647827E+03   0.0000000E+00   0.0000000E+00   0.0000000E+00   0.0000000E+00
   3.9729347E+00   9.9383059E+03   9.9383059E+03   2.0735415E-05   -1.8658600E-05   1.7980286E-04   9.9072969E+03   9.9383059E+03   6.2415971E+03   0.0000000E+00   0.0000000E+00   0.0000000E+00   0.0000000E+00
   4.2693467E+00   8.7772242E+03   8.7772242E+03   1.5881795E-05   -1.4269845E-05   1.3713677E-04   8.7498379E+03   8.7772242E+03   5.5123979E+03   0.0000000E+00   0.0000000E+00   0.0000000E+00   0.0000000E+00
   4.5878734E+00   7.7491565E+03   7.7491565E+03   1.2161392E-05   -1.0909660E-05   1.0553584E-04   7.7249778E+03   7.7491565E+03   4.8667361E+03   0.0000000E+00   0.0000000E+00   0.0000000E+00   0.0000000E+00
   4.9301647E+00   6.8392487E+03   6.8392487E+03   9.2800487E-06   -8.3379454E-06   8.0808254E-05   6.8179091E+03   6.8392487E+03   4.2952828E+03   0.0000000E+00   0.0000000E+00   0.0000000E+00   0.0000000E+00
   5.2979935E+00   6.0342494E+03   6.0342494E+03   7.0816588E-06   -6.3704025E-06   6.1934082E-05   6.0154215E+03   6.0342494E+03   3.7897156E+03   0.0000000E+00   0.0000000E+00   0.0000000E+00   0.0000000E+00
   5.6932653E+00   5.3223446E+03   5.3223446E+03   5.4156406E-06   -4.8656235E-06   4.7544452E-05   5.3057379E+03   5.3223446E+03   3.3426149E+03   0.0000000E+00   0.0000000E+00   0.0000000E+00   0.0000000E+00
   6.1180275E+00   4.6930095E+03   4.6930095E+03   4.1349386E-06   -3.7151605E-06   3.6557600E-05   4.6783664E+03   4.6930095E+03   2.9473709E+03   0.0000000E+00   0.0000000E+00   0.0000000E+00   0.0000000E+00
   6.5744802E+00   4.1368738E+03   4.1368738E+03   3.1549371E-06   -2.8358784E-06   2.7745977E-05   4.1239660E+03   4.1368738E+03   2.5980986E+03   0.0000000E+00   0.0000000E+00   0.0000000E+00   0.0000000E+00
   7.0649879E+00   3.6456003E+03   3.6456003E+03   2.4087359E-06   -2.1640731E-06   2.1326006E-05   3.6342253E+03   3.6456003E+03   2.2895620E+03   0.0000000E+00   0.0000000E+00   0.0000000E+00   0.0000000E+00
   7.5920913E+00   3.2117753E+03   3.2117753E+03   1.8376779E-06   -1.6509489E-06   1.6217360E-05   3.2017540E+03   3.2117753E+03   2.0171050E+03   0.0000000E+00   0.0000000E+00   0.0000000E+00   0.0000000E+00
   8.1585208E+00   2.8288105E+03   2.8288105E+03   1.4019775E-06   -1.2591450E-06   1.2445246E-05   2.8199841E+03   2.8288105E+03   1.7765900E+03   0.0000000E+00   0.0000000E+00   0.0000000E+00   0.0000000E+00
   8.7672103E+00   2.4908540E+03   2.4908540E+03   1.0688988E-06   -9.6006576E-07   9.4498555E-06   2.4830821E+03   2.4908540E+03   1.5643417E+03   0.0000000E+00   0.0000000E+00   0.0000000E+00   0.0000000E+00
   9.4213128E+00   2.1927112E+03   2.1927112E+03   8.1473225E-07   -7.3183300E-07   7.1865835E-06   2.1858695E+03   2.1927112E+03   1.3770978E+03   0.0000000E+00   0.0000000E+00   0.0000000E+00   0.0000000E+00
   1.0124217E+01   1.9297728E+03   1.9297728E+03   6.2112176E-07   -5.5771354E-07   5.5509261E-06   1.9237515E+03   1.9297728E+03   1.2119635E+03   0.0000000E+00   0.0000000E+00   0.0000000E+00   0.0000000E+00
