#           k/h    CDM            baryon         photon         nu             mass_nu        total          no_nu          total_de       Weyl           v_CDM          v_b            v_b-v_c     
   1.0885483E-05   6.5954635E+06   6.5954635E+06   8.7927109E+06   8.3214787E+03   -1.7575823E+05   6.5956102E+06   6.5954635E+06   6.5103404E+06   0.0000000E+00   0.0000000E+00   0.0000000E+00   0.0000000E+00
   1.1697625E-05   6.5954624E+06   6.5954624E+06   8.7925175E+06   8.3213301E+03   -1.7575725E+05   6.5956090E+06   6.5954624E+06   6.5103392E+06   0.0000000E+00   0.0000000E+00   0.0000000E+00   0.0000000E+00
   1.2570360E-05   6.5954612E+06   6.5954612E+06   8.7922941E+06   8.3211585E+03   -1.7575613E+05   6.5956077E+06   6.5954612E+06   6.5103379E+06   0.0000000E+00   0.0000000E+00   0.0000000E+00   0.0000000E+00
   1.3508207E-05   6.5954597E+06   6.5954597E+06   8.7920362E+06   8.3209604E+03   -1.7575483E+05   6.5956061E+06   6.5954597E+06   6.5103363E+06   0.0000000E+00   0.0000000E+00   0.0000000E+00   0.0000000E+00
   1.4516025E-05   6.5954581E+06   6.5954581E+06   8.7917383E+06   8.3207316E+03   -1.7575333E+05   6.5956043E+06   6.5954581E+06   6.5103345E+06   0.0000000E+00   0.0000000E+00   0.0000000E+00   0.0000000E+00
   1.5599034E-05   6.5954561E+06   6.5954561E+06   8.7913944E+06   8.3204675E+03   -1.7575160E+05   6.5956022E+06   6.5954561E+06   6.5103325E+06   0.0000000E+00   0.0000000E+00   0.0000000E+00   0.0000000E+00
   1.6762844E-05   6.5954539E+06   6.5954539E+06   8.7909972E+06   8.3201624E+03   -1.7574960E+05   6.5955998E+06   6.5954539E+06   6.5103301E+06   0.0000000E+00   0.0000000E+00   0.0000000E+00   0.0000000E+00
   1.8013483E-05   6.5954513E+06   6.5954513E+06   8.7905386E+06   8.3198101E+03   -1.7574729E+05   6.5955970E+06   6.5954513E+06   6.5103274E+06   0.0000000E+00   0.0000000E+00   0.0000000E+00   0.0000000E+00
   1.9357430E-05   6.5954483E+06   6.5954483E+06   8.7900090E+06   8.3194034E+03   -1.7574462E+05   6.5955937E+06   6.5954483E+06   6.5103242E+06   0.0000000E+00   0.0000000E+00   0.0000000E+00   0.0000000E+00
   2.0801646E-05   6.5954449E+06   6.5954449E+06   8.7893975E+06   8.3189337E+03   -1.7574154E+05   6.5955900E+06   6.5954449E+06   6.5103205E+06   0.0000000E+00   0.0000000E+00   0.0000000E+00   0.0000000E+00
   2.2353612E-05   6.5954409E+06   6.5954409E+06   8.7886914E+06   8.3183913E+03   -1.7573798E+05   6.5955857E+06   6.5954409E+06   6.5103163E+06   0.0000000E+00   0.0000000E+00   0.0000000E+00   0.0000000E+00
   2.4021366E-05   6.5954363E+06   6.5954363E+06   8.7878761E+06   8.3177650E+03   -1.7573387E+05   6.5955808E+06   6.5954363E+06   6.5103114E+06   0.0000000E+00   0.0000000E+00   0.0000000E+00   0.0000000E+00
   2.5813548E-05   6.5954310E+06   6.5954310E+06   8.7869347E+06   8.3170418E+03   -1.7572912E+05   6.5955750E+06   6.5954310E+06   6.5103057E+06   0.0000000E+00   0.0000000E+00   0.0000000E+00   0.0000000E+00
   2.7739441E-05   6.5954249E+06   6.5954249E+06   8.7858476E+06   8.3162068E+03   -1.7572364E+05   6.5955684E+06   6.5954249E+06   6.5102992E+06   0.0000000E+00   0.0000000E+00   0.0000000E+00   0.0000000E+00
   2.9809020E-05   6.5954178E+06   6.5954178E+06   8.7845925E+06   8.3152426E+03   -1.7571731E+05   6.5955607E+06   6.5954178E+06   6.5102917E+06   0.0000000E+00   0.0000000E+00   0.0000000E+00   0.0000000E+00
   3.2033007E-05   6.5954096E+06   6.5954096E+06   8.7831433E+06   8.3141293E+03   -1.7571000E+05   6.5955519E+06   6.5954096E+06   6.5102830E+06   0.0000000E+00   0.0000000E+00   0.0000000E+00   0.0000000E+00
   3.4422920E-05   6.5954002E+06   6.5954002E+06   8.7814701E+06   8.3128439E+03   -1.7570156E+05   6.5955417E+06   6.5954002E+06   6.5102730E+06   0.0000000E+00   0.0000000E+00   0.0000000E+00   0.0000000E+00
   3.6991139E-05   6.5953893E+06   6.5953893E+06   8.7795383E+06   8.3113598E+03   -1.7569180E+05   6.5955299E+06   6.5953893E+06   6.5102614E+06   0.0000000E+00   0.0000000E+00   0.0000000E+00   0.0000000E+00
   3.9750967E-05   6.5953767E+06   6.5953767E+06   8.7773080E+06   8.3096462E+03   -1.7568054E+05   6.5955164E+06   6.5953767E+06   6.5102480E+06   0.0000000E+00   0.0000000E+00   0.0000000E+00   0.0000000E+00
   4.2716701E-05   6.5953622E+06   6.5953622E+06   8.7747331E+06   8.3076678E+03   -1.7566752E+05   6.5955007E+06   6.5953622E+06   6.5102325E+06   0.0000000E+00   0.0000000E+00   0.0000000E+00   0.0000000E+00
   4.5903701E-05   6.5953454E+06   6.5953454E+06   8.7717606E+06   8.3053838E+03   -1.7565249E+05   6.5954825E+06   6.5953454E+06   6.5102147E+06   0.0000000E+00   0.0000000E+00   0.0000000E+00   0.0000000E+00
   4.9328476E-05   6.5953261E+06   6.5953261E+06   8.7683292E+06   8.3027470E+03   -1.7563512E+05   6.5954616E+06   6.5953261E+06   6.5101940E+06   0.0000000E+00   0.0000000E+00   0.0000000E+00   0.0000000E+00
   5.3008767E-05   6.5953037E+06   6.5953037E+06   8.7643683E+06   8.2997030E+03   -1.7561506E+05   6.5954374E+06   6.5953037E+06   6.5101702E+06   0.0000000E+00   0.0000000E+00   0.0000000E+00   0.0000000E+00
   5.6963636E-05   6.5952779E+06   6.5952779E+06   8.7597964E+06   8.2961892E+03   -1.7559188E+05   6.5954095E+06   6.5952779E+06   6.5101428E+06   0.0000000E+00   0.0000000E+00   0.0000000E+00   0.0000000E+00
   6.1213569E-05   6.5952481E+06   6.5952481E+06   8.7545197E+06   8.2921332E+03   -1.7556509E+05   6.5953773E+06   6.5952481E+06   6.5101110E+06   0.0000000E+00   0.0000000E+00   0.0000000E+00   0.0000000E+00
   6.5780581E-05   6.5952137E+06   6.5952137E+06   8.7484300E+06   8.2874518E+03   -1.7553414E+05   6.5953401E+06   6.5952137E+06   6.5100744E+06   0.0000000E+00   0.0000000E+00   0.0000000E+00   0.0000000E+00
   7.0688327E-05   6.5951740E+06   6.5951740E+06   8.7414028E+06   8.2820489E+03   -1.7549837E+05   6.5952971E+06   6.5951740E+06   6.5100321E+06   0.0000000E+00   0.0000000E+00   0.0000000E+00   0.0000000E+00
   7.5962229E-05   6.5951281E+06   6.5951281E+06   8.7332947E+06   8.2758139E+03   -1.7545702E+05   6.5952475E+06   6.5951281E+06   6.5099832E+06   0.0000000E+00   0.0000000E+00   0.0000000E+00   0.0000000E+00
   8.1629606E-05   6.5950751E+06   6.5950751E+06   8.7239404E+06   8.2686192E+03   -1.7540923E+05   6.5951903E+06   6.5950751E+06   6.5099268E+06   0.0000000E+00   0.0000000E+00   0.0000000E+00   0.0000000E+00
   8.7719814E-05   6.5950139E+06   6.5950139E+06   8.7131502E+06   8.2603184E+03   -1.7535397E+05   6.5951242E+06   6.5950139E+06   6.5098617E+06   0.0000000E+00   0.0000000E+00   0.0000000E+00   0.0000000E+00
   9.4264399E-05   6.5949433E+06   6.5949433E+06   8.7007057E+06   8.2507425E+03   -1.7529007E+05   6.5950479E+06   6.5949433E+06   6.5097866E+06   0.0000000E+00   0.0000000E+00   0.0000000E+00   0.0000000E+00
   1.0129726E-04   6.5948618E+06   6.5948618E+06   8.6863561E+06   8.2396975E+03   -1.7521616E+05   6.5949597E+06   6.5948618E+06   6.5096998E+06   0.0000000E+00   0.0000000E+00   0.0000000E+00   0.0000000E+00
   1.0885483E-04   6.5947678E+06   6.5947678E+06   8.6698136E+06   8.2269602E+03   -1.7513065E+05   6.5948580E+06   6.5947678E+06   6.5095996E+06   0.0000000E+00   0.0000000E+00   0.0000000E+00   0.0000000E+00
   1.1697625E-04   6.5946592E+06   6.5946592E+06   8.6507481E+06   8.2122746E+03   -1.7503170E+05   6.5947406E+06   6.5946592E+06   6.5094840E+06   0.0000000E+00   0.0000000E+00   0.0000000E+00   0.0000000E+00
   1.2570360E-04   6.5945338E+06   6.5945338E+06   8.6287813E+06   8.1953467E+03   -1.7491716E+05   6.5946051E+06   6.5945338E+06   6.5093505E+06   0.0000000E+00   0.0000000E+00   0.0000000E+00   0.0000000E+00
   1.3508207E-04   6.5943891E+06   6.5943891E+06   8.6034808E+06   8.1758397E+03   -1.7478452E+05   6.5944488E+06   6.5943891E+06   6.5091965E+06   0.0000000E+00   0.0000000E+00   0.0000000E+00   0.0000000E+00
   1.4516025E-04   6.5942221E+06   6.5942221E+06   8.5743525E+06   8.1533679E+03   -1.7463087E+05   6.5942683E+06   6.5942221E+06   6.5090188E+06   0.0000000E+00   0.0000000E+00   0.0000000E+00   0.0000000E+00
   1.5599034E-04   6.5940295E+06   6.5940295E+06   8.5408329E+06   8.1274904E+03   -1.7445280E+05   6.5940600E+06   6.5940295E+06   6.5088137E+06   0.0000000E+00   0.0000000E+00   0.0000000E+00   0.0000000E+00
   1.6762844E-04   6.5938072E+06   6.5938072E+06   8.5022809E+06   8.0977041E+03   -1.7424631E+05   6.5938198E+06   6.5938072E+06   6.5085770E+06   0.0000000E+00   0.0000000E+00   0.0000000E+00   0.0000000E+00
   1.8013483E-04   6.5935507E+06   6.5935507E+06   8.4579689E+06   8.0634357E+03   -1.7400675E+05   6.5935426E+06   6.5935507E+06   6.5083040E+06   0.0000000E+00   0.0000000E+00   0.0000000E+00   0.0000000E+00
   1.9357430E-04   6.5932549E+06   6.5932549E+06   8.4070732E+06   8.0240336E+03   -1.7372863E+05   6.5932229E+06   6.5932549E+06   6.5079891E+06   0.0000000E+00   0.0000000E+00   0.0000000E+00   0.0000000E+00
   2.0801646E-04   6.5929137E+06   6.5929137E+06   8.3486644E+06   7.9787592E+03   -1.7340551E+05   6.5928542E+06   6.5929137E+06   6.5076260E+06   0.0000000E+00   0.0000000E+00   0.0000000E+00   0.0000000E+00
   2.2353612E-04   6.5925203E+06   6.5925203E+06   8.2816987E+06   7.9267775E+03   -1.7302982E+05   6.5924290E+06   6.5925203E+06   6.5072073E+06   0.0000000E+00   0.0000000E+00   0.0000000E+00   0.0000000E+00
   2.4021366E-04   6.5920667E+06   6.5920667E+06   8.2050085E+06   7.8671484E+03   -1.7259264E+05   6.5919390E+06   6.5920667E+06   6.5067246E+06   0.0000000E+00   0.0000000E+00   0.0000000E+00   0.0000000E+00
   2.5813548E-04   6.5915440E+06   6.5915440E+06   8.1172955E+06   7.7988177E+03   -1.7208342E+05   6.5913742E+06   6.5915440E+06   6.5061683E+06   0.0000000E+00   0.0000000E+00   0.0000000E+00   0.0000000E+00
   2.7739441E-04   6.5909418E+06   6.5909418E+06   8.0171262E+06   7.7206093E+03   -1.7148969E+05   6.5907236E+06   6.5909418E+06   6.5055275E+06   0.0000000E+00   0.0000000E+00   0.0000000E+00   0.0000000E+00
   2.9809020E-04   6.5902482E+06   6.5902482E+06   7.9029306E+06   7.6312193E+03   -1.7079669E+05   6.5899743E+06   6.5902482E+06   6.5047894E+06   0.0000000E+00   0.0000000E+00   0.0000000E+00   0.0000000E+00
   3.2033007E-04   6.5894496E+06   6.5894496E+06   7.7730069E+06   7.5292131E+03   -1.6998690E+05   6.5891118E+06   6.5894496E+06   6.5039398E+06   0.0000000E+00   0.0000000E+00   0.0000000E+00   0.0000000E+00
   3.4422920E-04   6.5885305E+06   6.5885305E+06   7.6255341E+06   7.4130260E+03   -1.6903955E+05   6.5881193E+06   6.5885305E+06   6.5029621E+06   0.0000000E+00   0.0000000E+00   0.0000000E+00   0.0000000E+00
   3.6991139E-04   6.5874734E+06   6.5874734E+06   7.4585951E+06   7.2809709E+03   -1.6793002E+05   6.5869779E+06   6.5874734E+06   6.5018377E+06   0.0000000E+00   0.0000000E+00   0.0000000E+00   0.0000000E+00
   3.9750967E-04   6.5862583E+06   6.5862583E+06   7.2702144E+06   7.1312543E+03   -1.6662910E+05   6.5856661E+06   6.5862583E+06   6.5005454E+06   0.0000000E+00   0.0000000E+00   0.0000000E+00   0.0000000E+00
   4.2716701E-04   6.5848623E+06   6.5848623E+06   7.0584139E+06   6.9620039E+03   -1.6510226E+05   6.5841595E+06   6.5848623E+06   6.4990611E+06   0.0000000E+00   0.0000000E+00   0.0000000E+00   0.0000000E+00
   4.5903701E-04   6.5832599E+06   6.5832599E+06   6.8212927E+06   6.7713111E+03   -1.6330879E+05   6.5824305E+06   6.5832599E+06   6.4973577E+06   0.0000000E+00   0.0000000E+00   0.0000000E+00   0.0000000E+00
   4.9328476E-04   6.5814221E+06   6.5814221E+06   6.5571346E+06   6.5572934E+03   -1.6120092E+05   6.5804482E+06   6.5814221E+06   6.4954045E+06   0.0000000E+00   0.0000000E+00   0.0000000E+00   0.0000000E+00
   5.3008767E-04   6.5793164E+06   6.5793164E+06   6.2645504E+06   6.3181808E+03   -1.5872306E+05   6.5781777E+06   6.5793164E+06   6.4931673E+06   0.0000000E+00   0.0000000E+00   0.0000000E+00   0.0000000E+00
   5.6963636E-04   6.5769064E+06   6.5769064E+06   5.9426574E+06   6.0524305E+03   -1.5581115E+05   6.5755802E+06   6.5769064E+06   6.4906077E+06   0.0000000E+00   0.0000000E+00   0.0000000E+00   0.0000000E+00
   6.1213569E-04   6.5741516E+06   6.5741516E+06   5.5913003E+06   5.7588760E+03   -1.5239245E+05   6.5726125E+06   6.5741516E+06   6.4876830E+06   0.0000000E+00   0.0000000E+00   0.0000000E+00   0.0000000E+00
   6.5780581E-04   6.5710070E+06   6.5710070E+06   5.2113092E+06   5.4369114E+03   -1.4838601E+05   6.5692269E+06   6.5710070E+06   6.4843462E+06   0.0000000E+00   0.0000000E+00   0.0000000E+00   0.0000000E+00
   7.0688327E-04   6.5674230E+06   6.5674230E+06   4.8047894E+06   5.0867136E+03   -1.4370421E+05   6.5653708E+06   6.5674230E+06   6.4805452E+06   0.0000000E+00   0.0000000E+00   0.0000000E+00   0.0000000E+00
   7.5962229E-04   6.5633451E+06   6.5633451E+06   4.3754209E+06   4.7094959E+03   -1.3825599E+05   6.5609870E+06   6.5633451E+06   6.4762234E+06   0.0000000E+00   0.0000000E+00   0.0000000E+00   0.0000000E+00
   8.1629606E-04   6.5587141E+06   6.5587141E+06   3.9287366E+06   4.3077813E+03   -1.3195232E+05   6.5560131E+06   6.5587141E+06   6.4713194E+06   0.0000000E+00   0.0000000E+00   0.0000000E+00   0.0000000E+00
   8.7719814E-04   6.5534657E+06   6.5534657E+06   3.4723269E+06   3.8856726E+03   -1.2471472E+05   6.5503823E+06   6.5534657E+06   6.4657667E+06   0.0000000E+00   0.0000000E+00   0.0000000E+00   0.0000000E+00
   9.4264399E-04   6.5475306E+06   6.5475306E+06   3.0158974E+06   3.4490817E+03   -1.1648743E+05   6.5440230E+06   6.5475306E+06   6.4594947E+06   0.0000000E+00   0.0000000E+00   0.0000000E+00   0.0000000E+00
   1.0129726E-03   6.5408347E+06   6.5408347E+06   2.5710856E+06   3.0058616E+03   -1.0725338E+05   6.5368594E+06   6.5408347E+06   6.4524280E+06   0.0000000E+00   0.0000000E+00   0.0000000E+00   0.0000000E+00
   1.0885483E-03   6.5332991E+06   6.5332991E+06   2.1509319E+06   2.5657696E+03   -9.7053560E+04   6.5288115E+06   6.5332991E+06   6.4444874E+06   0.0000000E+00   0.0000000E+00   0.0000000E+00   0.0000000E+00
   1.1697625E-03   6.5248398E+06   6.5248398E+06   1.7689066E+06   2.1401746E+03   -8.6007559E+04   6.5197958E+06   6.5248398E+06   6.4355899E+06   0.0000000E+00   0.0000000E+00   0.0000000E+00   0.0000000E+00
   1.2570360E-03   6.5153681E+06   6.5153681E+06   1.4374396E+06   1.7414229E+03   -7.4331238E+04   6.5097247E+06   6.5153681E+06   6.4256487E+06   0.0000000E+00   0.0000000E+00   0.0000000E+00   0.0000000E+00
   1.3508207E-03   6.5047894E+06   6.5047894E+06   1.1660059E+06   1.3818017E+03   -6.2344440E+04   6.4985074E+06   6.5047894E+06   6.4145734E+06   0.0000000E+00   0.0000000E+00   0.0000000E+00   0.0000000E+00
   1.4516025E-03   6.4930034E+06   6.4930034E+06   9.5899150E+05   1.0721061E+03   -5.0459288E+04   6.4860482E+06   6.4930034E+06   6.4022692E+06   0.0000000E+00   0.0000000E+00   0.0000000E+00   0.0000000E+00
   1.5599034E-03   6.4799025E+06   6.4799025E+06   8.1380379E+05   8.1993342E+02   -3.9138804E+04   6.4722470E+06   6.4799025E+06   6.3886366E+06   0.0000000E+00   0.0000000E+00   0.0000000E+00   0.0000000E+00
   1.6762844E-03   6.4653713E+06   6.4653713E+06   7.1993850E+05   6.2799806E+02   -2.8819390E+04   6.4569970E+06   6.4653713E+06   6.3735698E+06   0.0000000E+00   0.0000000E+00   0.0000000E+00   0.0000000E+00
   1.8013483E-03   6.4492853E+06   6.4492853E+06   6.5984915E+05   4.9294272E+02   -1.9802315E+04   6.4401845E+06   6.4492853E+06   6.3569564E+06   0.0000000E+00   0.0000000E+00   0.0000000E+00   0.0000000E+00
   1.9357430E-03   6.4315115E+06   6.4315115E+06   6.1227664E+05   4.0524932E+02   -1.2140474E+04   6.4216875E+06   6.4315115E+06   6.3386762E+06   0.0000000E+00   0.0000000E+00   0.0000000E+00   0.0000000E+00
   2.0801646E-03   6.4119088E+06   6.4119088E+06   5.5796877E+05   3.5077869E+02   -5.5733376E+03   6.4013761E+06   6.4119088E+06   6.3186012E+06   0.0000000E+00   0.0000000E+00   0.0000000E+00   0.0000000E+00
   2.2353612E-03   6.3903308E+06   6.3903308E+06   4.8637940E+05   3.1405669E+02   4.2004988E+02   6.3791136E+06   6.3903308E+06   6.2965972E+06   0.0000000E+00   0.0000000E+00   0.0000000E+00   0.0000000E+00
   2.4021366E-03   6.3666294E+06   6.3666294E+06   4.0036451E+05   2.8261564E+02   6.4012402E+03   6.3547584E+06   6.3666294E+06   6.2725255E+06   0.0000000E+00   0.0000000E+00   0.0000000E+00   0.0000000E+00
   2.5813548E-03   6.3406576E+06   6.3406576E+06   3.1517485E+05   2.5071143E+02   1.2625302E+04   6.3281664E+06   6.3406576E+06   6.2462450E+06   0.0000000E+00   0.0000000E+00   0.0000000E+00   0.0000000E+00
   2.7739441E-03   6.3122713E+06   6.3122713E+06   2.4977894E+05   2.2020188E+02   1.8753885E+04   6.2991919E+06   6.3122713E+06   6.2176129E+06   0.0000000E+00   0.0000000E+00   0.0000000E+00   0.0000000E+00
   2.9809020E-03   6.2813269E+06   6.2813269E+06   2.1359433E+05   1.9719943E+02   2.3924089E+04   6.2676858E+06   6.2813269E+06   6.1864831E+06   0.0000000E+00   0.0000000E+00   0.0000000E+00   0.0000000E+00
   3.2033007E-03   6.2476768E+06   6.2476768E+06   1.9789109E+05   1.8574871E+02   2.7342164E+04   6.2334931E+06   6.2476768E+06   6.1527031E+06   0.0000000E+00   0.0000000E+00   0.0000000E+00   0.0000000E+00
   3.4422920E-03   6.2111642E+06   6.2111642E+06   1.8197230E+05   1.8300052E+02   2.9082915E+04   6.1964502E+06   6.2111642E+06   6.1161120E+06   0.0000000E+00   0.0000000E+00   0.0000000E+00   0.0000000E+00
   3.6991139E-03   6.1716240E+06   6.1716240E+06   1.5307855E+05   1.8080798E+02   3.0229282E+04   6.1563879E+06   6.1716240E+06   6.0765431E+06   0.0000000E+00   0.0000000E+00   0.0000000E+00   0.0000000E+00
   3.9750967E-03   6.1288875E+06   6.1288875E+06   1.2056939E+05   1.7341701E+02   3.1757691E+04   6.1131380E+06   6.1288875E+06   6.0338303E+06   0.0000000E+00   0.0000000E+00   0.0000000E+00   0.0000000E+00
   4.2716701E-03   6.0827879E+06   6.0827879E+06   1.0278460E+05   1.6302005E+02   3.3176408E+04   6.0665378E+06   6.0827879E+06   5.9878130E+06   0.0000000E+00   0.0000000E+00   0.0000000E+00   0.0000000E+00
   4.5903701E-03   6.0331586E+06   6.0331586E+06   9.8282968E+04   1.5509512E+02   3.3146396E+04   6.0164267E+06   6.0331586E+06   5.9383329E+06   0.0000000E+00   0.0000000E+00   0.0000000E+00   0.0000000E+00
   4.9328476E-03   5.9798281E+06   5.9798281E+06   8.6961688E+04   1.4919575E+02   3.1925265E+04   5.9626406E+06   5.9798281E+06   5.8852276E+06   0.0000000E+00   0.0000000E+00   0.0000000E+00   0.0000000E+00
   5.3008767E-03   5.9226236E+06   5.9226236E+06   6.7041530E+04   1.4046584E+02   3.1307022E+04   5.9050143E+06   5.9226236E+06   5.8283343E+06   0.0000000E+00   0.0000000E+00   0.0000000E+00   0.0000000E+00
   5.6963636E-03   5.8613801E+06   5.8613801E+06   5.7440544E+04   1.2963434E+02   3.1074115E+04   5.8433917E+06   5.8613801E+06   5.7674983E+06   0.0000000E+00   0.0000000E+00   0.0000000E+00   0.0000000E+00
   6.1213569E-03   5.7959402E+06   5.7959402E+06   5.3432486E+04   1.2066690E+02   2.9609373E+04   5.7776193E+06   5.7959402E+06   5.7025684E+06   0.0000000E+00   0.0000000E+00   0.0000000E+00   0.0000000E+00
   6.5780581E-03   5.7261464E+06   5.7261464E+06   4.1380113E+04   1.1172700E+02   2.8237228E+04   5.7075347E+06   5.7261464E+06   5.6333839E+06   0.0000000E+00   0.0000000E+00   0.0000000E+00   0.0000000E+00
   7.0688327E-03   5.6518402E+06   5.6518402E+06   3.6391386E+04   1.0208087E+02   2.7353651E+04   5.6329699E+06   5.6518402E+06   5.5597788E+06   0.0000000E+00   0.0000000E+00   0.0000000E+00   0.0000000E+00
   7.5962229E-03   5.5728638E+06   5.5728638E+06   3.3317491E+04   9.3819085E+01   2.5217621E+04   5.5537697E+06   5.5728638E+06   5.4815999E+06   0.0000000E+00   0.0000000E+00   0.0000000E+00   0.0000000E+00
   8.1629606E-03   5.4890607E+06   5.4890607E+06   2.5661596E+04   8.4656634E+01   2.3868301E+04   5.4697974E+06   5.4890607E+06   5.3987120E+06   0.0000000E+00   0.0000000E+00   0.0000000E+00   0.0000000E+00
   8.7719814E-03   5.4002883E+06   5.4002883E+06   2.4239484E+04   7.6349200E+01   2.2146163E+04   5.3809187E+06   5.4002883E+06   5.3109827E+06   0.0000000E+00   0.0000000E+00   0.0000000E+00   0.0000000E+00
   9.4264399E-03   5.3064095E+06   5.3064095E+06   1.8240345E+04   6.8673360E+01   2.0631053E+04   5.2869798E+06   5.3064095E+06   5.2182597E+06   0.0000000E+00   0.0000000E+00   0.0000000E+00   0.0000000E+00
   1.0129726E-02   5.2072867E+06   5.2072867E+06   1.7499360E+04   6.1334165E+01   1.8929971E+04   5.1878399E+06   5.2072867E+06   5.1204042E+06   0.0000000E+00   0.0000000E+00   0.0000000E+00   0.0000000E+00
   1.0885483E-02   5.1027875E+06   5.1027875E+06   1.3552663E+04   5.4357974E+01   1.7498911E+04   5.0833830E+06   5.1027875E+06   5.0173015E+06   0.0000000E+00   0.0000000E+00   0.0000000E+00   0.0000000E+00
   1.1697625E-02   4.9927937E+06   4.9927937E+06   1.2018684E+04   4.8233792E+01   1.5713009E+04   4.9734861E+06   4.9927937E+06   4.9088300E+06   0.0000000E+00   0.0000000E+00   0.0000000E+00   0.0000000E+00
   1.2570360E-02   4.8771961E+06   4.8771961E+06   1.0419665E+04   4.2343933E+01   1.4483804E+04   4.8580356E+06   4.8771961E+06   4.7948777E+06   0.0000000E+00   0.0000000E+00   0.0000000E+00   0.0000000E+00
   1.3508207E-02   4.7559008E+06   4.7559008E+06   8.1658681E+03   3.7088352E+01   1.3075194E+04   4.7369440E+06   4.7559008E+06   4.6753582E+06   0.0000000E+00   0.0000000E+00   0.0000000E+00   0.0000000E+00
   1.4516025E-02   4.6288398E+06   4.6288398E+06   6.9453668E+03   3.2391883E+01   1.1608243E+04   4.6101414E+06   4.6288398E+06   4.5502023E+06   0.0000000E+00   0.0000000E+00   0.0000000E+00   0.0000000E+00
   1.5599034E-02   4.4959738E+06   4.4959738E+06   6.1525513E+03   2.8116260E+01   1.0367019E+04   4.4775831E+06   4.4959738E+06   4.4193658E+06   0.0000000E+00   0.0000000E+00   0.0000000E+00   0.0000000E+00
   1.6762844E-02   4.3573081E+06   4.3573081E+06   5.3066601E+03   2.4272896E+01   9.2660229E+03   4.3392815E+06   4.3573081E+06   4.2828611E+06   0.0000000E+00   0.0000000E+00   0.0000000E+00   0.0000000E+00
   1.8013483E-02   4.2129087E+06   4.2129087E+06   4.4167357E+03   2.0877082E+01   8.2180692E+03   4.1952940E+06   4.2129087E+06   4.1407446E+06   0.0000000E+00   0.0000000E+00   0.0000000E+00   0.0000000E+00
   1.9357430E-02   4.0629207E+06   4.0629207E+06   3.7000537E+03   1.7877685E+01   7.2328696E+03   4.0457692E+06   4.0629207E+06   3.9931631E+06   0.0000000E+00   0.0000000E+00   0.0000000E+00   0.0000000E+00
   2.0801646E-02   3.9075948E+06   3.9075948E+06   3.0267129E+03   1.5234578E+01   6.3067330E+03   3.8909520E+06   3.9075948E+06   3.8403581E+06   0.0000000E+00   0.0000000E+00   0.0000000E+00   0.0000000E+00
   2.2353610E-02   3.7473168E+06   3.7473168E+06   2.4145533E+03   1.2926703E+01   5.4906973E+03   3.7312275E+06   3.7473168E+06   3.6827099E+06   0.0000000E+00   0.0000000E+00   0.0000000E+00   0.0000000E+00
   2.4021354E-02   3.5826412E+06   3.5826412E+06   1.9527418E+03   1.0904460E+01   4.8090431E+03   3.5671450E+06   3.5826412E+06   3.5207604E+06   0.0000000E+00   0.0000000E+00   0.0000000E+00   0.0000000E+00
   2.5813479E-02   3.4143288E+06   3.4143288E+06   1.7269070E+03   9.1658829E+00   4.1319001E+03   3.3994608E+06   3.4143288E+06   3.3552562E+06   0.0000000E+00   0.0000000E+00   0.0000000E+00   0.0000000E+00
   2.7739113E-02   3.2433870E+06   3.2433870E+06   1.3302864E+03   7.6690344E+00   3.5302216E+03   3.2291768E+06   3.2433870E+06   3.1871861E+06   0.0000000E+00   0.0000000E+00   0.0000000E+00   0.0000000E+00
   2.9807669E-02   3.0711158E+06   3.0711158E+06   1.1613881E+03   6.3849349E+00   3.0133982E+03   3.0575859E+06   3.0711158E+06   3.0178262E+06   0.0000000E+00   0.0000000E+00   0.0000000E+00   0.0000000E+00
   3.2028110E-02   2.8991652E+06   2.8991652E+06   9.1620244E+02   5.2914910E+00   2.5794481E+03   2.8863286E+06   2.8991652E+06   2.8487956E+06   0.0000000E+00   0.0000000E+00   0.0000000E+00   0.0000000E+00
   3.4407205E-02   2.7296025E+06   2.7296025E+06   7.2540574E+02   4.3719238E+00   2.1696836E+03   2.7174620E+06   2.7296025E+06   2.6821247E+06   0.0000000E+00   0.0000000E+00   0.0000000E+00   0.0000000E+00
   3.6946188E-02   2.5649663E+06   2.5649663E+06   5.8887982E+02   3.6030780E+00   1.8217575E+03   2.5535116E+06   2.5649663E+06   2.5203061E+06   0.0000000E+00   0.0000000E+00   0.0000000E+00   0.0000000E+00
   3.9635882E-02   2.4082166E+06   2.4082166E+06   4.7953049E+02   2.9670330E+00   1.5370224E+03   2.3974230E+06   2.4082166E+06   2.3662471E+06   0.0000000E+00   0.0000000E+00   0.0000000E+00   0.0000000E+00
   4.2452230E-02   2.2624351E+06   2.2624351E+06   4.0002686E+02   2.4491439E+00   1.3039278E+03   2.2522625E+06   2.2624351E+06   2.2229742E+06   0.0000000E+00   0.0000000E+00   0.0000000E+00   0.0000000E+00
   4.5356539E-02   2.1301988E+06   2.1301988E+06   3.4634850E+02   2.0327973E+00   1.1030083E+03   2.1205942E+06   2.1301988E+06   2.0930180E+06   0.0000000E+00   0.0000000E+00   0.0000000E+00   0.0000000E+00
   4.8303633E-02   2.0128492E+06   2.0128492E+06   2.9037242E+02   1.7019881E+00   9.2728214E+02   2.0037519E+06   2.0128492E+06   1.9776950E+06   0.0000000E+00   0.0000000E+00   0.0000000E+00   0.0000000E+00
   5.1254449E-02   1.9101392E+06   1.9101392E+06   2.3205368E+02   1.4393827E+00   7.9613841E+02   1.9014884E+06   1.9101392E+06   1.8767614E+06   0.0000000E+00   0.0000000E+00   0.0000000E+00   0.0000000E+00
   5.4184695E-02   1.8205037E+06   1.8205037E+06   1.9468079E+02   1.2303949E+00   7.0131492E+02   1.8122443E+06   1.8205037E+06   1.7886778E+06   0.0000000E+00   0.0000000E+00   0.0000000E+00   0.0000000E+00
   5.7085519E-02   1.7416809E+06   1.7416809E+06   1.7424039E+02   1.0623674E+00   6.1904746E+02   1.7337672E+06   1.7416809E+06   1.7112211E+06   0.0000000E+00   0.0000000E+00   0.0000000E+00   0.0000000E+00
   5.9959148E-02   1.6712769E+06   1.6712769E+06   1.5582414E+02   9.2547616E-01   5.4264785E+02   1.6636731E+06   1.6712769E+06   1.6420385E+06   0.0000000E+00   0.0000000E+00   0.0000000E+00   0.0000000E+00
   6.2813904E-02   1.6070967E+06   1.6070967E+06   1.3515728E+02   8.1191367E-01   4.7721143E+02   1.5997764E+06   1.6070967E+06   1.5789727E+06   0.0000000E+00   0.0000000E+00   0.0000000E+00   0.0000000E+00
   6.5660631E-02   1.5472818E+06   1.5472818E+06   1.1522567E+02   7.1626040E-01   4.2508095E+02   1.5402268E+06   1.5472818E+06   1.5201974E+06   0.0000000E+00   0.0000000E+00   0.0000000E+00   0.0000000E+00
   6.8510700E-02   1.4903419E+06   1.4903419E+06   9.9723606E+01   6.3450274E-01   3.8426104E+02   1.4835403E+06   1.4903419E+06   1.4642481E+06   0.0000000E+00   0.0000000E+00   0.0000000E+00   0.0000000E+00
   7.1375049E-02   1.4351437E+06   1.4351437E+06   9.0186793E+01   5.6379818E-01   3.4902975E+02   1.4285887E+06   1.4351437E+06   1.4100111E+06   0.0000000E+00   0.0000000E+00   0.0000000E+00   0.0000000E+00
   7.4263831E-02   1.3808878E+06   1.3808878E+06   8.3715728E+01   5.0210496E-01   3.1259881E+02   1.3745758E+06   1.3808878E+06   1.3567006E+06   0.0000000E+00   0.0000000E+00   0.0000000E+00   0.0000000E+00
   7.7186350E-02   1.3270835E+06   1.3270835E+06   7.4471088E+01   4.4778363E-01   2.7581725E+02   1.3210134E+06   1.3270835E+06   1.3038347E+06   0.0000000E+00   0.0000000E+00   0.0000000E+00   0.0000000E+00
   8.0151119E-02   1.2735238E+06   1.2735238E+06   6.2701878E+01   3.9957470E-01   2.4756652E+02   1.2676950E+06   1.2735238E+06   1.2512097E+06   0.0000000E+00   0.0000000E+00   0.0000000E+00   0.0000000E+00
   8.3165974E-02   1.2202560E+06   1.2202560E+06   5.6332660E+01   3.5657462E-01   2.2753621E+02   1.2146678E+06   1.2202560E+06   1.1988721E+06   0.0000000E+00   0.0000000E+00   0.0000000E+00   0.0000000E+00
   8.6238187E-02   1.1675467E+06   1.1675467E+06   5.2985554E+01   3.1826608E-01   2.0142344E+02   1.1621971E+06   1.1675467E+06   1.1470837E+06   0.0000000E+00   0.0000000E+00   0.0000000E+00   0.0000000E+00
   8.9374581E-02   1.1158366E+06   1.1158366E+06   4.4170487E+01   2.8409814E-01   1.7896477E+02   1.1107214E+06   1.1158366E+06   1.0962774E+06   0.0000000E+00   0.0000000E+00   0.0000000E+00   0.0000000E+00
   9.2581621E-02   1.0656843E+06   1.0656843E+06   4.1021150E+01   2.5359213E-01   1.6438710E+02   1.0607968E+06   1.0656843E+06   1.0470020E+06   0.0000000E+00   0.0000000E+00   0.0000000E+00   0.0000000E+00
   9.5865501E-02   1.0176994E+06   1.0176994E+06   3.5496067E+01   2.2650581E-01   1.4360200E+02   1.0130300E+06   1.0176994E+06   9.9985638E+05   0.0000000E+00   0.0000000E+00   0.0000000E+00   0.0000000E+00
   9.9232204E-02   9.7246677E+05   9.7246677E+05   3.2881007E+01   2.0243881E-01   1.3193832E+02   9.6800316E+05   9.7246677E+05   9.5541503E+05   0.0000000E+00   0.0000000E+00   0.0000000E+00   0.0000000E+00
   1.0268757E-01   9.3046756E+05   9.3046756E+05   2.7772446E+01   1.8119867E-01   1.1782865E+02   9.2619515E+05   9.3046756E+05   9.1415070E+05   0.0000000E+00   0.0000000E+00   0.0000000E+00   0.0000000E+00
   1.0623732E-01   8.9200449E+05   8.9200449E+05   2.5841299E+01   1.6244787E-01   1.0441494E+02   8.8790727E+05   8.9200449E+05   8.7636073E+05   0.0000000E+00   0.0000000E+00   0.0000000E+00   0.0000000E+00
   1.0988711E-01   8.5714073E+05   8.5714073E+05   2.3851920E+01   1.4592782E-01   9.5941167E+01   8.5320238E+05   8.5714073E+05   8.4210715E+05   0.0000000E+00   0.0000000E+00   0.0000000E+00   0.0000000E+00
   1.1364259E-01   8.2566274E+05   8.2566274E+05   2.1184304E+01   1.3136129E-01   8.8148040E+01   8.2186787E+05   8.2566274E+05   8.1118011E+05   0.0000000E+00   0.0000000E+00   0.0000000E+00   0.0000000E+00
   1.1750934E-01   7.9707795E+05   7.9707795E+05   1.8897806E+01   1.1849053E-01   8.0314608E+01   7.9341342E+05   7.9707795E+05   7.8309569E+05   0.0000000E+00   0.0000000E+00   0.0000000E+00   0.0000000E+00
   1.2149300E-01   7.7065399E+05   7.7065399E+05   1.7203138E+01   1.0703274E-01   7.2963691E+01   7.6711000E+05   7.7065399E+05   7.5713432E+05   0.0000000E+00   0.0000000E+00   0.0000000E+00   0.0000000E+00
   1.2559919E-01   7.4550190E+05   7.4550190E+05   1.5792333E+01   9.6768773E-02   6.5633830E+01   7.4207271E+05   7.4550190E+05   7.3242262E+05   0.0000000E+00   0.0000000E+00   0.0000000E+00   0.0000000E+00
   1.2983359E-01   7.2069788E+05   7.2069788E+05   1.3998414E+01   8.7468852E-02   5.8644449E+01   7.1738200E+05   7.2069788E+05   7.0805300E+05   0.0000000E+00   0.0000000E+00   0.0000000E+00   0.0000000E+00
   1.3420193E-01   6.9542899E+05   6.9542899E+05   1.2251361E+01   7.8964697E-02   5.4258203E+01   6.9222866E+05   6.9542899E+05   6.8322675E+05   0.0000000E+00   0.0000000E+00   0.0000000E+00   0.0000000E+00
   1.3870997E-01   6.6913912E+05   6.6913912E+05   1.1601968E+01   7.1150874E-02   4.8926253E+01   6.6605913E+05   6.6913912E+05   6.5739753E+05   0.0000000E+00   0.0000000E+00   0.0000000E+00   0.0000000E+00
   1.4336354E-01   6.4164494E+05   6.4164494E+05   9.8760440E+00   6.3949116E-02   4.4257511E+01   6.3869092E+05   6.4164494E+05   6.3038523E+05   0.0000000E+00   0.0000000E+00   0.0000000E+00   0.0000000E+00
   1.4816855E-01   6.1319028E+05   6.1319028E+05   9.1820842E+00   5.7323740E-02   3.9032526E+01   6.1036674E+05   6.1319028E+05   6.0242938E+05   0.0000000E+00   0.0000000E+00   0.0000000E+00   0.0000000E+00
   1.5313096E-01   5.8441411E+05   5.8441411E+05   8.3043478E+00   5.1264976E-02   3.5737417E+01   5.8172261E+05   5.8441411E+05   5.7415774E+05   0.0000000E+00   0.0000000E+00   0.0000000E+00   0.0000000E+00
   1.5825681E-01   5.5622315E+05   5.5622315E+05   7.3201646E+00   4.5786292E-02   3.2293083E+01   5.5366105E+05   5.5622315E+05   5.4646111E+05   0.0000000E+00   0.0000000E+00   0.0000000E+00   0.0000000E+00
   1.6355224E-01   5.2958381E+05   5.2958381E+05   6.5421653E+00   4.0893374E-02   2.8841178E+01   5.2714404E+05   5.2958381E+05   5.2028893E+05   0.0000000E+00   0.0000000E+00   0.0000000E+00   0.0000000E+00
   1.6902345E-01   5.0527533E+05   5.0527533E+05   5.8813880E+00   3.6570355E-02   2.5460794E+01   5.0294721E+05   5.0527533E+05   4.9640676E+05   0.0000000E+00   0.0000000E+00   0.0000000E+00   0.0000000E+00
   1.7467677E-01   4.8366768E+05   4.8366768E+05   5.0766007E+00   3.2779926E-02   2.2742017E+01   4.8143882E+05   4.8366768E+05   4.7517807E+05   0.0000000E+00   0.0000000E+00   0.0000000E+00   0.0000000E+00
   1.8051862E-01   4.6459573E+05   4.6459573E+05   4.6804878E+00   2.9457633E-02   2.1051556E+01   4.6245448E+05   4.6459573E+05   4.5644061E+05   0.0000000E+00   0.0000000E+00   0.0000000E+00   0.0000000E+00
   1.8655554E-01   4.4738535E+05   4.4738535E+05   4.1013891E+00   2.6524044E-02   1.8741836E+01   4.4532317E+05   4.4738535E+05   4.3953207E+05   0.0000000E+00   0.0000000E+00   0.0000000E+00   0.0000000E+00
   1.9279421E-01   4.3104652E+05   4.3104652E+05   3.7892004E+00   2.3897572E-02   1.6791057E+01   4.2905942E+05   4.3104652E+05   4.2347982E+05   0.0000000E+00   0.0000000E+00   0.0000000E+00   0.0000000E+00
   1.9924146E-01   4.1459007E+05   4.1459007E+05   3.4438073E+00   2.1504265E-02   1.5284178E+01   4.1267864E+05   4.1459007E+05   4.0731206E+05   0.0000000E+00   0.0000000E+00   0.0000000E+00   0.0000000E+00
   2.0590431E-01   3.9736759E+05   3.9736759E+05   3.0702654E+00   1.9302814E-02   1.3690696E+01   3.9553537E+05   3.9736759E+05   3.9039172E+05   0.0000000E+00   0.0000000E+00   0.0000000E+00   0.0000000E+00
   2.1278997E-01   3.7930427E+05   3.7930427E+05   2.6835141E+00   1.7269788E-02   1.2368822E+01   3.7755517E+05   3.7930427E+05   3.7264535E+05   0.0000000E+00   0.0000000E+00   0.0000000E+00   0.0000000E+00
   2.1990590E-01   3.6091572E+05   3.6091572E+05   2.4458945E+00   1.5410427E-02   1.1275835E+01   3.5925126E+05   3.6091572E+05   3.5457946E+05   0.0000000E+00   0.0000000E+00   0.0000000E+00   0.0000000E+00
   2.2725982E-01   3.4307674E+05   3.4307674E+05   2.1283483E+00   1.3737118E-02   9.9058701E+00   3.4149442E+05   3.4307674E+05   3.3705354E+05   0.0000000E+00   0.0000000E+00   0.0000000E+00   0.0000000E+00
   2.3485980E-01   3.2662210E+05   3.2662210E+05   1.9209918E+00   1.2256434E-02   8.7927176E+00   3.2511555E+05   3.2662210E+05   3.2088766E+05   0.0000000E+00   0.0000000E+00   0.0000000E+00   0.0000000E+00
   2.4271426E-01   3.1195508E+05   3.1195508E+05   1.7179321E+00   1.0960508E-02   7.8816287E+00   3.1051608E+05   3.1195508E+05   3.0647804E+05   0.0000000E+00   0.0000000E+00   0.0000000E+00   0.0000000E+00
   2.5083206E-01   2.9886213E+05   2.9886213E+05   1.5258237E+00   9.8244873E-03   7.1429788E+00   2.9748343E+05   2.9886213E+05   2.9361487E+05   0.0000000E+00   0.0000000E+00   0.0000000E+00   0.0000000E+00
   2.5922256E-01   2.8664677E+05   2.8664677E+05   1.3933622E+00   8.8143127E-03   6.5410720E+00   2.8532433E+05   2.8664677E+05   2.8161389E+05   0.0000000E+00   0.0000000E+00   0.0000000E+00   0.0000000E+00
   2.6789571E-01   2.7452748E+05   2.7452748E+05   1.2307212E+00   7.9008290E-03   5.7878991E+00   2.7326088E+05   2.7452748E+05   2.6970732E+05   0.0000000E+00   0.0000000E+00   0.0000000E+00   0.0000000E+00
   2.7686211E-01   2.6207905E+05   2.6207905E+05   1.1090126E+00   7.0639931E-03   5.1693096E+00   2.6086981E+05   2.6207905E+05   2.5747739E+05   0.0000000E+00   0.0000000E+00   0.0000000E+00   0.0000000E+00
   2.8613315E-01   2.4944622E+05   2.4944622E+05   9.8461861E-01   6.3006195E-03   4.6278653E+00   2.4829520E+05   2.4944622E+05   2.4506631E+05   0.0000000E+00   0.0000000E+00   0.0000000E+00   0.0000000E+00
   2.9572113E-01   2.3718468E+05   2.3718468E+05   8.7910554E-01   5.6137031E-03   4.1901176E+00   2.3609018E+05   2.3718468E+05   2.3302000E+05   0.0000000E+00   0.0000000E+00   0.0000000E+00   0.0000000E+00
   3.0563936E-01   2.2583223E+05   2.2583223E+05   7.8597231E-01   5.0055388E-03   3.6827865E+00   2.2479007E+05   2.2583223E+05   2.2186684E+05   0.0000000E+00   0.0000000E+00   0.0000000E+00   0.0000000E+00
   3.1590233E-01   2.1551808E+05   2.1551808E+05   7.0633279E-01   4.4702863E-03   3.3208105E+00   2.1452347E+05   2.1551808E+05   2.1173375E+05   0.0000000E+00   0.0000000E+00   0.0000000E+00   0.0000000E+00
   3.2652595E-01   2.0590621E+05   2.0590621E+05   6.2942582E-01   3.9957407E-03   2.9637575E+00   2.0495592E+05   2.0590621E+05   2.0229062E+05   0.0000000E+00   0.0000000E+00   0.0000000E+00   0.0000000E+00
   3.3752767E-01   1.9651141E+05   1.9651141E+05   5.5825712E-01   3.5681565E-03   2.6874136E+00   1.9560444E+05   1.9651141E+05   1.9306075E+05   0.0000000E+00   0.0000000E+00   0.0000000E+00   0.0000000E+00
   3.4892680E-01   1.8711028E+05   1.8711028E+05   4.9888055E-01   3.1802220E-03   2.3720278E+00   1.8624667E+05   1.8711028E+05   1.8382467E+05   0.0000000E+00   0.0000000E+00   0.0000000E+00   0.0000000E+00
   3.6074479E-01   1.7787848E+05   1.7787848E+05   4.4392387E-01   2.8299623E-03   2.1133475E+00   1.7705745E+05   1.7787848E+05   1.7475495E+05   0.0000000E+00   0.0000000E+00   0.0000000E+00   0.0000000E+00
   3.7300557E-01   1.6914151E+05   1.6914151E+05   3.9396250E-01   2.5174083E-03   1.9064460E+00   1.6836078E+05   1.6914151E+05   1.6617137E+05   0.0000000E+00   0.0000000E+00   0.0000000E+00   0.0000000E+00
   3.8573599E-01   1.6101168E+05   1.6101168E+05   3.5100028E-01   2.2407255E-03   1.6872550E+00   1.6026845E+05   1.6101168E+05   1.5818428E+05   0.0000000E+00   0.0000000E+00   0.0000000E+00   0.0000000E+00
   3.9896630E-01   1.5329849E+05   1.5329849E+05   3.1214635E-01   1.9938786E-03   1.5069629E+00   1.5259085E+05   1.5329849E+05   1.5060652E+05   0.0000000E+00   0.0000000E+00   0.0000000E+00   0.0000000E+00
   4.1273078E-01   1.4576485E+05   1.4576485E+05   2.7863492E-01   1.7717194E-03   1.3512117E+00   1.4509196E+05   1.4576485E+05   1.4320514E+05   0.0000000E+00   0.0000000E+00   0.0000000E+00   0.0000000E+00
   4.2706852E-01   1.3839334E+05   1.3839334E+05   2.4691885E-01   1.5712619E-03   1.1940816E+00   1.3775446E+05   1.3839334E+05   1.3596306E+05   0.0000000E+00   0.0000000E+00   0.0000000E+00   0.0000000E+00
   4.4202428E-01   1.3133427E+05   1.3133427E+05   2.1826305E-01   1.3922417E-03   1.0648700E+00   1.3072796E+05   1.3133427E+05   1.2902794E+05   0.0000000E+00   0.0000000E+00   0.0000000E+00   0.0000000E+00
   4.5764971E-01   1.2464725E+05   1.2464725E+05   1.9338905E-01   1.2325245E-03   9.4149830E-01   1.2407180E+05   1.2464725E+05   1.2245834E+05   0.0000000E+00   0.0000000E+00   0.0000000E+00   0.0000000E+00
   4.7400472E-01   1.1822435E+05   1.1822435E+05   1.7092528E-01   1.0899175E-03   8.3633781E-01   1.1767855E+05   1.1822435E+05   1.1614822E+05   0.0000000E+00   0.0000000E+00   0.0000000E+00   0.0000000E+00
   4.9115936E-01   1.1197550E+05   1.1197550E+05   1.5087384E-01   9.6147295E-04   7.3920826E-01   1.1145854E+05   1.1197550E+05   1.1000910E+05   0.0000000E+00   0.0000000E+00   0.0000000E+00   0.0000000E+00
   5.0919604E-01   1.0593893E+05   1.0593893E+05   1.3267756E-01   8.4650279E-04   6.4860143E-01   1.0544982E+05   1.0593893E+05   1.0407852E+05   0.0000000E+00   0.0000000E+00   0.0000000E+00   0.0000000E+00
   5.2821253E-01   1.0015102E+05   1.0015102E+05   1.1668179E-01   7.4364665E-04   5.7246981E-01   9.9688629E+04   1.0015102E+05   9.8392250E+04   0.0000000E+00   0.0000000E+00   0.0000000E+00   0.0000000E+00
   5.4832565E-01   9.4558670E+04   9.4558670E+04   1.0214872E-01   6.5156372E-04   4.9962973E-01   9.4122086E+04   9.4558670E+04   9.2898096E+04   0.0000000E+00   0.0000000E+00   0.0000000E+00   0.0000000E+00
   5.6967618E-01   8.9124889E+04   8.9124889E+04   8.9230759E-02   5.6902679E-04   4.3376402E-01   8.8713386E+04   8.9124889E+04   8.7559733E+04   0.0000000E+00   0.0000000E+00   0.0000000E+00   0.0000000E+00
   5.9243506E-01   8.3865239E+04   8.3865239E+04   7.7644777E-02   4.9508579E-04   3.8233419E-01   8.3478014E+04   8.3865239E+04   8.2392443E+04   0.0000000E+00   0.0000000E+00   0.0000000E+00   0.0000000E+00
   6.1681147E-01   7.8762227E+04   7.8762227E+04   6.7263233E-02   4.2897004E-04   3.3156668E-01   7.8398558E+04   7.8762227E+04   7.7379042E+04   0.0000000E+00   0.0000000E+00   0.0000000E+00   0.0000000E+00
   6.4306297E-01   7.3788023E+04   7.3788023E+04   5.7977387E-02   3.6974856E-04   2.8575862E-01   7.3447316E+04   7.3788023E+04   7.2492187E+04   0.0000000E+00   0.0000000E+00   0.0000000E+00   0.0000000E+00
   6.7150828E-01   6.8939783E+04   6.8939783E+04   4.9669488E-02   3.1682804E-04   2.4465211E-01   6.8621458E+04   6.8939783E+04   6.7729086E+04   0.0000000E+00   0.0000000E+00   0.0000000E+00   0.0000000E+00
   7.0254215E-01   6.4200500E+04   6.4200500E+04   4.2261713E-02   2.6956143E-04   2.1062820E-01   6.3904054E+04   6.4200500E+04   6.3073028E+04   0.0000000E+00   0.0000000E+00   0.0000000E+00   0.0000000E+00
   7.3665131E-01   5.9559386E+04   5.9559386E+04   3.5659499E-02   2.2744816E-04   1.7812713E-01   5.9284368E+04   5.9559386E+04   5.8513417E+04   0.0000000E+00   0.0000000E+00   0.0000000E+00   0.0000000E+00
   7.7442742E-01   5.5009925E+04   5.5009925E+04   2.9801294E-02   1.9009556E-04   1.4771237E-01   5.4755911E+04   5.5009925E+04   5.4043850E+04   0.0000000E+00   0.0000000E+00   0.0000000E+00   0.0000000E+00
   8.1656857E-01   5.0550698E+04   5.0550698E+04   2.4631365E-02   1.5713389E-04   1.2060781E-01   5.0317272E+04   5.0550698E+04   4.9662932E+04   0.0000000E+00   0.0000000E+00   0.0000000E+00   0.0000000E+00
   8.6385456E-01   4.6190537E+04   4.6190537E+04   2.0110235E-02   1.2828451E-04   1.0243392E-01   4.5977242E+04   4.6190537E+04   4.5379341E+04   0.0000000E+00   0.0000000E+00   0.0000000E+00   0.0000000E+00
   9.1707779E-01   4.1952669E+04   4.1952669E+04   1.6206627E-02   1.0339053E-04   8.1914637E-02   4.1758941E+04   4.1952669E+04   4.1215896E+04   0.0000000E+00   0.0000000E+00   0.0000000E+00   0.0000000E+00
   9.7692501E-01   3.7876226E+04   3.7876226E+04   1.2894000E-02   8.2264919E-05   6.4936635E-02   3.7701320E+04   3.7876226E+04   3.7211042E+04   0.0000000E+00   0.0000000E+00   0.0000000E+00   0.0000000E+00
   1.0438472E+00   3.4011815E+04   3.4011815E+04   1.0141378E-02   6.4703585E-05   5.0653644E-02   3.3854753E+04   3.4011815E+04   3.3414496E+04   0.0000000E+00   0.0000000E+00   0.0000000E+00   0.0000000E+00
   1.1180046E+00   3.0408657E+04   3.0408657E+04   7.9040437E-03   5.0435134E-05   3.9284676E-02   3.0268233E+04   3.0408657E+04   2.9874617E+04   0.0000000E+00   0.0000000E+00   0.0000000E+00   0.0000000E+00
   1.1993521E+00   2.7101535E+04   2.7101535E+04   6.1212166E-03   3.9059419E-05   3.0418007E-02   2.6976382E+04   2.7101535E+04   2.6625574E+04   0.0000000E+00   0.0000000E+00   0.0000000E+00   0.0000000E+00
   1.2878190E+00   2.4104658E+04   2.4104658E+04   4.7220093E-03   3.0133306E-05   2.3623474E-02   2.3993344E+04   2.4104658E+04   2.3681328E+04   0.0000000E+00   0.0000000E+00   0.0000000E+00   0.0000000E+00
   1.3834596E+00   2.1411770E+04   2.1411770E+04   3.6345341E-03   2.3195521E-05   1.8125058E-02   2.1312890E+04   2.1411770E+04   2.1035732E+04   0.0000000E+00   0.0000000E+00   0.0000000E+00   0.0000000E+00
   1.4865073E+00   1.9003506E+04   1.9003506E+04   2.7943601E-03   1.7831898E-05   1.4380313E-02   1.8915747E+04   1.9003506E+04   1.8669762E+04   0.0000000E+00   0.0000000E+00   0.0000000E+00   0.0000000E+00
   1.5973553E+00   1.6855872E+04   1.6855872E+04   2.1466786E-03   1.3698428E-05   1.1238676E-02   1.6778031E+04   1.6855872E+04   1.6559845E+04   0.0000000E+00   0.0000000E+00   0.0000000E+00   0.0000000E+00
   1.7165137E+00   1.4943156E+04   1.4943156E+04   1.6478450E-03   1.0517376E-05   8.3891714E-03   1.4874147E+04   1.4943156E+04   1.4680720E+04   0.0000000E+00   0.0000000E+00   0.0000000E+00   0.0000000E+00
   1.8445747E+00   1.3241317E+04   1.3241317E+04   1.2644142E-03   8.0712598E-06   6.4491112E-03   1.3180168E+04   1.3241317E+04   1.3008769E+04   0.0000000E+00   0.0000000E+00   0.0000000E+00   0.0000000E+00
   1.9821935E+00   1.1728037E+04   1.1728037E+04   9.6978519E-04   6.1913199E-06   5.0656201E-03   1.1673876E+04   1.1728037E+04   1.1522066E+04   0.0000000E+00   0.0000000E+00   0.0000000E+00   0.0000000E+00
   2.1300805E+00   1.0383279E+04   1.0383279E+04   7.4349810E-04   4.7471455E-06   3.8514574E-03   1.0335328E+04   1.0383279E+04   1.0200924E+04   0.0000000E+00   0.0000000E+00   0.0000000E+00   0.0000000E+00
   2.2890011E+00   9.1888739E+03   9.1888739E+03   5.6977643E-04   3.6385070E-06   2.9683257E-03   9.1464387E+03   9.1888739E+03   9.0274959E+03   0.0000000E+00   0.0000000E+00   0.0000000E+00   0.0000000E+00
   2.4597785E+00   8.1286111E+03   8.1286111E+03   4.3647182E-04   2.7876384E-06   2.2115338E-03   8.0910722E+03   8.1286111E+03   7.9858537E+03   0.0000000E+00   0.0000000E+00   0.0000000E+00   0.0000000E+00
   2.6432973E+00   7.1878865E+03   7.1878865E+03   3.3422558E-04   2.1349277E-06   1.8195441E-03   7.1546920E+03   7.1878865E+03   7.0616504E+03   0.0000000E+00   0.0000000E+00   0.0000000E+00   0.0000000E+00
   2.8405079E+00   6.3536306E+03   6.3536306E+03   2.5583740E-04   1.6345218E-06   1.2888661E-03   6.3242887E+03   6.3536306E+03   6.2420459E+03   0.0000000E+00   0.0000000E+00   0.0000000E+00   0.0000000E+00
   3.0524320E+00   5.6141482E+03   5.6141482E+03   1.9580786E-04   1.2509969E-06   9.6226677E-04   5.5882213E+03   5.6141482E+03   5.5155505E+03   0.0000000E+00   0.0000000E+00   0.0000000E+00   0.0000000E+00
   3.2801674E+00   4.9589727E+03   4.9589727E+03   1.4967566E-04   9.5713237E-07   7.3084068E-04   4.9360715E+03   4.9589727E+03   4.8718814E+03   0.0000000E+00   0.0000000E+00   0.0000000E+00   0.0000000E+00
   3.5248935E+00   4.3787491E+03   4.3787491E+03   1.1450602E-04   7.3206265E-07   5.8912546E-04   4.3585274E+03   4.3787491E+03   4.3018479E+03   0.0000000E+00   0.0000000E+00   0.0000000E+00   0.0000000E+00
   3.7878782E+00   3.8651229E+03   3.8651229E+03   8.7525998E-05   5.5975562E-07   5.1224374E-04   3.8472732E+03   3.8651229E+03   3.7972422E+03   0.0000000E+00   0.0000000E+00   0.0000000E+00   0.0000000E+00
   4.0704836E+00   3.4106388E+03   3.4106388E+03   6.6880877E-05   4.2789591E-07   3.4909544E-04   3.3948880E+03   3.4106388E+03   3.3507399E+03   0.0000000E+00   0.0000000E+00   0.0000000E+00   0.0000000E+00
   4.3741735E+00   3.0086482E+03   3.0086482E+03   5.1086648E-05   3.2701976E-07   2.0961160E-04   2.9947538E+03   3.0086482E+03   2.9558092E+03   0.0000000E+00   0.0000000E+00   0.0000000E+00   0.0000000E+00
   4.7005211E+00   2.6532262E+03   2.6532262E+03   3.9018914E-05   2.4985205E-07   2.1577487E-04   2.6409732E+03   2.6532262E+03   2.6066293E+03   0.0000000E+00   0.0000000E+00   0.0000000E+00   0.0000000E+00
   5.0512168E+00   2.3390964E+03   2.3390964E+03   2.9786284E-05   1.9086057E-07   1.6710139E-04   2.3282940E+03   2.3390964E+03   2.2980163E+03   0.0000000E+00   0.0000000E+00   0.0000000E+00   0.0000000E+00
   5.4280771E+00   2.0615627E+03   2.0615627E+03   2.2733000E-05   1.4576615E-07   1.1367908E-04   2.0520421E+03   2.0615627E+03   2.0253568E+03   0.0000000E+00   0.0000000E+00   0.0000000E+00   0.0000000E+00
   5.8330541E+00   1.8164485E+03   1.8164485E+03   1.7344368E-05   1.1130724E-07   8.5508767E-05   1.8080598E+03   1.8164485E+03   1.7845473E+03   0.0000000E+00   0.0000000E+00   0.0000000E+00   0.0000000E+00
   6.2682456E+00   1.6000409E+03   1.6000409E+03   1.3229340E-05   8.4980373E-08   7.5424779E-05   1.5926517E+03   1.6000409E+03   1.5719404E+03   0.0000000E+00   0.0000000E+00   0.0000000E+00   0.0000000E+00
   6.7359058E+00   1.4090415E+03   1.4090415E+03   1.0089417E-05   6.4873274E-08   2.6334534E-05   1.4025343E+03   1.4090415E+03   1.3842954E+03   0.0000000E+00   0.0000000E+00   0.0000000E+00   0.0000000E+00
   7.2384571E+00   1.2405215E+03   1.2405215E+03   7.6927558E-06   4.9516963E-08   5.1301196E-05   1.2347926E+03   1.2405215E+03   1.2187350E+03   0.0000000E+00   0.0000000E+00   0.0000000E+00   0.0000000E+00
   7.7785027E+00   1.0918817E+03   1.0918817E+03   5.8637554E-06   3.7794258E-08   2.8173905E-05   1.0868392E+03   1.0918817E+03   1.0727057E+03   0.0000000E+00   0.0000000E+00   0.0000000E+00   0.0000000E+00
   8.3588399E+00   9.6081671E+02   9.6081671E+02   4.4680351E-06   2.8845442E-08   2.1873949E-05   9.5637950E+02   9.6081671E+02   9.4394248E+02   0.0000000E+00   0.0000000E+00   0.0000000E+00   0.0000000E+00
   8.9824747E+00   8.4528261E+02   8.4528261E+02   3.4054332E-06   2.2015882E-08   1.6405590E-05   8.4137896E+02   8.4528261E+02   8.3043743E+02   0.0000000E+00   0.0000000E+00   0.0000000E+00   0.0000000E+00
   9.6526377E+00   7.4346821E+02   7.4346821E+02   2.5919112E-06   1.6803822E-08   1.5813908E-05   7.4003475E+02   7.4346821E+02   7.3041113E+02   0.0000000E+00   0.0000000E+00   0.0000000E+00   0.0000000E+00
   1.0372800E+01   6.5376925E+02   6.5376925E+02   1.9742352E-06   1.2826870E-08   1.2642416E-05   6.5075004E+02   6.5376925E+02   6.4228750E+02   0.0000000E+00   0.0000000E+00   0.0000000E+00   0.0000000E+00
