#           k/h    CDM            baryon         photon         nu             mass_nu        total          no_nu          total_de       Weyl           v_CDM          v_b            v_b-v_c     
   1.0645500E-05   1.9243917E+07   1.9243917E+07   2.5645889E+07   -1.9367388E+06   -7.6763409E+07   1.9243932E+07   1.9243917E+07   9.8163492E+06   0.0000000E+00   0.0000000E+00   0.0000000E+00   0.0000000E+00
   1.1439738E-05   1.9243938E+07   1.9243938E+07   2.5643956E+07   -1.9367111E+06   -7.6762062E+07   1.9243952E+07   1.9243938E+07   9.8163550E+06   0.0000000E+00   0.0000000E+00   0.0000000E+00   0.0000000E+00
   1.2293232E-05   1.9243961E+07   1.9243961E+07   2.5641723E+07   -1.9366790E+06   -7.6760507E+07   1.9243975E+07   1.9243961E+07   9.8163617E+06   0.0000000E+00   0.0000000E+00   0.0000000E+00   0.0000000E+00
   1.3210403E-05   1.9243988E+07   1.9243988E+07   2.5639146E+07   -1.9366420E+06   -7.6758711E+07   1.9244002E+07   1.9243988E+07   9.8163693E+06   0.0000000E+00   0.0000000E+00   0.0000000E+00   0.0000000E+00
   1.4196003E-05   1.9244019E+07   1.9244019E+07   2.5636169E+07   -1.9365993E+06   -7.6756637E+07   1.9244033E+07   1.9244019E+07   9.8163782E+06   0.0000000E+00   0.0000000E+00   0.0000000E+00   0.0000000E+00
   1.5255136E-05   1.9244054E+07   1.9244054E+07   2.5632732E+07   -1.9365499E+06   -7.6754242E+07   1.9244068E+07   1.9244054E+07   9.8163885E+06   0.0000000E+00   0.0000000E+00   0.0000000E+00   0.0000000E+00
   1.6393288E-05   1.9244096E+07   1.9244096E+07   2.5628764E+07   -1.9364929E+06   -7.6751477E+07   1.9244109E+07   1.9244096E+07   9.8164003E+06   0.0000000E+00   0.0000000E+00   0.0000000E+00   0.0000000E+00
   1.7616356E-05   1.9244144E+07   1.9244144E+07   2.5624183E+07   -1.9364271E+06   -7.6748284E+07   1.9244156E+07   1.9244144E+07   9.8164140E+06   0.0000000E+00   0.0000000E+00   0.0000000E+00   0.0000000E+00
   1.8930674E-05   1.9244199E+07   1.9244199E+07   2.5618893E+07   -1.9363511E+06   -7.6744596E+07   1.9244211E+07   1.9244199E+07   9.8164298E+06   0.0000000E+00   0.0000000E+00   0.0000000E+00   0.0000000E+00
   2.0343050E-05   1.9244262E+07   1.9244262E+07   2.5612785E+07   -1.9362633E+06   -7.6740338E+07   1.9244274E+07   1.9244262E+07   9.8164480E+06   0.0000000E+00   0.0000000E+00   0.0000000E+00   0.0000000E+00
   2.1860801E-05   1.9244336E+07   1.9244336E+07   2.5605734E+07   -1.9361620E+06   -7.6735422E+07   1.9244347E+07   1.9244336E+07   9.8164691E+06   0.0000000E+00   0.0000000E+00   0.0000000E+00   0.0000000E+00
   2.3491788E-05   1.9244421E+07   1.9244421E+07   2.5597593E+07   -1.9360450E+06   -7.6729745E+07   1.9244431E+07   1.9244421E+07   9.8164934E+06   0.0000000E+00   0.0000000E+00   0.0000000E+00   0.0000000E+00
   2.5244459E-05   1.9244519E+07   1.9244519E+07   2.5588195E+07   -1.9359099E+06   -7.6723191E+07   1.9244528E+07   1.9244519E+07   9.8165215E+06   0.0000000E+00   0.0000000E+00   0.0000000E+00   0.0000000E+00
   2.7127894E-05   1.9244632E+07   1.9244632E+07   2.5577347E+07   -1.9357539E+06   -7.6715622E+07   1.9244640E+07   1.9244632E+07   9.8165539E+06   0.0000000E+00   0.0000000E+00   0.0000000E+00   0.0000000E+00
   2.9151847E-05   1.9244763E+07   1.9244763E+07   2.5564824E+07   -1.9355738E+06   -7.6706884E+07   1.9244770E+07   1.9244763E+07   9.8165913E+06   0.0000000E+00   0.0000000E+00   0.0000000E+00   0.0000000E+00
   3.1326803E-05   1.9244913E+07   1.9244913E+07   2.5550370E+07   -1.9353658E+06   -7.6696795E+07   1.9244919E+07   1.9244913E+07   9.8166345E+06   0.0000000E+00   0.0000000E+00   0.0000000E+00   0.0000000E+00
   3.3664028E-05   1.9245088E+07   1.9245088E+07   2.5533687E+07   -1.9351256E+06   -7.6685146E+07   1.9245092E+07   1.9245088E+07   9.8166844E+06   0.0000000E+00   0.0000000E+00   0.0000000E+00   0.0000000E+00
   3.6175628E-05   1.9245289E+07   1.9245289E+07   2.5514435E+07   -1.9348484E+06   -7.6671698E+07   1.9245291E+07   1.9245289E+07   9.8167420E+06   0.0000000E+00   0.0000000E+00   0.0000000E+00   0.0000000E+00
   3.8874613E-05   1.9245521E+07   1.9245521E+07   2.5492218E+07   -1.9345283E+06   -7.6656172E+07   1.9245521E+07   1.9245521E+07   9.8168085E+06   0.0000000E+00   0.0000000E+00   0.0000000E+00   0.0000000E+00
   4.1774963E-05   1.9245789E+07   1.9245789E+07   2.5466584E+07   -1.9341587E+06   -7.6638248E+07   1.9245786E+07   1.9245789E+07   9.8168852E+06   0.0000000E+00   0.0000000E+00   0.0000000E+00   0.0000000E+00
   4.4891702E-05   1.9246098E+07   1.9246098E+07   2.5437011E+07   -1.9337321E+06   -7.6617558E+07   1.9246093E+07   1.9246098E+07   9.8169738E+06   0.0000000E+00   0.0000000E+00   0.0000000E+00   0.0000000E+00
   4.8240975E-05   1.9246456E+07   1.9246456E+07   2.5402899E+07   -1.9332396E+06   -7.6593674E+07   1.9246447E+07   1.9246456E+07   9.8170760E+06   0.0000000E+00   0.0000000E+00   0.0000000E+00   0.0000000E+00
   5.1840129E-05   1.9246868E+07   1.9246868E+07   2.5363556E+07   -1.9326711E+06   -7.6566107E+07   1.9246855E+07   1.9246868E+07   9.8171940E+06   0.0000000E+00   0.0000000E+00   0.0000000E+00   0.0000000E+00
   5.5707809E-05   1.9247344E+07   1.9247344E+07   2.5318192E+07   -1.9320148E+06   -7.6534290E+07   1.9247327E+07   1.9247344E+07   9.8173302E+06   0.0000000E+00   0.0000000E+00   0.0000000E+00   0.0000000E+00
   5.9864047E-05   1.9247893E+07   1.9247893E+07   2.5265895E+07   -1.9312574E+06   -7.6497571E+07   1.9247871E+07   1.9247893E+07   9.8174873E+06   0.0000000E+00   0.0000000E+00   0.0000000E+00   0.0000000E+00
   6.4330374E-05   1.9248527E+07   1.9248527E+07   2.5205623E+07   -1.9303833E+06   -7.6455199E+07   1.9248499E+07   1.9248527E+07   9.8176686E+06   0.0000000E+00   0.0000000E+00   0.0000000E+00   0.0000000E+00
   6.9129923E-05   1.9249258E+07   1.9249258E+07   2.5136180E+07   -1.9293745E+06   -7.6406310E+07   1.9249223E+07   1.9249258E+07   9.8178777E+06   0.0000000E+00   0.0000000E+00   0.0000000E+00   0.0000000E+00
   7.4287557E-05   1.9250102E+07   1.9250102E+07   2.5056200E+07   -1.9282105E+06   -7.6349908E+07   1.9250059E+07   1.9250102E+07   9.8181189E+06   0.0000000E+00   0.0000000E+00   0.0000000E+00   0.0000000E+00
   7.9829990E-05   1.9251076E+07   1.9251076E+07   2.4964121E+07   -1.9268675E+06   -7.6284848E+07   1.9251023E+07   1.9251076E+07   9.8183970E+06   0.0000000E+00   0.0000000E+00   0.0000000E+00   0.0000000E+00
   8.5785932E-05   1.9252199E+07   1.9252199E+07   2.4858164E+07   -1.9253182E+06   -7.6209815E+07   1.9252136E+07   1.9252199E+07   9.8187177E+06   0.0000000E+00   0.0000000E+00   0.0000000E+00   0.0000000E+00
   9.2186234E-05   1.9253494E+07   1.9253494E+07   2.4736301E+07   -1.9235313E+06   -7.6123295E+07   1.9253418E+07   1.9253494E+07   9.8190874E+06   0.0000000E+00   0.0000000E+00   0.0000000E+00   0.0000000E+00
   9.9064049E-05   1.9254987E+07   1.9254987E+07   2.4596236E+07   -1.9214707E+06   -7.6023555E+07   1.9254897E+07   1.9254987E+07   9.8195133E+06   0.0000000E+00   0.0000000E+00   0.0000000E+00   0.0000000E+00
   1.0645500E-04   1.9256708E+07   1.9256708E+07   2.4435366E+07   -1.9190948E+06   -7.5908604E+07   1.9256602E+07   1.9256708E+07   9.8200040E+06   0.0000000E+00   0.0000000E+00   0.0000000E+00   0.0000000E+00
   1.1439738E-04   1.9258692E+07   1.9258692E+07   2.4250757E+07   -1.9163563E+06   -7.5776162E+07   1.9258567E+07   1.9258692E+07   9.8205691E+06   0.0000000E+00   0.0000000E+00   0.0000000E+00   0.0000000E+00
   1.2293232E-04   1.9260977E+07   1.9260977E+07   2.4039113E+07   -1.9132007E+06   -7.5623623E+07   1.9260830E+07   1.9260977E+07   9.8212194E+06   0.0000000E+00   0.0000000E+00   0.0000000E+00   0.0000000E+00
   1.3210403E-04   1.9263609E+07   1.9263609E+07   2.3796749E+07   -1.9095655E+06   -7.5448007E+07   1.9263437E+07   1.9263609E+07   9.8219677E+06   0.0000000E+00   0.0000000E+00   0.0000000E+00   0.0000000E+00
   1.4196003E-04   1.9266638E+07   1.9266638E+07   2.3519567E+07   -1.9053794E+06   -7.5245919E+07   1.9266438E+07   1.9266638E+07   9.8228279E+06   0.0000000E+00   0.0000000E+00   0.0000000E+00   0.0000000E+00
   1.5255136E-04   1.9270124E+07   1.9270124E+07   2.3203047E+07   -1.9005613E+06   -7.5013494E+07   1.9269890E+07   1.9270124E+07   9.8238164E+06   0.0000000E+00   0.0000000E+00   0.0000000E+00   0.0000000E+00
   1.6393288E-04   1.9274132E+07   1.9274132E+07   2.2842239E+07   -1.8950183E+06   -7.4746345E+07   1.9273859E+07   1.9274132E+07   9.8249512E+06   0.0000000E+00   0.0000000E+00   0.0000000E+00   0.0000000E+00
   1.7616356E-04   1.9278738E+07   1.9278738E+07   2.2431779E+07   -1.8886451E+06   -7.4439505E+07   1.9278421E+07   1.9278738E+07   9.8262529E+06   0.0000000E+00   0.0000000E+00   0.0000000E+00   0.0000000E+00
   1.8930674E-04   1.9284027E+07   1.9284027E+07   2.1965935E+07   -1.8813224E+06   -7.4087369E+07   1.9283659E+07   1.9284027E+07   9.8277444E+06   0.0000000E+00   0.0000000E+00   0.0000000E+00   0.0000000E+00
   2.0343050E-04   1.9290095E+07   1.9290095E+07   2.1438677E+07   -1.8729152E+06   -7.3683640E+07   1.9289668E+07   1.9290095E+07   9.8294514E+06   0.0000000E+00   0.0000000E+00   0.0000000E+00   0.0000000E+00
   2.1860801E-04   1.9297050E+07   1.9297050E+07   2.0843800E+07   -1.8632715E+06   -7.3221268E+07   1.9296556E+07   1.9297050E+07   9.8314022E+06   0.0000000E+00   0.0000000E+00   0.0000000E+00   0.0000000E+00
   2.3491788E-04   1.9305013E+07   1.9305013E+07   2.0175101E+07   -1.8522208E+06   -7.2692409E+07   1.9304440E+07   1.9305013E+07   9.8336280E+06   0.0000000E+00   0.0000000E+00   0.0000000E+00   0.0000000E+00
   2.5244459E-04   1.9314116E+07   1.9314116E+07   1.9426638E+07   -1.8395730E+06   -7.2088392E+07   1.9313453E+07   1.9314116E+07   9.8361629E+06   0.0000000E+00   0.0000000E+00   0.0000000E+00   0.0000000E+00
   2.7127894E-04   1.9324507E+07   1.9324507E+07   1.8593073E+07   -1.8251170E+06   -7.1399702E+07   1.9323741E+07   1.9324507E+07   9.8390435E+06   0.0000000E+00   0.0000000E+00   0.0000000E+00   0.0000000E+00
   2.9151847E-04   1.9336347E+07   1.9336347E+07   1.7670123E+07   -1.8086206E+06   -7.0615996E+07   1.9335463E+07   1.9336347E+07   9.8423085E+06   0.0000000E+00   0.0000000E+00   0.0000000E+00   0.0000000E+00
   3.1326803E-04   1.9349810E+07   1.9349810E+07   1.6655140E+07   -1.7898299E+06   -6.9726165E+07   1.9348790E+07   1.9349810E+07   9.8459985E+06   0.0000000E+00   0.0000000E+00   0.0000000E+00   0.0000000E+00
   3.3664028E-04   1.9365083E+07   1.9365083E+07   1.5547808E+07   -1.7684709E+06   -6.8718440E+07   1.9363906E+07   1.9365083E+07   9.8501545E+06   0.0000000E+00   0.0000000E+00   0.0000000E+00   0.0000000E+00
   3.6175628E-04   1.9382358E+07   1.9382358E+07   1.4350974E+07   -1.7442511E+06   -6.7580582E+07   1.9381002E+07   1.9382358E+07   9.8548167E+06   0.0000000E+00   0.0000000E+00   0.0000000E+00   0.0000000E+00
   3.8874613E-04   1.9401838E+07   1.9401838E+07   1.3071570E+07   -1.7168638E+06   -6.6300156E+07   1.9400277E+07   1.9401838E+07   9.8600227E+06   0.0000000E+00   0.0000000E+00   0.0000000E+00   0.0000000E+00
   4.1774963E-04   1.9423721E+07   1.9423721E+07   1.1721568E+07   -1.6859936E+06   -6.4864921E+07   1.9421925E+07   1.9423721E+07   9.8658043E+06   0.0000000E+00   0.0000000E+00   0.0000000E+00   0.0000000E+00
   4.4891702E-04   1.9448198E+07   1.9448198E+07   1.0318873E+07   -1.6513256E+06   -6.3263351E+07   1.9446134E+07   1.9448198E+07   9.8721847E+06   0.0000000E+00   0.0000000E+00   0.0000000E+00   0.0000000E+00
   4.8240975E-04   1.9475441E+07   1.9475441E+07   8.8879811E+06   -1.6125564E+06   -6.1485305E+07   1.9473072E+07   1.9475441E+07   9.8791736E+06   0.0000000E+00   0.0000000E+00   0.0000000E+00   0.0000000E+00
   5.1840129E-04   1.9505587E+07   1.9505587E+07   7.4601713E+06   -1.5694104E+06   -5.9522859E+07   1.9502870E+07   1.9505587E+07   9.8867622E+06   0.0000000E+00   0.0000000E+00   0.0000000E+00   0.0000000E+00
   5.5707809E-04   1.9538722E+07   1.9538722E+07   6.0729440E+06   -1.5216587E+06   -5.7371283E+07   1.9535611E+07   1.9538722E+07   9.8949168E+06   0.0000000E+00   0.0000000E+00   0.0000000E+00   0.0000000E+00
   5.9864047E-04   1.9574860E+07   1.9574860E+07   4.7683627E+06   -1.4691430E+06   -5.5030146E+07   1.9571303E+07   1.9574860E+07   9.9035719E+06   0.0000000E+00   0.0000000E+00   0.0000000E+00   0.0000000E+00
   6.4330374E-04   1.9613920E+07   1.9613920E+07   3.5899963E+06   -1.4118028E+06   -5.2504477E+07   1.9609860E+07   1.9613920E+07   9.9126227E+06   0.0000000E+00   0.0000000E+00   0.0000000E+00   0.0000000E+00
   6.9129923E-04   1.9655695E+07   1.9655695E+07   2.5782966E+06   -1.3497051E+06   -4.9805883E+07   1.9651069E+07   1.9655695E+07   9.9219180E+06   0.0000000E+00   0.0000000E+00   0.0000000E+00   0.0000000E+00
   7.4287557E-04   1.9699831E+07   1.9699831E+07   1.7645705E+06   -1.2830737E+06   -4.6953456E+07   1.9694570E+07   1.9699831E+07   9.9312537E+06   0.0000000E+00   0.0000000E+00   0.0000000E+00   0.0000000E+00
   7.9829990E-04   1.9745797E+07   1.9745797E+07   1.1642497E+06   -1.2123167E+06   -4.3974291E+07   1.9739829E+07   1.9745797E+07   9.9403696E+06   0.0000000E+00   0.0000000E+00   0.0000000E+00   0.0000000E+00
   8.5785932E-04   1.9792873E+07   1.9792873E+07   7.7090079E+05   -1.1380438E+06   -4.0903348E+07   1.9786120E+07   1.9792873E+07   9.9489490E+06   0.0000000E+00   0.0000000E+00   0.0000000E+00   0.0000000E+00
   9.2186234E-04   1.9840138E+07   1.9840138E+07   5.5317791E+05   -1.0610710E+06   -3.7782463E+07   1.9832518E+07   1.9840138E+07   9.9566241E+06   0.0000000E+00   0.0000000E+00   0.0000000E+00   0.0000000E+00
   9.9064049E-04   1.9886485E+07   1.9886485E+07   4.5731280E+05   -9.8240467E+05   -3.4658341E+07   1.9877915E+07   1.9886485E+07   9.9629882E+06   0.0000000E+00   0.0000000E+00   0.0000000E+00   0.0000000E+00
   1.0645500E-03   1.9930652E+07   1.9930652E+07   4.1712979E+05   -9.0319922E+05   -3.1579558E+07   1.9921047E+07   1.9930652E+07   9.9676137E+06   0.0000000E+00   0.0000000E+00   0.0000000E+00   0.0000000E+00
   1.1439738E-03   1.9971280E+07   1.9971280E+07   3.7130753E+05   -8.2468901E+05   -2.8592837E+07   1.9960556E+07   1.9971280E+07   9.9700764E+06   0.0000000E+00   0.0000000E+00   0.0000000E+00   0.0000000E+00
   1.2293232E-03   2.0006984E+07   2.0006984E+07   2.8351984E+05   -7.4809672E+05   -2.5739177E+07   1.9995062E+07   2.0006984E+07   9.9699814E+06   0.0000000E+00   0.0000000E+00   0.0000000E+00   0.0000000E+00
   1.3210403E-03   2.0036448E+07   2.0036448E+07   1.5641540E+05   -6.7453183E+05   -2.3050627E+07   2.0023254E+07   2.0036448E+07   9.9669855E+06   0.0000000E+00   0.0000000E+00   0.0000000E+00   0.0000000E+00
   1.4196003E-03   2.0058501E+07   2.0058501E+07   2.8507185E+04   -6.0489880E+05   -2.0548545E+07   2.0043967E+07   2.0058501E+07   9.9608108E+06   0.0000000E+00   0.0000000E+00   0.0000000E+00   0.0000000E+00
   1.5255136E-03   2.0072176E+07   2.0072176E+07   -5.1321328E+04   -5.3983771E+05   -1.8243775E+07   2.0056247E+07   2.0072176E+07   9.9512429E+06   0.0000000E+00   0.0000000E+00   0.0000000E+00   0.0000000E+00
   1.6393288E-03   2.0076728E+07   2.0076728E+07   -6.1678883E+04   -4.7971410E+05   -1.6138534E+07   2.0059359E+07   2.0076728E+07   9.9381162E+06   0.0000000E+00   0.0000000E+00   0.0000000E+00   0.0000000E+00
   1.7616356E-03   2.0071610E+07   2.0071610E+07   -3.1169131E+04   -4.2465736E+05   -1.4229053E+07   2.0052767E+07   2.0071610E+07   9.9212900E+06   0.0000000E+00   0.0000000E+00   0.0000000E+00   0.0000000E+00
   1.8930674E-03   2.0056422E+07   2.0056422E+07   -1.7384975E+04   -3.7462616E+05   -1.2507814E+07   2.0036080E+07   2.0056422E+07   9.9006282E+06   0.0000000E+00   0.0000000E+00   0.0000000E+00   0.0000000E+00
   2.0343050E-03   2.0030860E+07   2.0030860E+07   -4.9258853E+04   -3.2946816E+05   -1.0964819E+07   2.0009002E+07   2.0030860E+07   9.8759906E+06   0.0000000E+00   0.0000000E+00   0.0000000E+00   0.0000000E+00
   2.1860801E-03   1.9994682E+07   1.9994682E+07   -9.1943021E+04   -2.8895358E+05   -9.5883309E+06   1.9971295E+07   1.9994682E+07   9.8472359E+06   0.0000000E+00   0.0000000E+00   0.0000000E+00   0.0000000E+00
   2.3491788E-03   1.9947696E+07   1.9947696E+07   -9.2044501E+04   -2.5279157E+05   -8.3656887E+06   1.9922764E+07   1.9947696E+07   9.8142253E+06   0.0000000E+00   0.0000000E+00   0.0000000E+00   0.0000000E+00
   2.5244459E-03   1.9889731E+07   1.9889731E+07   -5.8777253E+04   -2.2065303E+05   -7.2840004E+06   1.9863236E+07   1.9889731E+07   9.7768167E+06   0.0000000E+00   0.0000000E+00   0.0000000E+00   0.0000000E+00
   2.7127894E-03   1.9820613E+07   1.9820613E+07   -5.0405888E+04   -1.9220120E+05   -6.3302083E+06   1.9792533E+07   1.9820613E+07   9.7348552E+06   0.0000000E+00   0.0000000E+00   0.0000000E+00   0.0000000E+00
   2.9151847E-03   1.9740155E+07   1.9740155E+07   -6.8074341E+04   -1.6710547E+05   -5.4913063E+06   1.9710462E+07   1.9740155E+07   9.6881727E+06   0.0000000E+00   0.0000000E+00   0.0000000E+00   0.0000000E+00
   3.1326803E-03   1.9648153E+07   1.9648153E+07   -6.1093761E+04   -1.4503714E+05   -4.7554083E+06   1.9616821E+07   1.9648153E+07   9.6365945E+06   0.0000000E+00   0.0000000E+00   0.0000000E+00   0.0000000E+00
   3.3664028E-03   1.9544384E+07   1.9544384E+07   -4.5772262E+04   -1.2567903E+05   -4.1117929E+06   1.9511389E+07   1.9544384E+07   9.5799393E+06   0.0000000E+00   0.0000000E+00   0.0000000E+00   0.0000000E+00
   3.6175628E-03   1.9428591E+07   1.9428591E+07   -5.1576095E+04   -1.0874149E+05   -3.5498146E+06   1.9393916E+07   1.9428591E+07   9.5180147E+06   0.0000000E+00   0.0000000E+00   0.0000000E+00   0.0000000E+00
   3.8874613E-03   1.9300494E+07   1.9300494E+07   -4.1401905E+04   -9.3954044E+04   -3.0600127E+06   1.9264128E+07   1.9300494E+07   9.4506201E+06   0.0000000E+00   0.0000000E+00   0.0000000E+00   0.0000000E+00
   4.1774963E-03   1.9159789E+07   1.9159789E+07   -3.6436283E+04   -8.1066424E+04   -2.6342444E+06   1.9121733E+07   1.9159789E+07   9.3775497E+06   0.0000000E+00   0.0000000E+00   0.0000000E+00   0.0000000E+00
   4.4891702E-03   1.9006142E+07   1.9006142E+07   -3.7766773E+04   -6.9857043E+04   -2.2642764E+06   1.8966412E+07   1.9006142E+07   9.2985926E+06   0.0000000E+00   0.0000000E+00   0.0000000E+00   0.0000000E+00
   4.8240975E-03   1.8839212E+07   1.8839212E+07   -2.6951868E+04   -6.0121115E+04   -1.9437236E+06   1.8797849E+07   1.8839212E+07   9.2135409E+06   0.0000000E+00   0.0000000E+00   0.0000000E+00   0.0000000E+00
   5.1840129E-03   1.8658644E+07   1.8658644E+07   -2.9410621E+04   -5.1678677E+04   -1.6660875E+06   1.8615713E+07   1.8658644E+07   9.1221877E+06   0.0000000E+00   0.0000000E+00   0.0000000E+00   0.0000000E+00
   5.5707809E-03   1.8464083E+07   1.8464083E+07   -2.2172442E+04   -4.4367089E+04   -1.4261618E+06   1.8419657E+07   1.8464083E+07   9.0243211E+06   0.0000000E+00   0.0000000E+00   0.0000000E+00   0.0000000E+00
   5.9864047E-03   1.8255163E+07   1.8255163E+07   -2.1147859E+04   -3.8043502E+04   -1.2189449E+06   1.8209302E+07   1.8255163E+07   8.9197180E+06   0.0000000E+00   0.0000000E+00   0.0000000E+00   0.0000000E+00
   6.4330374E-03   1.8031503E+07   1.8031503E+07   -1.9073176E+04   -3.2580847E+04   -1.0404555E+06   1.7984268E+07   1.8031503E+07   8.8081600E+06   0.0000000E+00   0.0000000E+00   0.0000000E+00   0.0000000E+00
   6.9129923E-03   1.7792705E+07   1.7792705E+07   -1.4393808E+04   -2.7868188E+04   -8.8669363E+05   1.7744190E+07   1.7792705E+07   8.6894396E+06   0.0000000E+00   0.0000000E+00   0.0000000E+00   0.0000000E+00
   7.4287557E-03   1.7538373E+07   1.7538373E+07   -1.4210912E+04   -2.3806817E+04   -7.5446835E+05   1.7488706E+07   1.7538373E+07   8.5633529E+06   0.0000000E+00   0.0000000E+00   0.0000000E+00   0.0000000E+00
   7.9829990E-03   1.7268123E+07   1.7268123E+07   -1.2745199E+04   -2.0310446E+04   -6.4098720E+05   1.7217427E+07   1.7268123E+07   8.4296882E+06   0.0000000E+00   0.0000000E+00   0.0000000E+00   0.0000000E+00
   8.5785932E-03   1.6981580E+07   1.6981580E+07   -1.0708724E+04   -1.7304051E+04   -5.4367505E+05   1.6929976E+07   1.6981580E+07   8.2882408E+06   0.0000000E+00   0.0000000E+00   0.0000000E+00   0.0000000E+00
   9.2186234E-03   1.6678366E+07   1.6678366E+07   -8.7323441E+03   -1.4721836E+04   -4.6033015E+05   1.6625996E+07   1.6678366E+07   8.1388184E+06   0.0000000E+00   0.0000000E+00   0.0000000E+00   0.0000000E+00
   9.9064049E-03   1.6358101E+07   1.6358101E+07   -7.3685081E+03   -1.2506359E+04   -3.8904250E+05   1.6305121E+07   1.6358101E+07   7.9812270E+06   0.0000000E+00   0.0000000E+00   0.0000000E+00   0.0000000E+00
   1.0645500E-02   1.6020420E+07   1.6020420E+07   -6.4675939E+03   -1.0607636E+04   -3.2817562E+05   1.5966989E+07   1.6020420E+07   7.8152762E+06   0.0000000E+00   0.0000000E+00   0.0000000E+00   0.0000000E+00
   1.1439738E-02   1.5664981E+07   1.5664981E+07   -5.7585578E+03   -8.9822673E+03   -2.7628308E+05   1.5611263E+07   1.5664981E+07   7.6407899E+06   0.0000000E+00   0.0000000E+00   0.0000000E+00   0.0000000E+00
   1.2293232E-02   1.5291466E+07   1.5291466E+07   -5.0886554E+03   -7.5925714E+03   -2.3208398E+05   1.5237643E+07   1.5291466E+07   7.4576109E+06   0.0000000E+00   0.0000000E+00   0.0000000E+00   0.0000000E+00
   1.3210403E-02   1.4899595E+07   1.4899595E+07   -4.0833112E+03   -6.4057693E+03   -1.9451911E+05   1.4845844E+07   1.4899595E+07   7.2655913E+06   0.0000000E+00   0.0000000E+00   0.0000000E+00   0.0000000E+00
   1.4196003E-02   1.4489156E+07   1.4489156E+07   -3.3462879E+03   -5.3935911E+03   -1.6267516E+05   1.4435663E+07   1.4489156E+07   7.0646241E+06   0.0000000E+00   0.0000000E+00   0.0000000E+00   0.0000000E+00
   1.5255136E-02   1.4060020E+07   1.4060020E+07   -3.0516481E+03   -4.5315074E+03   -1.3567589E+05   1.4006974E+07   1.4060020E+07   6.8546415E+06   0.0000000E+00   0.0000000E+00   0.0000000E+00   0.0000000E+00
   1.6393288E-02   1.3612194E+07   1.3612194E+07   -2.4337323E+03   -3.7983429E+03   -1.1287015E+05   1.3559785E+07   1.3612194E+07   6.6356415E+06   0.0000000E+00   0.0000000E+00   0.0000000E+00   0.0000000E+00
   1.7616356E-02   1.3145867E+07   1.3145867E+07   -2.0816197E+03   -3.1758132E+03   -9.3614422E+04   1.3094285E+07   1.3145867E+07   6.4077116E+06   0.0000000E+00   0.0000000E+00   0.0000000E+00   0.0000000E+00
   1.8930674E-02   1.2661476E+07   1.2661476E+07   -1.7961756E+03   -2.6481552E+03   -7.7415566E+04   1.2610908E+07   1.2661476E+07   6.1710602E+06   0.0000000E+00   0.0000000E+00   0.0000000E+00   0.0000000E+00
   2.0343050E-02   1.2159792E+07   1.2159792E+07   -1.5007168E+03   -2.2017753E+03   -6.3813464E+04   1.2110422E+07   1.2159792E+07   5.9260593E+06   0.0000000E+00   0.0000000E+00   0.0000000E+00   0.0000000E+00
   2.1860800E-02   1.1642024E+07   1.1642024E+07   -1.2620206E+03   -1.8249906E+03   -5.2418757E+04   1.1594028E+07   1.1642024E+07   5.6732936E+06   0.0000000E+00   0.0000000E+00   0.0000000E+00   0.0000000E+00
   2.3491780E-02   1.1109927E+07   1.1109927E+07   -1.0233539E+03   -1.5077462E+03   -4.2900710E+04   1.1063471E+07   1.1109927E+07   5.4136139E+06   0.0000000E+00   0.0000000E+00   0.0000000E+00   0.0000000E+00
   2.5244413E-02   1.0565937E+07   1.0565937E+07   -8.2685603E+02   -1.2413965E+03   -3.4990534E+04   1.0521173E+07   1.0565937E+07   5.1482028E+06   0.0000000E+00   0.0000000E+00   0.0000000E+00   0.0000000E+00
   2.7127668E-02   1.0013308E+07   1.0013308E+07   -6.8487033E+02   -1.0185250E+03   -2.8419972E+04   9.9703675E+06   1.0013308E+07   4.8786413E+06   0.0000000E+00   0.0000000E+00   0.0000000E+00   0.0000000E+00
   2.9150884E-02   9.4562617E+06   9.4562617E+06   -5.8538803E+02   -8.3276644E+02   -2.3001936E+04   9.4152548E+06   9.4562617E+06   4.6069822E+06   0.0000000E+00   0.0000000E+00   0.0000000E+00   0.0000000E+00
   3.1323203E-02   8.9001712E+06   8.9001712E+06   -4.7533407E+02   -6.7867961E+02   -1.8551269E+04   8.8611773E+06   8.9001712E+06   4.3358381E+06   0.0000000E+00   0.0000000E+00   0.0000000E+00   0.0000000E+00
   3.3652133E-02   8.3517662E+06   8.3517662E+06   -3.6653530E+02   -5.5162989E+02   -1.4919882E+04   8.3148288E+06   8.3517662E+06   4.0684829E+06   0.0000000E+00   0.0000000E+00   0.0000000E+00   0.0000000E+00
   3.6140652E-02   7.8193091E+06   7.8193091E+06   -3.2020356E+02   -4.4768414E+02   -1.1980862E+04   7.7844281E+06   7.8193091E+06   3.8089369E+06   0.0000000E+00   0.0000000E+00   0.0000000E+00   0.0000000E+00
   3.8782637E-02   7.3124925E+06   7.3124925E+06   -2.4258060E+02   -3.6349037E+02   -9.6230965E+03   7.2796174E+06   7.3124925E+06   3.5619172E+06   0.0000000E+00   0.0000000E+00   0.0000000E+00   0.0000000E+00
   4.1558001E-02   6.8416055E+06   6.8416055E+06   -1.9662539E+02   -2.9611785E+02   -7.7545875E+03   6.8106317E+06   6.8416055E+06   3.3324306E+06   0.0000000E+00   0.0000000E+00   0.0000000E+00   0.0000000E+00
   4.4431346E-02   6.4156249E+06   6.4156249E+06   -1.6153610E+02   -2.4288308E+02   -6.2941463E+03   6.3863991E+06   6.4156249E+06   3.1248449E+06   0.0000000E+00   0.0000000E+00   0.0000000E+00   0.0000000E+00
   4.7358167E-02   6.0397446E+06   6.0397446E+06   -1.3416376E+02   -2.0123153E+02   -5.1629792E+03   6.0120813E+06   6.0397446E+06   2.9416850E+06   0.0000000E+00   0.0000000E+00   0.0000000E+00   0.0000000E+00
   5.0297023E-02   5.7138632E+06   5.7138632E+06   -1.1450136E+02   -1.6875263E+02   -4.2888441E+03   5.6875687E+06   5.7138632E+06   2.7828966E+06   0.0000000E+00   0.0000000E+00   0.0000000E+00   0.0000000E+00
   5.3219793E-02   5.4331354E+06   5.4331354E+06   -9.8917838E+01   -1.4330290E+02   -3.6093615E+03   5.4080303E+06   5.4331354E+06   2.6461154E+06   0.0000000E+00   0.0000000E+00   0.0000000E+00   0.0000000E+00
   5.6114210E-02   5.1899731E+06   5.1899731E+06   -8.5283317E+01   -1.2311824E+02   -3.0745475E+03   5.1659060E+06   5.1899731E+06   2.5276418E+06   0.0000000E+00   0.0000000E+00   0.0000000E+00   0.0000000E+00
   5.8980288E-02   4.9760644E+06   4.9760644E+06   -7.3815405E+01   -1.0683971E+02   -2.6465449E+03   4.9529172E+06   4.9760644E+06   2.4234248E+06   0.0000000E+00   0.0000000E+00   0.0000000E+00   0.0000000E+00
   6.1825221E-02   4.7836440E+06   4.7836440E+06   -6.4488398E+01   -9.3465167E+01   -2.2976695E+03   4.7613305E+06   4.7836440E+06   2.3296804E+06   0.0000000E+00   0.0000000E+00   0.0000000E+00   0.0000000E+00
   6.4659426E-02   4.6060504E+06   4.6060504E+06   -5.6859468E+01   -8.2272119E+01   -2.0079815E+03   4.5845125E+06   4.6060504E+06   2.2431627E+06   0.0000000E+00   0.0000000E+00   0.0000000E+00   0.0000000E+00
   6.7494210E-02   4.4378752E+06   4.4378752E+06   -5.0493431E+01   -7.2744121E+01   -1.7632572E+03   4.4170778E+06   4.4378752E+06   2.1612366E+06   0.0000000E+00   0.0000000E+00   0.0000000E+00   0.0000000E+00
   7.0340614E-02   4.2749407E+06   4.2749407E+06   -4.5002914E+01   -6.4512509E+01   -1.5534413E+03   4.2548668E+06   4.2749407E+06   2.0818667E+06   0.0000000E+00   0.0000000E+00   0.0000000E+00   0.0000000E+00
   7.3208949E-02   4.1142289E+06   4.1142289E+06   -4.0013904E+01   -5.7313697E+01   -1.3713734E+03   4.0948744E+06   4.1142289E+06   2.0035826E+06   0.0000000E+00   0.0000000E+00   0.0000000E+00   0.0000000E+00
   7.6108677E-02   3.9538039E+06   3.9538039E+06   -3.5224462E+01   -5.0958762E+01   -1.2118984E+03   3.9351729E+06   3.9538039E+06   1.9254411E+06   0.0000000E+00   0.0000000E+00   0.0000000E+00   0.0000000E+00
   7.9048454E-02   3.7927358E+06   3.7927358E+06   -3.0725634E+01   -4.5311956E+01   -1.0714124E+03   3.7748362E+06   3.7927358E+06   1.8469890E+06   0.0000000E+00   0.0000000E+00   0.0000000E+00   0.0000000E+00
   8.2036233E-02   3.6310162E+06   3.6310162E+06   -2.7425538E+01   -4.0275382E+01   -9.4726765E+02   3.6138554E+06   3.6310162E+06   1.7682219E+06   0.0000000E+00   0.0000000E+00   0.0000000E+00   0.0000000E+00
   8.5079378E-02   3.4694538E+06   3.4694538E+06   -2.5811585E+01   -3.5777712E+01   -8.3690423E+02   3.4530349E+06   3.4694538E+06   1.6895334E+06   0.0000000E+00   0.0000000E+00   0.0000000E+00   0.0000000E+00
   8.8184779E-02   3.3095363E+06   3.3095363E+06   -2.3134229E+01   -3.1765677E+01   -7.3843712E+02   3.2938549E+06   3.3095363E+06   1.6116476E+06   0.0000000E+00   0.0000000E+00   0.0000000E+00   0.0000000E+00
   9.1358951E-02   3.1532521E+06   3.1532521E+06   -1.9486380E+01   -2.8197711E+01   -6.5219691E+02   3.1382939E+06   3.1532521E+06   1.5355328E+06   0.0000000E+00   0.0000000E+00   0.0000000E+00   0.0000000E+00
   9.4608117E-02   3.0028692E+06   3.0028692E+06   -1.7973375E+01   -2.5039022E+01   -5.7611409E+02   2.9886090E+06   3.0028692E+06   1.4622931E+06   0.0000000E+00   0.0000000E+00   0.0000000E+00   0.0000000E+00
   9.7938277E-02   2.8606762E+06   2.8606762E+06   -1.5507184E+01   -2.2257845E+01   -5.0935345E+02   2.8470776E+06   2.8606762E+06   1.3930429E+06   0.0000000E+00   0.0000000E+00   0.0000000E+00   0.0000000E+00
   1.0135527E-01   2.7287014E+06   2.7287014E+06   -1.4281570E+01   -1.9822832E+01   -4.5120247E+02   2.7157178E+06   2.7287014E+06   1.3287697E+06   0.0000000E+00   0.0000000E+00   0.0000000E+00   0.0000000E+00
   1.0486482E-01   2.6084301E+06   2.6084301E+06   -1.2972907E+01   -1.7701351E+01   -4.0093709E+02   2.5960077E+06   2.6084301E+06   1.2701965E+06   0.0000000E+00   0.0000000E+00   0.0000000E+00   0.0000000E+00
   1.0847258E-01   2.5005560E+06   2.5005560E+06   -1.1558682E+01   -1.5858770E+01   -3.5737623E+02   2.4886373E+06   2.5005560E+06   1.2176612E+06   0.0000000E+00   0.0000000E+00   0.0000000E+00   0.0000000E+00
   1.1218415E-01   2.4048019E+06   2.4048019E+06   -9.9931468E+00   -1.4258597E+01   -3.1971657E+02   2.3933305E+06   2.4048019E+06   1.1710284E+06   0.0000000E+00   0.0000000E+00   0.0000000E+00   0.0000000E+00
   1.1600512E-01   2.3198493E+06   2.3198493E+06   -8.9437613E+00   -1.2863369E+01   -2.8731980E+02   2.3087748E+06   2.3198493E+06   1.1296561E+06   0.0000000E+00   0.0000000E+00   0.0000000E+00   0.0000000E+00
   1.1994106E-01   2.2434103E+06   2.2434103E+06   -8.4966979E+00   -1.1636224E+01   -2.5844846E+02   2.2326932E+06   2.2434103E+06   1.0924300E+06   0.0000000E+00   0.0000000E+00   0.0000000E+00   0.0000000E+00
   1.2399760E-01   2.1724592E+06   2.1724592E+06   -7.5544942E+00   -1.0542770E+01   -2.3328612E+02   2.1620741E+06   2.1724592E+06   1.0578767E+06   0.0000000E+00   0.0000000E+00   0.0000000E+00   0.0000000E+00
   1.2818036E-01   2.1036190E+06   2.1036190E+06   -6.6644166E+00   -9.5531077E+00   -2.1032840E+02   2.0935566E+06   2.1036190E+06   1.0243518E+06   0.0000000E+00   0.0000000E+00   0.0000000E+00   0.0000000E+00
   1.3249502E-01   2.0336648E+06   2.0336648E+06   -6.1018460E+00   -8.6435398E+00   -1.8938731E+02   2.0239312E+06   2.0336648E+06   9.9028476E+05   0.0000000E+00   0.0000000E+00   0.0000000E+00   0.0000000E+00
   1.3694733E-01   1.9600733E+06   1.9600733E+06   -5.4444730E+00   -7.7977117E+00   -1.7009779E+02   1.9506867E+06   1.9600733E+06   9.5444694E+05   0.0000000E+00   0.0000000E+00   0.0000000E+00   0.0000000E+00
   1.4154305E-01   1.8815158E+06   1.8815158E+06   -5.1408864E+00   -7.0068502E+00   -1.5220240E+02   1.8725006E+06   1.8815158E+06   9.1619135E+05   0.0000000E+00   0.0000000E+00   0.0000000E+00   0.0000000E+00
   1.4628806E-01   1.7981785E+06   1.7981785E+06   -4.3509125E+00   -6.2689790E+00   -1.3557928E+02   1.7895583E+06   1.7981785E+06   8.7560859E+05   0.0000000E+00   0.0000000E+00   0.0000000E+00   0.0000000E+00
   1.5118827E-01   1.7118019E+06   1.7118019E+06   -3.8930969E+00   -5.5871280E+00   -1.2023693E+02   1.7035918E+06   1.7118019E+06   8.3354614E+05   0.0000000E+00   0.0000000E+00   0.0000000E+00   0.0000000E+00
   1.5624967E-01   1.6253744E+06   1.6253744E+06   -3.4469821E+00   -4.9667943E+00   -1.0645182E+02   1.6175754E+06   1.6253744E+06   7.9145929E+05   0.0000000E+00   0.0000000E+00   0.0000000E+00   0.0000000E+00
   1.6147836E-01   1.5424912E+06   1.5424912E+06   -3.1497517E+00   -4.4131149E+00   -9.4254576E+01   1.5350867E+06   1.5424912E+06   7.5109852E+05   0.0000000E+00   0.0000000E+00   0.0000000E+00   0.0000000E+00
   1.6688048E-01   1.4664824E+06   1.4664824E+06   -2.8190179E+00   -3.9283331E+00   -8.3470719E+01   1.4594399E+06   1.4664824E+06   7.1408543E+05   0.0000000E+00   0.0000000E+00   0.0000000E+00   0.0000000E+00
   1.7246231E-01   1.3995150E+06   1.3995150E+06   -2.5123901E+00   -3.5101404E+00   -7.4325112E+01   1.3927916E+06   1.3995150E+06   6.8147519E+05   0.0000000E+00   0.0000000E+00   0.0000000E+00   0.0000000E+00
   1.7823020E-01   1.3419270E+06   1.3419270E+06   -2.2645422E+00   -3.1513444E+00   -6.6477425E+01   1.3354779E+06   1.3419270E+06   6.5343229E+05   0.0000000E+00   0.0000000E+00   0.0000000E+00   0.0000000E+00
   1.8419065E-01   1.2920404E+06   1.2920404E+06   -2.0675491E+00   -2.8409652E+00   -5.9626961E+01   1.2858289E+06   1.2920404E+06   6.2913961E+05   0.0000000E+00   0.0000000E+00   0.0000000E+00   0.0000000E+00
   1.9035025E-01   1.2465935E+06   1.2465935E+06   -1.8308193E+00   -2.5664859E+00   -5.3710201E+01   1.2405986E+06   1.2465935E+06   6.0700897E+05   0.0000000E+00   0.0000000E+00   0.0000000E+00   0.0000000E+00
   1.9671578E-01   1.2017403E+06   1.2017403E+06   -1.6293002E+00   -2.3165890E+00   -4.8282225E+01   1.1959593E+06   1.2017403E+06   5.8516748E+05   0.0000000E+00   0.0000000E+00   0.0000000E+00   0.0000000E+00
   2.0329417E-01   1.1543362E+06   1.1543362E+06   -1.4874635E+00   -2.0835045E+00   -4.3259006E+01   1.1487816E+06   1.1543362E+06   5.6208401E+05   0.0000000E+00   0.0000000E+00   0.0000000E+00   0.0000000E+00
   2.1009254E-01   1.1030602E+06   1.1030602E+06   -1.3456106E+00   -1.8641648E+00   -3.8546419E+01   1.0977510E+06   1.1030602E+06   5.3711534E+05   0.0000000E+00   0.0000000E+00   0.0000000E+00   0.0000000E+00
   2.1711826E-01   1.0488973E+06   1.0488973E+06   -1.1862351E+00   -1.6597411E+00   -3.4208723E+01   1.0438475E+06   1.0488973E+06   5.1074103E+05   0.0000000E+00   0.0000000E+00   0.0000000E+00   0.0000000E+00
   2.2437895E-01   9.9469807E+05   9.9469807E+05   -1.0710750E+00   -1.4737399E+00   -3.0258091E+01   9.8990801E+05   9.9469807E+05   4.8434912E+05   0.0000000E+00   0.0000000E+00   0.0000000E+00   0.0000000E+00
   2.3188255E-01   9.4390706E+05   9.4390706E+05   -9.2810247E-01   -1.3094271E+00   -2.6766822E+01   9.3936056E+05   9.4390706E+05   4.5961688E+05   0.0000000E+00   0.0000000E+00   0.0000000E+00   0.0000000E+00
   2.3963734E-01   8.9897095E+05   8.9897095E+05   -8.4426005E-01   -1.1676709E+00   -2.3787602E+01   8.9463995E+05   8.9897095E+05   4.3773565E+05   0.0000000E+00   0.0000000E+00   0.0000000E+00   0.0000000E+00
   2.4765203E-01   8.6018255E+05   8.6018255E+05   -7.5422163E-01   -1.0461345E+00   -2.1242116E+01   8.5603758E+05   8.6018255E+05   4.1884800E+05   0.0000000E+00   0.0000000E+00   0.0000000E+00   0.0000000E+00
   2.5593581E-01   8.2559906E+05   8.2559906E+05   -6.6626232E-01   -9.4012450E-01   -1.9031840E+01   8.2161998E+05   8.2559906E+05   4.0200790E+05   0.0000000E+00   0.0000000E+00   0.0000000E+00   0.0000000E+00
   2.6449843E-01   7.9215851E+05   7.9215851E+05   -5.9935382E-01   -8.4458173E-01   -1.7057704E+01   7.8833990E+05   7.9215851E+05   3.8572438E+05   0.0000000E+00   0.0000000E+00   0.0000000E+00   0.0000000E+00
   2.7335027E-01   7.5742755E+05   7.5742755E+05   -5.4756584E-01   -7.5609229E-01   -1.5217728E+01   7.5377574E+05   7.5742755E+05   3.6881257E+05   0.0000000E+00   0.0000000E+00   0.0000000E+00   0.0000000E+00
   2.8250249E-01   7.2095526E+05   7.2095526E+05   -4.8170056E-01   -6.7380250E-01   -1.3505314E+01   7.1747874E+05   7.2095526E+05   3.5105291E+05   0.0000000E+00   0.0000000E+00   0.0000000E+00   0.0000000E+00
   2.9196706E-01   6.8435304E+05   6.8435304E+05   -4.2615080E-01   -5.9879398E-01   -1.1964686E+01   6.8105252E+05   6.8435304E+05   3.3323003E+05   0.0000000E+00   0.0000000E+00   0.0000000E+00   0.0000000E+00
   3.0175698E-01   6.5000767E+05   6.5000767E+05   -3.8191486E-01   -5.3243336E-01   -1.0596283E+01   6.4687234E+05   6.5000767E+05   3.1650611E+05   0.0000000E+00   0.0000000E+00   0.0000000E+00   0.0000000E+00
   3.1188639E-01   6.1930986E+05   6.1930986E+05   -3.3934458E-01   -4.7486927E-01   -9.4227307E+00   6.1632220E+05   6.1930986E+05   3.0155832E+05   0.0000000E+00   0.0000000E+00   0.0000000E+00   0.0000000E+00
   3.2237074E-01   5.9171225E+05   5.9171225E+05   -3.0494833E-01   -4.2467463E-01   -8.4060235E+00   5.8885737E+05   5.9171225E+05   2.8812013E+05   0.0000000E+00   0.0000000E+00   0.0000000E+00   0.0000000E+00
   3.3322701E-01   5.6535319E+05   5.6535319E+05   -2.7373426E-01   -3.7974723E-01   -7.4945802E+00   5.6262515E+05   5.6535319E+05   2.7528505E+05   0.0000000E+00   0.0000000E+00   0.0000000E+00   0.0000000E+00
   3.4447393E-01   5.3870890E+05   5.3870890E+05   -2.4189889E-01   -3.3860578E-01   -6.6634062E+00   5.3610914E+05   5.3870890E+05   2.6231111E+05   0.0000000E+00   0.0000000E+00   0.0000000E+00   0.0000000E+00
   3.5613232E-01   5.1180903E+05   5.1180903E+05   -2.1611383E-01   -3.0097842E-01   -5.9087639E+00   5.0933882E+05   5.1180903E+05   2.4921274E+05   0.0000000E+00   0.0000000E+00   0.0000000E+00   0.0000000E+00
   3.6822535E-01   4.8591546E+05   4.8591546E+05   -1.9159554E-01   -2.6728899E-01   -5.2302917E+00   4.8356999E+05   4.8591546E+05   2.3660439E+05   0.0000000E+00   0.0000000E+00   0.0000000E+00   0.0000000E+00
   3.8077898E-01   4.6205167E+05   4.6205167E+05   -1.7146180E-01   -2.3767874E-01   -4.6371184E+00   4.5982118E+05   4.6205167E+05   2.2498440E+05   0.0000000E+00   0.0000000E+00   0.0000000E+00   0.0000000E+00
   3.9382245E-01   4.3995829E+05   4.3995829E+05   -1.5229676E-01   -2.1157051E-01   -4.1177725E+00   4.3783425E+05   4.3995829E+05   2.1422649E+05   0.0000000E+00   0.0000000E+00   0.0000000E+00   0.0000000E+00
   4.0738885E-01   4.1857260E+05   4.1857260E+05   -1.3514721E-01   -1.8810283E-01   -3.6513561E+00   4.1655164E+05   4.1857260E+05   2.0381318E+05   0.0000000E+00   0.0000000E+00   0.0000000E+00   0.0000000E+00
   4.2151580E-01   3.9735107E+05   3.9735107E+05   -1.1962793E-01   -1.6679689E-01   -3.2280914E+00   3.9543241E+05   3.9735107E+05   1.9347983E+05   0.0000000E+00   0.0000000E+00   0.0000000E+00   0.0000000E+00
   4.3624641E-01   3.7675072E+05   3.7675072E+05   -1.0616064E-01   -1.4764870E-01   -2.8506845E+00   3.7493140E+05   3.7675072E+05   1.8344895E+05   0.0000000E+00   0.0000000E+00   0.0000000E+00   0.0000000E+00
   4.5163028E-01   3.5734937E+05   3.5734937E+05   -9.3990000E-02   -1.3066667E-01   -2.5156830E+00   3.5562361E+05   3.5734937E+05   1.7400190E+05   0.0000000E+00   0.0000000E+00   0.0000000E+00   0.0000000E+00
   4.6772488E-01   3.3897487E+05   3.3897487E+05   -8.3058779E-02   -1.1556411E-01   -2.2194333E+00   3.3733774E+05   3.3897487E+05   1.6505487E+05   0.0000000E+00   0.0000000E+00   0.0000000E+00   0.0000000E+00
   4.8459728E-01   3.2109485E+05   3.2109485E+05   -7.3421090E-02   -1.0197801E-01   -1.9537797E+00   3.1954397E+05   3.2109485E+05   1.5634861E+05   0.0000000E+00   0.0000000E+00   0.0000000E+00   0.0000000E+00
   5.0232626E-01   3.0366584E+05   3.0366584E+05   -6.4531962E-02   -8.9754876E-02   -1.7149027E+00   3.0219906E+05   3.0366584E+05   1.4786197E+05   0.0000000E+00   0.0000000E+00   0.0000000E+00   0.0000000E+00
   5.2100507E-01   2.8698118E+05   2.8698118E+05   -5.6696185E-02   -7.8850085E-02   -1.5018294E+00   2.8559491E+05   2.8698118E+05   1.3973778E+05   0.0000000E+00   0.0000000E+00   0.0000000E+00   0.0000000E+00
   5.4074497E-01   2.7098283E+05   2.7098283E+05   -4.9749836E-02   -6.9117561E-02   -1.3143533E+00   2.6967376E+05   2.7098283E+05   1.3194778E+05   0.0000000E+00   0.0000000E+00   0.0000000E+00   0.0000000E+00
   5.6167973E-01   2.5541725E+05   2.5541725E+05   -4.3469631E-02   -6.0381404E-02   -1.1453689E+00   2.5418331E+05   2.5541725E+05   1.2436850E+05   0.0000000E+00   0.0000000E+00   0.0000000E+00   0.0000000E+00
   5.8397150E-01   2.4031776E+05   2.4031776E+05   -3.7827855E-02   -5.2557167E-02   -9.9425373E-01   2.3915671E+05   2.4031776E+05   1.1701619E+05   0.0000000E+00   0.0000000E+00   0.0000000E+00   0.0000000E+00
   6.0781833E-01   2.2572924E+05   2.2572924E+05   -3.2806797E-02   -4.5568896E-02   -8.6009139E-01   2.2463863E+05   2.2572924E+05   1.0991268E+05   0.0000000E+00   0.0000000E+00   0.0000000E+00   0.0000000E+00
   6.3346374E-01   2.1151813E+05   2.1151813E+05   -2.8294494E-02   -3.9312563E-02   -7.4046217E-01   2.1049612E+05   2.1151813E+05   1.0299294E+05   0.0000000E+00   0.0000000E+00   0.0000000E+00   0.0000000E+00
   6.6120880E-01   1.9766728E+05   1.9766728E+05   -2.4275750E-02   -3.3719713E-02   -6.3345794E-01   1.9671216E+05   1.9766728E+05   9.6248632E+04   0.0000000E+00   0.0000000E+00   0.0000000E+00   0.0000000E+00
   6.9142646E-01   1.8415843E+05   1.8415843E+05   -2.0685128E-02   -2.8729305E-02   -5.3834049E-01   1.8326855E+05   1.8415843E+05   8.9670852E+04   0.0000000E+00   0.0000000E+00   0.0000000E+00   0.0000000E+00
   7.2457739E-01   1.7093314E+05   1.7093314E+05   -1.7484477E-02   -2.4281821E-02   -4.5388541E-01   1.7010713E+05   1.7093314E+05   8.3231144E+04   0.0000000E+00   0.0000000E+00   0.0000000E+00   0.0000000E+00
   7.6122421E-01   1.5798451E+05   1.5798451E+05   -1.4643414E-02   -2.0333535E-02   -3.7910257E-01   1.5722104E+05   1.5798451E+05   7.6926155E+04   0.0000000E+00   0.0000000E+00   0.0000000E+00   0.0000000E+00
   8.0203683E-01   1.4529577E+05   1.4529577E+05   -1.2116053E-02   -1.6845628E-02   -3.1329224E-01   1.4459360E+05   1.4529577E+05   7.0747713E+04   0.0000000E+00   0.0000000E+00   0.0000000E+00   0.0000000E+00
   8.4777589E-01   1.3288778E+05   1.3288778E+05   -9.9280113E-03   -1.3789383E-02   -2.5574921E-01   1.3224555E+05   1.3288778E+05   6.4705978E+04   0.0000000E+00   0.0000000E+00   0.0000000E+00   0.0000000E+00
   8.9923618E-01   1.2081371E+05   1.2081371E+05   -8.0255156E-03   -1.1142684E-02   -2.0617981E-01   1.2022981E+05   1.2081371E+05   5.8826838E+04   0.0000000E+00   0.0000000E+00   0.0000000E+00   0.0000000E+00
   9.5713956E-01   1.0917306E+05   1.0917306E+05   -6.4023944E-03   -8.8876188E-03   -1.6394006E-01   1.0864541E+05   1.0917306E+05   5.3158743E+04   0.0000000E+00   0.0000000E+00   0.0000000E+00   0.0000000E+00
   1.0220017E+00   9.8103218E+04   9.8103218E+04   -5.0466861E-03   -7.0048626E-03   -1.2887578E-01   9.7629048E+04   9.8103218E+04   4.7768587E+04   0.0000000E+00   0.0000000E+00   0.0000000E+00   0.0000000E+00
   1.0940505E+00   8.7747178E+04   8.7747178E+04   -3.9384903E-03   -5.4673557E-03   -1.0033576E-01   8.7323051E+04   8.7747178E+04   4.2726000E+04   0.0000000E+00   0.0000000E+00   0.0000000E+00   0.0000000E+00
   1.1732761E+00   7.8214330E+04   7.8214330E+04   -3.0544130E-03   -4.2374455E-03   -7.7552805E-02   7.7836271E+04   7.8214330E+04   3.8084245E+04   0.0000000E+00   0.0000000E+00   0.0000000E+00   0.0000000E+00
   1.2595975E+00   6.9557936E+04   6.9557936E+04   -2.3558412E-03   -3.2696460E-03   -5.9694360E-02   6.9221712E+04   6.9557936E+04   3.3869257E+04   0.0000000E+00   0.0000000E+00   0.0000000E+00   0.0000000E+00
   1.3530295E+00   6.1772127E+04   6.1772127E+04   -1.8134740E-03   -2.5164882E-03   -4.5834512E-02   6.1473531E+04   6.1772127E+04   3.0078176E+04   0.0000000E+00   0.0000000E+00   0.0000000E+00   0.0000000E+00
   1.4537609E+00   5.4807387E+04   5.4807387E+04   -1.3939171E-03   -1.9340576E-03   -3.5158414E-02   5.4542454E+04   5.4807387E+04   2.6686892E+04   0.0000000E+00   0.0000000E+00   0.0000000E+00   0.0000000E+00
   1.5621478E+00   4.8596949E+04   4.8596949E+04   -1.0705278E-03   -1.4851846E-03   -2.6943290E-02   4.8362033E+04   4.8596949E+04   2.3662895E+04   0.0000000E+00   0.0000000E+00   0.0000000E+00   0.0000000E+00
   1.6786734E+00   4.3068019E+04   4.3068019E+04   -8.2151203E-04   -1.1398234E-03   -2.0638514E-02   4.2859827E+04   4.3068019E+04   2.0970739E+04   0.0000000E+00   0.0000000E+00   0.0000000E+00   0.0000000E+00
   1.8039095E+00   3.8150366E+04   3.8150366E+04   -6.3028341E-04   -8.7434672E-04   -1.5793385E-02   3.7965944E+04   3.8150366E+04   1.8576228E+04   0.0000000E+00   0.0000000E+00   0.0000000E+00   0.0000000E+00
   1.9384939E+00   3.3779609E+04   3.3779609E+04   -4.8331224E-04   -6.7040853E-04   -1.2090855E-02   3.3616314E+04   3.3779609E+04   1.6448012E+04   0.0000000E+00   0.0000000E+00   0.0000000E+00   0.0000000E+00
   2.0831205E+00   2.9897042E+04   2.9897042E+04   -3.7044776E-04   -5.1382185E-04   -9.2523039E-03   2.9752515E+04   2.9897042E+04   1.4557507E+04   0.0000000E+00   0.0000000E+00   0.0000000E+00   0.0000000E+00
   2.2385375E+00   2.6450017E+04   2.6450017E+04   -2.8392177E-04   -3.9364937E-04   -7.0741085E-03   2.6322152E+04   2.6450017E+04   1.2879076E+04   0.0000000E+00   0.0000000E+00   0.0000000E+00   0.0000000E+00
   2.4055499E+00   2.3391288E+04   2.3391288E+04   -2.1726188E-04   -3.0146497E-04   -5.4156568E-03   2.3278209E+04   2.3391288E+04   1.1389716E+04   0.0000000E+00   0.0000000E+00   0.0000000E+00   0.0000000E+00
   2.5850228E+00   2.0678391E+04   2.0678391E+04   -1.6637841E-04   -2.3078020E-04   -4.1402154E-03   2.0578427E+04   2.0678391E+04   1.0068748E+04   0.0000000E+00   0.0000000E+00   0.0000000E+00   0.0000000E+00
   2.7778857E+00   1.8273405E+04   1.8273405E+04   -1.2733424E-04   -1.7660388E-04   -3.1635939E-03   1.8185066E+04   1.8273405E+04   8.8977092E+03   0.0000000E+00   0.0000000E+00   0.0000000E+00   0.0000000E+00
   2.9851378E+00   1.6142366E+04   1.6142366E+04   -9.7412993E-05   -1.3509733E-04   -2.4168613E-03   1.6064329E+04   1.6142366E+04   7.8600610E+03   0.0000000E+00   0.0000000E+00   0.0000000E+00   0.0000000E+00
   3.2078524E+00   1.4254906E+04   1.4254906E+04   -7.4483717E-05   -1.0331007E-04   -1.8442487E-03   1.4185993E+04   1.4254906E+04   6.9410163E+03   0.0000000E+00   0.0000000E+00   0.0000000E+00   0.0000000E+00
   3.4471833E+00   1.2583904E+04   1.2583904E+04   -5.6968095E-05   -7.8975458E-05   -1.4098450E-03   1.2523069E+04   1.2583904E+04   6.1273699E+03   0.0000000E+00   0.0000000E+00   0.0000000E+00   0.0000000E+00
   3.7043702E+00   1.1105155E+04   1.1105155E+04   -4.3519037E-05   -6.0353105E-05   -1.0782285E-03   1.1051468E+04   1.1105155E+04   5.4073354E+03   0.0000000E+00   0.0000000E+00   0.0000000E+00   0.0000000E+00
   3.9807452E+00   9.7970679E+03   9.7970679E+03   -3.3246848E-05   -4.6107244E-05   -8.2189610E-04   9.7497053E+03   9.7970679E+03   4.7704002E+03   0.0000000E+00   0.0000000E+00   0.0000000E+00   0.0000000E+00
   4.2777399E+00   8.6404003E+03   8.6404003E+03   -2.5392139E-05   -3.5213132E-05   -6.2705980E-04   8.5986294E+03   8.6404003E+03   4.2071942E+03   0.0000000E+00   0.0000000E+00   0.0000000E+00   0.0000000E+00
   4.5968928E+00   7.6180118E+03   7.6180118E+03   -1.9393111E-05   -2.6884986E-05   -4.7898379E-04   7.5811835E+03   7.6180118E+03   3.7093715E+03   0.0000000E+00   0.0000000E+00   0.0000000E+00   0.0000000E+00
   4.9398570E+00   6.7146456E+03   6.7146456E+03   -1.4795446E-05   -2.0520517E-05   -3.6468604E-04   6.6821845E+03   6.7146456E+03   3.2695033E+03   0.0000000E+00   0.0000000E+00   0.0000000E+00   0.0000000E+00
   5.3084090E+00   5.9167298E+03   5.9167298E+03   -1.1291538E-05   -1.5658259E-05   -2.7837450E-04   5.8881260E+03   5.9167298E+03   2.8809811E+03   0.0000000E+00   0.0000000E+00   0.0000000E+00   0.0000000E+00
   5.7044579E+00   5.2121982E+03   5.2121982E+03   -8.6098619E-06   -1.1944794E-05   -2.1251377E-04   5.1870004E+03   5.2121982E+03   2.5379298E+03   0.0000000E+00   0.0000000E+00   0.0000000E+00   0.0000000E+00
   6.1300551E+00   4.5903300E+03   4.5903300E+03   -6.5691719E-06   -9.1095532E-06   -1.6134830E-04   4.5681385E+03   4.5903300E+03   2.2351289E+03   0.0000000E+00   0.0000000E+00   0.0000000E+00   0.0000000E+00
   6.5874052E+00   4.0416042E+03   4.0416042E+03   -5.0078902E-06   -6.9454704E-06   -1.2324618E-04   4.0220655E+03   4.0416042E+03   1.9679427E+03   0.0000000E+00   0.0000000E+00   0.0000000E+00   0.0000000E+00
   7.0788772E+00   3.5575707E+03   3.5575707E+03   -3.8178793E-06   -5.2941388E-06   -9.3842884E-05   3.5403720E+03   3.5575707E+03   1.7322566E+03   0.0000000E+00   0.0000000E+00   0.0000000E+00   0.0000000E+00
   7.6070168E+00   3.1307331E+03   3.1307331E+03   -2.9093099E-06   -4.0344169E-06   -7.1623638E-05   3.1155979E+03   3.1307331E+03   1.5244203E+03   0.0000000E+00   0.0000000E+00   0.0000000E+00   0.0000000E+00
   8.1745598E+00   2.7544447E+03   2.7544447E+03   -2.2165830E-06   -3.0736942E-06   -5.4422721E-05   2.7411285E+03   2.7544447E+03   1.3411975E+03   0.0000000E+00   0.0000000E+00   0.0000000E+00   0.0000000E+00
   8.7844460E+00   2.4228146E+03   2.4228146E+03   -1.6879295E-06   -2.3411941E-06   -4.1309604E-05   2.4111017E+03   2.4228146E+03   1.1797198E+03   0.0000000E+00   0.0000000E+00   0.0000000E+00   0.0000000E+00
   9.4398344E+00   2.1306248E+03   2.1306248E+03   -1.2857166E-06   -1.7828440E-06   -3.1641877E-05   2.1203244E+03   2.1306248E+03   1.0374463E+03   0.0000000E+00   0.0000000E+00   0.0000000E+00   0.0000000E+00
   1.0144120E+01   1.8732546E+03   1.8732546E+03   -9.7899518E-07   -1.3573464E-06   -2.4018052E-05   1.8641985E+03   1.8732546E+03   9.1212736E+02   0.0000000E+00   0.0000000E+00   0.0000000E+00   0.0000000E+00
