#           k/h    CDM            baryon         photon         nu             mass_nu        total          no_nu          total_de       Weyl           v_CDM          v_b            v_b-v_c     
   1.0645500E-05   1.5227105E+07   1.5227105E+07   2.0296150E+07   -2.3436013E+05   -9.8517211E+06   1.5227157E+07   1.5227105E+07   1.2190120E+07   0.0000000E+00   0.0000000E+00   0.0000000E+00   0.0000000E+00
   1.1439738E-05   1.5227105E+07   1.5227105E+07   2.0295119E+07   -2.3435790E+05   -9.8515820E+06   1.5227157E+07   1.5227105E+07   1.2190120E+07   0.0000000E+00   0.0000000E+00   0.0000000E+00   0.0000000E+00
   1.2293232E-05   1.5227104E+07   1.5227104E+07   2.0293928E+07   -2.3435533E+05   -9.8514214E+06   1.5227156E+07   1.5227104E+07   1.2190119E+07   0.0000000E+00   0.0000000E+00   0.0000000E+00   0.0000000E+00
   1.3210403E-05   1.5227103E+07   1.5227103E+07   2.0292554E+07   -2.3435236E+05   -9.8512360E+06   1.5227155E+07   1.5227103E+07   1.2190118E+07   0.0000000E+00   0.0000000E+00   0.0000000E+00   0.0000000E+00
   1.4196003E-05   1.5227102E+07   1.5227102E+07   2.0290966E+07   -2.3434893E+05   -9.8510218E+06   1.5227153E+07   1.5227102E+07   1.2190117E+07   0.0000000E+00   0.0000000E+00   0.0000000E+00   0.0000000E+00
   1.5255136E-05   1.5227101E+07   1.5227101E+07   2.0289133E+07   -2.3434497E+05   -9.8507745E+06   1.5227152E+07   1.5227101E+07   1.2190116E+07   0.0000000E+00   0.0000000E+00   0.0000000E+00   0.0000000E+00
   1.6393288E-05   1.5227100E+07   1.5227100E+07   2.0287017E+07   -2.3434039E+05   -9.8504890E+06   1.5227150E+07   1.5227100E+07   1.2190115E+07   0.0000000E+00   0.0000000E+00   0.0000000E+00   0.0000000E+00
   1.7616356E-05   1.5227098E+07   1.5227098E+07   2.0284573E+07   -2.3433511E+05   -9.8501592E+06   1.5227148E+07   1.5227098E+07   1.2190113E+07   0.0000000E+00   0.0000000E+00   0.0000000E+00   0.0000000E+00
   1.8930674E-05   1.5227096E+07   1.5227096E+07   2.0281751E+07   -2.3432900E+05   -9.8497785E+06   1.5227146E+07   1.5227096E+07   1.2190111E+07   0.0000000E+00   0.0000000E+00   0.0000000E+00   0.0000000E+00
   2.0343050E-05   1.5227094E+07   1.5227094E+07   2.0278493E+07   -2.3432196E+05   -9.8493388E+06   1.5227144E+07   1.5227094E+07   1.2190109E+07   0.0000000E+00   0.0000000E+00   0.0000000E+00   0.0000000E+00
   2.1860801E-05   1.5227092E+07   1.5227092E+07   2.0274731E+07   -2.3431382E+05   -9.8488311E+06   1.5227141E+07   1.5227092E+07   1.2190107E+07   0.0000000E+00   0.0000000E+00   0.0000000E+00   0.0000000E+00
   2.3491788E-05   1.5227089E+07   1.5227089E+07   2.0270387E+07   -2.3430443E+05   -9.8482448E+06   1.5227137E+07   1.5227089E+07   1.2190104E+07   0.0000000E+00   0.0000000E+00   0.0000000E+00   0.0000000E+00
   2.5244459E-05   1.5227086E+07   1.5227086E+07   2.0265373E+07   -2.3429358E+05   -9.8475679E+06   1.5227133E+07   1.5227086E+07   1.2190101E+07   0.0000000E+00   0.0000000E+00   0.0000000E+00   0.0000000E+00
   2.7127894E-05   1.5227083E+07   1.5227083E+07   2.0259584E+07   -2.3428105E+05   -9.8467863E+06   1.5227129E+07   1.5227083E+07   1.2190097E+07   0.0000000E+00   0.0000000E+00   0.0000000E+00   0.0000000E+00
   2.9151847E-05   1.5227078E+07   1.5227078E+07   2.0252901E+07   -2.3426659E+05   -9.8458838E+06   1.5227124E+07   1.5227078E+07   1.2190092E+07   0.0000000E+00   0.0000000E+00   0.0000000E+00   0.0000000E+00
   3.1326803E-05   1.5227074E+07   1.5227074E+07   2.0245185E+07   -2.3424988E+05   -9.8448418E+06   1.5227118E+07   1.5227074E+07   1.2190087E+07   0.0000000E+00   0.0000000E+00   0.0000000E+00   0.0000000E+00
   3.3664028E-05   1.5227068E+07   1.5227068E+07   2.0236279E+07   -2.3423060E+05   -9.8436386E+06   1.5227111E+07   1.5227068E+07   1.2190082E+07   0.0000000E+00   0.0000000E+00   0.0000000E+00   0.0000000E+00
   3.6175628E-05   1.5227062E+07   1.5227062E+07   2.0226000E+07   -2.3420833E+05   -9.8422494E+06   1.5227103E+07   1.5227062E+07   1.2190075E+07   0.0000000E+00   0.0000000E+00   0.0000000E+00   0.0000000E+00
   3.8874613E-05   1.5227054E+07   1.5227054E+07   2.0214135E+07   -2.3418261E+05   -9.8406456E+06   1.5227093E+07   1.5227054E+07   1.2190067E+07   0.0000000E+00   0.0000000E+00   0.0000000E+00   0.0000000E+00
   4.1774963E-05   1.5227046E+07   1.5227046E+07   2.0200442E+07   -2.3415292E+05   -9.8387939E+06   1.5227083E+07   1.5227046E+07   1.2190058E+07   0.0000000E+00   0.0000000E+00   0.0000000E+00   0.0000000E+00
   4.4891702E-05   1.5227036E+07   1.5227036E+07   2.0184640E+07   -2.3411864E+05   -9.8366562E+06   1.5227070E+07   1.5227036E+07   1.2190048E+07   0.0000000E+00   0.0000000E+00   0.0000000E+00   0.0000000E+00
   4.8240975E-05   1.5227024E+07   1.5227024E+07   2.0166407E+07   -2.3407907E+05   -9.8341884E+06   1.5227056E+07   1.5227024E+07   1.2190036E+07   0.0000000E+00   0.0000000E+00   0.0000000E+00   0.0000000E+00
   5.1840129E-05   1.5227011E+07   1.5227011E+07   2.0145371E+07   -2.3403337E+05   -9.8313397E+06   1.5227039E+07   1.5227011E+07   1.2190023E+07   0.0000000E+00   0.0000000E+00   0.0000000E+00   0.0000000E+00
   5.5707809E-05   1.5226996E+07   1.5226996E+07   2.0121105E+07   -2.3398062E+05   -9.8280513E+06   1.5227020E+07   1.5226996E+07   1.2190007E+07   0.0000000E+00   0.0000000E+00   0.0000000E+00   0.0000000E+00
   5.9864047E-05   1.5226978E+07   1.5226978E+07   2.0093117E+07   -2.3391971E+05   -9.8242558E+06   1.5226998E+07   1.5226978E+07   1.2189988E+07   0.0000000E+00   0.0000000E+00   0.0000000E+00   0.0000000E+00
   6.4330374E-05   1.5226958E+07   1.5226958E+07   2.0060843E+07   -2.3384940E+05   -9.8198752E+06   1.5226973E+07   1.5226958E+07   1.2189967E+07   0.0000000E+00   0.0000000E+00   0.0000000E+00   0.0000000E+00
   6.9129923E-05   1.5226934E+07   1.5226934E+07   2.0023634E+07   -2.3376824E+05   -9.8148197E+06   1.5226943E+07   1.5226934E+07   1.2189943E+07   0.0000000E+00   0.0000000E+00   0.0000000E+00   0.0000000E+00
   7.4287557E-05   1.5226907E+07   1.5226907E+07   1.9980746E+07   -2.3367456E+05   -9.8089860E+06   1.5226909E+07   1.5226907E+07   1.2189914E+07   0.0000000E+00   0.0000000E+00   0.0000000E+00   0.0000000E+00
   7.9829990E-05   1.5226876E+07   1.5226876E+07   1.9931329E+07   -2.3356643E+05   -9.8022551E+06   1.5226870E+07   1.5226876E+07   1.2189882E+07   0.0000000E+00   0.0000000E+00   0.0000000E+00   0.0000000E+00
   8.5785932E-05   1.5226839E+07   1.5226839E+07   1.9874405E+07   -2.3344163E+05   -9.7944899E+06   1.5226824E+07   1.5226839E+07   1.2189844E+07   0.0000000E+00   0.0000000E+00   0.0000000E+00   0.0000000E+00
   9.2186234E-05   1.5226797E+07   1.5226797E+07   1.9808861E+07   -2.3329761E+05   -9.7855329E+06   1.5226772E+07   1.5226797E+07   1.2189800E+07   0.0000000E+00   0.0000000E+00   0.0000000E+00   0.0000000E+00
   9.9064049E-05   1.5226749E+07   1.5226749E+07   1.9733426E+07   -2.3313143E+05   -9.7752029E+06   1.5226711E+07   1.5226749E+07   1.2189750E+07   0.0000000E+00   0.0000000E+00   0.0000000E+00   0.0000000E+00
   1.0645500E-04   1.5226693E+07   1.5226693E+07   1.9646652E+07   -2.3293969E+05   -9.7632919E+06   1.5226641E+07   1.5226693E+07   1.2189691E+07   0.0000000E+00   0.0000000E+00   0.0000000E+00   0.0000000E+00
   1.1439738E-04   1.5226628E+07   1.5226628E+07   1.9546895E+07   -2.3271849E+05   -9.7495612E+06   1.5226560E+07   1.5226628E+07   1.2189624E+07   0.0000000E+00   0.0000000E+00   0.0000000E+00   0.0000000E+00
   1.2293232E-04   1.5226553E+07   1.5226553E+07   1.9432291E+07   -2.3246336E+05   -9.7337369E+06   1.5226467E+07   1.5226553E+07   1.2189546E+07   0.0000000E+00   0.0000000E+00   0.0000000E+00   0.0000000E+00
   1.3210403E-04   1.5226466E+07   1.5226466E+07   1.9300738E+07   -2.3216913E+05   -9.7155054E+06   1.5226358E+07   1.5226466E+07   1.2189455E+07   0.0000000E+00   0.0000000E+00   0.0000000E+00   0.0000000E+00
   1.4196003E-04   1.5226366E+07   1.5226366E+07   1.9149869E+07   -2.3182989E+05   -9.6945081E+06   1.5226233E+07   1.5226366E+07   1.2189350E+07   0.0000000E+00   0.0000000E+00   0.0000000E+00   0.0000000E+00
   1.5255136E-04   1.5226250E+07   1.5226250E+07   1.8977035E+07   -2.3143885E+05   -9.6703354E+06   1.5226088E+07   1.5226250E+07   1.2189229E+07   0.0000000E+00   0.0000000E+00   0.0000000E+00   0.0000000E+00
   1.6393288E-04   1.5226115E+07   1.5226115E+07   1.8779283E+07   -2.3098822E+05   -9.6425204E+06   1.5225921E+07   1.5226115E+07   1.2189088E+07   0.0000000E+00   0.0000000E+00   0.0000000E+00   0.0000000E+00
   1.7616356E-04   1.5225959E+07   1.5225959E+07   1.8553348E+07   -2.3046909E+05   -9.6105318E+06   1.5225727E+07   1.5225959E+07   1.2188925E+07   0.0000000E+00   0.0000000E+00   0.0000000E+00   0.0000000E+00
   1.8930674E-04   1.5225779E+07   1.5225779E+07   1.8295644E+07   -2.2987127E+05   -9.5737668E+06   1.5225503E+07   1.5225779E+07   1.2188736E+07   0.0000000E+00   0.0000000E+00   0.0000000E+00   0.0000000E+00
   2.0343050E-04   1.5225569E+07   1.5225569E+07   1.8002272E+07   -2.2918314E+05   -9.5315431E+06   1.5225243E+07   1.5225569E+07   1.2188516E+07   0.0000000E+00   0.0000000E+00   0.0000000E+00   0.0000000E+00
   2.1860801E-04   1.5225326E+07   1.5225326E+07   1.7669043E+07   -2.2839145E+05   -9.4830914E+06   1.5224942E+07   1.5225326E+07   1.2188261E+07   0.0000000E+00   0.0000000E+00   0.0000000E+00   0.0000000E+00
   2.3491788E-04   1.5225044E+07   1.5225044E+07   1.7291526E+07   -2.2748115E+05   -9.4275474E+06   1.5224593E+07   1.5225044E+07   1.2187964E+07   0.0000000E+00   0.0000000E+00   0.0000000E+00   0.0000000E+00
   2.5244459E-04   1.5224716E+07   1.5224716E+07   1.6865121E+07   -2.2643518E+05   -9.3639447E+06   1.5224188E+07   1.5224716E+07   1.2187618E+07   0.0000000E+00   0.0000000E+00   0.0000000E+00   0.0000000E+00
   2.7127894E-04   1.5224335E+07   1.5224335E+07   1.6385184E+07   -2.2523426E+05   -9.2912089E+06   1.5223718E+07   1.5224335E+07   1.2187215E+07   0.0000000E+00   0.0000000E+00   0.0000000E+00   0.0000000E+00
   2.9151847E-04   1.5223891E+07   1.5223891E+07   1.5847189E+07   -2.2385670E+05   -9.2081535E+06   1.5223172E+07   1.5223891E+07   1.2186745E+07   0.0000000E+00   0.0000000E+00   0.0000000E+00   0.0000000E+00
   3.1326803E-04   1.5223373E+07   1.5223373E+07   1.5246963E+07   -2.2227818E+05   -9.1134789E+06   1.5222537E+07   1.5223373E+07   1.2186196E+07   0.0000000E+00   0.0000000E+00   0.0000000E+00   0.0000000E+00
   3.3664028E-04   1.5222769E+07   1.5222769E+07   1.4580994E+07   -2.2047163E+05   -9.0057754E+06   1.5221799E+07   1.5222769E+07   1.2185554E+07   0.0000000E+00   0.0000000E+00   0.0000000E+00   0.0000000E+00
   3.6175628E-04   1.5222062E+07   1.5222062E+07   1.3846825E+07   -2.1840705E+05   -8.8835323E+06   1.5220939E+07   1.5222062E+07   1.2184801E+07   0.0000000E+00   0.0000000E+00   0.0000000E+00   0.0000000E+00
   3.8874613E-04   1.5221234E+07   1.5221234E+07   1.3043541E+07   -2.1605153E+05   -8.7451560E+06   1.5219935E+07   1.5221234E+07   1.2183917E+07   0.0000000E+00   0.0000000E+00   0.0000000E+00   0.0000000E+00
   4.1774963E-04   1.5220263E+07   1.5220263E+07   1.2172347E+07   -2.1336928E+05   -8.5889970E+06   1.5218762E+07   1.5220263E+07   1.2182877E+07   0.0000000E+00   0.0000000E+00   0.0000000E+00   0.0000000E+00
   4.4891702E-04   1.5219121E+07   1.5219121E+07   1.1237230E+07   -2.1032190E+05   -8.4133917E+06   1.5217390E+07   1.5219121E+07   1.2181652E+07   0.0000000E+00   0.0000000E+00   0.0000000E+00   0.0000000E+00
   4.8240975E-04   1.5217775E+07   1.5217775E+07   1.0245649E+07   -2.0686879E+05   -8.2167204E+06   1.5215782E+07   1.5217775E+07   1.2180205E+07   0.0000000E+00   0.0000000E+00   0.0000000E+00   0.0000000E+00
   5.1840129E-04   1.5216184E+07   1.5216184E+07   9.2092122E+06   -2.0296798E+05   -7.9974841E+06   1.5213892E+07   1.5216184E+07   1.2178492E+07   0.0000000E+00   0.0000000E+00   0.0000000E+00   0.0000000E+00
   5.5707809E-04   1.5214298E+07   1.5214298E+07   8.1442156E+06   -1.9857723E+05   -7.7544039E+06   1.5211668E+07   1.5214298E+07   1.2176461E+07   0.0000000E+00   0.0000000E+00   0.0000000E+00   0.0000000E+00
   5.9864047E-04   1.5212057E+07   1.5212057E+07   7.0718906E+06   -1.9365572E+05   -7.4865424E+06   1.5209044E+07   1.5212057E+07   1.2174047E+07   0.0000000E+00   0.0000000E+00   0.0000000E+00   0.0000000E+00
   6.4330374E-04   1.5209386E+07   1.5209386E+07   6.0181644E+06   -1.8816622E+05   -7.1934478E+06   1.5205940E+07   1.5209386E+07   1.2171173E+07   0.0000000E+00   0.0000000E+00   0.0000000E+00   0.0000000E+00
   6.9129923E-04   1.5206192E+07   1.5206192E+07   5.0126864E+06   -1.8207804E+05   -6.8753138E+06   1.5202259E+07   1.5206192E+07   1.2167745E+07   0.0000000E+00   0.0000000E+00   0.0000000E+00   0.0000000E+00
   7.4287557E-04   1.5202364E+07   1.5202364E+07   4.0868898E+06   -1.7537064E+05   -6.5331459E+06   1.5197884E+07   1.5202364E+07   1.2163652E+07   0.0000000E+00   0.0000000E+00   0.0000000E+00   0.0000000E+00
   7.9829990E-04   1.5197761E+07   1.5197761E+07   3.2709316E+06   -1.6803786E+05   -6.1689163E+06   1.5192672E+07   1.5197761E+07   1.2158759E+07   0.0000000E+00   0.0000000E+00   0.0000000E+00   0.0000000E+00
   8.5785932E-04   1.5192215E+07   1.5192215E+07   2.5895552E+06   -1.6009270E+05   -5.7856818E+06   1.5186450E+07   1.5192215E+07   1.2152909E+07   0.0000000E+00   0.0000000E+00   0.0000000E+00   0.0000000E+00
   9.2186234E-04   1.5185525E+07   1.5185525E+07   2.0572730E+06   -1.5157210E+05   -5.3876312E+06   1.5179011E+07   1.5185525E+07   1.2145919E+07   0.0000000E+00   0.0000000E+00   0.0000000E+00   0.0000000E+00
   9.9064049E-04   1.5177446E+07   1.5177446E+07   1.6737811E+06   -1.4254112E+05   -4.9800242E+06   1.5170113E+07   1.5177446E+07   1.2137577E+07   0.0000000E+00   0.0000000E+00   0.0000000E+00   0.0000000E+00
   1.0645500E-03   1.5167696E+07   1.5167696E+07   1.4210821E+06   -1.3309554E+05   -4.5689886E+06   1.5159470E+07   1.5167696E+07   1.2127647E+07   0.0000000E+00   0.0000000E+00   0.0000000E+00   0.0000000E+00
   1.1439738E-03   1.5155948E+07   1.5155948E+07   1.2641908E+06   -1.2336157E+05   -4.1611570E+06   1.5146757E+07   1.5155948E+07   1.2115867E+07   0.0000000E+00   0.0000000E+00   0.0000000E+00   0.0000000E+00
   1.2293232E-03   1.5141838E+07   1.5141838E+07   1.1570748E+06   -1.1349148E+05   -3.7631601E+06   1.5131613E+07   1.5141838E+07   1.2101958E+07   0.0000000E+00   0.0000000E+00   0.0000000E+00   0.0000000E+00
   1.3210403E-03   1.5124969E+07   1.5124969E+07   1.0541669E+06   -1.0365429E+05   -3.3810433E+06   1.5113647E+07   1.5124969E+07   1.2085630E+07   0.0000000E+00   0.0000000E+00   0.0000000E+00   0.0000000E+00
   1.4196003E-03   1.5104926E+07   1.5104926E+07   9.2507334E+05   -9.4021530E+04   -3.0197254E+06   1.5092452E+07   1.5104926E+07   1.2066595E+07   0.0000000E+00   0.0000000E+00   0.0000000E+00   0.0000000E+00
   1.5255136E-03   1.5081291E+07   1.5081291E+07   7.6660365E+05   -8.4750234E+04   -2.6826505E+06   1.5067620E+07   1.5081291E+07   1.2044576E+07   0.0000000E+00   0.0000000E+00   0.0000000E+00   0.0000000E+00
   1.6393288E-03   1.5053658E+07   1.5053658E+07   6.0400529E+05   -7.5966742E+04   -2.3717491E+06   1.5038757E+07   1.5053658E+07   1.2019311E+07   0.0000000E+00   0.0000000E+00   0.0000000E+00   0.0000000E+00
   1.7616356E-03   1.5021646E+07   1.5021646E+07   4.7573247E+05   -6.7756589E+04   -2.0877062E+06   1.5005493E+07   1.5021646E+07   1.1990563E+07   0.0000000E+00   0.0000000E+00   0.0000000E+00   0.0000000E+00
   1.8930674E-03   1.4984901E+07   1.4984901E+07   4.0575375E+05   -6.0164456E+04   -1.8303646E+06   1.4967487E+07   1.4984901E+07   1.1958107E+07   0.0000000E+00   0.0000000E+00   0.0000000E+00   0.0000000E+00
   2.0343050E-03   1.4943092E+07   1.4943092E+07   3.8124188E+05   -5.3204097E+04   -1.5989951E+06   1.4924415E+07   1.4943092E+07   1.1921723E+07   0.0000000E+00   0.0000000E+00   0.0000000E+00   0.0000000E+00
   2.1860801E-03   1.4895900E+07   1.4895900E+07   3.5896630E+05   -4.6872151E+04   -1.3923028E+06   1.4875964E+07   1.4895900E+07   1.1881183E+07   0.0000000E+00   0.0000000E+00   0.0000000E+00   0.0000000E+00
   2.3491788E-03   1.4843009E+07   1.4843009E+07   3.0488168E+05   -4.1156558E+04   -1.2083935E+06   1.4821820E+07   1.4843009E+07   1.1836246E+07   0.0000000E+00   0.0000000E+00   0.0000000E+00   0.0000000E+00
   2.5244459E-03   1.4784104E+07   1.4784104E+07   2.3173666E+05   -3.6035124E+04   -1.0451193E+06   1.4761665E+07   1.4784104E+07   1.1786664E+07   0.0000000E+00   0.0000000E+00   0.0000000E+00   0.0000000E+00
   2.7127894E-03   1.4718875E+07   1.4718875E+07   1.8323247E+05   -3.1471088E+04   -9.0074553E+05   1.4695184E+07   1.4718875E+07   1.1732184E+07   0.0000000E+00   0.0000000E+00   0.0000000E+00   0.0000000E+00
   2.9151847E-03   1.4647010E+07   1.4647010E+07   1.7125716E+05   -2.7417621E+04   -7.7407801E+05   1.4622059E+07   1.4647010E+07   1.1672548E+07   0.0000000E+00   0.0000000E+00   0.0000000E+00   0.0000000E+00
   3.1326803E-03   1.4568188E+07   1.4568188E+07   1.5756178E+05   -2.3830405E+04   -6.6359922E+05   1.4541967E+07   1.4568188E+07   1.1607493E+07   0.0000000E+00   0.0000000E+00   0.0000000E+00   0.0000000E+00
   3.3664028E-03   1.4482073E+07   1.4482073E+07   1.2390107E+05   -2.0671419E+04   -5.6707148E+05   1.4454574E+07   1.4482073E+07   1.1536741E+07   0.0000000E+00   0.0000000E+00   0.0000000E+00   0.0000000E+00
   3.6175628E-03   1.4388324E+07   1.4388324E+07   1.0347973E+05   -1.7899750E+04   -4.8281225E+05   1.4359543E+07   1.4388324E+07   1.1460016E+07   0.0000000E+00   0.0000000E+00   0.0000000E+00   0.0000000E+00
   3.8874613E-03   1.4286597E+07   1.4286597E+07   9.7933853E+04   -1.5471411E+04   -4.1006564E+05   1.4256535E+07   1.4286597E+07   1.1377037E+07   0.0000000E+00   0.0000000E+00   0.0000000E+00   0.0000000E+00
   4.1774963E-03   1.4176536E+07   1.4176536E+07   7.6264309E+04   -1.3350363E+04   -3.4721113E+05   1.4145203E+07   1.4176536E+07   1.1287516E+07   0.0000000E+00   0.0000000E+00   0.0000000E+00   0.0000000E+00
   4.4891702E-03   1.4057777E+07   1.4057777E+07   6.3832765E+04   -1.1503749E+04   -2.9265976E+05   1.4025195E+07   1.4057777E+07   1.1191163E+07   0.0000000E+00   0.0000000E+00   0.0000000E+00   0.0000000E+00
   4.8240975E-03   1.3929962E+07   1.3929962E+07   6.1281817E+04   -9.8969029E+03   -2.4614307E+05   1.3896172E+07   1.3929962E+07   1.1087697E+07   0.0000000E+00   0.0000000E+00   0.0000000E+00   0.0000000E+00
   5.1840129E-03   1.3792733E+07   1.3792733E+07   4.5657417E+04   -8.5029470E+03   -2.0606460E+05   1.3757796E+07   1.3792733E+07   1.0976842E+07   0.0000000E+00   0.0000000E+00   0.0000000E+00   0.0000000E+00
   5.5707809E-03   1.3645744E+07   1.3645744E+07   4.3319355E+04   -7.2953235E+03   -1.7174192E+05   1.3609732E+07   1.3645744E+07   1.0858321E+07   0.0000000E+00   0.0000000E+00   0.0000000E+00   0.0000000E+00
   5.9864047E-03   1.3488651E+07   1.3488651E+07   3.3465779E+04   -6.2502312E+03   -1.4256788E+05   1.3451628E+07   1.3488651E+07   1.0731847E+07   0.0000000E+00   0.0000000E+00   0.0000000E+00   0.0000000E+00
   6.4330374E-03   1.3321111E+07   1.3321111E+07   3.1941951E+04   -5.3476423E+03   -1.1776795E+05   1.3283131E+07   1.3321111E+07   1.0597131E+07   0.0000000E+00   0.0000000E+00   0.0000000E+00   0.0000000E+00
   6.9129923E-03   1.3142774E+07   1.3142774E+07   2.3788040E+04   -4.5693883E+03   -9.6783631E+04   1.3103908E+07   1.3142774E+07   1.0453902E+07   0.0000000E+00   0.0000000E+00   0.0000000E+00   0.0000000E+00
   7.4287557E-03   1.2953291E+07   1.2953291E+07   2.2676855E+04   -3.8991411E+03   -7.9131853E+04   1.2913647E+07   1.2953291E+07   1.0301905E+07   0.0000000E+00   0.0000000E+00   0.0000000E+00   0.0000000E+00
   7.9829990E-03   1.2752334E+07   1.2752334E+07   1.8645215E+04   -3.3226262E+03   -6.4141569E+04   1.2712022E+07   1.2752334E+07   1.0140877E+07   0.0000000E+00   0.0000000E+00   0.0000000E+00   0.0000000E+00
   8.5785932E-03   1.2539590E+07   1.2539590E+07   1.4762719E+04   -2.8272020E+03   -5.1712096E+04   1.2498708E+07   1.2539590E+07   9.9705521E+06   0.0000000E+00   0.0000000E+00   0.0000000E+00   0.0000000E+00
   9.2186234E-03   1.2314745E+07   1.2314745E+07   1.3214992E+04   -2.4021979E+03   -4.1390711E+04   1.2273403E+07   1.2314745E+07   9.7906876E+06   0.0000000E+00   0.0000000E+00   0.0000000E+00   0.0000000E+00
   9.9064049E-03   1.2077489E+07   1.2077489E+07   1.1786237E+04   -2.0380453E+03   -3.2750999E+04   1.2035811E+07   1.2077489E+07   9.6010439E+06   0.0000000E+00   0.0000000E+00   0.0000000E+00   0.0000000E+00
   1.0645500E-02   1.1827526E+07   1.1827526E+07   9.9268926E+03   -1.7263408E+03   -2.5631979E+04   1.1785638E+07   1.1827526E+07   9.4013829E+06   0.0000000E+00   0.0000000E+00   0.0000000E+00   0.0000000E+00
   1.1439738E-02   1.1564583E+07   1.1564583E+07   8.3500512E+03   -1.4598629E+03   -1.9811719E+04   1.1522610E+07   1.1564583E+07   9.1914846E+06   0.0000000E+00   0.0000000E+00   0.0000000E+00   0.0000000E+00
   1.2293232E-02   1.1288404E+07   1.1288404E+07   6.9892950E+03   -1.2323718E+03   -1.5081631E+04   1.1246483E+07   1.1288404E+07   8.9711512E+06   0.0000000E+00   0.0000000E+00   0.0000000E+00   0.0000000E+00
   1.3210403E-02   1.0998766E+07   1.0998766E+07   5.9367543E+03   -1.0383457E+03   -1.1271556E+04   1.0957035E+07   1.0998766E+07   8.7402045E+06   0.0000000E+00   0.0000000E+00   0.0000000E+00   0.0000000E+00
   1.4196003E-02   1.0695499E+07   1.0695499E+07   4.9001698E+03   -8.7314414E+02   -8.2327697E+03   1.0654091E+07   1.0695499E+07   8.4985033E+06   0.0000000E+00   0.0000000E+00   0.0000000E+00   0.0000000E+00
   1.5255136E-02   1.0378494E+07   1.0378494E+07   3.8776556E+03   -7.3264786E+02   -5.7978651E+03   1.0337554E+07   1.0378494E+07   8.2459682E+06   0.0000000E+00   0.0000000E+00   0.0000000E+00   0.0000000E+00
   1.6393288E-02   1.0047748E+07   1.0047748E+07   3.3819642E+03   -6.1335474E+02   -3.8876379E+03   1.0007412E+07   1.0047748E+07   7.9825887E+06   0.0000000E+00   0.0000000E+00   0.0000000E+00   0.0000000E+00
   1.7616356E-02   9.7033885E+06   9.7033885E+06   2.7753710E+03   -5.1220690E+02   -2.4388249E+03   9.6637971E+06   9.7033885E+06   7.7084690E+06   0.0000000E+00   0.0000000E+00   0.0000000E+00   0.0000000E+00
   1.8930674E-02   9.3457318E+06   9.3457318E+06   2.3827966E+03   -4.2660971E+02   -1.3225374E+03   9.3070186E+06   9.3457318E+06   7.4238551E+06   0.0000000E+00   0.0000000E+00   0.0000000E+00   0.0000000E+00
   2.0343050E-02   8.9753409E+06   8.9753409E+06   1.8973946E+03   -3.5429977E+02   -4.9721875E+02   8.9376390E+06   8.9753409E+06   7.1291948E+06   0.0000000E+00   0.0000000E+00   0.0000000E+00   0.0000000E+00
   2.1860800E-02   8.5931017E+06   8.5931017E+06   1.5476768E+03   -2.9335476E+02   8.7733703E+01   8.5565357E+06   8.5931017E+06   6.8251873E+06   0.0000000E+00   0.0000000E+00   0.0000000E+00   0.0000000E+00
   2.3491780E-02   8.2003054E+06   8.2003054E+06   1.2778537E+03   -2.4211160E+02   4.9355034E+02   8.1649918E+06   8.2003054E+06   6.5128554E+06   0.0000000E+00   0.0000000E+00   0.0000000E+00   0.0000000E+00
   2.5244413E-02   7.7987465E+06   7.7987465E+06   1.0441069E+03   -1.9914725E+02   7.6230212E+02   7.7647908E+06   7.7987465E+06   6.1936212E+06   0.0000000E+00   0.0000000E+00   0.0000000E+00   0.0000000E+00
   2.7127668E-02   7.3908226E+06   7.3908226E+06   8.8494787E+02   -1.6324350E+02   9.2378309E+02   7.3583165E+06   7.3908226E+06   5.8693857E+06   0.0000000E+00   0.0000000E+00   0.0000000E+00   0.0000000E+00
   2.9150884E-02   6.9796481E+06   6.9796481E+06   7.4700300E+02   -1.3335485E+02   9.8832718E+02   6.9486646E+06   6.9796481E+06   5.5426178E+06   0.0000000E+00   0.0000000E+00   0.0000000E+00   0.0000000E+00
   3.1323203E-02   6.5691858E+06   6.5691858E+06   5.8530951E+02   -1.0859224E+02   1.0089698E+03   6.5397762E+06   6.5691858E+06   5.2164609E+06   0.0000000E+00   0.0000000E+00   0.0000000E+00   0.0000000E+00
   3.3652133E-02   6.1644014E+06   6.1644014E+06   4.6324119E+02   -8.8196154E+01   9.7561048E+02   6.1365897E+06   6.1644014E+06   4.8948536E+06   0.0000000E+00   0.0000000E+00   0.0000000E+00   0.0000000E+00
   3.6140652E-02   5.7713920E+06   5.7713920E+06   3.7693577E+02   -7.1526916E+01   9.1910452E+02   5.7451697E+06   5.7713920E+06   4.5826332E+06   0.0000000E+00   0.0000000E+00   0.0000000E+00   0.0000000E+00
   3.8782637E-02   5.3973104E+06   5.3973104E+06   3.0390318E+02   -5.8038145E+01   8.5104315E+02   5.3726320E+06   5.3973104E+06   4.2854752E+06   0.0000000E+00   0.0000000E+00   0.0000000E+00   0.0000000E+00
   4.1558001E-02   5.0497500E+06   5.0497500E+06   2.6299492E+02   -4.7254082E+01   7.7638644E+02   5.0265298E+06   5.0497500E+06   4.0094046E+06   0.0000000E+00   0.0000000E+00   0.0000000E+00   0.0000000E+00
   4.4431346E-02   4.7353360E+06   4.7353360E+06   2.1303114E+02   -3.8739372E+01   6.9626758E+02   4.7134527E+06   4.7353360E+06   3.7596770E+06   0.0000000E+00   0.0000000E+00   0.0000000E+00   0.0000000E+00
   4.7358167E-02   4.4579014E+06   4.4579014E+06   1.7198535E+02   -3.2082229E+01   6.3062718E+02   4.4372104E+06   4.4579014E+06   3.5393311E+06   0.0000000E+00   0.0000000E+00   0.0000000E+00   0.0000000E+00
   5.0297023E-02   4.2173710E+06   4.2173710E+06   1.4900255E+02   -2.6894277E+01   5.6483606E+02   4.1977224E+06   4.2173710E+06   3.3483028E+06   0.0000000E+00   0.0000000E+00   0.0000000E+00   0.0000000E+00
   5.3219793E-02   4.0101684E+06   4.0101684E+06   1.2375102E+02   -2.2831399E+01   5.1223139E+02   3.9914244E+06   4.0101684E+06   3.1837487E+06   0.0000000E+00   0.0000000E+00   0.0000000E+00   0.0000000E+00
   5.6114210E-02   3.8306926E+06   3.8306926E+06   1.0662815E+02   -1.9610309E+01   4.6301688E+02   3.8127370E+06   3.8306926E+06   3.0412183E+06   0.0000000E+00   0.0000000E+00   0.0000000E+00   0.0000000E+00
   5.8980288E-02   3.6728088E+06   3.6728088E+06   9.2478604E+01   -1.7013631E+01   4.2283338E+02   3.6555508E+06   3.6728088E+06   2.9158386E+06   0.0000000E+00   0.0000000E+00   0.0000000E+00   0.0000000E+00
   6.1825221E-02   3.5307852E+06   3.5307852E+06   8.3023443E+01   -1.4880856E+01   3.8432763E+02   3.5141587E+06   3.5307852E+06   2.8030570E+06   0.0000000E+00   0.0000000E+00   0.0000000E+00   0.0000000E+00
   6.4659426E-02   3.3997052E+06   3.3997052E+06   6.9040399E+01   -1.3096429E+01   3.5200215E+02   3.3836651E+06   3.3997052E+06   2.6989688E+06   0.0000000E+00   0.0000000E+00   0.0000000E+00   0.0000000E+00
   6.7494210E-02   3.2755767E+06   3.2755767E+06   6.4555486E+01   -1.1577777E+01   3.2291128E+02   3.2600956E+06   3.2755767E+06   2.6004036E+06   0.0000000E+00   0.0000000E+00   0.0000000E+00   0.0000000E+00
   7.0340614E-02   3.1553164E+06   3.1553164E+06   5.6237329E+01   -1.0266013E+01   2.9405999E+02   3.1403804E+06   3.1553164E+06   2.5049129E+06   0.0000000E+00   0.0000000E+00   0.0000000E+00   0.0000000E+00
   7.3208949E-02   3.0366964E+06   3.0366964E+06   4.8282012E+01   -9.1190877E+00   2.7043012E+02   3.0223016E+06   3.0366964E+06   2.4107275E+06   0.0000000E+00   0.0000000E+00   0.0000000E+00   0.0000000E+00
   7.6108677E-02   2.9182881E+06   2.9182881E+06   4.6010462E+01   -8.1067375E+00   2.4625826E+02   2.9044366E+06   2.9182881E+06   2.3167127E+06   0.0000000E+00   0.0000000E+00   0.0000000E+00   0.0000000E+00
   7.9048454E-02   2.7994050E+06   2.7994050E+06   3.7593485E+01   -7.2073523E+00   2.2497940E+02   2.7861020E+06   2.7994050E+06   2.2223233E+06   0.0000000E+00   0.0000000E+00   0.0000000E+00   0.0000000E+00
   8.2036233E-02   2.6800410E+06   2.6800410E+06   3.6352697E+01   -6.4052984E+00   2.0445992E+02   2.6672912E+06   2.6800410E+06   2.1275541E+06   0.0000000E+00   0.0000000E+00   0.0000000E+00   0.0000000E+00
   8.5079378E-02   2.5607929E+06   2.5607929E+06   3.0373946E+01   -5.6891879E+00   1.8649702E+02   2.5485980E+06   2.5607929E+06   2.0328789E+06   0.0000000E+00   0.0000000E+00   0.0000000E+00   0.0000000E+00
   8.8184779E-02   2.4427588E+06   2.4427588E+06   2.6978627E+01   -5.0504855E+00   1.6843056E+02   2.4311151E+06   2.4427588E+06   1.9391689E+06   0.0000000E+00   0.0000000E+00   0.0000000E+00   0.0000000E+00
   9.1358951E-02   2.3274064E+06   2.3274064E+06   2.4398111E+01   -4.4826038E+00   1.5259472E+02   2.3163027E+06   2.3274064E+06   1.8475892E+06   0.0000000E+00   0.0000000E+00   0.0000000E+00   0.0000000E+00
   9.4608117E-02   2.2164096E+06   2.2164096E+06   2.1846462E+01   -3.9799549E+00   1.3805659E+02   2.2058268E+06   2.2164096E+06   1.7594684E+06   0.0000000E+00   0.0000000E+00   0.0000000E+00   0.0000000E+00
   9.7938277E-02   2.1114578E+06   2.1114578E+06   1.9578799E+01   -3.5374748E+00   1.2496000E+02   2.1013683E+06   2.1114578E+06   1.6761475E+06   0.0000000E+00   0.0000000E+00   0.0000000E+00   0.0000000E+00
   1.0135527E-01   2.0140479E+06   2.0140479E+06   1.7253348E+01   -3.1501527E+00   1.1324047E+02   2.0044170E+06   2.0140479E+06   1.5988146E+06   0.0000000E+00   0.0000000E+00   0.0000000E+00   0.0000000E+00
   1.0486482E-01   1.9252763E+06   1.9252763E+06   1.4916833E+01   -2.8127781E+00   1.0294860E+02   1.9160636E+06   1.9252763E+06   1.5283398E+06   0.0000000E+00   0.0000000E+00   0.0000000E+00   0.0000000E+00
   1.0847258E-01   1.8456550E+06   1.8456550E+06   1.3478790E+01   -2.5198215E+00   9.4226981E+01   1.8368177E+06   1.8456550E+06   1.4651296E+06   0.0000000E+00   0.0000000E+00   0.0000000E+00   0.0000000E+00
   1.1218415E-01   1.7749794E+06   1.7749794E+06   1.2782941E+01   -2.2654569E+00   8.5700259E+01   1.7664754E+06   1.7749794E+06   1.4090213E+06   0.0000000E+00   0.0000000E+00   0.0000000E+00   0.0000000E+00
   1.1600512E-01   1.7122763E+06   1.7122763E+06   1.0780340E+01   -2.0437083E+00   7.8710945E+01   1.7040681E+06   1.7122763E+06   1.3592423E+06   0.0000000E+00   0.0000000E+00   0.0000000E+00   0.0000000E+00
   1.1994106E-01   1.6558571E+06   1.6558571E+06   1.0094796E+01   -1.8486950E+00   7.1891034E+01   1.6479151E+06   1.6558571E+06   1.3144521E+06   0.0000000E+00   0.0000000E+00   0.0000000E+00   0.0000000E+00
   1.2399760E-01   1.6034885E+06   1.6034885E+06   9.3186988E+00   -1.6749453E+00   6.6197137E+01   1.5957938E+06   1.6034885E+06   1.2728777E+06   0.0000000E+00   0.0000000E+00   0.0000000E+00   0.0000000E+00
   1.2818036E-01   1.5526778E+06   1.5526778E+06   8.3048081E+00   -1.5176861E+00   6.0777860E+01   1.5452235E+06   1.5526778E+06   1.2325405E+06   0.0000000E+00   0.0000000E+00   0.0000000E+00   0.0000000E+00
   1.3249502E-01   1.5010449E+06   1.5010449E+06   7.3161851E+00   -1.3731479E+00   5.5727218E+01   1.4938353E+06   1.5010449E+06   1.1915509E+06   0.0000000E+00   0.0000000E+00   0.0000000E+00   0.0000000E+00
   1.3694733E-01   1.4467273E+06   1.4467273E+06   6.6767434E+00   -1.2387284E+00   5.1132454E+01   1.4397756E+06   1.4467273E+06   1.1484305E+06   0.0000000E+00   0.0000000E+00   0.0000000E+00   0.0000000E+00
   1.4154305E-01   1.3887444E+06   1.3887444E+06   6.1868905E+00   -1.1130347E+00   4.6265673E+01   1.3820686E+06   1.3887444E+06   1.1024007E+06   0.0000000E+00   0.0000000E+00   0.0000000E+00   0.0000000E+00
   1.4628806E-01   1.3272334E+06   1.3272334E+06   5.4260713E+00   -9.9576009E-01   4.2130017E+01   1.3208510E+06   1.3272334E+06   1.0535707E+06   0.0000000E+00   0.0000000E+00   0.0000000E+00   0.0000000E+00
   1.5118827E-01   1.2634790E+06   1.2634790E+06   4.7014679E+00   -8.8738808E-01   3.7896879E+01   1.2574010E+06   1.2634790E+06   1.0029601E+06   0.0000000E+00   0.0000000E+00   0.0000000E+00   0.0000000E+00
   1.5624967E-01   1.1996872E+06   1.1996872E+06   4.1895212E+00   -7.8880041E-01   3.4062716E+01   1.1939141E+06   1.1996872E+06   9.5232004E+05   0.0000000E+00   0.0000000E+00   0.0000000E+00   0.0000000E+00
   1.6147836E-01   1.1385112E+06   1.1385112E+06   3.8516911E+00   -7.0081812E-01   3.0614359E+01   1.1330309E+06   1.1385112E+06   9.0375677E+05   0.0000000E+00   0.0000000E+00   0.0000000E+00   0.0000000E+00
   1.6688048E-01   1.0824093E+06   1.0824093E+06   3.3418084E+00   -6.2379727E-01   2.7471439E+01   1.0771974E+06   1.0824093E+06   8.5922149E+05   0.0000000E+00   0.0000000E+00   0.0000000E+00   0.0000000E+00
   1.7246231E-01   1.0329809E+06   1.0329809E+06   3.1071864E+00   -5.5737012E-01   2.4785476E+01   1.0280056E+06   1.0329809E+06   8.1998383E+05   0.0000000E+00   0.0000000E+00   0.0000000E+00   0.0000000E+00
   1.7823020E-01   9.9047529E+05   9.9047529E+05   2.7778309E+00   -5.0039087E-01   2.2543718E+01   9.8570349E+05   9.9047529E+05   7.8624175E+05   0.0000000E+00   0.0000000E+00   0.0000000E+00   0.0000000E+00
   1.8419065E-01   9.5365408E+05   9.5365408E+05   2.5126778E+00   -4.5110761E-01   2.0494434E+01   9.4905853E+05   9.5365408E+05   7.5701206E+05   0.0000000E+00   0.0000000E+00   0.0000000E+00   0.0000000E+00
   1.9035025E-01   9.2010988E+05   9.2010988E+05   2.2199545E+00   -4.0752687E-01   1.8615121E+01   9.1567493E+05   9.2010988E+05   7.3038377E+05   0.0000000E+00   0.0000000E+00   0.0000000E+00   0.0000000E+00
   1.9671578E-01   8.8700378E+05   8.8700378E+05   2.0233111E+00   -3.6784733E-01   1.7031735E+01   8.8272745E+05   8.8700378E+05   7.0410336E+05   0.0000000E+00   0.0000000E+00   0.0000000E+00   0.0000000E+00
   2.0329417E-01   8.5201489E+05   8.5201489E+05   1.8210490E+00   -3.3083191E-01   1.5446175E+01   8.4790638E+05   8.5201489E+05   6.7632850E+05   0.0000000E+00   0.0000000E+00   0.0000000E+00   0.0000000E+00
   2.1009254E-01   8.1416820E+05   8.1416820E+05   1.6406769E+00   -2.9599431E-01   1.3933417E+01   8.1024141E+05   8.1416820E+05   6.4628521E+05   0.0000000E+00   0.0000000E+00   0.0000000E+00   0.0000000E+00
   2.1711826E-01   7.7419065E+05   7.7419065E+05   1.4327774E+00   -2.6352327E-01   1.2462784E+01   7.7045599E+05   7.7419065E+05   6.1455055E+05   0.0000000E+00   0.0000000E+00   0.0000000E+00   0.0000000E+00
   2.2437895E-01   7.3418625E+05   7.3418625E+05   1.2894595E+00   -2.3397930E-01   1.1203372E+01   7.3064395E+05   7.3418625E+05   5.8279465E+05   0.0000000E+00   0.0000000E+00   0.0000000E+00   0.0000000E+00
   2.3188255E-01   6.9669747E+05   6.9669747E+05   1.1382443E+00   -2.0788365E-01   1.0031566E+01   6.9333548E+05   6.9669747E+05   5.5303573E+05   0.0000000E+00   0.0000000E+00   0.0000000E+00   0.0000000E+00
   2.3963734E-01   6.6353018E+05   6.6353018E+05   1.0094607E+00   -1.8537427E-01   8.9821793E+00   6.6032775E+05   6.6353018E+05   5.2670726E+05   0.0000000E+00   0.0000000E+00   0.0000000E+00   0.0000000E+00
   2.4765203E-01   6.3490051E+05   6.3490051E+05   9.0477476E-01   -1.6607929E-01   8.1377765E+00   6.3183580E+05   6.3490051E+05   5.0398079E+05   0.0000000E+00   0.0000000E+00   0.0000000E+00   0.0000000E+00
   2.5593581E-01   6.0937448E+05   6.0937448E+05   8.0329734E-01   -1.4925073E-01   7.3573001E+00   6.0643258E+05   6.0937448E+05   4.8371803E+05   0.0000000E+00   0.0000000E+00   0.0000000E+00   0.0000000E+00
   2.6449843E-01   5.8469204E+05   5.8469204E+05   7.2925286E-01   -1.3408321E-01   6.6532195E+00   5.8186893E+05   5.8469204E+05   4.6412495E+05   0.0000000E+00   0.0000000E+00   0.0000000E+00   0.0000000E+00
   2.7335027E-01   5.5905715E+05   5.5905715E+05   6.5005983E-01   -1.2003361E-01   5.9807535E+00   5.5635748E+05   5.5905715E+05   4.4377587E+05   0.0000000E+00   0.0000000E+00   0.0000000E+00   0.0000000E+00
   2.8250249E-01   5.3213698E+05   5.3213698E+05   5.7867350E-01   -1.0696711E-01   5.3660067E+00   5.2956702E+05   5.3213698E+05   4.2240658E+05   0.0000000E+00   0.0000000E+00   0.0000000E+00   0.0000000E+00
   2.9196706E-01   5.0512091E+05   5.0512091E+05   5.1334248E-01   -9.5056349E-02   4.8076656E+00   5.0268115E+05   5.0512091E+05   4.0096119E+05   0.0000000E+00   0.0000000E+00   0.0000000E+00   0.0000000E+00
   3.0175698E-01   4.7977061E+05   4.7977061E+05   4.6127973E-01   -8.4519813E-02   4.2907111E+00   4.7745306E+05   4.7977061E+05   3.8083813E+05   0.0000000E+00   0.0000000E+00   0.0000000E+00   0.0000000E+00
   3.1188639E-01   4.5711258E+05   4.5711258E+05   4.0838407E-01   -7.5381329E-02   3.8547197E+00   4.5490427E+05   4.5711258E+05   3.6285219E+05   0.0000000E+00   0.0000000E+00   0.0000000E+00   0.0000000E+00
   3.2237074E-01   4.3674280E+05   4.3674280E+05   3.6923129E-01   -6.7413414E-02   3.4692685E+00   4.3463270E+05   4.3674280E+05   3.4668267E+05   0.0000000E+00   0.0000000E+00   0.0000000E+00   0.0000000E+00
   3.3322701E-01   4.1728719E+05   4.1728719E+05   3.2868545E-01   -6.0281695E-02   3.1215370E+00   4.1527092E+05   4.1728719E+05   3.3123884E+05   0.0000000E+00   0.0000000E+00   0.0000000E+00   0.0000000E+00
   3.4447393E-01   3.9762106E+05   3.9762106E+05   2.9238701E-01   -5.3750272E-02   2.7940292E+00   3.9569965E+05   3.9762106E+05   3.1562791E+05   0.0000000E+00   0.0000000E+00   0.0000000E+00   0.0000000E+00
   3.5613232E-01   3.7776627E+05   3.7776627E+05   2.6018655E-01   -4.7776431E-02   2.4937815E+00   3.7594067E+05   3.7776627E+05   2.9986725E+05   0.0000000E+00   0.0000000E+00   0.0000000E+00   0.0000000E+00
   3.6822535E-01   3.5865424E+05   3.5865424E+05   2.3011224E-01   -4.2428055E-02   2.2265042E+00   3.5692088E+05   3.5865424E+05   2.8469620E+05   0.0000000E+00   0.0000000E+00   0.0000000E+00   0.0000000E+00
   3.8077898E-01   3.4104038E+05   3.4104038E+05   2.0515569E-01   -3.7727571E-02   1.9965964E+00   3.3939204E+05   3.4104038E+05   2.7071441E+05   0.0000000E+00   0.0000000E+00   0.0000000E+00   0.0000000E+00
   3.9382245E-01   3.2473326E+05   3.2473326E+05   1.8292598E-01   -3.3583285E-02   1.7840883E+00   3.2316363E+05   3.2473326E+05   2.5776990E+05   0.0000000E+00   0.0000000E+00   0.0000000E+00   0.0000000E+00
   4.0738885E-01   3.0894849E+05   3.0894849E+05   1.6234595E-01   -2.9858138E-02   1.5891487E+00   3.0745506E+05   3.0894849E+05   2.4524004E+05   0.0000000E+00   0.0000000E+00   0.0000000E+00   0.0000000E+00
   4.2151580E-01   2.9328488E+05   2.9328488E+05   1.4395584E-01   -2.6475880E-02   1.4161488E+00   2.9186709E+05   2.9328488E+05   2.3280637E+05   0.0000000E+00   0.0000000E+00   0.0000000E+00   0.0000000E+00
   4.3624641E-01   2.7807977E+05   2.7807977E+05   1.2769611E-01   -2.3436191E-02   1.2631784E+00   2.7673541E+05   2.7807977E+05   2.2073665E+05   0.0000000E+00   0.0000000E+00   0.0000000E+00   0.0000000E+00
   4.5163028E-01   2.6375963E+05   2.6375963E+05   1.1292977E-01   -2.0740529E-02   1.1214954E+00   2.6248444E+05   2.6375963E+05   2.0936944E+05   0.0000000E+00   0.0000000E+00   0.0000000E+00   0.0000000E+00
   4.6772488E-01   2.5019742E+05   2.5019742E+05   9.9713928E-02   -1.8343286E-02   9.9537969E-01   2.4898774E+05   2.5019742E+05   1.9860386E+05   0.0000000E+00   0.0000000E+00   0.0000000E+00   0.0000000E+00
   4.8459728E-01   2.3700017E+05   2.3700017E+05   8.8023874E-02   -1.6186674E-02   8.8191005E-01   2.3585425E+05   2.3700017E+05   1.8812799E+05   0.0000000E+00   0.0000000E+00   0.0000000E+00   0.0000000E+00
   5.0232626E-01   2.2413583E+05   2.2413583E+05   7.7563417E-02   -1.4246468E-02   7.8030925E-01   2.2305205E+05   2.2413583E+05   1.7791638E+05   0.0000000E+00   0.0000000E+00   0.0000000E+00   0.0000000E+00
   5.2100507E-01   2.1182088E+05   2.1182088E+05   6.8159988E-02   -1.2515515E-02   6.8740424E-01   2.1079661E+05   2.1182088E+05   1.6814089E+05   0.0000000E+00   0.0000000E+00   0.0000000E+00   0.0000000E+00
   5.4074497E-01   2.0001249E+05   2.0001249E+05   5.9690831E-02   -1.0970659E-02   6.0571662E-01   1.9904529E+05   2.0001249E+05   1.5876750E+05   0.0000000E+00   0.0000000E+00   0.0000000E+00   0.0000000E+00
   5.6167973E-01   1.8852354E+05   1.8852354E+05   5.2156220E-02   -9.5839687E-03   5.3091768E-01   1.8761186E+05   1.8852354E+05   1.4964768E+05   0.0000000E+00   0.0000000E+00   0.0000000E+00   0.0000000E+00
   5.8397150E-01   1.7737861E+05   1.7737861E+05   4.5402419E-02   -8.3420486E-03   4.6394357E-01   1.7652079E+05   1.7737861E+05   1.4080095E+05   0.0000000E+00   0.0000000E+00   0.0000000E+00   0.0000000E+00
   6.0781833E-01   1.6661082E+05   1.6661082E+05   3.9367805E-02   -7.2328123E-03   4.0387604E-01   1.6580505E+05   1.6661082E+05   1.3225359E+05   0.0000000E+00   0.0000000E+00   0.0000000E+00   0.0000000E+00
   6.3346374E-01   1.5612159E+05   1.5612159E+05   3.3955232E-02   -6.2397515E-03   3.4922121E-01   1.5536653E+05   1.5612159E+05   1.2392735E+05   0.0000000E+00   0.0000000E+00   0.0000000E+00   0.0000000E+00
   6.6120880E-01   1.4589828E+05   1.4589828E+05   2.9122445E-02   -5.3520281E-03   3.0089409E-01   1.4519264E+05   1.4589828E+05   1.1581220E+05   0.0000000E+00   0.0000000E+00   0.0000000E+00   0.0000000E+00
   6.9142646E-01   1.3592740E+05   1.3592740E+05   2.4813089E-02   -4.5599461E-03   2.5782386E-01   1.3526996E+05   1.3592740E+05   1.0789742E+05   0.0000000E+00   0.0000000E+00   0.0000000E+00   0.0000000E+00
   7.2457739E-01   1.2616581E+05   1.2616581E+05   2.0972548E-02   -3.8540093E-03   2.1834732E-01   1.2555557E+05   1.2616581E+05   1.0014878E+05   0.0000000E+00   0.0000000E+00   0.0000000E+00   0.0000000E+00
   7.6122421E-01   1.1660842E+05   1.1660842E+05   1.7562178E-02   -3.2273272E-03   1.8356978E-01   1.1604439E+05   1.1660842E+05   9.2562244E+04   0.0000000E+00   0.0000000E+00   0.0000000E+00   0.0000000E+00
   8.0203683E-01   1.0724286E+05   1.0724286E+05   1.4548839E-02   -2.6737177E-03   1.5267519E-01   1.0672412E+05   1.0724286E+05   8.5127972E+04   0.0000000E+00   0.0000000E+00   0.0000000E+00   0.0000000E+00
   8.4777589E-01   9.8084522E+04   9.8084522E+04   1.1908845E-02   -2.1886296E-03   1.2546398E-01   9.7610068E+04   9.8084522E+04   7.7858193E+04   0.0000000E+00   0.0000000E+00   0.0000000E+00   0.0000000E+00
   8.9923618E-01   8.9172648E+04   8.9172648E+04   9.6228337E-03   -1.7685403E-03   1.0179410E-01   8.8741292E+04   8.9172648E+04   7.0784058E+04   0.0000000E+00   0.0000000E+00   0.0000000E+00   0.0000000E+00
   9.5713956E-01   8.0580682E+04   8.0580682E+04   7.6830728E-03   -1.4106183E-03   8.1525930E-02   8.0190880E+04   8.0580682E+04   6.3963863E+04   0.0000000E+00   0.0000000E+00   0.0000000E+00   0.0000000E+00
   1.0220017E+00   7.2410026E+04   7.2410026E+04   6.0507393E-03   -1.1117879E-03   6.4509661E-02   7.2059741E+04   7.2410026E+04   5.7478100E+04   0.0000000E+00   0.0000000E+00   0.0000000E+00   0.0000000E+00
   1.0940505E+00   6.4766230E+04   6.4766230E+04   4.7216436E-03   -8.6775676E-04   5.0481867E-02   6.4452916E+04   6.4766230E+04   5.1410553E+04   0.0000000E+00   0.0000000E+00   0.0000000E+00   0.0000000E+00
   1.1732761E+00   5.7730033E+04   5.7730033E+04   3.6592243E-03   -6.7254877E-04   3.9376765E-02   5.7450752E+04   5.7730033E+04   4.5825311E+04   0.0000000E+00   0.0000000E+00   0.0000000E+00   0.0000000E+00
   1.2595975E+00   5.1340746E+04   5.1340746E+04   2.8233539E-03   -5.1894135E-04   3.0474147E-02   5.1092371E+04   5.1340746E+04   4.0753580E+04   0.0000000E+00   0.0000000E+00   0.0000000E+00   0.0000000E+00
   1.3530295E+00   4.5594037E+04   4.5594037E+04   2.1727527E-03   -3.9940287E-04   2.3545080E-02   4.5373461E+04   4.5594037E+04   3.6191919E+04   0.0000000E+00   0.0000000E+00   0.0000000E+00   0.0000000E+00
   1.4537609E+00   4.0453361E+04   4.0453361E+04   1.6669424E-03   -3.0696140E-04   1.8116017E-02   4.0257652E+04   4.0453361E+04   3.2111319E+04   0.0000000E+00   0.0000000E+00   0.0000000E+00   0.0000000E+00
   1.5621478E+00   3.5869435E+04   3.5869435E+04   1.2828562E-03   -2.3571793E-04   1.3979332E-02   3.5695901E+04   3.5869435E+04   2.8472661E+04   0.0000000E+00   0.0000000E+00   0.0000000E+00   0.0000000E+00
   1.6786734E+00   3.1788530E+04   3.1788530E+04   9.8429732E-04   -1.8090388E-04   1.0767080E-02   3.1634738E+04   3.1788530E+04   2.5233293E+04   0.0000000E+00   0.0000000E+00   0.0000000E+00   0.0000000E+00
   1.8039095E+00   2.8158809E+04   2.8158809E+04   7.5500012E-04   -1.3876879E-04   8.2675148E-03   2.8022576E+04   2.8158809E+04   2.2352070E+04   0.0000000E+00   0.0000000E+00   0.0000000E+00   0.0000000E+00
   1.9384939E+00   2.4932751E+04   2.4932751E+04   5.7922426E-04   -1.0640092E-04   6.3620607E-03   2.4812126E+04   2.4932751E+04   1.9791270E+04   0.0000000E+00   0.0000000E+00   0.0000000E+00   0.0000000E+00
   2.0831205E+00   2.2067028E+04   2.2067028E+04   4.4368373E-04   -8.1548437E-05   4.8917348E-03   2.1960266E+04   2.2067028E+04   1.7516499E+04   0.0000000E+00   0.0000000E+00   0.0000000E+00   0.0000000E+00
   2.2385375E+00   1.9522777E+04   1.9522777E+04   3.3989115E-04   -6.2475416E-05   3.7294346E-03   1.9428324E+04   1.9522777E+04   1.5496908E+04   0.0000000E+00   0.0000000E+00   0.0000000E+00   0.0000000E+00
   2.4055499E+00   1.7265129E+04   1.7265129E+04   2.6028638E-04   -4.7844616E-05   2.8620796E-03   1.7181598E+04   1.7265129E+04   1.3704818E+04   0.0000000E+00   0.0000000E+00   0.0000000E+00   0.0000000E+00
   2.5850228E+00   1.5262739E+04   1.5262739E+04   1.9925401E-04   -3.6626133E-05   2.2022535E-03   1.5188896E+04   1.5262739E+04   1.2115348E+04   0.0000000E+00   0.0000000E+00   0.0000000E+00   0.0000000E+00
   2.7778857E+00   1.3487618E+04   1.3487618E+04   1.5246058E-04   -2.8027743E-05   1.6907638E-03   1.3422363E+04   1.3487618E+04   1.0706282E+04   0.0000000E+00   0.0000000E+00   0.0000000E+00   0.0000000E+00
   2.9851378E+00   1.1914697E+04   1.1914697E+04   1.1661453E-04   -2.1440236E-05   1.2922292E-03   1.1857052E+04   1.1914697E+04   9.4577196E+03   0.0000000E+00   0.0000000E+00   0.0000000E+00   0.0000000E+00
   3.2078524E+00   1.0521563E+04   1.0521563E+04   8.9205129E-05   -1.6395310E-05   9.9133090E-04   1.0470657E+04   1.0521563E+04   8.3518685E+03   0.0000000E+00   0.0000000E+00   0.0000000E+00   0.0000000E+00
   3.4471833E+00   9.2881955E+03   9.2881955E+03   6.8190002E-05   -1.2533215E-05   7.6257008E-04   9.2432575E+03   9.2881955E+03   7.3728391E+03   0.0000000E+00   0.0000000E+00   0.0000000E+00   0.0000000E+00
   3.7043702E+00   8.1967303E+03   8.1967303E+03   5.2101094E-05   -9.5777203E-06   5.8435679E-04   8.1570730E+03   8.1967303E+03   6.5064493E+03   0.0000000E+00   0.0000000E+00   0.0000000E+00   0.0000000E+00
   3.9807452E+00   7.2312312E+03   7.2312312E+03   3.9808880E-05   -7.3168216E-06   4.4162992E-04   7.1962451E+03   7.2312312E+03   5.7400496E+03   0.0000000E+00   0.0000000E+00   0.0000000E+00   0.0000000E+00
   4.2777399E+00   6.3774947E+03   6.3774947E+03   3.0400224E-05   -5.5878873E-06   3.3889001E-04   6.3466390E+03   6.3774947E+03   5.0623655E+03   0.0000000E+00   0.0000000E+00   0.0000000E+00   0.0000000E+00
   4.5968928E+00   5.6228696E+03   5.6228696E+03   2.3213060E-05   -4.2661974E-06   2.5916389E-04   5.5956649E+03   5.6228696E+03   4.4633547E+03   0.0000000E+00   0.0000000E+00   0.0000000E+00   0.0000000E+00
   4.9398570E+00   4.9560948E+03   4.9560948E+03   1.7719874E-05   -3.2561592E-06   1.9768361E-04   4.9321162E+03   4.9560948E+03   3.9340783E+03   0.0000000E+00   0.0000000E+00   0.0000000E+00   0.0000000E+00
   5.3084090E+00   4.3671531E+03   4.3671531E+03   1.3519955E-05   -2.4845327E-06   1.5032418E-04   4.3460238E+03   4.3671531E+03   3.4665846E+03   0.0000000E+00   0.0000000E+00   0.0000000E+00   0.0000000E+00
   5.7044579E+00   3.8471383E+03   3.8471383E+03   1.0316769E-05   -1.8952292E-06   1.1384972E-04   3.8285249E+03   3.8471383E+03   3.0538042E+03   0.0000000E+00   0.0000000E+00   0.0000000E+00   0.0000000E+00
   6.1300551E+00   3.3881373E+03   3.3881373E+03   7.8660325E-06   -1.4453028E-06   8.6505937E-05   3.3717447E+03   3.3881373E+03   2.6894556E+03   0.0000000E+00   0.0000000E+00   0.0000000E+00   0.0000000E+00
   6.5874052E+00   2.9831228E+03   2.9831228E+03   5.9972330E-06   -1.1018920E-06   6.6543569E-05   2.9686898E+03   2.9831228E+03   2.3679608E+03   0.0000000E+00   0.0000000E+00   0.0000000E+00   0.0000000E+00
   7.0788772E+00   2.6258577E+03   2.6258577E+03   4.5715421E-06   -8.3985569E-07   5.1407966E-05   2.6131532E+03   2.6258577E+03   2.0843688E+03   0.0000000E+00   0.0000000E+00   0.0000000E+00   0.0000000E+00
   7.6070168E+00   2.3108089E+03   2.3108089E+03   3.4845773E-06   -6.3996695E-07   3.8950150E-05   2.2996287E+03   2.3108089E+03   1.8342875E+03   0.0000000E+00   0.0000000E+00   0.0000000E+00   0.0000000E+00
   8.1745598E+00   2.0330705E+03   2.0330705E+03   2.6543349E-06   -4.8752814E-07   2.9089411E-05   2.0232340E+03   2.0330705E+03   1.6138227E+03   0.0000000E+00   0.0000000E+00   0.0000000E+00   0.0000000E+00
   8.7844460E+00   1.7882944E+03   1.7882944E+03   2.0216157E-06   -3.7130699E-07   2.2666334E-05   1.7796422E+03   1.7882944E+03   1.4195229E+03   0.0000000E+00   0.0000000E+00   0.0000000E+00   0.0000000E+00
   9.4398344E+00   1.5726292E+03   1.5726292E+03   1.5397180E-06   -2.8272159E-07   1.7581244E-05   1.5650205E+03   1.5726292E+03   1.2483309E+03   0.0000000E+00   0.0000000E+00   0.0000000E+00   0.0000000E+00
   1.0144120E+01   1.3826644E+03   1.3826644E+03   1.1719749E-06   -2.1521791E-07   1.3290876E-05   1.3759748E+03   1.3826644E+03   1.0975395E+03   0.0000000E+00   0.0000000E+00   0.0000000E+00   0.0000000E+00
