#           k/h    CDM            baryon         photon         nu             mass_nu        total          no_nu          total_de       Weyl           v_CDM          v_b            v_b-v_c     
   9.6196421E-06   2.3479247E+07   2.3479247E+07   3.1291373E+07   -9.1627487E+05   -2.1550637E+07   2.3479283E+07   2.3479247E+07   1.0290537E+07   0.0000000E+00   0.0000000E+00   0.0000000E+00   0.0000000E+00
   1.0337343E-05   2.3479253E+07   2.3479253E+07   3.1289169E+07   -9.1626178E+05   -2.1550235E+07   2.3479288E+07   2.3479253E+07   1.0290538E+07   0.0000000E+00   0.0000000E+00   0.0000000E+00   0.0000000E+00
   1.1108589E-05   2.3479259E+07   2.3479259E+07   3.1286625E+07   -9.1624667E+05   -2.1549771E+07   2.3479295E+07   2.3479259E+07   1.0290539E+07   0.0000000E+00   0.0000000E+00   0.0000000E+00   0.0000000E+00
   1.1937377E-05   2.3479267E+07   2.3479267E+07   3.1283686E+07   -9.1622922E+05   -2.1549235E+07   2.3479302E+07   2.3479267E+07   1.0290540E+07   0.0000000E+00   0.0000000E+00   0.0000000E+00   0.0000000E+00
   1.2827999E-05   2.3479276E+07   2.3479276E+07   3.1280294E+07   -9.1620907E+05   -2.1548617E+07   2.3479310E+07   2.3479276E+07   1.0290542E+07   0.0000000E+00   0.0000000E+00   0.0000000E+00   0.0000000E+00
   1.3785068E-05   2.3479286E+07   2.3479286E+07   3.1276377E+07   -9.1618580E+05   -2.1547902E+07   2.3479320E+07   2.3479286E+07   1.0290543E+07   0.0000000E+00   0.0000000E+00   0.0000000E+00   0.0000000E+00
   1.4813542E-05   2.3479298E+07   2.3479298E+07   3.1271853E+07   -9.1615894E+05   -2.1547078E+07   2.3479331E+07   2.3479298E+07   1.0290545E+07   0.0000000E+00   0.0000000E+00   0.0000000E+00   0.0000000E+00
   1.5918748E-05   2.3479311E+07   2.3479311E+07   3.1266631E+07   -9.1612791E+05   -2.1546125E+07   2.3479344E+07   2.3479311E+07   1.0290547E+07   0.0000000E+00   0.0000000E+00   0.0000000E+00   0.0000000E+00
   1.7106412E-05   2.3479327E+07   2.3479327E+07   3.1260601E+07   -9.1609208E+05   -2.1545026E+07   2.3479358E+07   2.3479327E+07   1.0290550E+07   0.0000000E+00   0.0000000E+00   0.0000000E+00   0.0000000E+00
   1.8382684E-05   2.3479345E+07   2.3479345E+07   3.1253639E+07   -9.1605072E+05   -2.1543756E+07   2.3479375E+07   2.3479345E+07   1.0290553E+07   0.0000000E+00   0.0000000E+00   0.0000000E+00   0.0000000E+00
   1.9754176E-05   2.3479366E+07   2.3479366E+07   3.1245602E+07   -9.1600295E+05   -2.1542289E+07   2.3479395E+07   2.3479366E+07   1.0290556E+07   0.0000000E+00   0.0000000E+00   0.0000000E+00   0.0000000E+00
   2.1227992E-05   2.3479390E+07   2.3479390E+07   3.1236322E+07   -9.1594779E+05   -2.1540596E+07   2.3479418E+07   2.3479390E+07   1.0290560E+07   0.0000000E+00   0.0000000E+00   0.0000000E+00   0.0000000E+00
   2.2811766E-05   2.3479418E+07   2.3479418E+07   3.1225610E+07   -9.1588410E+05   -2.1538641E+07   2.3479444E+07   2.3479418E+07   1.0290564E+07   0.0000000E+00   0.0000000E+00   0.0000000E+00   0.0000000E+00
   2.4513703E-05   2.3479450E+07   2.3479450E+07   3.1213244E+07   -9.1581055E+05   -2.1536384E+07   2.3479474E+07   2.3479450E+07   1.0290569E+07   0.0000000E+00   0.0000000E+00   0.0000000E+00   0.0000000E+00
   2.6342617E-05   2.3479487E+07   2.3479487E+07   3.1198969E+07   -9.1572564E+05   -2.1533778E+07   2.3479509E+07   2.3479487E+07   1.0290575E+07   0.0000000E+00   0.0000000E+00   0.0000000E+00   0.0000000E+00
   2.8307982E-05   2.3479530E+07   2.3479530E+07   3.1182491E+07   -9.1562759E+05   -2.1530769E+07   2.3479550E+07   2.3479530E+07   1.0290582E+07   0.0000000E+00   0.0000000E+00   0.0000000E+00   0.0000000E+00
   3.0419979E-05   2.3479579E+07   2.3479579E+07   3.1163474E+07   -9.1551439E+05   -2.1527295E+07   2.3479596E+07   2.3479579E+07   1.0290590E+07   0.0000000E+00   0.0000000E+00   0.0000000E+00   0.0000000E+00
   3.2689548E-05   2.3479636E+07   2.3479636E+07   3.1141526E+07   -9.1538368E+05   -2.1523284E+07   2.3479650E+07   2.3479636E+07   1.0290599E+07   0.0000000E+00   0.0000000E+00   0.0000000E+00   0.0000000E+00
   3.5128444E-05   2.3479702E+07   2.3479702E+07   3.1116198E+07   -9.1523278E+05   -2.1518653E+07   2.3479712E+07   2.3479702E+07   1.0290610E+07   0.0000000E+00   0.0000000E+00   0.0000000E+00   0.0000000E+00
   3.7749301E-05   2.3479778E+07   2.3479778E+07   3.1086973E+07   -9.1505855E+05   -2.1513308E+07   2.3479784E+07   2.3479778E+07   1.0290622E+07   0.0000000E+00   0.0000000E+00   0.0000000E+00   0.0000000E+00
   4.0565695E-05   2.3479866E+07   2.3479866E+07   3.1053256E+07   -9.1485742E+05   -2.1507138E+07   2.3479867E+07   2.3479866E+07   1.0290636E+07   0.0000000E+00   0.0000000E+00   0.0000000E+00   0.0000000E+00
   4.3592213E-05   2.3479967E+07   2.3479967E+07   3.1014362E+07   -9.1462522E+05   -2.1500015E+07   2.3479962E+07   2.3479967E+07   1.0290652E+07   0.0000000E+00   0.0000000E+00   0.0000000E+00   0.0000000E+00
   4.6844533E-05   2.3480084E+07   2.3480084E+07   3.0969503E+07   -9.1435718E+05   -2.1491794E+07   2.3480073E+07   2.3480084E+07   1.0290671E+07   0.0000000E+00   0.0000000E+00   0.0000000E+00   0.0000000E+00
   5.0339502E-05   2.3480219E+07   2.3480219E+07   3.0917774E+07   -9.1404778E+05   -2.1482306E+07   2.3480200E+07   2.3480219E+07   1.0290692E+07   0.0000000E+00   0.0000000E+00   0.0000000E+00   0.0000000E+00
   5.4095223E-05   2.3480374E+07   2.3480374E+07   3.0858136E+07   -9.1369066E+05   -2.1471356E+07   2.3480347E+07   2.3480374E+07   1.0290717E+07   0.0000000E+00   0.0000000E+00   0.0000000E+00   0.0000000E+00
   5.8131150E-05   2.3480554E+07   2.3480554E+07   3.0789397E+07   -9.1327849E+05   -2.1458721E+07   2.3480516E+07   2.3480554E+07   1.0290745E+07   0.0000000E+00   0.0000000E+00   0.0000000E+00   0.0000000E+00
   6.2468189E-05   2.3480761E+07   2.3480761E+07   3.0710192E+07   -9.1280283E+05   -2.1444142E+07   2.3480712E+07   2.3480761E+07   1.0290778E+07   0.0000000E+00   0.0000000E+00   0.0000000E+00   0.0000000E+00
   6.7128805E-05   2.3481000E+07   2.3481000E+07   3.0618959E+07   -9.1225394E+05   -2.1427324E+07   2.3480937E+07   2.3481000E+07   1.0290816E+07   0.0000000E+00   0.0000000E+00   0.0000000E+00   0.0000000E+00
   7.2137139E-05   2.3481275E+07   2.3481275E+07   3.0513912E+07   -9.1162064E+05   -2.1407926E+07   2.3481197E+07   2.3481275E+07   1.0290859E+07   0.0000000E+00   0.0000000E+00   0.0000000E+00   0.0000000E+00
   7.7519135E-05   2.3481593E+07   2.3481593E+07   3.0393013E+07   -9.1089001E+05   -2.1385554E+07   2.3481497E+07   2.3481593E+07   1.0290909E+07   0.0000000E+00   0.0000000E+00   0.0000000E+00   0.0000000E+00
   8.3302669E-05   2.3481959E+07   2.3481959E+07   3.0253945E+07   -9.1004726E+05   -2.1359760E+07   2.3481842E+07   2.3481959E+07   1.0290967E+07   0.0000000E+00   0.0000000E+00   0.0000000E+00   0.0000000E+00
   8.9517700E-05   2.3482381E+07   2.3482381E+07   3.0094073E+07   -9.0907532E+05   -2.1330026E+07   2.3482240E+07   2.3482381E+07   1.0291033E+07   0.0000000E+00   0.0000000E+00   0.0000000E+00   0.0000000E+00
   9.6196421E-05   2.3482867E+07   2.3482867E+07   2.9910414E+07   -9.0795464E+05   -2.1295759E+07   2.3482698E+07   2.3482867E+07   1.0291109E+07   0.0000000E+00   0.0000000E+00   0.0000000E+00   0.0000000E+00
   1.0337343E-04   2.3483427E+07   2.3483427E+07   2.9699599E+07   -9.0666273E+05   -2.1256283E+07   2.3483226E+07   2.3483427E+07   1.0291196E+07   0.0000000E+00   0.0000000E+00   0.0000000E+00   0.0000000E+00
   1.1108589E-04   2.3484071E+07   2.3484071E+07   2.9457840E+07   -9.0517385E+05   -2.1210820E+07   2.3483833E+07   2.3484071E+07   1.0291296E+07   0.0000000E+00   0.0000000E+00   0.0000000E+00   0.0000000E+00
   1.1937377E-04   2.3484812E+07   2.3484812E+07   2.9180893E+07   -9.0345849E+05   -2.1158486E+07   2.3484531E+07   2.3484812E+07   1.0291410E+07   0.0000000E+00   0.0000000E+00   0.0000000E+00   0.0000000E+00
   1.2827999E-04   2.3485663E+07   2.3485663E+07   2.8864036E+07   -9.0148291E+05   -2.1098270E+07   2.3485334E+07   2.3485663E+07   1.0291540E+07   0.0000000E+00   0.0000000E+00   0.0000000E+00   0.0000000E+00
   1.3785068E-04   2.3486642E+07   2.3486642E+07   2.8502043E+07   -8.9920858E+05   -2.1029027E+07   2.3486256E+07   2.3486642E+07   1.0291689E+07   0.0000000E+00   0.0000000E+00   0.0000000E+00   0.0000000E+00
   1.4813542E-04   2.3487765E+07   2.3487765E+07   2.8089178E+07   -8.9659158E+05   -2.0949452E+07   2.3487314E+07   2.3487765E+07   1.0291858E+07   0.0000000E+00   0.0000000E+00   0.0000000E+00   0.0000000E+00
   1.5918748E-04   2.3489053E+07   2.3489053E+07   2.7619208E+07   -8.9358193E+05   -2.0858073E+07   2.3488527E+07   2.3489053E+07   1.0292050E+07   0.0000000E+00   0.0000000E+00   0.0000000E+00   0.0000000E+00
   1.7106412E-04   2.3490529E+07   2.3490529E+07   2.7085440E+07   -8.9012292E+05   -2.0753230E+07   2.3489916E+07   2.3490529E+07   1.0292268E+07   0.0000000E+00   0.0000000E+00   0.0000000E+00   0.0000000E+00
   1.8382684E-04   2.3492217E+07   2.3492217E+07   2.6480798E+07   -8.8615040E+05   -2.0633060E+07   2.3491504E+07   2.3492217E+07   1.0292513E+07   0.0000000E+00   0.0000000E+00   0.0000000E+00   0.0000000E+00
   1.9754176E-04   2.3494145E+07   2.3494145E+07   2.5797948E+07   -8.8159202E+05   -2.0495478E+07   2.3493318E+07   2.3494145E+07   1.0292788E+07   0.0000000E+00   0.0000000E+00   0.0000000E+00   0.0000000E+00
   2.1227992E-04   2.3496345E+07   2.3496345E+07   2.5029489E+07   -8.7636651E+05   -2.0338171E+07   2.3495385E+07   2.3496345E+07   1.0293097E+07   0.0000000E+00   0.0000000E+00   0.0000000E+00   0.0000000E+00
   2.2811766E-04   2.3498848E+07   2.3498848E+07   2.4168229E+07   -8.7038302E+05   -2.0158587E+07   2.3497736E+07   2.3498848E+07   1.0293439E+07   0.0000000E+00   0.0000000E+00   0.0000000E+00   0.0000000E+00
   2.4513703E-04   2.3501690E+07   2.3501690E+07   2.3207559E+07   -8.6354060E+05   -1.9953931E+07   2.3500404E+07   2.3501690E+07   1.0293817E+07   0.0000000E+00   0.0000000E+00   0.0000000E+00   0.0000000E+00
   2.6342617E-04   2.3504909E+07   2.3504909E+07   2.2141948E+07   -8.5572778E+05   -1.9721176E+07   2.3503421E+07   2.3504909E+07   1.0294231E+07   0.0000000E+00   0.0000000E+00   0.0000000E+00   0.0000000E+00
   2.8307982E-04   2.3508541E+07   2.3508541E+07   2.0967587E+07   -8.4682253E+05   -1.9457082E+07   2.3506823E+07   2.3508541E+07   1.0294678E+07   0.0000000E+00   0.0000000E+00   0.0000000E+00   0.0000000E+00
   3.0419979E-04   2.3512625E+07   2.3512625E+07   1.9683168E+07   -8.3669260E+05   -1.9158236E+07   2.3510642E+07   2.3512625E+07   1.0295155E+07   0.0000000E+00   0.0000000E+00   0.0000000E+00   0.0000000E+00
   3.2689548E-04   2.3517196E+07   2.3517196E+07   1.8290826E+07   -8.2519639E+05   -1.8821110E+07   2.3514910E+07   2.3517196E+07   1.0295655E+07   0.0000000E+00   0.0000000E+00   0.0000000E+00   0.0000000E+00
   3.5128444E-04   2.3522285E+07   2.3522285E+07   1.6797197E+07   -8.1218473E+05   -1.8442155E+07   2.3519652E+07   2.3522285E+07   1.0296164E+07   0.0000000E+00   0.0000000E+00   0.0000000E+00   0.0000000E+00
   3.7749301E-04   2.3527913E+07   2.3527913E+07   1.5214542E+07   -7.9750355E+05   -1.8017919E+07   2.3524884E+07   2.3527913E+07   1.0296666E+07   0.0000000E+00   0.0000000E+00   0.0000000E+00   0.0000000E+00
   4.0565695E-04   2.3534091E+07   2.3534091E+07   1.3561834E+07   -7.8099793E+05   -1.7545217E+07   2.3530610E+07   2.3534091E+07   1.0297135E+07   0.0000000E+00   0.0000000E+00   0.0000000E+00   0.0000000E+00
   4.3592213E-04   2.3540808E+07   2.3540808E+07   1.1865620E+07   -7.6251770E+05   -1.7021336E+07   2.3536812E+07   2.3540808E+07   1.0297533E+07   0.0000000E+00   0.0000000E+00   0.0000000E+00   0.0000000E+00
   4.6844533E-04   2.3548028E+07   2.3548028E+07   1.0160427E+07   -7.4192496E+05   -1.6444297E+07   2.3543446E+07   2.3548028E+07   1.0297810E+07   0.0000000E+00   0.0000000E+00   0.0000000E+00   0.0000000E+00
   5.0339502E-04   2.3555677E+07   2.3555677E+07   8.4883663E+06   -7.1910367E+05   -1.5813147E+07   2.3550432E+07   2.3555677E+07   1.0297902E+07   0.0000000E+00   0.0000000E+00   0.0000000E+00   0.0000000E+00
   5.4095223E-04   2.3563636E+07   2.3563636E+07   6.8975569E+06   -6.9397146E+05   -1.5128302E+07   2.3557641E+07   2.3563636E+07   1.0297721E+07   0.0000000E+00   0.0000000E+00   0.0000000E+00   0.0000000E+00
   5.8131150E-04   2.3571723E+07   2.3571723E+07   5.4389914E+06   -6.6649347E+05   -1.4391878E+07   2.3564883E+07   2.3571723E+07   1.0297158E+07   0.0000000E+00   0.0000000E+00   0.0000000E+00   0.0000000E+00
   6.2468189E-04   2.3579682E+07   2.3579682E+07   4.1615868E+06   -6.3669779E+05   -1.3608017E+07   2.3571892E+07   2.3579682E+07   1.0296074E+07   0.0000000E+00   0.0000000E+00   0.0000000E+00   0.0000000E+00
   6.7128805E-04   2.3587166E+07   2.3587166E+07   3.1054915E+06   -6.0469127E+05   -1.2783121E+07   2.3578315E+07   2.3587166E+07   1.0294299E+07   0.0000000E+00   0.0000000E+00   0.0000000E+00   0.0000000E+00
   7.2137139E-04   2.3593724E+07   2.3593724E+07   2.2942897E+06   -5.7067407E+05   -1.1925951E+07   2.3583692E+07   2.3593724E+07   1.0291633E+07   0.0000000E+00   0.0000000E+00   0.0000000E+00   0.0000000E+00
   7.7519135E-04   2.3598794E+07   2.3598794E+07   1.7275630E+06   -5.3495017E+05   -1.1047501E+07   2.3587453E+07   2.3598794E+07   1.0287838E+07   0.0000000E+00   0.0000000E+00   0.0000000E+00   0.0000000E+00
   8.3302669E-04   2.3601691E+07   2.3601691E+07   1.3761909E+06   -4.9793061E+05   -1.0160596E+07   2.3588911E+07   2.3601691E+07   1.0282647E+07   0.0000000E+00   0.0000000E+00   0.0000000E+00   0.0000000E+00
   8.9517700E-04   2.3601621E+07   2.3601621E+07   1.1834028E+06   -4.6012562E+05   -9.2791666E+06   2.3587266E+07   2.3601621E+07   1.0275766E+07   0.0000000E+00   0.0000000E+00   0.0000000E+00   0.0000000E+00
   9.6196421E-04   2.3597690E+07   2.3597690E+07   1.0742483E+06   -4.2212244E+05   -8.4172382E+06   2.3581627E+07   2.3597690E+07   1.0266887E+07   0.0000000E+00   0.0000000E+00   0.0000000E+00   0.0000000E+00
   1.0337343E-03   2.3588942E+07   2.3588942E+07   9.7403892E+05   -3.8454741E+05   -7.5877464E+06   2.3571041E+07   2.3588942E+07   1.0255697E+07   0.0000000E+00   0.0000000E+00   0.0000000E+00   0.0000000E+00
   1.1108589E-03   2.3574399E+07   2.3574399E+07   8.3197621E+05   -3.4801475E+05   -6.8014071E+06   2.3554538E+07   2.3574399E+07   1.0241892E+07   0.0000000E+00   0.0000000E+00   0.0000000E+00   0.0000000E+00
   1.1937377E-03   2.3553112E+07   2.3553112E+07   6.4057625E+05   -3.1306927E+05   -6.0659183E+06   2.3531179E+07   2.3553112E+07   1.0225194E+07   0.0000000E+00   0.0000000E+00   0.0000000E+00   0.0000000E+00
   1.2827999E-03   2.3524208E+07   2.3524208E+07   4.3792714E+05   -2.8013607E+05   -5.3857389E+06   2.3500109E+07   2.3524208E+07   1.0205354E+07   0.0000000E+00   0.0000000E+00   0.0000000E+00   0.0000000E+00
   1.3785068E-03   2.3486923E+07   2.3486923E+07   2.8374335E+05   -2.4949189E+05   -4.7625032E+06   2.3460582E+07   2.3486923E+07   1.0182157E+07   0.0000000E+00   0.0000000E+00   0.0000000E+00   0.0000000E+00
   1.4813542E-03   2.3440604E+07   2.3440604E+07   2.1562805E+05   -2.2126883E+05   -4.1958441E+06   2.3411965E+07   2.3440604E+07   1.0155408E+07   0.0000000E+00   0.0000000E+00   0.0000000E+00   0.0000000E+00
   1.5918748E-03   2.3384694E+07   2.3384694E+07   2.1394173E+05   -1.9548831E+05   -3.6841687E+06   2.3353720E+07   2.3384694E+07   1.0124920E+07   0.0000000E+00   0.0000000E+00   0.0000000E+00   0.0000000E+00
   1.7106412E-03   2.3318690E+07   2.3318690E+07   2.1214855E+05   -1.7210665E+05   -3.2250211E+06   2.3285361E+07   2.3318690E+07   1.0090505E+07   0.0000000E+00   0.0000000E+00   0.0000000E+00   0.0000000E+00
   1.8382684E-03   2.3242123E+07   2.3242123E+07   1.5922285E+05   -1.5104605E+05   -2.8151244E+06   2.3206432E+07   2.3242123E+07   1.0051964E+07   0.0000000E+00   0.0000000E+00   0.0000000E+00   0.0000000E+00
   1.9754176E-03   2.3154549E+07   2.3154549E+07   7.7742148E+04   -1.3219830E+05   -2.4506201E+06   2.3116491E+07   2.3154549E+07   1.0009097E+07   0.0000000E+00   0.0000000E+00   0.0000000E+00   0.0000000E+00
   2.1227992E-03   2.3055549E+07   2.3055549E+07   3.6610110E+04   -1.1541734E+05   -2.1277223E+06   2.3015121E+07   2.3055549E+07   9.9617055E+06   0.0000000E+00   0.0000000E+00   0.0000000E+00   0.0000000E+00
   2.2811766E-03   2.2944722E+07   2.2944722E+07   5.1071603E+04   -1.0053103E+05   -1.8430951E+06   2.2901911E+07   2.2944722E+07   9.9095909E+06   0.0000000E+00   0.0000000E+00   0.0000000E+00   0.0000000E+00
   2.4513703E-03   2.2821657E+07   2.2821657E+07   5.6597827E+04   -8.7371758E+04   -1.5932899E+06   2.2776445E+07   2.2821657E+07   9.8525457E+06   0.0000000E+00   0.0000000E+00   0.0000000E+00   0.0000000E+00
   2.6342617E-03   2.2685926E+07   2.2685926E+07   2.3909507E+04   -7.5787975E+04   -1.3743163E+06   2.2638291E+07   2.2685926E+07   9.7903533E+06   0.0000000E+00   0.0000000E+00   0.0000000E+00   0.0000000E+00
   2.8307982E-03   2.2537096E+07   2.2537096E+07   9.0220315E+03   -6.5625619E+04   -1.1826662E+06   2.2487017E+07   2.2537096E+07   9.7227982E+06   0.0000000E+00   0.0000000E+00   0.0000000E+00   0.0000000E+00
   3.0419979E-03   2.2374736E+07   2.2374736E+07   1.8521409E+04   -5.6727393E+04   -1.0158260E+06   2.2322199E+07   2.2374736E+07   9.6496681E+06   0.0000000E+00   0.0000000E+00   0.0000000E+00   0.0000000E+00
   3.2689548E-03   2.2198399E+07   2.2198399E+07   3.9704442E+03   -4.8956550E+04   -8.7082371E+05   2.2143400E+07   2.2198399E+07   9.5707464E+06   0.0000000E+00   0.0000000E+00   0.0000000E+00   0.0000000E+00
   3.5128444E-03   2.2007629E+07   2.2007629E+07   5.0333495E+02   -4.2188458E+04   -7.4475574E+05   2.1950178E+07   2.2007629E+07   9.4858164E+06   0.0000000E+00   0.0000000E+00   0.0000000E+00   0.0000000E+00
   3.7749301E-03   2.1801977E+07   2.1801977E+07   6.8199453E+03   -3.6300808E+04   -6.3589794E+05   2.1742103E+07   2.1801977E+07   9.3946669E+06   0.0000000E+00   0.0000000E+00   0.0000000E+00   0.0000000E+00
   4.0565695E-03   2.1580990E+07   2.1580990E+07   -6.5574508E+03   -3.1192096E+04   -5.4166976E+05   2.1518750E+07   2.1580990E+07   9.2970933E+06   0.0000000E+00   0.0000000E+00   0.0000000E+00   0.0000000E+00
   4.3592213E-03   2.1344235E+07   2.1344235E+07   1.7673251E+03   -2.6765901E+04   -4.6040344E+05   2.1279729E+07   2.1344235E+07   9.1929066E+06   0.0000000E+00   0.0000000E+00   0.0000000E+00   0.0000000E+00
   4.6844533E-03   2.1091309E+07   2.1091309E+07   -5.3638479E+03   -2.2936338E+04   -3.9052505E+05   2.1024670E+07   2.1091309E+07   9.0819284E+06   0.0000000E+00   0.0000000E+00   0.0000000E+00   0.0000000E+00
   5.0339502E-03   2.0821835E+07   2.0821835E+07   -9.2869741E+02   -1.9628391E+04   -3.3040664E+05   2.0753195E+07   2.0821835E+07   8.9639797E+06   0.0000000E+00   0.0000000E+00   0.0000000E+00   0.0000000E+00
   5.4095223E-03   2.0535449E+07   2.0535449E+07   -5.4046264E+03   -1.6774530E+04   -2.7889853E+05   2.0464917E+07   2.0535449E+07   8.8388780E+06   0.0000000E+00   0.0000000E+00   0.0000000E+00   0.0000000E+00
   5.8131150E-03   2.0231791E+07   2.0231791E+07   -2.2676820E+03   -1.4316136E+04   -2.3493181E+05   2.0159486E+07   2.0231791E+07   8.7064602E+06   0.0000000E+00   0.0000000E+00   0.0000000E+00   0.0000000E+00
   6.2468189E-03   1.9910507E+07   1.9910507E+07   -2.7985337E+03   -1.2201967E+04   -1.9724983E+05   1.9836614E+07   1.9910507E+07   8.5665895E+06   0.0000000E+00   0.0000000E+00   0.0000000E+00   0.0000000E+00
   6.7128805E-03   1.9571284E+07   1.9571284E+07   -4.4169169E+03   -1.0385053E+04   -1.6524409E+05   1.9496020E+07   1.9571284E+07   8.4191352E+06   0.0000000E+00   0.0000000E+00   0.0000000E+00   0.0000000E+00
   7.2137139E-03   1.9213851E+07   1.9213851E+07   -3.1229656E+03   -8.8258234E+03   -1.3803484E+05   1.9137415E+07   1.9213851E+07   8.2639636E+06   0.0000000E+00   0.0000000E+00   0.0000000E+00   0.0000000E+00
   7.7519135E-03   1.8837965E+07   1.8837965E+07   -1.8809710E+03   -7.4896745E+03   -1.1493877E+05   1.8760560E+07   1.8837965E+07   8.1009636E+06   0.0000000E+00   0.0000000E+00   0.0000000E+00   0.0000000E+00
   8.3302669E-03   1.8443391E+07   1.8443391E+07   -1.6193350E+03   -6.3460303E+03   -9.5379827E+04   1.8365253E+07   1.8443391E+07   7.9300406E+06   0.0000000E+00   0.0000000E+00   0.0000000E+00   0.0000000E+00
   8.9517700E-03   1.8029910E+07   1.8029910E+07   -1.7169860E+03   -5.3682784E+03   -7.8890547E+04   1.7951285E+07   1.8029910E+07   7.7510997E+06   0.0000000E+00   0.0000000E+00   0.0000000E+00   0.0000000E+00
   9.6196421E-03   1.7597343E+07   1.7597343E+07   -1.4605571E+03   -4.5334058E+03   -6.5027872E+04   1.7518479E+07   1.7597343E+07   7.5640583E+06   0.0000000E+00   0.0000000E+00   0.0000000E+00   0.0000000E+00
   1.0337343E-02   1.7145548E+07   1.7145548E+07   -1.2359726E+03   -3.8215243E+03   -5.3405046E+04   1.7066699E+07   1.7145548E+07   7.3688535E+06   0.0000000E+00   0.0000000E+00   0.0000000E+00   0.0000000E+00
   1.1108589E-02   1.6674407E+07   1.6674407E+07   -1.3329208E+03   -3.2152709E+03   -4.3681261E+04   1.6595851E+07   1.6674407E+07   7.1654413E+06   0.0000000E+00   0.0000000E+00   0.0000000E+00   0.0000000E+00
   1.1937377E-02   1.6183866E+07   1.6183866E+07   -1.6177006E+03   -2.6996847E+03   -3.5563962E+04   1.6105862E+07   1.6183866E+07   6.9537858E+06   0.0000000E+00   0.0000000E+00   0.0000000E+00   0.0000000E+00
   1.2827999E-02   1.5673942E+07   1.5673942E+07   -1.1312244E+03   -2.2618612E+03   -2.8803023E+04   1.5596769E+07   1.5673942E+07   6.7339009E+06   0.0000000E+00   0.0000000E+00   0.0000000E+00   0.0000000E+00
   1.3785068E-02   1.5144750E+07   1.5144750E+07   -9.6476454E+02   -1.8905668E+03   -2.3247664E+04   1.5068678E+07   1.5144750E+07   6.5058296E+06   0.0000000E+00   0.0000000E+00   0.0000000E+00   0.0000000E+00
   1.4813542E-02   1.4596562E+07   1.4596562E+07   -8.2099636E+02   -1.5762607E+03   -1.8626316E+04   1.4521865E+07   1.4596562E+07   6.2696886E+06   0.0000000E+00   0.0000000E+00   0.0000000E+00   0.0000000E+00
   1.5918748E-02   1.4029847E+07   1.4029847E+07   -8.5641783E+02   -1.3106067E+03   -1.4861924E+04   1.3956789E+07   1.4029847E+07   6.0256746E+06   0.0000000E+00   0.0000000E+00   0.0000000E+00   0.0000000E+00
   1.7106412E-02   1.3445359E+07   1.3445359E+07   -6.2962018E+02   -1.0865323E+03   -1.1781124E+04   1.3374205E+07   1.3445359E+07   5.7741117E+06   0.0000000E+00   0.0000000E+00   0.0000000E+00   0.0000000E+00
   1.8382684E-02   1.2844228E+07   1.2844228E+07   -5.0804072E+02   -8.9791922E+02   -9.2736339E+03   1.2775225E+07   1.2844228E+07   5.5154785E+06   0.0000000E+00   0.0000000E+00   0.0000000E+00   0.0000000E+00
   1.9754175E-02   1.2228075E+07   1.2228075E+07   -4.6812011E+02   -7.3952924E+02   -7.2447747E+03   1.2161460E+07   1.2228075E+07   5.2504695E+06   0.0000000E+00   0.0000000E+00   0.0000000E+00   0.0000000E+00
   2.1227988E-02   1.1599144E+07   1.1599144E+07   -4.1506264E+02   -6.0688391E+02   -5.6091202E+03   1.1535137E+07   1.1599144E+07   4.9800447E+06   0.0000000E+00   0.0000000E+00   0.0000000E+00   0.0000000E+00
   2.2811744E-02   1.0960451E+07   1.0960451E+07   -2.5543534E+02   -4.9614019E+02   -4.3117285E+03   1.0899244E+07   1.0960451E+07   4.7054935E+06   0.0000000E+00   0.0000000E+00   0.0000000E+00   0.0000000E+00
   2.4513585E-02   1.0315935E+07   1.0315935E+07   -2.8320266E+02   -4.0401608E+02   -3.2814053E+03   1.0257691E+07   1.0315935E+07   4.4285034E+06   0.0000000E+00   0.0000000E+00   0.0000000E+00   0.0000000E+00
   2.6342088E-02   9.6706199E+06   9.6706199E+06   -2.2469668E+02   -3.2770599E+02   -2.4776302E+03   9.6154641E+06   9.6706199E+06   4.1512260E+06   0.0000000E+00   0.0000000E+00   0.0000000E+00   0.0000000E+00
   2.8305909E-02   9.0307799E+06   9.0307799E+06   -1.8182929E+02   -2.6481778E+02   -1.8489004E+03   8.9787933E+06   9.0307799E+06   3.8763503E+06   0.0000000E+00   0.0000000E+00   0.0000000E+00   0.0000000E+00
   3.0412811E-02   8.4041214E+06   8.4041214E+06   -1.5687097E+02   -2.1331410E+02   -1.3620808E+03   8.3553296E+06   8.4041214E+06   3.6071790E+06   0.0000000E+00   0.0000000E+00   0.0000000E+00   0.0000000E+00
   3.2667547E-02   7.7999178E+06   7.7999178E+06   -9.4560666E+01   -1.7146765E+02   -9.9442146E+02   7.7542816E+06   7.7999178E+06   3.3476872E+06   0.0000000E+00   0.0000000E+00   0.0000000E+00   0.0000000E+00
   3.5068151E-02   7.2288970E+06   7.2288970E+06   -1.0277547E+02   -1.3780895E+02   -7.1814670E+02   7.1863036E+06   7.2288970E+06   3.1024741E+06   0.0000000E+00   0.0000000E+00   0.0000000E+00   0.0000000E+00
   3.7601235E-02   6.7024424E+06   6.7024424E+06   -8.5254972E+01   -1.1106840E+02   -5.1691465E+02   6.6627006E+06   6.7024424E+06   2.8764200E+06   0.0000000E+00   0.0000000E+00   0.0000000E+00   0.0000000E+00
   4.0238991E-02   6.2306737E+06   6.2306737E+06   -6.9703198E+01   -9.0107478E+01   -3.6933204E+02   6.1935214E+06   6.2306737E+06   2.6738630E+06   0.0000000E+00   0.0000000E+00   0.0000000E+00   0.0000000E+00
   4.2942115E-02   5.8197077E+06   5.8197077E+06   -5.8725092E+01   -7.3865147E+01   -2.6273065E+02   5.7848346E+06   5.8197077E+06   2.4974225E+06   0.0000000E+00   0.0000000E+00   0.0000000E+00   0.0000000E+00
   4.5669692E-02   5.4696087E+06   5.4696087E+06   -4.6562793E+01   -6.1350604E+01   -1.8665576E+02   5.4366927E+06   5.4696087E+06   2.3471212E+06   0.0000000E+00   0.0000000E+00   0.0000000E+00   0.0000000E+00
   4.8390313E-02   5.1745861E+06   5.1745861E+06   -3.5225990E+01   -5.1679160E+01   -1.3280490E+02   5.1433299E+06   5.1745861E+06   2.2204695E+06   0.0000000E+00   0.0000000E+00   0.0000000E+00   0.0000000E+00
   5.1087282E-02   4.9251966E+06   4.9251966E+06   -2.7705254E+01   -4.4117733E+01   -9.4492056E+01   4.8953509E+06   4.9251966E+06   2.1134113E+06   0.0000000E+00   0.0000000E+00   0.0000000E+00   0.0000000E+00
   5.3756917E-02   4.7109038E+06   4.7109038E+06   -2.3134072E+01   -3.8100236E+01   -6.6537472E+01   4.6822765E+06   4.7109038E+06   2.0214223E+06   0.0000000E+00   0.0000000E+00   0.0000000E+00   0.0000000E+00
   5.6403922E-02   4.5218116E+06   4.5218116E+06   -2.0018989E+01   -3.3210561E+01   -4.5651576E+01   4.4942656E+06   4.5218116E+06   1.9402538E+06   0.0000000E+00   0.0000000E+00   0.0000000E+00   0.0000000E+00
   5.9037179E-02   4.3494553E+06   4.3494553E+06   -1.7588778E+01   -2.9151907E+01   -2.9856312E+01   4.3229012E+06   4.3494553E+06   1.8662721E+06   0.0000000E+00   0.0000000E+00   0.0000000E+00   0.0000000E+00
   6.1667048E-02   4.1870136E+06   4.1870136E+06   -1.5518212E+01   -2.5715268E+01   -1.7755757E+01   4.1614011E+06   4.1870136E+06   1.7965491E+06   0.0000000E+00   0.0000000E+00   0.0000000E+00   0.0000000E+00
   6.4303947E-02   4.0292712E+06   4.0292712E+06   -1.3692687E+01   -2.2754091E+01   -8.4787503E+00   4.0045801E+06   4.0292712E+06   1.7288463E+06   0.0000000E+00   0.0000000E+00   0.0000000E+00   0.0000000E+00
   6.6957722E-02   3.8725088E+06   3.8725088E+06   -1.2123313E+01   -2.0165982E+01   -1.4805414E+00   3.8487403E+06   3.8725088E+06   1.6615671E+06   0.0000000E+00   0.0000000E+00   0.0000000E+00   0.0000000E+00
   6.9637452E-02   3.7143871E+06   3.7143871E+06   -1.1006611E+01   -1.7879448E+01   3.7265773E+00   3.6915556E+06   3.7143871E+06   1.5937075E+06   0.0000000E+00   0.0000000E+00   0.0000000E+00   0.0000000E+00
   7.2351442E-02   3.5538356E+06   3.5538356E+06   -1.0700277E+01   -1.5844639E+01   7.5603588E+00   3.5319615E+06   3.5538356E+06   1.5248077E+06   0.0000000E+00   0.0000000E+00   0.0000000E+00   0.0000000E+00
   7.5107303E-02   3.3909369E+06   3.3909369E+06   -1.1019721E+01   -1.4026994E+01   1.0595403E+01   3.3700394E+06   3.3909369E+06   1.4549029E+06   0.0000000E+00   0.0000000E+00   0.0000000E+00   0.0000000E+00
   7.7912064E-02   3.2267881E+06   3.2267881E+06   -9.7822704E+00   -1.2402313E+01   1.3217923E+01   3.2068794E+06   3.2267881E+06   1.3844637E+06   0.0000000E+00   0.0000000E+00   0.0000000E+00   0.0000000E+00
   8.0772272E-02   3.0633260E+06   3.0633260E+06   -6.6435654E+00   -1.0953285E+01   1.4329920E+01   3.0444055E+06   3.0633260E+06   1.3143209E+06   0.0000000E+00   0.0000000E+00   0.0000000E+00   0.0000000E+00
   8.3694094E-02   2.9031037E+06   2.9031037E+06   -7.5011462E+00   -9.6668700E+00   1.4716044E+01   2.8851549E+06   2.9031037E+06   1.2455695E+06   0.0000000E+00   0.0000000E+00   0.0000000E+00   0.0000000E+00
   8.6683398E-02   2.7490173E+06   2.7490173E+06   -5.4057224E+00   -8.5321605E+00   1.5368856E+01   2.7320052E+06   2.7490173E+06   1.1794521E+06   0.0000000E+00   0.0000000E+00   0.0000000E+00   0.0000000E+00
   8.9745826E-02   2.6039882E+06   2.6039882E+06   -5.8667677E+00   -7.5389099E+00   1.5395009E+01   2.5878595E+06   2.6039882E+06   1.1172219E+06   0.0000000E+00   0.0000000E+00   0.0000000E+00   0.0000000E+00
   9.2886848E-02   2.4706181E+06   2.4706181E+06   -5.2683468E+00   -6.6764305E+00   1.4927733E+01   2.4553030E+06   2.4706181E+06   1.0599949E+06   0.0000000E+00   0.0000000E+00   0.0000000E+00   0.0000000E+00
   9.6111812E-02   2.3508453E+06   2.3508453E+06   -4.5084476E+00   -5.9329719E+00   1.4520343E+01   2.3362614E+06   2.3508453E+06   1.0086026E+06   0.0000000E+00   0.0000000E+00   0.0000000E+00   0.0000000E+00
   9.9425984E-02   2.2456390E+06   2.2456390E+06   -4.1327234E+00   -5.2954533E+00   1.4152676E+01   2.2316977E+06   2.2456390E+06   9.6346062E+05   0.0000000E+00   0.0000000E+00   0.0000000E+00   0.0000000E+00
   1.0283458E-01   2.1547794E+06   2.1547794E+06   -3.8629063E+00   -4.7495682E+00   1.3894064E+01   2.1413929E+06   2.1547794E+06   9.2447450E+05   0.0000000E+00   0.0000000E+00   0.0000000E+00   0.0000000E+00
   1.0634278E-01   2.0767656E+06   2.0767656E+06   -2.8369667E+00   -4.2802855E+00   1.3546551E+01   2.0638555E+06   2.0767656E+06   8.9100026E+05   0.0000000E+00   0.0000000E+00   0.0000000E+00   0.0000000E+00
   1.0995577E-01   2.0088965E+06   2.0088965E+06   -2.9181291E+00   -3.8725604E+00   1.2781897E+01   1.9964007E+06   2.0088965E+06   8.6187886E+05   0.0000000E+00   0.0000000E+00   0.0000000E+00   0.0000000E+00
   1.1367876E-01   1.9475416E+06   1.9475416E+06   -2.2191627E+00   -3.5122308E+00   1.2491944E+01   1.9354206E+06   1.9475416E+06   8.3555266E+05   0.0000000E+00   0.0000000E+00   0.0000000E+00   0.0000000E+00
   1.1751695E-01   1.8885994E+06   1.8885994E+06   -2.2668937E+00   -3.1869302E+00   1.2057899E+01   1.8768388E+06   1.8885994E+06   8.1026190E+05   0.0000000E+00   0.0000000E+00   0.0000000E+00   0.0000000E+00
   1.2147561E-01   1.8280986E+06   1.8280986E+06   -2.0400609E+00   -2.8869091E+00   1.1478793E+01   1.8167090E+06   1.8280986E+06   7.8430284E+05   0.0000000E+00   0.0000000E+00   0.0000000E+00   0.0000000E+00
   1.2556003E-01   1.7628603E+06   1.7628603E+06   -1.6986380E+00   -2.6055667E+00   1.0764765E+01   1.7518718E+06   1.7628603E+06   7.5631155E+05   0.0000000E+00   0.0000000E+00   0.0000000E+00   0.0000000E+00
   1.2977557E-01   1.6910999E+06   1.6910999E+06   -1.8667026E+00   -2.3396086E+00   1.0095298E+01   1.6805539E+06   1.6910999E+06   7.2552239E+05   0.0000000E+00   0.0000000E+00   0.0000000E+00   0.0000000E+00
   1.3412764E-01   1.6128322E+06   1.6128322E+06   -1.3584446E+00   -2.0887314E+00   9.3799384E+00   1.6027699E+06   1.6128322E+06   6.9194176E+05   0.0000000E+00   0.0000000E+00   0.0000000E+00   0.0000000E+00
   1.3862171E-01   1.5299507E+06   1.5299507E+06   -1.2254569E+00   -1.8548681E+00   8.7604002E+00   1.5204017E+06   1.5299507E+06   6.5638201E+05   0.0000000E+00   0.0000000E+00   0.0000000E+00   0.0000000E+00
   1.4326333E-01   1.4459001E+06   1.4459001E+06   -1.0759382E+00   -1.6410941E+00   8.0358104E+00   1.4368722E+06   1.4459001E+06   6.2032095E+05   0.0000000E+00   0.0000000E+00   0.0000000E+00   0.0000000E+00
   1.4805810E-01   1.3649465E+06   1.3649465E+06   -1.0141565E+00   -1.4503923E+00   7.2727001E+00   1.3564209E+06   1.3649465E+06   5.8558883E+05   0.0000000E+00   0.0000000E+00   0.0000000E+00   0.0000000E+00
   1.5301172E-01   1.2911632E+06   1.2911632E+06   -9.5923069E-01   -1.2845141E+00   6.7678336E+00   1.2830957E+06   1.2911632E+06   5.5393311E+05   0.0000000E+00   0.0000000E+00   0.0000000E+00   0.0000000E+00
   1.5812996E-01   1.2273596E+06   1.2273596E+06   -8.9669720E-01   -1.1432189E+00   6.1684336E+00   1.2196883E+06   1.2273596E+06   5.2655910E+05   0.0000000E+00   0.0000000E+00   0.0000000E+00   0.0000000E+00
   1.6341870E-01   1.1742550E+06   1.1742550E+06   -8.0311303E-01   -1.0240702E+00   5.7160727E+00   1.1669133E+06   1.1742550E+06   5.0377527E+05   0.0000000E+00   0.0000000E+00   0.0000000E+00   0.0000000E+00
   1.6888391E-01   1.1301878E+06   1.1301878E+06   -6.2390225E-01   -9.2285805E-01   5.3172911E+00   1.1231196E+06   1.1301878E+06   4.8486881E+05   0.0000000E+00   0.0000000E+00   0.0000000E+00   0.0000000E+00
   1.7453168E-01   1.0915393E+06   1.0915393E+06   -6.5802245E-01   -8.3453450E-01   4.9113435E+00   1.0847109E+06   1.0915393E+06   4.6828714E+05   0.0000000E+00   0.0000000E+00   0.0000000E+00   0.0000000E+00
   1.8036823E-01   1.0538320E+06   1.0538320E+06   -5.6514551E-01   -7.5439151E-01   4.5374230E+00   1.0472378E+06   1.0538320E+06   4.5210938E+05   0.0000000E+00   0.0000000E+00   0.0000000E+00   0.0000000E+00
   1.8639994E-01   1.0132067E+06   1.0132067E+06   -5.2975237E-01   -6.7911140E-01   4.2077380E+00   1.0068652E+06   1.0132067E+06   4.3467986E+05   0.0000000E+00   0.0000000E+00   0.0000000E+00   0.0000000E+00
   1.9263335E-01   9.6777103E+05   9.6777103E+05   -4.2054523E-01   -6.0733587E-01   3.8735693E+00   9.6171247E+05   9.6777103E+05   4.1518671E+05   0.0000000E+00   0.0000000E+00   0.0000000E+00   0.0000000E+00
   1.9907521E-01   9.1826948E+05   9.1826948E+05   -3.9525553E-01   -5.3955556E-01   3.5306448E+00   9.1251956E+05   9.1826948E+05   3.9394933E+05   0.0000000E+00   0.0000000E+00   0.0000000E+00   0.0000000E+00
   2.0573251E-01   8.6771825E+05   8.6771825E+05   -3.3098385E-01   -4.7736779E-01   3.1909842E+00   8.6228376E+05   8.6771825E+05   3.7226172E+05   0.0000000E+00   0.0000000E+00   0.0000000E+00   0.0000000E+00
   2.1261249E-01   8.2005673E+05   8.2005673E+05   -3.1844702E-01   -4.2240430E-01   2.8589633E+00   8.1491974E+05   8.2005673E+05   3.5181391E+05   0.0000000E+00   0.0000000E+00   0.0000000E+00   0.0000000E+00
   2.1972273E-01   7.7834526E+05   7.7834526E+05   -2.6272122E-01   -3.7537973E-01   2.5969375E+00   7.7346867E+05   7.7834526E+05   3.3391881E+05   0.0000000E+00   0.0000000E+00   0.0000000E+00   0.0000000E+00
   2.2707114E-01   7.4334646E+05   7.4334646E+05   -2.4588905E-01   -3.3566661E-01   2.3659781E+00   7.3868834E+05   7.4334646E+05   3.1890358E+05   0.0000000E+00   0.0000000E+00   0.0000000E+00   0.0000000E+00
   2.3466609E-01   7.1324300E+05   7.1324300E+05   -2.1611341E-01   -3.0155961E-01   2.1808501E+00   7.0877279E+05   7.1324300E+05   3.0598856E+05   0.0000000E+00   0.0000000E+00   0.0000000E+00   0.0000000E+00
   2.4251642E-01   6.8471539E+05   6.8471539E+05   -1.9610267E-01   -2.7105654E-01   1.9968900E+00   6.8042333E+05   6.8471539E+05   2.9374963E+05   0.0000000E+00   0.0000000E+00   0.0000000E+00   0.0000000E+00
   2.5063155E-01   6.5484110E+05   6.5484110E+05   -1.7273948E-01   -2.4271070E-01   1.8038364E+00   6.5073570E+05   6.5484110E+05   2.8093301E+05   0.0000000E+00   0.0000000E+00   0.0000000E+00   0.0000000E+00
   2.5902153E-01   6.2271915E+05   6.2271915E+05   -1.5574898E-01   -2.1608984E-01   1.6465112E+00   6.1881461E+05   6.2271915E+05   2.6715216E+05   0.0000000E+00   0.0000000E+00   0.0000000E+00   0.0000000E+00
   2.6769720E-01   5.8979491E+05   5.8979491E+05   -1.3674040E-01   -1.9160851E-01   1.4796611E+00   5.8609632E+05   5.8979491E+05   2.5302715E+05   0.0000000E+00   0.0000000E+00   0.0000000E+00   0.0000000E+00
   2.7667025E-01   5.5864677E+05   5.5864677E+05   -1.2599817E-01   -1.6990364E-01   1.3377290E+00   5.5514309E+05   5.5864677E+05   2.3966414E+05   0.0000000E+00   0.0000000E+00   0.0000000E+00   0.0000000E+00
   2.8595340E-01   5.3106522E+05   5.3106522E+05   -1.0978589E-01   -1.5119589E-01   1.2069968E+00   5.2773414E+05   5.3106522E+05   2.2783126E+05   0.0000000E+00   0.0000000E+00   0.0000000E+00   0.0000000E+00
   2.9556049E-01   5.0682977E+05   5.0682977E+05   -1.0112368E-01   -1.3506658E-01   1.0894817E+00   5.0365037E+05   5.0682977E+05   2.1743390E+05   0.0000000E+00   0.0000000E+00   0.0000000E+00   0.0000000E+00
   3.0550675E-01   4.8411290E+05   4.8411290E+05   -9.0608035E-02   -1.2074805E-01   9.9043111E-01   4.8107569E+05   4.8411290E+05   2.0768805E+05   0.0000000E+00   0.0000000E+00   0.0000000E+00   0.0000000E+00
   3.1580893E-01   4.6113815E+05   4.6113815E+05   -7.8842427E-02   -1.0763444E-01   8.8813698E-01   4.5824479E+05   4.6113815E+05   1.9783159E+05   0.0000000E+00   0.0000000E+00   0.0000000E+00   0.0000000E+00
   3.2648559E-01   4.3762729E+05   4.3762729E+05   -7.1513073E-02   -9.5573600E-02   8.0067057E-01   4.3488121E+05   4.3762729E+05   1.8774516E+05   0.0000000E+00   0.0000000E+00   0.0000000E+00   0.0000000E+00
   3.3755739E-01   4.1474579E+05   4.1474579E+05   -6.2346679E-02   -8.4730454E-02   7.2071577E-01   4.1214307E+05   4.1474579E+05   1.7792874E+05   0.0000000E+00   0.0000000E+00   0.0000000E+00   0.0000000E+00
   3.4904741E-01   3.9369514E+05   3.9369514E+05   -5.5486536E-02   -7.5221246E-02   6.4923010E-01   3.9122432E+05   3.9369514E+05   1.6889778E+05   0.0000000E+00   0.0000000E+00   0.0000000E+00   0.0000000E+00
   3.6098160E-01   3.7446609E+05   3.7446609E+05   -4.8885881E-02   -6.6893947E-02   5.8313225E-01   3.7211577E+05   3.7446609E+05   1.6064831E+05   0.0000000E+00   0.0000000E+00   0.0000000E+00   0.0000000E+00
   3.7338925E-01   3.5605620E+05   3.5605620E+05   -4.3939583E-02   -5.9447992E-02   5.2567794E-01   3.5382127E+05   3.5605620E+05   1.5275028E+05   0.0000000E+00   0.0000000E+00   0.0000000E+00   0.0000000E+00
   3.8630366E-01   3.3775716E+05   3.3775716E+05   -3.9183901E-02   -5.2684519E-02   4.6970405E-01   3.3563695E+05   3.3775716E+05   1.4489982E+05   0.0000000E+00   0.0000000E+00   0.0000000E+00   0.0000000E+00
   3.9976282E-01   3.1986611E+05   3.1986611E+05   -3.4268274E-02   -4.6590216E-02   4.2028366E-01   3.1785808E+05   3.1986611E+05   1.3722440E+05   0.0000000E+00   0.0000000E+00   0.0000000E+00   0.0000000E+00
   4.1381039E-01   3.0300815E+05   3.0300815E+05   -3.0382559E-02   -4.1188675E-02   3.7580324E-01   3.0110583E+05   3.0300815E+05   1.2999218E+05   0.0000000E+00   0.0000000E+00   0.0000000E+00   0.0000000E+00
   4.2849683E-01   2.8717038E+05   2.8717038E+05   -2.7040503E-02   -3.6405576E-02   3.3603260E-01   2.8536739E+05   2.8717038E+05   1.2319765E+05   0.0000000E+00   0.0000000E+00   0.0000000E+00   0.0000000E+00
   4.4388086E-01   2.7184836E+05   2.7184836E+05   -2.3670739E-02   -3.2115500E-02   2.9898602E-01   2.7014148E+05   2.7184836E+05   1.1662438E+05   0.0000000E+00   0.0000000E+00   0.0000000E+00   0.0000000E+00
   4.6003128E-01   2.5688629E+05   2.5688629E+05   -2.0969477E-02   -2.8254172E-02   2.6528835E-01   2.5527327E+05   2.5688629E+05   1.1020553E+05   0.0000000E+00   0.0000000E+00   0.0000000E+00   0.0000000E+00
   4.7702930E-01   2.4254755E+05   2.4254755E+05   -1.8369608E-02   -2.4809605E-02   2.3563075E-01   2.4102448E+05   2.4254755E+05   1.0405411E+05   0.0000000E+00   0.0000000E+00   0.0000000E+00   0.0000000E+00
   4.9497152E-01   2.2886670E+05   2.2886670E+05   -1.6108573E-02   -2.1743638E-02   2.0822581E-01   2.2742948E+05   2.2886670E+05   9.8184927E+04   0.0000000E+00   0.0000000E+00   0.0000000E+00   0.0000000E+00
   5.1397376E-01   2.1560791E+05   2.1560791E+05   -1.4079479E-02   -1.8997224E-02   1.8342382E-01   2.1425389E+05   2.1560791E+05   9.2496813E+04   0.0000000E+00   0.0000000E+00   0.0000000E+00   0.0000000E+00
   5.3417598E-01   2.0274427E+05   2.0274427E+05   -1.2249815E-02   -1.6538050E-02   1.6125624E-01   2.0147098E+05   2.0274427E+05   8.6978228E+04   0.0000000E+00   0.0000000E+00   0.0000000E+00   0.0000000E+00
   5.5574863E-01   1.9034699E+05   1.9034699E+05   -1.0617894E-02   -1.4344690E-02   1.4127373E-01   1.8915151E+05   1.9034699E+05   8.1659718E+04   0.0000000E+00   0.0000000E+00   0.0000000E+00   0.0000000E+00
   5.7890086E-01   1.7831604E+05   1.7831604E+05   -9.1778718E-03   -1.2384567E-02   1.2295898E-01   1.7719608E+05   1.7831604E+05   7.6498368E+04   0.0000000E+00   0.0000000E+00   0.0000000E+00   0.0000000E+00
   6.0389072E-01   1.6660563E+05   1.6660563E+05   -7.8823739E-03   -1.0633325E-02   1.0640880E-01   1.6555918E+05   1.6660563E+05   7.1474531E+04   0.0000000E+00   0.0000000E+00   0.0000000E+00   0.0000000E+00
   6.3103783E-01   1.5521642E+05   1.5521642E+05   -6.7267940E-03   -9.0723617E-03   9.1696993E-02   1.5424147E+05   1.5521642E+05   6.6588497E+04   0.0000000E+00   0.0000000E+00   0.0000000E+00   0.0000000E+00
   6.6073770E-01   1.4409271E+05   1.4409271E+05   -5.6964988E-03   -7.6820180E-03   7.8394683E-02   1.4318760E+05   1.4409271E+05   6.1816364E+04   0.0000000E+00   0.0000000E+00   0.0000000E+00   0.0000000E+00
   6.9347606E-01   1.3322351E+05   1.3322351E+05   -4.7830986E-03   -6.4477275E-03   6.6268143E-02   1.3238665E+05   1.3322351E+05   5.7153423E+04   0.0000000E+00   0.0000000E+00   0.0000000E+00   0.0000000E+00
   7.2983792E-01   1.2259102E+05   1.2259102E+05   -3.9785570E-03   -5.3566379E-03   5.5668192E-02   1.2182093E+05   1.2259102E+05   5.2592033E+04   0.0000000E+00   0.0000000E+00   0.0000000E+00   0.0000000E+00
   7.7050171E-01   1.1220406E+05   1.1220406E+05   -3.2625072E-03   -4.3989189E-03   4.6121882E-02   1.1149919E+05   1.1220406E+05   4.8135975E+04   0.0000000E+00   0.0000000E+00   0.0000000E+00   0.0000000E+00
   8.1620248E-01   1.0209289E+05   1.0209289E+05   -2.6463267E-03   -3.5668208E-03   3.7619755E-02   1.0145152E+05   1.0209289E+05   4.3798235E+04   0.0000000E+00   0.0000000E+00   0.0000000E+00   0.0000000E+00
   8.6764974E-01   9.2325049E+04   9.2325049E+04   -2.1198138E-03   -2.8543717E-03   3.0402889E-02   9.1745029E+04   9.2325049E+04   3.9607788E+04   0.0000000E+00   0.0000000E+00   0.0000000E+00   0.0000000E+00
   9.2540702E-01   8.3002036E+04   8.3002036E+04   -1.6757206E-03   -2.2558011E-03   2.4256518E-02   8.2480573E+04   8.3002036E+04   3.5608175E+04   0.0000000E+00   0.0000000E+00   0.0000000E+00   0.0000000E+00
   9.8978752E-01   7.4243222E+04   7.4243222E+04   -1.3106049E-03   -1.7637961E-03   1.9133522E-02   7.3776775E+04   7.4243222E+04   3.1850607E+04   0.0000000E+00   0.0000000E+00   0.0000000E+00   0.0000000E+00
   1.0608503E+00   6.6151264E+04   6.6151264E+04   -1.0180799E-03   -1.3680551E-03   1.4934623E-02   6.5735648E+04   6.6151264E+04   2.8379125E+04   0.0000000E+00   0.0000000E+00   0.0000000E+00   0.0000000E+00
   1.1385242E+00   5.8783620E+04   5.8783620E+04   -7.8402604E-04   -1.0554641E-03   1.1633783E-02   5.8414286E+04   5.8783620E+04   2.5218376E+04   0.0000000E+00   0.0000000E+00   0.0000000E+00   0.0000000E+00
   1.2227761E+00   5.2149172E+04   5.2149172E+04   -6.0341177E-04   -8.1175241E-04   9.0203762E-03   5.1821517E+04   5.2149172E+04   2.2372173E+04   0.0000000E+00   0.0000000E+00   0.0000000E+00   0.0000000E+00
   1.3137183E+00   4.6216796E+04   4.6216796E+04   -4.6346776E-04   -6.2325172E-04   6.9836954E-03   4.5926410E+04   4.6216796E+04   1.9827162E+04   0.0000000E+00   0.0000000E+00   0.0000000E+00   0.0000000E+00
   1.4116273E+00   4.0931099E+04   4.0931099E+04   -3.5562401E-04   -4.7805648E-04   5.3700258E-03   4.0673920E+04   4.0931099E+04   1.7559578E+04   0.0000000E+00   0.0000000E+00   0.0000000E+00   0.0000000E+00
   1.5169121E+00   3.6231751E+04   3.6231751E+04   -2.7215022E-04   -3.6646537E-04   4.1585928E-03   3.6004097E+04   3.6231751E+04   1.5543541E+04   0.0000000E+00   0.0000000E+00   0.0000000E+00   0.0000000E+00
   1.6300762E+00   3.2057999E+04   3.2057999E+04   -2.0891499E-04   -2.8079062E-04   3.1966778E-03   3.1856568E+04   3.2057999E+04   1.3752987E+04   0.0000000E+00   0.0000000E+00   0.0000000E+00   0.0000000E+00
   1.7516904E+00   2.8353587E+04   2.8353587E+04   -1.6005385E-04   -2.1505689E-04   2.4706691E-03   2.8175431E+04   2.8353587E+04   1.2163782E+04   0.0000000E+00   0.0000000E+00   0.0000000E+00   0.0000000E+00
   1.8823797E+00   2.5067658E+04   2.5067658E+04   -1.2256078E-04   -1.6464825E-04   1.8973081E-03   2.4910148E+04   2.5067658E+04   1.0754107E+04   0.0000000E+00   0.0000000E+00   0.0000000E+00   0.0000000E+00
   2.0228199E+00   2.2154306E+04   2.2154306E+04   -9.3813965E-05   -1.2600820E-04   1.4554177E-03   2.2015100E+04   2.2154306E+04   9.5042688E+03   0.0000000E+00   0.0000000E+00   0.0000000E+00   0.0000000E+00
   2.1737381E+00   1.9572481E+04   1.9572481E+04   -7.1896218E-05   -9.6401460E-05   1.1142900E-03   1.9449497E+04   1.9572481E+04   8.3966571E+03   0.0000000E+00   0.0000000E+00   0.0000000E+00   0.0000000E+00
   2.3359160E+00   1.7285544E+04   1.7285544E+04   -5.4865223E-05   -7.3725521E-05   8.5868451E-04   1.7176929E+04   1.7285544E+04   7.4155535E+03   0.0000000E+00   0.0000000E+00   0.0000000E+00   0.0000000E+00
   2.5101936E+00   1.5260634E+04   1.5260634E+04   -4.1962294E-05   -5.6364282E-05   6.6211739E-04   1.5164743E+04   1.5260634E+04   6.5468607E+03   0.0000000E+00   0.0000000E+00   0.0000000E+00   0.0000000E+00
   2.6974737E+00   1.3468507E+04   1.3468507E+04   -3.2076299E-05   -4.3077138E-05   5.0715895E-04   1.3383876E+04   1.3468507E+04   5.7780322E+03   0.0000000E+00   0.0000000E+00   0.0000000E+00   0.0000000E+00
   2.8987264E+00   1.1883050E+04   1.1883050E+04   -2.4509622E-05   -3.2911723E-05   3.8597456E-04   1.1808382E+04   1.1883050E+04   5.0978662E+03   0.0000000E+00   0.0000000E+00   0.0000000E+00   0.0000000E+00
   3.1149940E+00   1.0480978E+04   1.0480978E+04   -1.8715905E-05   -2.5137343E-05   2.9623668E-04   1.0415120E+04   1.0480978E+04   4.4963727E+03   0.0000000E+00   0.0000000E+00   0.0000000E+00   0.0000000E+00
   3.3473970E+00   9.2415514E+03   9.2415514E+03   -1.4294509E-05   -1.9193608E-05   2.2752082E-04   9.1834809E+03   9.2415514E+03   3.9646547E+03   0.0000000E+00   0.0000000E+00   0.0000000E+00   0.0000000E+00
   3.5971390E+00   8.1463086E+03   8.1463086E+03   -1.0910672E-05   -1.4650948E-05   1.7377253E-04   8.0951201E+03   8.1463086E+03   3.4947921E+03   0.0000000E+00   0.0000000E+00   0.0000000E+00   0.0000000E+00
   3.8655137E+00   7.1788235E+03   7.1788235E+03   -8.3255269E-06   -1.1180223E-05   1.3415632E-04   7.1337143E+03   7.1788235E+03   3.0797379E+03   0.0000000E+00   0.0000000E+00   0.0000000E+00   0.0000000E+00
   4.1539113E+00   6.3244903E+03   6.3244903E+03   -6.3525166E-06   -8.5293029E-06   1.0090210E-04   6.2847494E+03   6.3244903E+03   2.7132262E+03   0.0000000E+00   0.0000000E+00   0.0000000E+00   0.0000000E+00
   4.4638256E+00   5.5703296E+03   5.5703296E+03   -4.8359646E-06   -6.5051705E-06   7.7712163E-05   5.5353275E+03   5.5703296E+03   2.3896889E+03   0.0000000E+00   0.0000000E+00   0.0000000E+00   0.0000000E+00
   4.7968619E+00   4.9048134E+03   4.9048134E+03   -3.6941906E-06   -4.9600761E-06   5.9704154E-05   4.8739931E+03   4.9048134E+03   2.1041803E+03   0.0000000E+00   0.0000000E+00   0.0000000E+00   0.0000000E+00
   5.1547454E+00   4.3177087E+03   4.3177087E+03   -2.8166210E-06   -3.7809891E-06   4.5318341E-05   4.2905776E+03   4.3177087E+03   1.8523106E+03   0.0000000E+00   0.0000000E+00   0.0000000E+00   0.0000000E+00
   5.5393298E+00   3.7999365E+03   3.7999365E+03   -2.1464994E-06   -2.8814593E-06   3.4523444E-05   3.7760589E+03   3.7999365E+03   1.6301847E+03   0.0000000E+00   0.0000000E+00   0.0000000E+00   0.0000000E+00
   5.9526071E+00   3.3434459E+03   3.3434459E+03   -1.6330320E-06   -2.1953926E-06   2.6370671E-05   3.3224367E+03   3.3434459E+03   1.4343487E+03   0.0000000E+00   0.0000000E+00   0.0000000E+00   0.0000000E+00
   6.3967182E+00   2.9411005E+03   2.9411005E+03   -1.2463708E-06   -1.6722709E-06   2.0067089E-05   2.9226195E+03   2.9411005E+03   1.2617413E+03   0.0000000E+00   0.0000000E+00   0.0000000E+00   0.0000000E+00
   6.8739635E+00   2.5865782E+03   2.5865782E+03   -9.4841058E-07   -1.2734973E-06   1.5130050E-05   2.5703249E+03   2.5865782E+03   1.1096501E+03   0.0000000E+00   0.0000000E+00   0.0000000E+00   0.0000000E+00
   7.3868149E+00   2.2742802E+03   2.2742802E+03   -7.2233133E-07   -9.6959026E-07   1.1505287E-05   2.2599893E+03   2.2742802E+03   9.7567333E+02   0.0000000E+00   0.0000000E+00   0.0000000E+00   0.0000000E+00
   7.9379292E+00   1.9992510E+03   1.9992510E+03   -5.4975547E-07   -7.3803873E-07   8.8986720E-06   1.9866883E+03   1.9992510E+03   8.5768492E+02   0.0000000E+00   0.0000000E+00   0.0000000E+00   0.0000000E+00
   8.5301608E+00   1.7571056E+03   1.7571056E+03   -4.1857687E-07   -5.6165840E-07   6.8262358E-06   1.7460645E+03   1.7571056E+03   7.5380381E+02   0.0000000E+00   0.0000000E+00   0.0000000E+00   0.0000000E+00
   9.1665776E+00   1.5439662E+03   1.5439662E+03   -3.1831406E-07   -4.2733542E-07   5.2257430E-06   1.5342644E+03   1.5439662E+03   6.6236632E+02   0.0000000E+00   0.0000000E+00   0.0000000E+00   0.0000000E+00
   9.8504760E+00   1.3564041E+03   1.3564041E+03   -2.4215017E-07   -3.2506500E-07   3.9554255E-06   1.3478808E+03   1.3564041E+03   5.8190158E+02   0.0000000E+00   0.0000000E+00   0.0000000E+00   0.0000000E+00
   1.0585399E+01   1.1913893E+03   1.1913893E+03   -1.8415469E-07   -2.4721627E-07   3.0502091E-06   1.1839029E+03   1.1913893E+03   5.1110971E+02   0.0000000E+00   0.0000000E+00   0.0000000E+00   0.0000000E+00
