#           k/h    CDM            baryon         photon         nu             mass_nu        total          no_nu          total_de       Weyl           v_CDM          v_b            v_b-v_c     
   1.0052237E-05   1.0571822E+07   1.0571822E+07   1.4092200E+07   -4.3821307E+04   -1.6295302E+06   1.0571887E+07   1.0571822E+07   9.2065351E+06   0.0000000E+00   0.0000000E+00   0.0000000E+00   0.0000000E+00
   1.0802213E-05   1.0571821E+07   1.0571821E+07   1.4091647E+07   -4.3821081E+04   -1.6295102E+06   1.0571885E+07   1.0571821E+07   9.2065338E+06   0.0000000E+00   0.0000000E+00   0.0000000E+00   0.0000000E+00
   1.1608142E-05   1.0571819E+07   1.0571819E+07   1.4091008E+07   -4.3820821E+04   -1.6294871E+06   1.0571884E+07   1.0571819E+07   9.2065322E+06   0.0000000E+00   0.0000000E+00   0.0000000E+00   0.0000000E+00
   1.2474201E-05   1.0571817E+07   1.0571817E+07   1.4090270E+07   -4.3820520E+04   -1.6294604E+06   1.0571881E+07   1.0571817E+07   9.2065304E+06   0.0000000E+00   0.0000000E+00   0.0000000E+00   0.0000000E+00
   1.3404874E-05   1.0571815E+07   1.0571815E+07   1.4089418E+07   -4.3820172E+04   -1.6294295E+06   1.0571879E+07   1.0571815E+07   9.2065283E+06   0.0000000E+00   0.0000000E+00   0.0000000E+00   0.0000000E+00
   1.4404982E-05   1.0571812E+07   1.0571812E+07   1.4088434E+07   -4.3819771E+04   -1.6293939E+06   1.0571876E+07   1.0571812E+07   9.2065259E+06   0.0000000E+00   0.0000000E+00   0.0000000E+00   0.0000000E+00
   1.5479707E-05   1.0571809E+07   1.0571809E+07   1.4087298E+07   -4.3819308E+04   -1.6293528E+06   1.0571873E+07   1.0571809E+07   9.2065230E+06   0.0000000E+00   0.0000000E+00   0.0000000E+00   0.0000000E+00
   1.6634614E-05   1.0571806E+07   1.0571806E+07   1.4085987E+07   -4.3818772E+04   -1.6293053E+06   1.0571869E+07   1.0571806E+07   9.2065198E+06   0.0000000E+00   0.0000000E+00   0.0000000E+00   0.0000000E+00
   1.7875686E-05   1.0571802E+07   1.0571802E+07   1.4084472E+07   -4.3818154E+04   -1.6292505E+06   1.0571865E+07   1.0571802E+07   9.2065161E+06   0.0000000E+00   0.0000000E+00   0.0000000E+00   0.0000000E+00
   1.9209352E-05   1.0571797E+07   1.0571797E+07   1.4082723E+07   -4.3817441E+04   -1.6291871E+06   1.0571860E+07   1.0571797E+07   9.2065118E+06   0.0000000E+00   0.0000000E+00   0.0000000E+00   0.0000000E+00
   2.0642520E-05   1.0571792E+07   1.0571792E+07   1.4080704E+07   -4.3816617E+04   -1.6291140E+06   1.0571854E+07   1.0571792E+07   9.2065068E+06   0.0000000E+00   0.0000000E+00   0.0000000E+00   0.0000000E+00
   2.2182614E-05   1.0571785E+07   1.0571785E+07   1.4078372E+07   -4.3815665E+04   -1.6290296E+06   1.0571847E+07   1.0571785E+07   9.2065010E+06   0.0000000E+00   0.0000000E+00   0.0000000E+00   0.0000000E+00
   2.3837611E-05   1.0571778E+07   1.0571778E+07   1.4075680E+07   -4.3814566E+04   -1.6289321E+06   1.0571839E+07   1.0571778E+07   9.2064944E+06   0.0000000E+00   0.0000000E+00   0.0000000E+00   0.0000000E+00
   2.5616083E-05   1.0571770E+07   1.0571770E+07   1.4072572E+07   -4.3813297E+04   -1.6288195E+06   1.0571830E+07   1.0571770E+07   9.2064867E+06   0.0000000E+00   0.0000000E+00   0.0000000E+00   0.0000000E+00
   2.7527243E-05   1.0571760E+07   1.0571760E+07   1.4068984E+07   -4.3811831E+04   -1.6286896E+06   1.0571820E+07   1.0571760E+07   9.2064778E+06   0.0000000E+00   0.0000000E+00   0.0000000E+00   0.0000000E+00
   2.9580991E-05   1.0571749E+07   1.0571749E+07   1.4064841E+07   -4.3810138E+04   -1.6285395E+06   1.0571808E+07   1.0571749E+07   9.2064676E+06   0.0000000E+00   0.0000000E+00   0.0000000E+00   0.0000000E+00
   3.1787965E-05   1.0571736E+07   1.0571736E+07   1.4060059E+07   -4.3808183E+04   -1.6283662E+06   1.0571794E+07   1.0571736E+07   9.2064558E+06   0.0000000E+00   0.0000000E+00   0.0000000E+00   0.0000000E+00
   3.4159596E-05   1.0571722E+07   1.0571722E+07   1.4054538E+07   -4.3805926E+04   -1.6281661E+06   1.0571778E+07   1.0571722E+07   9.2064421E+06   0.0000000E+00   0.0000000E+00   0.0000000E+00   0.0000000E+00
   3.6708169E-05   1.0571705E+07   1.0571705E+07   1.4048165E+07   -4.3803319E+04   -1.6279350E+06   1.0571760E+07   1.0571705E+07   9.2064264E+06   0.0000000E+00   0.0000000E+00   0.0000000E+00   0.0000000E+00
   3.9446886E-05   1.0571685E+07   1.0571685E+07   1.4040810E+07   -4.3800308E+04   -1.6276683E+06   1.0571739E+07   1.0571685E+07   9.2064082E+06   0.0000000E+00   0.0000000E+00   0.0000000E+00   0.0000000E+00
   4.2389932E-05   1.0571662E+07   1.0571662E+07   1.4032321E+07   -4.3796831E+04   -1.6273603E+06   1.0571714E+07   1.0571662E+07   9.2063872E+06   0.0000000E+00   0.0000000E+00   0.0000000E+00   0.0000000E+00
   4.5552553E-05   1.0571636E+07   1.0571636E+07   1.4022523E+07   -4.3792815E+04   -1.6270048E+06   1.0571686E+07   1.0571636E+07   9.2063629E+06   0.0000000E+00   0.0000000E+00   0.0000000E+00   0.0000000E+00
   4.8951130E-05   1.0571605E+07   1.0571605E+07   1.4011218E+07   -4.3788177E+04   -1.6265943E+06   1.0571653E+07   1.0571605E+07   9.2063349E+06   0.0000000E+00   0.0000000E+00   0.0000000E+00   0.0000000E+00
   5.2603268E-05   1.0571570E+07   1.0571570E+07   1.3998173E+07   -4.3782820E+04   -1.6261205E+06   1.0571615E+07   1.0571570E+07   9.2063026E+06   0.0000000E+00   0.0000000E+00   0.0000000E+00   0.0000000E+00
   5.6527883E-05   1.0571530E+07   1.0571530E+07   1.3983124E+07   -4.3776633E+04   -1.6255735E+06   1.0571571E+07   1.0571530E+07   9.2062652E+06   0.0000000E+00   0.0000000E+00   0.0000000E+00   0.0000000E+00
   6.0745306E-05   1.0571483E+07   1.0571483E+07   1.3965765E+07   -4.3769488E+04   -1.6249422E+06   1.0571521E+07   1.0571483E+07   9.2062221E+06   0.0000000E+00   0.0000000E+00   0.0000000E+00   0.0000000E+00
   6.5277381E-05   1.0571429E+07   1.0571429E+07   1.3945745E+07   -4.3761234E+04   -1.6242134E+06   1.0571463E+07   1.0571429E+07   9.2061723E+06   0.0000000E+00   0.0000000E+00   0.0000000E+00   0.0000000E+00
   7.0147585E-05   1.0571367E+07   1.0571367E+07   1.3922660E+07   -4.3751701E+04   -1.6233724E+06   1.0571396E+07   1.0571367E+07   9.2061149E+06   0.0000000E+00   0.0000000E+00   0.0000000E+00   0.0000000E+00
   7.5381144E-05   1.0571295E+07   1.0571295E+07   1.3896048E+07   -4.3740689E+04   -1.6224018E+06   1.0571318E+07   1.0571295E+07   9.2060485E+06   0.0000000E+00   0.0000000E+00   0.0000000E+00   0.0000000E+00
   8.1005167E-05   1.0571212E+07   1.0571212E+07   1.3865377E+07   -4.3727968E+04   -1.6212818E+06   1.0571229E+07   1.0571212E+07   9.2059719E+06   0.0000000E+00   0.0000000E+00   0.0000000E+00   0.0000000E+00
   8.7048787E-05   1.0571116E+07   1.0571116E+07   1.3830040E+07   -4.3713273E+04   -1.6199897E+06   1.0571125E+07   1.0571116E+07   9.2058834E+06   0.0000000E+00   0.0000000E+00   0.0000000E+00   0.0000000E+00
   9.3543308E-05   1.0571005E+07   1.0571005E+07   1.3789341E+07   -4.3696295E+04   -1.6184990E+06   1.0571006E+07   1.0571005E+07   9.2057813E+06   0.0000000E+00   0.0000000E+00   0.0000000E+00   0.0000000E+00
   1.0052237E-04   1.0570877E+07   1.0570877E+07   1.3742486E+07   -4.3676680E+04   -1.6167797E+06   1.0570868E+07   1.0570877E+07   9.2056635E+06   0.0000000E+00   0.0000000E+00   0.0000000E+00   0.0000000E+00
   1.0802213E-04   1.0570730E+07   1.0570730E+07   1.3688569E+07   -4.3654017E+04   -1.6147969E+06   1.0570709E+07   1.0570730E+07   9.2055274E+06   0.0000000E+00   0.0000000E+00   0.0000000E+00   0.0000000E+00
   1.1608142E-04   1.0570560E+07   1.0570560E+07   1.3626559E+07   -4.3627828E+04   -1.6125108E+06   1.0570526E+07   1.0570560E+07   9.2053704E+06   0.0000000E+00   0.0000000E+00   0.0000000E+00   0.0000000E+00
   1.2474201E-04   1.0570363E+07   1.0570363E+07   1.3555287E+07   -4.3597563E+04   -1.6098756E+06   1.0570314E+07   1.0570363E+07   9.2051891E+06   0.0000000E+00   0.0000000E+00   0.0000000E+00   0.0000000E+00
   1.3404874E-04   1.0570137E+07   1.0570137E+07   1.3473429E+07   -4.3562583E+04   -1.6068390E+06   1.0570070E+07   1.0570137E+07   9.2049800E+06   0.0000000E+00   0.0000000E+00   0.0000000E+00   0.0000000E+00
   1.4404982E-04   1.0569875E+07   1.0569875E+07   1.3379493E+07   -4.3522150E+04   -1.6033408E+06   1.0569788E+07   1.0569875E+07   9.2047386E+06   0.0000000E+00   0.0000000E+00   0.0000000E+00   0.0000000E+00
   1.5479707E-04   1.0569574E+07   1.0569574E+07   1.3271802E+07   -4.3475408E+04   -1.5993124E+06   1.0569463E+07   1.0569574E+07   9.2044601E+06   0.0000000E+00   0.0000000E+00   0.0000000E+00   0.0000000E+00
   1.6634614E-04   1.0569226E+07   1.0569226E+07   1.3148481E+07   -4.3421363E+04   -1.5946755E+06   1.0569088E+07   1.0569226E+07   9.2041389E+06   0.0000000E+00   0.0000000E+00   0.0000000E+00   0.0000000E+00
   1.7875686E-04   1.0568824E+07   1.0568824E+07   1.3007447E+07   -4.3358866E+04   -1.5893408E+06   1.0568655E+07   1.0568824E+07   9.2037683E+06   0.0000000E+00   0.0000000E+00   0.0000000E+00   0.0000000E+00
   1.9209352E-04   1.0568362E+07   1.0568362E+07   1.2846398E+07   -4.3286580E+04   -1.5832069E+06   1.0568157E+07   1.0568362E+07   9.2033410E+06   0.0000000E+00   0.0000000E+00   0.0000000E+00   0.0000000E+00
   2.0642520E-04   1.0567829E+07   1.0567829E+07   1.2662819E+07   -4.3202958E+04   -1.5761588E+06   1.0567582E+07   1.0567829E+07   9.2028482E+06   0.0000000E+00   0.0000000E+00   0.0000000E+00   0.0000000E+00
   2.2182614E-04   1.0567214E+07   1.0567214E+07   1.2453980E+07   -4.3106202E+04   -1.5680666E+06   1.0566920E+07   1.0567214E+07   9.2022802E+06   0.0000000E+00   0.0000000E+00   0.0000000E+00   0.0000000E+00
   2.3837611E-04   1.0566506E+07   1.0566506E+07   1.2216966E+07   -4.2994226E+04   -1.5587838E+06   1.0566157E+07   1.0566506E+07   9.2016255E+06   0.0000000E+00   0.0000000E+00   0.0000000E+00   0.0000000E+00
   2.5616083E-04   1.0565691E+07   1.0565691E+07   1.1948708E+07   -4.2864608E+04   -1.5481465E+06   1.0565279E+07   1.0565691E+07   9.2008712E+06   0.0000000E+00   0.0000000E+00   0.0000000E+00   0.0000000E+00
   2.7527243E-04   1.0564752E+07   1.0564752E+07   1.1646049E+07   -4.2714538E+04   -1.5359716E+06   1.0564268E+07   1.0564752E+07   9.2000025E+06   0.0000000E+00   0.0000000E+00   0.0000000E+00   0.0000000E+00
   2.9580991E-04   1.0563672E+07   1.0563672E+07   1.1305833E+07   -4.2540757E+04   -1.5220563E+06   1.0563104E+07   1.0563672E+07   9.1990022E+06   0.0000000E+00   0.0000000E+00   0.0000000E+00   0.0000000E+00
   3.1787965E-04   1.0562430E+07   1.0562430E+07   1.0925030E+07   -4.2339486E+04   -1.5061775E+06   1.0561767E+07   1.0562430E+07   9.1978511E+06   0.0000000E+00   0.0000000E+00   0.0000000E+00   0.0000000E+00
   3.4159596E-04   1.0561002E+07   1.0561002E+07   1.0500916E+07   -4.2106353E+04   -1.4880920E+06   1.0560229E+07   1.0561002E+07   9.1965270E+06   0.0000000E+00   0.0000000E+00   0.0000000E+00   0.0000000E+00
   3.6708169E-04   1.0559362E+07   1.0559362E+07   1.0031297E+07   -4.1836312E+04   -1.4675376E+06   1.0558463E+07   1.0559362E+07   9.1950047E+06   0.0000000E+00   0.0000000E+00   0.0000000E+00   0.0000000E+00
   3.9446886E-04   1.0557479E+07   1.0557479E+07   9.5147960E+06   -4.1523550E+04   -1.4442362E+06   1.0556437E+07   1.0557479E+07   9.1932556E+06   0.0000000E+00   0.0000000E+00   0.0000000E+00   0.0000000E+00
   4.2389932E-04   1.0555319E+07   1.0555319E+07   8.9512087E+06   -4.1161413E+04   -1.4178974E+06   1.0554113E+07   1.0555319E+07   9.1912474E+06   0.0000000E+00   0.0000000E+00   0.0000000E+00   0.0000000E+00
   4.5552553E-04   1.0552843E+07   1.0552843E+07   8.3419111E+06   -4.0742319E+04   -1.3882257E+06   1.0551451E+07   1.0552843E+07   9.1889432E+06   0.0000000E+00   0.0000000E+00   0.0000000E+00   0.0000000E+00
   4.8951130E-04   1.0550008E+07   1.0550008E+07   7.6903176E+06   -4.0257710E+04   -1.3549302E+06   1.0548404E+07   1.0550008E+07   9.1863017E+06   0.0000000E+00   0.0000000E+00   0.0000000E+00   0.0000000E+00
   5.2603268E-04   1.0546765E+07   1.0546765E+07   7.0023503E+06   -3.9698033E+04   -1.3177380E+06   1.0544920E+07   1.0546765E+07   9.1832762E+06   0.0000000E+00   0.0000000E+00   0.0000000E+00   0.0000000E+00
   5.6527883E-04   1.0543060E+07   1.0543060E+07   6.2868685E+06   -3.9052792E+04   -1.2764112E+06   1.0540941E+07   1.0543060E+07   9.1798143E+06   0.0000000E+00   0.0000000E+00   0.0000000E+00   0.0000000E+00
   6.0745306E-04   1.0538830E+07   1.0538830E+07   5.5559737E+06   -3.8310695E+04   -1.2307699E+06   1.0536403E+07   1.0538830E+07   9.1758573E+06   0.0000000E+00   0.0000000E+00   0.0000000E+00   0.0000000E+00
   6.5277381E-04   1.0534007E+07   1.0534007E+07   4.8250734E+06   -3.7459953E+04   -1.1807182E+06   1.0531233E+07   1.0534007E+07   9.1713393E+06   0.0000000E+00   0.0000000E+00   0.0000000E+00   0.0000000E+00
   7.0147585E-04   1.0528515E+07   1.0528515E+07   4.1125565E+06   -3.6488771E+04   -1.1262756E+06   1.0525353E+07   1.0528515E+07   9.1661869E+06   0.0000000E+00   0.0000000E+00   0.0000000E+00   0.0000000E+00
   7.5381144E-04   1.0522267E+07   1.0522267E+07   3.4389162E+06   -3.5386107E+04   -1.0676099E+06   1.0518672E+07   1.0522267E+07   9.1603184E+06   0.0000000E+00   0.0000000E+00   0.0000000E+00   0.0000000E+00
   8.1005167E-04   1.0515169E+07   1.0515169E+07   2.8251770E+06   -3.4142724E+04   -1.0050689E+06   1.0511092E+07   1.0515169E+07   9.1536427E+06   0.0000000E+00   0.0000000E+00   0.0000000E+00   0.0000000E+00
   8.7048787E-04   1.0507111E+07   1.0507111E+07   2.2905611E+06   -3.2752583E+04   -9.3920638E+05   1.0502503E+07   1.0507111E+07   9.1460588E+06   0.0000000E+00   0.0000000E+00   0.0000000E+00   0.0000000E+00
   9.3543308E-04   1.0497974E+07   1.0497974E+07   1.8495017E+06   -3.1214523E+04   -8.7079418E+05   1.0492784E+07   1.0497974E+07   9.1374549E+06   0.0000000E+00   0.0000000E+00   0.0000000E+00   0.0000000E+00
   1.0052237E-03   1.0487622E+07   1.0487622E+07   1.5083935E+06   -2.9534105E+04   -8.0081159E+05   1.0481799E+07   1.0487622E+07   9.1277076E+06   0.0000000E+00   0.0000000E+00   0.0000000E+00   0.0000000E+00
   1.0802213E-03   1.0475903E+07   1.0475903E+07   1.2628374E+06   -2.7725339E+04   -7.3040373E+05   1.0469397E+07   1.0475903E+07   9.1166816E+06   0.0000000E+00   0.0000000E+00   0.0000000E+00   0.0000000E+00
   1.1608142E-03   1.0462649E+07   1.0462649E+07   1.0965034E+06   -2.5811863E+04   -6.6080301E+05   1.0455413E+07   1.0462649E+07   9.1042295E+06   0.0000000E+00   0.0000000E+00   0.0000000E+00   0.0000000E+00
   1.2474201E-03   1.0447674E+07   1.0447674E+07   9.8287476E+05   -2.3826988E+04   -5.9321645E+05   1.0439664E+07   1.0447674E+07   9.0901929E+06   0.0000000E+00   0.0000000E+00   0.0000000E+00   0.0000000E+00
   1.3404874E-03   1.0430773E+07   1.0430773E+07   8.9074749E+05   -2.1812000E+04   -5.2869558E+05   1.0421955E+07   1.0430773E+07   9.0744039E+06   0.0000000E+00   0.0000000E+00   0.0000000E+00   0.0000000E+00
   1.4404982E-03   1.0411733E+07   1.0411733E+07   7.9310409E+05   -1.9812372E+04   -4.6802166E+05   1.0402077E+07   1.0411733E+07   9.0566884E+06   0.0000000E+00   0.0000000E+00   0.0000000E+00   0.0000000E+00
   1.5479707E-03   1.0390328E+07   1.0390328E+07   6.7685913E+05   -1.7872088E+04   -4.1165055E+05   1.0379816E+07   1.0390328E+07   9.0368692E+06   0.0000000E+00   0.0000000E+00   0.0000000E+00   0.0000000E+00
   1.6634614E-03   1.0366332E+07   1.0366332E+07   5.4870800E+05   -1.6027274E+04   -3.5975305E+05   1.0354955E+07   1.0366332E+07   9.0147703E+06   0.0000000E+00   0.0000000E+00   0.0000000E+00   0.0000000E+00
   1.7875686E-03   1.0339520E+07   1.0339520E+07   4.3172175E+05   -1.4301263E+04   -3.1234650E+05   1.0327278E+07   1.0339520E+07   8.9902182E+06   0.0000000E+00   0.0000000E+00   0.0000000E+00   0.0000000E+00
   1.9209352E-03   1.0309673E+07   1.0309673E+07   3.5078492E+05   -1.2703517E+04   -2.6944538E+05   1.0296575E+07   1.0309673E+07   8.9630411E+06   0.0000000E+00   0.0000000E+00   0.0000000E+00   0.0000000E+00
   2.0642520E-03   1.0276574E+07   1.0276574E+07   3.1318751E+05   -1.1233570E+04   -2.3110742E+05   1.0262632E+07   1.0276574E+07   8.9330647E+06   0.0000000E+00   0.0000000E+00   0.0000000E+00   0.0000000E+00
   2.2182614E-03   1.0240004E+07   1.0240004E+07   2.9925826E+05   -9.8881524E+03   -1.9729667E+05   1.0225231E+07   1.0240004E+07   8.9001060E+06   0.0000000E+00   0.0000000E+00   0.0000000E+00   0.0000000E+00
   2.3837611E-03   1.0199734E+07   1.0199734E+07   2.7640188E+05   -8.6666608E+03   -1.6766765E+05   1.0184144E+07   1.0199734E+07   8.8639688E+06   0.0000000E+00   0.0000000E+00   0.0000000E+00   0.0000000E+00
   2.5616083E-03   1.0155530E+07   1.0155530E+07   2.3010193E+05   -7.5703288E+03   -1.4156628E+05   1.0139129E+07   1.0155530E+07   8.8244456E+06   0.0000000E+00   0.0000000E+00   0.0000000E+00   0.0000000E+00
   2.7527243E-03   1.0107151E+07   1.0107151E+07   1.7953994E+05   -6.5961599E+03   -1.1842103E+05   1.0089942E+07   1.0107151E+07   8.7813232E+06   0.0000000E+00   0.0000000E+00   0.0000000E+00   0.0000000E+00
   2.9580991E-03   1.0054353E+07   1.0054353E+07   1.5116131E+05   -5.7335631E+03   -9.8140980E+04   1.0036336E+07   1.0054353E+07   8.7343872E+06   0.0000000E+00   0.0000000E+00   0.0000000E+00   0.0000000E+00
   3.1787965E-03   9.9968886E+06   9.9968886E+06   1.3916285E+05   -4.9696860E+03   -8.0834804E+04   9.9780619E+06   9.9968886E+06   8.6834200E+06   0.0000000E+00   0.0000000E+00   0.0000000E+00   0.0000000E+00
   3.4159596E-03   9.9344984E+06   9.9344984E+06   1.1805685E+05   -4.2965892E+03   -6.6097128E+04   9.9148635E+06   9.9344984E+06   8.6281966E+06   0.0000000E+00   0.0000000E+00   0.0000000E+00   0.0000000E+00
   3.6708169E-03   9.8669131E+06   9.8669131E+06   9.3226371E+04   -3.7084488E+03   -5.3241029E+04   9.8464759E+06   9.8669131E+06   8.5684846E+06   0.0000000E+00   0.0000000E+00   0.0000000E+00   0.0000000E+00
   3.9446886E-03   9.7938585E+06   9.7938585E+06   8.5928767E+04   -3.1948706E+03   -4.2288948E+04   9.7726310E+06   9.7938585E+06   8.5040487E+06   0.0000000E+00   0.0000000E+00   0.0000000E+00   0.0000000E+00
   4.2389932E-03   9.7150531E+06   9.7150531E+06   7.8299762E+04   -2.7458241E+03   -3.3353216E+04   9.6930553E+06   9.7150531E+06   8.4346487E+06   0.0000000E+00   0.0000000E+00   0.0000000E+00   0.0000000E+00
   4.5552553E-03   9.6302069E+06   9.6302069E+06   5.9245415E+04   -2.3566569E+03   -2.5637903E+04   9.6074707E+06   9.6302069E+06   8.3600404E+06   0.0000000E+00   0.0000000E+00   0.0000000E+00   0.0000000E+00
   4.8951130E-03   9.5390315E+06   9.5390315E+06   5.3266043E+04   -2.0200605E+03   -1.9048634E+04   9.5156023E+06   9.5390315E+06   8.2799829E+06   0.0000000E+00   0.0000000E+00   0.0000000E+00   0.0000000E+00
   5.2603268E-03   9.4412405E+06   9.4412405E+06   4.6154396E+04   -1.7279940E+03   -1.3817194E+04   9.4171707E+06   9.4412405E+06   8.1942309E+06   0.0000000E+00   0.0000000E+00   0.0000000E+00   0.0000000E+00
   5.6527883E-03   9.3365484E+06   9.3365484E+06   3.8250429E+04   -1.4762624E+03   -9.3003976E+03   9.3118843E+06   9.3365484E+06   8.1025289E+06   0.0000000E+00   0.0000000E+00   0.0000000E+00   0.0000000E+00
   6.0745306E-03   9.2246622E+06   9.2246622E+06   3.4511557E+04   -1.2587202E+03   -5.8635137E+03   9.1994410E+06   9.2246622E+06   8.0046125E+06   0.0000000E+00   0.0000000E+00   0.0000000E+00   0.0000000E+00
   6.5277381E-03   9.1052721E+06   9.1052721E+06   2.6887122E+04   -1.0722323E+03   -2.9108019E+03   9.0795419E+06   9.1052721E+06   7.9002200E+06   0.0000000E+00   0.0000000E+00   0.0000000E+00   0.0000000E+00
   7.0147585E-03   8.9780634E+06   8.9780634E+06   2.4954373E+04   -9.1190904E+02   -7.3709142E+02   8.9518970E+06   8.9780634E+06   7.7890980E+06   0.0000000E+00   0.0000000E+00   0.0000000E+00   0.0000000E+00
   7.5381144E-03   8.8427259E+06   8.8427259E+06   2.0558857E+04   -7.7450716E+02   1.1072805E+03   8.8162002E+06   8.8427259E+06   7.6709789E+06   0.0000000E+00   0.0000000E+00   0.0000000E+00   0.0000000E+00
   8.1005167E-03   8.6989528E+06   8.6989528E+06   1.6690463E+04   -6.5661378E+02   2.3812309E+03   8.6721315E+06   8.6989528E+06   7.5455829E+06   0.0000000E+00   0.0000000E+00   0.0000000E+00   0.0000000E+00
   8.7048787E-03   8.5464247E+06   8.5464247E+06   1.5657199E+04   -5.5598989E+02   3.3575368E+03   8.5193781E+06   8.5464247E+06   7.4126373E+06   0.0000000E+00   0.0000000E+00   0.0000000E+00   0.0000000E+00
   9.3543308E-03   8.3848089E+06   8.3848089E+06   1.2534605E+04   -4.7006908E+02   4.0794427E+03   8.3576201E+06   8.3848089E+06   7.2718626E+06   0.0000000E+00   0.0000000E+00   0.0000000E+00   0.0000000E+00
   1.0052237E-02   8.2137759E+06   8.2137759E+06   1.0195452E+04   -3.9672059E+02   4.4999015E+03   8.1865263E+06   8.2137759E+06   7.1229702E+06   0.0000000E+00   0.0000000E+00   0.0000000E+00   0.0000000E+00
   1.0802213E-02   8.0330014E+06   8.0330014E+06   8.6710914E+03   -3.3423618E+02   4.6998808E+03   8.0057722E+06   8.0330014E+06   6.9656768E+06   0.0000000E+00   0.0000000E+00   0.0000000E+00   0.0000000E+00
   1.1608142E-02   7.8421572E+06   7.8421572E+06   7.5980131E+03   -2.8112826E+02   4.7810063E+03   7.8150368E+06   7.8421572E+06   6.7997029E+06   0.0000000E+00   0.0000000E+00   0.0000000E+00   0.0000000E+00
   1.2474201E-02   7.6409320E+06   7.6409320E+06   6.4187037E+03   -2.3597632E+02   4.7400055E+03   7.6140102E+06   7.6409320E+06   6.6247780E+06   0.0000000E+00   0.0000000E+00   0.0000000E+00   0.0000000E+00
   1.3404874E-02   7.4290437E+06   7.4290437E+06   5.4092735E+03   -1.9768614E+02   4.5994886E+03   7.4024057E+06   7.4290437E+06   6.4406524E+06   0.0000000E+00   0.0000000E+00   0.0000000E+00   0.0000000E+00
   1.4404982E-02   7.2062464E+06   7.2062464E+06   4.3969237E+03   -1.6522896E+02   4.4000898E+03   7.1799867E+06   7.2062464E+06   6.2471199E+06   0.0000000E+00   0.0000000E+00   0.0000000E+00   0.0000000E+00
   1.5479707E-02   6.9723716E+06   6.9723716E+06   3.6224971E+03   -1.3777448E+02   4.1507757E+03   6.9465783E+06   6.9723716E+06   6.0440279E+06   0.0000000E+00   0.0000000E+00   0.0000000E+00   0.0000000E+00
   1.6634614E-02   6.7273483E+06   6.7273483E+06   3.1879261E+03   -1.1457194E+02   3.8650256E+03   6.7021128E+06   6.7273483E+06   5.8313173E+06   0.0000000E+00   0.0000000E+00   0.0000000E+00   0.0000000E+00
   1.7875686E-02   6.4712564E+06   6.4712564E+06   2.6912017E+03   -9.4997801E+01   3.5298374E+03   6.4466664E+06   6.4712564E+06   5.6090541E+06   0.0000000E+00   0.0000000E+00   0.0000000E+00   0.0000000E+00
   1.9209352E-02   6.2043762E+06   6.2043762E+06   2.1093505E+03   -7.8523033E+01   3.2192038E+03   6.1805189E+06   6.2043762E+06   5.3774816E+06   0.0000000E+00   0.0000000E+00   0.0000000E+00   0.0000000E+00
   2.0642519E-02   5.9272605E+06   5.9272605E+06   1.8388977E+03   -6.4684430E+01   2.8837549E+03   5.9042182E+06   5.9272605E+06   5.1370763E+06   0.0000000E+00   0.0000000E+00   0.0000000E+00   0.0000000E+00
   2.2182605E-02   5.6408103E+06   5.6408103E+06   1.5051091E+03   -5.3092180E+01   2.5801006E+03   5.6186598E+06   5.6408103E+06   4.8886171E+06   0.0000000E+00   0.0000000E+00   0.0000000E+00   0.0000000E+00
   2.3837562E-02   5.3463662E+06   5.3463662E+06   1.1872249E+03   -4.3405345E+01   2.2759310E+03   5.3251773E+06   5.3463662E+06   4.6332643E+06   0.0000000E+00   0.0000000E+00   0.0000000E+00   0.0000000E+00
   2.5615846E-02   5.0458065E+06   5.0458065E+06   9.6588215E+02   -3.5342736E+01   1.9895662E+03   5.0256394E+06   5.0458065E+06   4.3726436E+06   0.0000000E+00   0.0000000E+00   0.0000000E+00   0.0000000E+00
   2.7526242E-02   4.7416566E+06   4.7416566E+06   8.0617910E+02   -2.8661209E+01   1.7258249E+03   4.7225583E+06   4.7416566E+06   4.1089407E+06   0.0000000E+00   0.0000000E+00   0.0000000E+00   0.0000000E+00
   2.9577283E-02   4.4372151E+06   4.4372151E+06   6.7619296E+02   -2.3152814E+01   1.4794631E+03   4.4192170E+06   4.4372151E+06   3.8450119E+06   0.0000000E+00   0.0000000E+00   0.0000000E+00   0.0000000E+00
   3.1775820E-02   4.1366935E+06   4.1366935E+06   5.1014981E+02   -1.8643153E+01   1.2633869E+03   4.1198069E+06   4.1366935E+06   3.5845039E+06   0.0000000E+00   0.0000000E+00   0.0000000E+00   0.0000000E+00
   3.4124183E-02   3.8453177E+06   3.8453177E+06   4.3700135E+02   -1.4983529E+01   1.0709096E+03   3.8295296E+06   3.8453177E+06   3.3319424E+06   0.0000000E+00   0.0000000E+00   0.0000000E+00   0.0000000E+00
   3.6615795E-02   3.5692291E+06   3.5692291E+06   3.5092316E+02   -1.2048208E+01   9.0904121E+02   3.5544984E+06   3.5692291E+06   3.0926464E+06   0.0000000E+00   0.0000000E+00   0.0000000E+00   0.0000000E+00
   3.9230701E-02   3.3148988E+06   3.3148988E+06   2.7933655E+02   -9.7254472E+00   7.6948338E+02   3.3011546E+06   3.3148988E+06   2.8722200E+06   0.0000000E+00   0.0000000E+00   0.0000000E+00   0.0000000E+00
   4.1934728E-02   3.0878785E+06   3.0878785E+06   2.2810802E+02   -7.9131175E+00   6.5329598E+02   3.0750238E+06   3.0878785E+06   2.6754709E+06   0.0000000E+00   0.0000000E+00   0.0000000E+00   0.0000000E+00
   4.4685864E-02   2.8912715E+06   2.8912715E+06   1.9015400E+02   -6.5143986E+00   5.5839542E+02   2.8791929E+06   2.8912715E+06   2.5050849E+06   0.0000000E+00   0.0000000E+00   0.0000000E+00   0.0000000E+00
   4.7445853E-02   2.7248843E+06   2.7248843E+06   1.6007435E+02   -5.4388973E+00   4.8170246E+02   2.7134662E+06   2.7248843E+06   2.3608915E+06   0.0000000E+00   0.0000000E+00   0.0000000E+00   0.0000000E+00
   5.0189393E-02   2.5856565E+06   2.5856565E+06   1.3554927E+02   -4.6074406E+00   4.2022739E+02   2.5747936E+06   2.5856565E+06   2.2402371E+06   0.0000000E+00   0.0000000E+00   0.0000000E+00   0.0000000E+00
   5.2905968E-02   2.4689065E+06   2.4689065E+06   1.1587816E+02   -3.9559863E+00   3.7069980E+02   2.4585106E+06   2.4689065E+06   2.1390632E+06   0.0000000E+00   0.0000000E+00   0.0000000E+00   0.0000000E+00
   5.5596248E-02   2.3695260E+06   2.3695260E+06   1.0027349E+02   -3.4359417E+00   3.3003535E+02   2.3595290E+06   2.3695260E+06   2.0529426E+06   0.0000000E+00   0.0000000E+00   0.0000000E+00   0.0000000E+00
   5.8267320E-02   2.2827087E+06   2.2827087E+06   8.7572373E+01   -3.0118816E+00   2.9591476E+02   2.2730613E+06   2.2827087E+06   1.9777100E+06   0.0000000E+00   0.0000000E+00   0.0000000E+00   0.0000000E+00
   6.0929089E-02   2.2042639E+06   2.2042639E+06   7.6918495E+01   -2.6585386E+00   2.6667341E+02   2.1949338E+06   2.2042639E+06   1.9097339E+06   0.0000000E+00   0.0000000E+00   0.0000000E+00   0.0000000E+00
   6.3592183E-02   2.1307023E+06   2.1307023E+06   6.7906901E+01   -2.3579769E+00   2.4104308E+02   2.1216712E+06   2.1307023E+06   1.8459907E+06   0.0000000E+00   0.0000000E+00   0.0000000E+00   0.0000000E+00
   6.6266932E-02   2.0592320E+06   2.0592320E+06   6.0238165E+01   -2.0976138E+00   2.1820686E+02   2.0504930E+06   2.0592320E+06   1.7840610E+06   0.0000000E+00   0.0000000E+00   0.0000000E+00   0.0000000E+00
   6.8962963E-02   1.9877326E+06   1.9877326E+06   5.3699608E+01   -1.8686456E+00   1.9761894E+02   1.9792876E+06   1.9877326E+06   1.7221076E+06   0.0000000E+00   0.0000000E+00   0.0000000E+00   0.0000000E+00
   7.1689105E-02   1.9147320E+06   1.9147320E+06   4.8175082E+01   -1.6648390E+00   1.7881753E+02   1.9065888E+06   1.9147320E+06   1.6588549E+06   0.0000000E+00   0.0000000E+00   0.0000000E+00   0.0000000E+00
   7.4453436E-02   1.8393871E+06   1.8393871E+06   4.3504234E+01   -1.4818922E+00   1.6139833E+02   1.8315570E+06   1.8393871E+06   1.5935723E+06   0.0000000E+00   0.0000000E+00   0.0000000E+00   0.0000000E+00
   7.7263381E-02   1.7614624E+06   1.7614624E+06   3.9181326E+01   -1.3169285E+00   1.4503955E+02   1.7539575E+06   1.7614624E+06   1.5260557E+06   0.0000000E+00   0.0000000E+00   0.0000000E+00   0.0000000E+00
   8.0125822E-02   1.6812967E+06   1.6812967E+06   3.4234905E+01   -1.1680033E+00   1.2982643E+02   1.6741276E+06   1.6812967E+06   1.4565986E+06   0.0000000E+00   0.0000000E+00   0.0000000E+00   0.0000000E+00
   8.3047201E-02   1.5997481E+06   1.5997481E+06   2.8934215E+01   -1.0338016E+00   1.1652766E+02   1.5929216E+06   1.5997481E+06   1.3859441E+06   0.0000000E+00   0.0000000E+00   0.0000000E+00   0.0000000E+00
   8.6033614E-02   1.5181096E+06   1.5181096E+06   2.6161252E+01   -9.1346111E-01   1.0484248E+02   1.5116271E+06   1.5181096E+06   1.3152126E+06   0.0000000E+00   0.0000000E+00   0.0000000E+00   0.0000000E+00
   8.9090889E-02   1.4379907E+06   1.4379907E+06   2.3678524E+01   -8.0630659E-01   9.3121627E+01   1.4318464E+06   1.4379907E+06   1.2457982E+06   0.0000000E+00   0.0000000E+00   0.0000000E+00   0.0000000E+00
   9.2224649E-02   1.3611631E+06   1.3611631E+06   2.0059222E+01   -7.1175748E-01   8.3339305E+01   1.3553435E+06   1.3611631E+06   1.1792358E+06   0.0000000E+00   0.0000000E+00   0.0000000E+00   0.0000000E+00
   9.5440369E-02   1.2893761E+06   1.2893761E+06   1.8588310E+01   -6.2917811E-01   7.4317214E+01   1.2838603E+06   1.2893761E+06   1.1170408E+06   0.0000000E+00   0.0000000E+00   0.0000000E+00   0.0000000E+00
   9.8743420E-02   1.2241532E+06   1.2241532E+06   1.5989212E+01   -5.5778604E-01   6.6929703E+01   1.2189137E+06   1.2241532E+06   1.0605331E+06   0.0000000E+00   0.0000000E+00   0.0000000E+00   0.0000000E+00
   1.0213910E-01   1.1665880E+06   1.1665880E+06   1.3901219E+01   -4.9663224E-01   5.9931006E+01   1.1615923E+06   1.1665880E+06   1.0106598E+06   0.0000000E+00   0.0000000E+00   0.0000000E+00   0.0000000E+00
   1.0563268E-01   1.1171626E+06   1.1171626E+06   1.2544778E+01   -4.4457473E-01   5.3998264E+01   1.1123764E+06   1.1171626E+06   9.6783875E+05   0.0000000E+00   0.0000000E+00   0.0000000E+00   0.0000000E+00
   1.0922940E-01   1.0756212E+06   1.0756212E+06   1.1292303E+01   -4.0030824E-01   4.9058775E+01   1.0710109E+06   1.0756212E+06   9.3184811E+05   0.0000000E+00   0.0000000E+00   0.0000000E+00   0.0000000E+00
   1.1293450E-01   1.0409244E+06   1.0409244E+06   1.0153854E+01   -3.6243359E-01   4.4942469E+01   1.0364610E+06   1.0409244E+06   9.0178750E+05   0.0000000E+00   0.0000000E+00   0.0000000E+00   0.0000000E+00
   1.1675325E-01   1.0113137E+06   1.0113137E+06   9.5250810E+00   -3.2952890E-01   4.1359527E+01   1.0069756E+06   1.0113137E+06   8.7613328E+05   0.0000000E+00   0.0000000E+00   0.0000000E+00   0.0000000E+00
   1.2069096E-01   9.8449663E+05   9.8449663E+05   8.7778105E+00   -3.0025741E-01   3.7701466E+01   9.8027199E+05   9.8449663E+05   8.5289942E+05   0.0000000E+00   0.0000000E+00   0.0000000E+00   0.0000000E+00
   1.2475296E-01   9.5794988E+05   9.5794988E+05   7.8119268E+00   -2.7348474E-01   3.4815345E+01   9.5383774E+05   9.5794988E+05   8.2989992E+05   0.0000000E+00   0.0000000E+00   0.0000000E+00   0.0000000E+00
   1.2894464E-01   9.2930995E+05   9.2930995E+05   7.1441925E+00   -2.4834781E-01   3.1662297E+01   9.2531945E+05   9.2930995E+05   8.0508717E+05   0.0000000E+00   0.0000000E+00   0.0000000E+00   0.0000000E+00
   1.3327144E-01   8.9679454E+05   8.9679454E+05   6.6138308E+00   -2.2432564E-01   2.8888129E+01   8.9294248E+05   8.9679454E+05   7.7691713E+05   0.0000000E+00   0.0000000E+00   0.0000000E+00   0.0000000E+00
   1.3773885E-01   8.5957498E+05   8.5957498E+05   5.9426804E+00   -2.0123933E-01   2.6150342E+01   8.5588172E+05   8.5957498E+05   7.4467189E+05   0.0000000E+00   0.0000000E+00   0.0000000E+00   0.0000000E+00
   1.4235246E-01   8.1800757E+05   8.1800757E+05   5.2697469E+00   -1.7921950E-01   2.3381094E+01   8.1449195E+05   8.1800757E+05   7.0866013E+05   0.0000000E+00   0.0000000E+00   0.0000000E+00   0.0000000E+00
   1.4711789E-01   7.7363999E+05   7.7363999E+05   4.4899202E+00   -1.5861157E-01   2.0848841E+01   7.7031420E+05   7.7363999E+05   6.7022265E+05   0.0000000E+00   0.0000000E+00   0.0000000E+00   0.0000000E+00
   1.5204087E-01   7.2894342E+05   7.2894342E+05   4.1072352E+00   -1.3984738E-01   1.8605991E+01   7.2580902E+05   7.2894342E+05   6.3150029E+05   0.0000000E+00   0.0000000E+00   0.0000000E+00   0.0000000E+00
   1.5712719E-01   6.8678175E+05   6.8678175E+05   3.4963708E+00   -1.2330556E-01   1.6502905E+01   6.8382796E+05   6.8678175E+05   5.9497409E+05   0.0000000E+00   0.0000000E+00   0.0000000E+00   0.0000000E+00
   1.6238273E-01   6.4970794E+05   6.4970794E+05   3.1148150E+00   -1.0918412E-01   1.4658044E+01   6.4691300E+05   6.4970794E+05   5.6285570E+05   0.0000000E+00   0.0000000E+00   0.0000000E+00   0.0000000E+00
   1.6781349E-01   6.1925444E+05   6.1925444E+05   2.7860088E+00   -9.7430653E-02   1.3147279E+01   6.1658997E+05   6.1925444E+05   5.3647272E+05   0.0000000E+00   0.0000000E+00   0.0000000E+00   0.0000000E+00
   1.7342556E-01   5.9543078E+05   5.9543078E+05   2.4848220E+00   -8.7729172E-02   1.1956492E+01   5.9286832E+05   5.9543078E+05   5.1583337E+05   0.0000000E+00   0.0000000E+00   0.0000000E+00   0.0000000E+00
   1.7922516E-01   5.7662764E+05   5.7662764E+05   2.3407378E+00   -7.9572783E-02   1.0891573E+01   5.7414565E+05   5.7662764E+05   4.9954344E+05   0.0000000E+00   0.0000000E+00   0.0000000E+00   0.0000000E+00
   1.8521865E-01   5.6003426E+05   5.6003426E+05   2.0745150E+00   -7.2384946E-02   9.9943130E+00   5.5762329E+05   5.6003426E+05   4.8516793E+05   0.0000000E+00   0.0000000E+00   0.0000000E+00   0.0000000E+00
   1.9141256E-01   5.4251251E+05   5.4251251E+05   1.8701729E+00   -6.5668026E-02   9.0995794E+00   5.4017659E+05   5.4251251E+05   4.6998818E+05   0.0000000E+00   0.0000000E+00   0.0000000E+00   0.0000000E+00
   1.9781360E-01   5.2167906E+05   5.2167906E+05   1.7027922E+00   -5.9124443E-02   8.2437105E+00   5.1943251E+05   5.2167906E+05   4.5193950E+05   0.0000000E+00   0.0000000E+00   0.0000000E+00   0.0000000E+00
   2.0442870E-01   4.9680453E+05   4.9680453E+05   1.5402794E+00   -5.2707060E-02   7.3699112E+00   4.9466479E+05   4.9680453E+05   4.3039001E+05   0.0000000E+00   0.0000000E+00   0.0000000E+00   0.0000000E+00
   2.1126504E-01   4.6912813E+05   4.6912813E+05   1.3254631E+00   -4.6582429E-02   6.5520825E+00   4.6710732E+05   4.6912813E+05   4.0641324E+05   0.0000000E+00   0.0000000E+00   0.0000000E+00   0.0000000E+00
   2.1833009E-01   4.4136325E+05   4.4136325E+05   1.1725871E+00   -4.1016649E-02   5.7818844E+00   4.3946181E+05   4.4136325E+05   3.8235987E+05   0.0000000E+00   0.0000000E+00   0.0000000E+00   0.0000000E+00
   2.2563168E-01   4.1650656E+05   4.1650656E+05   1.0343756E+00   -3.6231381E-02   5.1487017E+00   4.1471198E+05   4.1650656E+05   3.6082594E+05   0.0000000E+00   0.0000000E+00   0.0000000E+00   0.0000000E+00
   2.3317801E-01   3.9643345E+05   3.9643345E+05   9.4219668E-01   -3.2287757E-02   4.6083927E+00   3.9472517E+05   3.9643345E+05   3.4343614E+05   0.0000000E+00   0.0000000E+00   0.0000000E+00   0.0000000E+00
   2.4097774E-01   3.8096905E+05   3.8096905E+05   8.3217605E-01   -2.9057763E-02   4.1649649E+00   3.7932723E+05   3.8096905E+05   3.3003895E+05   0.0000000E+00   0.0000000E+00   0.0000000E+00   0.0000000E+00
   2.4904007E-01   3.6798917E+05   3.6798917E+05   7.5137364E-01   -2.6286944E-02   3.7759994E+00   3.6640313E+05   3.6798917E+05   3.1879415E+05   0.0000000E+00   0.0000000E+00   0.0000000E+00   0.0000000E+00
   2.5737481E-01   3.5460658E+05   3.5460658E+05   6.8458911E-01   -2.3720649E-02   3.4330338E+00   3.5307809E+05   3.5460658E+05   3.0720051E+05   0.0000000E+00   0.0000000E+00   0.0000000E+00   0.0000000E+00
   2.6599248E-01   3.3884516E+05   3.3884516E+05   6.0957816E-01   -2.1219998E-02   3.0719003E+00   3.3738447E+05   3.3884516E+05   2.9354606E+05   0.0000000E+00   0.0000000E+00   0.0000000E+00   0.0000000E+00
   2.7490441E-01   3.2079608E+05   3.2079608E+05   5.4365601E-01   -1.8803351E-02   2.7328082E+00   3.1941309E+05   3.2079608E+05   2.7790981E+05   0.0000000E+00   0.0000000E+00   0.0000000E+00   0.0000000E+00
   2.8412287E-01   3.0244872E+05   3.0244872E+05   4.7644850E-01   -1.6591107E-02   2.4235134E+00   3.0114472E+05   3.0244872E+05   2.6201516E+05   0.0000000E+00   0.0000000E+00   0.0000000E+00   0.0000000E+00
   2.9366123E-01   2.8621547E+05   2.8621547E+05   4.2746264E-01   -1.4694668E-02   2.1567660E+00   2.8498137E+05   2.8621547E+05   2.4795201E+05   0.0000000E+00   0.0000000E+00   0.0000000E+00   0.0000000E+00
   3.0353409E-01   2.7314931E+05   2.7314931E+05   3.8148403E-01   -1.3127257E-02   1.9330817E+00   2.7197146E+05   2.7314931E+05   2.3663256E+05   0.0000000E+00   0.0000000E+00   0.0000000E+00   0.0000000E+00
   3.1375753E-01   2.6221832E+05   2.6221832E+05   3.4014360E-01   -1.1796303E-02   1.7419535E+00   2.6108753E+05   2.6221832E+05   2.2716285E+05   0.0000000E+00   0.0000000E+00   0.0000000E+00   0.0000000E+00
   3.2434928E-01   2.5128117E+05   2.5128117E+05   3.0715950E-01   -1.0579089E-02   1.5685628E+00   2.5019749E+05   2.5128117E+05   2.1768781E+05   0.0000000E+00   0.0000000E+00   0.0000000E+00   0.0000000E+00
   3.3532903E-01   2.3898657E+05   2.3898657E+05   2.7162694E-01   -9.4124984E-03   1.3993185E+00   2.3795585E+05   2.3898657E+05   2.0703680E+05   0.0000000E+00   0.0000000E+00   0.0000000E+00   0.0000000E+00
   3.4671872E-01   2.2589063E+05   2.2589063E+05   2.4102349E-01   -8.3201128E-03   1.2389545E+00   2.2491634E+05   2.2589063E+05   1.9569159E+05   0.0000000E+00   0.0000000E+00   0.0000000E+00   0.0000000E+00
   3.5854297E-01   2.1369844E+05   2.1369844E+05   2.1345747E-01   -7.3595616E-03   1.1038758E+00   2.1277669E+05   2.1369844E+05   1.8512932E+05   0.0000000E+00   0.0000000E+00   0.0000000E+00   0.0000000E+00
   3.7082946E-01   2.0338305E+05   2.0338305E+05   1.8899919E-01   -6.5481242E-03   9.8613049E-01   2.0250575E+05   2.0338305E+05   1.7619295E+05   0.0000000E+00   0.0000000E+00   0.0000000E+00   0.0000000E+00
   3.8360958E-01   1.9421275E+05   1.9421275E+05   1.6908943E-01   -5.8435973E-03   8.8118433E-01   1.9337496E+05   1.9421275E+05   1.6824858E+05   0.0000000E+00   0.0000000E+00   0.0000000E+00   0.0000000E+00
   3.9691902E-01   1.8479280E+05   1.8479280E+05   1.4976905E-01   -5.1935355E-03   7.8627730E-01   1.8399562E+05   1.8479280E+05   1.6008795E+05   0.0000000E+00   0.0000000E+00   0.0000000E+00   0.0000000E+00
   4.1079866E-01   1.7481945E+05   1.7481945E+05   1.3272836E-01   -4.5864138E-03   6.9441739E-01   1.7406526E+05   1.7481945E+05   1.5144790E+05   0.0000000E+00   0.0000000E+00   0.0000000E+00   0.0000000E+00
   4.2529561E-01   1.6526389E+05   1.6526389E+05   1.1696493E-01   -4.0447960E-03   6.1422636E-01   1.6455090E+05   1.6526389E+05   1.4316980E+05   0.0000000E+00   0.0000000E+00   0.0000000E+00   0.0000000E+00
   4.4046444E-01   1.5679746E+05   1.5679746E+05   1.0352018E-01   -3.5779344E-03   5.4593864E-01   1.5612096E+05   1.5679746E+05   1.3583522E+05   0.0000000E+00   0.0000000E+00   0.0000000E+00   0.0000000E+00
   4.5636889E-01   1.4884638E+05   1.4884638E+05   9.1397358E-02   -3.1639756E-03   4.8332581E-01   1.4820417E+05   1.4884638E+05   1.2894710E+05   0.0000000E+00   0.0000000E+00   0.0000000E+00   0.0000000E+00
   4.7308386E-01   1.4070187E+05   1.4070187E+05   8.0442554E-02   -2.7831346E-03   4.2734694E-01   1.4009478E+05   1.4070187E+05   1.2189141E+05   0.0000000E+00   0.0000000E+00   0.0000000E+00   0.0000000E+00
   4.9069807E-01   1.3268146E+05   1.3268146E+05   7.0503388E-02   -2.4392916E-03   3.7532252E-01   1.3210896E+05   1.3268146E+05   1.1494324E+05   0.0000000E+00   0.0000000E+00   0.0000000E+00   0.0000000E+00
   5.0931742E-01   1.2528668E+05   1.2528668E+05   6.1738348E-02   -2.1380164E-03   3.3006252E-01   1.2474607E+05   1.2528668E+05   1.0853706E+05   0.0000000E+00   0.0000000E+00   0.0000000E+00   0.0000000E+00
   5.2906932E-01   1.1818094E+05   1.1818094E+05   5.3984694E-02   -1.8689792E-03   2.8838857E-01   1.1767098E+05   1.1818094E+05   1.0238127E+05   0.0000000E+00   0.0000000E+00   0.0000000E+00   0.0000000E+00
   5.5010829E-01   1.1106587E+05   1.1106587E+05   4.6939586E-02   -1.6246143E-03   2.5142780E-01   1.1058660E+05   1.1106587E+05   9.6217407E+04   0.0000000E+00   0.0000000E+00   0.0000000E+00   0.0000000E+00
   5.7262316E-01   1.0425552E+05   1.0425552E+05   4.0666180E-02   -1.4074098E-03   2.1866540E-01   1.0380562E+05   1.0425552E+05   9.0317527E+04   0.0000000E+00   0.0000000E+00   0.0000000E+00   0.0000000E+00
   5.9684626E-01   9.7708674E+04   9.7708674E+04   3.5079700E-02   -1.2141260E-03   1.8940366E-01   9.7287020E+04   9.7708674E+04   8.4645925E+04   0.0000000E+00   0.0000000E+00   0.0000000E+00   0.0000000E+00
   6.2306485E-01   9.1227982E+04   9.1227982E+04   3.0055024E-02   -1.0401628E-03   1.6221236E-01   9.0834286E+04   9.1227982E+04   7.9031634E+04   0.0000000E+00   0.0000000E+00   0.0000000E+00   0.0000000E+00
   6.5163480E-01   8.4963811E+04   8.4963811E+04   2.5587332E-02   -8.8565403E-04   1.3836843E-01   8.4597140E+04   8.4963811E+04   7.3604918E+04   0.0000000E+00   0.0000000E+00   0.0000000E+00   0.0000000E+00
   6.8299547E-01   7.8816694E+04   7.8816694E+04   2.1607151E-02   -7.4784471E-04   1.1711707E-01   7.8476544E+04   7.8816694E+04   6.8279609E+04   0.0000000E+00   0.0000000E+00   0.0000000E+00   0.0000000E+00
   7.1768272E-01   7.2801511E+04   7.2801511E+04   1.8076124E-02   -6.2559856E-04   9.8177818E-02   7.2487314E+04   7.2801511E+04   6.3068596E+04   0.0000000E+00   0.0000000E+00   0.0000000E+00   0.0000000E+00
   7.5633297E-01   6.6908748E+04   6.6908748E+04   1.4957990E-02   -5.1769204E-04   8.1608796E-02   6.6619977E+04   6.6908748E+04   5.7963638E+04   0.0000000E+00   0.0000000E+00   0.0000000E+00   0.0000000E+00
   7.9966540E-01   6.1152670E+04   6.1152670E+04   1.2229452E-02   -4.2325985E-04   6.6942902E-02   6.0888737E+04   6.1152670E+04   5.2977093E+04   0.0000000E+00   0.0000000E+00   0.0000000E+00   0.0000000E+00
   8.4842548E-01   5.5554057E+04   5.5554057E+04   9.8692664E-03   -3.4157868E-04   5.4206433E-02   5.5314284E+04   5.5554057E+04   4.8126962E+04   0.0000000E+00   0.0000000E+00   0.0000000E+00   0.0000000E+00
   9.0328117E-01   5.0165007E+04   5.0165007E+04   7.8621873E-03   -2.7211387E-04   4.3263003E-02   4.9948489E+04   5.0165007E+04   4.3458378E+04   0.0000000E+00   0.0000000E+00   0.0000000E+00   0.0000000E+00
   9.6469837E-01   4.5048464E+04   4.5048464E+04   6.1898570E-03   -2.1423043E-04   3.4082738E-02   4.4854027E+04   4.5048464E+04   3.9025870E+04   0.0000000E+00   0.0000000E+00   0.0000000E+00   0.0000000E+00
   1.0328712E+00   4.0269085E+04   4.0269085E+04   4.8319342E-03   -1.6705349E-04   2.6634274E-02   4.0095274E+04   4.0269085E+04   3.4885451E+04   0.0000000E+00   0.0000000E+00   0.0000000E+00   0.0000000E+00
   1.1077795E+00   3.5876503E+04   3.5876503E+04   3.7386731E-03   -1.2938070E-04   2.0613727E-02   3.5721650E+04   3.5876503E+04   3.1080118E+04   0.0000000E+00   0.0000000E+00   0.0000000E+00   0.0000000E+00
   1.1893491E+00   3.1893177E+04   3.1893177E+04   2.8831079E-03   -9.9778951E-05   1.5981581E-02   3.1755515E+04   3.1893177E+04   2.7629327E+04   0.0000000E+00   0.0000000E+00   0.0000000E+00   0.0000000E+00
   1.2776049E+00   2.8313278E+04   2.8313278E+04   2.2180075E-03   -7.6761696E-05   1.2313836E-02   2.8191067E+04   2.8313278E+04   2.4528030E+04   0.0000000E+00   0.0000000E+00   0.0000000E+00   0.0000000E+00
   1.3727363E+00   2.5113239E+04   2.5113239E+04   1.7040573E-03   -5.8974861E-05   9.4841666E-03   2.5004840E+04   2.5113239E+04   2.1755809E+04   0.0000000E+00   0.0000000E+00   0.0000000E+00   0.0000000E+00
   1.4750883E+00   2.2261283E+04   2.2261283E+04   1.3081700E-03   -4.5273007E-05   7.2828316E-03   2.2165193E+04   2.2261283E+04   1.9285135E+04   0.0000000E+00   0.0000000E+00   0.0000000E+00   0.0000000E+00
   1.5851219E+00   1.9723201E+04   1.9723201E+04   1.0037905E-03   -3.4734832E-05   5.6093528E-03   1.9638066E+04   1.9723201E+04   1.7086372E+04   0.0000000E+00   0.0000000E+00   0.0000000E+00   0.0000000E+00
   1.7033793E+00   1.7466741E+04   1.7466741E+04   7.6827504E-04   -2.6637104E-05   4.3223444E-03   1.7391346E+04   1.7466741E+04   1.5131582E+04   0.0000000E+00   0.0000000E+00   0.0000000E+00   0.0000000E+00
   1.8304635E+00   1.5461802E+04   1.5461802E+04   5.9016009E-04   -2.0418271E-05   3.3162418E-03   1.5395061E+04   1.5461802E+04   1.3394687E+04   0.0000000E+00   0.0000000E+00   0.0000000E+00   0.0000000E+00
   1.9670302E+00   1.3681457E+04   1.3681457E+04   4.5217378E-04   -1.5644803E-05   2.5144641E-03   1.3622400E+04   1.3681457E+04   1.1852359E+04   0.0000000E+00   0.0000000E+00   0.0000000E+00   0.0000000E+00
   2.1137860E+00   1.2101315E+04   1.2101315E+04   3.4637078E-04   -1.1982587E-05   1.9454549E-03   1.2049079E+04   1.2101315E+04   1.0483469E+04   0.0000000E+00   0.0000000E+00   0.0000000E+00   0.0000000E+00
   2.2714910E+00   1.0699566E+04   1.0699566E+04   2.6517210E-04   -9.1739872E-06   1.4946179E-03   1.0653380E+04   1.0699566E+04   9.2691216E+03   0.0000000E+00   0.0000000E+00   0.0000000E+00   0.0000000E+00
   2.4409620E+00   9.4566850E+03   9.4566850E+03   2.0294564E-04   -7.0210466E-06   1.1346468E-03   9.4158645E+03   9.4566850E+03   8.1924038E+03   0.0000000E+00   0.0000000E+00   0.0000000E+00   0.0000000E+00
   2.6230769E+00   8.3551675E+03   8.3551675E+03   1.5526864E-04   -5.3713704E-06   8.7702151E-04   8.3191016E+03   8.3551675E+03   7.2381500E+03   0.0000000E+00   0.0000000E+00   0.0000000E+00   0.0000000E+00
   2.8187790E+00   7.3793723E+03   7.3793723E+03   1.1875123E-04   -4.1078230E-06   6.7423350E-04   7.3475184E+03   7.3793723E+03   6.3928106E+03   0.0000000E+00   0.0000000E+00   0.0000000E+00   0.0000000E+00
   3.0290820E+00   6.5153280E+03   6.5153280E+03   9.0794789E-05   -3.1403974E-06   5.1362142E-04   6.4872039E+03   6.5153280E+03   5.6442820E+03   0.0000000E+00   0.0000000E+00   0.0000000E+00   0.0000000E+00
   3.2550752E+00   5.7505590E+03   5.7505590E+03   6.9385373E-05   -2.3999824E-06   3.9397527E-04   5.7257361E+03   5.7505590E+03   4.9817563E+03   0.0000000E+00   0.0000000E+00   0.0000000E+00   0.0000000E+00
   3.4979293E+00   5.0739346E+03   5.0739346E+03   5.3016041E-05   -1.8335119E-06   3.0096906E-04   5.0520323E+03   5.0739346E+03   4.3955910E+03   0.0000000E+00   0.0000000E+00   0.0000000E+00   0.0000000E+00
   3.7589022E+00   4.4755315E+03   4.4755315E+03   4.0502578E-05   -1.4002860E-06   2.2993081E-04   4.4562123E+03   4.4755315E+03   3.8771895E+03   0.0000000E+00   0.0000000E+00   0.0000000E+00   0.0000000E+00
   4.0393457E+00   3.9465094E+03   3.9465094E+03   3.0928919E-05   -1.0690731E-06   1.7587456E-04   3.9294738E+03   3.9465094E+03   3.4188933E+03   0.0000000E+00   0.0000000E+00   0.0000000E+00   0.0000000E+00
   4.3407125E+00   3.4789974E+03   3.4789974E+03   2.3610399E-05   -8.1594102E-07   1.3534108E-04   3.4639799E+03   3.4789974E+03   3.0138838E+03   0.0000000E+00   0.0000000E+00   0.0000000E+00   0.0000000E+00
   4.6645637E+00   3.0659921E+03   3.0659921E+03   1.8018018E-05   -6.2254811E-07   1.0442794E-04   3.0527573E+03   3.0659921E+03   2.6560939E+03   0.0000000E+00   0.0000000E+00   0.0000000E+00   0.0000000E+00
   5.0125766E+00   2.7012656E+03   2.7012656E+03   1.3745156E-05   -4.7484242E-07   7.8810074E-05   2.6896052E+03   2.7012656E+03   2.3401284E+03   0.0000000E+00   0.0000000E+00   0.0000000E+00   0.0000000E+00
   5.3865541E+00   2.3792831E+03   2.3792831E+03   1.0486990E-05   -3.6206792E-07   5.9411208E-05   2.3690126E+03   2.3792831E+03   2.0611924E+03   0.0000000E+00   0.0000000E+00   0.0000000E+00   0.0000000E+00
   5.7884332E+00   2.0951286E+03   2.0951286E+03   7.9958010E-06   -2.7599097E-07   4.5865674E-05   2.0860847E+03   2.0951286E+03   1.8150270E+03   0.0000000E+00   0.0000000E+00   0.0000000E+00   0.0000000E+00
   6.2202956E+00   1.8444376E+03   1.8444376E+03   6.0961513E-06   -2.1031235E-07   3.5323235E-05   1.8364758E+03   1.8444376E+03   1.5978513E+03   0.0000000E+00   0.0000000E+00   0.0000000E+00   0.0000000E+00
   6.6843784E+00   1.6233376E+03   1.6233376E+03   4.6451870E-06   -1.6021284E-07   2.6409575E-05   1.6163302E+03   1.6233376E+03   1.4063106E+03   0.0000000E+00   0.0000000E+00   0.0000000E+00   0.0000000E+00
   7.1830853E+00   1.4283943E+03   1.4283943E+03   3.5411778E-06   -1.2200879E-07   1.9793252E-05   1.4222284E+03   1.4283943E+03   1.2374296E+03   0.0000000E+00   0.0000000E+00   0.0000000E+00   0.0000000E+00
   7.7189997E+00   1.2565633E+03   1.2565633E+03   2.6968022E-06   -9.2884646E-08   1.4925288E-05   1.2511392E+03   1.2565633E+03   1.0885710E+03   0.0000000E+00   0.0000000E+00   0.0000000E+00   0.0000000E+00
   8.2948975E+00   1.1051474E+03   1.1051474E+03   2.0538787E-06   -7.0688962E-08   1.0934037E-05   1.1003768E+03   1.1051474E+03   9.5739816E+02   0.0000000E+00   0.0000000E+00   0.0000000E+00   0.0000000E+00
   8.9137618E+00   9.7175772E+02   9.7175772E+02   1.5640720E-06   -5.3778852E-08   9.3406190E-06   9.6756297E+02   9.7175772E+02   8.4184162E+02   0.0000000E+00   0.0000000E+00   0.0000000E+00   0.0000000E+00
   9.5787983E+00   8.5427971E+02   8.5427971E+02   1.1906705E-06   -4.0899291E-08   6.9939507E-06   8.5059208E+02   8.5427971E+02   7.4006946E+02   0.0000000E+00   0.0000000E+00   0.0000000E+00   0.0000000E+00
   1.0293452E+01   7.5084221E+02   7.5084221E+02   9.0600879E-07   -3.1092640E-08   4.8668546E-06   7.4760108E+02   7.5084221E+02   6.5046071E+02   0.0000000E+00   0.0000000E+00   0.0000000E+00   0.0000000E+00
