#           k/h    CDM            baryon         photon         nu             mass_nu        total          no_nu          total_de       Weyl           v_CDM          v_b            v_b-v_c     
   1.0220036E-05   1.6544724E+07   1.6544724E+07   2.2051421E+07   -3.9567504E+05   -1.1710318E+07   1.6544763E+07   1.6544724E+07   1.1016807E+07   0.0000000E+00   0.0000000E+00   0.0000000E+00   0.0000000E+00
   1.0982531E-05   1.6544725E+07   1.6544725E+07   2.2050152E+07   -3.9567045E+05   -1.1710130E+07   1.6544764E+07   1.6544725E+07   1.1016808E+07   0.0000000E+00   0.0000000E+00   0.0000000E+00   0.0000000E+00
   1.1801914E-05   1.6544726E+07   1.6544726E+07   2.2048687E+07   -3.9566514E+05   -1.1709912E+07   1.6544765E+07   1.6544726E+07   1.1016808E+07   0.0000000E+00   0.0000000E+00   0.0000000E+00   0.0000000E+00
   1.2682429E-05   1.6544728E+07   1.6544728E+07   2.2046995E+07   -3.9565901E+05   -1.1709662E+07   1.6544767E+07   1.6544728E+07   1.1016808E+07   0.0000000E+00   0.0000000E+00   0.0000000E+00   0.0000000E+00
   1.3628637E-05   1.6544729E+07   1.6544729E+07   2.2045041E+07   -3.9565193E+05   -1.1709372E+07   1.6544768E+07   1.6544729E+07   1.1016809E+07   0.0000000E+00   0.0000000E+00   0.0000000E+00   0.0000000E+00
   1.4645440E-05   1.6544731E+07   1.6544731E+07   2.2042785E+07   -3.9564376E+05   -1.1709038E+07   1.6544770E+07   1.6544731E+07   1.1016809E+07   0.0000000E+00   0.0000000E+00   0.0000000E+00   0.0000000E+00
   1.5738105E-05   1.6544734E+07   1.6544734E+07   2.2040180E+07   -3.9563433E+05   -1.1708652E+07   1.6544772E+07   1.6544734E+07   1.1016810E+07   0.0000000E+00   0.0000000E+00   0.0000000E+00   0.0000000E+00
   1.6912291E-05   1.6544736E+07   1.6544736E+07   2.2037172E+07   -3.9562343E+05   -1.1708206E+07   1.6544774E+07   1.6544736E+07   1.1016811E+07   0.0000000E+00   0.0000000E+00   0.0000000E+00   0.0000000E+00
   1.8174080E-05   1.6544739E+07   1.6544739E+07   2.2033699E+07   -3.9561085E+05   -1.1707691E+07   1.6544777E+07   1.6544739E+07   1.1016812E+07   0.0000000E+00   0.0000000E+00   0.0000000E+00   0.0000000E+00
   1.9530009E-05   1.6544743E+07   1.6544743E+07   2.2029689E+07   -3.9559632E+05   -1.1707096E+07   1.6544780E+07   1.6544743E+07   1.1016813E+07   0.0000000E+00   0.0000000E+00   0.0000000E+00   0.0000000E+00
   2.0987100E-05   1.6544747E+07   1.6544747E+07   2.2025060E+07   -3.9557954E+05   -1.1706410E+07   1.6544783E+07   1.6544747E+07   1.1016814E+07   0.0000000E+00   0.0000000E+00   0.0000000E+00   0.0000000E+00
   2.2552902E-05   1.6544752E+07   1.6544752E+07   2.2019715E+07   -3.9556017E+05   -1.1705617E+07   1.6544787E+07   1.6544752E+07   1.1016815E+07   0.0000000E+00   0.0000000E+00   0.0000000E+00   0.0000000E+00
   2.4235525E-05   1.6544757E+07   1.6544757E+07   2.2013544E+07   -3.9553780E+05   -1.1704702E+07   1.6544792E+07   1.6544757E+07   1.1016817E+07   0.0000000E+00   0.0000000E+00   0.0000000E+00   0.0000000E+00
   2.6043685E-05   1.6544764E+07   1.6544764E+07   2.2006420E+07   -3.9551197E+05   -1.1703645E+07   1.6544797E+07   1.6544764E+07   1.1016818E+07   0.0000000E+00   0.0000000E+00   0.0000000E+00   0.0000000E+00
   2.7986748E-05   1.6544771E+07   1.6544771E+07   2.1998196E+07   -3.9548214E+05   -1.1702425E+07   1.6544803E+07   1.6544771E+07   1.1016820E+07   0.0000000E+00   0.0000000E+00   0.0000000E+00   0.0000000E+00
   3.0074778E-05   1.6544779E+07   1.6544779E+07   2.1988702E+07   -3.9544771E+05   -1.1701016E+07   1.6544810E+07   1.6544779E+07   1.1016823E+07   0.0000000E+00   0.0000000E+00   0.0000000E+00   0.0000000E+00
   3.2318592E-05   1.6544789E+07   1.6544789E+07   2.1977744E+07   -3.9540794E+05   -1.1699390E+07   1.6544818E+07   1.6544789E+07   1.1016825E+07   0.0000000E+00   0.0000000E+00   0.0000000E+00   0.0000000E+00
   3.4729812E-05   1.6544800E+07   1.6544800E+07   2.1965096E+07   -3.9536203E+05   -1.1697512E+07   1.6544828E+07   1.6544800E+07   1.1016828E+07   0.0000000E+00   0.0000000E+00   0.0000000E+00   0.0000000E+00
   3.7320928E-05   1.6544813E+07   1.6544813E+07   2.1950499E+07   -3.9530902E+05   -1.1695343E+07   1.6544839E+07   1.6544813E+07   1.1016832E+07   0.0000000E+00   0.0000000E+00   0.0000000E+00   0.0000000E+00
   4.0105362E-05   1.6544828E+07   1.6544828E+07   2.1933654E+07   -3.9524781E+05   -1.1692840E+07   1.6544851E+07   1.6544828E+07   1.1016836E+07   0.0000000E+00   0.0000000E+00   0.0000000E+00   0.0000000E+00
   4.3097536E-05   1.6544845E+07   1.6544845E+07   2.1914217E+07   -3.9517715E+05   -1.1689950E+07   1.6544866E+07   1.6544845E+07   1.1016841E+07   0.0000000E+00   0.0000000E+00   0.0000000E+00   0.0000000E+00
   4.6312949E-05   1.6544865E+07   1.6544865E+07   2.1891791E+07   -3.9509557E+05   -1.1686615E+07   1.6544882E+07   1.6544865E+07   1.1016846E+07   0.0000000E+00   0.0000000E+00   0.0000000E+00   0.0000000E+00
   4.9768258E-05   1.6544888E+07   1.6544888E+07   2.1865921E+07   -3.9500139E+05   -1.1682764E+07   1.6544902E+07   1.6544888E+07   1.1016853E+07   0.0000000E+00   0.0000000E+00   0.0000000E+00   0.0000000E+00
   5.3481359E-05   1.6544914E+07   1.6544914E+07   2.1836082E+07   -3.9489267E+05   -1.1678320E+07   1.6544924E+07   1.6544914E+07   1.1016860E+07   0.0000000E+00   0.0000000E+00   0.0000000E+00   0.0000000E+00
   5.7471487E-05   1.6544945E+07   1.6544945E+07   2.1801672E+07   -3.9476716E+05   -1.1673190E+07   1.6544949E+07   1.6544945E+07   1.1016869E+07   0.0000000E+00   0.0000000E+00   0.0000000E+00   0.0000000E+00
   6.1759310E-05   1.6544980E+07   1.6544980E+07   2.1761998E+07   -3.9462229E+05   -1.1667271E+07   1.6544979E+07   1.6544980E+07   1.1016878E+07   0.0000000E+00   0.0000000E+00   0.0000000E+00   0.0000000E+00
   6.6367038E-05   1.6545020E+07   1.6545020E+07   2.1716269E+07   -3.9445509E+05   -1.1660440E+07   1.6545013E+07   1.6545020E+07   1.1016889E+07   0.0000000E+00   0.0000000E+00   0.0000000E+00   0.0000000E+00
   7.1318539E-05   1.6545067E+07   1.6545067E+07   2.1663573E+07   -3.9426211E+05   -1.1652558E+07   1.6545052E+07   1.6545067E+07   1.1016902E+07   0.0000000E+00   0.0000000E+00   0.0000000E+00   0.0000000E+00
   7.6639460E-05   1.6545121E+07   1.6545121E+07   2.1602869E+07   -3.9403942E+05   -1.1643466E+07   1.6545098E+07   1.6545121E+07   1.1016917E+07   0.0000000E+00   0.0000000E+00   0.0000000E+00   0.0000000E+00
   8.2357364E-05   1.6545183E+07   1.6545183E+07   2.1532968E+07   -3.9378246E+05   -1.1632978E+07   1.6545150E+07   1.6545183E+07   1.1016934E+07   0.0000000E+00   0.0000000E+00   0.0000000E+00   0.0000000E+00
   8.8501868E-05   1.6545254E+07   1.6545254E+07   2.1452510E+07   -3.9348598E+05   -1.1620882E+07   1.6545210E+07   1.6545254E+07   1.1016953E+07   0.0000000E+00   0.0000000E+00   0.0000000E+00   0.0000000E+00
   9.5104800E-05   1.6545337E+07   1.6545337E+07   2.1359949E+07   -3.9314397E+05   -1.1606935E+07   1.6545279E+07   1.6545337E+07   1.1016975E+07   0.0000000E+00   0.0000000E+00   0.0000000E+00   0.0000000E+00
   1.0220036E-04   1.6545431E+07   1.6545431E+07   2.1253527E+07   -3.9274950E+05   -1.1590858E+07   1.6545359E+07   1.6545431E+07   1.1017001E+07   0.0000000E+00   0.0000000E+00   0.0000000E+00   0.0000000E+00
   1.0982531E-04   1.6545540E+07   1.6545540E+07   2.1131251E+07   -3.9229459E+05   -1.1572329E+07   1.6545450E+07   1.6545540E+07   1.1017030E+07   0.0000000E+00   0.0000000E+00   0.0000000E+00   0.0000000E+00
   1.1801914E-04   1.6545666E+07   1.6545666E+07   2.0990868E+07   -3.9177011E+05   -1.1550982E+07   1.6545556E+07   1.6545666E+07   1.1017063E+07   0.0000000E+00   0.0000000E+00   0.0000000E+00   0.0000000E+00
   1.2682429E-04   1.6545810E+07   1.6545810E+07   2.0829844E+07   -3.9116556E+05   -1.1526397E+07   1.6545676E+07   1.6545810E+07   1.1017100E+07   0.0000000E+00   0.0000000E+00   0.0000000E+00   0.0000000E+00
   1.3628637E-04   1.6545975E+07   1.6545975E+07   2.0645338E+07   -3.9046891E+05   -1.1498094E+07   1.6545815E+07   1.6545975E+07   1.1017143E+07   0.0000000E+00   0.0000000E+00   0.0000000E+00   0.0000000E+00
   1.4645440E-04   1.6546164E+07   1.6546164E+07   2.0434181E+07   -3.8966640E+05   -1.1465526E+07   1.6545973E+07   1.6546164E+07   1.1017191E+07   0.0000000E+00   0.0000000E+00   0.0000000E+00   0.0000000E+00
   1.5738105E-04   1.6546381E+07   1.6546381E+07   2.0192863E+07   -3.8874229E+05   -1.1428073E+07   1.6546155E+07   1.6546381E+07   1.1017245E+07   0.0000000E+00   0.0000000E+00   0.0000000E+00   0.0000000E+00
   1.6912291E-04   1.6546630E+07   1.6546630E+07   1.9917524E+07   -3.8767863E+05   -1.1385027E+07   1.6546362E+07   1.6546630E+07   1.1017306E+07   0.0000000E+00   0.0000000E+00   0.0000000E+00   0.0000000E+00
   1.8174080E-04   1.6546913E+07   1.6546913E+07   1.9603959E+07   -3.8645496E+05   -1.1335591E+07   1.6546598E+07   1.6546913E+07   1.1017374E+07   0.0000000E+00   0.0000000E+00   0.0000000E+00   0.0000000E+00
   1.9530009E-04   1.6547237E+07   1.6547237E+07   1.9247639E+07   -3.8504804E+05   -1.1278864E+07   1.6546867E+07   1.6547237E+07   1.1017449E+07   0.0000000E+00   0.0000000E+00   0.0000000E+00   0.0000000E+00
   2.0987100E-04   1.6547605E+07   1.6547605E+07   1.8843758E+07   -3.8343151E+05   -1.1213835E+07   1.6547173E+07   1.6547605E+07   1.1017532E+07   0.0000000E+00   0.0000000E+00   0.0000000E+00   0.0000000E+00
   2.2552902E-04   1.6548023E+07   1.6548023E+07   1.8387308E+07   -3.8157561E+05   -1.1139372E+07   1.6547518E+07   1.6548023E+07   1.1017622E+07   0.0000000E+00   0.0000000E+00   0.0000000E+00   0.0000000E+00
   2.4235525E-04   1.6548496E+07   1.6548496E+07   1.7873204E+07   -3.7944681E+05   -1.1054217E+07   1.6547908E+07   1.6548496E+07   1.1017719E+07   0.0000000E+00   0.0000000E+00   0.0000000E+00   0.0000000E+00
   2.6043685E-04   1.6549030E+07   1.6549030E+07   1.7296451E+07   -3.7700754E+05   -1.0956983E+07   1.6548346E+07   1.6549030E+07   1.1017821E+07   0.0000000E+00   0.0000000E+00   0.0000000E+00   0.0000000E+00
   2.7986748E-04   1.6549630E+07   1.6549630E+07   1.6652390E+07   -3.7421591E+05   -1.0846148E+07   1.6548836E+07   1.6549630E+07   1.1017927E+07   0.0000000E+00   0.0000000E+00   0.0000000E+00   0.0000000E+00
   3.0074778E-04   1.6550300E+07   1.6550300E+07   1.5937012E+07   -3.7102546E+05   -1.0720060E+07   1.6549380E+07   1.6550300E+07   1.1018032E+07   0.0000000E+00   0.0000000E+00   0.0000000E+00   0.0000000E+00
   3.2318592E-04   1.6551045E+07   1.6551045E+07   1.5147379E+07   -3.6738512E+05   -1.0576952E+07   1.6549980E+07   1.6551045E+07   1.1018132E+07   0.0000000E+00   0.0000000E+00   0.0000000E+00   0.0000000E+00
   3.4729812E-04   1.6551866E+07   1.6551866E+07   1.4282130E+07   -3.6323921E+05   -1.0414956E+07   1.6550635E+07   1.6551866E+07   1.1018219E+07   0.0000000E+00   0.0000000E+00   0.0000000E+00   0.0000000E+00
   3.7320928E-04   1.6552764E+07   1.6552764E+07   1.3342102E+07   -3.5852772E+05   -1.0232138E+07   1.6551343E+07   1.6552764E+07   1.1018281E+07   0.0000000E+00   0.0000000E+00   0.0000000E+00   0.0000000E+00
   4.0105362E-04   1.6553734E+07   1.6553734E+07   1.2331029E+07   -3.5318689E+05   -1.0026545E+07   1.6552096E+07   1.6553734E+07   1.1018305E+07   0.0000000E+00   0.0000000E+00   0.0000000E+00   0.0000000E+00
   4.3097536E-04   1.6554768E+07   1.6554768E+07   1.1256306E+07   -3.4715013E+05   -9.7962717E+06   1.6552882E+07   1.6554768E+07   1.1018271E+07   0.0000000E+00   0.0000000E+00   0.0000000E+00   0.0000000E+00
   4.6312949E-04   1.6555848E+07   1.6555848E+07   1.0129730E+07   -3.4034958E+05   -9.5395500E+06   1.6553679E+07   1.6555848E+07   1.1018149E+07   0.0000000E+00   0.0000000E+00   0.0000000E+00   0.0000000E+00
   4.9768258E-04   1.6556947E+07   1.6556947E+07   8.9681317E+06   -3.3271817E+05   -9.2548607E+06   1.6554457E+07   1.6556947E+07   1.1017906E+07   0.0000000E+00   0.0000000E+00   0.0000000E+00   0.0000000E+00
   5.3481359E-04   1.6558026E+07   1.6558026E+07   7.7937137E+06   -3.2419261E+05   -8.9410743E+06   1.6555171E+07   1.6558026E+07   1.1017492E+07   0.0000000E+00   0.0000000E+00   0.0000000E+00   0.0000000E+00
   5.7471487E-04   1.6559026E+07   1.6559026E+07   6.6339110E+06   -3.1471717E+05   -8.5976163E+06   1.6555759E+07   1.6559026E+07   1.1016847E+07   0.0000000E+00   0.0000000E+00   0.0000000E+00   0.0000000E+00
   6.1759310E-04   1.6559867E+07   1.6559867E+07   5.5204939E+06   -3.0424850E+05   -8.2246504E+06   1.6556134E+07   1.6559867E+07   1.1015892E+07   0.0000000E+00   0.0000000E+00   0.0000000E+00   0.0000000E+00
   6.6367038E-04   1.6560439E+07   1.6560439E+07   4.4876680E+06   -2.9276148E+05   -7.8232704E+06   1.6556183E+07   1.6560439E+07   1.1014530E+07   0.0000000E+00   0.0000000E+00   0.0000000E+00   0.0000000E+00
   7.1318539E-04   1.6560598E+07   1.6560598E+07   3.5689746E+06   -2.8025581E+05   -7.3956802E+06   1.6555755E+07   1.6560598E+07   1.1012637E+07   0.0000000E+00   0.0000000E+00   0.0000000E+00   0.0000000E+00
   7.6639460E-04   1.6560158E+07   1.6560158E+07   2.7929909E+06   -2.6676315E+05   -6.9453343E+06   1.6554661E+07   1.6560158E+07   1.1010066E+07   0.0000000E+00   0.0000000E+00   0.0000000E+00   0.0000000E+00
   8.2357364E-04   1.6558882E+07   1.6558882E+07   2.1781860E+06   -2.5235400E+05   -6.4770003E+06   1.6552660E+07   1.6558882E+07   1.1006640E+07   0.0000000E+00   0.0000000E+00   0.0000000E+00   0.0000000E+00
   8.8501868E-04   1.6556480E+07   1.6556480E+07   1.7278095E+06   -2.3714340E+05   -5.9967040E+06   1.6549459E+07   1.6556480E+07   1.1002151E+07   0.0000000E+00   0.0000000E+00   0.0000000E+00   0.0000000E+00
   9.5104800E-04   1.6552603E+07   1.6552603E+07   1.4263136E+06   -2.2129383E+05   -5.5115158E+06   1.6544707E+07   1.6552603E+07   1.0996365E+07   0.0000000E+00   0.0000000E+00   0.0000000E+00   0.0000000E+00
   1.0220036E-03   1.6546846E+07   1.6546846E+07   1.2392809E+06   -2.0501382E+05   -5.0291566E+06   1.6537997E+07   1.6546846E+07   1.0989020E+07   0.0000000E+00   0.0000000E+00   0.0000000E+00   0.0000000E+00
   1.0982531E-03   1.6538748E+07   1.6538748E+07   1.1187459E+06   -1.8855043E+05   -4.5574350E+06   1.6528871E+07   1.6538748E+07   1.0979840E+07   0.0000000E+00   0.0000000E+00   0.0000000E+00   0.0000000E+00
   1.1801914E-03   1.6527810E+07   1.6527810E+07   1.0145939E+06   -1.7217472E+05   -4.1035799E+06   1.6516835E+07   1.6527810E+07   1.0968538E+07   0.0000000E+00   0.0000000E+00   0.0000000E+00   0.0000000E+00
   1.2682429E-03   1.6513512E+07   1.6513512E+07   8.9004735E+05   -1.5616040E+05   -3.6735922E+06   1.6501373E+07   1.6513512E+07   1.0954833E+07   0.0000000E+00   0.0000000E+00   0.0000000E+00   0.0000000E+00
   1.3628637E-03   1.6495332E+07   1.6495332E+07   7.3553144E+05   -1.4075855E+05   -3.2717779E+06   1.6481973E+07   1.6495332E+07   1.0938458E+07   0.0000000E+00   0.0000000E+00   0.0000000E+00   0.0000000E+00
   1.4645440E-03   1.6472775E+07   1.6472775E+07   5.7239557E+05   -1.2617347E+05   -2.9006113E+06   1.6458148E+07   1.6472775E+07   1.0919170E+07   0.0000000E+00   0.0000000E+00   0.0000000E+00   0.0000000E+00
   1.5738105E-03   1.6445383E+07   1.6445383E+07   4.3958203E+05   -1.1254660E+05   -2.5609678E+06   1.6429455E+07   1.6445383E+07   1.0896751E+07   0.0000000E+00   0.0000000E+00   0.0000000E+00   0.0000000E+00
   1.6912291E-03   1.6412748E+07   1.6412748E+07   3.6549644E+05   -9.9954263E+04   -2.2525991E+06   1.6395498E+07   1.6412748E+07   1.0871003E+07   0.0000000E+00   0.0000000E+00   0.0000000E+00   0.0000000E+00
   1.8174080E-03   1.6374504E+07   1.6374504E+07   3.4202502E+05   -8.8419894E+04   -1.9745765E+06   1.6355918E+07   1.6374504E+07   1.0841736E+07   0.0000000E+00   0.0000000E+00   0.0000000E+00   0.0000000E+00
   1.9530009E-03   1.6330307E+07   1.6330307E+07   3.2594246E+05   -7.7933923E+04   -1.7254781E+06   1.6310382E+07   1.6330307E+07   1.0808753E+07   0.0000000E+00   0.0000000E+00   0.0000000E+00   0.0000000E+00
   2.0987100E-03   1.6279828E+07   1.6279828E+07   2.7725239E+05   -6.8469228E+04   -1.5033855E+06   1.6258564E+07   1.6279828E+07   1.0771849E+07   0.0000000E+00   0.0000000E+00   0.0000000E+00   0.0000000E+00
   2.2552902E-03   1.6222742E+07   1.6222742E+07   2.0302485E+05   -5.9984320E+04   -1.3060384E+06   1.6200138E+07   1.6222742E+07   1.0730811E+07   0.0000000E+00   0.0000000E+00   0.0000000E+00   0.0000000E+00
   2.4235525E-03   1.6158730E+07   1.6158730E+07   1.5009499E+05   -5.2419618E+04   -1.1313014E+06   1.6134784E+07   1.6158730E+07   1.0685420E+07   0.0000000E+00   0.0000000E+00   0.0000000E+00   0.0000000E+00
   2.6043685E-03   1.6087477E+07   1.6087477E+07   1.3991945E+05   -4.5701074E+04   -9.7744539E+05   1.6062180E+07   1.6087477E+07   1.0635456E+07   0.0000000E+00   0.0000000E+00   0.0000000E+00   0.0000000E+00
   2.7986748E-03   1.6008658E+07   1.6008658E+07   1.3511574E+05   -3.9754493E+04   -8.4269651E+05   1.5981996E+07   1.6008658E+07   1.0580689E+07   0.0000000E+00   0.0000000E+00   0.0000000E+00   0.0000000E+00
   3.0074778E-03   1.5921932E+07   1.5921932E+07   1.0588972E+05   -3.4513536E+04   -7.2478428E+05   1.5893892E+07   1.5921932E+07   1.0520879E+07   0.0000000E+00   0.0000000E+00   0.0000000E+00   0.0000000E+00
   3.2318592E-03   1.5826950E+07   1.5826950E+07   8.2803864E+04   -2.9911649E+04   -6.2165133E+05   1.5797520E+07   1.5826950E+07   1.0455778E+07   0.0000000E+00   0.0000000E+00   0.0000000E+00   0.0000000E+00
   3.4729812E-03   1.5723356E+07   1.5723356E+07   7.9189911E+04   -2.5878909E+04   -5.3203119E+05   1.5692530E+07   1.5723356E+07   1.0385141E+07   0.0000000E+00   0.0000000E+00   0.0000000E+00   0.0000000E+00
   3.7320928E-03   1.5610780E+07   1.5610780E+07   6.1870116E+04   -2.2353700E+04   -4.5433924E+05   1.5578558E+07   1.5610780E+07   1.0308712E+07   0.0000000E+00   0.0000000E+00   0.0000000E+00   0.0000000E+00
   4.0105362E-03   1.5488839E+07   1.5488839E+07   4.8981184E+04   -1.9281268E+04   -3.8681053E+05   1.5455231E+07   1.5488839E+07   1.0226226E+07   0.0000000E+00   0.0000000E+00   0.0000000E+00   0.0000000E+00
   4.3097536E-03   1.5357143E+07   1.5357143E+07   5.0021902E+04   -1.6606380E+04   -3.2869474E+05   1.5322173E+07   1.5357143E+07   1.0137423E+07   0.0000000E+00   0.0000000E+00   0.0000000E+00   0.0000000E+00
   4.6312949E-03   1.5215293E+07   1.5215293E+07   3.4865296E+04   -1.4283133E+04   -2.7854979E+05   1.5179008E+07   1.5215293E+07   1.0042041E+07   0.0000000E+00   0.0000000E+00   0.0000000E+00   0.0000000E+00
   4.9768258E-03   1.5062896E+07   1.5062896E+07   3.3278929E+04   -1.2269083E+04   -2.3527688E+05   1.5025362E+07   1.5062896E+07   9.9398201E+06   0.0000000E+00   0.0000000E+00   0.0000000E+00   0.0000000E+00
   5.3481359E-03   1.4899565E+07   1.4899565E+07   2.6038574E+04   -1.0524482E+04   -1.9828085E+05   1.4860856E+07   1.4899565E+07   9.8304981E+06   0.0000000E+00   0.0000000E+00   0.0000000E+00   0.0000000E+00
   5.7471487E-03   1.4724912E+07   1.4724912E+07   2.4337520E+04   -9.0162399E+03   -1.6649741E+05   1.4685088E+07   1.4724912E+07   9.7138006E+06   0.0000000E+00   0.0000000E+00   0.0000000E+00   0.0000000E+00
   6.1759310E-03   1.4538540E+07   1.4538540E+07   1.7455902E+04   -7.7138269E+03   -1.3944028E+05   1.4497661E+07   1.4538540E+07   9.5894552E+06   0.0000000E+00   0.0000000E+00   0.0000000E+00   0.0000000E+00
   6.6367038E-03   1.4340039E+07   1.4340039E+07   1.7902453E+04   -6.5910761E+03   -1.1638713E+05   1.4298190E+07   1.4340039E+07   9.4572005E+06   0.0000000E+00   0.0000000E+00   0.0000000E+00   0.0000000E+00
   7.1318539E-03   1.4128996E+07   1.4128996E+07   1.3183175E+04   -5.6242740E+03   -9.6721931E+04   1.4086296E+07   1.4128996E+07   9.3167777E+06   0.0000000E+00   0.0000000E+00   0.0000000E+00   0.0000000E+00
   7.6639460E-03   1.3905012E+07   1.3905012E+07   1.0951265E+04   -4.7923918E+03   -8.0137690E+04   1.3861574E+07   1.3905012E+07   9.1679136E+06   0.0000000E+00   0.0000000E+00   0.0000000E+00   0.0000000E+00
   8.2357364E-03   1.3667694E+07   1.3667694E+07   1.0184793E+04   -4.0777738E+03   -6.6111537E+04   1.3623625E+07   1.3667694E+07   9.0103389E+06   0.0000000E+00   0.0000000E+00   0.0000000E+00   0.0000000E+00
   8.8501868E-03   1.3416640E+07   1.3416640E+07   8.9780943E+03   -3.4646549E+03   -5.4253518E+04   1.3372065E+07   1.3416640E+07   8.8437950E+06   0.0000000E+00   0.0000000E+00   0.0000000E+00   0.0000000E+00
   9.5104800E-03   1.3151438E+07   1.3151438E+07   7.0731558E+03   -2.9390976E+03   -4.4311967E+04   1.3106493E+07   1.3151438E+07   8.6680125E+06   0.0000000E+00   0.0000000E+00   0.0000000E+00   0.0000000E+00
   1.0220036E-02   1.2871682E+07   1.2871682E+07   5.8541041E+03   -2.4891388E+03   -3.6008708E+04   1.2826506E+07   1.2871682E+07   8.4827205E+06   0.0000000E+00   0.0000000E+00   0.0000000E+00   0.0000000E+00
   1.0982531E-02   1.2576982E+07   1.2576982E+07   4.8575334E+03   -2.1043865E+03   -2.9093330E+04   1.2531715E+07   1.2576982E+07   8.2876593E+06   0.0000000E+00   0.0000000E+00   0.0000000E+00   0.0000000E+00
   1.1801914E-02   1.2266950E+07   1.2266950E+07   4.1861520E+03   -1.7758089E+03   -2.3355656E+04   1.2221748E+07   1.2266950E+07   8.0825800E+06   0.0000000E+00   0.0000000E+00   0.0000000E+00   0.0000000E+00
   1.2682429E-02   1.1941226E+07   1.1941226E+07   3.7124643E+03   -1.4954978E+03   -1.8628567E+04   1.1896239E+07   1.1941226E+07   7.8672385E+06   0.0000000E+00   0.0000000E+00   0.0000000E+00   0.0000000E+00
   1.3628637E-02   1.1599498E+07   1.1599498E+07   2.9825741E+03   -1.2567469E+03   -1.4748251E+04   1.1554883E+07   1.1599498E+07   7.6414305E+06   0.0000000E+00   0.0000000E+00   0.0000000E+00   0.0000000E+00
   1.4645440E-02   1.1241514E+07   1.1241514E+07   2.2212092E+03   -1.0536420E+03   -1.1548843E+04   1.1197431E+07   1.1241514E+07   7.4049895E+06   0.0000000E+00   0.0000000E+00   0.0000000E+00   0.0000000E+00
   1.5738105E-02   1.0867134E+07   1.0867134E+07   2.1384545E+03   -8.8113226E+02   -8.9591537E+03   1.0823743E+07   1.0867134E+07   7.1578219E+06   0.0000000E+00   0.0000000E+00   0.0000000E+00   0.0000000E+00
   1.6912291E-02   1.0476370E+07   1.0476370E+07   1.5430942E+03   -7.3483555E+02   -6.8783595E+03   1.0433830E+07   1.0476370E+07   6.8999329E+06   0.0000000E+00   0.0000000E+00   0.0000000E+00   0.0000000E+00
   1.8174080E-02   1.0069450E+07   1.0069450E+07   1.4655536E+03   -6.1100863E+02   -5.2087583E+03   1.0027919E+07   1.0069450E+07   6.6314719E+06   0.0000000E+00   0.0000000E+00   0.0000000E+00   0.0000000E+00
   1.9530009E-02   9.6469012E+06   9.6469012E+06   1.1835259E+03   -5.0640306E+02   -3.8726167E+03   9.6065319E+06   9.6469012E+06   6.3527830E+06   0.0000000E+00   0.0000000E+00   0.0000000E+00   0.0000000E+00
   2.0987099E-02   9.2096473E+06   9.2096473E+06   9.2660550E+02   -4.1824236E+02   -2.8284187E+03   9.1705880E+06   9.2096473E+06   6.0644732E+06   0.0000000E+00   0.0000000E+00   0.0000000E+00   0.0000000E+00
   2.2552896E-02   8.7591211E+06   8.7591211E+06   7.7351611E+02   -3.4414032E+02   -2.0174218E+03   8.7215094E+06   8.7591211E+06   5.7674822E+06   0.0000000E+00   0.0000000E+00   0.0000000E+00   0.0000000E+00
   2.4235491E-02   8.2973956E+06   8.2973956E+06   6.7082285E+02   -2.8204578E+02   -1.4001570E+03   8.2613568E+06   8.2973956E+06   5.4631719E+06   0.0000000E+00   0.0000000E+00   0.0000000E+00   0.0000000E+00
   2.6043514E-02   7.8273246E+06   7.8273246E+06   4.9031663E+02   -2.3020372E+02   -9.3318160E+02   7.7929683E+06   7.8273246E+06   5.1534187E+06   0.0000000E+00   0.0000000E+00   0.0000000E+00   0.0000000E+00
   2.7986000E-02   7.3526955E+06   7.3526955E+06   4.3397251E+02   -1.8711067E+02   -5.7916614E+02   7.3201094E+06   7.3526955E+06   4.8407120E+06   0.0000000E+00   0.0000000E+00   0.0000000E+00   0.0000000E+00
   3.0071926E-02   6.8784010E+06   6.8784010E+06   3.1908088E+02   -1.5147835E+02   -3.2603451E+02   6.8476459E+06   6.8784010E+06   4.5282693E+06   0.0000000E+00   0.0000000E+00   0.0000000E+00   0.0000000E+00
   3.2308984E-02   6.4106291E+06   6.4106291E+06   2.5327713E+02   -1.2221149E+02   -1.4841662E+02   6.3817328E+06   6.4106291E+06   4.2201602E+06   0.0000000E+00   0.0000000E+00   0.0000000E+00   0.0000000E+00
   3.4701035E-02   5.9570166E+06   5.9570166E+06   2.1223613E+02   -9.8377362E+01   -2.5839563E+01   5.9299668E+06   5.9570166E+06   3.9214081E+06   0.0000000E+00   0.0000000E+00   0.0000000E+00   0.0000000E+00
   3.7243899E-02   5.5265621E+06   5.5265621E+06   1.8473832E+02   -7.9179398E+01   5.0716228E+01   5.5012995E+06   5.5265621E+06   3.6379322E+06   0.0000000E+00   0.0000000E+00   0.0000000E+00   0.0000000E+00
   3.9920483E-02   5.1289045E+06   5.1289045E+06   1.3073107E+02   -6.3920805E+01   9.9991531E+01   5.1053198E+06   5.1289045E+06   3.3760733E+06   0.0000000E+00   0.0000000E+00   0.0000000E+00   0.0000000E+00
   4.2698611E-02   4.7726267E+06   4.7726267E+06   1.1656170E+02   -5.1964737E+01   1.2487245E+02   4.7505643E+06   4.7726267E+06   3.1414763E+06   0.0000000E+00   0.0000000E+00   0.0000000E+00   0.0000000E+00
   4.5535759E-02   4.4629534E+06   4.4629534E+06   9.8605978E+01   -4.2706930E+01   1.3982228E+02   4.4422273E+06   4.4629534E+06   2.9375758E+06   0.0000000E+00   0.0000000E+00   0.0000000E+00   0.0000000E+00
   4.8390377E-02   4.2001885E+06   4.2001885E+06   7.4085349E+01   -3.5576350E+01   1.4430553E+02   4.1806048E+06   4.2001885E+06   2.7645673E+06   0.0000000E+00   0.0000000E+00   0.0000000E+00   0.0000000E+00
   5.1232698E-02   3.9800350E+06   3.9800350E+06   6.3376339E+01   -3.0064700E+01   1.4205845E+02   3.9614136E+06   3.9800350E+06   2.6196185E+06   0.0000000E+00   0.0000000E+00   0.0000000E+00   0.0000000E+00
   5.4048463E-02   3.7953904E+06   3.7953904E+06   5.9248310E+01   -2.5753218E+01   1.3946966E+02   3.7775797E+06   3.7953904E+06   2.4980512E+06   0.0000000E+00   0.0000000E+00   0.0000000E+00   0.0000000E+00
   5.6836109E-02   3.6382841E+06   3.6382841E+06   4.6782600E+01   -2.2319456E+01   1.3518018E+02   3.6211660E+06   3.6382841E+06   2.3946167E+06   0.0000000E+00   0.0000000E+00   0.0000000E+00   0.0000000E+00
   5.9601803E-02   3.5011404E+06   3.5011404E+06   4.2207195E+01   -1.9526853E+01   1.2850966E+02   3.4846297E+06   3.5011404E+06   2.3043269E+06   0.0000000E+00   0.0000000E+00   0.0000000E+00   0.0000000E+00
   6.2355350E-02   3.3773517E+06   3.3773517E+06   3.8879772E+01   -1.7206288E+01   1.2333517E+02   3.3613923E+06   3.3773517E+06   2.2228315E+06   0.0000000E+00   0.0000000E+00   0.0000000E+00   0.0000000E+00
   6.5107692E-02   3.2614441E+06   3.2614441E+06   3.1219946E+01   -1.5237943E+01   1.1673394E+02   3.2460043E+06   3.2614441E+06   2.1465269E+06   0.0000000E+00   0.0000000E+00   0.0000000E+00   0.0000000E+00
   6.7869635E-02   3.1490731E+06   3.1490731E+06   3.0494298E+01   -1.3537529E+01   1.0983849E+02   3.1341407E+06   3.1490731E+06   2.0725531E+06   0.0000000E+00   0.0000000E+00   0.0000000E+00   0.0000000E+00
   7.0651323E-02   3.0369736E+06   3.0369736E+06   2.6462672E+01   -1.2045889E+01   1.0409104E+02   3.0225512E+06   3.0369736E+06   1.9987605E+06   0.0000000E+00   0.0000000E+00   0.0000000E+00   0.0000000E+00
   7.3462076E-02   2.9229084E+06   2.9229084E+06   2.1684915E+01   -1.0721585E+01   9.6841570E+01   2.9090086E+06   2.9229084E+06   1.9236765E+06   0.0000000E+00   0.0000000E+00   0.0000000E+00   0.0000000E+00
   7.6310422E-02   2.8056237E+06   2.8056237E+06   2.1171586E+01   -9.5359503E+00   8.9837724E+01   2.7922649E+06   2.8056237E+06   1.8464757E+06   0.0000000E+00   0.0000000E+00   0.0000000E+00   0.0000000E+00
   7.9204187E-02   2.6848015E+06   2.6848015E+06   1.9614647E+01   -8.4693812E+00   8.3695690E+01   2.6720031E+06   2.6848015E+06   1.7669485E+06   0.0000000E+00   0.0000000E+00   0.0000000E+00   0.0000000E+00
   8.2150607E-02   2.5609952E+06   2.5609952E+06   1.6747733E+01   -7.5085714E+00   7.7469013E+01   2.5487739E+06   2.5609952E+06   1.6854590E+06   0.0000000E+00   0.0000000E+00   0.0000000E+00   0.0000000E+00
   8.5156442E-02   2.4355341E+06   2.4355341E+06   1.4325749E+01   -6.6445158E+00   7.1132411E+01   2.4238999E+06   2.4355341E+06   1.6028818E+06   0.0000000E+00   0.0000000E+00   0.0000000E+00   0.0000000E+00
   8.8228071E-02   2.3103850E+06   2.3103850E+06   1.2622939E+01   -5.8709850E+00   6.5018224E+01   2.2993383E+06   2.3103850E+06   1.5205114E+06   0.0000000E+00   0.0000000E+00   0.0000000E+00   0.0000000E+00
   9.1371579E-02   2.1879645E+06   2.1879645E+06   1.1498243E+01   -5.1831752E+00   5.9250823E+01   2.1774941E+06   2.1879645E+06   1.4399378E+06   0.0000000E+00   0.0000000E+00   0.0000000E+00   0.0000000E+00
   9.4592824E-02   2.0709010E+06   2.0709010E+06   1.0436232E+01   -4.5768059E+00   5.3666405E+01   2.0609827E+06   2.0709010E+06   1.3628909E+06   0.0000000E+00   0.0000000E+00   0.0000000E+00   0.0000000E+00
   9.7897500E-02   1.9617557E+06   1.9617557E+06   8.3691625E+00   -4.0473215E+00   4.8768810E+01   1.9523530E+06   1.9617557E+06   1.2910558E+06   0.0000000E+00   0.0000000E+00   0.0000000E+00   0.0000000E+00
   1.0129118E-01   1.8627191E+06   1.8627191E+06   7.9908832E+00   -3.5894202E+00   4.4740819E+01   1.8537847E+06   1.8627191E+06   1.2258743E+06   0.0000000E+00   0.0000000E+00   0.0000000E+00   0.0000000E+00
   1.0477936E-01   1.7753127E+06   1.7753127E+06   6.5352827E+00   -3.1967201E+00   4.0655029E+01   1.7667917E+06   1.7753127E+06   1.1683474E+06   0.0000000E+00   0.0000000E+00   0.0000000E+00   0.0000000E+00
   1.0836749E-01   1.7001309E+06   1.7001309E+06   6.4471215E+00   -2.8617786E+00   3.7276355E+01   1.6919656E+06   1.7001309E+06   1.1188662E+06   0.0000000E+00   0.0000000E+00   0.0000000E+00   0.0000000E+00
   1.1206099E-01   1.6366677E+06   1.6366677E+06   5.8889859E+00   -2.5762160E+00   3.4512741E+01   1.6288025E+06   1.6366677E+06   1.0770975E+06   0.0000000E+00   0.0000000E+00   0.0000000E+00   0.0000000E+00
   1.1586529E-01   1.5832697E+06   1.5832697E+06   5.3060777E+00   -2.3311160E+00   3.1955622E+01   1.5756569E+06   1.5832697E+06   1.0419532E+06   0.0000000E+00   0.0000000E+00   0.0000000E+00   0.0000000E+00
   1.1978583E-01   1.5372512E+06   1.5372512E+06   4.7891009E+00   -2.1175765E+00   2.9565122E+01   1.5298557E+06   1.5372512E+06   1.0116657E+06   0.0000000E+00   0.0000000E+00   0.0000000E+00   0.0000000E+00
   1.2382808E-01   1.4951867E+06   1.4951867E+06   4.0477164E+00   -1.9273163E+00   2.7431351E+01   1.4879899E+06   1.4951867E+06   9.8398057E+05   0.0000000E+00   0.0000000E+00   0.0000000E+00   0.0000000E+00
   1.2799754E-01   1.4533706E+06   1.4533706E+06   3.8006344E+00   -1.7533101E+00   2.5644580E+01   1.4463719E+06   1.4533706E+06   9.5645924E+05   0.0000000E+00   0.0000000E+00   0.0000000E+00   0.0000000E+00
   1.3229978E-01   1.4083952E+06   1.4083952E+06   3.2829440E+00   -1.5902924E+00   2.3576024E+01   1.4016100E+06   1.4083952E+06   9.2685903E+05   0.0000000E+00   0.0000000E+00   0.0000000E+00   0.0000000E+00
   1.3674041E-01   1.3577599E+06   1.3577599E+06   3.0953687E+00   -1.4350899E+00   2.1627701E+01   1.3512159E+06   1.3577599E+06   8.9353431E+05   0.0000000E+00   0.0000000E+00   0.0000000E+00   0.0000000E+00
   1.4132510E-01   1.3003939E+06   1.3003939E+06   2.7631378E+00   -1.2866460E+00   1.9737413E+01   1.2941239E+06   1.3003939E+06   8.5578036E+05   0.0000000E+00   0.0000000E+00   0.0000000E+00   0.0000000E+00
   1.4605959E-01   1.2369593E+06   1.2369593E+06   2.3484161E+00   -1.1457372E+00   1.7939157E+01   1.2309930E+06   1.2369593E+06   8.1403300E+05   0.0000000E+00   0.0000000E+00   0.0000000E+00   0.0000000E+00
   1.5094970E-01   1.1698203E+06   1.1698203E+06   2.2529636E+00   -1.0143951E+00   1.6211356E+01   1.1641757E+06   1.1698203E+06   7.6984796E+05   0.0000000E+00   0.0000000E+00   0.0000000E+00   0.0000000E+00
   1.5600131E-01   1.1026147E+06   1.1026147E+06   1.8417243E+00   -8.9512135E-01   1.4484481E+01   1.0972926E+06   1.1026147E+06   7.2561937E+05   0.0000000E+00   0.0000000E+00   0.0000000E+00   0.0000000E+00
   1.6122041E-01   1.0394601E+06   1.0394601E+06   1.6899872E+00   -7.9003931E-01   1.2944846E+01   1.0344413E+06   1.0394601E+06   6.8405695E+05   0.0000000E+00   0.0000000E+00   0.0000000E+00   0.0000000E+00
   1.6661305E-01   9.8393465E+05   9.8393465E+05   1.4757569E+00   -7.0016923E-01   1.1646689E+01   9.7918252E+05   9.8393465E+05   6.4751532E+05   0.0000000E+00   0.0000000E+00   0.0000000E+00   0.0000000E+00
   1.7218539E-01   9.3808057E+05   9.3808057E+05   1.3083258E+00   -6.2501155E-01   1.0615824E+01   9.3354862E+05   9.3808057E+05   6.1733845E+05   0.0000000E+00   0.0000000E+00   0.0000000E+00   0.0000000E+00
   1.7794372E-01   9.0173489E+05   9.0173489E+05   1.2249044E+00   -5.6253555E-01   9.6232674E+00   8.9737736E+05   9.0173489E+05   5.9341906E+05   0.0000000E+00   0.0000000E+00   0.0000000E+00   0.0000000E+00
   1.8389444E-01   8.7245852E+05   8.7245852E+05   1.1366661E+00   -5.0962074E-01   8.8666901E+00   8.6824141E+05   8.7245852E+05   5.7415198E+05   0.0000000E+00   0.0000000E+00   0.0000000E+00   0.0000000E+00
   1.9004408E-01   8.4619220E+05   8.4619220E+05   1.0266465E+00   -4.6281134E-01   8.1484749E+00   8.4210109E+05   8.4619220E+05   5.5686586E+05   0.0000000E+00   0.0000000E+00   0.0000000E+00   0.0000000E+00
   1.9639936E-01   8.1853039E+05   8.1853039E+05   8.8614547E-01   -4.1917722E-01   7.4616493E+00   8.1457213E+05   8.1853039E+05   5.3866146E+05   0.0000000E+00   0.0000000E+00   0.0000000E+00   0.0000000E+00
   2.0296716E-01   7.8623917E+05   7.8623917E+05   8.3236936E-01   -3.7699596E-01   6.8199297E+00   7.8243626E+05   7.8623917E+05   5.1741060E+05   0.0000000E+00   0.0000000E+00   0.0000000E+00   0.0000000E+00
   2.0975460E-01   7.4846167E+05   7.4846167E+05   7.3285038E-01   -3.3601704E-01   6.1585508E+00   7.4484076E+05   7.4846167E+05   4.9254938E+05   0.0000000E+00   0.0000000E+00   0.0000000E+00   0.0000000E+00
   2.1676904E-01   7.0706819E+05   7.0706819E+05   6.5581093E-01   -2.9720500E-01   5.4913878E+00   7.0364690E+05   7.0706819E+05   4.6530864E+05   0.0000000E+00   0.0000000E+00   0.0000000E+00   0.0000000E+00
   2.2401812E-01   6.6588090E+05   6.6588090E+05   5.4758021E-01   -2.6205554E-01   4.9026411E+00   6.6265833E+05   6.6588090E+05   4.3820365E+05   0.0000000E+00   0.0000000E+00   0.0000000E+00   0.0000000E+00
   2.3150985E-01   6.2898093E+05   6.2898093E+05   4.9272087E-01   -2.3176221E-01   4.3680193E+00   6.2593644E+05   6.2898093E+05   4.1392014E+05   0.0000000E+00   0.0000000E+00   0.0000000E+00   0.0000000E+00
   2.3925261E-01   5.9880086E+05   5.9880086E+05   4.3289622E-01   -2.0658794E-01   3.9400689E+00   5.9590199E+05   5.9880086E+05   3.9405891E+05   0.0000000E+00   0.0000000E+00   0.0000000E+00   0.0000000E+00
   2.4725523E-01   5.7494435E+05   5.7494435E+05   4.0708095E-01   -1.8572600E-01   3.5817412E+00   5.7216056E+05   5.7494435E+05   3.7835914E+05   0.0000000E+00   0.0000000E+00   0.0000000E+00   0.0000000E+00
   2.5552711E-01   5.5443805E+05   5.5443805E+05   3.6231655E-01   -1.6769587E-01   3.2755410E+00   5.5175317E+05   5.5443805E+05   3.6486411E+05   0.0000000E+00   0.0000000E+00   0.0000000E+00   0.0000000E+00
   2.6407821E-01   5.3341008E+05   5.3341008E+05   3.2977836E-01   -1.5105689E-01   2.9667007E+00   5.3082669E+05   5.3341008E+05   3.5102581E+05   0.0000000E+00   0.0000000E+00   0.0000000E+00   0.0000000E+00
   2.7291924E-01   5.0932501E+05   5.0932501E+05   2.8453924E-01   -1.3503999E-01   2.6772044E+00   5.0685797E+05   5.0932501E+05   3.3517574E+05   0.0000000E+00   0.0000000E+00   0.0000000E+00   0.0000000E+00
   2.8206171E-01   4.8242609E+05   4.8242609E+05   2.5259575E-01   -1.1974665E-01   2.3979167E+00   4.8008906E+05   4.8242609E+05   3.1747396E+05   0.0000000E+00   0.0000000E+00   0.0000000E+00   0.0000000E+00
   2.9151805E-01   4.5538580E+05   4.5538580E+05   2.3006613E-01   -1.0581609E-01   2.1365518E+00   4.5317952E+05   4.5538580E+05   2.9967918E+05   0.0000000E+00   0.0000000E+00   0.0000000E+00   0.0000000E+00
   3.0130182E-01   4.3130379E+05   4.3130379E+05   2.0067262E-01   -9.3815046E-02   1.9113114E+00   4.2921397E+05   4.3130379E+05   2.8383120E+05   0.0000000E+00   0.0000000E+00   0.0000000E+00   0.0000000E+00
   3.1142780E-01   4.1143143E+05   4.1143143E+05   1.8174910E-01   -8.3767045E-02   1.7182189E+00   4.0943771E+05   4.1143143E+05   2.7075353E+05   0.0000000E+00   0.0000000E+00   0.0000000E+00   0.0000000E+00
   3.2191223E-01   3.9435968E+05   3.9435968E+05   1.6100435E-01   -7.5146942E-02   1.5553214E+00   3.9244850E+05   3.9435968E+05   2.5951888E+05   0.0000000E+00   0.0000000E+00   0.0000000E+00   0.0000000E+00
   3.3277302E-01   3.7736917E+05   3.7736917E+05   1.4554551E-01   -6.7292078E-02   1.4008274E+00   3.7554017E+05   3.7736917E+05   2.4833772E+05   0.0000000E+00   0.0000000E+00   0.0000000E+00   0.0000000E+00
   3.4403003E-01   3.5882873E+05   3.5882873E+05   1.2777547E-01   -5.9866105E-02   1.2531950E+00   3.5708946E+05   3.5882873E+05   2.3613660E+05   0.0000000E+00   0.0000000E+00   0.0000000E+00   0.0000000E+00
   3.5570537E-01   3.3948731E+05   3.3948731E+05   1.1437373E-01   -5.2980816E-02   1.1167884E+00   3.3784165E+05   3.3948731E+05   2.2340839E+05   0.0000000E+00   0.0000000E+00   0.0000000E+00   0.0000000E+00
   3.6782380E-01   3.2142992E+05   3.2142992E+05   1.0101270E-01   -4.6910987E-02   9.9651972E-01   3.1987168E+05   3.2142992E+05   2.1152518E+05   0.0000000E+00   0.0000000E+00   0.0000000E+00   0.0000000E+00
   3.8041316E-01   3.0577735E+05   3.0577735E+05   8.9006651E-02   -4.1721578E-02   8.9408731E-01   3.0429489E+05   3.0577735E+05   2.0122454E+05   0.0000000E+00   0.0000000E+00   0.0000000E+00   0.0000000E+00
   3.9350493E-01   2.9160880E+05   2.9160880E+05   7.9208452E-02   -3.7185037E-02   8.0234579E-01   2.9019495E+05   2.9160880E+05   1.9190051E+05   0.0000000E+00   0.0000000E+00   0.0000000E+00   0.0000000E+00
   4.0713493E-01   2.7728264E+05   2.7728264E+05   7.0503305E-02   -3.3030026E-02   7.1671686E-01   2.7593816E+05   2.7728264E+05   1.8247276E+05   0.0000000E+00   0.0000000E+00   0.0000000E+00   0.0000000E+00
   4.2134406E-01   2.6246991E+05   2.6246991E+05   6.2731809E-02   -2.9191966E-02   6.3787906E-01   2.6119718E+05   2.6246991E+05   1.7272483E+05   0.0000000E+00   0.0000000E+00   0.0000000E+00   0.0000000E+00
   4.3617942E-01   2.4828281E+05   2.4828281E+05   5.4977989E-02   -2.5767201E-02   5.6617020E-01   2.4707881E+05   2.4828281E+05   1.6338861E+05   0.0000000E+00   0.0000000E+00   0.0000000E+00   0.0000000E+00
   4.5169550E-01   2.3545530E+05   2.3545530E+05   4.8768363E-02   -2.2785973E-02   5.0399638E-01   2.3431344E+05   2.3545530E+05   1.5494711E+05   0.0000000E+00   0.0000000E+00   0.0000000E+00   0.0000000E+00
   4.6795579E-01   2.2333669E+05   2.2333669E+05   4.3172164E-02   -2.0137233E-02   4.4773850E-01   2.2225355E+05   2.2333669E+05   1.4697213E+05   0.0000000E+00   0.0000000E+00   0.0000000E+00   0.0000000E+00
   4.8503481E-01   2.1115021E+05   2.1115021E+05   3.7856742E-02   -1.7721122E-02   3.9578103E-01   2.1012613E+05   2.1115021E+05   1.3895249E+05   0.0000000E+00   0.0000000E+00   0.0000000E+00   0.0000000E+00
   5.0302068E-01   1.9922462E+05   1.9922462E+05   3.3309021E-02   -1.5545783E-02   3.4936857E-01   1.9825833E+05   1.9922462E+05   1.3110454E+05   0.0000000E+00   0.0000000E+00   0.0000000E+00   0.0000000E+00
   5.2201836E-01   1.8807903E+05   1.8807903E+05   2.9182806E-02   -1.3627228E-02   3.0785184E-01   1.8716677E+05   1.8807903E+05   1.2376989E+05   0.0000000E+00   0.0000000E+00   0.0000000E+00   0.0000000E+00
   5.4215391E-01   1.7736647E+05   1.7736647E+05   2.5475528E-02   -1.1914166E-02   2.7018777E-01   1.7650613E+05   1.7736647E+05   1.1672021E+05   0.0000000E+00   0.0000000E+00   0.0000000E+00   0.0000000E+00
   5.6357994E-01   1.6676688E+05   1.6676688E+05   2.2162561E-02   -1.0366503E-02   2.3637913E-01   1.6595792E+05   1.6676688E+05   1.0974488E+05   0.0000000E+00   0.0000000E+00   0.0000000E+00   0.0000000E+00
   5.8648259E-01   1.5657297E+05   1.5657297E+05   1.9216339E-02   -8.9874821E-03   2.0662100E-01   1.5581343E+05   1.5657297E+05   1.0303651E+05   0.0000000E+00   0.0000000E+00   0.0000000E+00   0.0000000E+00
   6.1109057E-01   1.4675174E+05   1.4675174E+05   1.6591480E-02   -7.7589320E-03   1.7901358E-01   1.4603983E+05   1.4675174E+05   9.6573410E+04   0.0000000E+00   0.0000000E+00   0.0000000E+00   0.0000000E+00
   6.3768639E-01   1.3709638E+05   1.3709638E+05   1.4231056E-02   -6.6563871E-03   1.5438783E-01   1.3643129E+05   1.3709638E+05   9.0219461E+04   0.0000000E+00   0.0000000E+00   0.0000000E+00   0.0000000E+00
   6.6662001E-01   1.2773030E+05   1.2773030E+05   1.2132813E-02   -5.6749574E-03   1.3219694E-01   1.2711062E+05   1.2773030E+05   8.4055879E+04   0.0000000E+00   0.0000000E+00   0.0000000E+00   0.0000000E+00
   6.9832411E-01   1.1856675E+05   1.1856675E+05   1.0264882E-02   -4.8003397E-03   1.1246343E-01   1.1799150E+05   1.1856675E+05   7.8025578E+04   0.0000000E+00   0.0000000E+00   0.0000000E+00   0.0000000E+00
   7.3332849E-01   1.0959741E+05   1.0959741E+05   8.6028225E-03   -4.0236861E-03   9.4797663E-02   1.0906567E+05   1.0959741E+05   7.2123087E+04   0.0000000E+00   0.0000000E+00   0.0000000E+00   0.0000000E+00
   7.7226734E-01   1.0081862E+05   1.0081862E+05   7.1350653E-03   -3.3375213E-03   7.8998427E-02   1.0032946E+05   1.0081862E+05   6.6345998E+04   0.0000000E+00   0.0000000E+00   0.0000000E+00   0.0000000E+00
   8.1586771E-01   9.2237195E+04   9.2237195E+04   5.8479873E-03   -2.7357970E-03   6.5145983E-02   9.1789658E+04   9.2237195E+04   6.0698786E+04   0.0000000E+00   0.0000000E+00   0.0000000E+00   0.0000000E+00
   8.6490194E-01   8.3883259E+04   8.3883259E+04   4.7745538E-03   -2.2138947E-03   5.3049856E-02   8.3476244E+04   8.3883259E+04   5.5201281E+04   0.0000000E+00   0.0000000E+00   0.0000000E+00   0.0000000E+00
   9.2009122E-01   7.5823478E+04   7.5823478E+04   3.7795409E-03   -1.7682963E-03   4.2555450E-02   7.5455562E+04   7.5823478E+04   4.9897353E+04   0.0000000E+00   0.0000000E+00   0.0000000E+00   0.0000000E+00
   9.8197646E-01   6.8147237E+04   6.8147237E+04   2.9818300E-03   -1.3952672E-03   3.3812937E-02   6.7816561E+04   6.8147237E+04   4.4845825E+04   0.0000000E+00   0.0000000E+00   0.0000000E+00   0.0000000E+00
   1.0508244E+00   6.0952745E+04   6.0952745E+04   2.3289401E-03   -1.0897874E-03   2.6539300E-02   6.0656973E+04   6.0952745E+04   4.0111323E+04   0.0000000E+00   0.0000000E+00   0.0000000E+00   0.0000000E+00
   1.1266536E+00   5.4319732E+04   5.4319732E+04   1.8052681E-03   -8.4485800E-04   2.0650614E-02   5.4056142E+04   5.4319732E+04   3.5746316E+04   0.0000000E+00   0.0000000E+00   0.0000000E+00   0.0000000E+00
   1.2093842E+00   4.8290606E+04   4.8290606E+04   1.3928774E-03   -6.5183682E-04   1.6006111E-02   4.8056269E+04   4.8290606E+04   3.1778712E+04   0.0000000E+00   0.0000000E+00   0.0000000E+00   0.0000000E+00
   1.2990078E+00   4.2865779E+04   4.2865779E+04   1.0667725E-03   -5.0152181E-04   1.2366908E-02   4.2657763E+04   4.2865779E+04   2.8208782E+04   0.0000000E+00   0.0000000E+00   0.0000000E+00   0.0000000E+00
   1.3956792E+00   3.8013792E+04   3.8013792E+04   8.2336225E-04   -3.8527454E-04   9.5234258E-03   3.7829320E+04   3.8013792E+04   2.5015822E+04   0.0000000E+00   0.0000000E+00   0.0000000E+00   0.0000000E+00
   1.4997207E+00   3.3689246E+04   3.3689246E+04   6.3187625E-04   -2.9571206E-04   7.3691628E-03   3.3525757E+04   3.3689246E+04   2.2169957E+04   0.0000000E+00   0.0000000E+00   0.0000000E+00   0.0000000E+00
   1.6115845E+00   2.9841447E+04   2.9841447E+04   4.8463574E-04   -2.2683481E-04   5.6608737E-03   2.9696630E+04   2.9841447E+04   1.9637827E+04   0.0000000E+00   0.0000000E+00   0.0000000E+00   0.0000000E+00
   1.7318139E+00   2.6421238E+04   2.6421238E+04   3.7242630E-04   -1.7391774E-04   4.3487554E-03   2.6293018E+04   2.6421238E+04   1.7387082E+04   0.0000000E+00   0.0000000E+00   0.0000000E+00   0.0000000E+00
   1.8610191E+00   2.3383257E+04   2.3383257E+04   2.8475940E-04   -1.3328881E-04   3.3530814E-03   2.3269779E+04   2.3383257E+04   1.5387870E+04   0.0000000E+00   0.0000000E+00   0.0000000E+00   0.0000000E+00
   1.9998653E+00   2.0686261E+04   2.0686261E+04   2.1811526E-04   -1.0210983E-04   2.5716144E-03   2.0585871E+04   2.0686261E+04   1.3613052E+04   0.0000000E+00   0.0000000E+00   0.0000000E+00   0.0000000E+00
   2.1490709E+00   1.8293196E+04   1.8293196E+04   1.6701779E-04   -7.8193668E-05   1.9775235E-03   1.8204419E+04   1.8293196E+04   1.2038242E+04   0.0000000E+00   0.0000000E+00   0.0000000E+00   0.0000000E+00
   2.3094084E+00   1.6170905E+04   1.6170905E+04   1.2784621E-04   -5.9856637E-05   1.5146540E-03   1.6092428E+04   1.6170905E+04   1.0641622E+04   0.0000000E+00   0.0000000E+00   0.0000000E+00   0.0000000E+00
   2.4817083E+00   1.4289588E+04   1.4289588E+04   9.7804302E-05   -4.5802902E-05   1.1638732E-03   1.4220240E+04   1.4289588E+04   9.4035788E+03   0.0000000E+00   0.0000000E+00   0.0000000E+00   0.0000000E+00
   2.6668632E+00   1.2622664E+04   1.2622664E+04   7.4872285E-05   -3.5036353E-05   8.8871720E-04   1.2561406E+04   1.2622664E+04   8.3066228E+03   0.0000000E+00   0.0000000E+00   0.0000000E+00   0.0000000E+00
   2.8658321E+00   1.1146360E+04   1.1146360E+04   5.7234078E-05   -2.6791362E-05   6.8259615E-04   1.1092266E+04   1.1146360E+04   7.3351079E+03   0.0000000E+00   0.0000000E+00   0.0000000E+00   0.0000000E+00
   3.0796456E+00   9.8394300E+03   9.8394300E+03   4.3746251E-05   -2.0479763E-05   5.2204654E-04   9.7916784E+03   9.8394300E+03   6.4750539E+03   0.0000000E+00   0.0000000E+00   0.0000000E+00   0.0000000E+00
   3.3094113E+00   8.6829212E+03   8.6829212E+03   3.3425378E-05   -1.5649945E-05   4.0067842E-04   8.6407821E+03   8.6829212E+03   5.7139877E+03   0.0000000E+00   0.0000000E+00   0.0000000E+00   0.0000000E+00
   3.5563192E+00   7.6599313E+03   7.6599313E+03   2.5539639E-05   -1.1955360E-05   3.0718049E-04   7.6227568E+03   7.6599313E+03   5.0407866E+03   0.0000000E+00   0.0000000E+00   0.0000000E+00   0.0000000E+00
   3.8216485E+00   6.7553972E+03   6.7553972E+03   1.9494521E-05   -9.1301549E-06   2.3462662E-04   6.7226124E+03   6.7553972E+03   4.4455379E+03   0.0000000E+00   0.0000000E+00   0.0000000E+00   0.0000000E+00
   4.1067734E+00   5.9559034E+03   5.9559034E+03   1.4890835E-05   -6.9704799E-06   1.7897234E-04   5.9269986E+03   5.9559034E+03   3.9194134E+03   0.0000000E+00   0.0000000E+00   0.0000000E+00   0.0000000E+00
   4.4131708E+00   5.2495096E+03   5.2495096E+03   1.1365656E-05   -5.3200988E-06   1.3528770E-04   5.2240330E+03   5.2495096E+03   3.4545554E+03   0.0000000E+00   0.0000000E+00   0.0000000E+00   0.0000000E+00
   4.7424279E+00   4.6255949E+03   4.6255949E+03   8.6718324E-06   -4.0593125E-06   1.0459924E-04   4.6031463E+03   4.6255949E+03   3.0439746E+03   0.0000000E+00   0.0000000E+00   0.0000000E+00   0.0000000E+00
   5.0962502E+00   4.0747180E+03   4.0747180E+03   6.6132315E-06   -3.0964483E-06   8.0399959E-05   4.0549428E+03   4.0747180E+03   2.6814579E+03   0.0000000E+00   0.0000000E+00   0.0000000E+00   0.0000000E+00
   5.4764703E+00   3.5884905E+03   3.5884905E+03   5.0455091E-06   -2.3613287E-06   6.0167677E-05   3.5710750E+03   3.5884905E+03   2.3614851E+03   0.0000000E+00   0.0000000E+00   0.0000000E+00   0.0000000E+00
   5.8850579E+00   3.1594639E+03   3.1594639E+03   3.8464636E-06   -1.8002519E-06   4.6000847E-05   3.1441305E+03   3.1594639E+03   2.0791548E+03   0.0000000E+00   0.0000000E+00   0.0000000E+00   0.0000000E+00
   6.3241293E+00   2.7810276E+03   2.7810276E+03   2.9318046E-06   -1.3721342E-06   3.5649117E-05   2.7675308E+03   2.7810276E+03   1.8301164E+03   0.0000000E+00   0.0000000E+00   0.0000000E+00   0.0000000E+00
   6.7959588E+00   2.4473175E+03   2.4473175E+03   2.2345711E-06   -1.0455590E-06   2.7251913E-05   2.4354403E+03   2.4473175E+03   1.6105111E+03   0.0000000E+00   0.0000000E+00   0.0000000E+00   0.0000000E+00
   7.3029906E+00   2.1531344E+03   2.1531344E+03   1.7024416E-06   -7.9650981E-07   2.0907834E-05   2.1426849E+03   2.1531344E+03   1.4169175E+03   0.0000000E+00   0.0000000E+00   0.0000000E+00   0.0000000E+00
   7.8478508E+00   1.8938710E+03   1.8938710E+03   1.2964569E-06   -6.0663329E-07   1.5768742E-05   1.8846798E+03   1.8938710E+03   1.2463035E+03   0.0000000E+00   0.0000000E+00   0.0000000E+00   0.0000000E+00
   8.4333619E+00   1.6654460E+03   1.6654460E+03   9.8756096E-07   -4.6190808E-07   1.2259660E-05   1.6573633E+03   1.6654460E+03   1.0959834E+03   0.0000000E+00   0.0000000E+00   0.0000000E+00   0.0000000E+00
   9.0625568E+00   1.4642457E+03   1.4642457E+03   7.5132079E-07   -3.5162534E-07   9.2006155E-06   1.4571395E+03   1.4642457E+03   9.6357912E+02   0.0000000E+00   0.0000000E+00   0.0000000E+00   0.0000000E+00
   9.7386944E+00   1.2870722E+03   1.2870722E+03   5.7234976E-07   -2.6760931E-07   7.0281358E-06   1.2808258E+03   1.2870722E+03   8.4698615E+02   0.0000000E+00   0.0000000E+00   0.0000000E+00   0.0000000E+00
   1.0465277E+01   1.1310961E+03   1.1310961E+03   4.3550576E-07   -2.0361947E-07   5.2529319E-06   1.1256067E+03   1.1310961E+03   7.4434266E+02   0.0000000E+00   0.0000000E+00   0.0000000E+00   0.0000000E+00
