#           k/h    CDM            baryon         photon         nu             mass_nu        total          no_nu          total_de       Weyl           v_CDM          v_b            v_b-v_c     
   9.1121483E-06   2.3328608E+07   2.3328608E+07   3.1088459E+07   -4.9132063E+06   -1.8181973E+08   2.3328637E+07   2.3328608E+07   1.0512173E+07   0.0000000E+00   0.0000000E+00   0.0000000E+00   0.0000000E+00
   9.7919859E-06   2.3328658E+07   2.3328658E+07   3.1085996E+07   -4.9131370E+06   -1.8181672E+08   2.3328687E+07   2.3328658E+07   1.0512182E+07   0.0000000E+00   0.0000000E+00   0.0000000E+00   0.0000000E+00
   1.0522545E-05   2.3328717E+07   2.3328717E+07   3.1083152E+07   -4.9130570E+06   -1.8181325E+08   2.3328745E+07   2.3328717E+07   1.0512192E+07   0.0000000E+00   0.0000000E+00   0.0000000E+00   0.0000000E+00
   1.1307609E-05   2.3328784E+07   2.3328784E+07   3.1079869E+07   -4.9129646E+06   -1.8180923E+08   2.3328812E+07   2.3328784E+07   1.0512204E+07   0.0000000E+00   0.0000000E+00   0.0000000E+00   0.0000000E+00
   1.2151245E-05   2.3328862E+07   2.3328862E+07   3.1076077E+07   -4.9128579E+06   -1.8180460E+08   2.3328890E+07   2.3328862E+07   1.0512218E+07   0.0000000E+00   0.0000000E+00   0.0000000E+00   0.0000000E+00
   1.3057823E-05   2.3328953E+07   2.3328953E+07   3.1071699E+07   -4.9127347E+06   -1.8179925E+08   2.3328979E+07   2.3328953E+07   1.0512234E+07   0.0000000E+00   0.0000000E+00   0.0000000E+00   0.0000000E+00
   1.4032039E-05   2.3329057E+07   2.3329057E+07   3.1066644E+07   -4.9125925E+06   -1.8179307E+08   2.3329083E+07   2.3329057E+07   1.0512252E+07   0.0000000E+00   0.0000000E+00   0.0000000E+00   0.0000000E+00
   1.5078939E-05   2.3329177E+07   2.3329177E+07   3.1060808E+07   -4.9124282E+06   -1.8178593E+08   2.3329202E+07   2.3329177E+07   1.0512273E+07   0.0000000E+00   0.0000000E+00   0.0000000E+00   0.0000000E+00
   1.6203946E-05   2.3329316E+07   2.3329316E+07   3.1054070E+07   -4.9122385E+06   -1.8177769E+08   2.3329340E+07   2.3329316E+07   1.0512297E+07   0.0000000E+00   0.0000000E+00   0.0000000E+00   0.0000000E+00
   1.7412887E-05   2.3329476E+07   2.3329476E+07   3.1046290E+07   -4.9120194E+06   -1.8176818E+08   2.3329499E+07   2.3329476E+07   1.0512326E+07   0.0000000E+00   0.0000000E+00   0.0000000E+00   0.0000000E+00
   1.8712025E-05   2.3329661E+07   2.3329661E+07   3.1037307E+07   -4.9117665E+06   -1.8175719E+08   2.3329682E+07   2.3329661E+07   1.0512358E+07   0.0000000E+00   0.0000000E+00   0.0000000E+00   0.0000000E+00
   2.0108088E-05   2.3329874E+07   2.3329874E+07   3.1026937E+07   -4.9114745E+06   -1.8174451E+08   2.3329894E+07   2.3329874E+07   1.0512396E+07   0.0000000E+00   0.0000000E+00   0.0000000E+00   0.0000000E+00
   2.1608309E-05   2.3330121E+07   2.3330121E+07   3.1014966E+07   -4.9111372E+06   -1.8172986E+08   2.3330139E+07   2.3330121E+07   1.0512439E+07   0.0000000E+00   0.0000000E+00   0.0000000E+00   0.0000000E+00
   2.3220458E-05   2.3330406E+07   2.3330406E+07   3.1001147E+07   -4.9107478E+06   -1.8171295E+08   2.3330422E+07   2.3330406E+07   1.0512489E+07   0.0000000E+00   0.0000000E+00   0.0000000E+00   0.0000000E+00
   2.4952886E-05   2.3330735E+07   2.3330735E+07   3.0985195E+07   -4.9102982E+06   -1.8169343E+08   2.3330748E+07   2.3330735E+07   1.0512547E+07   0.0000000E+00   0.0000000E+00   0.0000000E+00   0.0000000E+00
   2.6814566E-05   2.3331114E+07   2.3331114E+07   3.0966782E+07   -4.9097791E+06   -1.8167088E+08   2.3331125E+07   2.3331114E+07   1.0512614E+07   0.0000000E+00   0.0000000E+00   0.0000000E+00   0.0000000E+00
   2.8815143E-05   2.3331553E+07   2.3331553E+07   3.0945531E+07   -4.9091797E+06   -1.8164485E+08   2.3331560E+07   2.3331553E+07   1.0512691E+07   0.0000000E+00   0.0000000E+00   0.0000000E+00   0.0000000E+00
   3.0964978E-05   2.3332059E+07   2.3332059E+07   3.0921006E+07   -4.9084877E+06   -1.8161480E+08   2.3332062E+07   2.3332059E+07   1.0512780E+07   0.0000000E+00   0.0000000E+00   0.0000000E+00   0.0000000E+00
   3.3275208E-05   2.3332643E+07   2.3332643E+07   3.0892705E+07   -4.9076887E+06   -1.8158010E+08   2.3332642E+07   2.3332643E+07   1.0512882E+07   0.0000000E+00   0.0000000E+00   0.0000000E+00   0.0000000E+00
   3.5757799E-05   2.3333318E+07   2.3333318E+07   3.0860051E+07   -4.9067663E+06   -1.8154005E+08   2.3333311E+07   2.3333318E+07   1.0513001E+07   0.0000000E+00   0.0000000E+00   0.0000000E+00   0.0000000E+00
   3.8425611E-05   2.3334097E+07   2.3334097E+07   3.0822378E+07   -4.9057014E+06   -1.8149381E+08   2.3334084E+07   2.3334097E+07   1.0513138E+07   0.0000000E+00   0.0000000E+00   0.0000000E+00   0.0000000E+00
   4.1292462E-05   2.3334996E+07   2.3334996E+07   3.0778922E+07   -4.9044721E+06   -1.8144044E+08   2.3334977E+07   2.3334996E+07   1.0513296E+07   0.0000000E+00   0.0000000E+00   0.0000000E+00   0.0000000E+00
   4.4373203E-05   2.3336034E+07   2.3336034E+07   3.0728804E+07   -4.9030530E+06   -1.8137883E+08   2.3336006E+07   2.3336034E+07   1.0513478E+07   0.0000000E+00   0.0000000E+00   0.0000000E+00   0.0000000E+00
   4.7683791E-05   2.3337231E+07   2.3337231E+07   3.0671014E+07   -4.9014149E+06   -1.8130772E+08   2.3337195E+07   2.3337231E+07   1.0513688E+07   0.0000000E+00   0.0000000E+00   0.0000000E+00   0.0000000E+00
   5.1241375E-05   2.3338614E+07   2.3338614E+07   3.0604391E+07   -4.8995243E+06   -1.8122566E+08   2.3338567E+07   2.3338614E+07   1.0513931E+07   0.0000000E+00   0.0000000E+00   0.0000000E+00   0.0000000E+00
   5.5064383E-05   2.3340210E+07   2.3340210E+07   3.0527608E+07   -4.8973423E+06   -1.8113096E+08   2.3340151E+07   2.3340210E+07   1.0514211E+07   0.0000000E+00   0.0000000E+00   0.0000000E+00   0.0000000E+00
   5.9172617E-05   2.3342051E+07   2.3342051E+07   3.0439140E+07   -4.8948242E+06   -1.8102169E+08   2.3341978E+07   2.3342051E+07   1.0514534E+07   0.0000000E+00   0.0000000E+00   0.0000000E+00   0.0000000E+00
   6.3587358E-05   2.3344175E+07   2.3344175E+07   3.0337246E+07   -4.8919186E+06   -1.8089561E+08   2.3344086E+07   2.3344175E+07   1.0514907E+07   0.0000000E+00   0.0000000E+00   0.0000000E+00   0.0000000E+00
   6.8331472E-05   2.3346626E+07   2.3346626E+07   3.0219936E+07   -4.8885662E+06   -1.8075018E+08   2.3346518E+07   2.3346626E+07   1.0515337E+07   0.0000000E+00   0.0000000E+00   0.0000000E+00   0.0000000E+00
   7.3429535E-05   2.3349453E+07   2.3349453E+07   3.0084940E+07   -4.8846989E+06   -1.8058245E+08   2.3349324E+07   2.3349453E+07   1.0515832E+07   0.0000000E+00   0.0000000E+00   0.0000000E+00   0.0000000E+00
   7.8907953E-05   2.3352714E+07   2.3352714E+07   2.9929677E+07   -4.8802382E+06   -1.8038902E+08   2.3352559E+07   2.3352714E+07   1.0516404E+07   0.0000000E+00   0.0000000E+00   0.0000000E+00   0.0000000E+00
   8.4795104E-05   2.3356473E+07   2.3356473E+07   2.9751217E+07   -4.8750941E+06   -1.8016601E+08   2.3356290E+07   2.3356473E+07   1.0517062E+07   0.0000000E+00   0.0000000E+00   0.0000000E+00   0.0000000E+00
   9.1121483E-05   2.3360808E+07   2.3360808E+07   2.9546241E+07   -4.8691631E+06   -1.7990897E+08   2.3360591E+07   2.3360808E+07   1.0517820E+07   0.0000000E+00   0.0000000E+00   0.0000000E+00   0.0000000E+00
   9.7919859E-05   2.3365803E+07   2.3365803E+07   2.9311008E+07   -4.8623264E+06   -1.7961279E+08   2.3365548E+07   2.3365803E+07   1.0518694E+07   0.0000000E+00   0.0000000E+00   0.0000000E+00   0.0000000E+00
   1.0522545E-04   2.3371559E+07   2.3371559E+07   2.9041312E+07   -4.8544481E+06   -1.7927162E+08   2.3371260E+07   2.3371559E+07   1.0519699E+07   0.0000000E+00   0.0000000E+00   0.0000000E+00   0.0000000E+00
   1.1307609E-04   2.3378188E+07   2.3378188E+07   2.8732453E+07   -4.8453722E+06   -1.7887877E+08   2.3377838E+07   2.3378188E+07   1.0520856E+07   0.0000000E+00   0.0000000E+00   0.0000000E+00   0.0000000E+00
   1.2151245E-04   2.3385820E+07   2.3385820E+07   2.8379202E+07   -4.8349208E+06   -1.7842663E+08   2.3385411E+07   2.3385820E+07   1.0522186E+07   0.0000000E+00   0.0000000E+00   0.0000000E+00   0.0000000E+00
   1.3057823E-04   2.3394603E+07   2.3394603E+07   2.7975786E+07   -4.8228904E+06   -1.7790651E+08   2.3394126E+07   2.3394603E+07   1.0523714E+07   0.0000000E+00   0.0000000E+00   0.0000000E+00   0.0000000E+00
   1.4032039E-04   2.3404704E+07   2.3404704E+07   2.7515884E+07   -4.8090494E+06   -1.7730854E+08   2.3404150E+07   2.3404704E+07   1.0525469E+07   0.0000000E+00   0.0000000E+00   0.0000000E+00   0.0000000E+00
   1.5078939E-04   2.3416316E+07   2.3416316E+07   2.6992645E+07   -4.7931346E+06   -1.7662155E+08   2.3415671E+07   2.3416316E+07   1.0527483E+07   0.0000000E+00   0.0000000E+00   0.0000000E+00   0.0000000E+00
   1.6203946E-04   2.3429652E+07   2.3429652E+07   2.6398739E+07   -4.7748471E+06   -1.7583290E+08   2.3428903E+07   2.3429652E+07   1.0529790E+07   0.0000000E+00   0.0000000E+00   0.0000000E+00   0.0000000E+00
   1.7412887E-04   2.3444958E+07   2.3444958E+07   2.5726451E+07   -4.7538495E+06   -1.7492836E+08   2.3444090E+07   2.3444958E+07   1.0532432E+07   0.0000000E+00   0.0000000E+00   0.0000000E+00   0.0000000E+00
   1.8712025E-04   2.3462507E+07   2.3462507E+07   2.4967836E+07   -4.7297611E+06   -1.7389202E+08   2.3461501E+07   2.3462507E+07   1.0535451E+07   0.0000000E+00   0.0000000E+00   0.0000000E+00   0.0000000E+00
   2.0108088E-04   2.3482606E+07   2.3482606E+07   2.4114943E+07   -4.7021553E+06   -1.7270608E+08   2.3481441E+07   2.3482606E+07   1.0538897E+07   0.0000000E+00   0.0000000E+00   0.0000000E+00   0.0000000E+00
   2.1608309E-04   2.3505595E+07   2.3505595E+07   2.3160142E+07   -4.6705555E+06   -1.7135086E+08   2.3504248E+07   2.3505595E+07   1.0542824E+07   0.0000000E+00   0.0000000E+00   0.0000000E+00   0.0000000E+00
   2.3220458E-04   2.3531852E+07   2.3531852E+07   2.2096561E+07   -4.6344326E+06   -1.6980467E+08   2.3530295E+07   2.3531852E+07   1.0547287E+07   0.0000000E+00   0.0000000E+00   0.0000000E+00   0.0000000E+00
   2.4952886E-04   2.3561790E+07   2.3561790E+07   2.0918665E+07   -4.5932037E+06   -1.6804386E+08   2.3559992E+07   2.3561790E+07   1.0552349E+07   0.0000000E+00   0.0000000E+00   0.0000000E+00   0.0000000E+00
   2.6814566E-04   2.3595857E+07   2.3595857E+07   1.9622992E+07   -4.5462312E+06   -1.6604291E+08   2.3593783E+07   2.3595857E+07   1.0558072E+07   0.0000000E+00   0.0000000E+00   0.0000000E+00   0.0000000E+00
   2.8815143E-04   2.3634536E+07   2.3634536E+07   1.8209055E+07   -4.4928259E+06   -1.6377463E+08   2.3632145E+07   2.3634536E+07   1.0564523E+07   0.0000000E+00   0.0000000E+00   0.0000000E+00   0.0000000E+00
   3.0964978E-04   2.3678336E+07   2.3678336E+07   1.6680403E+07   -4.4322511E+06   -1.6121055E+08   2.3675581E+07   2.3678336E+07   1.0571766E+07   0.0000000E+00   0.0000000E+00   0.0000000E+00   0.0000000E+00
   3.3275208E-04   2.3727784E+07   2.3727784E+07   1.5045823E+07   -4.3637326E+06   -1.5832143E+08   2.3724613E+07   2.3727784E+07   1.0579860E+07   0.0000000E+00   0.0000000E+00   0.0000000E+00   0.0000000E+00
   3.5757799E-04   2.3783413E+07   2.3783413E+07   1.3320581E+07   -4.2864726E+06   -1.5507815E+08   2.3779767E+07   2.3783413E+07   1.0588859E+07   0.0000000E+00   0.0000000E+00   0.0000000E+00   0.0000000E+00
   3.8425611E-04   2.3845743E+07   2.3845743E+07   1.1527609E+07   -4.1996708E+06   -1.5145275E+08   2.3841555E+07   2.3845743E+07   1.0598804E+07   0.0000000E+00   0.0000000E+00   0.0000000E+00   0.0000000E+00
   4.1292462E-04   2.3915256E+07   2.3915256E+07   9.6983924E+06   -4.1025535E+06   -1.4741987E+08   2.3910450E+07   2.3915256E+07   1.0609713E+07   0.0000000E+00   0.0000000E+00   0.0000000E+00   0.0000000E+00
   4.4373203E-04   2.3992364E+07   2.3992364E+07   7.8733050E+06   -3.9944115E+06   -1.4295859E+08   2.3986855E+07   2.3992364E+07   1.0621582E+07   0.0000000E+00   0.0000000E+00   0.0000000E+00   0.0000000E+00
   4.7683791E-04   2.4077364E+07   2.4077364E+07   6.1009767E+06   -3.8746484E+06   -1.3805457E+08   2.4071059E+07   2.4077364E+07   1.0634364E+07   0.0000000E+00   0.0000000E+00   0.0000000E+00   0.0000000E+00
   5.1241375E-04   2.4170393E+07   2.4170393E+07   4.4362834E+06   -3.7428389E+06   -1.3270252E+08   2.4163189E+07   2.4170393E+07   1.0647970E+07   0.0000000E+00   0.0000000E+00   0.0000000E+00   0.0000000E+00
   5.5064383E-04   2.4271370E+07   2.4271370E+07   2.9365359E+06   -3.5987971E+06   -1.2690890E+08   2.4263151E+07   2.4271370E+07   1.0662248E+07   0.0000000E+00   0.0000000E+00   0.0000000E+00   0.0000000E+00
   5.9172617E-04   2.4379930E+07   2.4379930E+07   1.6556264E+06   -3.4426505E+06   -1.2069458E+08   2.4370571E+07   2.4379930E+07   1.0676977E+07   0.0000000E+00   0.0000000E+00   0.0000000E+00   0.0000000E+00
   6.3587358E-04   2.4495362E+07   2.4495362E+07   6.3628342E+05   -3.2749159E+06   -1.1409719E+08   2.4484728E+07   2.4495362E+07   1.0691857E+07   0.0000000E+00   0.0000000E+00   0.0000000E+00   0.0000000E+00
   6.8331472E-04   2.4616548E+07   2.4616548E+07   -9.8733221E+04   -3.0965673E+06   -1.0717269E+08   2.4604494E+07   2.4616548E+07   1.0706501E+07   0.0000000E+00   0.0000000E+00   0.0000000E+00   0.0000000E+00
   7.3429535E-04   2.4741924E+07   2.4741924E+07   -5.5471949E+05   -2.9090858E+06   -9.9995709E+07   2.4728298E+07   2.4741924E+07   1.0720437E+07   0.0000000E+00   0.0000000E+00   0.0000000E+00   0.0000000E+00
   7.8907953E-04   2.4869458E+07   2.4869458E+07   -7.6960788E+05   -2.7144740E+06   -9.2658013E+07   2.4854100E+07   2.4869458E+07   1.0733112E+07   0.0000000E+00   0.0000000E+00   0.0000000E+00   0.0000000E+00
   8.4795104E-04   2.4996677E+07   2.4996677E+07   -8.1165619E+05   -2.5152225E+06   -8.5264799E+07   2.4979427E+07   2.4996677E+07   1.0743914E+07   0.0000000E+00   0.0000000E+00   0.0000000E+00   0.0000000E+00
   9.1121483E-04   2.5120744E+07   2.5120744E+07   -7.6746955E+05   -2.3142126E+06   -7.7928623E+07   2.5101438E+07   2.5120744E+07   1.0752199E+07   0.0000000E+00   0.0000000E+00   0.0000000E+00   0.0000000E+00
   9.7919859E-04   2.5238586E+07   2.5238586E+07   -7.2028747E+05   -2.1145509E+06   -7.0761393E+07   2.5217067E+07   2.5238586E+07   1.0757326E+07   0.0000000E+00   0.0000000E+00   0.0000000E+00   0.0000000E+00
   1.0522545E-03   2.5347082E+07   2.5347082E+07   -7.2359744E+05   -1.9193460E+06   -6.3865460E+07   2.5323199E+07   2.5347082E+07   1.0758701E+07   0.0000000E+00   0.0000000E+00   0.0000000E+00   0.0000000E+00
   1.1307609E-03   2.5443268E+07   2.5443268E+07   -7.8132303E+05   -1.7314536E+06   -5.7325487E+07   2.5416888E+07   2.5443268E+07   1.0755810E+07   0.0000000E+00   0.0000000E+00   0.0000000E+00   0.0000000E+00
   1.2151245E-03   2.5524547E+07   2.5524547E+07   -8.4896679E+05   -1.5532412E+06   -5.1202938E+07   2.5495552E+07   2.5524547E+07   1.0748248E+07   0.0000000E+00   0.0000000E+00   0.0000000E+00   0.0000000E+00
   1.3057823E-03   2.5588825E+07   2.5588825E+07   -8.6399278E+05   -1.3864266E+06   -4.5534614E+07   2.5557121E+07   2.5588825E+07   1.0735713E+07   0.0000000E+00   0.0000000E+00   0.0000000E+00   0.0000000E+00
   1.4032039E-03   2.5634571E+07   2.5634571E+07   -7.9485457E+05   -1.2320355E+06   -4.0335308E+07   2.5600087E+07   2.5634571E+07   1.0717989E+07   0.0000000E+00   0.0000000E+00   0.0000000E+00   0.0000000E+00
   1.5078939E-03   2.5660760E+07   2.5660760E+07   -6.7423842E+05   -1.0904826E+06   -3.5603090E+07   2.5623449E+07   2.5660760E+07   1.0694909E+07   0.0000000E+00   0.0000000E+00   0.0000000E+00   0.0000000E+00
   1.6203946E-03   2.5666759E+07   2.5666759E+07   -5.7774963E+05   -9.6172756E+05   -3.1324758E+07   2.5626594E+07   2.5666759E+07   1.0666322E+07   0.0000000E+00   0.0000000E+00   0.0000000E+00   0.0000000E+00
   1.7412887E-03   2.5652202E+07   2.5652202E+07   -5.5027808E+05   -8.4542688E+05   -2.7479694E+07   2.5609171E+07   2.5652202E+07   1.0632076E+07   0.0000000E+00   0.0000000E+00   0.0000000E+00   0.0000000E+00
   1.8712025E-03   2.5616909E+07   2.5616909E+07   -5.5210897E+05   -7.4102609E+05   -2.4042191E+07   2.5571005E+07   2.5616909E+07   1.0592022E+07   0.0000000E+00   0.0000000E+00   0.0000000E+00   0.0000000E+00
   2.0108088E-03   2.5560840E+07   2.5560840E+07   -5.0762411E+05   -6.4780627E+05   -2.0983397E+07   2.5512056E+07   2.5560840E+07   1.0546022E+07   0.0000000E+00   0.0000000E+00   0.0000000E+00   0.0000000E+00
   2.1608309E-03   2.5484047E+07   2.5484047E+07   -4.1629568E+05   -5.6494191E+05   -1.8273048E+07   2.5432368E+07   2.5484047E+07   1.0493944E+07   0.0000000E+00   0.0000000E+00   0.0000000E+00   0.0000000E+00
   2.3220458E-03   2.5386606E+07   2.5386606E+07   -3.5484465E+05   -4.9157954E+05   -1.5880220E+07   2.5332011E+07   2.5386606E+07   1.0435644E+07   0.0000000E+00   0.0000000E+00   0.0000000E+00   0.0000000E+00
   2.4952886E-03   2.5268588E+07   2.5268588E+07   -3.3900350E+05   -4.2687816E+05   -1.3773945E+07   2.5211050E+07   2.5268588E+07   1.0370966E+07   0.0000000E+00   0.0000000E+00   0.0000000E+00   0.0000000E+00
   2.6814566E-03   2.5130060E+07   2.5130060E+07   -3.0198685E+05   -3.7000011E+05   -1.1925114E+07   2.5069553E+07   2.5130060E+07   1.0299754E+07   0.0000000E+00   0.0000000E+00   0.0000000E+00   0.0000000E+00
   2.8815143E-03   2.4971073E+07   2.4971073E+07   -2.5157297E+05   -3.2013117E+05   -1.0307113E+07   2.4907583E+07   2.4971073E+07   1.0221854E+07   0.0000000E+00   0.0000000E+00   0.0000000E+00   0.0000000E+00
   3.0964978E-03   2.4791632E+07   2.4791632E+07   -2.3254881E+05   -2.7652436E+05   -8.8941141E+06   2.4725155E+07   2.4791632E+07   1.0137103E+07   0.0000000E+00   0.0000000E+00   0.0000000E+00   0.0000000E+00
   3.3275208E-03   2.4591705E+07   2.4591705E+07   -1.9876787E+05   -2.3848384E+05   -7.6625371E+06   2.4522256E+07   2.4591705E+07   1.0045333E+07   0.0000000E+00   0.0000000E+00   0.0000000E+00   0.0000000E+00
   3.5757799E-03   2.4371233E+07   2.4371233E+07   -1.6899236E+05   -2.0536192E+05   -6.5918952E+06   2.4298843E+07   2.4371233E+07   9.9463794E+06   0.0000000E+00   0.0000000E+00   0.0000000E+00   0.0000000E+00
   3.8425611E-03   2.4130107E+07   2.4130107E+07   -1.5715077E+05   -1.7658530E+05   -5.6620604E+06   2.4054849E+07   2.4130107E+07   9.8400789E+06   0.0000000E+00   0.0000000E+00   0.0000000E+00   0.0000000E+00
   4.1292462E-03   2.3868214E+07   2.3868214E+07   -1.2634316E+05   -1.5162423E+05   -4.8564546E+06   2.3790209E+07   2.3868214E+07   9.7262820E+06   0.0000000E+00   0.0000000E+00   0.0000000E+00   0.0000000E+00
   4.4373203E-03   2.3585438E+07   2.3585438E+07   -1.1694365E+05   -1.3000984E+05   -4.1593537E+06   2.3504851E+07   2.3585438E+07   9.6048477E+06   0.0000000E+00   0.0000000E+00   0.0000000E+00   0.0000000E+00
   4.7683791E-03   2.3281671E+07   2.3281671E+07   -9.6017508E+04   -1.1132143E+05   -3.5571419E+06   2.3198666E+07   2.3281671E+07   9.4756330E+06   0.0000000E+00   0.0000000E+00   0.0000000E+00   0.0000000E+00
   5.1241375E-03   2.2956790E+07   2.2956790E+07   -8.5985973E+04   -9.5186945E+04   -3.0375743E+06   2.2871504E+07   2.2956790E+07   9.3384875E+06   0.0000000E+00   0.0000000E+00   0.0000000E+00   0.0000000E+00
   5.5064383E-03   2.2610650E+07   2.2610650E+07   -7.3229526E+04   -8.1276590E+04   -2.5902701E+06   2.2523232E+07   2.2610650E+07   9.1932788E+06   0.0000000E+00   0.0000000E+00   0.0000000E+00   0.0000000E+00
   5.9172617E-03   2.2243082E+07   2.2243082E+07   -6.1069102E+04   -6.9301738E+04   -2.2052806E+06   2.2153755E+07   2.2243082E+07   9.0398991E+06   0.0000000E+00   0.0000000E+00   0.0000000E+00   0.0000000E+00
   6.3587358E-03   2.1853932E+07   2.1853932E+07   -5.4865452E+04   -5.9005024E+04   -1.8746573E+06   2.1762965E+07   2.1853932E+07   8.8782429E+06   0.0000000E+00   0.0000000E+00   0.0000000E+00   0.0000000E+00
   6.8331472E-03   2.1443075E+07   2.1443075E+07   -4.6856220E+04   -5.0162759E+04   -1.5910995E+06   2.1350718E+07   2.1443075E+07   8.7081978E+06   0.0000000E+00   0.0000000E+00   0.0000000E+00   0.0000000E+00
   7.3429535E-03   2.1010402E+07   2.1010402E+07   -3.9215708E+04   -4.2579770E+04   -1.3481826E+06   2.0916906E+07   2.1010402E+07   8.5296734E+06   0.0000000E+00   0.0000000E+00   0.0000000E+00   0.0000000E+00
   7.8907953E-03   2.0555788E+07   2.0555788E+07   -3.2709483E+04   -3.6084962E+04   -1.1403361E+06   2.0461443E+07   2.0555788E+07   8.3425930E+06   0.0000000E+00   0.0000000E+00   0.0000000E+00   0.0000000E+00
   8.4795104E-03   2.0079095E+07   2.0079095E+07   -2.7865118E+04   -3.0529122E+04   -9.6277577E+05   1.9984207E+07   2.0079095E+07   8.1468716E+06   0.0000000E+00   0.0000000E+00   0.0000000E+00   0.0000000E+00
   9.1121483E-03   1.9580208E+07   1.9580208E+07   -2.3700546E+04   -2.5782565E+04   -8.1133338E+05   1.9485083E+07   1.9580208E+07   7.9424312E+06   0.0000000E+00   0.0000000E+00   0.0000000E+00   0.0000000E+00
   9.7919859E-03   1.9059033E+07   1.9059033E+07   -2.0209171E+04   -2.1732884E+04   -6.8234038E+05   1.8963987E+07   1.9059033E+07   7.7292096E+06   0.0000000E+00   0.0000000E+00   0.0000000E+00   0.0000000E+00
   1.0522545E-02   1.8515471E+07   1.8515471E+07   -1.7492217E+04   -1.8282396E+04   -5.7259955E+05   1.8420850E+07   1.8515471E+07   7.5071562E+06   0.0000000E+00   0.0000000E+00   0.0000000E+00   0.0000000E+00
   1.1307609E-02   1.7949470E+07   1.7949470E+07   -1.4812323E+04   -1.5346501E+04   -4.7938578E+05   1.7855595E+07   1.7949470E+07   7.2762184E+06   0.0000000E+00   0.0000000E+00   0.0000000E+00   0.0000000E+00
   1.2151245E-02   1.7361028E+07   1.7361028E+07   -1.2009420E+04   -1.2852135E+04   -4.0039509E+05   1.7268246E+07   1.7361028E+07   7.0363892E+06   0.0000000E+00   0.0000000E+00   0.0000000E+00   0.0000000E+00
   1.3057823E-02   1.6750219E+07   1.6750219E+07   -1.0447732E+04   -1.0736125E+04   -3.3353718E+05   1.6658868E+07   1.6750219E+07   6.7876789E+06   0.0000000E+00   0.0000000E+00   0.0000000E+00   0.0000000E+00
   1.4032039E-02   1.6117265E+07   1.6117265E+07   -8.4410897E+03   -8.9440805E+03   -2.7703800E+05   1.6027687E+07   1.6117265E+07   6.5301669E+06   0.0000000E+00   0.0000000E+00   0.0000000E+00   0.0000000E+00
   1.5078939E-02   1.5462576E+07   1.5462576E+07   -7.2042191E+03   -7.4290680E+03   -2.2939714E+05   1.5375104E+07   1.5462576E+07   6.2640052E+06   0.0000000E+00   0.0000000E+00   0.0000000E+00   0.0000000E+00
   1.6203946E-02   1.4786858E+07   1.4786858E+07   -5.9933653E+03   -6.1507961E+03   -1.8932678E+05   1.4701823E+07   1.4786858E+07   5.9894708E+06   0.0000000E+00   0.0000000E+00   0.0000000E+00   0.0000000E+00
   1.7412887E-02   1.4091211E+07   1.4091211E+07   -4.9265480E+03   -5.0746096E+03   -1.5568644E+05   1.4008927E+07   1.4091211E+07   5.7069966E+06   0.0000000E+00   0.0000000E+00   0.0000000E+00   0.0000000E+00
   1.8712024E-02   1.3377282E+07   1.3377282E+07   -4.0582558E+03   -4.1707921E+03   -1.2752127E+05   1.3298052E+07   1.3377282E+07   5.4172411E+06   0.0000000E+00   0.0000000E+00   0.0000000E+00   0.0000000E+00
   2.0108087E-02   1.2647420E+07   1.2647420E+07   -3.3607110E+03   -3.4138835E+03   -1.0400919E+05   1.2571524E+07   1.2647420E+07   5.1211460E+06   0.0000000E+00   0.0000000E+00   0.0000000E+00   0.0000000E+00
   2.1608301E-02   1.1904870E+07   1.1904870E+07   -2.6783777E+03   -2.7820719E+03   -8.4450021E+04   1.1832558E+07   1.1904870E+07   4.8200154E+06   0.0000000E+00   0.0000000E+00   0.0000000E+00   0.0000000E+00
   2.3220411E-02   1.1153975E+07   1.1153975E+07   -2.2427257E+03   -2.2566922E+03   -6.8251931E+04   1.1085462E+07   1.1153975E+07   4.5155995E+06   0.0000000E+00   0.0000000E+00   0.0000000E+00   0.0000000E+00
   2.4952658E-02   1.0400388E+07   1.0400388E+07   -1.7945454E+03   -1.8217897E+03   -5.4895928E+04   1.0335842E+07   1.0400388E+07   4.2101775E+06   0.0000000E+00   0.0000000E+00   0.0000000E+00   0.0000000E+00
   2.6813604E-02   9.6512806E+06   9.6512806E+06   -1.4467171E+03   -1.4637270E+03   -4.3937472E+04   9.5908146E+06   9.6512806E+06   3.9066444E+06   0.0000000E+00   0.0000000E+00   0.0000000E+00   0.0000000E+00
   2.8811575E-02   8.9155599E+06   8.9155599E+06   -1.1699971E+03   -1.1708654E+03   -3.5005297E+04   8.8592170E+06   8.9155599E+06   3.6085973E+06   0.0000000E+00   0.0000000E+00   0.0000000E+00   0.0000000E+00
   3.0953277E-02   8.2040503E+06   8.2040503E+06   -8.9955933E+02   -9.3329381E+02   -2.7794964E+04   8.1517916E+06   8.2040503E+06   3.3204088E+06   0.0000000E+00   0.0000000E+00   0.0000000E+00   0.0000000E+00
   3.3241047E-02   7.5294906E+06   7.5294906E+06   -7.3308013E+02   -7.4256641E+02   -2.2024049E+04   7.4811820E+06   7.5294906E+06   3.0472266E+06   0.0000000E+00   0.0000000E+00   0.0000000E+00   0.0000000E+00
   3.5668589E-02   6.9059495E+06   6.9059495E+06   -5.9062293E+02   -5.9141465E+02   -1.7472529E+04   6.8613523E+06   6.9059495E+06   2.7947365E+06   0.0000000E+00   0.0000000E+00   0.0000000E+00   0.0000000E+00
   3.8216600E-02   6.3470705E+06   6.3470705E+06   -4.6591337E+02   -4.7341078E+02   -1.3931757E+04   6.3058435E+06   6.3470705E+06   2.5684519E+06   0.0000000E+00   0.0000000E+00   0.0000000E+00   0.0000000E+00
   4.0851890E-02   5.8629743E+06   5.8629743E+06   -3.6864742E+02   -3.8264637E+02   -1.1221258E+04   5.8246957E+06   5.8629743E+06   2.3724609E+06   0.0000000E+00   0.0000000E+00   0.0000000E+00   0.0000000E+00
   4.3533529E-02   5.4570055E+06   5.4570055E+06   -3.1464148E+02   -3.1358373E+02   -9.1647716E+03   5.4212172E+06   5.4570055E+06   2.2081094E+06   0.0000000E+00   0.0000000E+00   0.0000000E+00   0.0000000E+00
   4.6224131E-02   5.1245451E+06   5.1245451E+06   -2.6113223E+02   -2.6116512E+02   -7.6043781E+03   5.0908063E+06   5.1245451E+06   2.0735220E+06   0.0000000E+00   0.0000000E+00   0.0000000E+00   0.0000000E+00
   4.8898876E-02   4.8548340E+06   4.8548340E+06   -2.1528782E+02   -2.2107046E+02   -6.4180065E+03   4.8227632E+06   4.8548340E+06   1.9643397E+06   0.0000000E+00   0.0000000E+00   0.0000000E+00   0.0000000E+00
   5.1547376E-02   4.6343055E+06   4.6343055E+06   -1.8737302E+02   -1.8988386E+02   -5.4972161E+03   4.6036020E+06   4.6343055E+06   1.8750689E+06   0.0000000E+00   0.0000000E+00   0.0000000E+00   0.0000000E+00
   5.4170197E-02   4.4493880E+06   4.4493880E+06   -1.6363632E+02   -1.6506791E+02   -4.7657962E+03   4.4198342E+06   4.4493880E+06   1.8002152E+06   0.0000000E+00   0.0000000E+00   0.0000000E+00   0.0000000E+00
   5.6774202E-02   4.2880248E+06   4.2880248E+06   -1.4528203E+02   -1.4481343E+02   -4.1704324E+03   4.2594786E+06   4.2880248E+06   1.7348983E+06   0.0000000E+00   0.0000000E+00   0.0000000E+00   0.0000000E+00
   5.9369033E-02   4.1402097E+06   4.1402097E+06   -1.2859399E+02   -1.2785834E+02   -3.6723604E+03   4.1125922E+06   4.1402097E+06   1.6750681E+06   0.0000000E+00   0.0000000E+00   0.0000000E+00   0.0000000E+00
   6.1965049E-02   3.9980361E+06   3.9980361E+06   -1.1154924E+02   -1.1333263E+02   -3.2474621E+03   3.9713189E+06   3.9980361E+06   1.6175247E+06   0.0000000E+00   0.0000000E+00   0.0000000E+00   0.0000000E+00
   6.4572325E-02   3.8555839E+06   3.8555839E+06   -9.8127246E+01   -1.0064122E+02   -2.8784101E+03   3.8297767E+06   3.8555839E+06   1.5598722E+06   0.0000000E+00   0.0000000E+00   0.0000000E+00   0.0000000E+00
   6.7200254E-02   3.7087826E+06   3.7087826E+06   -8.9472047E+01   -8.9381155E+01   -2.5514921E+03   3.6839210E+06   3.7087826E+06   1.5004632E+06   0.0000000E+00   0.0000000E+00   0.0000000E+00   0.0000000E+00
   6.9857451E-02   3.5552896E+06   3.5552896E+06   -8.0288433E+01   -7.9283921E+01   -2.2576352E+03   3.5314246E+06   3.5552896E+06   1.4383498E+06   0.0000000E+00   0.0000000E+00   0.0000000E+00   0.0000000E+00
   7.2551798E-02   3.3943767E+06   3.3943767E+06   -6.8299631E+01   -7.0174431E+01   -1.9944918E+03   3.3715633E+06   3.3943767E+06   1.3732369E+06   0.0000000E+00   0.0000000E+00   0.0000000E+00   0.0000000E+00
   7.5290540E-02   3.2268004E+06   3.2268004E+06   -6.2564132E+01   -6.1942232E+01   -1.7579122E+03   3.2050881E+06   3.2268004E+06   1.3054305E+06   0.0000000E+00   0.0000000E+00   0.0000000E+00   0.0000000E+00
   7.8080389E-02   3.0546333E+06   3.0546333E+06   -5.3473288E+01   -5.4519489E+01   -1.5435348E+03   3.0340574E+06   3.0546333E+06   1.2357688E+06   0.0000000E+00   0.0000000E+00   0.0000000E+00   0.0000000E+00
   8.0927630E-02   2.8810346E+06   2.8810346E+06   -4.8585248E+01   -4.7864446E+01   -1.3532883E+03   2.8616087E+06   2.8810346E+06   1.1655297E+06   0.0000000E+00   0.0000000E+00   0.0000000E+00   0.0000000E+00
   8.3838208E-02   2.7099477E+06   2.7099477E+06   -4.1275577E+01   -4.1948593E+01   -1.1840281E+03   2.6916584E+06   2.7099477E+06   1.0963084E+06   0.0000000E+00   0.0000000E+00   0.0000000E+00   0.0000000E+00
   8.6817807E-02   2.5457219E+06   2.5457219E+06   -3.6446865E+01   -3.6746598E+01   -1.0351339E+03   2.5285260E+06   2.5457219E+06   1.0298641E+06   0.0000000E+00   0.0000000E+00   0.0000000E+00   0.0000000E+00
   8.9871911E-02   2.3926686E+06   2.3926686E+06   -3.2338231E+01   -3.2228688E+01   -9.0639697E+02   2.3764933E+06   2.3926686E+06   9.6794094E+05   0.0000000E+00   0.0000000E+00   0.0000000E+00   0.0000000E+00
   9.3005858E-02   2.2545786E+06   2.2545786E+06   -2.8548060E+01   -2.8355584E+01   -7.9605085E+02   2.2393252E+06   2.2545786E+06   9.1207215E+05   0.0000000E+00   0.0000000E+00   0.0000000E+00   0.0000000E+00
   9.6224885E-02   2.1342410E+06   2.1342410E+06   -2.4665567E+01   -2.5075512E+01   -7.0276839E+02   2.1197913E+06   2.1342410E+06   8.6338583E+05   0.0000000E+00   0.0000000E+00   0.0000000E+00   0.0000000E+00
   9.9534159E-02   2.0330187E+06   2.0330187E+06   -2.2206783E+01   -2.2323746E+01   -6.2517163E+02   2.0192450E+06   2.0330187E+06   8.2243320E+05   0.0000000E+00   0.0000000E+00   0.0000000E+00   0.0000000E+00
   1.0293881E-01   1.9505473E+06   1.9505473E+06   -2.0004289E+01   -2.0024377E+01   -5.5938954E+02   1.9373239E+06   1.9505473E+06   7.8906662E+05   0.0000000E+00   0.0000000E+00   0.0000000E+00   0.0000000E+00
   1.0644395E-01   1.8846213E+06   1.8846213E+06   -1.8354536E+01   -1.8094018E+01   -5.0507957E+02   1.8718371E+06   1.8846213E+06   7.6239372E+05   0.0000000E+00   0.0000000E+00   0.0000000E+00   0.0000000E+00
   1.1005470E-01   1.8313256E+06   1.8313256E+06   -1.6380042E+01   -1.6447302E+01   -4.5851704E+02   1.8188959E+06   1.8313256E+06   7.4083064E+05   0.0000000E+00   0.0000000E+00   0.0000000E+00   0.0000000E+00
   1.1377619E-01   1.7854424E+06   1.7854424E+06   -1.4945803E+01   -1.5003182E+01   -4.1764158E+02   1.7733177E+06   1.7854424E+06   7.2226651E+05   0.0000000E+00   0.0000000E+00   0.0000000E+00   0.0000000E+00
   1.1761358E-01   1.7411226E+06   1.7411226E+06   -1.3823699E+01   -1.3691428E+01   -3.8047197E+02   1.7292928E+06   1.7411226E+06   7.0433510E+05   0.0000000E+00   0.0000000E+00   0.0000000E+00   0.0000000E+00
   1.2157209E-01   1.6927583E+06   1.6927583E+06   -1.2455080E+01   -1.2458201E+01   -3.4558344E+02   1.6812516E+06   1.6927583E+06   6.8476788E+05   0.0000000E+00   0.0000000E+00   0.0000000E+00   0.0000000E+00
   1.2565695E-01   1.6359346E+06   1.6359346E+06   -1.1186793E+01   -1.1269745E+01   -3.1227858E+02   1.6248092E+06   1.6359346E+06   6.6177888E+05   0.0000000E+00   0.0000000E+00   0.0000000E+00   0.0000000E+00
   1.2987348E-01   1.5682866E+06   1.5682866E+06   -9.9671042E+00   -1.0113418E+01   -2.7975724E+02   1.5576167E+06   1.5682866E+06   6.3441147E+05   0.0000000E+00   0.0000000E+00   0.0000000E+00   0.0000000E+00
   1.3422703E-01   1.4900632E+06   1.4900632E+06   -8.8294966E+00   -8.9955875E+00   -2.4855144E+02   1.4799214E+06   1.4900632E+06   6.0276630E+05   0.0000000E+00   0.0000000E+00   0.0000000E+00   0.0000000E+00
   1.3872304E-01   1.4042128E+06   1.4042128E+06   -7.9452085E+00   -7.9365423E+00   -2.1911040E+02   1.3946517E+06   1.4042128E+06   5.6803617E+05   0.0000000E+00   0.0000000E+00   0.0000000E+00   0.0000000E+00
   1.4336700E-01   1.3158794E+06   1.3158794E+06   -6.9363137E+00   -6.9631205E+00   -1.9179753E+02   1.3069165E+06   1.3158794E+06   5.3230186E+05   0.0000000E+00   0.0000000E+00   0.0000000E+00   0.0000000E+00
   1.4816448E-01   1.2313190E+06   1.2313190E+06   -6.1917763E+00   -6.1004187E+00   -1.6789713E+02   1.2229292E+06   1.2313190E+06   4.9809406E+05   0.0000000E+00   0.0000000E+00   0.0000000E+00   0.0000000E+00
   1.5312113E-01   1.1564141E+06   1.1564141E+06   -5.4187583E+00   -5.3642934E+00   -1.4746728E+02   1.1485322E+06   1.1564141E+06   4.6779236E+05   0.0000000E+00   0.0000000E+00   0.0000000E+00   0.0000000E+00
   1.5824269E-01   1.0951225E+06   1.0951225E+06   -4.7730712E+00   -4.7564059E+00   -1.3057809E+02   1.0876561E+06   1.0951225E+06   4.4299770E+05   0.0000000E+00   0.0000000E+00   0.0000000E+00   0.0000000E+00
   1.6353499E-01   1.0483002E+06   1.0483002E+06   -4.2170905E+00   -4.2630834E+00   -1.1690673E+02   1.0411510E+06   1.0483002E+06   4.2405630E+05   0.0000000E+00   0.0000000E+00   0.0000000E+00   0.0000000E+00
   1.6900397E-01   1.0133234E+06   1.0133234E+06   -3.8118715E+00   -3.8584359E+00   -1.0564420E+02   1.0064108E+06   1.0133234E+06   4.0990671E+05   0.0000000E+00   0.0000000E+00   0.0000000E+00   0.0000000E+00
   1.7465571E-01   9.8476062E+05   9.8476062E+05   -3.4697749E+00   -3.5109152E+00   -9.6066096E+01   9.7804118E+05   9.8476062E+05   3.9835183E+05   0.0000000E+00   0.0000000E+00   0.0000000E+00   0.0000000E+00
   1.8049639E-01   9.5602942E+05   9.5602942E+05   -3.2316560E+00   -3.1914446E+00   -8.7207876E+01   9.4950444E+05   9.5602942E+05   3.8672889E+05   0.0000000E+00   0.0000000E+00   0.0000000E+00   0.0000000E+00
   1.8653238E-01   9.2158597E+05   9.2158597E+05   -2.8728567E+00   -2.8805623E+00   -7.8651446E+01   9.1529464E+05   9.2158597E+05   3.7279534E+05   0.0000000E+00   0.0000000E+00   0.0000000E+00   0.0000000E+00
   1.9277023E-01   8.7889392E+05   8.7889392E+05   -2.5663900E+00   -2.5721836E+00   -7.0135442E+01   8.7289274E+05   8.7889392E+05   3.5552520E+05   0.0000000E+00   0.0000000E+00   0.0000000E+00   0.0000000E+00
   1.9921667E-01   8.2935774E+05   8.2935774E+05   -2.2878003E+00   -2.2726386E+00   -6.1905761E+01   8.2369365E+05   8.2935774E+05   3.3548660E+05   0.0000000E+00   0.0000000E+00   0.0000000E+00   0.0000000E+00
   2.0587871E-01   7.7770194E+05   7.7770194E+05   -1.9923828E+00   -1.9953728E+00   -5.4311606E+01   7.7238961E+05   7.7770194E+05   3.1459067E+05   0.0000000E+00   0.0000000E+00   0.0000000E+00   0.0000000E+00
   2.1276364E-01   7.2989343E+05   7.2989343E+05   -1.7660930E+00   -1.7534486E+00   -4.7667022E+01   7.2490677E+05   7.2989343E+05   2.9525110E+05   0.0000000E+00   0.0000000E+00   0.0000000E+00   0.0000000E+00
   2.1987906E-01   6.9042097E+05   6.9042097E+05   -1.5476666E+00   -1.5529980E+00   -4.2146840E+01   6.8570319E+05   6.9042097E+05   2.7928364E+05   0.0000000E+00   0.0000000E+00   0.0000000E+00   0.0000000E+00
   2.2723298E-01   6.6020177E+05   6.6020177E+05   -1.3948222E+00   -1.3904539E+00   -3.7709403E+01   6.5568976E+05   6.6020177E+05   2.6705929E+05   0.0000000E+00   0.0000000E+00   0.0000000E+00   0.0000000E+00
   2.3483384E-01   6.3624686E+05   6.3624686E+05   -1.2581088E+00   -1.2546604E+00   -3.3979419E+01   6.3189790E+05   6.3624686E+05   2.5736896E+05   0.0000000E+00   0.0000000E+00   0.0000000E+00   0.0000000E+00
   2.4269060E-01   6.1339938E+05   6.1339938E+05   -1.1416708E+00   -1.1325522E+00   -3.0664780E+01   6.0920600E+05   6.1339938E+05   2.4812664E+05   0.0000000E+00   0.0000000E+00   0.0000000E+00   0.0000000E+00
   2.5081281E-01   5.8728986E+05   5.8728986E+05   -1.0222510E+00   -1.0152469E+00   -2.7450107E+01   5.8327442E+05   5.8728986E+05   2.3756482E+05   0.0000000E+00   0.0000000E+00   0.0000000E+00   0.0000000E+00
   2.5921071E-01   5.5680079E+05   5.5680079E+05   -8.9942788E-01   -9.0117528E-01   -2.4343249E+01   5.5299333E+05   5.5680079E+05   2.2523146E+05   0.0000000E+00   0.0000000E+00   0.0000000E+00   0.0000000E+00
   2.6789535E-01   5.2446046E+05   5.2446046E+05   -7.9388845E-01   -7.9468298E-01   -2.1444145E+01   5.2087372E+05   5.2446046E+05   2.1214929E+05   0.0000000E+00   0.0000000E+00   0.0000000E+00   0.0000000E+00
   2.7687869E-01   4.9443225E+05   4.9443225E+05   -7.0563977E-01   -7.0135198E-01   -1.8911605E+01   4.9105049E+05   4.9443225E+05   2.0000242E+05   0.0000000E+00   0.0000000E+00   0.0000000E+00   0.0000000E+00
   2.8617373E-01   4.6945200E+05   4.6945200E+05   -6.2677111E-01   -6.2335849E-01   -1.6793864E+01   4.6624075E+05   4.6945200E+05   1.8989753E+05   0.0000000E+00   0.0000000E+00   0.0000000E+00   0.0000000E+00
   2.9579470E-01   4.4896136E+05   4.4896136E+05   -5.5795715E-01   -5.5799900E-01   -1.5020247E+01   4.4588997E+05   4.4896136E+05   1.8160875E+05   0.0000000E+00   0.0000000E+00   0.0000000E+00   0.0000000E+00
   3.0575726E-01   4.2989307E+05   4.2989307E+05   -5.0038927E-01   -5.0004773E-01   -1.3443814E+01   4.2695186E+05   4.2989307E+05   1.7389534E+05   0.0000000E+00   0.0000000E+00   0.0000000E+00   0.0000000E+00
   3.1607867E-01   4.0944146E+05   4.0944146E+05   -4.4792781E-01   -4.4566032E-01   -1.1976035E+01   4.0663991E+05   4.0944146E+05   1.6562238E+05   0.0000000E+00   0.0000000E+00   0.0000000E+00   0.0000000E+00
   3.2677810E-01   3.8738241E+05   3.8738241E+05   -3.9498795E-01   -3.9448844E-01   -1.0592875E+01   3.8473158E+05   3.8738241E+05   1.5669922E+05   0.0000000E+00   0.0000000E+00   0.0000000E+00   0.0000000E+00
   3.3787694E-01   3.6583854E+05   3.6583854E+05   -3.4946036E-01   -3.4847398E-01   -9.3473692E+00   3.6333494E+05   3.6583854E+05   1.4798447E+05   0.0000000E+00   0.0000000E+00   0.0000000E+00   0.0000000E+00
   3.4939912E-01   3.4682257E+05   3.4682257E+05   -3.0881989E-01   -3.0893002E-01   -8.2820747E+00   3.4444892E+05   3.4682257E+05   1.4029229E+05   0.0000000E+00   0.0000000E+00   0.0000000E+00   0.0000000E+00
   3.6137163E-01   3.3017884E+05   3.3017884E+05   -2.7568626E-01   -2.7493937E-01   -7.3663429E+00   3.2791894E+05   3.3017884E+05   1.3355971E+05   0.0000000E+00   0.0000000E+00   0.0000000E+00   0.0000000E+00
   3.7382499E-01   3.1411251E+05   3.1411251E+05   -2.4486016E-01   -2.4442365E-01   -6.5438721E+00   3.1196243E+05   3.1411251E+05   1.2706070E+05   0.0000000E+00   0.0000000E+00   0.0000000E+00   0.0000000E+00
   3.8679398E-01   2.9750338E+05   2.9750338E+05   -2.1675743E-01   -2.1623495E-01   -5.7845567E+00   2.9546686E+05   2.9750338E+05   1.2034214E+05   0.0000000E+00   0.0000000E+00   0.0000000E+00   0.0000000E+00
   4.0031839E-01   2.8105470E+05   2.8105470E+05   -1.9094221E-01   -1.9070907E-01   -5.0980362E+00   2.7913066E+05   2.8105470E+05   1.1368848E+05   0.0000000E+00   0.0000000E+00   0.0000000E+00   0.0000000E+00
   4.1444404E-01   2.6593033E+05   2.6593033E+05   -1.6869065E-01   -1.6835528E-01   -4.4961068E+00   2.6410972E+05   2.6593033E+05   1.0757053E+05   0.0000000E+00   0.0000000E+00   0.0000000E+00   0.0000000E+00
   4.2922409E-01   2.5202127E+05   2.5202127E+05   -1.4909962E-01   -1.4875053E-01   -3.9699422E+00   2.5029580E+05   2.5202127E+05   1.0194418E+05   0.0000000E+00   0.0000000E+00   0.0000000E+00   0.0000000E+00
   4.4472055E-01   2.3838191E+05   2.3838191E+05   -1.3134971E-01   -1.3106523E-01   -3.4956807E+00   2.3674974E+05   2.3838191E+05   9.6426942E+04   0.0000000E+00   0.0000000E+00   0.0000000E+00   0.0000000E+00
   4.6100631E-01   2.2484600E+05   2.2484600E+05   -1.1526801E-01   -1.1504269E-01   -3.0663415E+00   2.2330644E+05   2.2484600E+05   9.0951551E+04   0.0000000E+00   0.0000000E+00   0.0000000E+00   0.0000000E+00
   4.7816771E-01   2.1200296E+05   2.1200296E+05   -1.0101624E-01   -1.0082495E-01   -2.6861264E+00   2.1055127E+05   2.1200296E+05   8.5756436E+04   0.0000000E+00   0.0000000E+00   0.0000000E+00   0.0000000E+00
   4.9630778E-01   1.9988277E+05   1.9988277E+05   -8.8444389E-02   -8.8238689E-02   -2.3482113E+00   1.9851401E+05   1.9988277E+05   8.0853722E+04   0.0000000E+00   0.0000000E+00   0.0000000E+00   0.0000000E+00
   5.1555049E-01   1.8803246E+05   1.8803246E+05   -7.7096224E-02   -7.6926379E-02   -2.0464945E+00   1.8674480E+05   1.8803246E+05   7.6060182E+04   0.0000000E+00   0.0000000E+00   0.0000000E+00   0.0000000E+00
   5.3604617E-01   1.7650477E+05   1.7650477E+05   -6.6942665E-02   -6.6793796E-02   -1.7755686E+00   1.7529600E+05   1.7650477E+05   7.1397146E+04   0.0000000E+00   0.0000000E+00   0.0000000E+00   0.0000000E+00
   5.5797851E-01   1.6547330E+05   1.6547330E+05   -5.7919655E-02   -5.7793120E-02   -1.5353367E+00   1.6434003E+05   1.6547330E+05   6.6934835E+04   0.0000000E+00   0.0000000E+00   0.0000000E+00   0.0000000E+00
   5.8157349E-01   1.5473495E+05   1.5473495E+05   -4.9857570E-02   -4.9746392E-02   -1.3206601E+00   1.5367519E+05   1.5473495E+05   6.2591099E+04   0.0000000E+00   0.0000000E+00   0.0000000E+00   0.0000000E+00
   6.0711053E-01   1.4427572E+05   1.4427572E+05   -4.2659352E-02   -4.2563697E-02   -1.1290479E+00   1.4328756E+05   1.4427572E+05   5.8360271E+04   0.0000000E+00   0.0000000E+00   0.0000000E+00   0.0000000E+00
   6.3493576E-01   1.3412460E+05   1.3412460E+05   -3.6261124E-02   -3.6176764E-02   -9.5907090E-01   1.3320594E+05   1.3412460E+05   5.4254078E+04   0.0000000E+00   0.0000000E+00   0.0000000E+00   0.0000000E+00
   6.6547660E-01   1.2419732E+05   1.2419732E+05   -3.0565673E-02   -3.0494883E-02   -8.0782556E-01   1.2334662E+05   1.2419732E+05   5.0238431E+04   0.0000000E+00   0.0000000E+00   0.0000000E+00   0.0000000E+00
   6.9925439E-01   1.1451248E+05   1.1451248E+05   -2.5517377E-02   -2.5466075E-02   -6.7418827E-01   1.1372810E+05   1.1451248E+05   4.6320855E+04   0.0000000E+00   0.0000000E+00   0.0000000E+00   0.0000000E+00
   7.3688855E-01   1.0504608E+05   1.0504608E+05   -2.1087983E-02   -2.1035604E-02   -5.5659439E-01   1.0432652E+05   1.0504608E+05   4.2491642E+04   0.0000000E+00   0.0000000E+00   0.0000000E+00   0.0000000E+00
   7.7907954E-01   9.5822064E+04   9.5822064E+04   -1.7205579E-02   -1.7166435E-02   -4.5381211E-01   9.5165669E+04   9.5822064E+04   3.8760475E+04   0.0000000E+00   0.0000000E+00   0.0000000E+00   0.0000000E+00
   8.2655426E-01   8.6877972E+04   8.6877972E+04   -1.3862539E-02   -1.3827528E-02   -3.6532865E-01   8.6282829E+04   8.6877972E+04   3.5142541E+04   0.0000000E+00   0.0000000E+00   0.0000000E+00   0.0000000E+00
   8.7996527E-01   7.8288345E+04   7.8288345E+04   -1.1021794E-02   -1.0993677E-02   -2.9021913E-01   7.7752031E+04   7.8288345E+04   3.1667991E+04   0.0000000E+00   0.0000000E+00   0.0000000E+00   0.0000000E+00
   9.3976931E-01   7.0153583E+04   7.0153583E+04   -8.6602135E-03   -8.6374140E-03   -2.2779115E-01   6.9672984E+04   7.0153583E+04   2.8377438E+04   0.0000000E+00   0.0000000E+00   0.0000000E+00   0.0000000E+00
   1.0061583E+00   6.2576667E+04   6.2576667E+04   -6.7434995E-03   -6.7213339E-03   -1.7718907E-01   6.2147966E+04   6.2576667E+04   2.5312538E+04   0.0000000E+00   0.0000000E+00   0.0000000E+00   0.0000000E+00
   1.0791140E+00   5.5632338E+04   5.5632338E+04   -5.2083409E-03   -5.1947864E-03   -1.3683707E-01   5.5251205E+04   5.5632338E+04   2.2503523E+04   0.0000000E+00   0.0000000E+00   0.0000000E+00   0.0000000E+00
   1.1585640E+00   4.9350522E+04   4.9350522E+04   -4.0084665E-03   -3.9978473E-03   -1.0523071E-01   4.9012419E+04   4.9350522E+04   1.9962498E+04   0.0000000E+00   0.0000000E+00   0.0000000E+00   0.0000000E+00
   1.2445307E+00   4.3720522E+04   4.3720522E+04   -3.0776909E-03   -3.0693610E-03   -8.0752577E-02   4.3420986E+04   4.3720522E+04   1.7685137E+04   0.0000000E+00   0.0000000E+00   0.0000000E+00   0.0000000E+00
   1.3371974E+00   3.8701417E+04   3.8701417E+04   -2.3599193E-03   -2.3534726E-03   -6.1869491E-02   3.8436264E+04   3.8701417E+04   1.5654886E+04   0.0000000E+00   0.0000000E+00   0.0000000E+00   0.0000000E+00
   1.4368988E+00   3.4238969E+04   3.4238969E+04   -1.8080608E-03   -1.8031879E-03   -4.7385490E-02   3.4004387E+04   3.4238969E+04   1.3849806E+04   0.0000000E+00   0.0000000E+00   0.0000000E+00   0.0000000E+00
   1.5440834E+00   3.0278072E+04   3.0278072E+04   -1.3847661E-03   -1.3808892E-03   -3.6254209E-02   3.0070626E+04   3.0278072E+04   1.2247606E+04   0.0000000E+00   0.0000000E+00   0.0000000E+00   0.0000000E+00
   1.6592790E+00   2.6764653E+04   2.6764653E+04   -1.0600575E-03   -1.0570465E-03   -2.7757894E-02   2.6581276E+04   2.6764653E+04   1.0826413E+04   0.0000000E+00   0.0000000E+00   0.0000000E+00   0.0000000E+00
   1.7830731E+00   2.3650379E+04   2.3650379E+04   -8.1118323E-04   -8.0885467E-04   -2.1221682E-02   2.3488339E+04   2.3650379E+04   9.5666757E+03   0.0000000E+00   0.0000000E+00   0.0000000E+00   0.0000000E+00
   1.9161041E+00   2.0890957E+04   2.0890957E+04   -6.2048116E-04   -6.1871414E-04   -1.6220204E-02   2.0747822E+04   2.0890957E+04   8.4504775E+03   0.0000000E+00   0.0000000E+00   0.0000000E+00   0.0000000E+00
   2.0590604E+00   1.8447250E+04   1.8447250E+04   -4.7449155E-04   -4.7311032E-04   -1.2405445E-02   1.8320857E+04   1.8447250E+04   7.4619879E+03   0.0000000E+00   0.0000000E+00   0.0000000E+00   0.0000000E+00
   2.2126824E+00   1.6283914E+04   1.6283914E+04   -3.6267917E-04   -3.6165015E-04   -9.4764908E-03   1.6172343E+04   1.6283914E+04   6.5869095E+03   0.0000000E+00   0.0000000E+00   0.0000000E+00   0.0000000E+00
   2.3777658E+00   1.4369650E+04   1.4369650E+04   -2.7716375E-04   -2.7635980E-04   -7.2443257E-03   1.4271194E+04   1.4369650E+04   5.8125815E+03   0.0000000E+00   0.0000000E+00   0.0000000E+00   0.0000000E+00
   2.5551658E+00   1.2676442E+04   1.2676442E+04   -2.1173829E-04   -2.1111778E-04   -5.5296706E-03   1.2589587E+04   1.2676442E+04   5.1276719E+03   0.0000000E+00   0.0000000E+00   0.0000000E+00   0.0000000E+00
   2.7458011E+00   1.1179328E+04   1.1179328E+04   -1.6170658E-04   -1.6122849E-04   -4.2176880E-03   1.1102730E+04   1.1179328E+04   4.5220831E+03   0.0000000E+00   0.0000000E+00   0.0000000E+00   0.0000000E+00
   2.9506594E+00   9.8561020E+03   9.8561020E+03   -1.2347435E-04   -1.2309194E-04   -3.2212694E-03   9.7885709E+03   9.8561020E+03   3.9868329E+03   0.0000000E+00   0.0000000E+00   0.0000000E+00   0.0000000E+00
   3.1708017E+00   8.6869939E+03   8.6869939E+03   -9.4224508E-05   -9.3948973E-05   -2.4610125E-03   8.6274731E+03   8.6869939E+03   3.5139239E+03   0.0000000E+00   0.0000000E+00   0.0000000E+00   0.0000000E+00
   3.4073683E+00   7.6544160E+03   7.6544160E+03   -7.1899564E-05   -7.1685691E-05   -1.8751407E-03   7.6019700E+03   7.6544160E+03   3.0962420E+03   0.0000000E+00   0.0000000E+00   0.0000000E+00   0.0000000E+00
   3.6615847E+00   6.7427352E+03   6.7427352E+03   -5.4844787E-05   -5.4683216E-05   -1.4288777E-03   6.6965357E+03   6.7427352E+03   2.7274634E+03   0.0000000E+00   0.0000000E+00   0.0000000E+00   0.0000000E+00
   3.9347675E+00   5.9380633E+03   5.9380633E+03   -4.1832339E-05   -4.1702292E-05   -1.0914159E-03   5.8973772E+03   5.9380633E+03   2.4019704E+03   0.0000000E+00   0.0000000E+00   0.0000000E+00   0.0000000E+00
   4.2283320E+00   5.2280686E+03   5.2280686E+03   -3.1885022E-05   -3.1794583E-05   -8.3135925E-04   5.1922471E+03   5.2280686E+03   2.1147746E+03   0.0000000E+00   0.0000000E+00   0.0000000E+00   0.0000000E+00
   4.5437987E+00   4.6018070E+03   4.6018070E+03   -2.4307170E-05   -2.4234636E-05   -6.3435856E-04   4.5702765E+03   4.6018070E+03   1.8614493E+03   0.0000000E+00   0.0000000E+00   0.0000000E+00   0.0000000E+00
   4.8828016E+00   4.0495711E+03   4.0495711E+03   -1.8523513E-05   -1.8467701E-05   -4.8251613E-04   4.0218243E+03   4.0495711E+03   1.6380676E+03   0.0000000E+00   0.0000000E+00   0.0000000E+00   0.0000000E+00
   5.2470969E+00   3.5627542E+03   3.5627542E+03   -1.4111573E-05   -1.4069693E-05   -3.6842378E-04   3.5383429E+03   3.5627542E+03   1.4411483E+03   0.0000000E+00   0.0000000E+00   0.0000000E+00   0.0000000E+00
   5.6385714E+00   3.1337295E+03   3.1337295E+03   -1.0747944E-05   -1.0716539E-05   -2.8018826E-04   3.1122578E+03   3.1337295E+03   1.2676061E+03   0.0000000E+00   0.0000000E+00   0.0000000E+00   0.0000000E+00
   6.0592529E+00   2.7557414E+03   2.7557414E+03   -8.1865813E-06   -8.1606523E-06   -2.1350030E-04   2.7368596E+03   2.7557414E+03   1.1147084E+03   0.0000000E+00   0.0000000E+00   0.0000000E+00   0.0000000E+00
   6.5113206E+00   2.4228085E+03   2.4228085E+03   -6.2316946E-06   -6.2129501E-06   -1.6228614E-04   2.4062079E+03   2.4228085E+03   9.8003569E+02   0.0000000E+00   0.0000000E+00   0.0000000E+00   0.0000000E+00
   6.9971161E+00   2.1296375E+03   2.1296375E+03   -4.7435543E-06   -4.7290685E-06   -1.2357751E-04   2.1150457E+03   2.1296375E+03   8.6144685E+02   0.0000000E+00   0.0000000E+00   0.0000000E+00   0.0000000E+00
   7.5191558E+00   1.8715457E+03   1.8715457E+03   -3.6098368E-06   -3.5988201E-06   -9.3906610E-05   1.8587222E+03   1.8715457E+03   7.5704767E+02   0.0000000E+00   0.0000000E+00   0.0000000E+00   0.0000000E+00
   8.0801436E+00   1.6443921E+03   1.6443921E+03   -2.7468035E-06   -2.7381253E-06   -7.1422751E-05   1.6331250E+03   1.6443921E+03   6.6516314E+02   0.0000000E+00   0.0000000E+00   0.0000000E+00   0.0000000E+00
   8.6829856E+00   1.4445164E+03   1.4445164E+03   -2.0891887E-06   -2.0828443E-06   -5.4445117E-05   1.4346189E+03   1.4445164E+03   5.8431264E+02   0.0000000E+00   0.0000000E+00   0.0000000E+00   0.0000000E+00
   9.3308043E+00   1.2686844E+03   1.2686844E+03   -1.5889018E-06   -1.5840622E-06   -4.1371195E-05   1.2599917E+03   1.2686844E+03   5.1318790E+02   0.0000000E+00   0.0000000E+00   0.0000000E+00   0.0000000E+00
   1.0026955E+01   1.1140393E+03   1.1140393E+03   -1.2082706E-06   -1.2044839E-06   -3.1512522E-05   1.1064061E+03   1.1140393E+03   4.5063331E+02   0.0000000E+00   0.0000000E+00   0.0000000E+00   0.0000000E+00
