#           k/h    CDM            baryon         photon         nu             mass_nu        total          no_nu          total_de       Weyl           v_CDM          v_b            v_b-v_c     
   9.6332034E-06   6.7014628E+06   6.7014628E+06   8.9340614E+06   9.9783980E+03   -1.3800501E+05   6.7016501E+06   6.7014628E+06   6.5812357E+06   0.0000000E+00   0.0000000E+00   0.0000000E+00   0.0000000E+00
   1.0351916E-05   6.7014616E+06   6.7014616E+06   8.9338706E+06   9.9782260E+03   -1.3800427E+05   6.7016488E+06   6.7014616E+06   6.5812344E+06   0.0000000E+00   0.0000000E+00   0.0000000E+00   0.0000000E+00
   1.1124250E-05   6.7014601E+06   6.7014601E+06   8.9336502E+06   9.9780275E+03   -1.3800342E+05   6.7016472E+06   6.7014601E+06   6.5812329E+06   0.0000000E+00   0.0000000E+00   0.0000000E+00   0.0000000E+00
   1.1954206E-05   6.7014585E+06   6.7014585E+06   8.9333958E+06   9.9777982E+03   -1.3800244E+05   6.7016454E+06   6.7014585E+06   6.5812311E+06   0.0000000E+00   0.0000000E+00   0.0000000E+00   0.0000000E+00
   1.2846083E-05   6.7014566E+06   6.7014566E+06   8.9331020E+06   9.9775334E+03   -1.3800130E+05   6.7016434E+06   6.7014566E+06   6.5812291E+06   0.0000000E+00   0.0000000E+00   0.0000000E+00   0.0000000E+00
   1.3804502E-05   6.7014544E+06   6.7014544E+06   8.9327627E+06   9.9772277E+03   -1.3799999E+05   6.7016410E+06   6.7014544E+06   6.5812268E+06   0.0000000E+00   0.0000000E+00   0.0000000E+00   0.0000000E+00
   1.4834425E-05   6.7014519E+06   6.7014519E+06   8.9323709E+06   9.9768746E+03   -1.3799848E+05   6.7016383E+06   6.7014519E+06   6.5812241E+06   0.0000000E+00   0.0000000E+00   0.0000000E+00   0.0000000E+00
   1.5941190E-05   6.7014489E+06   6.7014489E+06   8.9319185E+06   9.9764669E+03   -1.3799673E+05   6.7016351E+06   6.7014489E+06   6.5812210E+06   0.0000000E+00   0.0000000E+00   0.0000000E+00   0.0000000E+00
   1.7130527E-05   6.7014456E+06   6.7014456E+06   8.9313960E+06   9.9759961E+03   -1.3799471E+05   6.7016314E+06   6.7014456E+06   6.5812174E+06   0.0000000E+00   0.0000000E+00   0.0000000E+00   0.0000000E+00
   1.8408599E-05   6.7014417E+06   6.7014417E+06   8.9307928E+06   9.9754525E+03   -1.3799237E+05   6.7016272E+06   6.7014417E+06   6.5812132E+06   0.0000000E+00   0.0000000E+00   0.0000000E+00   0.0000000E+00
   1.9782024E-05   6.7014372E+06   6.7014372E+06   8.9300962E+06   9.9748247E+03   -1.3798968E+05   6.7016223E+06   6.7014372E+06   6.5812085E+06   0.0000000E+00   0.0000000E+00   0.0000000E+00   0.0000000E+00
   2.1257918E-05   6.7014320E+06   6.7014320E+06   8.9292919E+06   9.9740999E+03   -1.3798657E+05   6.7016167E+06   6.7014320E+06   6.5812029E+06   0.0000000E+00   0.0000000E+00   0.0000000E+00   0.0000000E+00
   2.2843925E-05   6.7014260E+06   6.7014260E+06   8.9283632E+06   9.9732629E+03   -1.3798298E+05   6.7016102E+06   6.7014260E+06   6.5811966E+06   0.0000000E+00   0.0000000E+00   0.0000000E+00   0.0000000E+00
   2.4548261E-05   6.7014190E+06   6.7014190E+06   8.9272909E+06   9.9722964E+03   -1.3797883E+05   6.7016026E+06   6.7014190E+06   6.5811892E+06   0.0000000E+00   0.0000000E+00   0.0000000E+00   0.0000000E+00
   2.6379753E-05   6.7014110E+06   6.7014110E+06   8.9260527E+06   9.9711805E+03   -1.3797404E+05   6.7015940E+06   6.7014110E+06   6.5811807E+06   0.0000000E+00   0.0000000E+00   0.0000000E+00   0.0000000E+00
   2.8347890E-05   6.7014018E+06   6.7014018E+06   8.9246231E+06   9.9698920E+03   -1.3796850E+05   6.7015839E+06   6.7014018E+06   6.5811709E+06   0.0000000E+00   0.0000000E+00   0.0000000E+00   0.0000000E+00
   3.0462864E-05   6.7013911E+06   6.7013911E+06   8.9229724E+06   9.9684042E+03   -1.3796211E+05   6.7015723E+06   6.7013911E+06   6.5811595E+06   0.0000000E+00   0.0000000E+00   0.0000000E+00   0.0000000E+00
   3.2735632E-05   6.7013788E+06   6.7013788E+06   8.9210667E+06   9.9666865E+03   -1.3795473E+05   6.7015590E+06   6.7013788E+06   6.5811464E+06   0.0000000E+00   0.0000000E+00   0.0000000E+00   0.0000000E+00
   3.5177967E-05   6.7013646E+06   6.7013646E+06   8.9188665E+06   9.9647032E+03   -1.3794620E+05   6.7015435E+06   6.7013646E+06   6.5811313E+06   0.0000000E+00   0.0000000E+00   0.0000000E+00   0.0000000E+00
   3.7802518E-05   6.7013482E+06   6.7013482E+06   8.9163263E+06   9.9624133E+03   -1.3793634E+05   6.7015257E+06   6.7013482E+06   6.5811138E+06   0.0000000E+00   0.0000000E+00   0.0000000E+00   0.0000000E+00
   4.0622882E-05   6.7013292E+06   6.7013292E+06   8.9133939E+06   9.9597697E+03   -1.3792496E+05   6.7015051E+06   6.7013292E+06   6.5810936E+06   0.0000000E+00   0.0000000E+00   0.0000000E+00   0.0000000E+00
   4.3653667E-05   6.7013073E+06   6.7013073E+06   8.9100087E+06   9.9567178E+03   -1.3791182E+05   6.7014813E+06   6.7013073E+06   6.5810704E+06   0.0000000E+00   0.0000000E+00   0.0000000E+00   0.0000000E+00
   4.6910572E-05   6.7012820E+06   6.7012820E+06   8.9061011E+06   9.9531946E+03   -1.3789663E+05   6.7014539E+06   6.7012820E+06   6.5810435E+06   0.0000000E+00   0.0000000E+00   0.0000000E+00   0.0000000E+00
   5.0410468E-05   6.7012528E+06   6.7012528E+06   8.9015907E+06   9.9491275E+03   -1.3787908E+05   6.7014222E+06   6.7012528E+06   6.5810124E+06   0.0000000E+00   0.0000000E+00   0.0000000E+00   0.0000000E+00
   5.4171484E-05   6.7012191E+06   6.7012191E+06   8.8963849E+06   9.9444328E+03   -1.3785881E+05   6.7013856E+06   6.7012191E+06   6.5809766E+06   0.0000000E+00   0.0000000E+00   0.0000000E+00   0.0000000E+00
   5.8213101E-05   6.7011801E+06   6.7011801E+06   8.8903770E+06   9.9390142E+03   -1.3783538E+05   6.7013434E+06   6.7011801E+06   6.5809352E+06   0.0000000E+00   0.0000000E+00   0.0000000E+00   0.0000000E+00
   6.2556254E-05   6.7011352E+06   6.7011352E+06   8.8834440E+06   9.9327603E+03   -1.3780830E+05   6.7012946E+06   6.7011352E+06   6.5808874E+06   0.0000000E+00   0.0000000E+00   0.0000000E+00   0.0000000E+00
   6.7223440E-05   6.7010833E+06   6.7010833E+06   8.8754444E+06   9.9255432E+03   -1.3777700E+05   6.7012383E+06   6.7010833E+06   6.5808322E+06   0.0000000E+00   0.0000000E+00   0.0000000E+00   0.0000000E+00
   7.2238835E-05   6.7010233E+06   6.7010233E+06   8.8662152E+06   9.9172151E+03   -1.3774083E+05   6.7011732E+06   6.7010233E+06   6.5807685E+06   0.0000000E+00   0.0000000E+00   0.0000000E+00   0.0000000E+00
   7.7628417E-05   6.7009541E+06   6.7009541E+06   8.8555690E+06   9.9076064E+03   -1.3769900E+05   6.7010981E+06   6.7009541E+06   6.5806949E+06   0.0000000E+00   0.0000000E+00   0.0000000E+00   0.0000000E+00
   8.3420105E-05   6.7008743E+06   6.7008743E+06   8.8432903E+06   9.8965214E+03   -1.3765064E+05   6.7010115E+06   6.7008743E+06   6.5806100E+06   0.0000000E+00   0.0000000E+00   0.0000000E+00   0.0000000E+00
   8.9643898E-05   6.7007821E+06   6.7007821E+06   8.8291314E+06   9.8837353E+03   -1.3759470E+05   6.7009114E+06   6.7007821E+06   6.5805120E+06   0.0000000E+00   0.0000000E+00   0.0000000E+00   0.0000000E+00
   9.6332034E-05   6.7006756E+06   6.7006756E+06   8.8128080E+06   9.8689899E+03   -1.3752999E+05   6.7007959E+06   6.7006756E+06   6.5803988E+06   0.0000000E+00   0.0000000E+00   0.0000000E+00   0.0000000E+00
   1.0351916E-04   6.7005527E+06   6.7005527E+06   8.7939943E+06   9.8519881E+03   -1.3745510E+05   6.7006626E+06   6.7005527E+06   6.5802682E+06   0.0000000E+00   0.0000000E+00   0.0000000E+00   0.0000000E+00
   1.1124250E-04   6.7004109E+06   6.7004109E+06   8.7723166E+06   9.8323896E+03   -1.3736843E+05   6.7005087E+06   6.7004109E+06   6.5801174E+06   0.0000000E+00   0.0000000E+00   0.0000000E+00   0.0000000E+00
   1.1954206E-04   6.7002473E+06   6.7002473E+06   8.7473475E+06   9.8098039E+03   -1.3726806E+05   6.7003311E+06   6.7002473E+06   6.5799434E+06   0.0000000E+00   0.0000000E+00   0.0000000E+00   0.0000000E+00
   1.2846083E-04   6.7000584E+06   6.7000584E+06   8.7185989E+06   9.7837838E+03   -1.3715181E+05   6.7001262E+06   6.7000584E+06   6.5797426E+06   0.0000000E+00   0.0000000E+00   0.0000000E+00   0.0000000E+00
   1.3804502E-04   6.6998404E+06   6.6998404E+06   8.6855136E+06   9.7538183E+03   -1.3701708E+05   6.6998897E+06   6.6998404E+06   6.5795109E+06   0.0000000E+00   0.0000000E+00   0.0000000E+00   0.0000000E+00
   1.4834425E-04   6.6995889E+06   6.6995889E+06   8.6474578E+06   9.7193236E+03   -1.3686087E+05   6.6996169E+06   6.6995889E+06   6.5792436E+06   0.0000000E+00   0.0000000E+00   0.0000000E+00   0.0000000E+00
   1.5941190E-04   6.6992988E+06   6.6992988E+06   8.6037115E+06   9.6796346E+03   -1.3667965E+05   6.6993021E+06   6.6992988E+06   6.5789352E+06   0.0000000E+00   0.0000000E+00   0.0000000E+00   0.0000000E+00
   1.7130527E-04   6.6989641E+06   6.6989641E+06   8.5534596E+06   9.6339950E+03   -1.3646929E+05   6.6989391E+06   6.6989641E+06   6.5785795E+06   0.0000000E+00   0.0000000E+00   0.0000000E+00   0.0000000E+00
   1.8408599E-04   6.6985781E+06   6.6985781E+06   8.4957817E+06   9.5815469E+03   -1.3622493E+05   6.6985204E+06   6.6985781E+06   6.5781693E+06   0.0000000E+00   0.0000000E+00   0.0000000E+00   0.0000000E+00
   1.9782024E-04   6.6981331E+06   6.6981331E+06   8.4296433E+06   9.5213200E+03   -1.3594085E+05   6.6980377E+06   6.6981331E+06   6.5776963E+06   0.0000000E+00   0.0000000E+00   0.0000000E+00   0.0000000E+00
   2.1257918E-04   6.6976200E+06   6.6976200E+06   8.3538865E+06   9.4522211E+03   -1.3561033E+05   6.6974812E+06   6.6976200E+06   6.5771511E+06   0.0000000E+00   0.0000000E+00   0.0000000E+00   0.0000000E+00
   2.2843925E-04   6.6970287E+06   6.6970287E+06   8.2672225E+06   9.3730233E+03   -1.3522540E+05   6.6968400E+06   6.6970287E+06   6.5765228E+06   0.0000000E+00   0.0000000E+00   0.0000000E+00   0.0000000E+00
   2.4548261E-04   6.6963475E+06   6.6963475E+06   8.1682265E+06   9.2823566E+03   -1.3477667E+05   6.6961013E+06   6.6963475E+06   6.5757989E+06   0.0000000E+00   0.0000000E+00   0.0000000E+00   0.0000000E+00
   2.6379753E-04   6.6955629E+06   6.6955629E+06   8.0553360E+06   9.1787003E+03   -1.3425301E+05   6.6952506E+06   6.6955629E+06   6.5749654E+06   0.0000000E+00   0.0000000E+00   0.0000000E+00   0.0000000E+00
   2.8347890E-04   6.6946596E+06   6.6946596E+06   7.9268542E+06   9.0603785E+03   -1.3364122E+05   6.6942714E+06   6.6946596E+06   6.5740058E+06   0.0000000E+00   0.0000000E+00   0.0000000E+00   0.0000000E+00
   3.0462864E-04   6.6936201E+06   6.6936201E+06   7.7809614E+06   8.9255605E+03   -1.3292568E+05   6.6931447E+06   6.6936201E+06   6.5729017E+06   0.0000000E+00   0.0000000E+00   0.0000000E+00   0.0000000E+00
   3.2735632E-04   6.6924245E+06   6.6924245E+06   7.6157365E+06   8.7722681E+03   -1.3208782E+05   6.6918491E+06   6.6924245E+06   6.5716320E+06   0.0000000E+00   0.0000000E+00   0.0000000E+00   0.0000000E+00
   3.5177967E-04   6.6910502E+06   6.6910502E+06   7.4291922E+06   8.5983922E+03   -1.3110565E+05   6.6903601E+06   6.6910502E+06   6.5701728E+06   0.0000000E+00   0.0000000E+00   0.0000000E+00   0.0000000E+00
   3.7802518E-04   6.6894716E+06   6.6894716E+06   7.2193285E+06   8.4017230E+03   -1.2995317E+05   6.6886502E+06   6.6894716E+06   6.5684969E+06   0.0000000E+00   0.0000000E+00   0.0000000E+00   0.0000000E+00
   4.0622882E-04   6.6876596E+06   6.6876596E+06   6.9842084E+06   8.1799970E+03   -1.2859971E+05   6.6866881E+06   6.6876596E+06   6.5665739E+06   0.0000000E+00   0.0000000E+00   0.0000000E+00   0.0000000E+00
   4.3653667E-04   6.6855817E+06   6.6855817E+06   6.7220620E+06   7.9309662E+03   -1.2700927E+05   6.6844388E+06   6.6855817E+06   6.5643691E+06   0.0000000E+00   0.0000000E+00   0.0000000E+00   0.0000000E+00
   4.6910572E-04   6.6832010E+06   6.6832010E+06   6.4314237E+06   7.6524950E+03   -1.2513993E+05   6.6818629E+06   6.6832010E+06   6.5618441E+06   0.0000000E+00   0.0000000E+00   0.0000000E+00   0.0000000E+00
   5.0410468E-04   6.6804767E+06   6.6804767E+06   6.1113075E+06   7.3426899E+03   -1.2294333E+05   6.6789166E+06   6.6804767E+06   6.5589557E+06   0.0000000E+00   0.0000000E+00   0.0000000E+00   0.0000000E+00
   5.4171484E-04   6.6773629E+06   6.6773629E+06   5.7614218E+06   7.0000680E+03   -1.2036447E+05   6.6755509E+06   6.6773629E+06   6.5556560E+06   0.0000000E+00   0.0000000E+00   0.0000000E+00   0.0000000E+00
   5.8213101E-04   6.6738092E+06   6.6738092E+06   5.3824248E+06   6.6237682E+03   -1.1734202E+05   6.6717122E+06   6.6738092E+06   6.5518921E+06   0.0000000E+00   0.0000000E+00   0.0000000E+00   0.0000000E+00
   6.2556254E-04   6.6697598E+06   6.6697598E+06   4.9762110E+06   6.2138057E+03   -1.1380939E+05   6.6673413E+06   6.6697598E+06   6.5476059E+06   0.0000000E+00   0.0000000E+00   0.0000000E+00   0.0000000E+00
   6.7223440E-04   6.6651535E+06   6.6651535E+06   4.5462129E+06   5.7713658E+03   -1.0969704E+05   6.6623738E+06   6.6651535E+06   6.5427340E+06   0.0000000E+00   0.0000000E+00   0.0000000E+00   0.0000000E+00
   7.2238835E-04   6.6599239E+06   6.6599239E+06   4.0976860E+06   5.2991246E+03   -1.0493655E+05   6.6567398E+06   6.6599239E+06   6.5372077E+06   0.0000000E+00   0.0000000E+00   0.0000000E+00   0.0000000E+00
   7.7628417E-04   6.6539991E+06   6.6539991E+06   3.6379293E+06   4.8015699E+03   -9.9466791E+04   6.6503647E+06   6.6539991E+06   6.5309533E+06   0.0000000E+00   0.0000000E+00   0.0000000E+00   0.0000000E+00
   8.3420105E-04   6.6473019E+06   6.6473019E+06   3.1763698E+06   4.2852836E+03   -9.3243062E+04   6.6431686E+06   6.6473019E+06   6.5238924E+06   0.0000000E+00   0.0000000E+00   0.0000000E+00   0.0000000E+00
   8.9643898E-04   6.6397499E+06   6.6397499E+06   2.7244201E+06   3.7591214E+03   -8.6249032E+04   6.6350674E+06   6.6397499E+06   6.5159417E+06   0.0000000E+00   0.0000000E+00   0.0000000E+00   0.0000000E+00
   9.6332034E-04   6.6312557E+06   6.6312557E+06   2.2950036E+06   3.2342076E+03   -7.8511422E+04   6.6259730E+06   6.6312557E+06   6.5070144E+06   0.0000000E+00   0.0000000E+00   0.0000000E+00   0.0000000E+00
   1.0351916E-03   6.6217268E+06   6.6217268E+06   1.9016467E+06   2.7236476E+03   -7.0115881E+04   6.6157935E+06   6.6217268E+06   6.4970197E+06   0.0000000E+00   0.0000000E+00   0.0000000E+00   0.0000000E+00
   1.1124250E-03   6.6110658E+06   6.6110658E+06   1.5570749E+06   2.2418516E+03   -6.1221060E+04   6.6044339E+06   6.6110658E+06   6.4858636E+06   0.0000000E+00   0.0000000E+00   0.0000000E+00   0.0000000E+00
   1.1954206E-03   6.5991699E+06   6.5991699E+06   1.2713469E+06   1.8033953E+03   -5.2065753E+04   6.5917956E+06   6.5991699E+06   6.4734488E+06   0.0000000E+00   0.0000000E+00   0.0000000E+00   0.0000000E+00
   1.2846083E-03   6.5859302E+06   6.5859302E+06   1.0497231E+06   1.4214060E+03   -4.2961928E+04   6.5777764E+06   6.5859302E+06   6.4596740E+06   0.0000000E+00   0.0000000E+00   0.0000000E+00   0.0000000E+00
   1.3804502E-03   6.5712307E+06   6.5712307E+06   8.9069802E+05   1.1055963E+03   -3.4265608E+04   6.5622693E+06   6.5712307E+06   6.4444338E+06   0.0000000E+00   0.0000000E+00   0.0000000E+00   0.0000000E+00
   1.4834425E-03   6.5549474E+06   6.5549474E+06   7.8488055E+05   8.6025379E+02   -2.6319968E+04   6.5451614E+06   6.5549474E+06   6.4276166E+06   0.0000000E+00   0.0000000E+00   0.0000000E+00   0.0000000E+00
   1.5941190E-03   6.5369472E+06   6.5369472E+06   7.1556494E+05   6.8271751E+02   -1.9373080E+04   6.5263321E+06   6.5369472E+06   6.4091039E+06   0.0000000E+00   0.0000000E+00   0.0000000E+00   0.0000000E+00
   1.7130527E-03   6.5170874E+06   6.5170874E+06   6.6170794E+05   5.6303095E+02   -1.3488332E+04   6.5056524E+06   6.5170874E+06   6.3887692E+06   0.0000000E+00   0.0000000E+00   0.0000000E+00   0.0000000E+00
   1.8408599E-03   6.4952169E+06   6.4952169E+06   6.0338284E+05   4.8542618E+02   -8.4861344E+03   6.4829843E+06   6.4952169E+06   6.3664773E+06   0.0000000E+00   0.0000000E+00   0.0000000E+00   0.0000000E+00
   1.9782024E-03   6.4711791E+06   6.4711791E+06   5.2851268E+05   4.3187491E+02   -3.9708664E+03   6.4581817E+06   6.4711791E+06   6.3420857E+06   0.0000000E+00   0.0000000E+00   0.0000000E+00   0.0000000E+00
   2.1257918E-03   6.4448150E+06   6.4448150E+06   4.3809062E+05   3.8705970E+02   5.1409289E+02   6.4310931E+06   6.4448150E+06   6.3154468E+06   0.0000000E+00   0.0000000E+00   0.0000000E+00   0.0000000E+00
   2.2843925E-03   6.4159681E+06   6.4159681E+06   3.4616203E+05   3.4296127E+02   5.2216855E+03   6.4015641E+06   6.4159681E+06   6.2864102E+06   0.0000000E+00   0.0000000E+00   0.0000000E+00   0.0000000E+00
   2.4548261E-03   6.3844858E+06   6.3844858E+06   2.7214846E+05   3.0049772E+02   9.9571609E+03   6.3694392E+06   6.3844858E+06   6.2548248E+06   0.0000000E+00   0.0000000E+00   0.0000000E+00   0.0000000E+00
   2.6379753E-03   6.3502182E+06   6.3502182E+06   2.2772869E+05   2.6633583E+02   1.4081627E+04   6.3345613E+06   6.3502182E+06   6.2205371E+06   0.0000000E+00   0.0000000E+00   0.0000000E+00   0.0000000E+00
   2.8347890E-03   6.3130127E+06   6.3130127E+06   2.0684549E+05   2.4580359E+02   1.6925197E+04   6.2967684E+06   6.3130127E+06   6.1833890E+06   0.0000000E+00   0.0000000E+00   0.0000000E+00   0.0000000E+00
   3.0462864E-03   6.2727080E+06   6.2727080E+06   1.8949649E+05   2.3668062E+02   1.8424728E+04   6.2558914E+06   6.2727080E+06   6.1432149E+06   0.0000000E+00   0.0000000E+00   0.0000000E+00   0.0000000E+00
   3.2735632E-03   6.2291337E+06   6.2291337E+06   1.6056383E+05   2.2988704E+02   1.9346564E+04   6.2117558E+06   6.2291337E+06   6.0998436E+06   0.0000000E+00   0.0000000E+00   0.0000000E+00   0.0000000E+00
   3.5177967E-03   6.1821152E+06   6.1821152E+06   1.2642995E+05   2.1788193E+02   2.0535405E+04   6.1641882E+06   6.1821152E+06   6.0531051E+06   0.0000000E+00   0.0000000E+00   0.0000000E+00   0.0000000E+00
   3.7802518E-03   6.1314799E+06   6.1314799E+06   1.0592579E+05   2.0216852E+02   2.1771897E+04   6.1130215E+06   6.1314799E+06   6.0028352E+06   0.0000000E+00   0.0000000E+00   0.0000000E+00   0.0000000E+00
   4.0622882E-03   6.0770565E+06   6.0770565E+06   1.0111394E+05   1.8943033E+02   2.1979600E+04   6.0580923E+06   6.0770565E+06   5.9488734E+06   0.0000000E+00   0.0000000E+00   0.0000000E+00   0.0000000E+00
   4.3653667E-03   6.0186692E+06   6.0186692E+06   9.2026860E+04   1.8031426E+02   2.1108744E+04   5.9992330E+06   6.0186692E+06   5.8910551E+06   0.0000000E+00   0.0000000E+00   0.0000000E+00   0.0000000E+00
   4.6910572E-03   5.9561399E+06   5.9561399E+06   7.2205101E+04   1.6892768E+02   2.0564310E+04   5.9362746E+06   5.9561399E+06   5.8292142E+06   0.0000000E+00   0.0000000E+00   0.0000000E+00   0.0000000E+00
   5.0410468E-03   5.8892991E+06   5.8892991E+06   6.0225553E+04   1.5478257E+02   2.0520877E+04   5.8690564E+06   5.8892991E+06   5.7631926E+06   0.0000000E+00   0.0000000E+00   0.0000000E+00   0.0000000E+00
   5.4171484E-03   5.8179883E+06   5.8179883E+06   5.6085498E+04   1.4286010E+02   1.9616718E+04   5.7974222E+06   5.8179883E+06   5.6928367E+06   0.0000000E+00   0.0000000E+00   0.0000000E+00   0.0000000E+00
   5.8213101E-03   5.7420458E+06   5.7420458E+06   4.3806060E+04   1.3177667E+02   1.8578781E+04   5.7212022E+06   5.7420458E+06   5.6179797E+06   0.0000000E+00   0.0000000E+00   0.0000000E+00   0.0000000E+00
   6.2556254E-03   5.6613035E+06   5.6613035E+06   3.6701742E+04   1.1953126E+02   1.8133444E+04   5.6402186E+06   5.6613035E+06   5.5384468E+06   0.0000000E+00   0.0000000E+00   0.0000000E+00   0.0000000E+00
   6.7223440E-03   5.5755935E+06   5.5755935E+06   3.4744964E+04   1.0891711E+02   1.6740707E+04   5.5543113E+06   5.5755935E+06   5.4540806E+06   0.0000000E+00   0.0000000E+00   0.0000000E+00   0.0000000E+00
   7.2238835E-03   5.4847499E+06   5.4847499E+06   2.6751223E+04   9.7888416E+01   1.5739163E+04   5.4633375E+06   5.4847499E+06   5.3647406E+06   0.0000000E+00   0.0000000E+00   0.0000000E+00   0.0000000E+00
   7.7628417E-03   5.3886188E+06   5.3886188E+06   2.5355793E+04   8.7791589E+01   1.4666093E+04   5.3671460E+06   5.3886188E+06   5.2702784E+06   0.0000000E+00   0.0000000E+00   0.0000000E+00   0.0000000E+00
   8.3420105E-03   5.2870460E+06   5.2870460E+06   1.9031212E+04   7.8780877E+01   1.3482891E+04   5.2655614E+06   5.2870460E+06   5.1705215E+06   0.0000000E+00   0.0000000E+00   0.0000000E+00   0.0000000E+00
   8.9643898E-03   5.1798692E+06   5.1798692E+06   1.7901790E+04   6.9807984E+01   1.2496697E+04   5.1584249E+06   5.1798692E+06   5.0653139E+06   0.0000000E+00   0.0000000E+00   0.0000000E+00   0.0000000E+00
   9.6332034E-03   5.0669320E+06   5.0669320E+06   1.3761692E+04   6.1681854E+01   1.1455875E+04   5.0455975E+06   5.0669320E+06   4.9545188E+06   0.0000000E+00   0.0000000E+00   0.0000000E+00   0.0000000E+00
   1.0351916E-02   4.9480865E+06   4.9480865E+06   1.2843984E+04   5.4459249E+01   1.0269843E+04   4.9269208E+06   4.9480865E+06   4.8379808E+06   0.0000000E+00   0.0000000E+00   0.0000000E+00   0.0000000E+00
   1.1124250E-02   4.8231861E+06   4.8231861E+06   1.0412750E+04   4.7579741E+01   9.4696687E+03   4.8022475E+06   4.8231861E+06   4.7155550E+06   0.0000000E+00   0.0000000E+00   0.0000000E+00   0.0000000E+00
   1.1954206E-02   4.6920977E+06   4.6920977E+06   8.2163279E+03   4.1522875E+01   8.4607162E+03   4.6714513E+06   4.6920977E+06   4.5871175E+06   0.0000000E+00   0.0000000E+00   0.0000000E+00   0.0000000E+00
   1.2846083E-02   4.5547098E+06   4.5547098E+06   7.4025078E+03   3.6097757E+01   7.4864563E+03   4.5344157E+06   4.5547098E+06   4.4525536E+06   0.0000000E+00   0.0000000E+00   0.0000000E+00   0.0000000E+00
   1.3804502E-02   4.4109357E+06   4.4109357E+06   6.4131478E+03   3.1153720E+01   6.7004505E+03   4.3910516E+06   4.4109357E+06   4.3117759E+06   0.0000000E+00   0.0000000E+00   0.0000000E+00   0.0000000E+00
   1.4834425E-02   4.2607370E+06   4.2607370E+06   5.3417342E+03   2.6773836E+01   6.0006085E+03   4.2413270E+06   4.2607370E+06   4.1647529E+06   0.0000000E+00   0.0000000E+00   0.0000000E+00   0.0000000E+00
   1.5941190E-02   4.1041375E+06   4.1041375E+06   4.4079716E+03   2.2902422E+01   5.2875998E+03   4.0852560E+06   4.1041375E+06   4.0114984E+06   0.0000000E+00   0.0000000E+00   0.0000000E+00   0.0000000E+00
   1.7130527E-02   3.9412525E+06   3.9412525E+06   3.6365578E+03   1.9517190E+01   4.6315606E+03   3.9229582E+06   3.9412525E+06   3.8521297E+06   0.0000000E+00   0.0000000E+00   0.0000000E+00   0.0000000E+00
   1.8408599E-02   3.7723189E+06   3.7723189E+06   3.0439105E+03   1.6534322E+01   4.0159563E+03   3.7546649E+06   3.7723189E+06   3.6868740E+06   0.0000000E+00   0.0000000E+00   0.0000000E+00   0.0000000E+00
   1.9782023E-02   3.5977369E+06   3.5977369E+06   2.4744190E+03   1.3948010E+01   3.4570444E+03   3.5807736E+06   3.5977369E+06   3.5161217E+06   0.0000000E+00   0.0000000E+00   0.0000000E+00   0.0000000E+00
   2.1257912E-02   3.4181143E+06   3.4181143E+06   1.9890638E+03   1.1694180E+01   2.9764859E+03   3.4018883E+06   3.4181143E+06   3.3404656E+06   0.0000000E+00   0.0000000E+00   0.0000000E+00   0.0000000E+00
   2.2843888E-02   3.2343186E+06   3.2343186E+06   1.6406946E+03   9.7528058E+00   2.5490991E+03   3.2188696E+06   3.2343186E+06   3.1607509E+06   0.0000000E+00   0.0000000E+00   0.0000000E+00   0.0000000E+00
   2.4548074E-02   3.0475331E+06   3.0475331E+06   1.3282798E+03   8.0916596E+00   2.1718698E+03   3.0328941E+06   3.0475331E+06   2.9781329E+06   0.0000000E+00   0.0000000E+00   0.0000000E+00   0.0000000E+00
   2.6378948E-02   2.8593169E+06   2.8593169E+06   1.0938989E+03   6.6803703E+00   1.8166271E+03   2.8455121E+06   2.8593169E+06   2.7941339E+06   0.0000000E+00   0.0000000E+00   0.0000000E+00   0.0000000E+00
   2.8344856E-02   2.6716726E+06   2.6716726E+06   8.9847279E+02   5.4825683E+00   1.5415120E+03   2.6587146E+06   2.6716726E+06   2.6107089E+06   0.0000000E+00   0.0000000E+00   0.0000000E+00   0.0000000E+00
   3.0452769E-02   2.4871197E+06   2.4871197E+06   6.9592409E+02   4.4800604E+00   1.2900858E+03   2.4750067E+06   2.4871197E+06   2.4303178E+06   0.0000000E+00   0.0000000E+00   0.0000000E+00   0.0000000E+00
   3.2705743E-02   2.3087464E+06   2.3087464E+06   5.5048575E+02   3.6479996E+00   1.0690795E+03   2.2974603E+06   2.3087464E+06   2.2559771E+06   0.0000000E+00   0.0000000E+00   0.0000000E+00   0.0000000E+00
   3.5098846E-02   2.1401530E+06   2.1401530E+06   4.4381690E+02   2.9656340E+00   8.8924449E+02   2.1296565E+06   2.1401530E+06   2.0912030E+06   0.0000000E+00   0.0000000E+00   0.0000000E+00   0.0000000E+00
   3.7614670E-02   1.9851248E+06   1.9851248E+06   3.6977999E+02   2.4147703E+00   7.4223673E+02   1.9753601E+06   1.9851248E+06   1.9396925E+06   0.0000000E+00   0.0000000E+00   0.0000000E+00   0.0000000E+00
   4.0221801E-02   1.8469196E+06   1.8469196E+06   3.1480110E+02   1.9771263E+00   6.1397008E+02   1.8378116E+06   1.8469196E+06   1.8046275E+06   0.0000000E+00   0.0000000E+00   0.0000000E+00   0.0000000E+00
   4.2879998E-02   1.7273632E+06   1.7273632E+06   2.5158332E+02   1.6343099E+00   5.0731042E+02   1.7188260E+06   1.7273632E+06   1.6877903E+06   0.0000000E+00   0.0000000E+00   0.0000000E+00   0.0000000E+00
   4.5551115E-02   1.6263059E+06   1.6263059E+06   1.9804145E+02   1.3665998E+00   4.3735285E+02   1.6182530E+06   1.6263059E+06   1.5890332E+06   0.0000000E+00   0.0000000E+00   0.0000000E+00   0.0000000E+00
   4.8208729E-02   1.5418402E+06   1.5418402E+06   1.7378620E+02   1.1572978E+00   3.8404701E+02   1.5341932E+06   1.5418402E+06   1.5064912E+06   0.0000000E+00   0.0000000E+00   0.0000000E+00   0.0000000E+00
   5.0840882E-02   1.4710483E+06   1.4710483E+06   1.5597625E+02   9.9257678E-01   3.3114799E+02   1.4637423E+06   1.4710483E+06   1.4373123E+06   0.0000000E+00   0.0000000E+00   0.0000000E+00   0.0000000E+00
   5.3447051E-02   1.4107499E+06   1.4107499E+06   1.3255571E+02   8.6056064E-01   2.8713789E+02   1.4037350E+06   1.4107499E+06   1.3783886E+06   0.0000000E+00   0.0000000E+00   0.0000000E+00   0.0000000E+00
   5.6033499E-02   1.3579680E+06   1.3579680E+06   1.1129945E+02   7.5288566E-01   2.5588487E+02   1.3512085E+06   1.3579680E+06   1.3268105E+06   0.0000000E+00   0.0000000E+00   0.0000000E+00   0.0000000E+00
   5.8609592E-02   1.3101299E+06   1.3101299E+06   9.8007502E+01   6.6318601E-01   2.3239838E+02   1.3036025E+06   1.3101299E+06   1.2800641E+06   0.0000000E+00   0.0000000E+00   0.0000000E+00   0.0000000E+00
   6.1185595E-02   1.2651204E+06   1.2651204E+06   9.0114692E+01   5.8731670E-01   2.0911281E+02   1.2588120E+06   1.2651204E+06   1.2360823E+06   0.0000000E+00   0.0000000E+00   0.0000000E+00   0.0000000E+00
   6.3771573E-02   1.2212745E+06   1.2212745E+06   8.1212575E+01   5.2192192E-01   1.8556944E+02   1.2151803E+06   1.2212745E+06   1.1932384E+06   0.0000000E+00   0.0000000E+00   0.0000000E+00   0.0000000E+00
   6.6376941E-02   1.1773566E+06   1.1773566E+06   7.0650543E+01   4.6480140E-01   1.6595266E+02   1.1714777E+06   1.1773566E+06   1.1503249E+06   0.0000000E+00   0.0000000E+00   0.0000000E+00   0.0000000E+00
   6.9010344E-02   1.1325388E+06   1.1325388E+06   6.3121875E+01   4.1425711E-01   1.4992373E+02   1.1268802E+06   1.1325388E+06   1.1065326E+06   0.0000000E+00   0.0000000E+00   0.0000000E+00   0.0000000E+00
   7.1679693E-02   1.0863824E+06   1.0863824E+06   5.6094950E+01   3.6926447E-01   1.3302556E+02   1.0809514E+06   1.0863824E+06   1.0614332E+06   0.0000000E+00   0.0000000E+00   0.0000000E+00   0.0000000E+00
   7.4392249E-02   1.0388181E+06   1.0388181E+06   4.7795458E+01   3.2883482E-01   1.2051480E+02   1.0336223E+06   1.0388181E+06   1.0149587E+06   0.0000000E+00   0.0000000E+00   0.0000000E+00   0.0000000E+00
   7.7154735E-02   9.9011766E+05   9.9011766E+05   4.4713054E+01   2.9244909E-01   1.0967812E+02   9.8516308E+05   9.9011766E+05   9.6737445E+05   0.0000000E+00   0.0000000E+00   0.0000000E+00   0.0000000E+00
   7.9973435E-02   9.4085318E+05   9.4085318E+05   3.9358442E+01   2.5983439E-01   9.3840126E+01   9.3614309E+05   9.4085318E+05   9.1923959E+05   0.0000000E+00   0.0000000E+00   0.0000000E+00   0.0000000E+00
   8.2854289E-02   8.9183905E+05   8.9183905E+05   3.3403703E+01   2.3051691E-01   8.6794132E+01   8.8737255E+05   8.9183905E+05   8.7134966E+05   0.0000000E+00   0.0000000E+00   0.0000000E+00   0.0000000E+00
   8.5802966E-02   8.4405396E+05   8.4405396E+05   3.0992622E+01   2.0439153E-01   7.4535902E+01   8.3982519E+05   8.4405396E+05   8.2466084E+05   0.0000000E+00   0.0000000E+00   0.0000000E+00   0.0000000E+00
   8.8824930E-02   7.9854366E+05   7.9854366E+05   2.6513111E+01   1.8118540E-01   6.8842798E+01   7.9454151E+05   7.9854366E+05   7.8019482E+05   0.0000000E+00   0.0000000E+00   0.0000000E+00   0.0000000E+00
   9.1925496E-02   7.5630831E+05   7.5630831E+05   2.3081670E+01   1.6081876E-01   5.9007987E+01   7.5251660E+05   7.5630831E+05   7.3892874E+05   0.0000000E+00   0.0000000E+00   0.0000000E+00   0.0000000E+00
   9.5109871E-02   7.1818202E+05   7.1818202E+05   2.1665621E+01   1.4298683E-01   5.3069210E+01   7.1458036E+05   7.1818202E+05   7.0167750E+05   0.0000000E+00   0.0000000E+00   0.0000000E+00   0.0000000E+00
   9.8383192E-02   6.8471624E+05   6.8471624E+05   1.9116673E+01   1.2753325E-01   4.8930261E+01   6.8128144E+05   6.8471624E+05   6.6897983E+05   0.0000000E+00   0.0000000E+00   0.0000000E+00   0.0000000E+00
   1.0175055E-01   6.5608216E+05   6.5608216E+05   1.6599157E+01   1.1417677E-01   4.4377760E+01   6.5279013E+05   6.5608216E+05   6.4100298E+05   0.0000000E+00   0.0000000E+00   0.0000000E+00   0.0000000E+00
   1.0521703E-01   6.3200906E+05   6.3200906E+05   1.4819703E+01   1.0266657E-01   4.0035467E+01   6.2883702E+05   6.3200906E+05   6.1748238E+05   0.0000000E+00   0.0000000E+00   0.0000000E+00   0.0000000E+00
   1.0878770E-01   6.1177524E+05   6.1177524E+05   1.3588186E+01   9.2680459E-02   3.6302602E+01   6.0870404E+05   6.1177524E+05   5.9771293E+05   0.0000000E+00   0.0000000E+00   0.0000000E+00   0.0000000E+00
   1.1246766E-01   5.9426440E+05   5.9426440E+05   1.2451073E+01   8.3927523E-02   3.2791611E+01   5.9128045E+05   5.9426440E+05   5.8060394E+05   0.0000000E+00   0.0000000E+00   0.0000000E+00   0.0000000E+00
   1.1626203E-01   5.7809234E+05   5.7809234E+05   1.1172732E+01   7.6136717E-02   3.0003767E+01   5.7518899E+05   5.7809234E+05   5.6480304E+05   0.0000000E+00   0.0000000E+00   0.0000000E+00   0.0000000E+00
   1.2017596E-01   5.6179732E+05   5.6179732E+05   1.0463147E+01   6.9056548E-02   2.7585353E+01   5.5897526E+05   5.6179732E+05   5.4888208E+05   0.0000000E+00   0.0000000E+00   0.0000000E+00   0.0000000E+00
   1.2421467E-01   5.4407261E+05   5.4407261E+05   9.2117387E+00   6.2505276E-02   2.4349568E+01   5.4133909E+05   5.4407261E+05   5.3156435E+05   0.0000000E+00   0.0000000E+00   0.0000000E+00   0.0000000E+00
   1.2838341E-01   5.2400475E+05   5.2400475E+05   8.5267384E+00   5.6355404E-02   2.2981513E+01   5.2137160E+05   5.2400475E+05   5.1195741E+05   0.0000000E+00   0.0000000E+00   0.0000000E+00   0.0000000E+00
   1.3268749E-01   5.0126953E+05   5.0126953E+05   7.2826324E+00   5.0559596E-02   2.0276113E+01   4.9875022E+05   5.0126953E+05   4.8974449E+05   0.0000000E+00   0.0000000E+00   0.0000000E+00   0.0000000E+00
   1.3713231E-01   4.7623358E+05   4.7623358E+05   6.6633547E+00   4.5123632E-02   1.7652385E+01   4.7383973E+05   4.7623358E+05   4.6528379E+05   0.0000000E+00   0.0000000E+00   0.0000000E+00   0.0000000E+00
   1.4172329E-01   4.4991868E+05   4.4991868E+05   6.0036438E+00   4.0085983E-02   1.5735311E+01   4.4765678E+05   4.4991868E+05   4.3957362E+05   0.0000000E+00   0.0000000E+00   0.0000000E+00   0.0000000E+00
   1.4646597E-01   4.2380929E+05   4.2380929E+05   5.2610995E+00   3.5512709E-02   1.3920974E+01   4.2167836E+05   4.2380929E+05   4.1406429E+05   0.0000000E+00   0.0000000E+00   0.0000000E+00   0.0000000E+00
   1.5136593E-01   3.9952150E+05   3.9952150E+05   4.5156505E+00   3.1460454E-02   1.2482409E+01   3.9751243E+05   3.9952150E+05   3.9033471E+05   0.0000000E+00   0.0000000E+00   0.0000000E+00   0.0000000E+00
   1.5642887E-01   3.7839645E+05   3.7839645E+05   4.0759249E+00   2.7952569E-02   1.1362649E+01   3.7649339E+05   3.7839645E+05   3.6969520E+05   0.0000000E+00   0.0000000E+00   0.0000000E+00   0.0000000E+00
   1.6166057E-01   3.6112050E+05   3.6112050E+05   3.6330232E+00   2.4969819E-02   1.0180463E+01   3.5930412E+05   3.6112050E+05   3.5281631E+05   0.0000000E+00   0.0000000E+00   0.0000000E+00   0.0000000E+00
   1.6706689E-01   3.4749202E+05   3.4749202E+05   3.2881746E+00   2.2442848E-02   8.9328135E+00   3.4574401E+05   3.4749202E+05   3.3950105E+05   0.0000000E+00   0.0000000E+00   0.0000000E+00   0.0000000E+00
   1.7265386E-01   3.3643567E+05   3.3643567E+05   3.0501708E+00   2.0269630E-02   8.3549210E+00   3.3474310E+05   3.3643567E+05   3.2869877E+05   0.0000000E+00   0.0000000E+00   0.0000000E+00   0.0000000E+00
   1.7842760E-01   3.2630188E+05   3.2630188E+05   2.7419248E+00   1.8340349E-02   7.7163807E+00   3.2466014E+05   3.2630188E+05   3.1879788E+05   0.0000000E+00   0.0000000E+00   0.0000000E+00   0.0000000E+00
   1.8439441E-01   3.1539269E+05   3.1539269E+05   2.4937638E+00   1.6562225E-02   6.9331273E+00   3.1380570E+05   3.1539269E+05   3.0813943E+05   0.0000000E+00   0.0000000E+00   0.0000000E+00   0.0000000E+00
   1.9056076E-01   3.0255303E+05   3.0255303E+05   2.2170111E+00   1.4875079E-02   6.0789267E+00   3.0103052E+05   3.0255303E+05   2.9559493E+05   0.0000000E+00   0.0000000E+00   0.0000000E+00   0.0000000E+00
   1.9693332E-01   2.8760461E+05   2.8760461E+05   1.9377321E+00   1.3267536E-02   5.6129945E+00   2.8615721E+05   2.8760461E+05   2.8099018E+05   0.0000000E+00   0.0000000E+00   0.0000000E+00   0.0000000E+00
   2.0351900E-01   2.7141978E+05   2.7141978E+05   1.7284802E+00   1.1765294E-02   4.8913716E+00   2.7005373E+05   2.7141978E+05   2.6517748E+05   0.0000000E+00   0.0000000E+00   0.0000000E+00   0.0000000E+00
   2.1032499E-01   2.5555455E+05   2.5555455E+05   1.5078114E+00   1.0408697E-02   4.3549432E+00   2.5426826E+05   2.5555455E+05   2.4967704E+05   0.0000000E+00   0.0000000E+00   0.0000000E+00   0.0000000E+00
   2.1735882E-01   2.4155332E+05   2.4155332E+05   1.3260661E+00   9.2300982E-03   3.8386996E+00   2.4033743E+05   2.4155332E+05   2.3599775E+05   0.0000000E+00   0.0000000E+00   0.0000000E+00   0.0000000E+00
   2.2462836E-01   2.3022315E+05   2.3022315E+05   1.1916711E+00   8.2329535E-03   3.5043665E+00   2.2906422E+05   2.3022315E+05   2.2492810E+05   0.0000000E+00   0.0000000E+00   0.0000000E+00   0.0000000E+00
   2.3214195E-01   2.2124381E+05   2.2124381E+05   1.0991146E+00   7.3906452E-03   3.0980567E+00   2.2013001E+05   2.2124381E+05   2.1615521E+05   0.0000000E+00   0.0000000E+00   0.0000000E+00   0.0000000E+00
   2.3990840E-01   2.1335649E+05   2.1335649E+05   9.7226526E-01   6.6542528E-03   2.8628969E+00   2.1228234E+05   2.1335649E+05   2.0844924E+05   0.0000000E+00   0.0000000E+00   0.0000000E+00   0.0000000E+00
   2.4793712E-01   2.0507751E+05   2.0507751E+05   8.7765893E-01   5.9796009E-03   2.5422763E+00   2.0404500E+05   2.0507751E+05   2.0036063E+05   0.0000000E+00   0.0000000E+00   0.0000000E+00   0.0000000E+00
   2.5623820E-01   1.9555547E+05   1.9555547E+05   7.9069860E-01   5.3415673E-03   2.2614542E+00   1.9457084E+05   1.9555547E+05   1.9105755E+05   0.0000000E+00   0.0000000E+00   0.0000000E+00   0.0000000E+00
   2.6482248E-01   1.8504555E+05   1.8504555E+05   6.9247159E-01   4.7425380E-03   1.9910662E+00   1.8411381E+05   1.8504555E+05   1.8078933E+05   0.0000000E+00   0.0000000E+00   0.0000000E+00   0.0000000E+00
   2.7370171E-01   1.7466415E+05   1.7466415E+05   6.1888133E-01   4.2004980E-03   1.8054745E+00   1.7378464E+05   1.7466415E+05   1.7064667E+05   0.0000000E+00   0.0000000E+00   0.0000000E+00   0.0000000E+00
   2.8288866E-01   1.6555590E+05   1.6555590E+05   5.4469847E-01   3.7300794E-03   1.6140000E+00   1.6472222E+05   1.6555590E+05   1.6174789E+05   0.0000000E+00   0.0000000E+00   0.0000000E+00   0.0000000E+00
   2.9239732E-01   1.5805784E+05   1.5805784E+05   4.8856297E-01   3.3296396E-03   1.4317907E+00   1.5726189E+05   1.5805784E+05   1.5442227E+05   0.0000000E+00   0.0000000E+00   0.0000000E+00   0.0000000E+00
   3.0224302E-01   1.5150585E+05   1.5150585E+05   4.3713249E-01   2.9820818E-03   1.2914416E+00   1.5074286E+05   1.5150585E+05   1.4802096E+05   0.0000000E+00   0.0000000E+00   0.0000000E+00   0.0000000E+00
   3.1244268E-01   1.4485621E+05   1.4485621E+05   3.9021762E-01   2.6655732E-03   1.1424731E+00   1.4412669E+05   1.4485621E+05   1.4152425E+05   0.0000000E+00   0.0000000E+00   0.0000000E+00   0.0000000E+00
   3.2301510E-01   1.3759958E+05   1.3759958E+05   3.4703482E-01   2.3710368E-03   1.0106844E+00   1.3690658E+05   1.3759958E+05   1.3443451E+05   0.0000000E+00   0.0000000E+00   0.0000000E+00   0.0000000E+00
   3.3398120E-01   1.3013921E+05   1.3013921E+05   3.0761952E-01   2.1004393E-03   9.1980997E-01   1.2948376E+05   1.3013921E+05   1.2714573E+05   0.0000000E+00   0.0000000E+00   0.0000000E+00   0.0000000E+00
   3.4536442E-01   1.2327460E+05   1.2327460E+05   2.7308977E-01   1.8619860E-03   8.0951148E-01   1.2265371E+05   1.2327460E+05   1.2043900E+05   0.0000000E+00   0.0000000E+00   0.0000000E+00   0.0000000E+00
   3.5719112E-01   1.1732868E+05   1.1732868E+05   2.4347275E-01   1.6557626E-03   7.1860185E-01   1.1673773E+05   1.1732868E+05   1.1462984E+05   0.0000000E+00   0.0000000E+00   0.0000000E+00   0.0000000E+00
   3.6949115E-01   1.1186367E+05   1.1186367E+05   2.1562149E-01   1.4741253E-03   6.3719395E-01   1.1130022E+05   1.1186367E+05   1.0929052E+05   0.0000000E+00   0.0000000E+00   0.0000000E+00   0.0000000E+00
   3.8229845E-01   1.0628512E+05   1.0628512E+05   1.9172676E-01   1.3082176E-03   5.6892126E-01   1.0574976E+05   1.0628512E+05   1.0384028E+05   0.0000000E+00   0.0000000E+00   0.0000000E+00   0.0000000E+00
   3.9565187E-01   1.0056392E+05   1.0056392E+05   1.6961025E-01   1.1565237E-03   5.0303561E-01   1.0005737E+05   1.0056392E+05   9.8250675E+04   0.0000000E+00   0.0000000E+00   0.0000000E+00   0.0000000E+00
   4.0959608E-01   9.5148574E+04   9.5148574E+04   1.4995316E-01   1.0214094E-03   4.4582014E-01   9.4669292E+04   9.5148574E+04   9.2959884E+04   0.0000000E+00   0.0000000E+00   0.0000000E+00   0.0000000E+00
   4.2418287E-01   9.0246750E+04   9.0246750E+04   1.3216647E-01   9.0301050E-04   3.9630800E-01   8.9792149E+04   9.0246750E+04   8.8170806E+04   0.0000000E+00   0.0000000E+00   0.0000000E+00   0.0000000E+00
   4.3947259E-01   8.5564481E+04   8.5564481E+04   1.1697907E-01   7.9730261E-04   3.5190081E-01   8.5133459E+04   8.5564481E+04   8.3596236E+04   0.0000000E+00   0.0000000E+00   0.0000000E+00   0.0000000E+00
   4.5553616E-01   8.0854446E+04   8.0854446E+04   1.0266147E-01   7.0160055E-04   3.0630549E-01   8.0447143E+04   8.0854446E+04   7.8994539E+04   0.0000000E+00   0.0000000E+00   0.0000000E+00   0.0000000E+00
   4.7245745E-01   7.6284588E+04   7.6284588E+04   9.0186260E-02   6.1552512E-04   2.7013099E-01   7.5900299E+04   7.6284588E+04   7.4529796E+04   0.0000000E+00   0.0000000E+00   0.0000000E+00   0.0000000E+00
   4.9033648E-01   7.2013148E+04   7.2013148E+04   7.9018053E-02   5.3933589E-04   2.3660625E-01   7.1650371E+04   7.2013148E+04   7.0356608E+04   0.0000000E+00   0.0000000E+00   0.0000000E+00   0.0000000E+00
   5.0929347E-01   6.7880725E+04   6.7880725E+04   6.9066635E-02   4.7125099E-04   2.0608658E-01   6.7538761E+04   6.7880725E+04   6.6319239E+04   0.0000000E+00   0.0000000E+00   0.0000000E+00   0.0000000E+00
   5.2947405E-01   6.3802609E+04   6.3802609E+04   6.0026969E-02   4.0988242E-04   1.7907321E-01   6.3481184E+04   6.3802609E+04   6.2334929E+04   0.0000000E+00   0.0000000E+00   0.0000000E+00   0.0000000E+00
   5.5105604E-01   5.9892271E+04   5.9892271E+04   5.2044840E-02   3.5517647E-04   1.5737038E-01   5.9590543E+04   5.9892271E+04   5.8514539E+04   0.0000000E+00   0.0000000E+00   0.0000000E+00   0.0000000E+00
   5.7425799E-01   5.6110514E+04   5.6110514E+04   4.4884632E-02   3.0642406E-04   1.3458156E-01   5.5827834E+04   5.6110514E+04   5.4819772E+04   0.0000000E+00   0.0000000E+00   0.0000000E+00   0.0000000E+00
   5.9935002E-01   5.2397526E+04   5.2397526E+04   3.8472962E-02   2.6271756E-04   1.1432478E-01   5.2133548E+04   5.2397526E+04   5.1192193E+04   0.0000000E+00   0.0000000E+00   0.0000000E+00   0.0000000E+00
   6.2666676E-01   4.8797713E+04   4.8797713E+04   3.2776826E-02   2.2378976E-04   1.0082462E-01   4.8551868E+04   4.8797713E+04   4.7675185E+04   0.0000000E+00   0.0000000E+00   0.0000000E+00   0.0000000E+00
   6.5662170E-01   4.5271518E+04   4.5271518E+04   2.7698684E-02   1.8912238E-04   8.4272381E-02   4.5043435E+04   4.5271518E+04   4.4230103E+04   0.0000000E+00   0.0000000E+00   0.0000000E+00   0.0000000E+00
   6.8972034E-01   4.1823655E+04   4.1823655E+04   2.3190736E-02   1.5835717E-04   7.1235345E-02   4.1612941E+04   4.1823655E+04   4.0861552E+04   0.0000000E+00   0.0000000E+00   0.0000000E+00   0.0000000E+00
   7.2656579E-01   3.8447748E+04   3.8447748E+04   1.9211566E-02   1.3119464E-04   5.8795562E-02   3.8254040E+04   3.8447748E+04   3.7563302E+04   0.0000000E+00   0.0000000E+00   0.0000000E+00   0.0000000E+00
   7.6784542E-01   3.5150194E+04   3.5150194E+04   1.5726607E-02   1.0738708E-04   4.9499336E-02   3.4973098E+04   3.5150194E+04   3.4341602E+04   0.0000000E+00   0.0000000E+00   0.0000000E+00   0.0000000E+00
   8.1428199E-01   3.1942658E+04   3.1942658E+04   1.2707791E-02   8.6782666E-05   3.8718742E-02   3.1781721E+04   3.1942658E+04   3.1207851E+04   0.0000000E+00   0.0000000E+00   0.0000000E+00   0.0000000E+00
   8.6653895E-01   2.8851909E+04   2.8851909E+04   1.0135445E-02   6.9218640E-05   3.1572377E-02   2.8706543E+04   2.8851909E+04   2.8188200E+04   0.0000000E+00   0.0000000E+00   0.0000000E+00   0.0000000E+00
   9.2509924E-01   2.5913335E+04   2.5913335E+04   7.9870712E-03   5.4550140E-05   2.5203374E-02   2.5782774E+04   2.5913335E+04   2.5317224E+04   0.0000000E+00   0.0000000E+00   0.0000000E+00   0.0000000E+00
   9.9018566E-01   2.3164410E+04   2.3164410E+04   6.2319848E-03   4.2566350E-05   1.9182092E-02   2.3047698E+04   2.3164410E+04   2.2631535E+04   0.0000000E+00   0.0000000E+00   0.0000000E+00   0.0000000E+00
   1.0617986E+00   2.0634478E+04   2.0634478E+04   4.8277513E-03   3.2977394E-05   1.4886128E-02   2.0530512E+04   2.0634478E+04   2.0159800E+04   0.0000000E+00   0.0000000E+00   0.0000000E+00   0.0000000E+00
   1.1398637E+00   1.8338096E+04   1.8338096E+04   3.7229046E-03   2.5432832E-05   1.1505843E-02   1.8245700E+04   1.8338096E+04   1.7916244E+04   0.0000000E+00   0.0000000E+00   0.0000000E+00   0.0000000E+00
   1.2243860E+00   1.6273882E+04   1.6273882E+04   2.8633339E-03   1.9562298E-05   9.2441506E-03   1.6191886E+04   1.6273882E+04   1.5899515E+04   0.0000000E+00   0.0000000E+00   0.0000000E+00   0.0000000E+00
   1.3155272E+00   1.4428784E+04   1.4428784E+04   2.1993201E-03   1.5026026E-05   6.5954418E-03   1.4356084E+04   1.4428784E+04   1.4096861E+04   0.0000000E+00   0.0000000E+00   0.0000000E+00   0.0000000E+00
   1.4136030E+00   1.2784935E+04   1.2784935E+04   1.6879908E-03   1.1532260E-05   4.8811439E-03   1.2720517E+04   1.2784935E+04   1.2490828E+04   0.0000000E+00   0.0000000E+00   0.0000000E+00   0.0000000E+00
   1.5190464E+00   1.1322732E+04   1.1322732E+04   1.2944428E-03   8.8454356E-06   3.8917184E-03   1.1265682E+04   1.1322732E+04   1.1062262E+04   0.0000000E+00   0.0000000E+00   0.0000000E+00   0.0000000E+00
   1.6323732E+00   1.0023335E+04   1.0023335E+04   9.9225404E-04   6.7816959E-06   2.9009239E-03   9.9728314E+03   1.0023335E+04   9.7927557E+03   0.0000000E+00   0.0000000E+00   0.0000000E+00   0.0000000E+00
   1.7541596E+00   8.8693997E+03   8.8693997E+03   7.6031775E-04   5.1970667E-06   2.4742567E-03   8.8247103E+03   8.8693997E+03   8.6653659E+03   0.0000000E+00   0.0000000E+00   0.0000000E+00   0.0000000E+00
   1.8850334E+00   7.8451951E+03   7.8451951E+03   5.8236992E-04   3.9814851E-06   1.8030231E-03   7.8056662E+03   7.8451951E+03   7.6647222E+03   0.0000000E+00   0.0000000E+00   0.0000000E+00   0.0000000E+00
   2.0256716E+00   6.9365877E+03   6.9365877E+03   4.4589970E-04   3.0490397E-06   1.5104635E-03   6.9016369E+03   6.9365877E+03   6.7770166E+03   0.0000000E+00   0.0000000E+00   0.0000000E+00   0.0000000E+00
   2.1768025E+00   6.1309422E+03   6.1309422E+03   3.4128383E-04   2.3342066E-06   1.0858462E-03   6.1000506E+03   6.1309422E+03   5.9899043E+03   0.0000000E+00   0.0000000E+00   0.0000000E+00   0.0000000E+00
   2.3392090E+00   5.4169040E+03   5.4169040E+03   2.6111779E-04   1.7863518E-06   8.5264427E-04   5.3896102E+03   5.4169040E+03   5.2922920E+03   0.0000000E+00   0.0000000E+00   0.0000000E+00   0.0000000E+00
   2.5137324E+00   4.7843492E+03   4.7843492E+03   1.9972701E-04   1.3666918E-06   5.4529473E-04   4.7602425E+03   4.7843492E+03   4.6742886E+03   0.0000000E+00   0.0000000E+00   0.0000000E+00   0.0000000E+00
   2.7012765E+00   4.2242255E+03   4.2242255E+03   1.5273473E-04   1.0453089E-06   4.4152413E-04   4.2029411E+03   4.2242255E+03   4.1270502E+03   0.0000000E+00   0.0000000E+00   0.0000000E+00   0.0000000E+00
   2.9028128E+00   3.7284467E+03   3.7284467E+03   1.1664370E-04   7.9924433E-07   3.8560356E-04   3.7096604E+03   3.7284467E+03   3.6426765E+03   0.0000000E+00   0.0000000E+00   0.0000000E+00   0.0000000E+00
   3.1193854E+00   3.2898001E+03   3.2898001E+03   8.9120545E-05   6.1094822E-07   3.0856760E-04   3.2732240E+03   3.2898001E+03   3.2141206E+03   0.0000000E+00   0.0000000E+00   0.0000000E+00   0.0000000E+00
   3.3521160E+00   2.9018558E+03   2.9018558E+03   6.8133714E-05   4.6691390E-07   2.4103379E-04   2.8872343E+03   2.9018558E+03   2.8351006E+03   0.0000000E+00   0.0000000E+00   0.0000000E+00   0.0000000E+00
   3.6022101E+00   2.5588847E+03   2.5588847E+03   5.2020326E-05   3.5674710E-07   1.7100703E-04   2.5459913E+03   2.5588847E+03   2.5000193E+03   0.0000000E+00   0.0000000E+00   0.0000000E+00   0.0000000E+00
   3.8709631E+00   2.2557859E+03   2.2557859E+03   3.9706176E-05   2.7252459E-07   1.0335495E-04   2.2444198E+03   2.2557859E+03   2.2038931E+03   0.0000000E+00   0.0000000E+00   0.0000000E+00   0.0000000E+00
   4.1597673E+00   1.9880206E+03   1.9880206E+03   3.0311768E-05   2.0814711E-07   7.6099961E-05   1.9780037E+03   1.9880206E+03   1.9422876E+03   0.0000000E+00   0.0000000E+00   0.0000000E+00   0.0000000E+00
   4.4701185E+00   1.7515524E+03   1.7515524E+03   2.3123569E-05   1.5894549E-07   5.0028445E-05   1.7427269E+03   1.7515524E+03   1.7112591E+03   0.0000000E+00   0.0000000E+00   0.0000000E+00   0.0000000E+00
   4.8036243E+00   1.5427938E+03   1.5427938E+03   1.7637142E-05   1.2136456E-07   1.4198807E-05   1.5350202E+03   1.5427938E+03   1.5073029E+03   0.0000000E+00   0.0000000E+00   0.0000000E+00   0.0000000E+00
   5.1620123E+00   1.3585585E+03   1.3585585E+03   1.3447362E-05   9.2655188E-08   3.9641814E-05   1.3517132E+03   1.3585585E+03   1.3273058E+03   0.0000000E+00   0.0000000E+00   0.0000000E+00   0.0000000E+00
   5.5471388E+00   1.1960175E+03   1.1960175E+03   1.0254884E-05   7.0731415E-08   4.2314078E-05   1.1899911E+03   1.1960175E+03   1.1685039E+03   0.0000000E+00   0.0000000E+00   0.0000000E+00   0.0000000E+00
   5.9609988E+00   1.0526606E+03   1.0526606E+03   7.8121092E-06   5.3994891E-08   2.5072138E-05   1.0473566E+03   1.0526606E+03   1.0284448E+03   0.0000000E+00   0.0000000E+00   0.0000000E+00   0.0000000E+00
   6.4057360E+00   9.2626161E+02   9.2626161E+02   5.9540508E-06   4.1217386E-08   2.9857325E-05   9.2159448E+02   9.2626161E+02   9.0495359E+02   0.0000000E+00   0.0000000E+00   0.0000000E+00   0.0000000E+00
   6.8836540E+00   8.1484710E+02   8.1484710E+02   4.5370815E-06   3.1466005E-08   1.0331784E-05   8.1074135E+02   8.1484710E+02   7.9610210E+02   0.0000000E+00   0.0000000E+00   0.0000000E+00   0.0000000E+00
   7.3972285E+00   7.1666855E+02   7.1666855E+02   3.4551368E-06   2.4023157E-08   1.0058145E-05   7.1305748E+02   7.1666855E+02   7.0018207E+02   0.0000000E+00   0.0000000E+00   0.0000000E+00   0.0000000E+00
   7.9491197E+00   6.3017738E+02   6.3017738E+02   2.6318190E-06   1.8343514E-08   8.9273112E-06   6.2700212E+02   6.3017738E+02   6.1568058E+02   0.0000000E+00   0.0000000E+00   0.0000000E+00   0.0000000E+00
   8.5421862E+00   5.5400273E+02   5.5400273E+02   2.0027799E-06   1.4009380E-08   3.1403219E-06   5.5121129E+02   5.5400273E+02   5.4125827E+02   0.0000000E+00   0.0000000E+00   0.0000000E+00   0.0000000E+00
   9.1795002E+00   4.8693154E+02   4.8693154E+02   1.5241356E-06   1.0702151E-08   7.4652839E-06   4.8447805E+02   4.8693154E+02   4.7573001E+02   0.0000000E+00   0.0000000E+00   0.0000000E+00   0.0000000E+00
   9.8643627E+00   4.2789085E+02   4.2789085E+02   1.1601655E-06   8.1786135E-09   3.5941759E-06   4.2573485E+02   4.2789085E+02   4.1804751E+02   0.0000000E+00   0.0000000E+00   0.0000000E+00   0.0000000E+00
   1.0600321E+01   3.7593198E+02   3.7593198E+02   8.8285925E-07   6.2526531E-09   4.5489515E-06   3.7403778E+02   3.7593198E+02   3.6728392E+02   0.0000000E+00   0.0000000E+00   0.0000000E+00   0.0000000E+00
