#           k/h    CDM            baryon         photon         nu             mass_nu        total          no_nu          total_de       Weyl           v_CDM          v_b            v_b-v_c     
   9.6332034E-06   9.4923729E+06   9.4923729E+06   1.2654013E+07   -9.3775763E+03   -8.0803102E+05   9.4924976E+06   9.4923729E+06   8.9328302E+06   0.0000000E+00   0.0000000E+00   0.0000000E+00   0.0000000E+00
   1.0351916E-05   9.4923712E+06   9.4923712E+06   1.2653626E+07   -9.3776851E+03   -8.0802323E+05   9.4924957E+06   9.4923712E+06   8.9328284E+06   0.0000000E+00   0.0000000E+00   0.0000000E+00   0.0000000E+00
   1.1124250E-05   9.4923692E+06   9.4923692E+06   1.2653180E+07   -9.3778107E+03   -8.0801424E+05   9.4924935E+06   9.4923692E+06   8.9328264E+06   0.0000000E+00   0.0000000E+00   0.0000000E+00   0.0000000E+00
   1.1954206E-05   9.4923668E+06   9.4923668E+06   1.2652664E+07   -9.3779558E+03   -8.0800385E+05   9.4924910E+06   9.4923668E+06   8.9328241E+06   0.0000000E+00   0.0000000E+00   0.0000000E+00   0.0000000E+00
   1.2846083E-05   9.4923642E+06   9.4923642E+06   1.2652068E+07   -9.3781232E+03   -8.0799186E+05   9.4924881E+06   9.4923642E+06   8.9328214E+06   0.0000000E+00   0.0000000E+00   0.0000000E+00   0.0000000E+00
   1.3804502E-05   9.4923610E+06   9.4923610E+06   1.2651381E+07   -9.3783166E+03   -8.0797801E+05   9.4924847E+06   9.4923610E+06   8.9328182E+06   0.0000000E+00   0.0000000E+00   0.0000000E+00   0.0000000E+00
   1.4834425E-05   9.4923575E+06   9.4923575E+06   1.2650587E+07   -9.3785399E+03   -8.0796202E+05   9.4924809E+06   9.4923575E+06   8.9328146E+06   0.0000000E+00   0.0000000E+00   0.0000000E+00   0.0000000E+00
   1.5941190E-05   9.4923533E+06   9.4923533E+06   1.2649670E+07   -9.3787978E+03   -8.0794355E+05   9.4924764E+06   9.4923533E+06   8.9328105E+06   0.0000000E+00   0.0000000E+00   0.0000000E+00   0.0000000E+00
   1.7130527E-05   9.4923485E+06   9.4923485E+06   1.2648611E+07   -9.3790955E+03   -8.0792223E+05   9.4924712E+06   9.4923485E+06   8.9328057E+06   0.0000000E+00   0.0000000E+00   0.0000000E+00   0.0000000E+00
   1.8408599E-05   9.4923430E+06   9.4923430E+06   1.2647388E+07   -9.3794393E+03   -8.0789761E+05   9.4924653E+06   9.4923430E+06   8.9328001E+06   0.0000000E+00   0.0000000E+00   0.0000000E+00   0.0000000E+00
   1.9782024E-05   9.4923366E+06   9.4923366E+06   1.2645976E+07   -9.3798362E+03   -8.0786917E+05   9.4924584E+06   9.4923366E+06   8.9327937E+06   0.0000000E+00   0.0000000E+00   0.0000000E+00   0.0000000E+00
   2.1257918E-05   9.4923292E+06   9.4923292E+06   1.2644346E+07   -9.3802945E+03   -8.0783634E+05   9.4924505E+06   9.4923292E+06   8.9327863E+06   0.0000000E+00   0.0000000E+00   0.0000000E+00   0.0000000E+00
   2.2843925E-05   9.4923207E+06   9.4923207E+06   1.2642464E+07   -9.3808236E+03   -8.0779842E+05   9.4924413E+06   9.4923207E+06   8.9327777E+06   0.0000000E+00   0.0000000E+00   0.0000000E+00   0.0000000E+00
   2.4548261E-05   9.4923109E+06   9.4923109E+06   1.2640291E+07   -9.3814345E+03   -8.0775464E+05   9.4924307E+06   9.4923109E+06   8.9327679E+06   0.0000000E+00   0.0000000E+00   0.0000000E+00   0.0000000E+00
   2.6379753E-05   9.4922995E+06   9.4922995E+06   1.2637783E+07   -9.3821398E+03   -8.0770408E+05   9.4924185E+06   9.4922995E+06   8.9327565E+06   0.0000000E+00   0.0000000E+00   0.0000000E+00   0.0000000E+00
   2.8347890E-05   9.4922864E+06   9.4922864E+06   1.2634886E+07   -9.3829540E+03   -8.0764571E+05   9.4924044E+06   9.4922864E+06   8.9327433E+06   0.0000000E+00   0.0000000E+00   0.0000000E+00   0.0000000E+00
   3.0462864E-05   9.4922713E+06   9.4922713E+06   1.2631542E+07   -9.3838939E+03   -8.0757830E+05   9.4923881E+06   9.4922713E+06   8.9327281E+06   0.0000000E+00   0.0000000E+00   0.0000000E+00   0.0000000E+00
   3.2735632E-05   9.4922538E+06   9.4922538E+06   1.2627681E+07   -9.3849789E+03   -8.0750046E+05   9.4923693E+06   9.4922538E+06   8.9327106E+06   0.0000000E+00   0.0000000E+00   0.0000000E+00   0.0000000E+00
   3.5177967E-05   9.4922336E+06   9.4922336E+06   1.2623224E+07   -9.3862312E+03   -8.0741058E+05   9.4923475E+06   9.4922336E+06   8.9326903E+06   0.0000000E+00   0.0000000E+00   0.0000000E+00   0.0000000E+00
   3.7802518E-05   9.4922103E+06   9.4922103E+06   1.2618079E+07   -9.3876767E+03   -8.0730680E+05   9.4923224E+06   9.4922103E+06   8.9326669E+06   0.0000000E+00   0.0000000E+00   0.0000000E+00   0.0000000E+00
   4.0622882E-05   9.4921834E+06   9.4921834E+06   1.2612140E+07   -9.3893449E+03   -8.0718697E+05   9.4922935E+06   9.4921834E+06   8.9326399E+06   0.0000000E+00   0.0000000E+00   0.0000000E+00   0.0000000E+00
   4.3653667E-05   9.4921523E+06   9.4921523E+06   1.2605286E+07   -9.3912699E+03   -8.0704862E+05   9.4922600E+06   9.4921523E+06   8.9326087E+06   0.0000000E+00   0.0000000E+00   0.0000000E+00   0.0000000E+00
   4.6910572E-05   9.4921164E+06   9.4921164E+06   1.2597374E+07   -9.3934912E+03   -8.0688887E+05   9.4922214E+06   9.4921164E+06   8.9325726E+06   0.0000000E+00   0.0000000E+00   0.0000000E+00   0.0000000E+00
   5.0410468E-05   9.4920750E+06   9.4920750E+06   1.2588245E+07   -9.3960539E+03   -8.0670443E+05   9.4921768E+06   9.4920750E+06   8.9325310E+06   0.0000000E+00   0.0000000E+00   0.0000000E+00   0.0000000E+00
   5.4171484E-05   9.4920272E+06   9.4920272E+06   1.2577710E+07   -9.3990102E+03   -8.0649149E+05   9.4921253E+06   9.4920272E+06   8.9324830E+06   0.0000000E+00   0.0000000E+00   0.0000000E+00   0.0000000E+00
   5.8213101E-05   9.4919719E+06   9.4919719E+06   1.2565555E+07   -9.4024199E+03   -8.0624565E+05   9.4920658E+06   9.4919719E+06   8.9324276E+06   0.0000000E+00   0.0000000E+00   0.0000000E+00   0.0000000E+00
   6.2556254E-05   9.4919081E+06   9.4919081E+06   1.2551533E+07   -9.4063518E+03   -8.0596184E+05   9.4919972E+06   9.4919081E+06   8.9323635E+06   0.0000000E+00   0.0000000E+00   0.0000000E+00   0.0000000E+00
   6.7223440E-05   9.4918345E+06   9.4918345E+06   1.2535359E+07   -9.4108848E+03   -8.0563420E+05   9.4919179E+06   9.4918345E+06   8.9322896E+06   0.0000000E+00   0.0000000E+00   0.0000000E+00   0.0000000E+00
   7.2238835E-05   9.4917495E+06   9.4917495E+06   1.2516706E+07   -9.4161097E+03   -8.0525599E+05   9.4918264E+06   9.4917495E+06   8.9322043E+06   0.0000000E+00   0.0000000E+00   0.0000000E+00   0.0000000E+00
   7.7628417E-05   9.4916514E+06   9.4916514E+06   1.2495200E+07   -9.4221301E+03   -8.0481943E+05   9.4917207E+06   9.4916514E+06   8.9321058E+06   0.0000000E+00   0.0000000E+00   0.0000000E+00   0.0000000E+00
   8.3420105E-05   9.4915381E+06   9.4915381E+06   1.2470409E+07   -9.4290649E+03   -8.0431554E+05   9.4915988E+06   9.4915381E+06   8.9319920E+06   0.0000000E+00   0.0000000E+00   0.0000000E+00   0.0000000E+00
   8.9643898E-05   9.4914073E+06   9.4914073E+06   1.2441839E+07   -9.4370497E+03   -8.0373400E+05   9.4914580E+06   9.4914073E+06   8.9318607E+06   0.0000000E+00   0.0000000E+00   0.0000000E+00   0.0000000E+00
   9.6332034E-05   9.4912564E+06   9.4912564E+06   1.2408926E+07   -9.4462395E+03   -8.0306289E+05   9.4912956E+06   9.4912564E+06   8.9317092E+06   0.0000000E+00   0.0000000E+00   0.0000000E+00   0.0000000E+00
   1.0351916E-04   9.4910822E+06   9.4910822E+06   1.2371023E+07   -9.4568105E+03   -8.0228850E+05   9.4911080E+06   9.4910822E+06   8.9315343E+06   0.0000000E+00   0.0000000E+00   0.0000000E+00   0.0000000E+00
   1.1124250E-04   9.4908812E+06   9.4908812E+06   1.2327392E+07   -9.4689628E+03   -8.0139504E+05   9.4908916E+06   9.4908812E+06   8.9313324E+06   0.0000000E+00   0.0000000E+00   0.0000000E+00   0.0000000E+00
   1.1954206E-04   9.4906492E+06   9.4906492E+06   1.2277192E+07   -9.4829231E+03   -8.0036436E+05   9.4906419E+06   9.4906492E+06   8.9310995E+06   0.0000000E+00   0.0000000E+00   0.0000000E+00   0.0000000E+00
   1.2846083E-04   9.4903815E+06   9.4903815E+06   1.2219466E+07   -9.4989472E+03   -7.9917555E+05   9.4903537E+06   9.4903815E+06   8.9308307E+06   0.0000000E+00   0.0000000E+00   0.0000000E+00   0.0000000E+00
   1.3804502E-04   9.4900726E+06   9.4900726E+06   1.2153132E+07   -9.5173228E+03   -7.9780462E+05   9.4900213E+06   9.4900726E+06   8.9305206E+06   0.0000000E+00   0.0000000E+00   0.0000000E+00   0.0000000E+00
   1.4834425E-04   9.4897163E+06   9.4897163E+06   1.2076961E+07   -9.5383717E+03   -7.9622402E+05   9.4896378E+06   9.4897163E+06   8.9301628E+06   0.0000000E+00   0.0000000E+00   0.0000000E+00   0.0000000E+00
   1.5941190E-04   9.4893054E+06   9.4893054E+06   1.1989574E+07   -9.5624516E+03   -7.9440214E+05   9.4891955E+06   9.4893054E+06   8.9297502E+06   0.0000000E+00   0.0000000E+00   0.0000000E+00   0.0000000E+00
   1.7130527E-04   9.4888316E+06   9.4888316E+06   1.1889419E+07   -9.5899578E+03   -7.9230275E+05   9.4886855E+06   9.4888316E+06   8.9292744E+06   0.0000000E+00   0.0000000E+00   0.0000000E+00   0.0000000E+00
   1.8408599E-04   9.4882853E+06   9.4882853E+06   1.1774768E+07   -9.6213232E+03   -7.8988442E+05   9.4880975E+06   9.4882853E+06   8.9287258E+06   0.0000000E+00   0.0000000E+00   0.0000000E+00   0.0000000E+00
   1.9782024E-04   9.4876556E+06   9.4876556E+06   1.1643699E+07   -9.6570164E+03   -7.8709979E+05   9.4874199E+06   9.4876556E+06   8.9280935E+06   0.0000000E+00   0.0000000E+00   0.0000000E+00   0.0000000E+00
   2.1257918E-04   9.4869300E+06   9.4869300E+06   1.1494100E+07   -9.6975377E+03   -7.8389486E+05   9.4866391E+06   9.4869300E+06   8.9273648E+06   0.0000000E+00   0.0000000E+00   0.0000000E+00   0.0000000E+00
   2.2843925E-04   9.4860942E+06   9.4860942E+06   1.1323661E+07   -9.7434120E+03   -7.8020818E+05   9.4857397E+06   9.4860942E+06   8.9265254E+06   0.0000000E+00   0.0000000E+00   0.0000000E+00   0.0000000E+00
   2.4548261E-04   9.4851318E+06   9.4851318E+06   1.1129889E+07   -9.7951763E+03   -7.7597000E+05   9.4847042E+06   9.4851318E+06   8.9255587E+06   0.0000000E+00   0.0000000E+00   0.0000000E+00   0.0000000E+00
   2.6379753E-04   9.4840241E+06   9.4840241E+06   1.0910132E+07   -9.8533608E+03   -7.7110141E+05   9.4835124E+06   9.4840241E+06   8.9244461E+06   0.0000000E+00   0.0000000E+00   0.0000000E+00   0.0000000E+00
   2.8347890E-04   9.4827497E+06   9.4827497E+06   1.0661611E+07   -9.9184631E+03   -7.6551346E+05   9.4821415E+06   9.4827497E+06   8.9231660E+06   0.0000000E+00   0.0000000E+00   0.0000000E+00   0.0000000E+00
   3.0462864E-04   9.4812844E+06   9.4812844E+06   1.0381490E+07   -9.9909096E+03   -7.5910635E+05   9.4805653E+06   9.4812844E+06   8.9216940E+06   0.0000000E+00   0.0000000E+00   0.0000000E+00   0.0000000E+00
   3.2735632E-04   9.4796007E+06   9.4796007E+06   1.0066960E+07   -1.0071005E+04   -7.5176872E+05   9.4787545E+06   9.4796007E+06   8.9200024E+06   0.0000000E+00   0.0000000E+00   0.0000000E+00   0.0000000E+00
   3.5177967E-04   9.4776673E+06   9.4776673E+06   9.7153671E+06   -1.0158864E+04   -7.4337720E+05   9.4766756E+06   9.4776673E+06   8.9180598E+06   0.0000000E+00   0.0000000E+00   0.0000000E+00   0.0000000E+00
   3.7802518E-04   9.4754491E+06   9.4754491E+06   9.3243810E+06   -1.0254322E+04   -7.3379624E+05   9.4742909E+06   9.4754491E+06   8.9158308E+06   0.0000000E+00   0.0000000E+00   0.0000000E+00   0.0000000E+00
   4.0622882E-04   9.4729064E+06   9.4729064E+06   8.8922142E+06   -1.0356825E+04   -7.2287858E+05   9.4715580E+06   9.4729064E+06   8.9132756E+06   0.0000000E+00   0.0000000E+00   0.0000000E+00   0.0000000E+00
   4.3653667E-04   9.4699947E+06   9.4699947E+06   8.4178961E+06   -1.0465289E+04   -7.1046643E+05   9.4684293E+06   9.4699947E+06   8.9103492E+06   0.0000000E+00   0.0000000E+00   0.0000000E+00   0.0000000E+00
   4.6910572E-04   9.4666643E+06   9.4666643E+06   7.9016050E+06   -1.0577933E+04   -6.9639380E+05   9.4648520E+06   9.4666643E+06   8.9070016E+06   0.0000000E+00   0.0000000E+00   0.0000000E+00   0.0000000E+00
   5.0410468E-04   9.4628598E+06   9.4628598E+06   7.3450508E+06   -1.0692087E+04   -6.8049033E+05   9.4607670E+06   9.4628598E+06   8.9031771E+06   0.0000000E+00   0.0000000E+00   0.0000000E+00   0.0000000E+00
   5.4171484E-04   9.4585198E+06   9.4585198E+06   6.7518926E+06   -1.0803979E+04   -6.6258714E+05   9.4561093E+06   9.4585198E+06   8.8988140E+06   0.0000000E+00   0.0000000E+00   0.0000000E+00   0.0000000E+00
   5.8213101E-04   9.4535766E+06   9.4535766E+06   6.1281588E+06   -1.0908512E+04   -6.4252516E+05   9.4508073E+06   9.4535766E+06   8.8938442E+06   0.0000000E+00   0.0000000E+00   0.0000000E+00   0.0000000E+00
   6.2556254E-04   9.4479558E+06   9.4479558E+06   5.4826123E+06   -1.0999068E+04   -6.2016661E+05   9.4447825E+06   9.4479558E+06   8.8881931E+06   0.0000000E+00   0.0000000E+00   0.0000000E+00   0.0000000E+00
   6.7223440E-04   9.4415760E+06   9.4415760E+06   4.8269785E+06   -1.1067354E+04   -5.9540994E+05   9.4379496E+06   9.4415760E+06   8.8817791E+06   0.0000000E+00   0.0000000E+00   0.0000000E+00   0.0000000E+00
   7.2238835E-04   9.4343486E+06   9.4343486E+06   4.1759231E+06   -1.1103375E+04   -5.6820848E+05   9.4302163E+06   9.4343486E+06   8.8745139E+06   0.0000000E+00   0.0000000E+00   0.0000000E+00   0.0000000E+00
   7.7628417E-04   9.4261774E+06   9.4261774E+06   3.5466389E+06   -1.1095578E+04   -5.3859231E+05   9.4214831E+06   9.4261774E+06   8.8663019E+06   0.0000000E+00   0.0000000E+00   0.0000000E+00   0.0000000E+00
   8.3420105E-04   9.4169582E+06   9.4169582E+06   2.9578935E+06   -1.1031272E+04   -5.0669196E+05   9.4116432E+06   9.4169582E+06   8.8570404E+06   0.0000000E+00   0.0000000E+00   0.0000000E+00   0.0000000E+00
   8.9643898E-04   9.4065783E+06   9.4065783E+06   2.4284195E+06   -1.0897412E+04   -4.7276095E+05   9.4005823E+06   9.4065783E+06   8.8466191E+06   0.0000000E+00   0.0000000E+00   0.0000000E+00   0.0000000E+00
   9.6332034E-04   9.3949157E+06   9.3949157E+06   1.9746162E+06   -1.0681810E+04   -4.3719245E+05   9.3881779E+06   9.3949157E+06   8.8349200E+06   0.0000000E+00   0.0000000E+00   0.0000000E+00   0.0000000E+00
   1.0351916E-03   9.3818379E+06   9.3818379E+06   1.6077184E+06   -1.0374793E+04   -4.0052296E+05   9.3742992E+06   9.3818379E+06   8.8218170E+06   0.0000000E+00   0.0000000E+00   0.0000000E+00   0.0000000E+00
   1.1124250E-03   9.3672011E+06   9.3672011E+06   1.3308621E+06   -9.9712051E+03   -3.6341465E+05   9.3588055E+06   9.3672011E+06   8.8071748E+06   0.0000000E+00   0.0000000E+00   0.0000000E+00   0.0000000E+00
   1.1954206E-03   9.3508481E+06   9.3508481E+06   1.1368322E+06   -9.4724695E+03   -3.2660859E+05   9.3415455E+06   9.3508481E+06   8.7908489E+06   0.0000000E+00   0.0000000E+00   0.0000000E+00   0.0000000E+00
   1.2846083E-03   9.3326079E+06   9.3326079E+06   1.0075819E+06   -8.8882352E+03   -2.9084576E+05   9.3223564E+06   9.3326079E+06   8.7726844E+06   0.0000000E+00   0.0000000E+00   0.0000000E+00   0.0000000E+00
   1.3804502E-03   9.3122949E+06   9.3122949E+06   9.1666302E+05   -8.2369202E+03   -2.5676367E+05   9.3010631E+06   9.3122949E+06   8.7525165E+06   0.0000000E+00   0.0000000E+00   0.0000000E+00   0.0000000E+00
   1.4834425E-03   9.2897102E+06   9.2897102E+06   8.3518152E+05   -7.5444311E+03   -2.2479330E+05   9.2774790E+06   9.2897102E+06   8.7301709E+06   0.0000000E+00   0.0000000E+00   0.0000000E+00   0.0000000E+00
   1.5941190E-03   9.2646441E+06   9.2646441E+06   7.4053720E+05   -6.8406198E+03   -1.9509909E+05   9.2514079E+06   9.2646441E+06   8.7054664E+06   0.0000000E+00   0.0000000E+00   0.0000000E+00   0.0000000E+00
   1.7130527E-03   9.2368811E+06   9.2368811E+06   6.2511891E+05   -6.1537786E+03   -1.6761095E+05   9.2226475E+06   9.2368811E+06   8.6782174E+06   0.0000000E+00   0.0000000E+00   0.0000000E+00   0.0000000E+00
   1.8408599E-03   9.2062048E+06   9.2062048E+06   5.0019097E+05   -5.5046341E+03   -1.4217167E+05   9.1909932E+06   9.2062048E+06   8.6482376E+06   0.0000000E+00   0.0000000E+00   0.0000000E+00   0.0000000E+00
   1.9782024E-03   9.1724028E+06   9.1724028E+06   3.9030981E+05   -4.9023889E+03   -1.1875244E+05   9.1562409E+06   9.1724028E+06   8.6153411E+06   0.0000000E+00   0.0000000E+00   0.0000000E+00   0.0000000E+00
   2.1257918E-03   9.1352669E+06   9.1352669E+06   3.1784182E+05   -4.3454374E+03   -9.7594927E+04   9.1181862E+06   9.1352669E+06   8.5793419E+06   0.0000000E+00   0.0000000E+00   0.0000000E+00   0.0000000E+00
   2.2843925E-03   9.0945898E+06   9.0945898E+06   2.8542362E+05   -3.8274272E+03   -7.9103828E+04   9.0766207E+06   9.0945898E+06   8.5400482E+06   0.0000000E+00   0.0000000E+00   0.0000000E+00   0.0000000E+00
   2.4548261E-03   9.0501584E+06   9.0501584E+06   2.7108519E+05   -3.3454776E+03   -6.3459877E+04   9.0313260E+06   9.0501584E+06   8.4972577E+06   0.0000000E+00   0.0000000E+00   0.0000000E+00   0.0000000E+00
   2.6379753E-03   9.0017497E+06   9.0017497E+06   2.4593424E+05   -2.9041939E+03   -5.0257083E+04   8.9820717E+06   9.0017497E+06   8.4507551E+06   0.0000000E+00   0.0000000E+00   0.0000000E+00   0.0000000E+00
   2.8347890E-03   8.9491334E+06   8.9491334E+06   2.0276179E+05   -2.5110401E+03   -3.8678915E+04   8.9286206E+06   8.9491334E+06   8.4003181E+06   0.0000000E+00   0.0000000E+00   0.0000000E+00   0.0000000E+00
   3.0462864E-03   8.8920778E+06   8.8920778E+06   1.6287202E+05   -2.1671193E+03   -2.8286695E+04   8.8707378E+06   8.8920778E+06   8.3457260E+06   0.0000000E+00   0.0000000E+00   0.0000000E+00   0.0000000E+00
   3.2735632E-03   8.8303530E+06   8.8303530E+06   1.4454582E+05   -1.8647406E+03   -1.9483230E+04   8.8081943E+06   8.8303530E+06   8.2867631E+06   0.0000000E+00   0.0000000E+00   0.0000000E+00   0.0000000E+00
   3.5177967E-03   8.7637243E+06   8.7637243E+06   1.3319859E+05   -1.5964086E+03   -1.2649222E+04   8.7407602E+06   8.7637243E+06   8.2232129E+06   0.0000000E+00   0.0000000E+00   0.0000000E+00   0.0000000E+00
   3.7802518E-03   8.6919466E+06   8.6919466E+06   1.0789973E+05   -1.3620783E+03   -7.0602908E+03   8.6681977E+06   8.6919466E+06   8.1548508E+06   0.0000000E+00   0.0000000E+00   0.0000000E+00   0.0000000E+00
   4.0622882E-03   8.6147714E+06   8.6147714E+06   8.3906635E+04   -1.1617674E+03   -1.9256284E+03   8.5902670E+06   8.6147714E+06   8.0814504E+06   0.0000000E+00   0.0000000E+00   0.0000000E+00   0.0000000E+00
   4.3653667E-03   8.5319552E+06   8.5319552E+06   7.8716294E+04   -9.8833837E+02   2.0922969E+03   8.5067364E+06   8.5319552E+06   8.0027928E+06   0.0000000E+00   0.0000000E+00   0.0000000E+00   0.0000000E+00
   4.6910572E-03   8.4432584E+06   8.4432584E+06   7.0027823E+04   -8.3705227E+02   4.7597083E+03   8.4173807E+06   8.4432584E+06   7.9186652E+06   0.0000000E+00   0.0000000E+00   0.0000000E+00   0.0000000E+00
   5.0410468E-03   8.3484441E+06   8.3484441E+06   5.4904456E+04   -7.0859943E+02   7.2437721E+03   8.3219731E+06   8.3484441E+06   7.8288533E+06   0.0000000E+00   0.0000000E+00   0.0000000E+00   0.0000000E+00
   5.4171484E-03   8.2472870E+06   8.2472870E+06   5.1095579E+04   -5.9826742E+02   9.0430009E+03   8.2202849E+06   8.2472870E+06   7.7331411E+06   0.0000000E+00   0.0000000E+00   0.0000000E+00   0.0000000E+00
   5.8213101E-03   8.1395603E+06   8.1395603E+06   4.0552892E+04   -5.0316579E+02   1.0088521E+04   8.1120753E+06   8.1395603E+06   7.6313011E+06   0.0000000E+00   0.0000000E+00   0.0000000E+00   0.0000000E+00
   6.2556254E-03   8.0250253E+06   8.0250253E+06   3.5107226E+04   -4.2334138E+02   1.1131411E+04   7.9971066E+06   8.0250253E+06   7.5231092E+06   0.0000000E+00   0.0000000E+00   0.0000000E+00   0.0000000E+00
   6.7223440E-03   7.9034441E+06   7.9034441E+06   3.0947387E+04   -3.5503395E+02   1.1301752E+04   7.8751681E+06   7.9034441E+06   7.4083660E+06   0.0000000E+00   0.0000000E+00   0.0000000E+00   0.0000000E+00
   7.2238835E-03   7.7745884E+06   7.7745884E+06   2.5702007E+04   -2.9771331E+02   1.1651750E+04   7.7460480E+06   7.7745884E+06   7.2868722E+06   0.0000000E+00   0.0000000E+00   0.0000000E+00   0.0000000E+00
   7.7628417E-03   7.6382435E+06   7.6382435E+06   2.1484468E+04   -2.4854762E+02   1.1411237E+04   7.6095139E+06   7.6382435E+06   7.1584081E+06   0.0000000E+00   0.0000000E+00   0.0000000E+00   0.0000000E+00
   8.3420105E-03   7.4941874E+06   7.4941874E+06   1.9255204E+04   -2.0758500E+02   1.1285082E+04   7.4653376E+06   7.4941874E+06   7.0227587E+06   0.0000000E+00   0.0000000E+00   0.0000000E+00   0.0000000E+00
   8.9643898E-03   7.3421911E+06   7.3421911E+06   1.5056123E+04   -1.7293844E+02   1.0800378E+04   7.3133099E+06   7.3421911E+06   6.8797267E+06   0.0000000E+00   0.0000000E+00   0.0000000E+00   0.0000000E+00
   9.6332034E-03   7.1820352E+06   7.1820352E+06   1.3497912E+04   -1.4376527E+02   1.0222158E+04   7.1532108E+06   7.1820352E+06   6.7291047E+06   0.0000000E+00   0.0000000E+00   0.0000000E+00   0.0000000E+00
   1.0351916E-02   7.0135105E+06   7.0135105E+06   1.1794976E+04   -1.1941722E+02   9.7126219E+03   6.9848258E+06   7.0135105E+06   6.5706907E+06   0.0000000E+00   0.0000000E+00   0.0000000E+00   0.0000000E+00
   1.1124250E-02   6.8364091E+06   6.8364091E+06   9.3561918E+03   -9.8987556E+01   9.0725729E+03   6.8079530E+06   6.8364091E+06   6.4042943E+06   0.0000000E+00   0.0000000E+00   0.0000000E+00   0.0000000E+00
   1.1954206E-02   6.6505434E+06   6.6505434E+06   7.6305720E+03   -8.1880872E+01   8.3790116E+03   6.6224089E+06   6.6505434E+06   6.2297426E+06   0.0000000E+00   0.0000000E+00   0.0000000E+00   0.0000000E+00
   1.2846083E-02   6.4557552E+06   6.4557552E+06   6.4274443E+03   -6.7574095E+01   7.6452240E+03   6.4280254E+06   6.4557552E+06   6.0468773E+06   0.0000000E+00   0.0000000E+00   0.0000000E+00   0.0000000E+00
   1.3804502E-02   6.2519212E+06   6.2519212E+06   5.3989080E+03   -5.5696620E+01   6.9654182E+03   6.2246896E+06   6.2519212E+06   5.8555919E+06   0.0000000E+00   0.0000000E+00   0.0000000E+00   0.0000000E+00
   1.4834425E-02   6.0389880E+06   6.0389880E+06   4.5088652E+03   -4.5783254E+01   6.2940811E+03   6.0123398E+06   6.0389880E+06   5.6558283E+06   0.0000000E+00   0.0000000E+00   0.0000000E+00   0.0000000E+00
   1.5941190E-02   5.8169884E+06   5.8169884E+06   3.8378917E+03   -3.7558264E+01   5.6655835E+03   5.7910120E+06   5.8169884E+06   5.4476201E+06   0.0000000E+00   0.0000000E+00   0.0000000E+00   0.0000000E+00
   1.7130527E-02   5.5860863E+06   5.5860863E+06   3.3279537E+03   -3.0724293E+01   5.0389471E+03   5.5608641E+06   5.5860863E+06   5.2311156E+06   0.0000000E+00   0.0000000E+00   0.0000000E+00   0.0000000E+00
   1.8408599E-02   5.3466167E+06   5.3466167E+06   2.7197806E+03   -2.5059206E+01   4.4312093E+03   5.3222312E+06   5.3466167E+06   5.0066302E+06   0.0000000E+00   0.0000000E+00   0.0000000E+00   0.0000000E+00
   1.9782023E-02   5.0991470E+06   5.0991470E+06   2.2012444E+03   -2.0386791E+01   3.9075608E+03   5.0756728E+06   5.0991470E+06   4.7746898E+06   0.0000000E+00   0.0000000E+00   0.0000000E+00   0.0000000E+00
   2.1257912E-02   4.8445382E+06   4.8445382E+06   1.8463814E+03   -1.6521138E+01   3.3871443E+03   4.8220458E+06   4.8445382E+06   4.5361006E+06   0.0000000E+00   0.0000000E+00   0.0000000E+00   0.0000000E+00
   2.2843888E-02   4.5840196E+06   4.5840196E+06   1.5353248E+03   -1.3347815E+01   2.9455467E+03   4.5625711E+06   4.5840196E+06   4.2920109E+06   0.0000000E+00   0.0000000E+00   0.0000000E+00   0.0000000E+00
   2.4548074E-02   4.3192677E+06   4.3192677E+06   1.1983242E+03   -1.0745113E+01   2.5325014E+03   4.2989146E+06   4.3192677E+06   4.0439879E+06   0.0000000E+00   0.0000000E+00   0.0000000E+00   0.0000000E+00
   2.6378948E-02   4.0524921E+06   4.0524921E+06   9.6072930E+02   -8.6176492E+00   2.1539277E+03   4.0332726E+06   4.0524921E+06   3.7940974E+06   0.0000000E+00   0.0000000E+00   0.0000000E+00   0.0000000E+00
   2.8344856E-02   3.7865308E+06   3.7865308E+06   7.7710363E+02   -6.8883636E+00   1.8252351E+03   3.7684674E+06   3.7865308E+06   3.5449944E+06   0.0000000E+00   0.0000000E+00   0.0000000E+00   0.0000000E+00
   3.0452769E-02   3.5249540E+06   3.5249540E+06   6.4031267E+02   -5.4919359E+00   1.5418609E+03   3.5080491E+06   3.5249540E+06   3.3000184E+06   0.0000000E+00   0.0000000E+00   0.0000000E+00   0.0000000E+00
   3.2705743E-02   3.2721383E+06   3.2721383E+06   5.4191052E+02   -4.3727087E+00   1.2866533E+03   3.2563710E+06   3.2721383E+06   3.0632644E+06   0.0000000E+00   0.0000000E+00   0.0000000E+00   0.0000000E+00
   3.5098846E-02   3.0331861E+06   3.0331861E+06   4.0501465E+02   -3.4852266E+00   1.0734637E+03   3.0185076E+06   3.0331861E+06   2.8395062E+06   0.0000000E+00   0.0000000E+00   0.0000000E+00   0.0000000E+00
   3.7614670E-02   2.8134615E+06   2.8134615E+06   3.5307867E+02   -2.7914233E+00   8.9933737E+02   2.7997947E+06   2.8134615E+06   2.6337628E+06   0.0000000E+00   0.0000000E+00   0.0000000E+00   0.0000000E+00
   4.0221801E-02   2.6175815E+06   2.6175815E+06   2.7038710E+02   -2.2556999E+00   7.5981141E+02   2.6048240E+06   2.6175815E+06   2.4503538E+06   0.0000000E+00   0.0000000E+00   0.0000000E+00   0.0000000E+00
   4.2879998E-02   2.4481334E+06   2.4481334E+06   2.2045209E+02   -1.8458804E+00   6.3765579E+02   2.4361674E+06   2.4481334E+06   2.2916986E+06   0.0000000E+00   0.0000000E+00   0.0000000E+00   0.0000000E+00
   4.5551115E-02   2.3049046E+06   2.3049046E+06   1.9562202E+02   -1.5337098E+00   5.4645941E+02   2.2936108E+06   2.3049046E+06   2.1575957E+06   0.0000000E+00   0.0000000E+00   0.0000000E+00   0.0000000E+00
   4.8208729E-02   2.1851914E+06   2.1851914E+06   1.6268226E+02   -1.2943638E+00   4.7790261E+02   2.1744614E+06   2.1851914E+06   2.0455119E+06   0.0000000E+00   0.0000000E+00   0.0000000E+00   0.0000000E+00
   5.0840882E-02   2.0848583E+06   2.0848583E+06   1.3288065E+02   -1.1080808E+00   4.1651098E+02   2.0746022E+06   2.0848583E+06   1.9515745E+06   0.0000000E+00   0.0000000E+00   0.0000000E+00   0.0000000E+00
   5.3447051E-02   1.9993978E+06   1.9993978E+06   1.2040277E+02   -9.6016091E-01   3.6652463E+02   1.9895466E+06   1.9993978E+06   1.8715627E+06   0.0000000E+00   0.0000000E+00   0.0000000E+00   0.0000000E+00
   5.6033499E-02   1.9245905E+06   1.9245905E+06   1.0641196E+02   -8.3991736E-01   3.2886501E+02   1.9150947E+06   1.9245905E+06   1.8015258E+06   0.0000000E+00   0.0000000E+00   0.0000000E+00   0.0000000E+00
   5.8609592E-02   1.8567901E+06   1.8567901E+06   9.0931547E+01   -7.3988562E-01   2.9452007E+02   1.8476176E+06   1.8567901E+06   1.7380502E+06   0.0000000E+00   0.0000000E+00   0.0000000E+00   0.0000000E+00
   6.1185595E-02   1.7929988E+06   1.7929988E+06   8.0589655E+01   -6.5483585E-01   2.6341378E+02   1.7841316E+06   1.7929988E+06   1.6783290E+06   0.0000000E+00   0.0000000E+00   0.0000000E+00   0.0000000E+00
   6.3771573E-02   1.7308569E+06   1.7308569E+06   7.4566445E+01   -5.8118560E-01   2.3761971E+02   1.7222887E+06   1.7308569E+06   1.6201535E+06   0.0000000E+00   0.0000000E+00   0.0000000E+00   0.0000000E+00
   6.6376941E-02   1.6686131E+06   1.6686131E+06   6.3867826E+01   -5.1639311E-01   2.1597010E+02   1.6603457E+06   1.6686131E+06   1.5618838E+06   0.0000000E+00   0.0000000E+00   0.0000000E+00   0.0000000E+00
   6.9010344E-02   1.6050940E+06   1.6050940E+06   5.5782166E+01   -4.5860607E-01   1.9212174E+02   1.5971348E+06   1.6050940E+06   1.5024214E+06   0.0000000E+00   0.0000000E+00   0.0000000E+00   0.0000000E+00
   7.1679693E-02   1.5396780E+06   1.5396780E+06   5.2707487E+01   -4.0684272E-01   1.7272779E+02   1.5320375E+06   1.5396780E+06   1.4411845E+06   0.0000000E+00   0.0000000E+00   0.0000000E+00   0.0000000E+00
   7.4392249E-02   1.4722668E+06   1.4722668E+06   4.6527909E+01   -3.6027240E-01   1.5688415E+02   1.4649558E+06   1.4722668E+06   1.3780808E+06   0.0000000E+00   0.0000000E+00   0.0000000E+00   0.0000000E+00
   7.7154735E-02   1.4032454E+06   1.4032454E+06   3.9430725E+01   -3.1827647E-01   1.4061522E+02   1.3962727E+06   1.4032454E+06   1.3134708E+06   0.0000000E+00   0.0000000E+00   0.0000000E+00   0.0000000E+00
   7.9973435E-02   1.3334247E+06   1.3334247E+06   3.4206698E+01   -2.8058434E-01   1.2487501E+02   1.3267951E+06   1.3334247E+06   1.2481133E+06   0.0000000E+00   0.0000000E+00   0.0000000E+00   0.0000000E+00
   8.2854289E-02   1.2639589E+06   1.2639589E+06   3.0220215E+01   -2.4697823E-01   1.1096907E+02   1.2576713E+06   1.2639589E+06   1.1830887E+06   0.0000000E+00   0.0000000E+00   0.0000000E+00   0.0000000E+00
   8.5802966E-02   1.1962351E+06   1.1962351E+06   2.6717213E+01   -2.1723012E-01   9.8888708E+01   1.1902814E+06   1.1962351E+06   1.1196951E+06   0.0000000E+00   0.0000000E+00   0.0000000E+00   0.0000000E+00
   8.8824930E-02   1.1317353E+06   1.1317353E+06   2.3784288E+01   -1.9119550E-01   8.8473382E+01   1.1260999E+06   1.1317353E+06   1.0593198E+06   0.0000000E+00   0.0000000E+00   0.0000000E+00   0.0000000E+00
   9.1925496E-02   1.0718770E+06   1.0718770E+06   2.1827239E+01   -1.6862513E-01   7.9062503E+01   1.0665373E+06   1.0718770E+06   1.0032893E+06   0.0000000E+00   0.0000000E+00   0.0000000E+00   0.0000000E+00
   9.5109871E-02   1.0178423E+06   1.0178423E+06   1.9515195E+01   -1.4928676E-01   6.9914237E+01   1.0127697E+06   1.0178423E+06   9.5271023E+05   0.0000000E+00   0.0000000E+00   0.0000000E+00   0.0000000E+00
   9.8383192E-02   9.7041272E+05   9.7041272E+05   1.6760210E+01   -1.3286316E-01   6.3135427E+01   9.6557465E+05   9.7041272E+05   9.0831394E+05   0.0000000E+00   0.0000000E+00   0.0000000E+00   0.0000000E+00
   1.0175055E-01   9.2983092E+05   9.2983092E+05   1.5632115E+01   -1.1899594E-01   5.6653392E+01   9.2519349E+05   9.2983092E+05   8.7032747E+05   0.0000000E+00   0.0000000E+00   0.0000000E+00   0.0000000E+00
   1.0521703E-01   8.9571319E+05   8.9571319E+05   1.3489101E+01   -1.0726753E-01   5.1973865E+01   8.9124440E+05   8.9571319E+05   8.3839162E+05   0.0000000E+00   0.0000000E+00   0.0000000E+00   0.0000000E+00
   1.0878770E-01   8.6703670E+05   8.6703670E+05   1.2404883E+01   -9.7247559E-02   4.6588311E+01   8.6270959E+05   8.6703670E+05   8.1154899E+05   0.0000000E+00   0.0000000E+00   0.0000000E+00   0.0000000E+00
   1.1246766E-01   8.4221936E+05   8.4221936E+05   1.1692200E+01   -8.8532406E-02   4.2970833E+01   8.3801484E+05   8.4221936E+05   7.8831868E+05   0.0000000E+00   0.0000000E+00   0.0000000E+00   0.0000000E+00
   1.1626203E-01   8.1929942E+05   8.1929942E+05   1.0582308E+01   -8.0722589E-02   3.9633666E+01   8.1520816E+05   8.1929942E+05   7.6686449E+05   0.0000000E+00   0.0000000E+00   0.0000000E+00   0.0000000E+00
   1.2017596E-01   7.9620523E+05   7.9620523E+05   9.6165952E+00   -7.3508481E-02   3.6265697E+01   7.9222824E+05   7.9620523E+05   7.4524732E+05   0.0000000E+00   0.0000000E+00   0.0000000E+00   0.0000000E+00
   1.2421467E-01   7.7108483E+05   7.7108483E+05   8.7323616E+00   -6.6665683E-02   3.2831154E+01   7.6723234E+05   7.7108483E+05   7.2173373E+05   0.0000000E+00   0.0000000E+00   0.0000000E+00   0.0000000E+00
   1.2838341E-01   7.4264362E+05   7.4264362E+05   7.5625141E+00   -6.0081351E-02   2.9637600E+01   7.3893235E+05   7.4264362E+05   6.9511199E+05   0.0000000E+00   0.0000000E+00   0.0000000E+00   0.0000000E+00
   1.3268749E-01   7.1042211E+05   7.1042211E+05   6.9020824E+00   -5.3736279E-02   2.7102731E+01   7.0687107E+05   7.1042211E+05   6.6495202E+05   0.0000000E+00   0.0000000E+00   0.0000000E+00   0.0000000E+00
   1.3713231E-01   6.7493992E+05   6.7493992E+05   6.0235234E+00   -4.7691754E-02   2.4017422E+01   6.7156553E+05   6.7493992E+05   6.3174017E+05   0.0000000E+00   0.0000000E+00   0.0000000E+00   0.0000000E+00
   1.4172329E-01   6.3764516E+05   6.3764516E+05   5.4225977E+00   -4.2068577E-02   2.1252496E+01   6.3445660E+05   6.3764516E+05   5.9683188E+05   0.0000000E+00   0.0000000E+00   0.0000000E+00   0.0000000E+00
   1.4646597E-01   6.0064166E+05   6.0064166E+05   4.8762862E+00   -3.6996225E-02   1.8899273E+01   5.9763758E+05   6.0064166E+05   5.6219631E+05   0.0000000E+00   0.0000000E+00   0.0000000E+00   0.0000000E+00
   1.5136593E-01   5.6621984E+05   5.6621984E+05   4.2995330E+00   -3.2576562E-02   1.6763739E+01   5.6338742E+05   5.6621984E+05   5.2997726E+05   0.0000000E+00   0.0000000E+00   0.0000000E+00   0.0000000E+00
   1.5642887E-01   5.3628042E+05   5.3628042E+05   3.7279535E+00   -2.8849623E-02   1.4868876E+01   5.3359732E+05   5.3628042E+05   5.0195378E+05   0.0000000E+00   0.0000000E+00   0.0000000E+00   0.0000000E+00
   1.6166057E-01   5.1179612E+05   5.1179612E+05   3.2712616E+00   -2.5778854E-02   1.3559988E+01   5.0923512E+05   5.1179612E+05   4.7903631E+05   0.0000000E+00   0.0000000E+00   0.0000000E+00   0.0000000E+00
   1.6706689E-01   4.9248119E+05   4.9248119E+05   3.0426615E+00   -2.3254218E-02   1.2107120E+01   4.9001648E+05   4.9248119E+05   4.6095738E+05   0.0000000E+00   0.0000000E+00   0.0000000E+00   0.0000000E+00
   1.7265386E-01   4.7681159E+05   4.7681159E+05   2.7628238E+00   -2.1121907E-02   1.1145261E+01   4.7442497E+05   4.7681159E+05   4.4629048E+05   0.0000000E+00   0.0000000E+00   0.0000000E+00   0.0000000E+00
   1.7842760E-01   4.6244950E+05   4.6244950E+05   2.5020450E+00   -1.9216858E-02   1.0136554E+01   4.6013447E+05   4.6244950E+05   4.3284744E+05   0.0000000E+00   0.0000000E+00   0.0000000E+00   0.0000000E+00
   1.8439441E-01   4.4698849E+05   4.4698849E+05   2.2629340E+00   -1.7410722E-02   9.1586028E+00   4.4475058E+05   4.4698849E+05   4.1837585E+05   0.0000000E+00   0.0000000E+00   0.0000000E+00   0.0000000E+00
   1.9056076E-01   4.2879152E+05   4.2879152E+05   1.9772778E+00   -1.5636470E-02   8.2857466E+00   4.2664447E+05   4.2879152E+05   4.0134347E+05   0.0000000E+00   0.0000000E+00   0.0000000E+00   0.0000000E+00
   1.9693332E-01   4.0760592E+05   4.0760592E+05   1.8177743E+00   -1.3898515E-02   7.4505120E+00   4.0556473E+05   4.0760592E+05   3.8151381E+05   0.0000000E+00   0.0000000E+00   0.0000000E+00   0.0000000E+00
   2.0351900E-01   3.8466804E+05   3.8466804E+05   1.5710284E+00   -1.2254763E-02   6.6469916E+00   3.8274152E+05   3.8466804E+05   3.6004407E+05   0.0000000E+00   0.0000000E+00   0.0000000E+00   0.0000000E+00
   2.1032499E-01   3.6218312E+05   3.6218312E+05   1.3903299E+00   -1.0780401E-02   5.8704068E+00   3.6036903E+05   3.6218312E+05   3.3899832E+05   0.0000000E+00   0.0000000E+00   0.0000000E+00   0.0000000E+00
   2.1735882E-01   3.4233994E+05   3.4233994E+05   1.2423027E+00   -9.5286144E-03   5.1720076E+00   3.4062509E+05   3.4233994E+05   3.2042524E+05   0.0000000E+00   0.0000000E+00   0.0000000E+00   0.0000000E+00
   2.2462836E-01   3.2628231E+05   3.2628231E+05   1.0868028E+00   -8.5045438E-03   4.6578261E+00   3.2464776E+05   3.2628231E+05   3.0539540E+05   0.0000000E+00   0.0000000E+00   0.0000000E+00   0.0000000E+00
   2.3214195E-01   3.1355637E+05   3.1355637E+05   9.9165430E-01   -7.6618575E-03   4.1640838E+00   3.1198545E+05   3.1355637E+05   2.9348399E+05   0.0000000E+00   0.0000000E+00   0.0000000E+00   0.0000000E+00
   2.3990840E-01   3.0237811E+05   3.0237811E+05   8.9907402E-01   -6.9285299E-03   3.7756070E+00   3.0086308E+05   3.0237811E+05   2.8302120E+05   0.0000000E+00   0.0000000E+00   0.0000000E+00   0.0000000E+00
   2.4793712E-01   2.9064478E+05   2.9064478E+05   7.9717880E-01   -6.2402116E-03   3.4260280E+00   2.8918843E+05   2.9064478E+05   2.7203888E+05   0.0000000E+00   0.0000000E+00   0.0000000E+00   0.0000000E+00
   2.5623820E-01   2.7714971E+05   2.7714971E+05   7.2118033E-01   -5.5686979E-03   3.0655531E+00   2.7576088E+05   2.7714971E+05   2.5940762E+05   0.0000000E+00   0.0000000E+00   0.0000000E+00   0.0000000E+00
   2.6482248E-01   2.6225459E+05   2.6225459E+05   6.4213592E-01   -4.9264360E-03   2.7342487E+00   2.6094032E+05   2.6225459E+05   2.4546595E+05   0.0000000E+00   0.0000000E+00   0.0000000E+00   0.0000000E+00
   2.7370171E-01   2.4754160E+05   2.4754160E+05   5.6702292E-01   -4.3470765E-03   2.4212890E+00   2.4630099E+05   2.4754160E+05   2.3169477E+05   0.0000000E+00   0.0000000E+00   0.0000000E+00   0.0000000E+00
   2.8288866E-01   2.3463298E+05   2.3463298E+05   4.9496328E-01   -3.8549650E-03   2.1491140E+00   2.3345701E+05   2.3463298E+05   2.1961246E+05   0.0000000E+00   0.0000000E+00   0.0000000E+00   0.0000000E+00
   2.9239732E-01   2.2400641E+05   2.2400641E+05   4.4513302E-01   -3.4465617E-03   1.9248617E+00   2.2288363E+05   2.2400641E+05   2.0966612E+05   0.0000000E+00   0.0000000E+00   0.0000000E+00   0.0000000E+00
   3.0224302E-01   2.1472063E+05   2.1472063E+05   3.9763040E-01   -3.0949989E-03   1.7377249E+00   2.1364435E+05   2.1472063E+05   2.0097474E+05   0.0000000E+00   0.0000000E+00   0.0000000E+00   0.0000000E+00
   3.1244268E-01   2.0529647E+05   2.0529647E+05   3.5963790E-01   -2.7703208E-03   1.5625194E+00   2.0426738E+05   2.0529647E+05   1.9215385E+05   0.0000000E+00   0.0000000E+00   0.0000000E+00   0.0000000E+00
   3.2301510E-01   1.9501205E+05   1.9501205E+05   3.1857263E-01   -2.4608959E-03   1.3958188E+00   1.9403447E+05   1.9501205E+05   1.8252778E+05   0.0000000E+00   0.0000000E+00   0.0000000E+00   0.0000000E+00
   3.3398120E-01   1.8443889E+05   1.8443889E+05   2.8152403E-01   -2.1749749E-03   1.2272105E+00   1.8351427E+05   1.8443889E+05   1.7263145E+05   0.0000000E+00   0.0000000E+00   0.0000000E+00   0.0000000E+00
   3.4536442E-01   1.7471006E+05   1.7471006E+05   2.5011239E-01   -1.9258205E-03   1.1017561E+00   1.7383418E+05   1.7471006E+05   1.6352541E+05   0.0000000E+00   0.0000000E+00   0.0000000E+00   0.0000000E+00
   3.5719112E-01   1.6628325E+05   1.6628325E+05   2.2261538E-01   -1.7143105E-03   9.7676394E-01   1.6544959E+05   1.6628325E+05   1.5563804E+05   0.0000000E+00   0.0000000E+00   0.0000000E+00   0.0000000E+00
   3.6949115E-01   1.5853800E+05   1.5853800E+05   1.9757306E-01   -1.5279963E-03   8.7585558E-01   1.5774314E+05   1.5853800E+05   1.4838860E+05   0.0000000E+00   0.0000000E+00   0.0000000E+00   0.0000000E+00
   3.8229845E-01   1.5063183E+05   1.5063183E+05   1.7581234E-01   -1.3561613E-03   7.7633522E-01   1.4987659E+05   1.5063183E+05   1.4098856E+05   0.0000000E+00   0.0000000E+00   0.0000000E+00   0.0000000E+00
   3.9565187E-01   1.4252351E+05   1.4252351E+05   1.5471187E-01   -1.1972830E-03   6.8839235E-01   1.4180889E+05   1.4252351E+05   1.3339929E+05   0.0000000E+00   0.0000000E+00   0.0000000E+00   0.0000000E+00
   4.0959608E-01   1.3484864E+05   1.3484864E+05   1.3687245E-01   -1.0567987E-03   6.0912672E-01   1.3417249E+05   1.3484864E+05   1.2621574E+05   0.0000000E+00   0.0000000E+00   0.0000000E+00   0.0000000E+00
   4.2418287E-01   1.2790156E+05   1.2790156E+05   1.2108137E-01   -9.3470243E-04   5.3973013E-01   1.2726022E+05   1.2790156E+05   1.1971340E+05   0.0000000E+00   0.0000000E+00   0.0000000E+00   0.0000000E+00
   4.3947259E-01   1.2126564E+05   1.2126564E+05   1.0689336E-01   -8.2580154E-04   4.7842416E-01   1.2065757E+05   1.2126564E+05   1.1350229E+05   0.0000000E+00   0.0000000E+00   0.0000000E+00   0.0000000E+00
   4.5553616E-01   1.1459038E+05   1.1459038E+05   9.3884123E-02   -7.2613640E-04   4.2253814E-01   1.1401576E+05   1.1459038E+05   1.0725436E+05   0.0000000E+00   0.0000000E+00   0.0000000E+00   0.0000000E+00
   4.7245745E-01   1.0811378E+05   1.0811378E+05   8.2441252E-02   -6.3669411E-04   3.6956708E-01   1.0757162E+05   1.0811378E+05   1.0119238E+05   0.0000000E+00   0.0000000E+00   0.0000000E+00   0.0000000E+00
   4.9033648E-01   1.0206011E+05   1.0206011E+05   7.2206606E-02   -5.5804660E-04   3.2292337E-01   1.0154830E+05   1.0206011E+05   9.5526249E+04   0.0000000E+00   0.0000000E+00   0.0000000E+00   0.0000000E+00
   5.0929347E-01   9.6203460E+04   9.6203460E+04   6.3114691E-02   -4.8755931E-04   2.8275615E-01   9.5721012E+04   9.6203460E+04   9.0044533E+04   0.0000000E+00   0.0000000E+00   0.0000000E+00   0.0000000E+00
   5.2947405E-01   9.0423779E+04   9.0423779E+04   5.4873691E-02   -4.2397407E-04   2.4757139E-01   8.9970306E+04   9.0423779E+04   8.4634857E+04   0.0000000E+00   0.0000000E+00   0.0000000E+00   0.0000000E+00
   5.5105604E-01   8.4881880E+04   8.4881880E+04   4.7566112E-02   -3.6741463E-04   2.1496431E-01   8.4456192E+04   8.4881880E+04   7.9447743E+04   0.0000000E+00   0.0000000E+00   0.0000000E+00   0.0000000E+00
   5.7425799E-01   7.9522211E+04   7.9522211E+04   4.1030947E-02   -3.1695164E-04   1.8556750E-01   7.9123395E+04   7.9522211E+04   7.4431192E+04   0.0000000E+00   0.0000000E+00   0.0000000E+00   0.0000000E+00
   5.9935002E-01   7.4260005E+04   7.4260005E+04   3.5168461E-02   -2.7168750E-04   1.5982583E-01   7.3887573E+04   7.4260005E+04   6.9505868E+04   0.0000000E+00   0.0000000E+00   0.0000000E+00   0.0000000E+00
   6.2666676E-01   6.9158195E+04   6.9158195E+04   2.9961971E-02   -2.3143084E-04   1.3555343E-01   6.8811344E+04   6.9158195E+04   6.4730670E+04   0.0000000E+00   0.0000000E+00   0.0000000E+00   0.0000000E+00
   6.5662170E-01   6.4160719E+04   6.4160719E+04   2.5317249E-02   -1.9555747E-04   1.1511180E-01   6.3838927E+04   6.4160719E+04   6.0053130E+04   0.0000000E+00   0.0000000E+00   0.0000000E+00   0.0000000E+00
   6.8972034E-01   5.9274261E+04   5.9274261E+04   2.1198112E-02   -1.6373047E-04   9.6540025E-02   5.8976972E+04   5.9274261E+04   5.5479499E+04   0.0000000E+00   0.0000000E+00   0.0000000E+00   0.0000000E+00
   7.2656579E-01   5.4489781E+04   5.4489781E+04   1.7560337E-02   -1.3563019E-04   8.0421312E-02   5.4216484E+04   5.4489781E+04   5.1001320E+04   0.0000000E+00   0.0000000E+00   0.0000000E+00   0.0000000E+00
   7.6784542E-01   4.9816345E+04   4.9816345E+04   1.4374094E-02   -1.1101863E-04   6.5746202E-02   4.9566485E+04   4.9816345E+04   4.6627077E+04   0.0000000E+00   0.0000000E+00   0.0000000E+00   0.0000000E+00
   8.1428199E-01   4.5270488E+04   4.5270488E+04   1.1614970E-02   -8.9705023E-05   5.3517148E-02   4.5043425E+04   4.5270488E+04   4.2372245E+04   0.0000000E+00   0.0000000E+00   0.0000000E+00   0.0000000E+00
   8.6653895E-01   4.0890147E+04   4.0890147E+04   9.2638783E-03   -7.1540900E-05   4.2397454E-02   4.0685052E+04   4.0890147E+04   3.8272333E+04   0.0000000E+00   0.0000000E+00   0.0000000E+00   0.0000000E+00
   9.2509924E-01   3.6725474E+04   3.6725474E+04   7.3002360E-03   -5.6372928E-05   3.3470727E-02   3.6541266E+04   3.6725474E+04   3.4374283E+04   0.0000000E+00   0.0000000E+00   0.0000000E+00   0.0000000E+00
   9.9018566E-01   3.2829580E+04   3.2829580E+04   5.6960531E-03   -4.3984190E-05   2.6485765E-02   3.2664911E+04   3.2829580E+04   3.0727806E+04   0.0000000E+00   0.0000000E+00   0.0000000E+00   0.0000000E+00
   1.0617986E+00   2.9244052E+04   2.9244052E+04   4.4126439E-03   -3.4070390E-05   2.0374410E-02   2.9097366E+04   2.9244052E+04   2.7371824E+04   0.0000000E+00   0.0000000E+00   0.0000000E+00   0.0000000E+00
   1.1398637E+00   2.5989521E+04   2.5989521E+04   3.4044768E-03   -2.6271779E-05   1.5863758E-02   2.5859159E+04   2.5989521E+04   2.4325650E+04   0.0000000E+00   0.0000000E+00   0.0000000E+00   0.0000000E+00
   1.2243860E+00   2.3064028E+04   2.3064028E+04   2.6174383E-03   -2.0203954E-05   1.2026571E-02   2.2948339E+04   2.3064028E+04   2.1587449E+04   0.0000000E+00   0.0000000E+00   0.0000000E+00   0.0000000E+00
   1.3155272E+00   2.0449076E+04   2.0449076E+04   2.0101510E-03   -1.5515637E-05   9.1743579E-03   2.0346503E+04   2.0449076E+04   1.9139908E+04   0.0000000E+00   0.0000000E+00   0.0000000E+00   0.0000000E+00
   1.4136030E+00   1.8119343E+04   1.8119343E+04   1.5425141E-03   -1.1905686E-05   7.2547897E-03   1.8028456E+04   1.8119343E+04   1.6959326E+04   0.0000000E+00   0.0000000E+00   0.0000000E+00   0.0000000E+00
   1.5190464E+00   1.6047047E+04   1.6047047E+04   1.1830062E-03   -9.1301241E-06   5.6535893E-03   1.5966554E+04   1.6047047E+04   1.5019700E+04   0.0000000E+00   0.0000000E+00   0.0000000E+00   0.0000000E+00
   1.6323732E+00   1.4205486E+04   1.4205486E+04   9.0687302E-04   -6.9981106E-06   4.3036939E-03   1.4134229E+04   1.4205486E+04   1.3296037E+04   0.0000000E+00   0.0000000E+00   0.0000000E+00   0.0000000E+00
   1.7541596E+00   1.2570079E+04   1.2570079E+04   6.9491158E-04   -5.3615514E-06   3.2217249E-03   1.2507026E+04   1.2570079E+04   1.1765330E+04   0.0000000E+00   0.0000000E+00   0.0000000E+00   0.0000000E+00
   1.8850334E+00   1.1118533E+04   1.1118533E+04   5.3227225E-04   -4.1060062E-06   2.4766532E-03   1.1062761E+04   1.1118533E+04   1.0406713E+04   0.0000000E+00   0.0000000E+00   0.0000000E+00   0.0000000E+00
   2.0256716E+00   9.8308153E+03   9.8308153E+03   4.0697882E-04   -3.1432201E-06   1.9123610E-03   9.7815025E+03   9.8308153E+03   9.2014366E+03   0.0000000E+00   0.0000000E+00   0.0000000E+00   0.0000000E+00
   2.1768025E+00   8.6890199E+03   8.6890199E+03   3.1190310E-04   -2.4052785E-06   1.4999503E-03   8.6454344E+03   8.6890199E+03   8.1327399E+03   0.0000000E+00   0.0000000E+00   0.0000000E+00   0.0000000E+00
   2.3392090E+00   7.6770543E+03   7.6770543E+03   2.3870659E-04   -1.8397928E-06   1.1327814E-03   7.6385449E+03   7.6770543E+03   7.1855613E+03   0.0000000E+00   0.0000000E+00   0.0000000E+00   0.0000000E+00
   2.5137324E+00   6.7805704E+03   6.7805704E+03   1.8256280E-04   -1.4067514E-06   8.7376556E-04   6.7465579E+03   6.7805704E+03   6.3464712E+03   0.0000000E+00   0.0000000E+00   0.0000000E+00   0.0000000E+00
   2.7012765E+00   5.9867391E+03   5.9867391E+03   1.3957711E-04   -1.0752091E-06   6.8246517E-04   5.9567085E+03   5.9867391E+03   5.6034618E+03   0.0000000E+00   0.0000000E+00   0.0000000E+00   0.0000000E+00
   2.9028128E+00   5.2841001E+03   5.2841001E+03   1.0668020E-04   -8.2147091E-07   4.9106897E-04   5.2575940E+03   5.2841001E+03   4.9458064E+03   0.0000000E+00   0.0000000E+00   0.0000000E+00   0.0000000E+00
   3.1193854E+00   4.6624312E+03   4.6624312E+03   8.1511128E-05   -6.2738570E-07   3.8867194E-04   4.6390435E+03   4.6624312E+03   4.3639374E+03   0.0000000E+00   0.0000000E+00   0.0000000E+00   0.0000000E+00
   3.3521160E+00   4.1126196E+03   4.1126196E+03   6.2273713E-05   -4.7897946E-07   3.0155791E-04   4.0919899E+03   4.1126196E+03   3.8493253E+03   0.0000000E+00   0.0000000E+00   0.0000000E+00   0.0000000E+00
   3.6022101E+00   3.6265462E+03   3.6265462E+03   4.7546008E-05   -3.6553052E-07   2.1203650E-04   3.6083547E+03   3.6265462E+03   3.3943708E+03   0.0000000E+00   0.0000000E+00   0.0000000E+00   0.0000000E+00
   3.8709631E+00   3.1969815E+03   3.1969815E+03   3.6298173E-05   -2.7884298E-07   1.6510276E-04   3.1809448E+03   3.1969815E+03   2.9923073E+03   0.0000000E+00   0.0000000E+00   0.0000000E+00   0.0000000E+00
   4.1597673E+00   2.8174929E+03   2.8174929E+03   2.7691875E-05   -2.1263347E-07   1.3518528E-04   2.8033597E+03   2.8174929E+03   2.6371139E+03   0.0000000E+00   0.0000000E+00   0.0000000E+00   0.0000000E+00
   4.4701185E+00   2.4823597E+03   2.4823597E+03   2.1138703E-05   -1.6207883E-07   1.0676541E-04   2.4699077E+03   2.4823597E+03   2.3234364E+03   0.0000000E+00   0.0000000E+00   0.0000000E+00   0.0000000E+00
   4.8036243E+00   2.1864980E+03   2.1864980E+03   1.6120672E-05   -1.2349189E-07   8.0463891E-05   2.1755300E+03   2.1864980E+03   2.0465160E+03   0.0000000E+00   0.0000000E+00   0.0000000E+00   0.0000000E+00
   5.1620123E+00   1.9253915E+03   1.9253915E+03   1.2292429E-05   -9.4049783E-08   6.0278958E-05   1.9157334E+03   1.9253915E+03   1.8021259E+03   0.0000000E+00   0.0000000E+00   0.0000000E+00   0.0000000E+00
   5.5471388E+00   1.6950312E+03   1.6950312E+03   9.3731740E-06   -7.1595774E-08   5.0418682E-05   1.6865286E+03   1.6950312E+03   1.5865135E+03   0.0000000E+00   0.0000000E+00   0.0000000E+00   0.0000000E+00
   5.9609988E+00   1.4918595E+03   1.4918595E+03   7.1417245E-06   -5.4475612E-08   3.3980788E-05   1.4843760E+03   1.4918595E+03   1.3963490E+03   0.0000000E+00   0.0000000E+00   0.0000000E+00   0.0000000E+00
   6.4057360E+00   1.3127212E+03   1.3127212E+03   5.4416897E-06   -4.1428739E-08   2.6471099E-05   1.3061363E+03   1.3127212E+03   1.2286794E+03   0.0000000E+00   0.0000000E+00   0.0000000E+00   0.0000000E+00
   6.8836540E+00   1.1548196E+03   1.1548196E+03   4.1465621E-06   -3.1489143E-08   1.8360718E-05   1.1490268E+03   1.1548196E+03   1.0808868E+03   0.0000000E+00   0.0000000E+00   0.0000000E+00   0.0000000E+00
   7.3972285E+00   1.0156765E+03   1.0156765E+03   3.1578496E-06   -2.3920512E-08   1.3757681E-05   1.0105817E+03   1.0156765E+03   9.5065181E+02   0.0000000E+00   0.0000000E+00   0.0000000E+00   0.0000000E+00
   7.9491197E+00   8.9309731E+02   8.9309731E+02   2.4046866E-06   -1.8159541E-08   1.2988101E-05   8.8861733E+02   8.9309731E+02   8.3592024E+02   0.0000000E+00   0.0000000E+00   0.0000000E+00   0.0000000E+00
   8.5421862E+00   7.8513910E+02   7.8513910E+02   1.8304080E-06   -1.3776166E-08   7.4568208E-06   7.8120066E+02   7.8513910E+02   7.3487363E+02   0.0000000E+00   0.0000000E+00   0.0000000E+00   0.0000000E+00
   9.1795002E+00   6.9008270E+02   6.9008270E+02   1.3934208E-06   -1.0442940E-08   6.6539608E-06   6.8662108E+02   6.9008270E+02   6.4590285E+02   0.0000000E+00   0.0000000E+00   0.0000000E+00   0.0000000E+00
   9.8643627E+00   6.0640746E+02   6.0640746E+02   1.0602651E-06   -7.9093772E-09   5.1631979E-06   6.0336558E+02   6.0640746E+02   5.6758459E+02   0.0000000E+00   0.0000000E+00   0.0000000E+00   0.0000000E+00
   1.0600321E+01   5.3276888E+02   5.3276888E+02   8.0663774E-07   -5.9847023E-09   3.7243981E-06   5.3009639E+02   5.3276888E+02   4.9866044E+02   0.0000000E+00   0.0000000E+00   0.0000000E+00   0.0000000E+00
