#           k/h    CDM            baryon         photon         nu             mass_nu        total          no_nu          total_de       Weyl           v_CDM          v_b            v_b-v_c     
   1.1347897E-05   5.1410439E+06   5.1410439E+06   6.8539431E+06   1.3360156E+04   9.9177521E+04   5.1412199E+06   5.1410439E+06   5.0556086E+06   0.0000000E+00   0.0000000E+00   0.0000000E+00   0.0000000E+00
   1.2194539E-05   5.1410431E+06   5.1410431E+06   6.8538209E+06   1.3360017E+04   9.9176757E+04   5.1412190E+06   5.1410431E+06   5.0556077E+06   0.0000000E+00   0.0000000E+00   0.0000000E+00   0.0000000E+00
   1.3104348E-05   5.1410422E+06   5.1410422E+06   6.8536799E+06   1.3359857E+04   9.9175875E+04   5.1412180E+06   5.1410422E+06   5.0556067E+06   0.0000000E+00   0.0000000E+00   0.0000000E+00   0.0000000E+00
   1.4082034E-05   5.1410410E+06   5.1410410E+06   6.8535169E+06   1.3359672E+04   9.9174857E+04   5.1412168E+06   5.1410410E+06   5.0556055E+06   0.0000000E+00   0.0000000E+00   0.0000000E+00   0.0000000E+00
   1.5132664E-05   5.1410398E+06   5.1410398E+06   6.8533288E+06   1.3359459E+04   9.9173681E+04   5.1412154E+06   5.1410398E+06   5.0556041E+06   0.0000000E+00   0.0000000E+00   0.0000000E+00   0.0000000E+00
   1.6261680E-05   5.1410383E+06   5.1410383E+06   6.8531116E+06   1.3359212E+04   9.9172323E+04   5.1412138E+06   5.1410383E+06   5.0556026E+06   0.0000000E+00   0.0000000E+00   0.0000000E+00   0.0000000E+00
   1.7474928E-05   5.1410366E+06   5.1410366E+06   6.8528608E+06   1.3358927E+04   9.9170755E+04   5.1412119E+06   5.1410366E+06   5.0556007E+06   0.0000000E+00   0.0000000E+00   0.0000000E+00   0.0000000E+00
   1.8778695E-05   5.1410346E+06   5.1410346E+06   6.8525711E+06   1.3358599E+04   9.9168945E+04   5.1412098E+06   5.1410346E+06   5.0555986E+06   0.0000000E+00   0.0000000E+00   0.0000000E+00   0.0000000E+00
   2.0179732E-05   5.1410323E+06   5.1410323E+06   6.8522367E+06   1.3358219E+04   9.9166854E+04   5.1412073E+06   5.1410323E+06   5.0555962E+06   0.0000000E+00   0.0000000E+00   0.0000000E+00   0.0000000E+00
   2.1685298E-05   5.1410297E+06   5.1410297E+06   6.8518504E+06   1.3357781E+04   9.9164440E+04   5.1412045E+06   5.1410297E+06   5.0555934E+06   0.0000000E+00   0.0000000E+00   0.0000000E+00   0.0000000E+00
   2.3303191E-05   5.1410267E+06   5.1410267E+06   6.8514045E+06   1.3357275E+04   9.9161652E+04   5.1412012E+06   5.1410267E+06   5.0555901E+06   0.0000000E+00   0.0000000E+00   0.0000000E+00   0.0000000E+00
   2.5041792E-05   5.1410232E+06   5.1410232E+06   6.8508895E+06   1.3356690E+04   9.9158434E+04   5.1411974E+06   5.1410232E+06   5.0555864E+06   0.0000000E+00   0.0000000E+00   0.0000000E+00   0.0000000E+00
   2.6910106E-05   5.1410192E+06   5.1410192E+06   6.8502949E+06   1.3356016E+04   9.9154717E+04   5.1411930E+06   5.1410192E+06   5.0555821E+06   0.0000000E+00   0.0000000E+00   0.0000000E+00   0.0000000E+00
   2.8917810E-05   5.1410145E+06   5.1410145E+06   6.8496083E+06   1.3355236E+04   9.9150425E+04   5.1411879E+06   5.1410145E+06   5.0555771E+06   0.0000000E+00   0.0000000E+00   0.0000000E+00   0.0000000E+00
   3.1075305E-05   5.1410091E+06   5.1410091E+06   6.8488155E+06   1.3354337E+04   9.9145470E+04   5.1411820E+06   5.1410091E+06   5.0555713E+06   0.0000000E+00   0.0000000E+00   0.0000000E+00   0.0000000E+00
   3.3393766E-05   5.1410029E+06   5.1410029E+06   6.8479001E+06   1.3353298E+04   9.9139749E+04   5.1411753E+06   5.1410029E+06   5.0555647E+06   0.0000000E+00   0.0000000E+00   0.0000000E+00   0.0000000E+00
   3.5885203E-05   5.1409957E+06   5.1409957E+06   6.8468431E+06   1.3352098E+04   9.9133144E+04   5.1411675E+06   5.1409957E+06   5.0555570E+06   0.0000000E+00   0.0000000E+00   0.0000000E+00   0.0000000E+00
   3.8562520E-05   5.1409874E+06   5.1409874E+06   6.8456228E+06   1.3350713E+04   9.9125517E+04   5.1411584E+06   5.1409874E+06   5.0555481E+06   0.0000000E+00   0.0000000E+00   0.0000000E+00   0.0000000E+00
   4.1439585E-05   5.1409778E+06   5.1409778E+06   6.8442138E+06   1.3349113E+04   9.9116713E+04   5.1411480E+06   5.1409778E+06   5.0555378E+06   0.0000000E+00   0.0000000E+00   0.0000000E+00   0.0000000E+00
   4.4531303E-05   5.1409667E+06   5.1409667E+06   6.8425871E+06   1.3347267E+04   9.9106548E+04   5.1411360E+06   5.1409667E+06   5.0555260E+06   0.0000000E+00   0.0000000E+00   0.0000000E+00   0.0000000E+00
   4.7853687E-05   5.1409540E+06   5.1409540E+06   6.8407091E+06   1.3345135E+04   9.9094814E+04   5.1411221E+06   5.1409540E+06   5.0555123E+06   0.0000000E+00   0.0000000E+00   0.0000000E+00   0.0000000E+00
   5.1423946E-05   5.1409392E+06   5.1409392E+06   6.8385410E+06   1.3342673E+04   9.9081268E+04   5.1411061E+06   5.1409392E+06   5.0554966E+06   0.0000000E+00   0.0000000E+00   0.0000000E+00   0.0000000E+00
   5.5260575E-05   5.1409222E+06   5.1409222E+06   6.8360381E+06   1.3339831E+04   9.9065632E+04   5.1410876E+06   5.1409222E+06   5.0554783E+06   0.0000000E+00   0.0000000E+00   0.0000000E+00   0.0000000E+00
   5.9383447E-05   5.1409025E+06   5.1409025E+06   6.8331489E+06   1.3336550E+04   9.9047585E+04   5.1410662E+06   5.1409025E+06   5.0554573E+06   0.0000000E+00   0.0000000E+00   0.0000000E+00   0.0000000E+00
   6.3813917E-05   5.1408798E+06   5.1408798E+06   6.8298139E+06   1.3332763E+04   9.9026756E+04   5.1410415E+06   5.1408798E+06   5.0554330E+06   0.0000000E+00   0.0000000E+00   0.0000000E+00   0.0000000E+00
   6.8574935E-05   5.1408536E+06   5.1408536E+06   6.8259647E+06   1.3328390E+04   9.9002718E+04   5.1410130E+06   5.1408536E+06   5.0554049E+06   0.0000000E+00   0.0000000E+00   0.0000000E+00   0.0000000E+00
   7.3691162E-05   5.1408233E+06   5.1408233E+06   6.8215223E+06   1.3323343E+04   9.8974980E+04   5.1409801E+06   5.1408233E+06   5.0553725E+06   0.0000000E+00   0.0000000E+00   0.0000000E+00   0.0000000E+00
   7.9189099E-05   5.1407884E+06   5.1407884E+06   6.8163957E+06   1.3317518E+04   9.8942977E+04   5.1409421E+06   5.1407884E+06   5.0553351E+06   0.0000000E+00   0.0000000E+00   0.0000000E+00   0.0000000E+00
   8.5097226E-05   5.1407480E+06   5.1407480E+06   6.8104802E+06   1.3310795E+04   9.8906056E+04   5.1408982E+06   5.1407480E+06   5.0552919E+06   0.0000000E+00   0.0000000E+00   0.0000000E+00   0.0000000E+00
   9.1446145E-05   5.1407014E+06   5.1407014E+06   6.8036551E+06   1.3303036E+04   9.8863469E+04   5.1408475E+06   5.1407014E+06   5.0552421E+06   0.0000000E+00   0.0000000E+00   0.0000000E+00   0.0000000E+00
   9.8268743E-05   5.1406476E+06   5.1406476E+06   6.7957818E+06   1.3294083E+04   9.8814356E+04   5.1407891E+06   5.1406476E+06   5.0551845E+06   0.0000000E+00   0.0000000E+00   0.0000000E+00   0.0000000E+00
   1.0560036E-04   5.1405855E+06   5.1405855E+06   6.7867006E+06   1.3283753E+04   9.8757727E+04   5.1407215E+06   5.1405855E+06   5.0551181E+06   0.0000000E+00   0.0000000E+00   0.0000000E+00   0.0000000E+00
   1.1347897E-04   5.1405138E+06   5.1405138E+06   6.7762282E+06   1.3271836E+04   9.8692447E+04   5.1406436E+06   5.1405138E+06   5.0550414E+06   0.0000000E+00   0.0000000E+00   0.0000000E+00   0.0000000E+00
   1.2194539E-04   5.1404310E+06   5.1404310E+06   6.7641540E+06   1.3258091E+04   9.8617217E+04   5.1405536E+06   5.1404310E+06   5.0549528E+06   0.0000000E+00   0.0000000E+00   0.0000000E+00   0.0000000E+00
   1.3104348E-04   5.1403355E+06   5.1403355E+06   6.7502366E+06   1.3242238E+04   9.8530546E+04   5.1404498E+06   5.1403355E+06   5.0548506E+06   0.0000000E+00   0.0000000E+00   0.0000000E+00   0.0000000E+00
   1.4082034E-04   5.1402252E+06   5.1402252E+06   6.7341989E+06   1.3223960E+04   9.8430730E+04   5.1403299E+06   5.1402252E+06   5.0547326E+06   0.0000000E+00   0.0000000E+00   0.0000000E+00   0.0000000E+00
   1.5132664E-04   5.1400979E+06   5.1400979E+06   6.7157241E+06   1.3202890E+04   9.8315825E+04   5.1401915E+06   5.1400979E+06   5.0545965E+06   0.0000000E+00   0.0000000E+00   0.0000000E+00   0.0000000E+00
   1.6261680E-04   5.1399510E+06   5.1399510E+06   6.6944499E+06   1.3178609E+04   9.8183613E+04   5.1400319E+06   5.1399510E+06   5.0544393E+06   0.0000000E+00   0.0000000E+00   0.0000000E+00   0.0000000E+00
   1.7474928E-04   5.1397815E+06   5.1397815E+06   6.6699629E+06   1.3150635E+04   9.8031572E+04   5.1398477E+06   5.1397815E+06   5.0542580E+06   0.0000000E+00   0.0000000E+00   0.0000000E+00   0.0000000E+00
   1.8778695E-04   5.1395859E+06   5.1395859E+06   6.6417922E+06   1.3118418E+04   9.7856843E+04   5.1396351E+06   5.1395859E+06   5.0540488E+06   0.0000000E+00   0.0000000E+00   0.0000000E+00   0.0000000E+00
   2.0179732E-04   5.1393603E+06   5.1393603E+06   6.6094025E+06   1.3081332E+04   9.7656187E+04   5.1393899E+06   5.1393603E+06   5.0538075E+06   0.0000000E+00   0.0000000E+00   0.0000000E+00   0.0000000E+00
   2.1685298E-04   5.1391000E+06   5.1391000E+06   6.5721873E+06   1.3038661E+04   9.7425959E+04   5.1391071E+06   5.1391000E+06   5.0535292E+06   0.0000000E+00   0.0000000E+00   0.0000000E+00   0.0000000E+00
   2.3303191E-04   5.1387998E+06   5.1387998E+06   6.5294611E+06   1.2989590E+04   9.7162060E+04   5.1387809E+06   5.1387998E+06   5.0532082E+06   0.0000000E+00   0.0000000E+00   0.0000000E+00   0.0000000E+00
   2.5041792E-04   5.1384537E+06   5.1384537E+06   6.4804522E+06   1.2933198E+04   9.6859916E+04   5.1384049E+06   5.1384537E+06   5.0528381E+06   0.0000000E+00   0.0000000E+00   0.0000000E+00   0.0000000E+00
   2.6910106E-04   5.1380547E+06   5.1380547E+06   6.4242956E+06   1.2868441E+04   9.6514441E+04   5.1379714E+06   5.1380547E+06   5.0524115E+06   0.0000000E+00   0.0000000E+00   0.0000000E+00   0.0000000E+00
   2.8917810E-04   5.1375948E+06   5.1375948E+06   6.3600268E+06   1.2794141E+04   9.6120027E+04   5.1374719E+06   5.1375948E+06   5.0519199E+06   0.0000000E+00   0.0000000E+00   0.0000000E+00   0.0000000E+00
   3.1075305E-04   5.1370650E+06   5.1370650E+06   6.2865772E+06   1.2708977E+04   9.5670538E+04   5.1368964E+06   5.1370650E+06   5.0513535E+06   0.0000000E+00   0.0000000E+00   0.0000000E+00   0.0000000E+00
   3.3393766E-04   5.1364547E+06   5.1364547E+06   6.2027714E+06   1.2611476E+04   9.5159330E+04   5.1362337E+06   5.1364547E+06   5.0507013E+06   0.0000000E+00   0.0000000E+00   0.0000000E+00   0.0000000E+00
   3.5885203E-04   5.1357521E+06   5.1357521E+06   6.1073292E+06   1.2499997E+04   9.4579298E+04   5.1354708E+06   5.1357521E+06   5.0499505E+06   0.0000000E+00   0.0000000E+00   0.0000000E+00   0.0000000E+00
   3.8562520E-04   5.1349435E+06   5.1349435E+06   5.9988718E+06   1.2372735E+04   9.3922967E+04   5.1345931E+06   5.1349435E+06   5.0490867E+06   0.0000000E+00   0.0000000E+00   0.0000000E+00   0.0000000E+00
   4.1439585E-04   5.1340134E+06   5.1340134E+06   5.8759355E+06   1.2227713E+04   9.3182631E+04   5.1335837E+06   5.1340134E+06   5.0480934E+06   0.0000000E+00   0.0000000E+00   0.0000000E+00   0.0000000E+00
   4.4531303E-04   5.1329443E+06   5.1329443E+06   5.7369959E+06   1.2062794E+04   9.2350560E+04   5.1324237E+06   5.1329443E+06   5.0469518E+06   0.0000000E+00   0.0000000E+00   0.0000000E+00   0.0000000E+00
   4.7853687E-04   5.1317161E+06   5.1317161E+06   5.5805044E+06   1.1875697E+04   9.1419290E+04   5.1310915E+06   5.1317161E+06   5.0456409E+06   0.0000000E+00   0.0000000E+00   0.0000000E+00   0.0000000E+00
   5.1423946E-04   5.1303063E+06   5.1303063E+06   5.4049408E+06   1.1664021E+04   9.0381997E+04   5.1295629E+06   5.1303063E+06   5.0441367E+06   0.0000000E+00   0.0000000E+00   0.0000000E+00   0.0000000E+00
   5.5260575E-04   5.1286894E+06   5.1286894E+06   5.2088868E+06   1.1425304E+04   8.9232991E+04   5.1278106E+06   5.1286894E+06   5.0424123E+06   0.0000000E+00   0.0000000E+00   0.0000000E+00   0.0000000E+00
   5.9383447E-04   5.1268368E+06   5.1268368E+06   4.9911244E+06   1.1157083E+04   8.7968303E+04   5.1258038E+06   5.1268368E+06   5.0404376E+06   0.0000000E+00   0.0000000E+00   0.0000000E+00   0.0000000E+00
   6.3813917E-04   5.1247167E+06   5.1247167E+06   4.7507615E+06   1.0856995E+04   8.6586377E+04   5.1235084E+06   5.1247167E+06   5.0381790E+06   0.0000000E+00   0.0000000E+00   0.0000000E+00   0.0000000E+00
   6.8574935E-04   5.1222934E+06   5.1222934E+06   4.4873899E+06   1.0522911E+04   8.5088813E+04   5.1208865E+06   5.1222934E+06   5.0355992E+06   0.0000000E+00   0.0000000E+00   0.0000000E+00   0.0000000E+00
   7.3691162E-04   5.1195275E+06   5.1195275E+06   4.2012740E+06   1.0153102E+04   8.3481107E+04   5.1178962E+06   5.1195275E+06   5.0326571E+06   0.0000000E+00   0.0000000E+00   0.0000000E+00   0.0000000E+00
   7.9189099E-04   5.1163755E+06   5.1163755E+06   3.8935667E+06   9.7464491E+03   8.1773253E+04   5.1144916E+06   5.1163755E+06   5.0293074E+06   0.0000000E+00   0.0000000E+00   0.0000000E+00   0.0000000E+00
   8.5097226E-04   5.1127900E+06   5.1127900E+06   3.5665434E+06   9.3026974E+03   7.9980029E+04   5.1106228E+06   5.1127900E+06   5.0255011E+06   0.0000000E+00   0.0000000E+00   0.0000000E+00   0.0000000E+00
   9.1446145E-04   5.1087194E+06   5.1087194E+06   3.2238320E+06   8.8227380E+03   7.8120708E+04   5.1062356E+06   5.1087194E+06   5.0211852E+06   0.0000000E+00   0.0000000E+00   0.0000000E+00   0.0000000E+00
   9.8268743E-04   5.1041077E+06   5.1041077E+06   2.8706068E+06   8.3089153E+03   7.6217866E+04   5.1012724E+06   5.1041077E+06   5.0163029E+06   0.0000000E+00   0.0000000E+00   0.0000000E+00   0.0000000E+00
   1.0560036E-03   5.0988954E+06   5.0988954E+06   2.5136970E+06   7.7653236E+03   7.4294923E+04   5.0956718E+06   5.0988954E+06   5.0107938E+06   0.0000000E+00   0.0000000E+00   0.0000000E+00   0.0000000E+00
   1.1347897E-03   5.0930189E+06   5.0930189E+06   2.1615434E+06   7.1980517E+03   7.2372102E+04   5.0893692E+06   5.0930189E+06   5.0045949E+06   0.0000000E+00   0.0000000E+00   0.0000000E+00   0.0000000E+00
   1.2194539E-03   5.0864112E+06   5.0864112E+06   1.8239234E+06   6.6153134E+03   7.0460688E+04   5.0822978E+06   5.0864112E+06   4.9976402E+06   0.0000000E+00   0.0000000E+00   0.0000000E+00   0.0000000E+00
   1.3104348E-03   5.0790018E+06   5.0790018E+06   1.5113617E+06   6.0273835E+03   6.8555925E+04   5.0743881E+06   5.0790018E+06   4.9898617E+06   0.0000000E+00   0.0000000E+00   0.0000000E+00   0.0000000E+00
   1.4082034E-03   5.0707171E+06   5.0707171E+06   1.2341632E+06   5.4462498E+03   6.6629658E+04   5.0655690E+06   5.0707171E+06   4.9811897E+06   0.0000000E+00   0.0000000E+00   0.0000000E+00   0.0000000E+00
   1.5132664E-03   5.0614801E+06   5.0614801E+06   1.0010617E+06   4.8848963E+03   6.4624998E+04   5.0557679E+06   5.0614801E+06   4.9715529E+06   0.0000000E+00   0.0000000E+00   0.0000000E+00   0.0000000E+00
   1.6261680E-03   5.0512104E+06   5.0512104E+06   8.1758957E+05   4.3561760E+03   6.2456536E+04   5.0449100E+06   5.0512104E+06   4.9608781E+06   0.0000000E+00   0.0000000E+00   0.0000000E+00   0.0000000E+00
   1.7474928E-03   5.0398229E+06   5.0398229E+06   6.8443525E+05   3.8713100E+03   6.0020674E+04   5.0329184E+06   5.0398229E+06   4.9490896E+06   0.0000000E+00   0.0000000E+00   0.0000000E+00   0.0000000E+00
   1.8778695E-03   5.0272276E+06   5.0272276E+06   5.9626043E+05   3.4381895E+03   5.7220124E+04   5.0197123E+06   5.0272276E+06   4.9361081E+06   0.0000000E+00   0.0000000E+00   0.0000000E+00   0.0000000E+00
   2.0179732E-03   5.0133284E+06   5.0133284E+06   5.4161239E+05   3.0598354E+03   5.4003366E+04   5.0052058E+06   5.0133284E+06   4.9218494E+06   0.0000000E+00   0.0000000E+00   0.0000000E+00   0.0000000E+00
   2.1685298E-03   4.9980222E+06   4.9980222E+06   5.0456773E+05   2.7335338E+03   5.0412132E+04   4.9893066E+06   4.9980222E+06   4.9062226E+06   0.0000000E+00   0.0000000E+00   0.0000000E+00   0.0000000E+00
   2.3303191E-03   4.9811994E+06   4.9811994E+06   4.6839740E+05   2.4512277E+03   4.6618188E+04   4.9719147E+06   4.9811994E+06   4.8891290E+06   0.0000000E+00   0.0000000E+00   0.0000000E+00   0.0000000E+00
   2.5041792E-03   4.9627448E+06   4.9627448E+06   4.2071204E+05   2.2015464E+03   4.2919082E+04   4.9529225E+06   4.9627448E+06   4.8704627E+06   0.0000000E+00   0.0000000E+00   0.0000000E+00   0.0000000E+00
   2.6910106E-03   4.9425404E+06   4.9425404E+06   3.5832260E+05   1.9732920E+03   3.9662069E+04   4.9322160E+06   4.9425404E+06   4.8501112E+06   0.0000000E+00   0.0000000E+00   0.0000000E+00   0.0000000E+00
   2.8917810E-03   4.9204680E+06   4.9204680E+06   2.8900344E+05   1.7593097E+03   3.7091881E+04   4.9096769E+06   4.9204680E+06   4.8279578E+06   0.0000000E+00   0.0000000E+00   0.0000000E+00   0.0000000E+00
   3.1075305E-03   4.8964116E+06   4.8964116E+06   2.2760231E+05   1.5588446E+03   3.5179617E+04   4.8851849E+06   4.8964116E+06   4.8038837E+06   0.0000000E+00   0.0000000E+00   0.0000000E+00   0.0000000E+00
   3.3393766E-03   4.8702568E+06   4.8702568E+06   1.8666443E+05   1.3764917E+03   3.3562821E+04   4.8586182E+06   4.8702568E+06   4.7777691E+06   0.0000000E+00   0.0000000E+00   0.0000000E+00   0.0000000E+00
   3.5885203E-03   4.8418871E+06   4.8418871E+06   1.6664325E+05   1.2174692E+03   3.1732380E+04   4.8298524E+06   4.8418871E+06   4.7494914E+06   0.0000000E+00   0.0000000E+00   0.0000000E+00   0.0000000E+00
   3.8562520E-03   4.8111793E+06   4.8111793E+06   1.5435516E+05   1.0819613E+03   2.9441247E+04   4.7987584E+06   4.8111793E+06   4.7189234E+06   0.0000000E+00   0.0000000E+00   0.0000000E+00   0.0000000E+00
   4.1439585E-03   4.7780013E+06   4.7780013E+06   1.3453856E+05   9.6346676E+02   2.7005371E+04   4.7652019E+06   4.7780013E+06   4.6859332E+06   0.0000000E+00   0.0000000E+00   0.0000000E+00   0.0000000E+00
   4.4531303E-03   4.7422150E+06   4.7422150E+06   1.0610304E+05   8.5391796E+02   2.5037897E+04   4.7290475E+06   4.7422150E+06   4.6503874E+06   0.0000000E+00   0.0000000E+00   0.0000000E+00   0.0000000E+00
   4.7853687E-03   4.7036835E+06   4.7036835E+06   8.3488456E+04   7.5120006E+02   2.3667330E+04   4.6901636E+06   4.7036835E+06   4.6121569E+06   0.0000000E+00   0.0000000E+00   0.0000000E+00   0.0000000E+00
   5.1423946E-03   4.6622733E+06   4.6622733E+06   7.6012277E+04   6.5967350E+02   2.2226348E+04   4.6484234E+06   4.6622733E+06   4.5711167E+06   0.0000000E+00   0.0000000E+00   0.0000000E+00   0.0000000E+00
   5.5260575E-03   4.6178507E+06   4.6178507E+06   7.2197492E+04   5.8162333E+02   2.0237500E+04   4.6036995E+06   4.6178507E+06   4.5271419E+06   0.0000000E+00   0.0000000E+00   0.0000000E+00   0.0000000E+00
   5.9383447E-03   4.5702796E+06   4.5702796E+06   5.9261764E+04   5.1231159E+02   1.8362208E+04   4.5558616E+06   4.5702796E+06   4.4801041E+06   0.0000000E+00   0.0000000E+00   0.0000000E+00   0.0000000E+00
   6.3813917E-03   4.5194273E+06   4.5194273E+06   4.7205722E+04   4.4802162E+02   1.7174390E+04   4.5047803E+06   4.5194273E+06   4.4298762E+06   0.0000000E+00   0.0000000E+00   0.0000000E+00   0.0000000E+00
   6.8574935E-03   4.4651689E+06   4.4651689E+06   4.4818334E+04   3.9170948E+02   1.5833381E+04   4.4503286E+06   4.4651689E+06   4.3763335E+06   0.0000000E+00   0.0000000E+00   0.0000000E+00   0.0000000E+00
   7.3691162E-03   4.4073759E+06   4.4073759E+06   3.8221746E+04   3.4358046E+02   1.4136303E+04   4.3923704E+06   4.4073759E+06   4.3193421E+06   0.0000000E+00   0.0000000E+00   0.0000000E+00   0.0000000E+00
   7.9189099E-03   4.3459142E+06   4.3459142E+06   2.9043026E+04   2.9937610E+02   1.3083439E+04   4.3307692E+06   4.3459142E+06   4.2587677E+06   0.0000000E+00   0.0000000E+00   0.0000000E+00   0.0000000E+00
   8.5097226E-03   4.2806559E+06   4.2806559E+06   2.7609072E+04   2.6015157E+02   1.1924681E+04   4.2654092E+06   4.2806559E+06   4.1944967E+06   0.0000000E+00   0.0000000E+00   0.0000000E+00   0.0000000E+00
   9.1446145E-03   4.2114790E+06   4.2114790E+06   2.1682025E+04   2.2593453E+02   1.0683828E+04   4.1961815E+06   4.2114790E+06   4.1264219E+06   0.0000000E+00   0.0000000E+00   0.0000000E+00   0.0000000E+00
   9.8268743E-03   4.1382650E+06   4.1382650E+06   1.9260582E+04   1.9544188E+02   9.9005171E+03   4.1229582E+06   4.1382650E+06   4.0544176E+06   0.0000000E+00   0.0000000E+00   0.0000000E+00   0.0000000E+00
   1.0560036E-02   4.0608967E+06   4.0608967E+06   1.6505135E+04   1.6940831E+02   8.6735538E+03   4.0456098E+06   4.0608967E+06   3.9783566E+06   0.0000000E+00   0.0000000E+00   0.0000000E+00   0.0000000E+00
   1.1347897E-02   3.9792570E+06   3.9792570E+06   1.3935092E+04   1.4570723E+02   7.9706318E+03   3.9640322E+06   3.9792570E+06   3.8981364E+06   0.0000000E+00   0.0000000E+00   0.0000000E+00   0.0000000E+00
   1.2194539E-02   3.8932402E+06   3.8932402E+06   1.1415993E+04   1.2555335E+02   6.9691361E+03   3.8781239E+06   3.8932402E+06   3.8136572E+06   0.0000000E+00   0.0000000E+00   0.0000000E+00   0.0000000E+00
   1.3104348E-02   3.8027465E+06   3.8027465E+06   1.0268280E+04   1.0762073E+02   6.3410598E+03   3.7877745E+06   3.8027465E+06   3.7248106E+06   0.0000000E+00   0.0000000E+00   0.0000000E+00   0.0000000E+00
   1.4082034E-02   3.7076878E+06   3.7076878E+06   7.8924924E+03   9.2082718E+01   5.6196814E+03   3.6929026E+06   3.7076878E+06   3.6315166E+06   0.0000000E+00   0.0000000E+00   0.0000000E+00   0.0000000E+00
   1.5132664E-02   3.6079959E+06   3.6079959E+06   7.1624679E+03   7.8646247E+01   4.8881590E+03   3.5934395E+06   3.6079959E+06   3.5337074E+06   0.0000000E+00   0.0000000E+00   0.0000000E+00   0.0000000E+00
   1.6261680E-02   3.5036256E+06   3.5036256E+06   6.1863090E+03   6.6892043E+01   4.3718874E+03   3.4893351E+06   3.5036256E+06   3.4313340E+06   0.0000000E+00   0.0000000E+00   0.0000000E+00   0.0000000E+00
   1.7474928E-02   3.3945683E+06   3.3945683E+06   4.9112134E+03   5.6704399E+01   3.8842450E+03   3.3805850E+06   3.3945683E+06   3.3243921E+06   0.0000000E+00   0.0000000E+00   0.0000000E+00   0.0000000E+00
   1.8778695E-02   3.2808648E+06   3.2808648E+06   3.9862082E+03   4.7992321E+01   3.3704820E+03   3.2672260E+06   3.2808648E+06   3.2129178E+06   0.0000000E+00   0.0000000E+00   0.0000000E+00   0.0000000E+00
   2.0179732E-02   3.1626223E+06   3.1626223E+06   3.2995357E+03   4.0446367E+01   2.9149097E+03   3.1493653E+06   3.1626223E+06   3.0970165E+06   0.0000000E+00   0.0000000E+00   0.0000000E+00   0.0000000E+00
   2.1685298E-02   3.0400357E+06   3.0400357E+06   2.7639146E+03   3.3981652E+01   2.5234659E+03   3.0271946E+06   3.0400357E+06   2.9768768E+06   0.0000000E+00   0.0000000E+00   0.0000000E+00   0.0000000E+00
   2.3303189E-02   2.9134138E+06   2.9134138E+06   2.3119503E+03   2.8443949E+01   2.1802566E+03   2.9010225E+06   2.9134138E+06   2.8528022E+06   0.0000000E+00   0.0000000E+00   0.0000000E+00   0.0000000E+00
   2.5041776E-02   2.7832070E+06   2.7832070E+06   1.9349423E+03   2.3714022E+01   1.8794175E+03   2.7712942E+06   2.7832070E+06   2.7252304E+06   0.0000000E+00   0.0000000E+00   0.0000000E+00   0.0000000E+00
   2.6910019E-02   2.6500401E+06   2.6500401E+06   1.6405034E+03   1.9702473E+01   1.6047020E+03   2.6386323E+06   2.6500401E+06   2.5947737E+06   0.0000000E+00   0.0000000E+00   0.0000000E+00   0.0000000E+00
   2.8917407E-02   2.5147469E+06   2.5147469E+06   1.3555489E+03   1.6305336E+01   1.3544172E+03   2.5038653E+06   2.5147469E+06   2.4622469E+06   0.0000000E+00   0.0000000E+00   0.0000000E+00   0.0000000E+00
   3.1073669E-02   2.3784098E+06   2.3784098E+06   1.0849470E+03   1.3440916E+01   1.1424680E+03   2.3680698E+06   2.3784098E+06   2.3287087E+06   0.0000000E+00   0.0000000E+00   0.0000000E+00   0.0000000E+00
   3.3387922E-02   2.2424089E+06   2.2424089E+06   9.0072312E+02   1.1039356E+01   9.7188593E+02   2.2326188E+06   2.2424089E+06   2.1955091E+06   0.0000000E+00   0.0000000E+00   0.0000000E+00   0.0000000E+00
   3.5866705E-02   2.1084786E+06   2.1084786E+06   7.1051632E+02   9.0443349E+00   8.0475771E+02   2.0992380E+06   2.1084786E+06   2.0643454E+06   0.0000000E+00   0.0000000E+00   0.0000000E+00   0.0000000E+00
   3.8510306E-02   1.9787441E+06   1.9787441E+06   6.0829888E+02   7.3966199E+00   6.7092493E+02   1.9700426E+06   1.9787441E+06   1.9372975E+06   0.0000000E+00   0.0000000E+00   0.0000000E+00   0.0000000E+00
   4.1307616E-02   1.8556614E+06   1.8556614E+06   5.0146332E+02   6.0518556E+00   5.6875070E+02   1.8474765E+06   1.8556614E+06   1.8167687E+06   0.0000000E+00   0.0000000E+00   0.0000000E+00   0.0000000E+00
   4.4231824E-02   1.7417366E+06   1.7417366E+06   4.0505255E+02   4.9695372E+00   4.8072002E+02   1.7340338E+06   1.7417366E+06   1.7052116E+06   0.0000000E+00   0.0000000E+00   0.0000000E+00   0.0000000E+00
   4.7241550E-02   1.6389864E+06   1.6389864E+06   3.3066598E+02   4.1086737E+00   4.0682826E+02   1.6317214E+06   1.6389864E+06   1.6045998E+06   0.0000000E+00   0.0000000E+00   0.0000000E+00   0.0000000E+00
   5.0290164E-02   1.5483579E+06   1.5483579E+06   2.7432569E+02   3.4305557E+00   3.4575557E+02   1.5414811E+06   1.5483579E+06   1.5158594E+06   0.0000000E+00   0.0000000E+00   0.0000000E+00   0.0000000E+00
   5.3338779E-02   1.4695014E+06   1.4695014E+06   2.3055321E+02   2.8965418E+00   2.9700374E+02   1.4629637E+06   1.4695014E+06   1.4386471E+06   0.0000000E+00   0.0000000E+00   0.0000000E+00   0.0000000E+00
   5.6364281E-02   1.4010438E+06   1.4010438E+06   1.9562682E+02   2.4739594E+00   2.5732365E+02   1.3948016E+06   1.4010438E+06   1.3716180E+06   0.0000000E+00   0.0000000E+00   0.0000000E+00   0.0000000E+00
   5.9359153E-02   1.3411045E+06   1.3411045E+06   1.6736776E+02   2.1351241E+00   2.2508514E+02   1.3351219E+06   1.3411045E+06   1.3129303E+06   0.0000000E+00   0.0000000E+00   0.0000000E+00   0.0000000E+00
   6.2326692E-02   1.2877330E+06   1.2877330E+06   1.4439384E+02   1.8592796E+00   1.9817834E+02   1.2819824E+06   1.2877330E+06   1.2606740E+06   0.0000000E+00   0.0000000E+00   0.0000000E+00   0.0000000E+00
   6.5275961E-02   1.2391559E+06   1.2391559E+06   1.2557510E+02   1.6309626E+00   1.7511121E+02   1.2336169E+06   1.2391559E+06   1.2131125E+06   0.0000000E+00   0.0000000E+00   0.0000000E+00   0.0000000E+00
   6.8218319E-02   1.1938741E+06   1.1938741E+06   1.1001596E+02   1.4387053E+00   1.5540689E+02   1.1885330E+06   1.1938741E+06   1.1687780E+06   0.0000000E+00   0.0000000E+00   0.0000000E+00   0.0000000E+00
   7.1165498E-02   1.1506838E+06   1.1506838E+06   9.7170333E+01   1.2745147E+00   1.3784610E+02   1.1455321E+06   1.1506838E+06   1.1264918E+06   0.0000000E+00   0.0000000E+00   0.0000000E+00   0.0000000E+00
   7.4128723E-02   1.1086670E+06   1.1086670E+06   8.6577087E+01   1.1322898E+00   1.2256871E+02   1.1037001E+06   1.1086670E+06   1.0853550E+06   0.0000000E+00   0.0000000E+00   0.0000000E+00   0.0000000E+00
   7.7118384E-02   1.0671743E+06   1.0671743E+06   7.7599891E+01   1.0078116E+00   1.0931774E+02   1.0623903E+06   1.0671743E+06   1.0447319E+06   0.0000000E+00   0.0000000E+00   0.0000000E+00   0.0000000E+00
   8.0143997E-02   1.0258073E+06   1.0258073E+06   6.9639784E+01   8.9793010E-01   9.7884981E+01   1.0212063E+06   1.0258073E+06   1.0042324E+06   0.0000000E+00   0.0000000E+00   0.0000000E+00   0.0000000E+00
   8.3214272E-02   9.8440093E+05   9.8440093E+05   6.2448501E+01   8.0029070E-01   8.8141929E+01   9.7998334E+05   9.8440093E+05   9.6369467E+05   0.0000000E+00   0.0000000E+00   0.0000000E+00   0.0000000E+00
   8.6337234E-02   9.4300178E+05   9.4300178E+05   5.6042610E+01   7.1327594E-01   7.9324439E+01   9.3876799E+05   9.4300178E+05   9.2316438E+05   0.0000000E+00   0.0000000E+00   0.0000000E+00   0.0000000E+00
   8.9520340E-02   9.0184194E+05   9.0184194E+05   5.0270541E+01   6.3558658E-01   7.1128099E+01   8.9779120E+05   9.0184194E+05   8.8286868E+05   0.0000000E+00   0.0000000E+00   0.0000000E+00   0.0000000E+00
   9.2770593E-02   8.6130346E+05   8.6130346E+05   4.4548433E+01   5.6630222E-01   6.3189301E+01   8.5743326E+05   8.6130346E+05   8.4318155E+05   0.0000000E+00   0.0000000E+00   0.0000000E+00   0.0000000E+00
   9.6094640E-02   8.2187316E+05   8.2187316E+05   3.8617833E+01   5.0455677E-01   5.6660074E+01   8.1817875E+05   8.2187316E+05   8.0457951E+05   0.0000000E+00   0.0000000E+00   0.0000000E+00   0.0000000E+00
   9.9498853E-02   7.8408731E+05   7.8408731E+05   3.4049794E+01   4.4969657E-01   5.2189694E+01   7.8056154E+05   7.8408731E+05   7.6758755E+05   0.0000000E+00   0.0000000E+00   0.0000000E+00   0.0000000E+00
   1.0298940E-01   7.4846828E+05   7.4846828E+05   3.1975633E+01   4.0120359E-01   4.7162159E+01   7.4510160E+05   7.4846828E+05   7.3271700E+05   0.0000000E+00   0.0000000E+00   0.0000000E+00   0.0000000E+00
   1.0657229E-01   7.1545712E+05   7.1545712E+05   2.8219909E+01   3.5853714E-01   4.0469557E+01   7.1223795E+05   7.1545712E+05   7.0039959E+05   0.0000000E+00   0.0000000E+00   0.0000000E+00   0.0000000E+00
   1.1025344E-01   6.8534810E+05   6.8534810E+05   2.4322365E+01   3.2101324E-01   3.8054307E+01   6.8226354E+05   6.8534810E+05   6.7092339E+05   0.0000000E+00   0.0000000E+00   0.0000000E+00   0.0000000E+00
   1.1403869E-01   6.5823377E+05   6.5823377E+05   2.3152698E+01   2.8817797E-01   3.3188402E+01   6.5527047E+05   6.5823377E+05   6.4437898E+05   0.0000000E+00   0.0000000E+00   0.0000000E+00   0.0000000E+00
   1.1793386E-01   6.3396928E+05   6.3396928E+05   1.9702488E+01   2.5935544E-01   3.1209708E+01   6.3111451E+05   6.3396928E+05   6.2062453E+05   0.0000000E+00   0.0000000E+00   0.0000000E+00   0.0000000E+00
   1.2194474E-01   6.1216532E+05   6.1216532E+05   1.8261411E+01   2.3401087E-01   2.6891157E+01   6.0940810E+05   6.1216532E+05   5.9927891E+05   0.0000000E+00   0.0000000E+00   0.0000000E+00   0.0000000E+00
   1.2607715E-01   5.9221651E+05   5.9221651E+05   1.7063726E+01   2.1152198E-01   2.5455221E+01   5.8954855E+05   5.9221651E+05   5.7974946E+05   0.0000000E+00   0.0000000E+00   0.0000000E+00   0.0000000E+00
   1.3033691E-01   5.7336817E+05   5.7336817E+05   1.4921477E+01   1.9138983E-01   2.3612709E+01   5.7078460E+05   5.7336817E+05   5.6129739E+05   0.0000000E+00   0.0000000E+00   0.0000000E+00   0.0000000E+00
   1.3472989E-01   5.5481801E+05   5.5481801E+05   1.3267126E+01   1.7314780E-01   2.1265708E+01   5.5231754E+05   5.5481801E+05   5.4313728E+05   0.0000000E+00   0.0000000E+00   0.0000000E+00   0.0000000E+00
   1.3926201E-01   5.3584117E+05   5.3584117E+05   1.2029361E+01   1.5644135E-01   1.9141023E+01   5.3342579E+05   5.3584117E+05   5.2455954E+05   0.0000000E+00   0.0000000E+00   0.0000000E+00   0.0000000E+00
   1.4393925E-01   5.1591939E+05   5.1591939E+05   1.0932291E+01   1.4100128E-01   1.7256945E+01   5.1359342E+05   5.1591939E+05   5.0505680E+05   0.0000000E+00   0.0000000E+00   0.0000000E+00   0.0000000E+00
   1.4876764E-01   4.9484811E+05   4.9484811E+05   9.7923388E+00   1.2668441E-01   1.5572012E+01   4.9261679E+05   4.9484811E+05   4.8442883E+05   0.0000000E+00   0.0000000E+00   0.0000000E+00   0.0000000E+00
   1.5375328E-01   4.7279384E+05   4.7279384E+05   8.8406675E+00   1.1345070E-01   1.4234771E+01   4.7066164E+05   4.7279384E+05   4.6283861E+05   0.0000000E+00   0.0000000E+00   0.0000000E+00   0.0000000E+00
   1.5890235E-01   4.5027822E+05   4.5027822E+05   8.1224779E+00   1.0131872E-01   1.2312498E+01   4.4824727E+05   4.5027822E+05   4.4079680E+05   0.0000000E+00   0.0000000E+00   0.0000000E+00   0.0000000E+00
   1.6422112E-01   4.2807822E+05   4.2807822E+05   6.8380523E+00   9.0330444E-02   1.1146191E+01   4.2614715E+05   4.2807822E+05   4.1906401E+05   0.0000000E+00   0.0000000E+00   0.0000000E+00   0.0000000E+00
   1.6971592E-01   4.0705178E+05   4.0705178E+05   6.3966346E+00   8.0529737E-02   9.7694166E+00   4.0521533E+05   4.0705178E+05   3.9848011E+05   0.0000000E+00   0.0000000E+00   0.0000000E+00   0.0000000E+00
   1.7539319E-01   3.8792190E+05   3.8792190E+05   5.6526585E+00   7.1910798E-02   9.1253721E+00   3.8617155E+05   3.8792190E+05   3.7975286E+05   0.0000000E+00   0.0000000E+00   0.0000000E+00   0.0000000E+00
   1.8125947E-01   3.7107325E+05   3.7107325E+05   4.9433902E+00   6.4406599E-02   8.1916320E+00   3.6939873E+05   3.7107325E+05   3.6325883E+05   0.0000000E+00   0.0000000E+00   0.0000000E+00   0.0000000E+00
   1.8732143E-01   3.5642474E+05   3.5642474E+05   4.4297736E+00   5.7882662E-02   7.3749861E+00   3.5481616E+05   3.5642474E+05   3.4891864E+05   0.0000000E+00   0.0000000E+00   0.0000000E+00   0.0000000E+00
   1.9358582E-01   3.4343136E+05   3.4343136E+05   4.0615988E+00   5.2159217E-02   6.7076573E+00   3.4188127E+05   3.4343136E+05   3.3619874E+05   0.0000000E+00   0.0000000E+00   0.0000000E+00   0.0000000E+00
   2.0005958E-01   3.3123577E+05   3.3123577E+05   3.7108242E+00   4.7048735E-02   5.9370386E+00   3.2974058E+05   3.3123577E+05   3.2425985E+05   0.0000000E+00   0.0000000E+00   0.0000000E+00   0.0000000E+00
   2.0674979E-01   3.1893961E+05   3.1893961E+05   3.3255114E+00   4.2385749E-02   5.3032347E+00   3.1749981E+05   3.1893961E+05   3.1222254E+05   0.0000000E+00   0.0000000E+00   0.0000000E+00   0.0000000E+00
   2.1366373E-01   3.0591166E+05   3.0591166E+05   2.9247305E+00   3.8062368E-02   4.8595518E+00   3.0453056E+05   3.0591166E+05   2.9946885E+05   0.0000000E+00   0.0000000E+00   0.0000000E+00   0.0000000E+00
   2.2080887E-01   2.9201739E+05   2.9201739E+05   2.6795968E+00   3.4043111E-02   4.2215911E+00   2.9069891E+05   2.9201739E+05   2.8586710E+05   0.0000000E+00   0.0000000E+00   0.0000000E+00   0.0000000E+00
   2.2819296E-01   2.7766531E+05   2.7766531E+05   2.4053986E+00   3.0343667E-02   3.8689027E+00   2.7641155E+05   2.7766531E+05   2.7181722E+05   0.0000000E+00   0.0000000E+00   0.0000000E+00   0.0000000E+00
   2.3582402E-01   2.6362773E+05   2.6362773E+05   2.1360131E+00   2.7006966E-02   3.4460242E+00   2.6243727E+05   2.6362773E+05   2.5807521E+05   0.0000000E+00   0.0000000E+00   0.0000000E+00   0.0000000E+00
   2.4371043E-01   2.5069180E+05   2.5069180E+05   1.8892848E+00   2.4063210E-02   3.0161021E+00   2.4955968E+05   2.5069180E+05   2.4541166E+05   0.0000000E+00   0.0000000E+00   0.0000000E+00   0.0000000E+00
   2.5186095E-01   2.3929087E+05   2.3929087E+05   1.6499778E+00   2.1505277E-02   2.7617668E+00   2.3821017E+05   2.3929087E+05   2.3425080E+05   0.0000000E+00   0.0000000E+00   0.0000000E+00   0.0000000E+00
   2.6028478E-01   2.2929985E+05   2.2929985E+05   1.5084882E+00   1.9282217E-02   2.4855426E+00   2.2826421E+05   2.2929985E+05   2.2447016E+05   0.0000000E+00   0.0000000E+00   0.0000000E+00   0.0000000E+00
   2.6899167E-01   2.2011679E+05   2.2011679E+05   1.3398399E+00   1.7316413E-02   2.2250772E+00   2.1912258E+05   2.2011679E+05   2.1548047E+05   0.0000000E+00   0.0000000E+00   0.0000000E+00   0.0000000E+00
   2.7799197E-01   2.1100590E+05   2.1100590E+05   1.2118132E+00   1.5535001E-02   1.9632976E+00   2.1005279E+05   2.1100590E+05   2.0656143E+05   0.0000000E+00   0.0000000E+00   0.0000000E+00   0.0000000E+00
   2.8729675E-01   2.0151691E+05   2.0151691E+05   1.0793509E+00   1.3892579E-02   1.7672820E+00   2.0060662E+05   2.0151691E+05   1.9727226E+05   0.0000000E+00   0.0000000E+00   0.0000000E+00   0.0000000E+00
   2.9691788E-01   1.9172568E+05   1.9172568E+05   9.5597544E-01   1.2382863E-02   1.6227409E+00   1.9085958E+05   1.9172568E+05   1.8768724E+05   0.0000000E+00   0.0000000E+00   0.0000000E+00   0.0000000E+00
   3.0686818E-01   1.8213235E+05   1.8213235E+05   8.6261436E-01   1.1020373E-02   1.4191830E+00   1.8130955E+05   1.8213235E+05   1.7829595E+05   0.0000000E+00   0.0000000E+00   0.0000000E+00   0.0000000E+00
   3.1716154E-01   1.7327666E+05   1.7327666E+05   7.6553955E-01   9.8179392E-03   1.2899459E+00   1.7249384E+05   1.7327666E+05   1.6962676E+05   0.0000000E+00   0.0000000E+00   0.0000000E+00   0.0000000E+00
   3.2781312E-01   1.6534245E+05   1.6534245E+05   6.7925060E-01   8.7674372E-03   1.1511239E+00   1.6459545E+05   1.6534245E+05   1.6185965E+05   0.0000000E+00   0.0000000E+00   0.0000000E+00   0.0000000E+00
   3.3883952E-01   1.5805148E+05   1.5805148E+05   6.0845746E-01   7.8405641E-03   1.0440849E+00   1.5733739E+05   1.5805148E+05   1.5472223E+05   0.0000000E+00   0.0000000E+00   0.0000000E+00   0.0000000E+00
   3.5025900E-01   1.5093018E+05   1.5093018E+05   5.4742119E-01   7.0055476E-03   9.0745434E-01   1.5024824E+05   1.5093018E+05   1.4775091E+05   0.0000000E+00   0.0000000E+00   0.0000000E+00   0.0000000E+00
   3.6209177E-01   1.4371887E+05   1.4371887E+05   4.8802553E-01   6.2430284E-03   8.2932220E-01   1.4306950E+05   1.4371887E+05   1.4069149E+05   0.0000000E+00   0.0000000E+00   0.0000000E+00   0.0000000E+00
   3.7436028E-01   1.3655591E+05   1.3655591E+05   4.3292695E-01   5.5516555E-03   7.3317088E-01   1.3593888E+05   1.3655591E+05   1.3367940E+05   0.0000000E+00   0.0000000E+00   0.0000000E+00   0.0000000E+00
   3.8708960E-01   1.2977290E+05   1.2977290E+05   3.8474366E-01   4.9357354E-03   6.5115092E-01   1.2918650E+05   1.2977290E+05   1.2703925E+05   0.0000000E+00   0.0000000E+00   0.0000000E+00   0.0000000E+00
   4.0030785E-01   1.2352345E+05   1.2352345E+05   3.4034962E-01   4.3922355E-03   5.8470719E-01   1.2296528E+05   1.2352345E+05   1.2092143E+05   0.0000000E+00   0.0000000E+00   0.0000000E+00   0.0000000E+00
   4.1404678E-01   1.1764393E+05   1.1764393E+05   3.0320311E-01   3.9095051E-03   5.1669267E-01   1.1711231E+05   1.1764393E+05   1.1516575E+05   0.0000000E+00   0.0000000E+00   0.0000000E+00   0.0000000E+00
   4.2834236E-01   1.1188232E+05   1.1188232E+05   2.7077970E-01   3.4740152E-03   4.5481762E-01   1.1137673E+05   1.1188232E+05   1.0952550E+05   0.0000000E+00   0.0000000E+00   0.0000000E+00   0.0000000E+00
   4.4323562E-01   1.0619526E+05   1.0619526E+05   2.3935920E-01   3.0800440E-03   4.0760952E-01   1.0571536E+05   1.0619526E+05   1.0395823E+05   0.0000000E+00   0.0000000E+00   0.0000000E+00   0.0000000E+00
   4.5877362E-01   1.0073905E+05   1.0073905E+05   2.1167621E-01   2.7276034E-03   3.6522155E-01   1.0028380E+05   1.0073905E+05   9.8616948E+04   0.0000000E+00   0.0000000E+00   0.0000000E+00   0.0000000E+00
   4.7501066E-01   9.5602236E+04   9.5602236E+04   1.8802387E-01   2.4143751E-03   3.2268676E-01   9.5170189E+04   9.5602236E+04   9.3588334E+04   0.0000000E+00   0.0000000E+00   0.0000000E+00   0.0000000E+00
   4.9200981E-01   9.0684961E+04   9.0684961E+04   1.6600510E-01   2.1346104E-03   2.8511763E-01   9.0275129E+04   9.0684961E+04   8.8774635E+04   0.0000000E+00   0.0000000E+00   0.0000000E+00   0.0000000E+00
   5.0984483E-01   8.5880781E+04   8.5880781E+04   1.4632577E-01   1.8825491E-03   2.5375109E-01   8.5492654E+04   8.5880781E+04   8.4071652E+04   0.0000000E+00   0.0000000E+00   0.0000000E+00   0.0000000E+00
   5.2860263E-01   8.1226371E+04   8.1226371E+04   1.2887230E-01   1.6565094E-03   2.2714878E-01   8.0859274E+04   8.1226371E+04   7.9515285E+04   0.0000000E+00   0.0000000E+00   0.0000000E+00   0.0000000E+00
   5.4838636E-01   7.6776630E+04   7.6776630E+04   1.1316527E-01   1.4549618E-03   1.9067176E-01   7.6429637E+04   7.6776630E+04   7.5159275E+04   0.0000000E+00   0.0000000E+00   0.0000000E+00   0.0000000E+00
   5.6931941E-01   7.2482528E+04   7.2482528E+04   9.9108483E-02   1.2743788E-03   1.6781731E-01   7.2154938E+04   7.2482528E+04   7.0955626E+04   0.0000000E+00   0.0000000E+00   0.0000000E+00   0.0000000E+00
   5.9155063E-01   6.8299589E+04   6.8299589E+04   8.6484505E-02   1.1123452E-03   1.5067386E-01   6.7990899E+04   6.8299589E+04   6.6860800E+04   0.0000000E+00   0.0000000E+00   0.0000000E+00   0.0000000E+00
   6.1526088E-01   6.4251117E+04   6.4251117E+04   7.5219522E-02   9.6730509E-04   1.3013464E-01   6.3960722E+04   6.4251117E+04   6.2897609E+04   0.0000000E+00   0.0000000E+00   0.0000000E+00   0.0000000E+00
   6.4067170E-01   6.0327041E+04   6.0327041E+04   6.5116259E-02   8.3762084E-04   1.1041385E-01   6.0054377E+04   6.0327041E+04   5.9056193E+04   0.0000000E+00   0.0000000E+00   0.0000000E+00   0.0000000E+00
   6.6805606E-01   5.6497405E+04   5.6497405E+04   5.6094220E-02   7.2149030E-04   9.5420726E-02   5.6242048E+04   5.6497405E+04   5.5307230E+04   0.0000000E+00   0.0000000E+00   0.0000000E+00   0.0000000E+00
   6.9775182E-01   5.2765214E+04   5.2765214E+04   4.8023014E-02   6.1766009E-04   8.5061069E-02   5.2526723E+04   5.2765214E+04   5.1653659E+04   0.0000000E+00   0.0000000E+00   0.0000000E+00   0.0000000E+00
   7.3017741E-01   4.9116477E+04   4.9116477E+04   4.0823734E-02   5.2506320E-04   6.8654830E-02   4.8894475E+04   4.9116477E+04   4.8081784E+04   0.0000000E+00   0.0000000E+00   0.0000000E+00   0.0000000E+00
   7.6584817E-01   4.5542269E+04   4.5542269E+04   3.4409415E-02   4.4256168E-04   5.8301856E-02   4.5336420E+04   4.5542269E+04   4.4582868E+04   0.0000000E+00   0.0000000E+00   0.0000000E+00   0.0000000E+00
   8.0538894E-01   4.2038882E+04   4.2038882E+04   2.8718725E-02   3.6937785E-04   4.9829376E-02   4.1848867E+04   4.2038882E+04   4.1153283E+04   0.0000000E+00   0.0000000E+00   0.0000000E+00   0.0000000E+00
   8.4953335E-01   3.8605427E+04   3.8605427E+04   2.3703695E-02   3.0488362E-04   4.0469080E-02   3.8430929E+04   3.8605427E+04   3.7792156E+04   0.0000000E+00   0.0000000E+00   0.0000000E+00   0.0000000E+00
   8.9909372E-01   3.5250010E+04   3.5250010E+04   1.9323001E-02   2.4855334E-04   3.2567129E-02   3.5090677E+04   3.5250010E+04   3.4507423E+04   0.0000000E+00   0.0000000E+00   0.0000000E+00   0.0000000E+00
   9.5488345E-01   3.1992132E+04   3.1992132E+04   1.5547675E-02   1.9998242E-04   2.8309630E-02   3.1847524E+04   3.1992132E+04   3.1318176E+04   0.0000000E+00   0.0000000E+00   0.0000000E+00   0.0000000E+00
   1.0175901E+00   2.8863316E+04   2.8863316E+04   1.2351521E-02   1.5887792E-04   2.2503930E-02   2.8732849E+04   2.8863316E+04   2.8255271E+04   0.0000000E+00   0.0000000E+00   0.0000000E+00   0.0000000E+00
   1.0876447E+00   2.5902980E+04   2.5902980E+04   9.7027048E-03   1.2480960E-04   1.6855653E-02   2.5785894E+04   2.5902980E+04   2.5357298E+04   0.0000000E+00   0.0000000E+00   0.0000000E+00   0.0000000E+00
   1.1651805E+00   2.3148194E+04   2.3148194E+04   7.5551835E-03   9.7186923E-05   1.3681037E-02   2.3043559E+04   2.3148194E+04   2.2660544E+04   0.0000000E+00   0.0000000E+00   0.0000000E+00   0.0000000E+00
   1.2501374E+00   2.0624164E+04   2.0624164E+04   5.8475326E-03   7.5224468E-05   1.0128320E-02   2.0530937E+04   2.0624164E+04   2.0189686E+04   0.0000000E+00   0.0000000E+00   0.0000000E+00   0.0000000E+00
   1.3424513E+00   1.8339847E+04   1.8339847E+04   4.5092868E-03   5.8009942E-05   8.0528226E-03   1.8256945E+04   1.8339847E+04   1.7953491E+04   0.0000000E+00   0.0000000E+00   0.0000000E+00   0.0000000E+00
   1.4421991E+00   1.6288710E+04   1.6288710E+04   3.4701103E-03   4.4644012E-05   5.6273679E-03   1.6215080E+04   1.6288710E+04   1.5945564E+04   0.0000000E+00   0.0000000E+00   0.0000000E+00   0.0000000E+00
   1.5496435E+00   1.4455231E+04   1.4455231E+04   2.6672799E-03   3.4314834E-05   5.0197709E-03   1.4389888E+04   1.4455231E+04   1.4150709E+04   0.0000000E+00   0.0000000E+00   0.0000000E+00   0.0000000E+00
   1.6652076E+00   1.2820570E+04   1.2820570E+04   2.0486383E-03   2.6357709E-05   3.7143102E-03   1.2762617E+04   1.2820570E+04   1.2550485E+04   0.0000000E+00   0.0000000E+00   0.0000000E+00   0.0000000E+00
   1.7894302E+00   1.1364912E+04   1.1364912E+04   1.5737135E-03   2.0234532E-05   2.9320124E-03   1.1313539E+04   1.1364912E+04   1.1125493E+04   0.0000000E+00   0.0000000E+00   0.0000000E+00   0.0000000E+00
   1.9229319E+00   1.0069912E+04   1.0069912E+04   1.2068509E-03   1.5526499E-05   2.0926280E-03   1.0024393E+04   1.0069912E+04   9.8577738E+03   0.0000000E+00   0.0000000E+00   0.0000000E+00   0.0000000E+00
   2.0663969E+00   8.9184843E+03   8.9184843E+03   9.2553656E-04   1.1908473E-05   1.5944567E-03   8.8781694E+03   8.9184843E+03   8.7306024E+03   0.0000000E+00   0.0000000E+00   0.0000000E+00   0.0000000E+00
   2.2205661E+00   7.8953784E+03   7.8953784E+03   7.0951539E-04   9.1297603E-06   1.2735177E-03   7.8596883E+03   7.8953784E+03   7.7290498E+03   0.0000000E+00   0.0000000E+00   0.0000000E+00   0.0000000E+00
   2.3862377E+00   6.9867422E+03   6.9867422E+03   5.4369608E-04   6.9965931E-06   1.0107273E-03   6.9551595E+03   6.9867422E+03   6.8395554E+03   0.0000000E+00   0.0000000E+00   0.0000000E+00   0.0000000E+00
   2.5642697E+00   6.1802091E+03   6.1802091E+03   4.1646651E-04   5.3598037E-06   7.4962049E-04   6.1522721E+03   6.1802091E+03   6.0500132E+03   0.0000000E+00   0.0000000E+00   0.0000000E+00   0.0000000E+00
   2.7555843E+00   5.4646677E+03   5.4646677E+03   3.1888770E-04   4.1043418E-06   6.1967041E-04   5.4399653E+03   5.4646677E+03   5.3495458E+03   0.0000000E+00   0.0000000E+00   0.0000000E+00   0.0000000E+00
   2.9611725E+00   4.8301559E+03   4.8301559E+03   2.4407997E-04   3.1417785E-06   4.6504976E-04   4.8083217E+03   4.8301559E+03   4.7284009E+03   0.0000000E+00   0.0000000E+00   0.0000000E+00   0.0000000E+00
   3.1820991E+00   4.2677643E+03   4.2677643E+03   1.8675189E-04   2.4041271E-06   4.1670968E-04   4.2484723E+03   4.2677643E+03   4.1778570E+03   0.0000000E+00   0.0000000E+00   0.0000000E+00   0.0000000E+00
   3.4195086E+00   3.7695233E+03   3.7695233E+03   1.4284431E-04   1.8390734E-06   3.2596651E-04   3.7524835E+03   3.7695233E+03   3.6901122E+03   0.0000000E+00   0.0000000E+00   0.0000000E+00   0.0000000E+00
   3.6746308E+00   3.3283096E+03   3.3283096E+03   1.0922817E-04   1.4063752E-06   1.7689975E-04   3.3132643E+03   3.3283096E+03   3.2581934E+03   0.0000000E+00   0.0000000E+00   0.0000000E+00   0.0000000E+00
   3.9487870E+00   2.9377623E+03   2.9377623E+03   8.3490661E-05   1.0751442E-06   1.2851691E-04   2.9244824E+03   2.9377623E+03   2.8758736E+03   0.0000000E+00   0.0000000E+00   0.0000000E+00   0.0000000E+00
   4.2433974E+00   2.5922056E+03   2.5922056E+03   6.3763080E-05   8.2166337E-07   1.0672796E-04   2.5804878E+03   2.5922056E+03   2.5375966E+03   0.0000000E+00   0.0000000E+00   0.0000000E+00   0.0000000E+00
   4.5599881E+00   2.2865788E+03   2.2865788E+03   4.8698784E-05   6.2777580E-07   7.1809328E-05   2.2762425E+03   2.2865788E+03   2.2384083E+03   0.0000000E+00   0.0000000E+00   0.0000000E+00   0.0000000E+00
   4.9001989E+00   2.0163722E+03   2.0163722E+03   3.7214532E-05   4.7950376E-07   8.3029001E-05   2.0072574E+03   2.0163722E+03   1.9738941E+03   0.0000000E+00   0.0000000E+00   0.0000000E+00   0.0000000E+00
   5.2657921E+00   1.7775705E+03   1.7775705E+03   2.8409406E-05   3.6616427E-07   4.1366424E-05   1.7695351E+03   1.7775705E+03   1.7401231E+03   0.0000000E+00   0.0000000E+00   0.0000000E+00   0.0000000E+00
   5.6586614E+00   1.5666000E+03   1.5666000E+03   2.1681198E-05   2.7954354E-07   2.1828383E-05   1.5595183E+03   1.5666000E+03   1.5335971E+03   0.0000000E+00   0.0000000E+00   0.0000000E+00   0.0000000E+00
   6.0808418E+00   1.3802829E+03   1.3802829E+03   1.6541355E-05   2.1336292E-07   3.2106941E-05   1.3740434E+03   1.3802829E+03   1.3512050E+03   0.0000000E+00   0.0000000E+00   0.0000000E+00   0.0000000E+00
   6.5345202E+00   1.2157942E+03   1.2157942E+03   1.2617207E-05   1.6281775E-07   2.0301115E-05   1.2102983E+03   1.2157942E+03   1.1901815E+03   0.0000000E+00   0.0000000E+00   0.0000000E+00   0.0000000E+00
   7.0220466E+00   1.0706246E+03   1.0706246E+03   9.6219647E-06   1.2422075E-07   3.1329263E-05   1.0657849E+03   1.0706246E+03   1.0480702E+03   0.0000000E+00   0.0000000E+00   0.0000000E+00   0.0000000E+00
   7.5459462E+00   9.4254626E+02   9.4254626E+02   7.3351655E-06   9.4757716E-08   1.1387105E-05   9.3828555E+02   9.4254626E+02   9.2268999E+02   0.0000000E+00   0.0000000E+00   0.0000000E+00   0.0000000E+00
   8.1089329E+00   8.2958215E+02   8.2958215E+02   5.5905272E-06   7.2270472E-08   1.0285153E-05   8.2583208E+02   8.2958215E+02   8.1210565E+02   0.0000000E+00   0.0000000E+00   0.0000000E+00   0.0000000E+00
   8.7139227E+00   7.2997878E+02   7.2997878E+02   4.2593482E-06   5.5112386E-08   5.9695683E-06   7.2667897E+02   7.2997878E+02   7.1460059E+02   0.0000000E+00   0.0000000E+00   0.0000000E+00   0.0000000E+00
   9.3640496E+00   6.4218172E+02   6.4218172E+02   3.2450787E-06   4.2022746E-08   5.4911191E-07   6.3927879E+02   6.4218172E+02   6.2865312E+02   0.0000000E+00   0.0000000E+00   0.0000000E+00   0.0000000E+00
   1.0062681E+01   5.6481359E+02   5.6481359E+02   2.4717618E-06   3.2038904E-08   3.2308093E-06   5.6226039E+02   5.6481359E+02   5.5291488E+02   0.0000000E+00   0.0000000E+00   0.0000000E+00   0.0000000E+00
