#           k/h    CDM            baryon         photon         nu             mass_nu        total          no_nu          total_de       Weyl           v_CDM          v_b            v_b-v_c     
   1.0234885E-05   1.4368738E+07   1.4368738E+07   1.9151912E+07   1.1153169E+06   9.3485105E+06   1.4368777E+07   1.4368738E+07   7.2792525E+06   0.0000000E+00   0.0000000E+00   0.0000000E+00   0.0000000E+00
   1.0998488E-05   1.4368717E+07   1.4368717E+07   1.9150893E+07   1.1152996E+06   9.3483084E+06   1.4368756E+07   1.4368717E+07   7.2792408E+06   0.0000000E+00   0.0000000E+00   0.0000000E+00   0.0000000E+00
   1.1819061E-05   1.4368693E+07   1.4368693E+07   1.9149717E+07   1.1152796E+06   9.3480749E+06   1.4368731E+07   1.4368693E+07   7.2792273E+06   0.0000000E+00   0.0000000E+00   0.0000000E+00   0.0000000E+00
   1.2700856E-05   1.4368665E+07   1.4368665E+07   1.9148358E+07   1.1152566E+06   9.3478054E+06   1.4368703E+07   1.4368665E+07   7.2792117E+06   0.0000000E+00   0.0000000E+00   0.0000000E+00   0.0000000E+00
   1.3648439E-05   1.4368633E+07   1.4368633E+07   1.9146790E+07   1.1152300E+06   9.3474941E+06   1.4368671E+07   1.4368633E+07   7.2791937E+06   0.0000000E+00   0.0000000E+00   0.0000000E+00   0.0000000E+00
   1.4666719E-05   1.4368596E+07   1.4368596E+07   1.9144978E+07   1.1151992E+06   9.3471346E+06   1.4368634E+07   1.4368596E+07   7.2791729E+06   0.0000000E+00   0.0000000E+00   0.0000000E+00   0.0000000E+00
   1.5760971E-05   1.4368553E+07   1.4368553E+07   1.9142887E+07   1.1151637E+06   9.3467196E+06   1.4368590E+07   1.4368553E+07   7.2791489E+06   0.0000000E+00   0.0000000E+00   0.0000000E+00   0.0000000E+00
   1.6936863E-05   1.4368503E+07   1.4368503E+07   1.9140472E+07   1.1151227E+06   9.3462403E+06   1.4368541E+07   1.4368503E+07   7.2791212E+06   0.0000000E+00   0.0000000E+00   0.0000000E+00   0.0000000E+00
   1.8200486E-05   1.4368446E+07   1.4368446E+07   1.9137683E+07   1.1150754E+06   9.3456869E+06   1.4368483E+07   1.4368446E+07   7.2790893E+06   0.0000000E+00   0.0000000E+00   0.0000000E+00   0.0000000E+00
   1.9558384E-05   1.4368380E+07   1.4368380E+07   1.9134464E+07   1.1150208E+06   9.3450478E+06   1.4368417E+07   1.4368380E+07   7.2790523E+06   0.0000000E+00   0.0000000E+00   0.0000000E+00   0.0000000E+00
   2.1017593E-05   1.4368304E+07   1.4368304E+07   1.9130746E+07   1.1149576E+06   9.3443100E+06   1.4368340E+07   1.4368304E+07   7.2790097E+06   0.0000000E+00   0.0000000E+00   0.0000000E+00   0.0000000E+00
   2.2585670E-05   1.4368216E+07   1.4368216E+07   1.9126455E+07   1.1148848E+06   9.3434580E+06   1.4368251E+07   1.4368216E+07   7.2789604E+06   0.0000000E+00   0.0000000E+00   0.0000000E+00   0.0000000E+00
   2.4270738E-05   1.4368115E+07   1.4368115E+07   1.9121500E+07   1.1148006E+06   9.3424743E+06   1.4368149E+07   1.4368115E+07   7.2789036E+06   0.0000000E+00   0.0000000E+00   0.0000000E+00   0.0000000E+00
   2.6081525E-05   1.4367997E+07   1.4367997E+07   1.9115780E+07   1.1147035E+06   9.3413385E+06   1.4368031E+07   1.4367997E+07   7.2788379E+06   0.0000000E+00   0.0000000E+00   0.0000000E+00   0.0000000E+00
   2.8027411E-05   1.4367862E+07   1.4367862E+07   1.9109176E+07   1.1145913E+06   9.3400271E+06   1.4367895E+07   1.4367862E+07   7.2787621E+06   0.0000000E+00   0.0000000E+00   0.0000000E+00   0.0000000E+00
   3.0118475E-05   1.4367706E+07   1.4367706E+07   1.9101553E+07   1.1144618E+06   9.3385130E+06   1.4367737E+07   1.4367706E+07   7.2786746E+06   0.0000000E+00   0.0000000E+00   0.0000000E+00   0.0000000E+00
   3.2365549E-05   1.4367525E+07   1.4367525E+07   1.9092755E+07   1.1143122E+06   9.3367649E+06   1.4367556E+07   1.4367525E+07   7.2785735E+06   0.0000000E+00   0.0000000E+00   0.0000000E+00   0.0000000E+00
   3.4780272E-05   1.4367317E+07   1.4367317E+07   1.9082599E+07   1.1141396E+06   9.3347469E+06   1.4367346E+07   1.4367317E+07   7.2784568E+06   0.0000000E+00   0.0000000E+00   0.0000000E+00   0.0000000E+00
   3.7375153E-05   1.4367076E+07   1.4367076E+07   1.9070877E+07   1.1139402E+06   9.3324171E+06   1.4367103E+07   1.4367076E+07   7.2783221E+06   0.0000000E+00   0.0000000E+00   0.0000000E+00   0.0000000E+00
   4.0163632E-05   1.4366799E+07   1.4366799E+07   1.9057350E+07   1.1137101E+06   9.3297278E+06   1.4366824E+07   1.4366799E+07   7.2781666E+06   0.0000000E+00   0.0000000E+00   0.0000000E+00   0.0000000E+00
   4.3160153E-05   1.4366478E+07   1.4366478E+07   1.9041741E+07   1.1134445E+06   9.3266234E+06   1.4366501E+07   1.4366478E+07   7.2779871E+06   0.0000000E+00   0.0000000E+00   0.0000000E+00   0.0000000E+00
   4.6380238E-05   1.4366108E+07   1.4366108E+07   1.9023732E+07   1.1131378E+06   9.3230402E+06   1.4366128E+07   1.4366108E+07   7.2777798E+06   0.0000000E+00   0.0000000E+00   0.0000000E+00   0.0000000E+00
   4.9840567E-05   1.4365681E+07   1.4365681E+07   1.9002956E+07   1.1127838E+06   9.3189046E+06   1.4365698E+07   1.4365681E+07   7.2775406E+06   0.0000000E+00   0.0000000E+00   0.0000000E+00   0.0000000E+00
   5.3559064E-05   1.4365188E+07   1.4365188E+07   1.8978991E+07   1.1123752E+06   9.3141318E+06   1.4365201E+07   1.4365188E+07   7.2772645E+06   0.0000000E+00   0.0000000E+00   0.0000000E+00   0.0000000E+00
   5.7554989E-05   1.4364618E+07   1.4364618E+07   1.8951354E+07   1.1119036E+06   9.3086243E+06   1.4364627E+07   1.4364618E+07   7.2769458E+06   0.0000000E+00   0.0000000E+00   0.0000000E+00   0.0000000E+00
   6.1849042E-05   1.4363961E+07   1.4363961E+07   1.8919488E+07   1.1113593E+06   9.3022697E+06   1.4363966E+07   1.4363961E+07   7.2765781E+06   0.0000000E+00   0.0000000E+00   0.0000000E+00   0.0000000E+00
   6.6463465E-05   1.4363203E+07   1.4363203E+07   1.8882755E+07   1.1107313E+06   9.2949384E+06   1.4363202E+07   1.4363203E+07   7.2761537E+06   0.0000000E+00   0.0000000E+00   0.0000000E+00   0.0000000E+00
   7.1422159E-05   1.4362328E+07   1.4362328E+07   1.8840423E+07   1.1100067E+06   9.2864819E+06   1.4362320E+07   1.4362328E+07   7.2756641E+06   0.0000000E+00   0.0000000E+00   0.0000000E+00   0.0000000E+00
   7.6750812E-05   1.4361318E+07   1.4361318E+07   1.8791653E+07   1.1091707E+06   9.2767289E+06   1.4361303E+07   1.4361318E+07   7.2750993E+06   0.0000000E+00   0.0000000E+00   0.0000000E+00   0.0000000E+00
   8.2477023E-05   1.4360154E+07   1.4360154E+07   1.8735489E+07   1.1082064E+06   9.2654829E+06   1.4360130E+07   1.4360154E+07   7.2744478E+06   0.0000000E+00   0.0000000E+00   0.0000000E+00   0.0000000E+00
   8.8630455E-05   1.4358810E+07   1.4358810E+07   1.8670836E+07   1.1070943E+06   9.2525184E+06   1.4358777E+07   1.4358810E+07   7.2736965E+06   0.0000000E+00   0.0000000E+00   0.0000000E+00   0.0000000E+00
   9.5242980E-05   1.4357261E+07   1.4357261E+07   1.8596446E+07   1.1058120E+06   9.2375768E+06   1.4357216E+07   1.4357261E+07   7.2728302E+06   0.0000000E+00   0.0000000E+00   0.0000000E+00   0.0000000E+00
   1.0234885E-04   1.4355474E+07   1.4355474E+07   1.8510904E+07   1.1043337E+06   9.2203617E+06   1.4355416E+07   1.4355474E+07   7.2718317E+06   0.0000000E+00   0.0000000E+00   0.0000000E+00   0.0000000E+00
   1.0998488E-04   1.4353414E+07   1.4353414E+07   1.8412599E+07   1.1026299E+06   9.2005342E+06   1.4353341E+07   1.4353414E+07   7.2706809E+06   0.0000000E+00   0.0000000E+00   0.0000000E+00   0.0000000E+00
   1.1819061E-04   1.4351040E+07   1.4351040E+07   1.8299714E+07   1.1006670E+06   9.1777071E+06   1.4350950E+07   1.4351040E+07   7.2693552E+06   0.0000000E+00   0.0000000E+00   0.0000000E+00   0.0000000E+00
   1.2700856E-04   1.4348305E+07   1.4348305E+07   1.8170200E+07   1.0984062E+06   9.1514390E+06   1.4348194E+07   1.4348305E+07   7.2678284E+06   0.0000000E+00   0.0000000E+00   0.0000000E+00   0.0000000E+00
   1.3648439E-04   1.4345154E+07   1.4345154E+07   1.8021757E+07   1.0958035E+06   9.1212275E+06   1.4345021E+07   1.4345154E+07   7.2660710E+06   0.0000000E+00   0.0000000E+00   0.0000000E+00   0.0000000E+00
   1.4666719E-04   1.4341527E+07   1.4341527E+07   1.7851816E+07   1.0928084E+06   9.0865024E+06   1.4341367E+07   1.4341527E+07   7.2640489E+06   0.0000000E+00   0.0000000E+00   0.0000000E+00   0.0000000E+00
   1.5760971E-04   1.4337353E+07   1.4337353E+07   1.7657529E+07   1.0893638E+06   9.0466182E+06   1.4337162E+07   1.4337353E+07   7.2617236E+06   0.0000000E+00   0.0000000E+00   0.0000000E+00   0.0000000E+00
   1.6936863E-04   1.4332552E+07   1.4332552E+07   1.7435753E+07   1.0854046E+06   9.0008463E+06   1.4332326E+07   1.4332552E+07   7.2590515E+06   0.0000000E+00   0.0000000E+00   0.0000000E+00   0.0000000E+00
   1.8200486E-04   1.4327034E+07   1.4327034E+07   1.7183058E+07   1.0808573E+06   8.9483683E+06   1.4326766E+07   1.4327034E+07   7.2559831E+06   0.0000000E+00   0.0000000E+00   0.0000000E+00   0.0000000E+00
   1.9558384E-04   1.4320695E+07   1.4320695E+07   1.6895738E+07   1.0756389E+06   8.8882681E+06   1.4320380E+07   1.4320695E+07   7.2524626E+06   0.0000000E+00   0.0000000E+00   0.0000000E+00   0.0000000E+00
   2.1017593E-04   1.4313420E+07   1.4313420E+07   1.6569842E+07   1.0696561E+06   8.8195267E+06   1.4313051E+07   1.4313420E+07   7.2484274E+06   0.0000000E+00   0.0000000E+00   0.0000000E+00   0.0000000E+00
   2.2585670E-04   1.4305078E+07   1.4305078E+07   1.6201232E+07   1.0628044E+06   8.7410176E+06   1.4304647E+07   1.4305078E+07   7.2438076E+06   0.0000000E+00   0.0000000E+00   0.0000000E+00   0.0000000E+00
   2.4270738E-04   1.4295523E+07   1.4295523E+07   1.5785672E+07   1.0549679E+06   8.6515052E+06   1.4295020E+07   1.4295523E+07   7.2385254E+06   0.0000000E+00   0.0000000E+00   0.0000000E+00   0.0000000E+00
   2.6081525E-04   1.4284593E+07   1.4284593E+07   1.5318959E+07   1.0460181E+06   8.5496474E+06   1.4284008E+07   1.4284593E+07   7.2324950E+06   0.0000000E+00   0.0000000E+00   0.0000000E+00   0.0000000E+00
   2.8027411E-04   1.4272107E+07   1.4272107E+07   1.4797108E+07   1.0358141E+06   8.4340034E+06   1.4271427E+07   1.4272107E+07   7.2256224E+06   0.0000000E+00   0.0000000E+00   0.0000000E+00   0.0000000E+00
   3.0118475E-04   1.4257868E+07   1.4257868E+07   1.4216597E+07   1.0242031E+06   8.3030487E+06   1.4257079E+07   1.4257868E+07   7.2178055E+06   0.0000000E+00   0.0000000E+00   0.0000000E+00   0.0000000E+00
   3.2365549E-04   1.4241659E+07   1.4241659E+07   1.3574687E+07   1.0110207E+06   8.1552006E+06   1.4240745E+07   1.4241659E+07   7.2089351E+06   0.0000000E+00   0.0000000E+00   0.0000000E+00   0.0000000E+00
   3.4780272E-04   1.4223248E+07   1.4223248E+07   1.2869824E+07   9.9609302E+05   7.9888551E+06   1.4222192E+07   1.4223248E+07   7.1988955E+06   0.0000000E+00   0.0000000E+00   0.0000000E+00   0.0000000E+00
   3.7375153E-04   1.4202389E+07   1.4202389E+07   1.2102126E+07   9.7923918E+05   7.8024403E+06   1.4201170E+07   1.4202389E+07   7.1875666E+06   0.0000000E+00   0.0000000E+00   0.0000000E+00   0.0000000E+00
   4.0163632E-04   1.4178822E+07   1.4178822E+07   1.1273941E+07   9.6027572E+05   7.5944866E+06   1.4177416E+07   1.4178822E+07   7.1748269E+06   0.0000000E+00   0.0000000E+00   0.0000000E+00   0.0000000E+00
   4.3160153E-04   1.4152282E+07   1.4152282E+07   1.0390461E+07   9.3902222E+05   7.3637183E+06   1.4150664E+07   1.4152282E+07   7.1605566E+06   0.0000000E+00   0.0000000E+00   0.0000000E+00   0.0000000E+00
   4.6380238E-04   1.4122504E+07   1.4122504E+07   9.4603367E+06   9.1530914E+05   7.1091677E+06   1.4120644E+07   1.4122504E+07   7.1446429E+06   0.0000000E+00   0.0000000E+00   0.0000000E+00   0.0000000E+00
   4.9840567E-04   1.4089233E+07   1.4089233E+07   8.4962148E+06   8.8898783E+05   6.8303099E+06   1.4087098E+07   1.4089233E+07   7.1269859E+06   0.0000000E+00   0.0000000E+00   0.0000000E+00   0.0000000E+00
   5.3559064E-04   1.4052236E+07   1.4052236E+07   7.5150778E+06   8.5994292E+05   6.5272166E+06   1.4049790E+07   1.4052236E+07   7.1075060E+06   0.0000000E+00   0.0000000E+00   0.0000000E+00   0.0000000E+00
   5.7554989E-04   1.4011316E+07   1.4011316E+07   6.5382184E+06   8.2810696E+05   6.2007198E+06   1.4008518E+07   1.4011316E+07   7.0861523E+06   0.0000000E+00   0.0000000E+00   0.0000000E+00   0.0000000E+00
   6.1849042E-04   1.3966327E+07   1.3966327E+07   5.5906502E+06   7.9347694E+05   5.8525707E+06   1.3963135E+07   1.3966327E+07   7.0629112E+06   0.0000000E+00   0.0000000E+00   0.0000000E+00   0.0000000E+00
   6.6463465E-04   1.3917198E+07   1.3917198E+07   4.6997410E+06   7.5613169E+05   5.4855738E+06   1.3913562E+07   1.3917198E+07   7.0378153E+06   0.0000000E+00   0.0000000E+00   0.0000000E+00   0.0000000E+00
   7.1422159E-04   1.3863944E+07   1.3863944E+07   3.8928979E+06   7.1624869E+05   5.1036646E+06   1.3859813E+07   1.3863944E+07   7.0109505E+06   0.0000000E+00   0.0000000E+00   0.0000000E+00   0.0000000E+00
   7.6750812E-04   1.3806688E+07   1.3806688E+07   3.1942691E+06   6.7411793E+05   4.7118976E+06   1.3802008E+07   1.3806688E+07   6.9824597E+06   0.0000000E+00   0.0000000E+00   0.0000000E+00   0.0000000E+00
   8.2477023E-04   1.3745671E+07   1.3745671E+07   2.6206904E+06   6.3014987E+05   4.3163060E+06   1.3740385E+07   1.3745671E+07   6.9525424E+06   0.0000000E+00   0.0000000E+00   0.0000000E+00   0.0000000E+00
   8.8630455E-04   1.3681255E+07   1.3681255E+07   2.1775044E+06   5.8487386E+05   3.9236046E+06   1.3675303E+07   1.3681255E+07   6.9214465E+06   0.0000000E+00   0.0000000E+00   0.0000000E+00   0.0000000E+00
   9.5242980E-04   1.3613912E+07   1.3613912E+07   1.8553804E+06   5.3892371E+05   3.5407280E+06   1.3607235E+07   1.3613912E+07   6.8894525E+06   0.0000000E+00   0.0000000E+00   0.0000000E+00   0.0000000E+00
   1.0234885E-03   1.3544203E+07   1.3544203E+07   1.6296848E+06   4.9300789E+05   3.1742349E+06   1.3536742E+07   1.3544203E+07   6.8568492E+06   0.0000000E+00   0.0000000E+00   0.0000000E+00   0.0000000E+00
   1.0998488E-03   1.3472735E+07   1.3472735E+07   1.4639849E+06   4.4786429E+05   2.8296580E+06   1.3464434E+07   1.3472735E+07   6.8239030E+06   0.0000000E+00   0.0000000E+00   0.0000000E+00   0.0000000E+00
   1.1819061E-03   1.3400105E+07   1.3400105E+07   1.3184784E+06   4.0420313E+05   2.5109355E+06   1.3390914E+07   1.3400105E+07   6.7908256E+06   0.0000000E+00   0.0000000E+00   0.0000000E+00   0.0000000E+00
   1.2700856E-03   1.3326844E+07   1.3326844E+07   1.1621687E+06   3.6264613E+05   2.2200849E+06   1.3316718E+07   1.3326844E+07   6.7577476E+06   0.0000000E+00   0.0000000E+00   0.0000000E+00   0.0000000E+00
   1.3648439E-03   1.3253349E+07   1.3253349E+07   9.8466751E+05   3.2367409E+05   1.9572554E+06   1.3242253E+07   1.3253349E+07   6.7247043E+06   0.0000000E+00   0.0000000E+00   0.0000000E+00   0.0000000E+00
   1.4666719E-03   1.3179853E+07   1.3179853E+07   8.0092348E+05   2.8759613E+05   1.7211844E+06   1.3167760E+07   1.3179853E+07   6.6916413E+06   0.0000000E+00   0.0000000E+00   0.0000000E+00   0.0000000E+00
   1.5760971E-03   1.3106400E+07   1.3106400E+07   6.4266616E+05   2.5454972E+05   1.5099134E+06   1.3093296E+07   1.3106400E+07   6.6584363E+06   0.0000000E+00   0.0000000E+00   0.0000000E+00   0.0000000E+00
   1.6936863E-03   1.3032872E+07   1.3032872E+07   5.3671364E+05   2.2453088E+05   1.3214624E+06   1.3018751E+07   1.3032872E+07   6.6249297E+06   0.0000000E+00   0.0000000E+00   0.0000000E+00   0.0000000E+00
   1.8200486E-03   1.2959018E+07   1.2959018E+07   4.8194050E+05   1.9744185E+05   1.1541486E+06   1.2943883E+07   1.2959018E+07   6.5909477E+06   0.0000000E+00   0.0000000E+00   0.0000000E+00   0.0000000E+00
   1.9558384E-03   1.2884504E+07   1.2884504E+07   4.4539388E+05   1.7313578E+05   1.0064587E+06   1.2868362E+07   1.2884504E+07   6.5563076E+06   0.0000000E+00   0.0000000E+00   0.0000000E+00   0.0000000E+00
   2.1017593E-03   1.2808936E+07   1.2808936E+07   3.8938510E+05   1.5144247E+05   8.7672640E+05   1.2791796E+07   1.2808936E+07   6.5208072E+06   0.0000000E+00   0.0000000E+00   0.0000000E+00   0.0000000E+00
   2.2585670E-03   1.2731876E+07   1.2731876E+07   3.1020834E+05   1.3217525E+05   7.6302965E+05   1.2713745E+07   1.2731876E+07   6.4842164E+06   0.0000000E+00   0.0000000E+00   0.0000000E+00   0.0000000E+00
   2.4270738E-03   1.2652848E+07   1.2652848E+07   2.4245651E+05   1.1513307E+05   6.6344130E+05   1.2633728E+07   1.2652848E+07   6.4462861E+06   0.0000000E+00   0.0000000E+00   0.0000000E+00   0.0000000E+00
   2.6081525E-03   1.2571344E+07   1.2571344E+07   2.1120175E+05   1.0010951E+05   5.7631047E+05   1.2551234E+07   1.2571344E+07   6.4067671E+06   0.0000000E+00   0.0000000E+00   0.0000000E+00   0.0000000E+00
   2.8027411E-03   1.2486846E+07   1.2486846E+07   1.9355322E+05   8.6904254E+04   5.0024941E+05   1.2465738E+07   1.2486846E+07   6.3654168E+06   0.0000000E+00   0.0000000E+00   0.0000000E+00   0.0000000E+00
   3.0118475E-03   1.2398825E+07   1.2398825E+07   1.6006748E+05   7.5327541E+04   4.3397867E+05   1.2376715E+07   1.2398825E+07   6.3219899E+06   0.0000000E+00   0.0000000E+00   0.0000000E+00   0.0000000E+00
   3.2365549E-03   1.2306751E+07   1.2306751E+07   1.2930935E+05   6.5201187E+04   3.7629336E+05   1.2283637E+07   1.2306751E+07   6.2762359E+06   0.0000000E+00   0.0000000E+00   0.0000000E+00   0.0000000E+00
   3.4780272E-03   1.2210100E+07   1.2210100E+07   1.1826846E+05   5.6361888E+04   3.2607727E+05   1.2185983E+07   1.2210100E+07   6.2279110E+06   0.0000000E+00   0.0000000E+00   0.0000000E+00   0.0000000E+00
   3.7375153E-03   1.2108348E+07   1.2108348E+07   9.8632399E+04   4.8660452E+04   2.8239344E+05   1.2083238E+07   1.2108348E+07   6.1767762E+06   0.0000000E+00   0.0000000E+00   0.0000000E+00   0.0000000E+00
   4.0163632E-03   1.2000980E+07   1.2000980E+07   7.7005735E+04   4.1959959E+04   2.4451265E+05   1.1974895E+07   1.2000980E+07   6.1225921E+06   0.0000000E+00   0.0000000E+00   0.0000000E+00   0.0000000E+00
   4.3160153E-03   1.1887494E+07   1.1887494E+07   7.3060651E+04   3.6139759E+04   2.1159773E+05   1.1860465E+07   1.1887494E+07   6.0651286E+06   0.0000000E+00   0.0000000E+00   0.0000000E+00   0.0000000E+00
   4.6380238E-03   1.1767400E+07   1.1767400E+07   5.8285083E+04   3.1091332E+04   1.8299515E+05   1.1739477E+07   1.1767400E+07   6.0041635E+06   0.0000000E+00   0.0000000E+00   0.0000000E+00   0.0000000E+00
   4.9840567E-03   1.1640229E+07   1.1640229E+07   5.0336085E+04   2.6716959E+04   1.5826220E+05   1.1611469E+07   1.1640229E+07   5.9394772E+06   0.0000000E+00   0.0000000E+00   0.0000000E+00   0.0000000E+00
   5.3559064E-03   1.1505529E+07   1.1505529E+07   4.2013939E+04   2.2932246E+04   1.3675100E+05   1.1475985E+07   1.1505529E+07   5.8708511E+06   0.0000000E+00   0.0000000E+00   0.0000000E+00   0.0000000E+00
   5.7554989E-03   1.1362855E+07   1.1362855E+07   3.6745975E+04   1.9660508E+04   1.1815438E+05   1.1332570E+07   1.1362855E+07   5.7980660E+06   0.0000000E+00   0.0000000E+00   0.0000000E+00   0.0000000E+00
   6.1849042E-03   1.1211764E+07   1.1211764E+07   2.9595198E+04   1.6835664E+04   1.0196534E+05   1.1180790E+07   1.1211764E+07   5.7209128E+06   0.0000000E+00   0.0000000E+00   0.0000000E+00   0.0000000E+00
   6.6463465E-03   1.1051816E+07   1.1051816E+07   2.6852122E+04   1.4398646E+04   8.7999728E+04   1.1020238E+07   1.1051816E+07   5.6391926E+06   0.0000000E+00   0.0000000E+00   0.0000000E+00   0.0000000E+00
   7.1422159E-03   1.0882593E+07   1.0882593E+07   2.1086173E+04   1.2298904E+04   7.5879082E+04   1.0850500E+07   1.0882593E+07   5.5527044E+06   0.0000000E+00   0.0000000E+00   0.0000000E+00   0.0000000E+00
   7.6750812E-03   1.0703693E+07   1.0703693E+07   1.8237544E+04   1.0491474E+04   6.5363089E+04   1.0671162E+07   1.0703693E+07   5.4612444E+06   0.0000000E+00   0.0000000E+00   0.0000000E+00   0.0000000E+00
   8.2477023E-03   1.0514719E+07   1.0514719E+07   1.6408399E+04   8.9370178E+03   5.6280528E+04   1.0481833E+07   1.0514719E+07   5.3646196E+06   0.0000000E+00   0.0000000E+00   0.0000000E+00   0.0000000E+00
   8.8630455E-03   1.0315268E+07   1.0315268E+07   1.3253143E+04   7.6016257E+03   4.8418515E+04   1.0282126E+07   1.0315268E+07   5.2626387E+06   0.0000000E+00   0.0000000E+00   0.0000000E+00   0.0000000E+00
   9.5242980E-03   1.0104952E+07   1.0104952E+07   1.0862937E+04   6.4556489E+03   4.1600875E+04   1.0071653E+07   1.0104952E+07   5.1551088E+06   0.0000000E+00   0.0000000E+00   0.0000000E+00   0.0000000E+00
   1.0234885E-02   9.8834013E+06   9.8834013E+06   8.9216530E+03   5.4732461E+03   3.5697876E+04   9.8500438E+06   9.8834013E+06   5.0418455E+06   0.0000000E+00   0.0000000E+00   0.0000000E+00   0.0000000E+00
   1.0998488E-02   9.6502566E+06   9.6502566E+06   7.5194499E+03   4.6319816E+03   3.0592240E+04   9.6169481E+06   9.6502566E+06   4.9226735E+06   0.0000000E+00   0.0000000E+00   0.0000000E+00   0.0000000E+00
   1.1819061E-02   9.4051837E+06   9.4051837E+06   6.3946857E+03   3.9124564E+03   2.6183205E+04   9.3720348E+06   9.4051837E+06   4.7974272E+06   0.0000000E+00   0.0000000E+00   0.0000000E+00   0.0000000E+00
   1.2700856E-02   9.1478930E+06   9.1478930E+06   5.5088197E+03   3.2977950E+03   2.2368283E+04   9.1150086E+06   9.1478930E+06   4.6659589E+06   0.0000000E+00   0.0000000E+00   0.0000000E+00   0.0000000E+00
   1.3648439E-02   8.8781451E+06   8.8781451E+06   4.7957168E+03   2.7734374E+03   1.9067331E+04   8.8456414E+06   8.8781451E+06   4.5281544E+06   0.0000000E+00   0.0000000E+00   0.0000000E+00   0.0000000E+00
   1.4666719E-02   8.5957920E+06   8.5957920E+06   3.8133198E+03   2.3267470E+03   1.6216533E+04   8.5637786E+06   8.5957920E+06   4.3839373E+06   0.0000000E+00   0.0000000E+00   0.0000000E+00   0.0000000E+00
   1.5760971E-02   8.3008047E+06   8.3008047E+06   3.1821513E+03   1.9468207E+03   1.3771898E+04   8.2693948E+06   8.3008047E+06   4.2332966E+06   0.0000000E+00   0.0000000E+00   0.0000000E+00   0.0000000E+00
   1.6936863E-02   7.9933235E+06   7.9933235E+06   2.6790602E+03   1.6242662E+03   1.1650367E+04   7.9626261E+06   7.9933235E+06   4.0763039E+06   0.0000000E+00   0.0000000E+00   0.0000000E+00   0.0000000E+00
   1.8200486E-02   7.6737175E+06   7.6737175E+06   2.2688526E+03   1.3509516E+03   9.8377929E+03   7.6438417E+06   7.6737175E+06   3.9131498E+06   0.0000000E+00   0.0000000E+00   0.0000000E+00   0.0000000E+00
   1.9558383E-02   7.3426577E+06   7.3426577E+06   1.7866841E+03   1.1198872E+03   8.2768769E+03   7.3137061E+06   7.3426577E+06   3.7441759E+06   0.0000000E+00   0.0000000E+00   0.0000000E+00   0.0000000E+00
   2.1017586E-02   7.0011993E+06   7.0011993E+06   1.4515499E+03   9.2505217E+02   6.9380177E+03   6.9732687E+06   7.0011993E+06   3.5699206E+06   0.0000000E+00   0.0000000E+00   0.0000000E+00   0.0000000E+00
   2.2585629E-02   6.6508797E+06   6.6508797E+06   1.1991041E+03   7.6125978E+02   5.7952466E+03   6.6240586E+06   6.6508797E+06   3.3911679E+06   0.0000000E+00   0.0000000E+00   0.0000000E+00   0.0000000E+00
   2.4270536E-02   6.2938205E+06   6.2938205E+06   1.0155395E+03   6.2405019E+02   4.8220124E+03   6.2681862E+06   6.2938205E+06   3.2089990E+06   0.0000000E+00   0.0000000E+00   0.0000000E+00   0.0000000E+00
   2.6080664E-02   5.9328445E+06   5.9328445E+06   8.3564735E+02   5.0959346E+02   3.9939376E+03   5.9084588E+06   5.9328445E+06   3.0248520E+06   0.0000000E+00   0.0000000E+00   0.0000000E+00   0.0000000E+00
   2.8024194E-02   5.5716089E+06   5.5716089E+06   6.5324827E+02   4.1460530E+02   3.2990707E+03   5.5485158E+06   5.5716089E+06   2.8405907E+06   0.0000000E+00   0.0000000E+00   0.0000000E+00   0.0000000E+00
   3.0107847E-02   5.2147589E+06   5.2147589E+06   5.2665785E+02   3.3628548E+02   2.7134425E+03   5.1929792E+06   5.2147589E+06   2.6585821E+06   0.0000000E+00   0.0000000E+00   0.0000000E+00   0.0000000E+00
   3.2334292E-02   4.8680520E+06   4.8680520E+06   4.3470871E+02   2.7224759E+02   2.2278790E+03   4.8475786E+06   4.8680520E+06   2.4817601E+06   0.0000000E+00   0.0000000E+00   0.0000000E+00   0.0000000E+00
   3.4698065E-02   4.5382830E+06   4.5382830E+06   3.4693085E+02   2.2044909E+02   1.8291239E+03   4.5190764E+06   4.5382830E+06   2.3135871E+06   0.0000000E+00   0.0000000E+00   0.0000000E+00   0.0000000E+00
   3.7181209E-02   4.2326940E+06   4.2326940E+06   2.7474774E+02   1.7909268E+02   1.5064289E+03   4.2146799E+06   4.2326940E+06   2.1577534E+06   0.0000000E+00   0.0000000E+00   0.0000000E+00   0.0000000E+00
   3.9752066E-02   3.9576351E+06   3.9576351E+06   2.3648840E+02   1.4651915E+02   1.2486113E+03   3.9407080E+06   3.9576351E+06   2.0174945E+06   0.0000000E+00   0.0000000E+00   0.0000000E+00   0.0000000E+00
   4.2370818E-02   3.7168362E+06   3.7168362E+06   1.9331608E+02   1.2113727E+02   1.0438068E+03   3.7008701E+06   3.7168362E+06   1.8947097E+06   0.0000000E+00   0.0000000E+00   0.0000000E+00   0.0000000E+00
   4.5000376E-02   3.5103475E+06   3.5103475E+06   1.5615338E+02   1.0143913E+02   8.8425018E+02   3.4952118E+06   3.5103475E+06   1.7894228E+06   0.0000000E+00   0.0000000E+00   0.0000000E+00   0.0000000E+00
   4.7615563E-02   3.3349106E+06   3.3349106E+06   1.4020296E+02   8.6082609E+01   7.5790664E+02   3.3204845E+06   3.3349106E+06   1.6999707E+06   0.0000000E+00   0.0000000E+00   0.0000000E+00   0.0000000E+00
   5.0205386E-02   3.1853299E+06   3.1853299E+06   1.1482568E+02   7.3963542E+01   6.5692568E+02   3.1715121E+06   3.1853299E+06   1.6237037E+06   0.0000000E+00   0.0000000E+00   0.0000000E+00   0.0000000E+00
   5.2769848E-02   3.0558603E+06   3.0558603E+06   9.9928317E+01   6.4232530E+01   5.7583013E+02   3.0425715E+06   3.0558603E+06   1.5576919E+06   0.0000000E+00   0.0000000E+00   0.0000000E+00   0.0000000E+00
   5.5315380E-02   2.9410800E+06   2.9410800E+06   9.0723509E+01   5.6264443E+01   5.0827308E+02   2.9282626E+06   2.9410800E+06   1.4991708E+06   0.0000000E+00   0.0000000E+00   0.0000000E+00   0.0000000E+00
   5.7851302E-02   2.8362780E+06   2.8362780E+06   7.7216929E+01   4.9609465E+01   4.5123338E+02   2.8238935E+06   2.8362780E+06   1.4457383E+06   0.0000000E+00   0.0000000E+00   0.0000000E+00   0.0000000E+00
   6.0387730E-02   2.7375631E+06   2.7375631E+06   6.8067201E+01   4.3947057E+01   4.0283277E+02   2.7255889E+06   2.7375631E+06   1.3954104E+06   0.0000000E+00   0.0000000E+00   0.0000000E+00   0.0000000E+00
   6.2934545E-02   2.6418592E+06   2.6418592E+06   6.3080469E+01   3.9049452E+01   3.6022416E+02   2.6302855E+06   2.6418592E+06   1.3466189E+06   0.0000000E+00   0.0000000E+00   0.0000000E+00   0.0000000E+00
   6.5500971E-02   2.5468694E+06   2.5468694E+06   5.3983083E+01   3.4754774E+01   3.2231983E+02   2.5356960E+06   2.5468694E+06   1.2981928E+06   0.0000000E+00   0.0000000E+00   0.0000000E+00   0.0000000E+00
   6.8095476E-02   2.4510389E+06   2.4510389E+06   4.7605608E+01   3.0948245E+01   2.8909065E+02   2.4402719E+06   2.4510389E+06   1.2493393E+06   0.0000000E+00   0.0000000E+00   0.0000000E+00   0.0000000E+00
   7.0725807E-02   2.3535206E+06   2.3535206E+06   4.4665279E+01   2.7548894E+01   2.5859289E+02   2.3431695E+06   2.3535206E+06   1.1996265E+06   0.0000000E+00   0.0000000E+00   0.0000000E+00   0.0000000E+00
   7.3399080E-02   2.2541372E+06   2.2541372E+06   3.7013964E+01   2.4499703E+01   2.3124758E+02   2.2442122E+06   2.2541372E+06   1.1489640E+06   0.0000000E+00   0.0000000E+00   0.0000000E+00   0.0000000E+00
   7.6121884E-02   2.1533299E+06   2.1533299E+06   3.5281790E+01   2.1760696E+01   2.0648092E+02   2.1438391E+06   2.1533299E+06   1.0975765E+06   0.0000000E+00   0.0000000E+00   0.0000000E+00   0.0000000E+00
   7.8900386E-02   2.0520836E+06   2.0520836E+06   2.9338022E+01   1.9303567E+01   1.8418329E+02   2.0430304E+06   2.0520836E+06   1.0459659E+06   0.0000000E+00   0.0000000E+00   0.0000000E+00   0.0000000E+00
   8.1740414E-02   1.9518198E+06   1.9518198E+06   2.6753250E+01   1.7107487E+01   1.6382002E+02   1.9432013E+06   1.9518198E+06   9.9485689E+05   0.0000000E+00   0.0000000E+00   0.0000000E+00   0.0000000E+00
   8.4647536E-02   1.8542559E+06   1.8542559E+06   2.4412474E+01   1.5155820E+01   1.4591760E+02   1.8460613E+06   1.8542559E+06   9.4512457E+05   0.0000000E+00   0.0000000E+00   0.0000000E+00   0.0000000E+00
   8.7627122E-02   1.7612283E+06   1.7612283E+06   2.1417030E+01   1.3433654E+01   1.3000583E+02   1.7534387E+06   1.7612283E+06   8.9770495E+05   0.0000000E+00   0.0000000E+00   0.0000000E+00   0.0000000E+00
   9.0684398E-02   1.6744889E+06   1.6744889E+06   1.8908775E+01   1.1925809E+01   1.1593876E+02   1.6670776E+06   1.6744889E+06   8.5349093E+05   0.0000000E+00   0.0000000E+00   0.0000000E+00   0.0000000E+00
   9.3824484E-02   1.5954881E+06   1.5954881E+06   1.6977320E+01   1.0615609E+01   1.0362139E+02   1.5884216E+06   1.5954881E+06   8.1322173E+05   0.0000000E+00   0.0000000E+00   0.0000000E+00   0.0000000E+00
   9.7052435E-02   1.5251656E+06   1.5251656E+06   1.5052400E+01   9.4841382E+00   9.2901861E+01   1.5184062E+06   1.5251656E+06   7.7737617E+05   0.0000000E+00   0.0000000E+00   0.0000000E+00   0.0000000E+00
   1.0037326E-01   1.4637762E+06   1.4637762E+06   1.2913997E+01   8.5101949E+00   8.3741362E+01   1.4572849E+06   1.4637762E+06   7.4608410E+05   0.0000000E+00   0.0000000E+00   0.0000000E+00   0.0000000E+00
   1.0379197E-01   1.4107820E+06   1.4107820E+06   1.2280652E+01   7.6707501E+00   7.5821640E+01   1.4045221E+06   1.4107820E+06   7.1907132E+05   0.0000000E+00   0.0000000E+00   0.0000000E+00   0.0000000E+00
   1.0731355E-01   1.3648405E+06   1.3648405E+06   1.0518758E+01   6.9419344E+00   6.8850150E+01   1.3587812E+06   1.3648405E+06   6.9565350E+05   0.0000000E+00   0.0000000E+00   0.0000000E+00   0.0000000E+00
   1.1094302E-01   1.3239111E+06   1.3239111E+06   9.9565313E+00   6.3003943E+00   6.2703437E+01   1.3180305E+06   1.3239111E+06   6.7479052E+05   0.0000000E+00   0.0000000E+00   0.0000000E+00   0.0000000E+00
   1.1468543E-01   1.2854889E+06   1.2854889E+06   9.1525583E+00   5.7248190E+00   5.7228376E+01   1.2797762E+06   1.2854889E+06   6.5520556E+05   0.0000000E+00   0.0000000E+00   0.0000000E+00   0.0000000E+00
   1.1854585E-01   1.2469513E+06   1.2469513E+06   8.2970098E+00   5.1974293E+00   5.2149962E+01   1.2414074E+06   1.2469513E+06   6.3556200E+05   0.0000000E+00   0.0000000E+00   0.0000000E+00   0.0000000E+00
   1.2252942E-01   1.2059797E+06   1.2059797E+06   7.4200204E+00   4.7051642E+00   4.7345129E+01   1.2006156E+06   1.2059797E+06   6.1467793E+05   0.0000000E+00   0.0000000E+00   0.0000000E+00   0.0000000E+00
   1.2664131E-01   1.1609857E+06   1.1609857E+06   6.4482464E+00   4.2403098E+00   4.2835353E+01   1.1558197E+06   1.1609857E+06   5.9174386E+05   0.0000000E+00   0.0000000E+00   0.0000000E+00   0.0000000E+00
   1.3088676E-01   1.1114579E+06   1.1114579E+06   6.0551883E+00   3.8004183E+00   3.8538283E+01   1.1065103E+06   1.1114579E+06   5.6649905E+05   0.0000000E+00   0.0000000E+00   0.0000000E+00   0.0000000E+00
   1.3527108E-01   1.0581320E+06   1.0581320E+06   5.2362001E+00   3.3874297E+00   3.4487958E+01   1.0534201E+06   1.0581320E+06   5.3931857E+05   0.0000000E+00   0.0000000E+00   0.0000000E+00   0.0000000E+00
   1.3979962E-01   1.0029108E+06   1.0029108E+06   4.6025611E+00   3.0060932E+00   3.0699850E+01   9.9844329E+05   1.0029108E+06   5.1117216E+05   0.0000000E+00   0.0000000E+00   0.0000000E+00   0.0000000E+00
   1.4447782E-01   9.4849934E+05   9.4849934E+05   4.1063914E+00   2.6619414E+00   2.7279565E+01   9.4427283E+05   9.4849934E+05   4.8343859E+05   0.0000000E+00   0.0000000E+00   0.0000000E+00   0.0000000E+00
   1.4931121E-01   8.9779506E+05   8.9779506E+05   3.7427417E+00   2.3592080E+00   2.4235274E+01   8.9379327E+05   8.9779506E+05   4.5759465E+05   0.0000000E+00   0.0000000E+00   0.0000000E+00   0.0000000E+00
   1.5430538E-01   8.5315026E+05   8.5315026E+05   3.2092200E+00   2.0991531E+00   2.1619074E+01   8.4934637E+05   8.5315026E+05   4.3483923E+05   0.0000000E+00   0.0000000E+00   0.0000000E+00   0.0000000E+00
   1.5946603E-01   8.1569603E+05   8.1569603E+05   2.9732177E+00   1.8792114E+00   1.9409234E+01   8.1205815E+05   8.1569603E+05   4.1574883E+05   0.0000000E+00   0.0000000E+00   0.0000000E+00   0.0000000E+00
   1.6479895E-01   7.8494539E+05   7.8494539E+05   2.6832891E+00   1.6932210E+00   1.7548924E+01   7.8144375E+05   7.8494539E+05   4.0007522E+05   0.0000000E+00   0.0000000E+00   0.0000000E+00   0.0000000E+00
   1.7031007E-01   7.5885323E+05   7.5885323E+05   2.4127574E+00   1.5327015E+00   1.5924507E+01   7.5546716E+05   7.5885323E+05   3.8677603E+05   0.0000000E+00   0.0000000E+00   0.0000000E+00   0.0000000E+00
   1.7600544E-01   7.3439212E+05   7.3439212E+05   2.1276395E+00   1.3888455E+00   1.4476851E+01   7.3111444E+05   7.3439212E+05   3.7430820E+05   0.0000000E+00   0.0000000E+00   0.0000000E+00   0.0000000E+00
   1.8189125E-01   7.0852408E+05   7.0852408E+05   1.9531377E+00   1.2546105E+00   1.3103842E+01   7.0536117E+05   7.0852408E+05   3.6112333E+05   0.0000000E+00   0.0000000E+00   0.0000000E+00   0.0000000E+00
   1.8797388E-01   6.7926585E+05   6.7926585E+05   1.7705908E+00   1.1262266E+00   1.1798102E+01   6.7623294E+05   6.7926585E+05   3.4621058E+05   0.0000000E+00   0.0000000E+00   0.0000000E+00   0.0000000E+00
   1.9425993E-01   6.4643937E+05   6.4643937E+05   1.5602454E+00   1.0035725E+00   1.0535135E+01   6.4355247E+05   6.4643937E+05   3.2947920E+05   0.0000000E+00   0.0000000E+00   0.0000000E+00   0.0000000E+00
   2.0075621E-01   6.1174901E+05   6.1174901E+05   1.3687966E+00   8.8926455E-01   9.3735582E+00   6.0901654E+05   6.1174901E+05   3.1179786E+05   0.0000000E+00   0.0000000E+00   0.0000000E+00   0.0000000E+00
   2.0746982E-01   5.7805993E+05   5.7805993E+05   1.2135769E+00   7.8680428E-01   8.3026720E+00   5.7547750E+05   5.7805993E+05   2.9462691E+05   0.0000000E+00   0.0000000E+00   0.0000000E+00   0.0000000E+00
   2.1440819E-01   5.4810972E+05   5.4810972E+05   1.0755476E+00   6.9854377E-01   7.3917674E+00   5.4566069E+05   5.4810972E+05   2.7936163E+05   0.0000000E+00   0.0000000E+00   0.0000000E+00   0.0000000E+00
   2.2157909E-01   5.2321311E+05   5.2321311E+05   9.6768488E-01   6.2435426E-01   6.6288953E+00   5.2087497E+05   5.2321311E+05   2.6667210E+05   0.0000000E+00   0.0000000E+00   0.0000000E+00   0.0000000E+00
   2.2899074E-01   5.0262303E+05   5.0262303E+05   8.6731363E-01   5.6158387E-01   5.9703299E+00   5.0037658E+05   5.0262303E+05   2.5617756E+05   0.0000000E+00   0.0000000E+00   0.0000000E+00   0.0000000E+00
   2.3665188E-01   4.8395887E+05   4.8395887E+05   7.8638945E-01   5.0628404E-01   5.3946170E+00   4.8179554E+05   4.8395887E+05   2.4666464E+05   0.0000000E+00   0.0000000E+00   0.0000000E+00   0.0000000E+00
   2.4457180E-01   4.6455636E+05   4.6455636E+05   6.9955299E-01   4.5502059E-01   4.8594982E+00   4.6247949E+05   4.6455636E+05   2.3677542E+05   0.0000000E+00   0.0000000E+00   0.0000000E+00   0.0000000E+00
   2.5276045E-01   4.4300725E+05   4.4300725E+05   6.3311571E-01   4.0625714E-01   4.3485018E+00   4.4102649E+05   4.4300725E+05   2.2579214E+05   0.0000000E+00   0.0000000E+00   0.0000000E+00   0.0000000E+00
   2.6122858E-01   4.1993284E+05   4.1993284E+05   5.6100589E-01   3.6053886E-01   3.8664791E+00   4.1805504E+05   4.1993284E+05   2.1403146E+05   0.0000000E+00   0.0000000E+00   0.0000000E+00   0.0000000E+00
   2.6998781E-01   3.9742981E+05   3.9742981E+05   4.9184770E-01   3.1944125E-01   3.4347305E+00   3.9565244E+05   3.9742981E+05   2.0256202E+05   0.0000000E+00   0.0000000E+00   0.0000000E+00   0.0000000E+00
   2.7905077E-01   3.7750538E+05   3.7750538E+05   4.4046805E-01   2.8403897E-01   3.0529797E+00   3.7581695E+05   3.7750538E+05   1.9240685E+05   0.0000000E+00   0.0000000E+00   0.0000000E+00   0.0000000E+00
   2.8843130E-01   3.6061061E+05   3.6061061E+05   3.9190067E-01   2.5396538E-01   2.7412372E+00   3.5899758E+05   3.6061061E+05   1.8379585E+05   0.0000000E+00   0.0000000E+00   0.0000000E+00   0.0000000E+00
   2.9814459E-01   3.4541404E+05   3.4541404E+05   3.5445580E-01   2.2766978E-01   2.4617277E+00   3.4386885E+05   3.4541404E+05   1.7605040E+05   0.0000000E+00   0.0000000E+00   0.0000000E+00   0.0000000E+00
   3.0820740E-01   3.3003022E+05   3.3003022E+05   3.1657226E-01   2.0355747E-01   2.2050509E+00   3.2855373E+05   3.3003022E+05   1.6820953E+05   0.0000000E+00   0.0000000E+00   0.0000000E+00   0.0000000E+00
   3.1863835E-01   3.1366085E+05   3.1366085E+05   2.7977497E-01   1.8100317E-01   1.9657218E+00   3.1225748E+05   3.1366085E+05   1.5986635E+05   0.0000000E+00   0.0000000E+00   0.0000000E+00   0.0000000E+00
   3.2945816E-01   2.9715285E+05   2.9715285E+05   2.4828657E-01   1.6040016E-01   1.7426202E+00   2.9582324E+05   2.9715285E+05   1.5145252E+05   0.0000000E+00   0.0000000E+00   0.0000000E+00   0.0000000E+00
   3.4069008E-01   2.8194328E+05   2.8194328E+05   2.2022653E-01   1.4232132E-01   1.5486791E+00   2.8068163E+05   2.8194328E+05   1.4370048E+05   0.0000000E+00   0.0000000E+00   0.0000000E+00   0.0000000E+00
   3.5236024E-01   2.6849432E+05   2.6849432E+05   1.9581839E-01   1.2670344E-01   1.3825242E+00   2.6729278E+05   2.6849432E+05   1.3684579E+05   0.0000000E+00   0.0000000E+00   0.0000000E+00   0.0000000E+00
   3.6449826E-01   2.5591923E+05   2.5591923E+05   1.7509833E-01   1.1285973E-01   1.2342126E+00   2.5477389E+05   2.5591923E+05   1.3043650E+05   0.0000000E+00   0.0000000E+00   0.0000000E+00   0.0000000E+00
   3.7713780E-01   2.4317865E+05   2.4317865E+05   1.5500733E-01   1.0017363E-01   1.0971670E+00   2.4209027E+05   2.4317865E+05   1.2394287E+05   0.0000000E+00   0.0000000E+00   0.0000000E+00   0.0000000E+00
   3.9031741E-01   2.3032144E+05   2.3032144E+05   1.3716840E-01   8.8578541E-02   9.7062277E-01   2.2929054E+05   2.3032144E+05   1.1738980E+05   0.0000000E+00   0.0000000E+00   0.0000000E+00   0.0000000E+00
   4.0408147E-01   2.1817672E+05   2.1817672E+05   1.2110356E-01   7.8289235E-02   8.5979469E-01   2.1720013E+05   2.1817672E+05   1.1119988E+05   0.0000000E+00   0.0000000E+00   0.0000000E+00   0.0000000E+00
   4.1848141E-01   2.0703396E+05   2.0703396E+05   1.0722152E-01   6.9266083E-02   7.6157997E-01   2.0610720E+05   2.0703396E+05   1.0552064E+05   0.0000000E+00   0.0000000E+00   0.0000000E+00   0.0000000E+00
   4.3357719E-01   1.9630933E+05   1.9630933E+05   9.4827447E-02   6.1184293E-02   6.7374595E-01   1.9543053E+05   1.9630933E+05   1.0005451E+05   0.0000000E+00   0.0000000E+00   0.0000000E+00   0.0000000E+00
   4.4943932E-01   1.8560744E+05   1.8560744E+05   8.3310077E-02   5.3837662E-02   5.9390241E-01   1.8477651E+05   1.8560744E+05   9.4599972E+04   0.0000000E+00   0.0000000E+00   0.0000000E+00   0.0000000E+00
   4.6615120E-01   1.7527199E+05   1.7527199E+05   7.3198203E-02   4.7259924E-02   5.2198740E-01   1.7448730E+05   1.7527199E+05   8.9332210E+04   0.0000000E+00   0.0000000E+00   0.0000000E+00   0.0000000E+00
   4.8381238E-01   1.6553842E+05   1.6553842E+05   6.4184068E-02   4.1436132E-02   4.5829173E-01   1.6479727E+05   1.6553842E+05   8.4371210E+04   0.0000000E+00   0.0000000E+00   0.0000000E+00   0.0000000E+00
   5.0254250E-01   1.5608665E+05   1.5608665E+05   5.6042586E-02   3.6212215E-02   4.0144178E-01   1.5538780E+05   1.5608665E+05   7.9553845E+04   0.0000000E+00   0.0000000E+00   0.0000000E+00   0.0000000E+00
   5.2248663E-01   1.4680112E+05   1.4680112E+05   4.8771398E-02   3.1507578E-02   3.4964321E-01   1.4614382E+05   1.4680112E+05   7.4821206E+04   0.0000000E+00   0.0000000E+00   0.0000000E+00   0.0000000E+00
   5.4382192E-01   1.3788098E+05   1.3788098E+05   4.2295121E-02   2.7316644E-02   3.0353947E-01   1.3726360E+05   1.3788098E+05   7.0274802E+04   0.0000000E+00   0.0000000E+00   0.0000000E+00   0.0000000E+00
   5.6676622E-01   1.2922251E+05   1.2922251E+05   3.6488553E-02   2.3570413E-02   2.6222614E-01   1.2864388E+05   1.2922251E+05   6.5861767E+04   0.0000000E+00   0.0000000E+00   0.0000000E+00   0.0000000E+00
   5.9158883E-01   1.2073534E+05   1.2073534E+05   3.1288288E-02   2.0213061E-02   2.2526498E-01   1.2019469E+05   1.2073534E+05   6.1536041E+04   0.0000000E+00   0.0000000E+00   0.0000000E+00   0.0000000E+00
   6.1862337E-01   1.1248988E+05   1.1248988E+05   2.6654706E-02   1.7222609E-02   1.9210457E-01   1.1198614E+05   1.1248988E+05   5.7333509E+04   0.0000000E+00   0.0000000E+00   0.0000000E+00   0.0000000E+00
   6.4828193E-01   1.0440535E+05   1.0440535E+05   2.2525866E-02   1.4555718E-02   1.6254330E-01   1.0393780E+05   1.0440535E+05   5.3213003E+04   0.0000000E+00   0.0000000E+00   0.0000000E+00   0.0000000E+00
   6.8106781E-01   9.6494689E+04   9.6494689E+04   1.8860978E-02   1.2188828E-02   1.3637853E-01   9.6062551E+04   9.6494689E+04   4.9181117E+04   0.0000000E+00   0.0000000E+00   0.0000000E+00   0.0000000E+00
   7.1758029E-01   8.8740720E+04   8.8740720E+04   1.5624192E-02   1.0097684E-02   1.1318973E-01   8.8343296E+04   8.8740720E+04   4.5229093E+04   0.0000000E+00   0.0000000E+00   0.0000000E+00   0.0000000E+00
   7.5849989E-01   8.1160594E+04   8.1160594E+04   1.2788503E-02   8.2656027E-03   9.2786902E-02   8.0797108E+04   8.1160594E+04   4.1365673E+04   0.0000000E+00   0.0000000E+00   0.0000000E+00   0.0000000E+00
   8.0453777E-01   7.3783627E+04   7.3783627E+04   1.0332800E-02   6.6789461E-03   7.5069805E-02   7.3453172E+04   7.3783627E+04   3.7605800E+04   0.0000000E+00   0.0000000E+00   0.0000000E+00   0.0000000E+00
   8.5633995E-01   6.6672598E+04   6.6672598E+04   8.2375731E-03   5.3271682E-03   5.9904519E-02   6.6373984E+04   6.6672598E+04   3.3981470E+04   0.0000000E+00   0.0000000E+00   0.0000000E+00   0.0000000E+00
   9.1436815E-01   5.9910822E+04   5.9910822E+04   6.4964076E-03   4.1986038E-03   4.7330415E-02   5.9642486E+04   5.9910822E+04   3.0535148E+04   0.0000000E+00   0.0000000E+00   0.0000000E+00   0.0000000E+00
   9.7882649E-01   5.3584820E+04   5.3584820E+04   5.0689538E-03   3.2769721E-03   3.7025759E-02   5.3344813E+04   5.3584820E+04   2.7310929E+04   0.0000000E+00   0.0000000E+00   0.0000000E+00   0.0000000E+00
   1.0497064E+00   4.7761892E+04   4.7761892E+04   3.9281611E-03   2.5397372E-03   2.8737930E-02   4.7547963E+04   4.7761892E+04   2.4343118E+04   0.0000000E+00   0.0000000E+00   0.0000000E+00   0.0000000E+00
   1.1269354E+00   4.2474942E+04   4.2474942E+04   3.0307168E-03   1.9596487E-03   2.2168541E-02   4.2284690E+04   4.2474942E+04   2.1648482E+04   0.0000000E+00   0.0000000E+00   0.0000000E+00   0.0000000E+00
   1.2105265E+00   3.7719599E+04   3.7719599E+04   2.3323869E-03   1.5082125E-03   1.7104654E-02   3.7550645E+04   3.7719599E+04   1.9224793E+04   0.0000000E+00   0.0000000E+00   0.0000000E+00   0.0000000E+00
   1.3006485E+00   3.3465955E+04   3.3465955E+04   1.7926054E-03   1.1591187E-03   1.3140622E-02   3.3316052E+04   3.3465955E+04   1.7056810E+04   0.0000000E+00   0.0000000E+00   0.0000000E+00   0.0000000E+00
   1.3976198E+00   2.9673288E+04   2.9673288E+04   1.3760688E-03   8.9008755E-04   1.0118714E-02   2.9540372E+04   2.9673288E+04   1.5123776E+04   0.0000000E+00   0.0000000E+00   0.0000000E+00   0.0000000E+00
   1.5018727E+00   2.6296743E+04   2.6296743E+04   1.0564110E-03   6.8309562E-04   7.7625126E-03   2.6178951E+04   2.6296743E+04   1.3402830E+04   0.0000000E+00   0.0000000E+00   0.0000000E+00   0.0000000E+00
   1.6139187E+00   2.3293784E+04   2.3293784E+04   8.1030569E-04   5.2399021E-04   5.9594542E-03   2.3189442E+04   2.3293784E+04   1.1872292E+04   0.0000000E+00   0.0000000E+00   0.0000000E+00   0.0000000E+00
   1.7343284E+00   2.0624735E+04   2.0624735E+04   6.2125389E-04   4.0176574E-04   4.5760442E-03   2.0532348E+04   2.0624735E+04   1.0511941E+04   0.0000000E+00   0.0000000E+00   0.0000000E+00   0.0000000E+00
   1.8637227E+00   1.8253960E+04   1.8253960E+04   4.7616868E-04   3.0792328E-04   3.5073701E-03   1.8172192E+04   1.8253960E+04   9.3036122E+03   0.0000000E+00   0.0000000E+00   0.0000000E+00   0.0000000E+00
   2.0027709E+00   1.6149144E+04   1.6149144E+04   3.6476246E-04   2.3590434E-04   2.6995102E-03   1.6076805E+04   1.6149144E+04   8.2308374E+03   0.0000000E+00   0.0000000E+00   0.0000000E+00   0.0000000E+00
   2.1521933E+00   1.4281473E+04   1.4281473E+04   2.7932618E-04   1.8065935E-04   2.0683034E-03   1.4217499E+04   1.4281473E+04   7.2789294E+03   0.0000000E+00   0.0000000E+00   0.0000000E+00   0.0000000E+00
   2.3127638E+00   1.2625020E+04   1.2625020E+04   2.1382421E-04   1.3829953E-04   1.5854204E-03   1.2568466E+04   1.2625020E+04   6.4346742E+03   0.0000000E+00   0.0000000E+00   0.0000000E+00   0.0000000E+00
   2.4853141E+00   1.1156588E+04   1.1156588E+04   1.6362541E-04   1.0583307E-04   1.2082950E-03   1.1106612E+04   1.1156588E+04   5.6862490E+03   0.0000000E+00   0.0000000E+00   0.0000000E+00   0.0000000E+00
   2.6707380E+00   9.8554408E+03   9.8554408E+03   1.2517950E-04   8.0959458E-05   9.2806217E-04   9.8112929E+03   9.8554408E+03   5.0230851E+03   0.0000000E+00   0.0000000E+00   0.0000000E+00   0.0000000E+00
   2.8699959E+00   8.7030336E+03   8.7030336E+03   9.5729819E-05   6.1910454E-05   7.0925258E-04   8.6640479E+03   8.7030336E+03   4.4357303E+03   0.0000000E+00   0.0000000E+00   0.0000000E+00   0.0000000E+00
   3.0841201E+00   7.6828007E+03   7.6828007E+03   7.3175059E-05   4.7327655E-05   5.4191170E-04   7.6483851E+03   7.6828007E+03   3.9157417E+03   0.0000000E+00   0.0000000E+00   0.0000000E+00   0.0000000E+00
   3.3142196E+00   6.7799579E+03   6.7799579E+03   5.5918173E-05   3.6168021E-05   4.1462160E-04   6.7495866E+03   6.7799579E+03   3.4555841E+03   0.0000000E+00   0.0000000E+00   0.0000000E+00   0.0000000E+00
   3.5614863E+00   5.9813199E+03   5.9813199E+03   4.2730812E-05   2.7631057E-05   3.1724811E-04   5.9545261E+03   5.9813199E+03   3.0485372E+03   0.0000000E+00   0.0000000E+00   0.0000000E+00   0.0000000E+00
   3.8272011E+00   5.2751350E+03   5.2751350E+03   3.2624624E-05   2.1102660E-05   2.4086204E-04   5.2515046E+03   5.2751350E+03   2.6886114E+03   0.0000000E+00   0.0000000E+00   0.0000000E+00   0.0000000E+00
   4.1127402E+00   4.6509365E+03   4.6509365E+03   2.4899294E-05   1.6111931E-05   1.8428447E-04   4.6301022E+03   4.6509365E+03   2.3704722E+03   0.0000000E+00   0.0000000E+00   0.0000000E+00   0.0000000E+00
   4.4195828E+00   4.0994081E+03   4.0994081E+03   1.9015571E-05   1.2297944E-05   1.4153702E-04   4.0810444E+03   4.0994081E+03   2.0893712E+03   0.0000000E+00   0.0000000E+00   0.0000000E+00   0.0000000E+00
   4.7493183E+00   3.6122623E+03   3.6122623E+03   1.4507997E-05   9.3841601E-06   1.0830653E-04   3.5960808E+03   3.6122623E+03   1.8410845E+03   0.0000000E+00   0.0000000E+00   0.0000000E+00   0.0000000E+00
   5.1036547E+00   3.1821316E+03   3.1821316E+03   1.1066955E-05   7.1587925E-06   8.2858685E-05   3.1678769E+03   3.1821316E+03   1.6218571E+03   0.0000000E+00   0.0000000E+00   0.0000000E+00   0.0000000E+00
   5.4844272E+00   2.8024698E+03   2.8024698E+03   8.4382226E-06   5.4597024E-06   6.2929568E-05   2.7899158E+03   2.8024698E+03   1.4283525E+03   0.0000000E+00   0.0000000E+00   0.0000000E+00   0.0000000E+00
   5.8936084E+00   2.4674638E+03   2.4674638E+03   6.4355838E-06   4.1628060E-06   4.7957181E-05   2.4564105E+03   2.4674638E+03   1.2576079E+03   0.0000000E+00   0.0000000E+00   0.0000000E+00   0.0000000E+00
   6.3333178E+00   2.1719541E+03   2.1719541E+03   4.9055984E-06   3.1731786E-06   3.6798796E-05   2.1622246E+03   2.1719541E+03   1.1069935E+03   0.0000000E+00   0.0000000E+00   0.0000000E+00   0.0000000E+00
   6.8058329E+00   1.9113637E+03   1.9113637E+03   3.7367204E-06   2.4182266E-06   2.7958514E-05   1.9028015E+03   1.9113637E+03   9.7417680E+02   0.0000000E+00   0.0000000E+00   0.0000000E+00   0.0000000E+00
   7.3136013E+00   1.6816345E+03   1.6816345E+03   2.8482771E-06   1.8424537E-06   2.1112415E-05   1.6741014E+03   1.6816345E+03   8.5708926E+02   0.0000000E+00   0.0000000E+00   0.0000000E+00   0.0000000E+00
   7.8592532E+00   1.4791699E+03   1.4791699E+03   2.1704967E-06   1.4034474E-06   1.6207414E-05   1.4725438E+03   1.4791699E+03   7.5389788E+02   0.0000000E+00   0.0000000E+00   0.0000000E+00   0.0000000E+00
   8.4456150E+00   1.3007841E+03   1.3007841E+03   1.6520938E-06   1.0688048E-06   1.2241042E-05   1.2949571E+03   1.3007841E+03   6.6297886E+02   0.0000000E+00   0.0000000E+00   0.0000000E+00   0.0000000E+00
   9.0757240E+00   1.1436562E+03   1.1436562E+03   1.2579078E-06   8.1377820E-07   9.3054909E-06   1.1385330E+03   1.1436562E+03   5.8289445E+02   0.0000000E+00   0.0000000E+00   0.0000000E+00   0.0000000E+00
   9.7528440E+00   1.0052894E+03   1.0052894E+03   9.5751163E-07   6.1947212E-07   7.2682941E-06   1.0007860E+03   1.0052894E+03   5.1237217E+02   0.0000000E+00   0.0000000E+00   0.0000000E+00   0.0000000E+00
   1.0480483E+01   8.8347493E+02   8.8347493E+02   7.2896029E-07   4.7146357E-07   5.5649566E-06   8.7951729E+02   8.8347493E+02   4.5028624E+02   0.0000000E+00   0.0000000E+00   0.0000000E+00   0.0000000E+00
