#           k/h    CDM            baryon         photon         nu             mass_nu        total          no_nu          total_de       Weyl           v_CDM          v_b            v_b-v_c     
   1.1222856E-05   1.2005971E+06   1.2005971E+06   1.6007551E+06   1.2791008E+04   1.5600028E+03   1.2011238E+06   1.2005971E+06   1.2010556E+06   0.0000000E+00   0.0000000E+00   0.0000000E+00   0.0000000E+00
   1.2060168E-05   1.2005970E+06   1.2005970E+06   1.6007485E+06   1.2790974E+04   1.5599857E+03   1.2011237E+06   1.2005970E+06   1.2010555E+06   0.0000000E+00   0.0000000E+00   0.0000000E+00   0.0000000E+00
   1.2959951E-05   1.2005968E+06   1.2005968E+06   1.6007410E+06   1.2790935E+04   1.5599659E+03   1.2011235E+06   1.2005968E+06   1.2010553E+06   0.0000000E+00   0.0000000E+00   0.0000000E+00   0.0000000E+00
   1.3926865E-05   1.2005966E+06   1.2005966E+06   1.6007323E+06   1.2790889E+04   1.5599431E+03   1.2011233E+06   1.2005966E+06   1.2010551E+06   0.0000000E+00   0.0000000E+00   0.0000000E+00   0.0000000E+00
   1.4965918E-05   1.2005964E+06   1.2005964E+06   1.6007223E+06   1.2790837E+04   1.5599167E+03   1.2011231E+06   1.2005964E+06   1.2010549E+06   0.0000000E+00   0.0000000E+00   0.0000000E+00   0.0000000E+00
   1.6082493E-05   1.2005962E+06   1.2005962E+06   1.6007107E+06   1.2790776E+04   1.5598862E+03   1.2011228E+06   1.2005962E+06   1.2010547E+06   0.0000000E+00   0.0000000E+00   0.0000000E+00   0.0000000E+00
   1.7282373E-05   1.2005960E+06   1.2005960E+06   1.6006973E+06   1.2790706E+04   1.5598510E+03   1.2011225E+06   1.2005960E+06   1.2010544E+06   0.0000000E+00   0.0000000E+00   0.0000000E+00   0.0000000E+00
   1.8571773E-05   1.2005956E+06   1.2005956E+06   1.6006818E+06   1.2790625E+04   1.5598104E+03   1.2011222E+06   1.2005956E+06   1.2010540E+06   0.0000000E+00   0.0000000E+00   0.0000000E+00   0.0000000E+00
   1.9957373E-05   1.2005953E+06   1.2005953E+06   1.6006639E+06   1.2790532E+04   1.5597634E+03   1.2011218E+06   1.2005953E+06   1.2010536E+06   0.0000000E+00   0.0000000E+00   0.0000000E+00   0.0000000E+00
   2.1446349E-05   1.2005949E+06   1.2005949E+06   1.6006433E+06   1.2790424E+04   1.5597092E+03   1.2011214E+06   1.2005949E+06   1.2010532E+06   0.0000000E+00   0.0000000E+00   0.0000000E+00   0.0000000E+00
   2.3046415E-05   1.2005944E+06   1.2005944E+06   1.6006195E+06   1.2790299E+04   1.5596467E+03   1.2011208E+06   1.2005944E+06   1.2010526E+06   0.0000000E+00   0.0000000E+00   0.0000000E+00   0.0000000E+00
   2.4765858E-05   1.2005939E+06   1.2005939E+06   1.6005920E+06   1.2790156E+04   1.5595744E+03   1.2011202E+06   1.2005939E+06   1.2010520E+06   0.0000000E+00   0.0000000E+00   0.0000000E+00   0.0000000E+00
   2.6613585E-05   1.2005933E+06   1.2005933E+06   1.6005602E+06   1.2789990E+04   1.5594910E+03   1.2011195E+06   1.2005933E+06   1.2010513E+06   0.0000000E+00   0.0000000E+00   0.0000000E+00   0.0000000E+00
   2.8599166E-05   1.2005926E+06   1.2005926E+06   1.6005236E+06   1.2789798E+04   1.5593946E+03   1.2011187E+06   1.2005926E+06   1.2010505E+06   0.0000000E+00   0.0000000E+00   0.0000000E+00   0.0000000E+00
   3.0732888E-05   1.2005917E+06   1.2005917E+06   1.6004812E+06   1.2789577E+04   1.5592833E+03   1.2011178E+06   1.2005917E+06   1.2010496E+06   0.0000000E+00   0.0000000E+00   0.0000000E+00   0.0000000E+00
   3.3025802E-05   1.2005908E+06   1.2005908E+06   1.6004323E+06   1.2789321E+04   1.5591549E+03   1.2011167E+06   1.2005908E+06   1.2010485E+06   0.0000000E+00   0.0000000E+00   0.0000000E+00   0.0000000E+00
   3.5489786E-05   1.2005897E+06   1.2005897E+06   1.6003758E+06   1.2789026E+04   1.5590065E+03   1.2011154E+06   1.2005897E+06   1.2010473E+06   0.0000000E+00   0.0000000E+00   0.0000000E+00   0.0000000E+00
   3.8137601E-05   1.2005884E+06   1.2005884E+06   1.6003106E+06   1.2788685E+04   1.5588352E+03   1.2011140E+06   1.2005884E+06   1.2010458E+06   0.0000000E+00   0.0000000E+00   0.0000000E+00   0.0000000E+00
   4.0982965E-05   1.2005869E+06   1.2005869E+06   1.6002353E+06   1.2788291E+04   1.5586374E+03   1.2011123E+06   1.2005869E+06   1.2010442E+06   0.0000000E+00   0.0000000E+00   0.0000000E+00   0.0000000E+00
   4.4040615E-05   1.2005852E+06   1.2005852E+06   1.6001484E+06   1.2787837E+04   1.5584090E+03   1.2011104E+06   1.2005852E+06   1.2010422E+06   0.0000000E+00   0.0000000E+00   0.0000000E+00   0.0000000E+00
   4.7326390E-05   1.2005833E+06   1.2005833E+06   1.6000480E+06   1.2787312E+04   1.5581453E+03   1.2011082E+06   1.2005833E+06   1.2010400E+06   0.0000000E+00   0.0000000E+00   0.0000000E+00   0.0000000E+00
   5.0857309E-05   1.2005810E+06   1.2005810E+06   1.5999320E+06   1.2786706E+04   1.5578407E+03   1.2011056E+06   1.2005810E+06   1.2010374E+06   0.0000000E+00   0.0000000E+00   0.0000000E+00   0.0000000E+00
   5.4651662E-05   1.2005784E+06   1.2005784E+06   1.5997982E+06   1.2786006E+04   1.5574892E+03   1.2011027E+06   1.2005784E+06   1.2010345E+06   0.0000000E+00   0.0000000E+00   0.0000000E+00   0.0000000E+00
   5.8729104E-05   1.2005754E+06   1.2005754E+06   1.5996436E+06   1.2785198E+04   1.5570832E+03   1.2010993E+06   1.2005754E+06   1.2010311E+06   0.0000000E+00   0.0000000E+00   0.0000000E+00   0.0000000E+00
   6.3110755E-05   1.2005719E+06   1.2005719E+06   1.5994651E+06   1.2784265E+04   1.5566145E+03   1.2010953E+06   1.2005719E+06   1.2010271E+06   0.0000000E+00   0.0000000E+00   0.0000000E+00   0.0000000E+00
   6.7819311E-05   1.2005678E+06   1.2005678E+06   1.5992590E+06   1.2783188E+04   1.5560734E+03   1.2010908E+06   1.2005678E+06   1.2010226E+06   0.0000000E+00   0.0000000E+00   0.0000000E+00   0.0000000E+00
   7.2879163E-05   1.2005632E+06   1.2005632E+06   1.5990210E+06   1.2781944E+04   1.5554487E+03   1.2010855E+06   1.2005632E+06   1.2010173E+06   0.0000000E+00   0.0000000E+00   0.0000000E+00   0.0000000E+00
   7.8316519E-05   1.2005578E+06   1.2005578E+06   1.5987463E+06   1.2780507E+04   1.5547275E+03   1.2010794E+06   1.2005578E+06   1.2010112E+06   0.0000000E+00   0.0000000E+00   0.0000000E+00   0.0000000E+00
   8.4159544E-05   1.2005516E+06   1.2005516E+06   1.5984291E+06   1.2778848E+04   1.5538950E+03   1.2010724E+06   1.2005516E+06   1.2010042E+06   0.0000000E+00   0.0000000E+00   0.0000000E+00   0.0000000E+00
   9.0438505E-05   1.2005445E+06   1.2005445E+06   1.5980628E+06   1.2776933E+04   1.5529340E+03   1.2010643E+06   1.2005445E+06   1.2009961E+06   0.0000000E+00   0.0000000E+00   0.0000000E+00   0.0000000E+00
   9.7185925E-05   1.2005362E+06   1.2005362E+06   1.5976399E+06   1.2774722E+04   1.5518248E+03   1.2010549E+06   1.2005362E+06   1.2009868E+06   0.0000000E+00   0.0000000E+00   0.0000000E+00   0.0000000E+00
   1.0443676E-04   1.2005266E+06   1.2005266E+06   1.5971518E+06   1.2772169E+04   1.5505446E+03   1.2010441E+06   1.2005266E+06   1.2009760E+06   0.0000000E+00   0.0000000E+00   0.0000000E+00   0.0000000E+00
   1.1222856E-04   1.2005156E+06   1.2005156E+06   1.5965882E+06   1.2769222E+04   1.5490671E+03   1.2010317E+06   1.2005156E+06   1.2009635E+06   0.0000000E+00   0.0000000E+00   0.0000000E+00   0.0000000E+00
   1.2060168E-04   1.2005029E+06   1.2005029E+06   1.5959376E+06   1.2765819E+04   1.5473621E+03   1.2010173E+06   1.2005029E+06   1.2009491E+06   0.0000000E+00   0.0000000E+00   0.0000000E+00   0.0000000E+00
   1.2959951E-04   1.2004882E+06   1.2004882E+06   1.5951867E+06   1.2761891E+04   1.5453948E+03   1.2010006E+06   1.2004882E+06   1.2009325E+06   0.0000000E+00   0.0000000E+00   0.0000000E+00   0.0000000E+00
   1.3926865E-04   1.2004712E+06   1.2004712E+06   1.5943199E+06   1.2757356E+04   1.5431252E+03   1.2009814E+06   1.2004712E+06   1.2009133E+06   0.0000000E+00   0.0000000E+00   0.0000000E+00   0.0000000E+00
   1.4965918E-04   1.2004516E+06   1.2004516E+06   1.5933194E+06   1.2752122E+04   1.5405071E+03   1.2009593E+06   1.2004516E+06   1.2008911E+06   0.0000000E+00   0.0000000E+00   0.0000000E+00   0.0000000E+00
   1.6082493E-04   1.2004290E+06   1.2004290E+06   1.5921649E+06   1.2746080E+04   1.5374876E+03   1.2009337E+06   1.2004290E+06   1.2008655E+06   0.0000000E+00   0.0000000E+00   0.0000000E+00   0.0000000E+00
   1.7282373E-04   1.2004029E+06   1.2004029E+06   1.5908325E+06   1.2739106E+04   1.5340058E+03   1.2009042E+06   1.2004029E+06   1.2008360E+06   0.0000000E+00   0.0000000E+00   0.0000000E+00   0.0000000E+00
   1.8571773E-04   1.2003727E+06   1.2003727E+06   1.5892953E+06   1.2731059E+04   1.5299918E+03   1.2008700E+06   1.2003727E+06   1.2008019E+06   0.0000000E+00   0.0000000E+00   0.0000000E+00   0.0000000E+00
   1.9957373E-04   1.2003379E+06   1.2003379E+06   1.5875218E+06   1.2721772E+04   1.5253656E+03   1.2008307E+06   1.2003379E+06   1.2007625E+06   0.0000000E+00   0.0000000E+00   0.0000000E+00   0.0000000E+00
   2.1446349E-04   1.2002977E+06   1.2002977E+06   1.5854760E+06   1.2711056E+04   1.5200352E+03   1.2007852E+06   1.2002977E+06   1.2007171E+06   0.0000000E+00   0.0000000E+00   0.0000000E+00   0.0000000E+00
   2.3046415E-04   1.2002513E+06   1.2002513E+06   1.5831166E+06   1.2698693E+04   1.5138957E+03   1.2007328E+06   1.2002513E+06   1.2006646E+06   0.0000000E+00   0.0000000E+00   0.0000000E+00   0.0000000E+00
   2.4765858E-04   1.2001978E+06   1.2001978E+06   1.5803960E+06   1.2684432E+04   1.5068271E+03   1.2006722E+06   1.2001978E+06   1.2006041E+06   0.0000000E+00   0.0000000E+00   0.0000000E+00   0.0000000E+00
   2.6613585E-04   1.2001360E+06   1.2001360E+06   1.5772596E+06   1.2667984E+04   1.4986927E+03   1.2006024E+06   1.2001360E+06   1.2005342E+06   0.0000000E+00   0.0000000E+00   0.0000000E+00   0.0000000E+00
   2.8599166E-04   1.2000647E+06   1.2000647E+06   1.5736448E+06   1.2649018E+04   1.4893367E+03   1.2005218E+06   1.2000647E+06   1.2004536E+06   0.0000000E+00   0.0000000E+00   0.0000000E+00   0.0000000E+00
   3.0732888E-04   1.1999824E+06   1.1999824E+06   1.5694800E+06   1.2627152E+04   1.4785825E+03   1.2004287E+06   1.1999824E+06   1.2003606E+06   0.0000000E+00   0.0000000E+00   0.0000000E+00   0.0000000E+00
   3.3025802E-04   1.1998874E+06   1.1998874E+06   1.5646832E+06   1.2601951E+04   1.4662301E+03   1.2003214E+06   1.1998874E+06   1.2002533E+06   0.0000000E+00   0.0000000E+00   0.0000000E+00   0.0000000E+00
   3.5489786E-04   1.1997779E+06   1.1997779E+06   1.5591606E+06   1.2572914E+04   1.4520539E+03   1.2001977E+06   1.1997779E+06   1.2001295E+06   0.0000000E+00   0.0000000E+00   0.0000000E+00   0.0000000E+00
   3.8137601E-04   1.1996515E+06   1.1996515E+06   1.5528054E+06   1.2539468E+04   1.4358004E+03   1.2000549E+06   1.1996515E+06   1.1999868E+06   0.0000000E+00   0.0000000E+00   0.0000000E+00   0.0000000E+00
   4.0982965E-04   1.1995058E+06   1.1995058E+06   1.5454960E+06   1.2500960E+04   1.4171865E+03   1.1998903E+06   1.1995058E+06   1.1998222E+06   0.0000000E+00   0.0000000E+00   0.0000000E+00   0.0000000E+00
   4.4040615E-04   1.1993377E+06   1.1993377E+06   1.5370946E+06   1.2456643E+04   1.3958972E+03   1.1997005E+06   1.1993377E+06   1.1996324E+06   0.0000000E+00   0.0000000E+00   0.0000000E+00   0.0000000E+00
   4.7326390E-04   1.1991439E+06   1.1991439E+06   1.5274449E+06   1.2405669E+04   1.3715853E+03   1.1994818E+06   1.1991439E+06   1.1994137E+06   0.0000000E+00   0.0000000E+00   0.0000000E+00   0.0000000E+00
   5.0857309E-04   1.1989206E+06   1.1989206E+06   1.5163708E+06   1.2347074E+04   1.3438709E+03   1.1992299E+06   1.1989206E+06   1.1991618E+06   0.0000000E+00   0.0000000E+00   0.0000000E+00   0.0000000E+00
   5.4651662E-04   1.1986633E+06   1.1986633E+06   1.5036742E+06   1.2279766E+04   1.3123433E+03   1.1989397E+06   1.1986633E+06   1.1988716E+06   0.0000000E+00   0.0000000E+00   0.0000000E+00   0.0000000E+00
   5.8729104E-04   1.1983670E+06   1.1983670E+06   1.4891340E+06   1.2202512E+04   1.2765645E+03   1.1986056E+06   1.1983670E+06   1.1985375E+06   0.0000000E+00   0.0000000E+00   0.0000000E+00   0.0000000E+00
   6.3110755E-04   1.1980258E+06   1.1980258E+06   1.4725039E+06   1.2113927E+04   1.2360760E+03   1.1982211E+06   1.1980258E+06   1.1981531E+06   0.0000000E+00   0.0000000E+00   0.0000000E+00   0.0000000E+00
   6.7819311E-04   1.1976331E+06   1.1976331E+06   1.4535122E+06   1.2012460E+04   1.1904094E+03   1.1977789E+06   1.1976331E+06   1.1977109E+06   0.0000000E+00   0.0000000E+00   0.0000000E+00   0.0000000E+00
   7.2879163E-04   1.1971814E+06   1.1971814E+06   1.4318613E+06   1.1896386E+04   1.1391028E+03   1.1972707E+06   1.1971814E+06   1.1972027E+06   0.0000000E+00   0.0000000E+00   0.0000000E+00   0.0000000E+00
   7.8316519E-04   1.1966622E+06   1.1966622E+06   1.4072287E+06   1.1763796E+04   1.0817235E+03   1.1966869E+06   1.1966622E+06   1.1966190E+06   0.0000000E+00   0.0000000E+00   0.0000000E+00   0.0000000E+00
   8.4159544E-04   1.1960657E+06   1.1960657E+06   1.3792695E+06   1.1612596E+04   1.0179001E+03   1.1960169E+06   1.1960657E+06   1.1959490E+06   0.0000000E+00   0.0000000E+00   0.0000000E+00   0.0000000E+00
   9.0438505E-04   1.1953810E+06   1.1953810E+06   1.3476205E+06   1.1440513E+04   9.4736571E+02   1.1952487E+06   1.1953810E+06   1.1951809E+06   0.0000000E+00   0.0000000E+00   0.0000000E+00   0.0000000E+00
   9.7185925E-04   1.1945958E+06   1.1945958E+06   1.3119079E+06   1.1245106E+04   8.7001331E+02   1.1943688E+06   1.1945958E+06   1.1943010E+06   0.0000000E+00   0.0000000E+00   0.0000000E+00   0.0000000E+00
   1.0443676E-03   1.1936962E+06   1.1936962E+06   1.2717578E+06   1.1023798E+04   7.8596763E+02   1.1933623E+06   1.1936962E+06   1.1932945E+06   0.0000000E+00   0.0000000E+00   0.0000000E+00   0.0000000E+00
   1.1222856E-03   1.1926669E+06   1.1926669E+06   1.2268113E+06   1.0773917E+04   6.9567303E+02   1.1922124E+06   1.1926669E+06   1.1921447E+06   0.0000000E+00   0.0000000E+00   0.0000000E+00   0.0000000E+00
   1.2060168E-03   1.1914905E+06   1.1914905E+06   1.1767456E+06   1.0492770E+04   5.9999875E+02   1.1909008E+06   1.1914905E+06   1.1908333E+06   0.0000000E+00   0.0000000E+00   0.0000000E+00   0.0000000E+00
   1.2959951E-03   1.1901483E+06   1.1901483E+06   1.1213013E+06   1.0177738E+04   5.0035908E+02   1.1894076E+06   1.1901483E+06   1.1893401E+06   0.0000000E+00   0.0000000E+00   0.0000000E+00   0.0000000E+00
   1.3926865E-03   1.1886195E+06   1.1886195E+06   1.0603168E+06   9.8264094E+03   3.9884287E+02   1.1877111E+06   1.1886195E+06   1.1876437E+06   0.0000000E+00   0.0000000E+00   0.0000000E+00   0.0000000E+00
   1.4965918E-03   1.1868815E+06   1.1868815E+06   9.9377143E+05   9.4367600E+03   2.9834039E+02   1.1857879E+06   1.1868815E+06   1.1857206E+06   0.0000000E+00   0.0000000E+00   0.0000000E+00   0.0000000E+00
   1.6082493E-03   1.1849101E+06   1.1849101E+06   9.2183543E+05   9.0073729E+03   2.0264761E+02   1.1836136E+06   1.1849101E+06   1.1835464E+06   0.0000000E+00   0.0000000E+00   0.0000000E+00   0.0000000E+00
   1.7282373E-03   1.1826794E+06   1.1826794E+06   8.4492646E+05   8.5377136E+03   1.1651623E+02   1.1811624E+06   1.1826794E+06   1.1810954E+06   0.0000000E+00   0.0000000E+00   0.0000000E+00   0.0000000E+00
   1.8571773E-03   1.1801624E+06   1.1801624E+06   7.6376863E+05   8.0284495E+03   4.5604144E+01   1.1784081E+06   1.1801624E+06   1.1783413E+06   0.0000000E+00   0.0000000E+00   0.0000000E+00   0.0000000E+00
   1.9957373E-03   1.1773310E+06   1.1773310E+06   6.7944784E+05   7.4818068E+03   -3.7340959E+00   1.1753244E+06   1.1773310E+06   1.1752578E+06   0.0000000E+00   0.0000000E+00   0.0000000E+00   0.0000000E+00
   2.1446349E-03   1.1741567E+06   1.1741567E+06   5.9345349E+05   6.9019393E+03   -2.4889923E+01   1.1718854E+06   1.1741567E+06   1.1718189E+06   0.0000000E+00   0.0000000E+00   0.0000000E+00   0.0000000E+00
   2.3046415E-03   1.1706109E+06   1.1706109E+06   5.0769246E+05   6.2952693E+03   -1.1752351E+01   1.1680664E+06   1.1706109E+06   1.1680002E+06   0.0000000E+00   0.0000000E+00   0.0000000E+00   0.0000000E+00
   2.4765858E-03   1.1666658E+06   1.1666658E+06   4.2445674E+05   5.6707377E+03   4.0173540E+01   1.1638447E+06   1.1666658E+06   1.1637787E+06   0.0000000E+00   0.0000000E+00   0.0000000E+00   0.0000000E+00
   2.6613585E-03   1.1622948E+06   1.1622948E+06   3.4632358E+05   5.0398780E+03   1.3227927E+02   1.1591999E+06   1.1622948E+06   1.1591342E+06   0.0000000E+00   0.0000000E+00   0.0000000E+00   0.0000000E+00
   2.8599166E-03   1.1574728E+06   1.1574728E+06   2.7596733E+05   4.4166062E+03   2.6110832E+02   1.1541143E+06   1.1574728E+06   1.1540488E+06   0.0000000E+00   0.0000000E+00   0.0000000E+00   0.0000000E+00
   3.0732888E-03   1.1521768E+06   1.1521768E+06   2.1587074E+05   3.8166102E+03   4.1665345E+02   1.1485725E+06   1.1521768E+06   1.1485074E+06   0.0000000E+00   0.0000000E+00   0.0000000E+00   0.0000000E+00
   3.3025802E-03   1.1463854E+06   1.1463854E+06   1.6794204E+05   3.2562405E+03   5.8125366E+02   1.1425609E+06   1.1463854E+06   1.1424961E+06   0.0000000E+00   0.0000000E+00   0.0000000E+00   0.0000000E+00
   3.5489786E-03   1.1400779E+06   1.1400779E+06   1.3307820E+05   2.7508629E+03   7.2993007E+02   1.1360654E+06   1.1400779E+06   1.1360010E+06   0.0000000E+00   0.0000000E+00   0.0000000E+00   0.0000000E+00
   3.8137601E-03   1.1332337E+06   1.1332337E+06   1.1076258E+05   2.3127625E+03   8.3317088E+02   1.1290696E+06   1.1332337E+06   1.1290056E+06   0.0000000E+00   0.0000000E+00   0.0000000E+00   0.0000000E+00
   4.0982965E-03   1.1258299E+06   1.1258299E+06   9.8838571E+04   1.9488791E+03   8.6299406E+02   1.1215516E+06   1.1258299E+06   1.1214880E+06   0.0000000E+00   0.0000000E+00   0.0000000E+00   0.0000000E+00
   4.4040615E-03   1.1178400E+06   1.1178400E+06   9.3635842E+04   1.6588994E+03   8.0224577E+02   1.1134817E+06   1.1178400E+06   1.1134186E+06   0.0000000E+00   0.0000000E+00   0.0000000E+00   0.0000000E+00
   4.7326390E-03   1.1092320E+06   1.1092320E+06   9.0603106E+04   1.4344413E+03   6.5525903E+02   1.1048207E+06   1.1092320E+06   1.1047581E+06   0.0000000E+00   0.0000000E+00   0.0000000E+00   0.0000000E+00
   5.0857309E-03   1.0999683E+06   1.0999683E+06   8.5470211E+04   1.2601044E+03   4.5535239E+02   1.0955211E+06   1.0999683E+06   1.0954590E+06   0.0000000E+00   0.0000000E+00   0.0000000E+00   0.0000000E+00
   5.4651662E-03   1.0900075E+06   1.0900075E+06   7.5697163E+04   1.1168265E+03   2.6234573E+02   1.0855310E+06   1.0900075E+06   1.0854694E+06   0.0000000E+00   0.0000000E+00   0.0000000E+00   0.0000000E+00
   5.8729104E-03   1.0793070E+06   1.0793070E+06   6.1621697E+04   9.8714148E+02   1.4389136E+02   1.0748003E+06   1.0793070E+06   1.0747393E+06   0.0000000E+00   0.0000000E+00   0.0000000E+00   0.0000000E+00
   6.3110755E-03   1.0678272E+06   1.0678272E+06   4.6491860E+04   8.6067687E+02   1.4132951E+02   1.0632882E+06   1.0678272E+06   1.0632278E+06   0.0000000E+00   0.0000000E+00   0.0000000E+00   0.0000000E+00
   6.7819311E-03   1.0555354E+06   1.0555354E+06   3.4807175E+04   7.3715830E+02   2.3504215E+02   1.0509667E+06   1.0555354E+06   1.0509070E+06   0.0000000E+00   0.0000000E+00   0.0000000E+00   0.0000000E+00
   7.2879163E-03   1.0424043E+06   1.0424043E+06   2.9365239E+04   6.2438540E+02   3.3898310E+02   1.0378174E+06   1.0424043E+06   1.0377585E+06   0.0000000E+00   0.0000000E+00   0.0000000E+00   0.0000000E+00
   7.8316519E-03   1.0284083E+06   1.0284083E+06   2.8850983E+04   5.3111542E+02   3.5065881E+02   1.0238216E+06   1.0284083E+06   1.0237634E+06   0.0000000E+00   0.0000000E+00   0.0000000E+00   0.0000000E+00
   8.4159544E-03   1.0135178E+06   1.0135178E+06   2.8464575E+04   4.5901177E+02   2.4153923E+02   1.0089492E+06   1.0135178E+06   1.0088919E+06   0.0000000E+00   0.0000000E+00   0.0000000E+00   0.0000000E+00
   9.0438505E-03   9.9769625E+05   9.9769625E+05   2.4238762E+04   4.0050563E+02   1.0677214E+02   9.9315691E+05   9.9769625E+05   9.9310045E+05   0.0000000E+00   0.0000000E+00   0.0000000E+00   0.0000000E+00
   9.7185925E-03   9.8090491E+05   9.8090491E+05   1.7434302E+04   3.4589032E+02   8.1496956E+01   9.7639883E+05   9.8090491E+05   9.7634331E+05   0.0000000E+00   0.0000000E+00   0.0000000E+00   0.0000000E+00
   1.0443676E-02   9.6311006E+05   9.6311006E+05   1.3162407E+04   2.9313091E+02   1.6633268E+02   9.5864155E+05   9.6311006E+05   9.5858703E+05   0.0000000E+00   0.0000000E+00   0.0000000E+00   0.0000000E+00
   1.1222856E-02   9.4428420E+05   9.4428420E+05   1.3165570E+04   2.4802604E+02   1.9849519E+02   9.3986435E+05   9.4428420E+05   9.3981089E+05   0.0000000E+00   0.0000000E+00   0.0000000E+00   0.0000000E+00
   1.2060168E-02   9.2439884E+05   9.2439884E+05   1.2830519E+04   2.1325210E+02   1.0115403E+02   9.2004239E+05   9.2439884E+05   9.1999005E+05   0.0000000E+00   0.0000000E+00   0.0000000E+00   0.0000000E+00
   1.2959951E-02   9.0342074E+05   9.0342074E+05   9.2725887E+03   1.8321366E+02   4.3746105E+01   8.9913780E+05   9.0342074E+05   8.9908664E+05   0.0000000E+00   0.0000000E+00   0.0000000E+00   0.0000000E+00
   1.3926865E-02   8.8131984E+05   8.8131984E+05   6.8994168E+03   1.5442935E+02   1.1316121E+02   8.7711574E+05   8.8131984E+05   8.7706583E+05   0.0000000E+00   0.0000000E+00   0.0000000E+00   0.0000000E+00
   1.4965918E-02   8.5807474E+05   8.5807474E+05   7.3859412E+03   1.3070254E+02   1.0349794E+02   8.5395745E+05   8.5807474E+05   8.5390885E+05   0.0000000E+00   0.0000000E+00   0.0000000E+00   0.0000000E+00
   1.6082493E-02   8.3366643E+05   8.3366643E+05   5.8825461E+03   1.1169215E+02   2.5408464E+01   8.2964742E+05   8.3366643E+05   8.2960021E+05   0.0000000E+00   0.0000000E+00   0.0000000E+00   0.0000000E+00
   1.7282373E-02   8.0808106E+05   8.0808106E+05   4.1455041E+03   9.3688449E+01   7.6536786E+01   8.0416952E+05   8.0808106E+05   8.0412375E+05   0.0000000E+00   0.0000000E+00   0.0000000E+00   0.0000000E+00
   1.8571773E-02   7.8132032E+05   7.8132032E+05   4.4816588E+03   7.9082710E+01   5.4240276E+01   7.7752279E+05   7.8132032E+05   7.7747853E+05   0.0000000E+00   0.0000000E+00   0.0000000E+00   0.0000000E+00
   1.9957373E-02   7.5339859E+05   7.5339859E+05   3.0336477E+03   6.6733559E+01   2.4311215E+01   7.4972356E+05   7.5339859E+05   7.4968088E+05   0.0000000E+00   0.0000000E+00   0.0000000E+00   0.0000000E+00
   2.1446349E-02   7.2435090E+05   7.2435090E+05   2.8927247E+03   5.5598906E+01   5.7567347E+01   7.2080724E+05   7.2435090E+05   7.2076621E+05   0.0000000E+00   0.0000000E+00   0.0000000E+00   0.0000000E+00
   2.3046413E-02   6.9424117E+05   6.9424117E+05   2.2202133E+03   4.6818712E+01   1.0971682E+01   6.9083466E+05   6.9424117E+05   6.9079533E+05   0.0000000E+00   0.0000000E+00   0.0000000E+00   0.0000000E+00
   2.4765847E-02   6.6316576E+05   6.6316576E+05   1.9770094E+03   3.8764931E+01   4.2535553E+01   6.5990411E+05   6.6316576E+05   6.5986653E+05   0.0000000E+00   0.0000000E+00   0.0000000E+00   0.0000000E+00
   2.6613525E-02   6.3126601E+05   6.3126601E+05   1.4460368E+03   3.2378307E+01   1.1469297E+01   6.2815384E+05   6.3126601E+05   6.2811808E+05   0.0000000E+00   0.0000000E+00   0.0000000E+00   0.0000000E+00
   2.8598877E-02   5.9873408E+05   5.9873408E+05   1.4156292E+03   2.6737509E+01   1.9851526E+01   5.9577702E+05   5.9873408E+05   5.9574310E+05   0.0000000E+00   0.0000000E+00   0.0000000E+00   0.0000000E+00
   3.0731677E-02   5.6582562E+05   5.6582562E+05   9.7437089E+02   2.2025729E+01   2.3890097E+01   5.6302565E+05   5.6582562E+05   5.6299360E+05   0.0000000E+00   0.0000000E+00   0.0000000E+00   0.0000000E+00
   3.3021353E-02   5.3287111E+05   5.3287111E+05   8.2113711E+02   1.8184099E+01   3.8920709E+00   5.3023040E+05   5.3287111E+05   5.3020021E+05   0.0000000E+00   0.0000000E+00   0.0000000E+00   0.0000000E+00
   3.5475319E-02   5.0029036E+05   5.0029036E+05   7.5555254E+02   1.4864975E+01   7.4468365E+00   4.9780779E+05   5.0029036E+05   4.9777944E+05   0.0000000E+00   0.0000000E+00   0.0000000E+00   0.0000000E+00
   3.8095710E-02   4.6860452E+05   4.6860452E+05   6.0369477E+02   1.2124342E+01   1.3959820E+01   4.6627615E+05   4.6860452E+05   4.6624960E+05   0.0000000E+00   0.0000000E+00   0.0000000E+00   0.0000000E+00
   4.0874430E-02   4.3842755E+05   4.3842755E+05   4.5322874E+02   9.9002198E+00   1.2769472E+01   4.3624681E+05   4.3842755E+05   4.3622197E+05   0.0000000E+00   0.0000000E+00   0.0000000E+00   0.0000000E+00
   4.3788280E-02   4.1040870E+05   4.1040870E+05   3.4813870E+02   8.0985298E+00   8.9609543E+00   4.0836553E+05   4.1040870E+05   4.0834228E+05   0.0000000E+00   0.0000000E+00   0.0000000E+00   0.0000000E+00
   4.6798446E-02   3.8510693E+05   3.8510693E+05   2.7963229E+02   6.6513282E+00   5.8182518E+00   3.8318828E+05   3.8510693E+05   3.8316646E+05   0.0000000E+00   0.0000000E+00   0.0000000E+00   0.0000000E+00
   4.9858098E-02   3.6283685E+05   3.6283685E+05   2.3317307E+02   5.5039332E+00   3.5813304E+00   3.6102790E+05   3.6283685E+05   3.6100734E+05   0.0000000E+00   0.0000000E+00   0.0000000E+00   0.0000000E+00
   5.2925377E-02   3.4358406E+05   3.4358406E+05   1.9994873E+02   4.6008897E+00   1.9501014E+00   3.4187009E+05   3.4358406E+05   3.4185062E+05   0.0000000E+00   0.0000000E+00   0.0000000E+00   0.0000000E+00
   5.5973199E-02   3.2704913E+05   3.2704913E+05   1.7492532E+02   3.8878294E+00   8.8499233E-01   3.2541687E+05   3.2704913E+05   3.2539834E+05   0.0000000E+00   0.0000000E+00   0.0000000E+00   0.0000000E+00
   5.8990791E-02   3.1277263E+05   3.1277263E+05   1.5495852E+02   3.3199616E+00   4.4057531E-01   3.1121100E+05   3.1277263E+05   3.1119328E+05   0.0000000E+00   0.0000000E+00   0.0000000E+00   0.0000000E+00
   6.1979484E-02   3.0025446E+05   3.0025446E+05   1.3825098E+02   2.8618253E+00   5.8808531E-01   2.9875483E+05   3.0025446E+05   2.9873782E+05   0.0000000E+00   0.0000000E+00   0.0000000E+00   0.0000000E+00
   6.4947446E-02   2.8902660E+05   2.8902660E+05   1.2399954E+02   2.4873367E+00   1.0090668E+00   2.8758261E+05   2.8902660E+05   2.8756623E+05   0.0000000E+00   0.0000000E+00   0.0000000E+00   0.0000000E+00
   6.7905790E-02   2.7868469E+05   2.7868469E+05   1.1170953E+02   2.1782093E+00   1.3390168E+00   2.7729196E+05   2.7868469E+05   2.7727617E+05   0.0000000E+00   0.0000000E+00   0.0000000E+00   0.0000000E+00
   7.0866330E-02   2.6889650E+05   2.6889650E+05   1.0052584E+02   1.9193631E+00   1.6110052E+00   2.6755237E+05   2.6889650E+05   2.6753713E+05   0.0000000E+00   0.0000000E+00   0.0000000E+00   0.0000000E+00
   7.3840510E-02   2.5940126E+05   2.5940126E+05   8.9330359E+01   1.6993589E+00   1.9990322E+00   2.5810432E+05   2.5940126E+05   2.5808962E+05   0.0000000E+00   0.0000000E+00   0.0000000E+00   0.0000000E+00
   7.6838974E-02   2.5000631E+05   2.5000631E+05   7.7671490E+01   1.5101059E+00   2.4360291E+00   2.4875612E+05   2.5000631E+05   2.4874196E+05   0.0000000E+00   0.0000000E+00   0.0000000E+00   0.0000000E+00
   7.9871484E-02   2.4058368E+05   2.4058368E+05   6.6277048E+01   1.3457102E+00   2.6346629E+00   2.3938041E+05   2.4058368E+05   2.3936678E+05   0.0000000E+00   0.0000000E+00   0.0000000E+00   0.0000000E+00
   8.2946971E-02   2.3106675E+05   2.3106675E+05   5.6336940E+01   1.2020930E+00   2.4037299E+00   2.2991090E+05   2.3106675E+05   2.2989781E+05   0.0000000E+00   0.0000000E+00   0.0000000E+00   0.0000000E+00
   8.6073645E-02   2.2144651E+05   2.2144651E+05   4.8454478E+01   1.0756227E+00   1.8899646E+00   2.2033862E+05   2.2144651E+05   2.2032607E+05   0.0000000E+00   0.0000000E+00   0.0000000E+00   0.0000000E+00
   8.9259124E-02   2.1176641E+05   2.1176641E+05   4.2404674E+01   9.6324684E-01   1.3758235E+00   2.1070681E+05   2.1176641E+05   2.1069481E+05   0.0000000E+00   0.0000000E+00   0.0000000E+00   0.0000000E+00
   9.2510540E-02   2.0211519E+05   2.0211519E+05   3.7611152E+01   8.6285418E-01   1.0330516E+00   2.0110376E+05   2.0211519E+05   2.0109231E+05   0.0000000E+00   0.0000000E+00   0.0000000E+00   0.0000000E+00
   9.5834650E-02   1.9261695E+05   1.9261695E+05   3.3637303E+01   7.7280246E-01   9.0505595E-01   1.9165294E+05   1.9261695E+05   1.9164203E+05   0.0000000E+00   0.0000000E+00   0.0000000E+00   0.0000000E+00
   9.9237914E-02   1.8341820E+05   1.8341820E+05   3.0347630E+01   6.9186190E-01   9.4105703E-01   1.8250014E+05   1.8341820E+05   1.8248974E+05   0.0000000E+00   0.0000000E+00   0.0000000E+00   0.0000000E+00
   1.0272657E-01   1.7467217E+05   1.7467217E+05   2.7802725E+01   6.1917965E-01   1.0289229E+00   1.7379780E+05   1.7467217E+05   1.7378790E+05   0.0000000E+00   0.0000000E+00   0.0000000E+00   0.0000000E+00
   1.0630670E-01   1.6652099E+05   1.6652099E+05   2.5999614E+01   5.5403844E-01   1.0175277E+00   1.6568735E+05   1.6652099E+05   1.6567791E+05   0.0000000E+00   0.0000000E+00   0.0000000E+00   0.0000000E+00
   1.0998427E-01   1.5907715E+05   1.5907715E+05   2.4515803E+01   4.9579109E-01   7.4520277E-01   1.5828072E+05   1.5907715E+05   1.5827170E+05   0.0000000E+00   0.0000000E+00   0.0000000E+00   0.0000000E+00
   1.1376515E-01   1.5240620E+05   1.5240620E+05   2.2372174E+01   4.4383984E-01   2.0239763E-01   1.5164310E+05   1.5240620E+05   1.5163447E+05   0.0000000E+00   0.0000000E+00   0.0000000E+00   0.0000000E+00
   1.1765521E-01   1.4651300E+05   1.4651300E+05   1.8880351E+01   3.9753056E-01   -2.0773392E-01   1.4577936E+05   1.4651300E+05   1.4577106E+05   0.0000000E+00   0.0000000E+00   0.0000000E+00   0.0000000E+00
   1.2166026E-01   1.4133434E+05   1.4133434E+05   1.5406914E+01   3.5619686E-01   8.5649573E-02   1.4062658E+05   1.4133434E+05   1.4061857E+05   0.0000000E+00   0.0000000E+00   0.0000000E+00   0.0000000E+00
   1.2578615E-01   1.3674014E+05   1.3674014E+05   1.4573183E+01   3.1944236E-01   6.8143657E-01   1.3605534E+05   1.3674014E+05   1.3604760E+05   0.0000000E+00   0.0000000E+00   0.0000000E+00   0.0000000E+00
   1.3003873E-01   1.3254516E+05   1.3254516E+05   1.4784871E+01   2.8704699E-01   3.5412067E-01   1.3188133E+05   1.3254516E+05   1.3187382E+05   0.0000000E+00   0.0000000E+00   0.0000000E+00   0.0000000E+00
   1.3442389E-01   1.2853125E+05   1.2853125E+05   1.2154034E+01   2.5829824E-01   -4.8921434E-02   1.2788750E+05   1.2853125E+05   1.2788021E+05   0.0000000E+00   0.0000000E+00   0.0000000E+00   0.0000000E+00
   1.3894757E-01   1.2447874E+05   1.2447874E+05   1.0972117E+01   2.3249910E-01   4.5512189E-01   1.2385525E+05   1.2447874E+05   1.2384820E+05   0.0000000E+00   0.0000000E+00   0.0000000E+00   0.0000000E+00
   1.4361576E-01   1.2020277E+05   1.2020277E+05   1.0754105E+01   2.0951584E-01   -3.1666213E-02   1.1960066E+05   1.2020277E+05   1.1959385E+05   0.0000000E+00   0.0000000E+00   0.0000000E+00   0.0000000E+00
   1.4843451E-01   1.1558852E+05   1.1558852E+05   8.6173945E+00   1.8860630E-01   3.6868287E-01   1.1500950E+05   1.1558852E+05   1.1500295E+05   0.0000000E+00   0.0000000E+00   0.0000000E+00   0.0000000E+00
   1.5340994E-01   1.1061753E+05   1.1061753E+05   8.7181799E+00   1.6983119E-01   -4.0140228E-02   1.1006339E+05   1.1061753E+05   1.1005712E+05   0.0000000E+00   0.0000000E+00   0.0000000E+00   0.0000000E+00
   1.5854825E-01   1.0537735E+05   1.0537735E+05   7.0555567E+00   1.5256340E-01   3.5373314E-01   1.0484944E+05   1.0537735E+05   1.0484346E+05   0.0000000E+00   0.0000000E+00   0.0000000E+00   0.0000000E+00
   1.6385570E-01   1.0004879E+05   1.0004879E+05   6.4574147E+00   1.3693835E-01   -6.1248482E-02   9.9547561E+04   1.0004879E+05   9.9541891E+04   0.0000000E+00   0.0000000E+00   0.0000000E+00   0.0000000E+00
   1.6933866E-01   9.4869429E+04   9.4869429E+04   6.1150979E+00   1.2265772E-01   8.8073389E-02   9.4394124E+04   9.4869429E+04   9.4388749E+04   0.0000000E+00   0.0000000E+00   0.0000000E+00   0.0000000E+00
   1.7500358E-01   9.0078084E+04   9.0078084E+04   5.0940595E+00   1.0969915E-01   2.7144559E-01   8.9626772E+04   9.0078084E+04   8.9621668E+04   0.0000000E+00   0.0000000E+00   0.0000000E+00   0.0000000E+00
   1.8085700E-01   8.5852214E+04   8.5852214E+04   4.3911250E+00   9.8093095E-02   1.6356237E-01   8.5422060E+04   8.5852214E+04   8.5417195E+04   0.0000000E+00   0.0000000E+00   0.0000000E+00   0.0000000E+00
   1.8690558E-01   8.2255031E+04   8.2255031E+04   3.9638768E+00   8.7756973E-02   -2.8064754E-03   8.1842888E+04   8.2255031E+04   8.1838227E+04   0.0000000E+00   0.0000000E+00   0.0000000E+00   0.0000000E+00
   1.9315612E-01   7.9210549E+04   7.9210549E+04   3.6237604E+00   7.8553230E-02   -2.9256282E-02   7.8813650E+04   7.9210549E+04   7.8809162E+04   0.0000000E+00   0.0000000E+00   0.0000000E+00   0.0000000E+00
   1.9961553E-01   7.6519616E+04   7.6519616E+04   3.2981659E+00   7.0414362E-02   -3.8732024E-02   7.6136191E+04   7.6519616E+04   7.6131855E+04   0.0000000E+00   0.0000000E+00   0.0000000E+00   0.0000000E+00
   2.0629090E-01   7.3918376E+04   7.3918376E+04   2.9577405E+00   6.3196987E-02   -4.5419263E-02   7.3547975E+04   7.3918376E+04   7.3543787E+04   0.0000000E+00   0.0000000E+00   0.0000000E+00   0.0000000E+00
   2.1318948E-01   7.1164940E+04   7.1164940E+04   2.6224442E+00   5.6735410E-02   -8.9039443E-04   7.0808329E+04   7.1164940E+04   7.0804296E+04   0.0000000E+00   0.0000000E+00   0.0000000E+00   0.0000000E+00
   2.2031877E-01   6.8125623E+04   6.8125623E+04   2.3783110E+00   5.0901297E-02   8.9095973E-02   6.7784235E+04   6.8125623E+04   6.7780375E+04   0.0000000E+00   0.0000000E+00   0.0000000E+00   0.0000000E+00
   2.2768646E-01   6.4826070E+04   6.4826070E+04   2.2500825E+00   4.5605644E-02   9.2328291E-02   6.4501211E+04   6.4826070E+04   6.4497538E+04   0.0000000E+00   0.0000000E+00   0.0000000E+00   0.0000000E+00
   2.3530058E-01   6.1440767E+04   6.1440767E+04   1.9773095E+00   4.0797526E-02   -4.1020051E-02   6.1132867E+04   6.1440767E+04   6.1129385E+04   0.0000000E+00   0.0000000E+00   0.0000000E+00   0.0000000E+00
   2.4316943E-01   5.8217518E+04   5.8217518E+04   1.6648126E+00   3.6421122E-02   5.4960870E-02   5.7925764E+04   5.8217518E+04   5.7922466E+04   0.0000000E+00   0.0000000E+00   0.0000000E+00   0.0000000E+00
   2.5130174E-01   5.5364269E+04   5.5364269E+04   1.5870803E+00   3.2500959E-02   3.1698529E-02   5.5086810E+04   5.5364269E+04   5.5083673E+04   0.0000000E+00   0.0000000E+00   0.0000000E+00   0.0000000E+00
   2.5970666E-01   5.2949756E+04   5.2949756E+04   1.3395487E+00   2.9019066E-02   5.3193630E-02   5.2684394E+04   5.2949756E+04   5.2681393E+04   0.0000000E+00   0.0000000E+00   0.0000000E+00   0.0000000E+00
   2.6839386E-01   5.0870918E+04   5.0870918E+04   1.2336112E+00   2.5949404E-02   -3.1126800E-02   5.0615970E+04   5.0870918E+04   5.0613088E+04   0.0000000E+00   0.0000000E+00   0.0000000E+00   0.0000000E+00
   2.7737359E-01   4.8911194E+04   4.8911194E+04   1.1452912E+00   2.3216403E-02   4.5609801E-02   4.8666065E+04   4.8911194E+04   4.8663293E+04   0.0000000E+00   0.0000000E+00   0.0000000E+00   0.0000000E+00
   2.8665681E-01   4.6863969E+04   4.6863969E+04   1.0146118E+00   2.0784758E-02   3.5512064E-02   4.6629096E+04   4.6863969E+04   4.6626440E+04   0.0000000E+00   0.0000000E+00   0.0000000E+00   0.0000000E+00
   2.9625525E-01   4.4651434E+04   4.4651434E+04   8.9921922E-01   1.8584618E-02   3.5471006E-02   4.4427648E+04   4.4651434E+04   4.4425118E+04   0.0000000E+00   0.0000000E+00   0.0000000E+00   0.0000000E+00
   3.0618158E-01   4.2362886E+04   4.2362886E+04   8.0257305E-01   1.6591078E-02   2.3845059E-02   4.2150567E+04   4.2362886E+04   4.2148166E+04   0.0000000E+00   0.0000000E+00   0.0000000E+00   0.0000000E+00
   3.1644950E-01   4.0182280E+04   4.0182280E+04   7.1332934E-01   1.4791752E-02   6.0107084E-03   3.9980888E+04   4.0182280E+04   3.9978611E+04   0.0000000E+00   0.0000000E+00   0.0000000E+00   0.0000000E+00
   3.2707394E-01   3.8251181E+04   3.8251181E+04   6.2092204E-01   1.3182224E-02   7.2098472E-03   3.8059466E+04   3.8251181E+04   3.8057298E+04   0.0000000E+00   0.0000000E+00   0.0000000E+00   0.0000000E+00
   3.3807125E-01   3.6566821E+04   3.6566821E+04   5.5579131E-01   1.1755901E-02   1.4591098E-02   3.6383546E+04   3.6566821E+04   3.6381474E+04   0.0000000E+00   0.0000000E+00   0.0000000E+00   0.0000000E+00
   3.4945939E-01   3.4996135E+04   3.4996135E+04   5.0638082E-01   1.0491845E-02   -1.7121289E-03   3.4820731E+04   3.4996135E+04   3.4818748E+04   0.0000000E+00   0.0000000E+00   0.0000000E+00   0.0000000E+00
   3.6125819E-01   3.3395890E+04   3.3395890E+04   4.4770023E-01   9.3595951E-03   2.1645106E-02   3.3228506E+04   3.3395890E+04   3.3226613E+04   0.0000000E+00   0.0000000E+00   0.0000000E+00   0.0000000E+00
   3.7348968E-01   3.1734540E+04   3.1734540E+04   3.9363478E-01   8.3405484E-03   1.2808765E-02   3.1575481E+04   3.1734540E+04   3.1573683E+04   0.0000000E+00   0.0000000E+00   0.0000000E+00   0.0000000E+00
   3.8617843E-01   3.0103517E+04   3.0103517E+04   3.5122797E-01   7.4203237E-03   5.9951532E-03   2.9952631E+04   3.0103517E+04   2.9950926E+04   0.0000000E+00   0.0000000E+00   0.0000000E+00   0.0000000E+00
   3.9935198E-01   2.8608851E+04   2.8608851E+04   3.1183309E-01   6.5964087E-03   4.4882656E-03   2.8465456E+04   2.8608851E+04   2.8463835E+04   0.0000000E+00   0.0000000E+00   0.0000000E+00   0.0000000E+00
   4.1304135E-01   2.7257890E+04   2.7257890E+04   2.7830753E-01   5.8630156E-03   1.7652718E-02   2.7121265E+04   2.7257890E+04   2.7119721E+04   0.0000000E+00   0.0000000E+00   0.0000000E+00   0.0000000E+00
   4.2728168E-01   2.5964531E+04   2.5964531E+04   2.5024027E-01   5.2109078E-03   1.0934239E-02   2.5834389E+04   2.5964531E+04   2.5832918E+04   0.0000000E+00   0.0000000E+00   0.0000000E+00   0.0000000E+00
   4.4211299E-01   2.4660938E+04   2.4660938E+04   2.1991421E-01   4.6257190E-03   4.8761809E-03   2.4537329E+04   2.4660938E+04   2.4535932E+04   0.0000000E+00   0.0000000E+00   0.0000000E+00   0.0000000E+00
   4.5758110E-01   2.3372838E+04   2.3372838E+04   1.9507426E-01   4.0987544E-03   3.7526887E-03   2.3255685E+04   2.3372838E+04   2.3254361E+04   0.0000000E+00   0.0000000E+00   0.0000000E+00   0.0000000E+00
   4.7373883E-01   2.2163790E+04   2.2163790E+04   1.7294872E-01   3.6268958E-03   1.7885186E-03   2.2052696E+04   2.2163790E+04   2.2051441E+04   0.0000000E+00   0.0000000E+00   0.0000000E+00   0.0000000E+00
   4.9064743E-01   2.1036516E+04   2.1036516E+04   1.5256095E-01   3.2054773E-03   6.7454853E-03   2.0931073E+04   2.1036516E+04   2.0929881E+04   0.0000000E+00   0.0000000E+00   0.0000000E+00   0.0000000E+00
   5.0837842E-01   1.9939487E+04   1.9939487E+04   1.3525739E-01   2.8293292E-03   1.4471668E-03   1.9839542E+04   1.9939487E+04   1.9838412E+04   0.0000000E+00   0.0000000E+00   0.0000000E+00   0.0000000E+00
   5.2701592E-01   1.8855989E+04   1.8855989E+04   1.1863057E-01   2.4912984E-03   6.8584293E-03   1.8761474E+04   1.8855989E+04   1.8760406E+04   0.0000000E+00   0.0000000E+00   0.0000000E+00   0.0000000E+00
   5.4665958E-01   1.7817635E+04   1.7817635E+04   1.0430221E-01   2.1885174E-03   2.3807932E-03   1.7728324E+04   1.7817635E+04   1.7727315E+04   0.0000000E+00   0.0000000E+00   0.0000000E+00   0.0000000E+00
   5.6742845E-01   1.6830480E+04   1.6830480E+04   9.1635623E-02   1.9176514E-03   6.1407894E-04   1.6746117E+04   1.6830480E+04   1.6745163E+04   0.0000000E+00   0.0000000E+00   0.0000000E+00   0.0000000E+00
   5.8946581E-01   1.5867252E+04   1.5867252E+04   7.9951051E-02   1.6752674E-03   6.7538550E-03   1.5787716E+04   1.5867252E+04   1.5786817E+04   0.0000000E+00   0.0000000E+00   0.0000000E+00   0.0000000E+00
   6.1294550E-01   1.4927448E+04   1.4927448E+04   6.9613214E-02   1.4579315E-03   2.9734558E-03   1.4852623E+04   1.4927448E+04   1.4851778E+04   0.0000000E+00   0.0000000E+00   0.0000000E+00   0.0000000E+00
   6.3808009E-01   1.4022662E+04   1.4022662E+04   6.0276283E-02   1.2637064E-03   -1.5938621E-03   1.3952373E+04   1.4022662E+04   1.3951578E+04   0.0000000E+00   0.0000000E+00   0.0000000E+00   0.0000000E+00
   6.6513115E-01   1.3140514E+04   1.3140514E+04   5.2016743E-02   1.0899248E-03   -3.5638023E-04   1.3074647E+04   1.3140514E+04   1.3073902E+04   0.0000000E+00   0.0000000E+00   0.0000000E+00   0.0000000E+00
   6.9442223E-01   1.2278384E+04   1.2278384E+04   4.4589617E-02   9.3443515E-04   -3.3270199E-03   1.2216838E+04   1.2278384E+04   1.2216142E+04   0.0000000E+00   0.0000000E+00   0.0000000E+00   0.0000000E+00
   7.2635412E-01   1.1438591E+04   1.1438591E+04   3.7957547E-02   7.9553998E-04   -9.3810734E-04   1.1381254E+04   1.1438591E+04   1.1380606E+04   0.0000000E+00   0.0000000E+00   0.0000000E+00   0.0000000E+00
   7.6142141E-01   1.0614874E+04   1.0614874E+04   3.2049873E-02   6.7173993E-04   1.9467499E-03   1.0561666E+04   1.0614874E+04   1.0561064E+04   0.0000000E+00   0.0000000E+00   0.0000000E+00   0.0000000E+00
   8.0022666E-01   9.8084129E+03   9.8084129E+03   2.6813653E-02   5.6199168E-04   -2.3426258E-03   9.7592471E+03   9.8084129E+03   9.7586913E+03   0.0000000E+00   0.0000000E+00   0.0000000E+00   0.0000000E+00
   8.4348381E-01   9.0175119E+03   9.0175119E+03   2.2189219E-02   4.6508154E-04   -2.2775619E-03   8.9723104E+03   9.0175119E+03   8.9717994E+03   0.0000000E+00   0.0000000E+00   0.0000000E+00   0.0000000E+00
   8.9199642E-01   8.2441791E+03   8.2441791E+03   1.8139457E-02   3.8014922E-04   2.3703394E-04   8.2028539E+03   8.2441791E+03   8.2023868E+03   0.0000000E+00   0.0000000E+00   0.0000000E+00   0.0000000E+00
   9.4659160E-01   7.4919758E+03   7.4919758E+03   1.4637635E-02   3.0678255E-04   -1.6207936E-03   7.4544211E+03   7.4919758E+03   7.4539966E+03   0.0000000E+00   0.0000000E+00   0.0000000E+00   0.0000000E+00
   1.0080019E+00   6.7675888E+03   6.7675888E+03   1.1660346E-02   2.4434144E-04   1.9422455E-03   6.7336652E+03   6.7675888E+03   6.7332817E+03   0.0000000E+00   0.0000000E+00   0.0000000E+00   0.0000000E+00
   1.0767275E+00   6.0798045E+03   6.0798045E+03   9.1807556E-03   1.9240120E-04   -8.9229805E-05   6.0493284E+03   6.0798045E+03   6.0489838E+03   0.0000000E+00   0.0000000E+00   0.0000000E+00   0.0000000E+00
   1.1529661E+00   5.4374105E+03   5.4374105E+03   7.1607701E-03   1.5007765E-04   -1.0208424E-03   5.4101544E+03   5.4374105E+03   5.4098463E+03   0.0000000E+00   0.0000000E+00   0.0000000E+00   0.0000000E+00
   1.2366859E+00   4.8469594E+03   4.8469594E+03   5.5481567E-03   1.1626396E-04   6.9388136E-04   4.8226631E+03   4.8469594E+03   4.8223885E+03   0.0000000E+00   0.0000000E+00   0.0000000E+00   0.0000000E+00
   1.3278072E+00   4.3113666E+03   4.3113666E+03   4.2809717E-03   8.9711812E-05   1.3867985E-04   4.2897550E+03   4.3113666E+03   4.2895107E+03   0.0000000E+00   0.0000000E+00   0.0000000E+00   0.0000000E+00
   1.4263676E+00   3.8297917E+03   3.8297917E+03   3.2954060E-03   6.9060125E-05   5.2644730E-04   3.8105940E+03   3.8297917E+03   3.8103770E+03   0.0000000E+00   0.0000000E+00   0.0000000E+00   0.0000000E+00
   1.5325895E+00   3.3990181E+03   3.3990181E+03   2.5333594E-03   5.3085544E-05   1.2068465E-03   3.3819798E+03   3.3990181E+03   3.3817872E+03   0.0000000E+00   0.0000000E+00   0.0000000E+00   0.0000000E+00
   1.6468654E+00   3.0148252E+03   3.0148252E+03   1.9459898E-03   4.0779789E-05   -9.1065153E-06   2.9997127E+03   3.0148252E+03   2.9995419E+03   0.0000000E+00   0.0000000E+00   0.0000000E+00   0.0000000E+00
   1.7697143E+00   2.6726526E+03   2.6726526E+03   1.4939340E-03   3.1310830E-05   -8.2234393E-04   2.6592553E+03   2.6726526E+03   2.6591039E+03   0.0000000E+00   0.0000000E+00   0.0000000E+00   0.0000000E+00
   1.9017437E+00   2.3682181E+03   2.3682181E+03   1.1463361E-03   2.4024983E-05   -2.8040096E-04   2.3563468E+03   2.3682181E+03   2.3562126E+03   0.0000000E+00   0.0000000E+00   0.0000000E+00   0.0000000E+00
   2.0436275E+00   2.0975202E+03   2.0975202E+03   8.7921563E-04   1.8425007E-05   2.3930342E-04   2.0870059E+03   2.0975202E+03   2.0868871E+03   0.0000000E+00   0.0000000E+00   0.0000000E+00   0.0000000E+00
   2.1960978E+00   1.8569779E+03   1.8569779E+03   6.7405607E-04   1.4126616E-05   -2.1446992E-04   1.8476694E+03   1.8569779E+03   1.8475641E+03   0.0000000E+00   0.0000000E+00   0.0000000E+00   0.0000000E+00
   2.3599439E+00   1.6433383E+03   1.6433383E+03   5.1655399E-04   1.0825838E-05   -1.5891365E-04   1.6351007E+03   1.6433383E+03   1.6350076E+03   0.0000000E+00   0.0000000E+00   0.0000000E+00   0.0000000E+00
   2.5360142E+00   1.4536962E+03   1.4536962E+03   3.9569568E-04   8.2924756E-06   1.1197553E-04   1.4464092E+03   1.4536962E+03   1.4463269E+03   0.0000000E+00   0.0000000E+00   0.0000000E+00   0.0000000E+00
   2.7252207E+00   1.2854413E+03   1.2854413E+03   3.0299781E-04   6.3499792E-06   1.2711050E-04   1.2789977E+03   1.2854413E+03   1.2789249E+03   0.0000000E+00   0.0000000E+00   0.0000000E+00   0.0000000E+00
   2.9285435E+00   1.1362329E+03   1.1362329E+03   2.3192860E-04   4.8607066E-06   -3.4784240E-05   1.1305373E+03   1.1362329E+03   1.1304729E+03   0.0000000E+00   0.0000000E+00   0.0000000E+00   0.0000000E+00
   3.1470358E+00   1.0039779E+03   1.0039779E+03   1.7746403E-04   3.7192061E-06   1.0810223E-04   9.9894518E+02   1.0039779E+03   9.9888829E+02   0.0000000E+00   0.0000000E+00   0.0000000E+00   0.0000000E+00
   3.3818293E+00   8.8680341E+02   8.8680341E+02   1.3574171E-04   2.8449676E-06   8.5750405E-06   8.8235810E+02   8.8680341E+02   8.8230785E+02   0.0000000E+00   0.0000000E+00   0.0000000E+00   0.0000000E+00
   3.6341402E+00   7.8303576E+02   7.8303576E+02   1.0380156E-04   2.1754954E-06   -4.3402828E-05   7.7911061E+02   7.8303576E+02   7.7906624E+02   0.0000000E+00   0.0000000E+00   0.0000000E+00   0.0000000E+00
   3.9052755E+00   6.9118010E+02   6.9118010E+02   7.9462001E-05   1.6629625E-06   -1.1234171E-04   6.8771539E+02   6.9118010E+02   6.8767623E+02   0.0000000E+00   0.0000000E+00   0.0000000E+00   0.0000000E+00
   4.1966396E+00   6.0990256E+02   6.0990256E+02   6.0647576E-05   1.2707444E-06   -2.0629486E-05   6.0684528E+02   6.0990256E+02   6.0681072E+02   0.0000000E+00   0.0000000E+00   0.0000000E+00   0.0000000E+00
   4.5097418E+00   5.3801372E+02   5.3801372E+02   4.6319880E-05   9.7075218E-07   -3.1601906E-05   5.3531680E+02   5.3801372E+02   5.3528631E+02   0.0000000E+00   0.0000000E+00   0.0000000E+00   0.0000000E+00
   4.8462038E+00   4.7445368E+02   4.7445368E+02   3.5370138E-05   7.4139514E-07   -3.1663110E-05   4.7207537E+02   4.7445368E+02   4.7204848E+02   0.0000000E+00   0.0000000E+00   0.0000000E+00   0.0000000E+00
   5.2077686E+00   4.1827857E+02   4.1827857E+02   2.7001713E-05   5.6601061E-07   2.5279914E-06   4.1618185E+02   4.1827857E+02   4.1615815E+02   0.0000000E+00   0.0000000E+00   0.0000000E+00   0.0000000E+00
   5.5963089E+00   3.6864840E+02   3.6864840E+02   2.0607616E-05   4.3202925E-07   -1.8164807E-05   3.6680046E+02   3.6864840E+02   3.6677957E+02   0.0000000E+00   0.0000000E+00   0.0000000E+00   0.0000000E+00
   6.0138373E+00   3.2481607E+02   3.2481607E+02   1.5723433E-05   3.2967592E-07   -4.2588087E-05   3.2318785E+02   3.2481607E+02   3.2316944E+02   0.0000000E+00   0.0000000E+00   0.0000000E+00   0.0000000E+00
   6.4625167E+00   2.8611750E+02   2.8611750E+02   1.1993608E-05   2.5149864E-07   -2.7486659E-05   2.8468327E+02   2.8611750E+02   2.8466706E+02   0.0000000E+00   0.0000000E+00   0.0000000E+00   0.0000000E+00
   6.9446710E+00   2.5196275E+02   2.5196275E+02   9.1461673E-06   1.9180827E-07   2.0921599E-06   2.5069973E+02   2.5196275E+02   2.5068545E+02   0.0000000E+00   0.0000000E+00   0.0000000E+00   0.0000000E+00
   7.4627978E+00   2.2182800E+02   2.2182800E+02   6.9721007E-06   1.4625595E-07   -1.0186465E-05   2.2071603E+02   2.2182800E+02   2.2070346E+02   0.0000000E+00   0.0000000E+00   0.0000000E+00   0.0000000E+00
   8.0195810E+00   1.9524838E+02   1.9524838E+02   5.3173257E-06   1.1149122E-07   5.0954547E-06   1.9426965E+02   1.9524838E+02   1.9425858E+02   0.0000000E+00   0.0000000E+00   0.0000000E+00   0.0000000E+00
   8.6179045E+00   1.7181159E+02   1.7181159E+02   4.0505393E-06   8.4976205E-08   -8.4295468E-06   1.7095034E+02   1.7181159E+02   1.7094061E+02   0.0000000E+00   0.0000000E+00   0.0000000E+00   0.0000000E+00
   9.2608676E+00   1.5115210E+02   1.5115210E+02   3.0856623E-06   6.4749598E-08   1.8706757E-05   1.5039441E+02   1.5115210E+02   1.5038585E+02   0.0000000E+00   0.0000000E+00   0.0000000E+00   0.0000000E+00
   9.9518009E+00   1.3294600E+02   1.3294600E+02   2.3501631E-06   4.9330285E-08   1.2581893E-06   1.3227958E+02   1.3294600E+02   1.3227205E+02   0.0000000E+00   0.0000000E+00   0.0000000E+00   0.0000000E+00
   1.0694283E+01   1.1690640E+02   1.1690640E+02   1.7895839E-06   3.7576106E-08   -6.2296176E-06   1.1632038E+02   1.1690640E+02   1.1631376E+02   0.0000000E+00   0.0000000E+00   0.0000000E+00   0.0000000E+00
