#           k/h    CDM            baryon         photon         nu             mass_nu        total          no_nu          total_de       Weyl           v_CDM          v_b            v_b-v_c     
   1.0548477E-05   1.6605026E+07   1.6605026E+07   2.2128442E+07   -1.0249689E+06   -3.1757198E+07   1.6605031E+07   1.6605026E+07   6.3093821E+06   0.0000000E+00   0.0000000E+00   0.0000000E+00   0.0000000E+00
   1.1335476E-05   1.6605038E+07   1.6605038E+07   2.2126664E+07   -1.0249523E+06   -3.1756561E+07   1.6605043E+07   1.6605038E+07   6.3093845E+06   0.0000000E+00   0.0000000E+00   0.0000000E+00   0.0000000E+00
   1.2181191E-05   1.6605051E+07   1.6605051E+07   2.2124610E+07   -1.0249330E+06   -3.1755825E+07   1.6605056E+07   1.6605051E+07   6.3093873E+06   0.0000000E+00   0.0000000E+00   0.0000000E+00   0.0000000E+00
   1.3090004E-05   1.6605067E+07   1.6605067E+07   2.2122239E+07   -1.0249108E+06   -3.1754976E+07   1.6605071E+07   1.6605067E+07   6.3093905E+06   0.0000000E+00   0.0000000E+00   0.0000000E+00   0.0000000E+00
   1.4066620E-05   1.6605085E+07   1.6605085E+07   2.2119502E+07   -1.0248851E+06   -3.1753995E+07   1.6605089E+07   1.6605085E+07   6.3093942E+06   0.0000000E+00   0.0000000E+00   0.0000000E+00   0.0000000E+00
   1.5116100E-05   1.6605105E+07   1.6605105E+07   2.2116340E+07   -1.0248555E+06   -3.1752863E+07   1.6605110E+07   1.6605105E+07   6.3093985E+06   0.0000000E+00   0.0000000E+00   0.0000000E+00   0.0000000E+00
   1.6243880E-05   1.6605129E+07   1.6605129E+07   2.2112691E+07   -1.0248213E+06   -3.1751555E+07   1.6605133E+07   1.6605129E+07   6.3094034E+06   0.0000000E+00   0.0000000E+00   0.0000000E+00   0.0000000E+00
   1.7455800E-05   1.6605157E+07   1.6605157E+07   2.2108476E+07   -1.0247818E+06   -3.1750045E+07   1.6605161E+07   1.6605157E+07   6.3094091E+06   0.0000000E+00   0.0000000E+00   0.0000000E+00   0.0000000E+00
   1.8758140E-05   1.6605189E+07   1.6605189E+07   2.2103611E+07   -1.0247362E+06   -3.1748302E+07   1.6605192E+07   1.6605189E+07   6.3094157E+06   0.0000000E+00   0.0000000E+00   0.0000000E+00   0.0000000E+00
   2.0157644E-05   1.6605226E+07   1.6605226E+07   2.2097994E+07   -1.0246835E+06   -3.1746289E+07   1.6605229E+07   1.6605226E+07   6.3094233E+06   0.0000000E+00   0.0000000E+00   0.0000000E+00   0.0000000E+00
   2.1661562E-05   1.6605268E+07   1.6605268E+07   2.2091508E+07   -1.0246227E+06   -3.1743964E+07   1.6605271E+07   1.6605268E+07   6.3094321E+06   0.0000000E+00   0.0000000E+00   0.0000000E+00   0.0000000E+00
   2.3277684E-05   1.6605317E+07   1.6605317E+07   2.2084021E+07   -1.0245525E+06   -3.1741280E+07   1.6605319E+07   1.6605317E+07   6.3094423E+06   0.0000000E+00   0.0000000E+00   0.0000000E+00   0.0000000E+00
   2.5014381E-05   1.6605374E+07   1.6605374E+07   2.2075378E+07   -1.0244714E+06   -3.1738181E+07   1.6605375E+07   1.6605374E+07   6.3094540E+06   0.0000000E+00   0.0000000E+00   0.0000000E+00   0.0000000E+00
   2.6880650E-05   1.6605440E+07   1.6605440E+07   2.2065401E+07   -1.0243778E+06   -3.1734602E+07   1.6605440E+07   1.6605440E+07   6.3094675E+06   0.0000000E+00   0.0000000E+00   0.0000000E+00   0.0000000E+00
   2.8886157E-05   1.6605515E+07   1.6605515E+07   2.2053885E+07   -1.0242696E+06   -3.1730471E+07   1.6605515E+07   1.6605515E+07   6.3094832E+06   0.0000000E+00   0.0000000E+00   0.0000000E+00   0.0000000E+00
   3.1041290E-05   1.6605603E+07   1.6605603E+07   2.2040593E+07   -1.0241448E+06   -3.1725701E+07   1.6605602E+07   1.6605603E+07   6.3095012E+06   0.0000000E+00   0.0000000E+00   0.0000000E+00   0.0000000E+00
   3.3357214E-05   1.6605704E+07   1.6605704E+07   2.2025253E+07   -1.0240007E+06   -3.1720194E+07   1.6605701E+07   1.6605704E+07   6.3095220E+06   0.0000000E+00   0.0000000E+00   0.0000000E+00   0.0000000E+00
   3.5845923E-05   1.6605820E+07   1.6605820E+07   2.2007550E+07   -1.0238343E+06   -3.1713836E+07   1.6605816E+07   1.6605820E+07   6.3095461E+06   0.0000000E+00   0.0000000E+00   0.0000000E+00   0.0000000E+00
   3.8520309E-05   1.6605954E+07   1.6605954E+07   2.1987123E+07   -1.0236422E+06   -3.1706496E+07   1.6605949E+07   1.6605954E+07   6.3095738E+06   0.0000000E+00   0.0000000E+00   0.0000000E+00   0.0000000E+00
   4.1394226E-05   1.6606110E+07   1.6606110E+07   2.1963555E+07   -1.0234205E+06   -3.1698023E+07   1.6606103E+07   1.6606110E+07   6.3096058E+06   0.0000000E+00   0.0000000E+00   0.0000000E+00   0.0000000E+00
   4.4482559E-05   1.6606289E+07   1.6606289E+07   2.1936367E+07   -1.0231645E+06   -3.1688242E+07   1.6606280E+07   1.6606289E+07   6.3096428E+06   0.0000000E+00   0.0000000E+00   0.0000000E+00   0.0000000E+00
   4.7801306E-05   1.6606496E+07   1.6606496E+07   2.1905009E+07   -1.0228689E+06   -3.1676953E+07   1.6606485E+07   1.6606496E+07   6.3096855E+06   0.0000000E+00   0.0000000E+00   0.0000000E+00   0.0000000E+00
   5.1367658E-05   1.6606734E+07   1.6606734E+07   2.1868847E+07   -1.0225278E+06   -3.1663923E+07   1.6606721E+07   1.6606734E+07   6.3097347E+06   0.0000000E+00   0.0000000E+00   0.0000000E+00   0.0000000E+00
   5.5200087E-05   1.6607010E+07   1.6607010E+07   2.1827155E+07   -1.0221341E+06   -3.1648886E+07   1.6606993E+07   1.6607010E+07   6.3097915E+06   0.0000000E+00   0.0000000E+00   0.0000000E+00   0.0000000E+00
   5.9318446E-05   1.6607328E+07   1.6607328E+07   2.1779098E+07   -1.0216797E+06   -3.1631534E+07   1.6607307E+07   1.6607328E+07   6.3098570E+06   0.0000000E+00   0.0000000E+00   0.0000000E+00   0.0000000E+00
   6.3744067E-05   1.6607694E+07   1.6607694E+07   2.1723720E+07   -1.0211553E+06   -3.1611512E+07   1.6607670E+07   1.6607694E+07   6.3099326E+06   0.0000000E+00   0.0000000E+00   0.0000000E+00   0.0000000E+00
   6.8499873E-05   1.6608118E+07   1.6608118E+07   2.1659928E+07   -1.0205502E+06   -3.1588414E+07   1.6608089E+07   1.6608118E+07   6.3100198E+06   0.0000000E+00   0.0000000E+00   0.0000000E+00   0.0000000E+00
   7.3610500E-05   1.6608606E+07   1.6608606E+07   2.1586471E+07   -1.0198520E+06   -3.1561769E+07   1.6608572E+07   1.6608606E+07   6.3101204E+06   0.0000000E+00   0.0000000E+00   0.0000000E+00   0.0000000E+00
   7.9102419E-05   1.6609169E+07   1.6609169E+07   2.1501922E+07   -1.0190466E+06   -3.1531039E+07   1.6609129E+07   1.6609169E+07   6.3102363E+06   0.0000000E+00   0.0000000E+00   0.0000000E+00   0.0000000E+00
   8.5004079E-05   1.6609818E+07   1.6609818E+07   2.1404655E+07   -1.0181176E+06   -3.1495604E+07   1.6609771E+07   1.6609818E+07   6.3103699E+06   0.0000000E+00   0.0000000E+00   0.0000000E+00   0.0000000E+00
   9.1346049E-05   1.6610567E+07   1.6610567E+07   2.1292824E+07   -1.0170463E+06   -3.1454753E+07   1.6610511E+07   1.6610567E+07   6.3105238E+06   0.0000000E+00   0.0000000E+00   0.0000000E+00   0.0000000E+00
   9.8161179E-05   1.6611430E+07   1.6611430E+07   2.1164335E+07   -1.0158111E+06   -3.1407671E+07   1.6611365E+07   1.6611430E+07   6.3107011E+06   0.0000000E+00   0.0000000E+00   0.0000000E+00   0.0000000E+00
   1.0548477E-04   1.6612425E+07   1.6612425E+07   2.1016823E+07   -1.0143872E+06   -3.1353423E+07   1.6612349E+07   1.6612425E+07   6.3109053E+06   0.0000000E+00   0.0000000E+00   0.0000000E+00   0.0000000E+00
   1.1335476E-04   1.6613571E+07   1.6613571E+07   2.0847626E+07   -1.0127464E+06   -3.1290941E+07   1.6613482E+07   1.6613571E+07   6.3111402E+06   0.0000000E+00   0.0000000E+00   0.0000000E+00   0.0000000E+00
   1.2181191E-04   1.6614890E+07   1.6614890E+07   2.0653760E+07   -1.0108562E+06   -3.1219004E+07   1.6614787E+07   1.6614890E+07   6.3114105E+06   0.0000000E+00   0.0000000E+00   0.0000000E+00   0.0000000E+00
   1.3090004E-04   1.6616409E+07   1.6616409E+07   2.0431900E+07   -1.0086794E+06   -3.1136218E+07   1.6616289E+07   1.6616409E+07   6.3117212E+06   0.0000000E+00   0.0000000E+00   0.0000000E+00   0.0000000E+00
   1.4066620E-04   1.6618157E+07   1.6618157E+07   2.0178360E+07   -1.0061737E+06   -3.1040998E+07   1.6618017E+07   1.6618157E+07   6.3120781E+06   0.0000000E+00   0.0000000E+00   0.0000000E+00   0.0000000E+00
   1.5116100E-04   1.6620166E+07   1.6620166E+07   1.9889089E+07   -1.0032908E+06   -3.0931546E+07   1.6620004E+07   1.6620166E+07   6.3124877E+06   0.0000000E+00   0.0000000E+00   0.0000000E+00   0.0000000E+00
   1.6243880E-04   1.6622475E+07   1.6622475E+07   1.9559677E+07   -9.9997593E+05   -3.0805821E+07   1.6622287E+07   1.6622475E+07   6.3129574E+06   0.0000000E+00   0.0000000E+00   0.0000000E+00   0.0000000E+00
   1.7455800E-04   1.6625127E+07   1.6625127E+07   1.9185374E+07   -9.9616671E+05   -3.0661524E+07   1.6624908E+07   1.6625127E+07   6.3134955E+06   0.0000000E+00   0.0000000E+00   0.0000000E+00   0.0000000E+00
   1.8758140E-04   1.6628168E+07   1.6628168E+07   1.8761145E+07   -9.9179280E+05   -3.0496068E+07   1.6627916E+07   1.6628168E+07   6.3141110E+06   0.0000000E+00   0.0000000E+00   0.0000000E+00   0.0000000E+00
   2.0157644E-04   1.6631654E+07   1.6631654E+07   1.8281745E+07   -9.8677488E+05   -3.0306556E+07   1.6631362E+07   1.6631654E+07   6.3148141E+06   0.0000000E+00   0.0000000E+00   0.0000000E+00   0.0000000E+00
   2.1661562E-04   1.6635644E+07   1.6635644E+07   1.7741854E+07   -9.8102397E+05   -3.0089762E+07   1.6635306E+07   1.6635644E+07   6.3156159E+06   0.0000000E+00   0.0000000E+00   0.0000000E+00   0.0000000E+00
   2.3277684E-04   1.6640205E+07   1.6640205E+07   1.7136259E+07   -9.7444064E+05   -2.9842120E+07   1.6639815E+07   1.6640205E+07   6.3165285E+06   0.0000000E+00   0.0000000E+00   0.0000000E+00   0.0000000E+00
   2.5014381E-04   1.6645411E+07   1.6645411E+07   1.6460106E+07   -9.6691455E+05   -2.9559710E+07   1.6644960E+07   1.6645411E+07   6.3175647E+06   0.0000000E+00   0.0000000E+00   0.0000000E+00   0.0000000E+00
   2.6880650E-04   1.6651341E+07   1.6651341E+07   1.5709245E+07   -9.5832401E+05   -2.9238269E+07   1.6650821E+07   1.6651341E+07   6.3187381E+06   0.0000000E+00   0.0000000E+00   0.0000000E+00   0.0000000E+00
   2.8886157E-04   1.6658083E+07   1.6658083E+07   1.4880664E+07   -9.4853598E+05   -2.8873213E+07   1.6657483E+07   1.6658083E+07   6.3200628E+06   0.0000000E+00   0.0000000E+00   0.0000000E+00   0.0000000E+00
   3.1041290E-04   1.6665728E+07   1.6665728E+07   1.3973040E+07   -9.3740645E+05   -2.8459677E+07   1.6665037E+07   1.6665728E+07   6.3215528E+06   0.0000000E+00   0.0000000E+00   0.0000000E+00   0.0000000E+00
   3.3357214E-04   1.6674374E+07   1.6674374E+07   1.2987389E+07   -9.2478154E+05   -2.7992592E+07   1.6673577E+07   1.6674374E+07   6.3232217E+06   0.0000000E+00   0.0000000E+00   0.0000000E+00   0.0000000E+00
   3.5845923E-04   1.6684118E+07   1.6684118E+07   1.1927819E+07   -9.1049934E+05   -2.7466797E+07   1.6683201E+07   1.6684118E+07   6.3250816E+06   0.0000000E+00   0.0000000E+00   0.0000000E+00   0.0000000E+00
   3.8520309E-04   1.6695059E+07   1.6695059E+07   1.0802334E+07   -8.9439294E+05   -2.6877192E+07   1.6694004E+07   1.6695059E+07   6.3271423E+06   0.0000000E+00   0.0000000E+00   0.0000000E+00   0.0000000E+00
   4.1394226E-04   1.6707290E+07   1.6707290E+07   9.6236375E+06   -8.7629475E+05   -2.6218955E+07   1.6706077E+07   1.6707290E+07   6.3294098E+06   0.0000000E+00   0.0000000E+00   0.0000000E+00   0.0000000E+00
   4.4482559E-04   1.6720892E+07   1.6720892E+07   8.4098014E+06   -8.5604254E+05   -2.5487813E+07   1.6719499E+07   1.6720892E+07   6.3318847E+06   0.0000000E+00   0.0000000E+00   0.0000000E+00   0.0000000E+00
   4.7801306E-04   1.6735928E+07   1.6735928E+07   7.1846451E+06   -8.3348735E+05   -2.4680382E+07   1.6734330E+07   1.6735928E+07   6.3345596E+06   0.0000000E+00   0.0000000E+00   0.0000000E+00   0.0000000E+00
   5.1367658E-04   1.6752436E+07   1.6752436E+07   5.9775941E+06   -8.0850360E+05   -2.3794569E+07   1.6750605E+07   1.6752436E+07   6.3374173E+06   0.0000000E+00   0.0000000E+00   0.0000000E+00   0.0000000E+00
   5.5200087E-04   1.6770412E+07   1.6770412E+07   4.8227455E+06   -7.8100134E+05   -2.2830037E+07   1.6768316E+07   1.6770412E+07   6.3404275E+06   0.0000000E+00   0.0000000E+00   0.0000000E+00   0.0000000E+00
   5.9318446E-04   1.6789802E+07   1.6789802E+07   3.7568594E+06   -7.5094055E+05   -2.1788680E+07   1.6787407E+07   1.6789802E+07   6.3435437E+06   0.0000000E+00   0.0000000E+00   0.0000000E+00   0.0000000E+00
   6.3744067E-04   1.6810486E+07   1.6810486E+07   2.8160653E+06   -7.1834679E+05   -2.0675107E+07   1.6807754E+07   1.6810486E+07   6.3467006E+06   0.0000000E+00   0.0000000E+00   0.0000000E+00   0.0000000E+00
   6.8499873E-04   1.6832262E+07   1.6832262E+07   2.0312688E+06   -6.8332732E+05   -1.9497028E+07   1.6829151E+07   1.6832262E+07   6.3498109E+06   0.0000000E+00   0.0000000E+00   0.0000000E+00   0.0000000E+00
   7.3610500E-04   1.6854837E+07   1.6854837E+07   1.4226167E+06   -6.4608568E+05   -1.8265494E+07   1.6851301E+07   1.6854837E+07   6.3527638E+06   0.0000000E+00   0.0000000E+00   0.0000000E+00   0.0000000E+00
   7.9102419E-04   1.6877808E+07   1.6877808E+07   9.9393584E+05   -6.0693241E+05   -1.6994873E+07   1.6873800E+07   1.6877808E+07   6.3554246E+06   0.0000000E+00   0.0000000E+00   0.0000000E+00   0.0000000E+00
   8.5004079E-04   1.6900668E+07   1.6900668E+07   7.2872679E+05   -5.6628873E+05   -1.5702463E+07   1.6896135E+07   1.6900668E+07   6.3576362E+06   0.0000000E+00   0.0000000E+00   0.0000000E+00   0.0000000E+00
   9.1346049E-04   1.6922800E+07   1.6922800E+07   5.8982242E+05   -5.2467973E+05   -1.4407689E+07   1.6917688E+07   1.6922800E+07   6.3592234E+06   0.0000000E+00   0.0000000E+00   0.0000000E+00   0.0000000E+00
   9.8161179E-04   1.6943498E+07   1.6943498E+07   5.2477580E+05   -4.8271418E+05   -1.3130860E+07   1.6937753E+07   1.6943498E+07   6.3599996E+06   0.0000000E+00   0.0000000E+00   0.0000000E+00   0.0000000E+00
   1.0548477E-03   1.6961993E+07   1.6961993E+07   4.7783052E+05   -4.4104952E+05   -1.1891605E+07   1.6955559E+07   1.6961993E+07   6.3597765E+06   0.0000000E+00   0.0000000E+00   0.0000000E+00   0.0000000E+00
   1.1335476E-03   1.6977494E+07   1.6977494E+07   4.0654344E+05   -4.0034377E+05   -1.0707207E+07   1.6970316E+07   1.6977494E+07   6.3583739E+06   0.0000000E+00   0.0000000E+00   0.0000000E+00   0.0000000E+00
   1.2181191E-03   1.6989234E+07   1.6989234E+07   2.9717027E+05   -3.6120034E+05   -9.5911913E+06   1.6981260E+07   1.6989234E+07   6.3556300E+06   0.0000000E+00   0.0000000E+00   0.0000000E+00   0.0000000E+00
   1.3090004E-03   1.6996515E+07   1.6996515E+07   1.6977577E+05   -3.2411598E+05   -8.5525328E+06   1.6987696E+07   1.6996515E+07   6.3514068E+06   0.0000000E+00   0.0000000E+00   0.0000000E+00   0.0000000E+00
   1.4066620E-03   1.6998743E+07   1.6998743E+07   6.5383701E+04   -2.8944493E+05   -7.5957114E+06   1.6989036E+07   1.6998743E+07   6.3455909E+06   0.0000000E+00   0.0000000E+00   0.0000000E+00   0.0000000E+00
   1.5116100E-03   1.6995440E+07   1.6995440E+07   1.6777045E+04   -2.5738966E+05   -6.7215536E+06   1.6984809E+07   1.6995440E+07   6.3380880E+06   0.0000000E+00   0.0000000E+00   0.0000000E+00   0.0000000E+00
   1.6243880E-03   1.6986235E+07   1.6986235E+07   2.0041089E+04   -2.2802049E+05   -5.9284409E+06   1.6974649E+07   1.6986235E+07   6.3288126E+06   0.0000000E+00   0.0000000E+00   0.0000000E+00   0.0000000E+00
   1.7455800E-03   1.6970829E+07   1.6970829E+07   3.3494269E+04   -2.0131370E+05   -5.2133095E+06   1.6958267E+07   1.6970829E+07   6.3176794E+06   0.0000000E+00   0.0000000E+00   0.0000000E+00   0.0000000E+00
   1.8758140E-03   1.6948971E+07   1.6948971E+07   1.5600017E+04   -1.7718875E+05   -4.5721262E+06   1.6935415E+07   1.6948971E+07   6.3045984E+06   0.0000000E+00   0.0000000E+00   0.0000000E+00   0.0000000E+00
   2.0157644E-03   1.6920435E+07   1.6920435E+07   -2.8925588E+04   -1.5552868E+05   -4.0000484E+06   1.6905871E+07   1.6920435E+07   6.2894767E+06   0.0000000E+00   0.0000000E+00   0.0000000E+00   0.0000000E+00
   2.1661562E-03   1.6885014E+07   1.6885014E+07   -5.3980098E+04   -1.3618520E+05   -3.4917306E+06   1.6869429E+07   1.6885014E+07   6.2722206E+06   0.0000000E+00   0.0000000E+00   0.0000000E+00   0.0000000E+00
   2.3277684E-03   1.6842508E+07   1.6842508E+07   -3.8198887E+04   -1.1898492E+05   -3.0417964E+06   1.6825890E+07   1.6842508E+07   6.2527343E+06   0.0000000E+00   0.0000000E+00   0.0000000E+00   0.0000000E+00
   2.5014381E-03   1.6792717E+07   1.6792717E+07   -2.1267003E+04   -1.0374642E+05   -2.6449760E+06   1.6775047E+07   1.6792717E+07   6.2309146E+06   0.0000000E+00   0.0000000E+00   0.0000000E+00   0.0000000E+00
   2.6880650E-03   1.6735419E+07   1.6735419E+07   -3.5189751E+04   -9.0294497E+04   -2.2959286E+06   1.6716679E+07   1.6735419E+07   6.2066487E+06   0.0000000E+00   0.0000000E+00   0.0000000E+00   0.0000000E+00
   2.8886157E-03   1.6670376E+07   1.6670376E+07   -4.5229940E+04   -7.8458195E+04   -1.9895358E+06   1.6650543E+07   1.6670376E+07   6.1798172E+06   0.0000000E+00   0.0000000E+00   0.0000000E+00   0.0000000E+00
   3.1041290E-03   1.6597332E+07   1.6597332E+07   -3.1817012E+04   -6.8068633E+04   -1.7213718E+06   1.6576384E+07   1.6597332E+07   6.1502962E+06   0.0000000E+00   0.0000000E+00   0.0000000E+00   0.0000000E+00
   3.3357214E-03   1.6516008E+07   1.6516008E+07   -3.2048670E+04   -5.8969780E+04   -1.4872263E+06   1.6493925E+07   1.6516008E+07   6.1179546E+06   0.0000000E+00   0.0000000E+00   0.0000000E+00   0.0000000E+00
   3.5845923E-03   1.6426098E+07   1.6426098E+07   -3.4297525E+04   -5.1020021E+04   -1.2829724E+06   1.6402865E+07   1.6426098E+07   6.0826539E+06   0.0000000E+00   0.0000000E+00   0.0000000E+00   0.0000000E+00
   3.8520309E-03   1.6327278E+07   1.6327278E+07   -2.4498147E+04   -4.4085644E+04   -1.1052856E+06   1.6302883E+07   1.6327278E+07   6.0442508E+06   0.0000000E+00   0.0000000E+00   0.0000000E+00   0.0000000E+00
   4.1394226E-03   1.6219197E+07   1.6219197E+07   -2.9565634E+04   -3.8047805E+04   -9.5088472E+05   1.6193638E+07   1.6219197E+07   6.0025958E+06   0.0000000E+00   0.0000000E+00   0.0000000E+00   0.0000000E+00
   4.4482559E-03   1.6101488E+07   1.6101488E+07   -2.1622622E+04   -3.2799028E+04   -8.1687491E+05   1.6074774E+07   1.6101488E+07   5.9575362E+06   0.0000000E+00   0.0000000E+00   0.0000000E+00   0.0000000E+00
   4.7801306E-03   1.5973770E+07   1.5973770E+07   -2.2511988E+04   -2.8241913E+04   -7.0086521E+05   1.5945924E+07   1.5973770E+07   5.9089182E+06   0.0000000E+00   0.0000000E+00   0.0000000E+00   0.0000000E+00
   5.1367658E-03   1.5835650E+07   1.5835650E+07   -1.8122875E+04   -2.4291257E+04   -6.0039322E+05   1.5806713E+07   1.5835650E+07   5.8565851E+06   0.0000000E+00   0.0000000E+00   0.0000000E+00   0.0000000E+00
   5.5200087E-03   1.5686728E+07   1.5686728E+07   -1.8271223E+04   -2.0869703E+04   -5.1364989E+05   1.5656740E+07   1.5686728E+07   5.8003740E+06   0.0000000E+00   0.0000000E+00   0.0000000E+00   0.0000000E+00
   5.9318446E-03   1.5526591E+07   1.5526591E+07   -1.3916675E+04   -1.7910107E+04   -4.3878231E+05   1.5495583E+07   1.5526591E+07   5.7401154E+06   0.0000000E+00   0.0000000E+00   0.0000000E+00   0.0000000E+00
   6.3744067E-03   1.5354807E+07   1.5354807E+07   -1.3748521E+04   -1.5353027E+04   -3.7424868E+05   1.5322818E+07   1.5354807E+07   5.6756402E+06   0.0000000E+00   0.0000000E+00   0.0000000E+00   0.0000000E+00
   6.8499873E-03   1.5170929E+07   1.5170929E+07   -1.2514987E+04   -1.3145905E+04   -3.1876181E+05   1.5138024E+07   1.5170929E+07   5.6067819E+06   0.0000000E+00   0.0000000E+00   0.0000000E+00   0.0000000E+00
   7.3610500E-03   1.4974509E+07   1.4974509E+07   -9.6681907E+03   -1.1242839E+04   -2.7103089E+05   1.4940766E+07   1.4974509E+07   5.5333712E+06   0.0000000E+00   0.0000000E+00   0.0000000E+00   0.0000000E+00
   7.9102419E-03   1.4765099E+07   1.4765099E+07   -8.4562701E+03   -9.6035049E+03   -2.3004894E+05   1.4730594E+07   1.4765099E+07   5.4552327E+06   0.0000000E+00   0.0000000E+00   0.0000000E+00   0.0000000E+00
   8.5004079E-03   1.4542250E+07   1.4542250E+07   -7.6188079E+03   -8.1928044E+03   -1.9492812E+05   1.4507061E+07   1.4542250E+07   5.3721942E+06   0.0000000E+00   0.0000000E+00   0.0000000E+00   0.0000000E+00
   9.1346049E-03   1.4305505E+07   1.4305505E+07   -6.9128126E+03   -6.9800411E+03   -1.6486899E+05   1.4269726E+07   1.4305505E+07   5.2840861E+06   0.0000000E+00   0.0000000E+00   0.0000000E+00   0.0000000E+00
   9.8161179E-03   1.4054405E+07   1.4054405E+07   -5.9987833E+03   -5.9384714E+03   -1.3917732E+05   1.4018137E+07   1.4054405E+07   5.1907356E+06   0.0000000E+00   0.0000000E+00   0.0000000E+00   0.0000000E+00
   1.0548477E-02   1.3788498E+07   1.3788498E+07   -4.9921331E+03   -5.0448352E+03   -1.1725016E+05   1.3751844E+07   1.3788498E+07   5.0919721E+06   0.0000000E+00   0.0000000E+00   0.0000000E+00   0.0000000E+00
   1.1335476E-02   1.3507351E+07   1.3507351E+07   -4.1213623E+03   -4.2789422E+03   -9.8570700E+04   1.3470422E+07   1.3507351E+07   4.9876333E+06   0.0000000E+00   0.0000000E+00   0.0000000E+00   0.0000000E+00
   1.2181191E-02   1.3210550E+07   1.3210550E+07   -3.6594822E+03   -3.6232317E+03   -8.2680177E+04   1.3173468E+07   1.3210550E+07   4.8775669E+06   0.0000000E+00   0.0000000E+00   0.0000000E+00   0.0000000E+00
   1.3090004E-02   1.2897721E+07   1.2897721E+07   -3.3847047E+03   -3.0624945E+03   -6.9176518E+04   1.2860602E+07   1.2897721E+07   4.7616294E+06   0.0000000E+00   0.0000000E+00   0.0000000E+00   0.0000000E+00
   1.4066620E-02   1.2568551E+07   1.2568551E+07   -2.6374378E+03   -2.5835571E+03   -5.7731659E+04   1.2531523E+07   1.2568551E+07   4.6397066E+06   0.0000000E+00   0.0000000E+00   0.0000000E+00   0.0000000E+00
   1.5116100E-02   1.2222814E+07   1.2222814E+07   -2.4253079E+03   -2.1750015E+03   -4.8054696E+04   1.2186004E+07   1.2222814E+07   4.5117118E+06   0.0000000E+00   0.0000000E+00   0.0000000E+00   0.0000000E+00
   1.6243880E-02   1.1860415E+07   1.1860415E+07   -1.9291026E+03   -1.8269816E+03   -3.9883447E+04   1.1823954E+07   1.1860415E+07   4.3776093E+06   0.0000000E+00   0.0000000E+00   0.0000000E+00   0.0000000E+00
   1.7455800E-02   1.1481432E+07   1.1481432E+07   -1.6530322E+03   -1.5309758E+03   -3.2998376E+04   1.1445450E+07   1.1481432E+07   4.2374265E+06   0.0000000E+00   0.0000000E+00   0.0000000E+00   0.0000000E+00
   1.8758140E-02   1.1086190E+07   1.1086190E+07   -1.4142030E+03   -1.2796418E+03   -2.7215361E+04   1.1050818E+07   1.1086190E+07   4.0912820E+06   0.0000000E+00   0.0000000E+00   0.0000000E+00   0.0000000E+00
   2.0157643E-02   1.0675328E+07   1.0675328E+07   -1.1865913E+03   -1.0666411E+03   -2.2371031E+04   1.0640692E+07   1.0675328E+07   3.9394094E+06   0.0000000E+00   0.0000000E+00   0.0000000E+00   0.0000000E+00
   2.1661557E-02   1.0249894E+07   1.0249894E+07   -1.0031404E+03   -8.8651603E+02   -1.8323141E+04   1.0216117E+07   1.0249894E+07   3.7821946E+06   0.0000000E+00   0.0000000E+00   0.0000000E+00   0.0000000E+00
   2.3277653E-02   9.8114465E+06   9.8114465E+06   -8.2486989E+02   -7.3456890E+02   -1.4951107E+04   9.7786439E+06   9.8114465E+06   3.6202107E+06   0.0000000E+00   0.0000000E+00   0.0000000E+00   0.0000000E+00
   2.5014227E-02   9.3621658E+06   9.3621658E+06   -7.0252604E+02   -6.0675544E+02   -1.2155931E+04   9.3304436E+06   9.3621658E+06   3.4542605E+06   0.0000000E+00   0.0000000E+00   0.0000000E+00   0.0000000E+00
   2.6879972E-02   8.9049854E+06   8.9049854E+06   -5.5856774E+02   -4.9960213E+02   -9.8450070E+03   8.8744367E+06   8.9049854E+06   3.2854245E+06   0.0000000E+00   0.0000000E+00   0.0000000E+00   0.0000000E+00
   2.8883555E-02   8.4437460E+06   8.4437460E+06   -4.5693594E+02   -4.1013289E+02   -7.9442933E+03   8.4144472E+06   8.4437460E+06   3.1151177E+06   0.0000000E+00   0.0000000E+00   0.0000000E+00   0.0000000E+00
   3.1032480E-02   7.9833956E+06   7.9833956E+06   -3.8529683E+02   -3.3580964E+02   -6.3911899E+03   7.9554018E+06   7.9833956E+06   2.9451636E+06   0.0000000E+00   0.0000000E+00   0.0000000E+00   0.0000000E+00
   3.3330696E-02   7.5302075E+06   7.5302075E+06   -3.2970001E+02   -2.7448040E+02   -5.1281272E+03   7.5035478E+06   7.5302075E+06   2.7778743E+06   0.0000000E+00   0.0000000E+00   0.0000000E+00   0.0000000E+00
   3.5774606E-02   7.0918682E+06   7.0918682E+06   -2.5798121E+02   -2.2431929E+02   -4.1152807E+03   7.0665397E+06   7.0918682E+06   2.6160834E+06   0.0000000E+00   0.0000000E+00   0.0000000E+00   0.0000000E+00
   3.8348350E-02   6.6770759E+06   6.6770759E+06   -2.0592686E+02   -1.8374715E+02   -3.3075222E+03   6.6530398E+06   6.6770759E+06   2.4629971E+06   0.0000000E+00   0.0000000E+00   0.0000000E+00   0.0000000E+00
   4.1021513E-02   6.2942473E+06   6.2942473E+06   -1.7174489E+02   -1.5133208E+02   -2.6734629E+03   6.2714295E+06   6.2942473E+06   2.3217181E+06   0.0000000E+00   0.0000000E+00   0.0000000E+00   0.0000000E+00
   4.3753356E-02   5.9494622E+06   5.9494622E+06   -1.4341246E+02   -1.2570719E+02   -2.1807624E+03   5.9277603E+06   5.9494622E+06   2.1944863E+06   0.0000000E+00   0.0000000E+00   0.0000000E+00   0.0000000E+00
   4.6503563E-02   5.6447437E+06   5.6447437E+06   -1.2092959E+02   -1.0555604E+02   -1.7994506E+03   5.6240418E+06   5.6447437E+06   2.0820453E+06   0.0000000E+00   0.0000000E+00   0.0000000E+00   0.0000000E+00
   4.9242840E-02   5.3778951E+06   5.3778951E+06   -1.0354352E+02   -8.9671516E+01   -1.5033517E+03   5.3580791E+06   5.3778951E+06   1.9835825E+06   0.0000000E+00   0.0000000E+00   0.0000000E+00   0.0000000E+00
   5.1956836E-02   5.1438315E+06   5.1438315E+06   -8.9939552E+01   -7.7029408E+01   -1.2710418E+03   5.1248003E+06   5.1438315E+06   1.8972200E+06   0.0000000E+00   0.0000000E+00   0.0000000E+00   0.0000000E+00
   5.4643621E-02   4.9362898E+06   4.9362898E+06   -7.9171323E+01   -6.6820834E+01   -1.0860505E+03   4.9179608E+06   4.9362898E+06   1.8206458E+06   0.0000000E+00   0.0000000E+00   0.0000000E+00   0.0000000E+00
   5.7308908E-02   4.7490641E+06   4.7490641E+06   -7.0086972E+01   -5.8438016E+01   -9.3626796E+02   4.7313744E+06   4.7490641E+06   1.7515696E+06   0.0000000E+00   0.0000000E+00   0.0000000E+00   0.0000000E+00
   5.9962054E-02   4.5766302E+06   4.5766302E+06   -6.1663782E+01   -5.1436501E+01   -8.1288418E+02   4.5595346E+06   4.5766302E+06   1.6879530E+06   0.0000000E+00   0.0000000E+00   0.0000000E+00   0.0000000E+00
   6.2613585E-02   4.4143675E+06   4.4143675E+06   -5.4034581E+01   -4.5494738E+01   -7.0950311E+02   4.3978361E+06   4.4143675E+06   1.6280909E+06   0.0000000E+00   0.0000000E+00   0.0000000E+00   0.0000000E+00
   6.5273934E-02   4.2585908E+06   4.2585908E+06   -4.7759547E+01   -4.0380438E+01   -6.2160733E+02   4.2426060E+06   4.2585908E+06   1.5706236E+06   0.0000000E+00   0.0000000E+00   0.0000000E+00   0.0000000E+00
   6.7952904E-02   4.1065149E+06   4.1065149E+06   -4.2733646E+01   -3.5925259E+01   -5.4604596E+02   4.0910686E+06   4.1065149E+06   1.5145234E+06   0.0000000E+00   0.0000000E+00   0.0000000E+00   0.0000000E+00
   7.0659509E-02   3.9562046E+06   3.9562046E+06   -3.8353462E+01   -3.2006640E+01   -4.8051512E+02   3.9412950E+06   3.9562046E+06   1.4590763E+06   0.0000000E+00   0.0000000E+00   0.0000000E+00   0.0000000E+00
   7.3401996E-02   3.8065229E+06   3.8065229E+06   -3.4122186E+01   -2.8534963E+01   -4.2327041E+02   3.7921519E+06   3.8065229E+06   1.4038628E+06   0.0000000E+00   0.0000000E+00   0.0000000E+00   0.0000000E+00
   7.6187931E-02   3.6570760E+06   3.6570760E+06   -2.9851488E+01   -2.5444283E+01   -3.7304702E+02   3.6432466E+06   3.6570760E+06   1.3487373E+06   0.0000000E+00   0.0000000E+00   0.0000000E+00   0.0000000E+00
   7.9024309E-02   3.5081450E+06   3.5081450E+06   -2.6144471E+01   -2.2685596E+01   -3.2897942E+02   3.4948585E+06   3.5081450E+06   1.2938034E+06   0.0000000E+00   0.0000000E+00   0.0000000E+00   0.0000000E+00
   8.1917659E-02   3.3605954E+06   3.3605954E+06   -2.4454620E+01   -2.0221906E+01   -2.9014269E+02   3.3478495E+06   3.3605954E+06   1.2393800E+06   0.0000000E+00   0.0000000E+00   0.0000000E+00   0.0000000E+00
   8.4874142E-02   3.2157553E+06   3.2157553E+06   -2.2474229E+01   -1.8024444E+01   -2.5543141E+02   3.2035426E+06   3.2157553E+06   1.1859571E+06   0.0000000E+00   0.0000000E+00   0.0000000E+00   0.0000000E+00
   8.7899629E-02   3.0752609E+06   3.0752609E+06   -1.8773124E+01   -1.6069697E+01   -2.2535577E+02   3.0635672E+06   3.0752609E+06   1.1341377E+06   0.0000000E+00   0.0000000E+00   0.0000000E+00   0.0000000E+00
   9.0999773E-02   2.9408671E+06   2.9408671E+06   -1.7742924E+01   -1.4337273E+01   -1.9876308E+02   2.9296713E+06   2.9408671E+06   1.0845690E+06   0.0000000E+00   0.0000000E+00   0.0000000E+00   0.0000000E+00
   9.4180066E-02   2.8142340E+06   2.8142340E+06   -1.5521884E+01   -1.2808192E+01   -1.7576439E+02   2.8035085E+06   2.8142340E+06   1.0378631E+06   0.0000000E+00   0.0000000E+00   0.0000000E+00   0.0000000E+00
   9.7445881E-02   2.6967032E+06   2.6967032E+06   -1.3826648E+01   -1.1463772E+01   -1.5557201E+02   2.6864149E+06   2.6967032E+06   9.9451475E+05   0.0000000E+00   0.0000000E+00   0.0000000E+00   0.0000000E+00
   1.0080252E-01   2.5890860E+06   2.5890860E+06   -1.2566769E+01   -1.0284970E+01   -1.3809117E+02   2.5791987E+06   2.5890860E+06   9.5482300E+05   0.0000000E+00   0.0000000E+00   0.0000000E+00   0.0000000E+00
   1.0425522E-01   2.4914930E+06   2.4914930E+06   -1.1430967E+01   -9.2521624E+00   -1.2290563E+02   2.4819696E+06   2.4914930E+06   9.1882850E+05   0.0000000E+00   0.0000000E+00   0.0000000E+00   0.0000000E+00
   1.0780922E-01   2.4032342E+06   2.4032342E+06   -1.0234687E+01   -8.3453618E+00   -1.0962410E+02   2.3940401E+06   2.4032342E+06   8.8627678E+05   0.0000000E+00   0.0000000E+00   0.0000000E+00   0.0000000E+00
   1.1146975E-01   2.3228221E+06   2.3228221E+06   -8.9322571E+00   -7.5447713E+00   -9.8138182E+01   2.3139283E+06   2.3228221E+06   8.5661919E+05   0.0000000E+00   0.0000000E+00   0.0000000E+00   0.0000000E+00
   1.1524204E-01   2.2480962E+06   2.2480962E+06   -8.5069303E+00   -6.8315880E+00   -8.7898721E+01   2.2394818E+06   2.2480962E+06   8.2905890E+05   0.0000000E+00   0.0000000E+00   0.0000000E+00   0.0000000E+00
   1.1913136E-01   2.1764755E+06   2.1764755E+06   -7.5415456E+00   -6.1889257E+00   -7.8884510E+01   2.1681294E+06   2.1764755E+06   8.0264406E+05   0.0000000E+00   0.0000000E+00   0.0000000E+00   0.0000000E+00
   1.2314302E-01   2.1053216E+06   2.1053216E+06   -6.7114363E+00   -5.6027066E+00   -7.0667737E+01   2.0972428E+06   2.1053216E+06   7.7640166E+05   0.0000000E+00   0.0000000E+00   0.0000000E+00   0.0000000E+00
   1.2728237E-01   2.0323674E+06   2.0323674E+06   -6.1373019E+00   -5.0623245E+00   -6.3207376E+01   2.0245633E+06   2.0323674E+06   7.4949558E+05   0.0000000E+00   0.0000000E+00   0.0000000E+00   0.0000000E+00
   1.3155481E-01   1.9561390E+06   1.9561390E+06   -5.6893484E+00   -4.5609511E+00   -5.6325536E+01   1.9486230E+06   1.9561390E+06   7.2138233E+05   0.0000000E+00   0.0000000E+00   0.0000000E+00   0.0000000E+00
   1.3596582E-01   1.8762821E+06   1.8762821E+06   -4.9319267E+00   -4.0953620E+00   -5.0049205E+01   1.8690687E+06   1.8762821E+06   6.9193117E+05   0.0000000E+00   0.0000000E+00   0.0000000E+00   0.0000000E+00
   1.4052091E-01   1.7936973E+06   1.7936973E+06   -4.4522200E+00   -3.6652626E+00   -4.4347490E+01   1.7867975E+06   1.7936973E+06   6.6147425E+05   0.0000000E+00   0.0000000E+00   0.0000000E+00   0.0000000E+00
   1.4522569E-01   1.7104155E+06   1.7104155E+06   -3.9341518E+00   -3.2721782E+00   -3.9186023E+01   1.7038325E+06   1.7104155E+06   6.3076048E+05   0.0000000E+00   0.0000000E+00   0.0000000E+00   0.0000000E+00
   1.5008582E-01   1.6291899E+06   1.6291899E+06   -3.4921139E+00   -2.9180963E+00   -3.4619091E+01   1.6229164E+06   1.6291899E+06   6.0080522E+05   0.0000000E+00   0.0000000E+00   0.0000000E+00   0.0000000E+00
   1.5510706E-01   1.5528573E+06   1.5528573E+06   -3.2547761E+00   -2.6041254E+00   -3.0580108E+01   1.5468749E+06   1.5528573E+06   5.7265454E+05   0.0000000E+00   0.0000000E+00   0.0000000E+00   0.0000000E+00
   1.6029525E-01   1.4835987E+06   1.4835987E+06   -2.7922662E+00   -2.3294679E+00   -2.7094929E+01   1.4778806E+06   1.4835987E+06   5.4711275E+05   0.0000000E+00   0.0000000E+00   0.0000000E+00   0.0000000E+00
   1.6565632E-01   1.4222984E+06   1.4222984E+06   -2.5050977E+00   -2.0909625E+00   -2.4063328E+01   1.4168142E+06   1.4222984E+06   5.2450588E+05   0.0000000E+00   0.0000000E+00   0.0000000E+00   0.0000000E+00
   1.7119631E-01   1.3682136E+06   1.3682136E+06   -2.2679344E+00   -1.8833383E+00   -2.1471677E+01   1.3629358E+06   1.3682136E+06   5.0456002E+05   0.0000000E+00   0.0000000E+00   0.0000000E+00   0.0000000E+00
   1.7692139E-01   1.3191179E+06   1.3191179E+06   -2.0864355E+00   -1.7001173E+00   -1.9195572E+01   1.3140276E+06   1.3191179E+06   4.8645413E+05   0.0000000E+00   0.0000000E+00   0.0000000E+00   0.0000000E+00
   1.8283785E-01   1.2719470E+06   1.2719470E+06   -1.8861036E+00   -1.5349201E+00   -1.7157693E+01   1.2670369E+06   1.2719470E+06   4.6905812E+05   0.0000000E+00   0.0000000E+00   0.0000000E+00   0.0000000E+00
   1.8895214E-01   1.2237947E+06   1.2237947E+06   -1.7132131E+00   -1.3827586E+00   -1.5310524E+01   1.2190689E+06   1.2237947E+06   4.5130029E+05   0.0000000E+00   0.0000000E+00   0.0000000E+00   0.0000000E+00
   1.9527090E-01   1.1729357E+06   1.1729357E+06   -1.5126872E+00   -1.2408866E+00   -1.3597811E+01   1.1684048E+06   1.1729357E+06   4.3254441E+05   0.0000000E+00   0.0000000E+00   0.0000000E+00   0.0000000E+00
   2.0180097E-01   1.1194702E+06   1.1194702E+06   -1.3782878E+00   -1.1088930E+00   -1.2055540E+01   1.1151446E+06   1.1194702E+06   4.1282740E+05   0.0000000E+00   0.0000000E+00   0.0000000E+00   0.0000000E+00
   2.0854942E-01   1.0652692E+06   1.0652692E+06   -1.2171400E+00   -9.8799625E-01   -1.0643982E+01   1.0611518E+06   1.0652692E+06   3.9283921E+05   0.0000000E+00   0.0000000E+00   0.0000000E+00   0.0000000E+00
   2.1552363E-01   1.0131559E+06   1.0131559E+06   -1.0827151E+00   -8.7981509E-01   -9.3827093E+00   1.0092388E+06   1.0131559E+06   3.7362098E+05   0.0000000E+00   0.0000000E+00   0.0000000E+00   0.0000000E+00
   2.2273126E-01   9.6561570E+05   9.6561570E+05   -9.6761580E-01   -7.8512601E-01   -8.2956335E+00   9.6188150E+05   9.6561570E+05   3.5608926E+05   0.0000000E+00   0.0000000E+00   0.0000000E+00   0.0000000E+00
   2.3018039E-01   9.2361371E+05   9.2361371E+05   -8.6989125E-01   -7.0314568E-01   -7.3637805E+00   9.2004107E+05   9.2361371E+05   3.4059989E+05   0.0000000E+00   0.0000000E+00   0.0000000E+00   0.0000000E+00
   2.3787952E-01   8.8613901E+05   8.8613901E+05   -7.7506267E-01   -6.3164752E-01   -6.5499736E+00   8.8271055E+05   8.8613901E+05   3.2678009E+05   0.0000000E+00   0.0000000E+00   0.0000000E+00   0.0000000E+00
   2.4583765E-01   8.5078645E+05   8.5078645E+05   -7.0412175E-01   -5.6781462E-01   -5.8422155E+00   8.4749405E+05   8.5078645E+05   3.1374291E+05   0.0000000E+00   0.0000000E+00   0.0000000E+00   0.0000000E+00
   2.5406438E-01   8.1512409E+05   8.1512409E+05   -6.2890497E-01   -5.0934747E-01   -5.1931434E+00   8.1196905E+05   8.1512409E+05   3.0059152E+05   0.0000000E+00   0.0000000E+00   0.0000000E+00   0.0000000E+00
   2.6256998E-01   7.7807977E+05   7.7807977E+05   -5.6012838E-01   -4.5520419E-01   -4.6067230E+00   7.7506754E+05   7.7807977E+05   2.8693055E+05   0.0000000E+00   0.0000000E+00   0.0000000E+00   0.0000000E+00
   2.7136550E-01   7.4047289E+05   7.4047289E+05   -4.9961080E-01   -4.0557020E-01   -4.0753088E+00   7.3760572E+05   7.4047289E+05   2.7306216E+05   0.0000000E+00   0.0000000E+00   0.0000000E+00   0.0000000E+00
   2.8046289E-01   7.0429900E+05   7.0429900E+05   -4.4472872E-01   -3.6113255E-01   -3.5796492E+00   7.0157143E+05   7.0429900E+05   2.5972223E+05   0.0000000E+00   0.0000000E+00   0.0000000E+00   0.0000000E+00
   2.8987515E-01   6.7122364E+05   6.7122364E+05   -3.9793912E-01   -3.2218176E-01   -3.1739755E+00   6.6862374E+05   6.7122364E+05   2.4752497E+05   0.0000000E+00   0.0000000E+00   0.0000000E+00   0.0000000E+00
   2.9961647E-01   6.4137557E+05   6.4137557E+05   -3.5408378E-01   -2.8815973E-01   -2.8142734E+00   6.3889091E+05   6.4137557E+05   2.3651785E+05   0.0000000E+00   0.0000000E+00   0.0000000E+00   0.0000000E+00
   3.0970243E-01   6.1337976E+05   6.1337976E+05   -3.1566317E-01   -2.5792262E-01   -2.4980784E+00   6.1100320E+05   6.1337976E+05   2.2619380E+05   0.0000000E+00   0.0000000E+00   0.0000000E+00   0.0000000E+00
   3.2015022E-01   5.8560631E+05   5.8560631E+05   -2.8426854E-01   -2.3043259E-01   -2.2155240E+00   5.8333705E+05   5.8560631E+05   2.1595177E+05   0.0000000E+00   0.0000000E+00   0.0000000E+00   0.0000000E+00
   3.3097888E-01   5.5754786E+05   5.5754786E+05   -2.5226603E-01   -2.0526891E-01   -1.9561731E+00   5.5538705E+05   5.5754786E+05   2.0560466E+05   0.0000000E+00   0.0000000E+00   0.0000000E+00   0.0000000E+00
   3.4220962E-01   5.3007018E+05   5.3007018E+05   -2.2435943E-01   -1.8255195E-01   -1.7260975E+00   5.2801562E+05   5.3007018E+05   1.9547173E+05   0.0000000E+00   0.0000000E+00   0.0000000E+00   0.0000000E+00
   3.5386616E-01   5.0433103E+05   5.0433103E+05   -1.9976649E-01   -1.6243208E-01   -1.5227118E+00   5.0237601E+05   5.0433103E+05   1.8597993E+05   0.0000000E+00   0.0000000E+00   0.0000000E+00   0.0000000E+00
   3.6597520E-01   4.8052084E+05   4.8052084E+05   -1.7739129E-01   -1.4469062E-01   -1.3472202E+00   4.7865791E+05   4.8052084E+05   1.7719947E+05   0.0000000E+00   0.0000000E+00   0.0000000E+00   0.0000000E+00
   3.7856692E-01   4.5778412E+05   4.5778412E+05   -1.5854469E-01   -1.2882631E-01   -1.1897728E+00   4.5600916E+05   4.5778412E+05   1.6881488E+05   0.0000000E+00   0.0000000E+00   0.0000000E+00   0.0000000E+00
   3.9167560E-01   4.3533064E+05   4.3533064E+05   -1.4074110E-01   -1.1444377E-01   -1.0489951E+00   4.3364258E+05   4.3533064E+05   1.6053476E+05   0.0000000E+00   0.0000000E+00   0.0000000E+00   0.0000000E+00
   4.0534045E-01   4.1330865E+05   4.1330865E+05   -1.2484835E-01   -1.0145133E-01   -9.2326396E-01   4.1170583E+05   4.1330865E+05   1.5241376E+05   0.0000000E+00   0.0000000E+00   0.0000000E+00   0.0000000E+00
   4.1960656E-01   3.9235387E+05   3.9235387E+05   -1.1065174E-01   -8.9869818E-02   -8.1059302E-01   3.9083218E+05   3.9235387E+05   1.4468632E+05   0.0000000E+00   0.0000000E+00   0.0000000E+00   0.0000000E+00
   4.3452607E-01   3.7256456E+05   3.7256456E+05   -9.8113121E-02   -7.9577101E-02   -7.1249087E-01   3.7111950E+05   3.7256456E+05   1.3738867E+05   0.0000000E+00   0.0000000E+00   0.0000000E+00   0.0000000E+00
   4.5015978E-01   3.5343620E+05   3.5343620E+05   -8.6687873E-02   -7.0338654E-02   -6.2526192E-01   3.5206523E+05   3.5343620E+05   1.3033477E+05   0.0000000E+00   0.0000000E+00   0.0000000E+00   0.0000000E+00
   4.6657897E-01   3.3471991E+05   3.3471991E+05   -7.6346784E-02   -6.2007649E-02   -5.4705612E-01   3.3342144E+05   3.3471991E+05   1.2343283E+05   0.0000000E+00   0.0000000E+00   0.0000000E+00   0.0000000E+00
   4.8386792E-01   3.1667636E+05   3.1667636E+05   -6.7236391E-02   -5.4547351E-02   -4.7779716E-01   3.1544780E+05   3.1667636E+05   1.1677897E+05   0.0000000E+00   0.0000000E+00   0.0000000E+00   0.0000000E+00
   5.0212697E-01   2.9939890E+05   2.9939890E+05   -5.9016837E-02   -4.7888690E-02   -4.1637466E-01   2.9823729E+05   2.9939890E+05   1.1040763E+05   0.0000000E+00   0.0000000E+00   0.0000000E+00   0.0000000E+00
   5.2147662E-01   2.8262381E+05   2.8262381E+05   -5.1628090E-02   -4.1912848E-02   -3.6205165E-01   2.8152721E+05   2.8262381E+05   1.0422155E+05   0.0000000E+00   0.0000000E+00   0.0000000E+00   0.0000000E+00
   5.4206267E-01   2.6628250E+05   2.6628250E+05   -4.5047638E-02   -3.6546835E-02   -3.1324287E-01   2.6524925E+05   2.6628250E+05   9.8195435E+04   0.0000000E+00   0.0000000E+00   0.0000000E+00   0.0000000E+00
   5.6406293E-01   2.5047333E+05   2.5047333E+05   -3.9125001E-02   -3.1747592E-02   -2.7018685E-01   2.4950136E+05   2.5047333E+05   9.2365558E+04   0.0000000E+00   0.0000000E+00   0.0000000E+00   0.0000000E+00
   5.8769577E-01   2.3508635E+05   2.3508635E+05   -3.3838304E-02   -2.7448912E-02   -2.3145417E-01   2.3417404E+05   2.3508635E+05   8.6691373E+04   0.0000000E+00   0.0000000E+00   0.0000000E+00   0.0000000E+00
   6.1323092E-01   2.2005196E+05   2.2005196E+05   -2.9098376E-02   -2.3598175E-02   -1.9752278E-01   2.1919795E+05   2.2005196E+05   8.1147216E+04   0.0000000E+00   0.0000000E+00   0.0000000E+00   0.0000000E+00
   6.4100246E-01   2.0538140E+05   2.0538140E+05   -2.4857834E-02   -2.0157721E-02   -1.6747457E-01   2.0458429E+05   2.0538140E+05   7.5737228E+04   0.0000000E+00   0.0000000E+00   0.0000000E+00   0.0000000E+00
   6.7142355E-01   1.9100194E+05   1.9100194E+05   -2.1072854E-02   -1.7086095E-02   -1.4089897E-01   1.9026060E+05   1.9100194E+05   7.0434588E+04   0.0000000E+00   0.0000000E+00   0.0000000E+00   0.0000000E+00
   7.0500039E-01   1.7690252E+05   1.7690252E+05   -1.7705687E-02   -1.4353309E-02   -1.1738024E-01   1.7621587E+05   1.7690252E+05   6.5235221E+04   0.0000000E+00   0.0000000E+00   0.0000000E+00   0.0000000E+00
   7.4233974E-01   1.6306257E+05   1.6306257E+05   -1.4721846E-02   -1.1932851E-02   -9.6745094E-02   1.6242962E+05   1.6306257E+05   6.0131542E+04   0.0000000E+00   0.0000000E+00   0.0000000E+00   0.0000000E+00
   7.8413886E-01   1.4949773E+05   1.4949773E+05   -1.2093047E-02   -9.8048875E-03   -7.8826222E-02   1.4891740E+05   1.4949773E+05   5.5129311E+04   0.0000000E+00   0.0000000E+00   0.0000000E+00   0.0000000E+00
   8.3114157E-01   1.3625703E+05   1.3625703E+05   -9.8138606E-03   -7.9542921E-03   -6.3393615E-02   1.3572808E+05   1.3625703E+05   5.0246615E+04   0.0000000E+00   0.0000000E+00   0.0000000E+00   0.0000000E+00
   8.8404724E-01   1.2344132E+05   1.2344132E+05   -7.8609951E-03   -6.3694342E-03   -5.0304506E-02   1.2296210E+05   1.2344132E+05   4.5520642E+04   0.0000000E+00   0.0000000E+00   0.0000000E+00   0.0000000E+00
   9.4338683E-01   1.1119488E+05   1.1119488E+05   -6.2193455E-03   -5.0384297E-03   -3.9455331E-02   1.1076319E+05   1.1119488E+05   4.1004598E+04   0.0000000E+00   0.0000000E+00   0.0000000E+00   0.0000000E+00
   1.0094291E+00   9.9676953E+04   9.9676953E+04   -4.8702197E-03   -3.9448626E-03   -3.0618828E-02   9.9289963E+04   9.9676953E+04   3.6757203E+04   0.0000000E+00   0.0000000E+00   0.0000000E+00   0.0000000E+00
   1.0821999E+00   8.9021439E+04   8.9021439E+04   -3.7876192E-03   -3.0652606E-03   -2.3560221E-02   8.8675807E+04   8.9021439E+04   3.2827837E+04   0.0000000E+00   0.0000000E+00   0.0000000E+00   0.0000000E+00
   1.1616224E+00   7.9305247E+04   7.9305247E+04   -2.9262385E-03   -2.3700559E-03   -1.8083333E-02   7.8997331E+04   7.9305247E+04   2.9244859E+04   0.0000000E+00   0.0000000E+00   0.0000000E+00   0.0000000E+00
   1.2476834E+00   7.0536599E+04   7.0536599E+04   -2.2563292E-03   -1.8272224E-03   -1.3826296E-02   7.0262722E+04   7.0536599E+04   2.6011301E+04   0.0000000E+00   0.0000000E+00   0.0000000E+00   0.0000000E+00
   1.3405246E+00   6.2672351E+04   6.2672351E+04   -1.7369598E-03   -1.4064076E-03   -1.0555267E-02   6.2429005E+04   6.2672351E+04   2.3111254E+04   0.0000000E+00   0.0000000E+00   0.0000000E+00   0.0000000E+00
   1.4404503E+00   5.5645240E+04   5.5645240E+04   -1.3358233E-03   -1.0814720E-03   -8.0644630E-03   5.5429174E+04   5.5645240E+04   2.0519913E+04   0.0000000E+00   0.0000000E+00   0.0000000E+00   0.0000000E+00
   1.5478916E+00   4.9377423E+04   4.9377423E+04   -1.0263304E-03   -8.3105595E-04   -6.1513595E-03   4.9185692E+04   4.9377423E+04   1.8208572E+04   0.0000000E+00   0.0000000E+00   0.0000000E+00   0.0000000E+00
   1.6633690E+00   4.3793451E+04   4.3793451E+04   -7.8849841E-04   -6.3828410E-04   -4.6945131E-03   4.3623400E+04   4.3793451E+04   1.6149408E+04   0.0000000E+00   0.0000000E+00   0.0000000E+00   0.0000000E+00
   1.7874675E+00   3.8822341E+04   3.8822341E+04   -6.0537232E-04   -4.8998924E-04   -3.5810356E-03   3.8671591E+04   3.8822341E+04   1.4316246E+04   0.0000000E+00   0.0000000E+00   0.0000000E+00   0.0000000E+00
   1.9208263E+00   3.4399870E+04   3.4399870E+04   -4.6454823E-04   -3.7597661E-04   -2.7323564E-03   3.4266291E+04   3.4399870E+04   1.2685401E+04   0.0000000E+00   0.0000000E+00   0.0000000E+00   0.0000000E+00
   2.0641349E+00   3.0467655E+04   3.0467655E+04   -3.5631649E-04   -2.8836468E-04   -2.0857020E-03   3.0349345E+04   3.0467655E+04   1.1235345E+04   0.0000000E+00   0.0000000E+00   0.0000000E+00   0.0000000E+00
   2.2181355E+00   2.6973442E+04   2.6973442E+04   -2.7319335E-04   -2.2107435E-04   -1.5897549E-03   2.6868699E+04   2.6973442E+04   9.9468082E+03   0.0000000E+00   0.0000000E+00   0.0000000E+00   0.0000000E+00
   2.3836257E+00   2.3870079E+04   2.3870079E+04   -2.0931922E-04   -1.6941608E-04   -1.2136034E-03   2.3777387E+04   2.3870079E+04   8.8024026E+03   0.0000000E+00   0.0000000E+00   0.0000000E+00   0.0000000E+00
   2.5614629E+00   2.1115288E+04   2.1115288E+04   -1.6036539E-04   -1.2977663E-04   -9.2334777E-04   2.1033293E+04   2.1115288E+04   7.7865373E+03   0.0000000E+00   0.0000000E+00   0.0000000E+00   0.0000000E+00
   2.7525681E+00   1.8671168E+04   1.8671168E+04   -1.2280441E-04   -9.9373260E-05   -7.0466397E-04   1.8598663E+04   1.8671168E+04   6.8852359E+03   0.0000000E+00   0.0000000E+00   0.0000000E+00   0.0000000E+00
   2.9579312E+00   1.6503742E+04   1.6503742E+04   -9.4004045E-05   -7.6063938E-05   -5.3710952E-04   1.6439653E+04   1.6503742E+04   6.0859693E+03   0.0000000E+00   0.0000000E+00   0.0000000E+00   0.0000000E+00
   3.1786160E+00   1.4582592E+04   1.4582592E+04   -7.1941296E-05   -5.8200842E-05   -4.0977660E-04   1.4525964E+04   1.4582592E+04   5.3775204E+03   0.0000000E+00   0.0000000E+00   0.0000000E+00   0.0000000E+00
   3.4157657E+00   1.2880514E+04   1.2880514E+04   -5.5013050E-05   -4.4516976E-05   -3.1238080E-04   1.2830495E+04   1.2880514E+04   4.7498569E+03   0.0000000E+00   0.0000000E+00   0.0000000E+00   0.0000000E+00
   3.6706085E+00   1.1373193E+04   1.1373193E+04   -4.2067794E-05   -3.4038659E-05   -2.3794168E-04   1.1329027E+04   1.1373193E+04   4.1940125E+03   0.0000000E+00   0.0000000E+00   0.0000000E+00   0.0000000E+00
   3.9444646E+00   1.0038914E+04   1.0038914E+04   -3.2153005E-05   -2.6018008E-05   -1.8148289E-04   9.9999296E+03   1.0038914E+04   3.7019798E+03   0.0000000E+00   0.0000000E+00   0.0000000E+00   0.0000000E+00
   4.2387526E+00   8.8583008E+03   8.8583008E+03   -2.4575934E-05   -1.9880834E-05   -1.3858234E-04   8.8239012E+03   8.8583008E+03   3.2666134E+03   0.0000000E+00   0.0000000E+00   0.0000000E+00   0.0000000E+00
   4.5549967E+00   7.8140747E+03   7.8140747E+03   -1.8769718E-05   -1.5186516E-05   -1.0525416E-04   7.7837301E+03   7.8140747E+03   2.8815415E+03   0.0000000E+00   0.0000000E+00   0.0000000E+00   0.0000000E+00
   4.8948351E+00   6.8908380E+03   6.8908380E+03   -1.4333297E-05   -1.1597076E-05   -8.0067790E-05   6.8640786E+03   6.8908380E+03   2.5410859E+03   0.0000000E+00   0.0000000E+00   0.0000000E+00   0.0000000E+00
   5.2600281E+00   6.0748787E+03   6.0748787E+03   -1.0942529E-05   -8.8533835E-06   -6.1124492E-05   6.0512879E+03   6.0748787E+03   2.2401903E+03   0.0000000E+00   0.0000000E+00   0.0000000E+00   0.0000000E+00
   5.6524674E+00   5.3539941E+03   5.3539941E+03   -8.3505931E-06   -6.7568464E-06   -4.6653538E-05   5.3332027E+03   5.3539941E+03   1.9743548E+03   0.0000000E+00   0.0000000E+00   0.0000000E+00   0.0000000E+00
   6.0741857E+00   4.7173307E+03   4.7173307E+03   -6.3722727E-06   -5.1553267E-06   -3.5185849E-05   4.6990117E+03   4.7173307E+03   1.7395769E+03   0.0000000E+00   0.0000000E+00   0.0000000E+00   0.0000000E+00
   6.5273676E+00   4.1552415E+03   4.1552415E+03   -4.8613219E-06   -3.9323195E-06   -2.6965689E-05   4.1391052E+03   4.1552415E+03   1.5322992E+03   0.0000000E+00   0.0000000E+00   0.0000000E+00   0.0000000E+00
   7.0143603E+00   3.6591558E+03   3.6591558E+03   -3.7057132E-06   -2.9986446E-06   -2.0522475E-05   3.6449460E+03   3.6591558E+03   1.3493612E+03   0.0000000E+00   0.0000000E+00   0.0000000E+00   0.0000000E+00
   7.5376865E+00   3.2214641E+03   3.2214641E+03   -2.8263271E-06   -2.2860601E-06   -1.5736002E-05   3.2089540E+03   3.2214641E+03   1.1879567E+03   0.0000000E+00   0.0000000E+00   0.0000000E+00   0.0000000E+00
   8.1000569E+00   2.8354135E+03   2.8354135E+03   -2.1537080E-06   -1.7423666E-06   -1.1930695E-05   2.8244026E+03   2.8354135E+03   1.0455955E+03   0.0000000E+00   0.0000000E+00   0.0000000E+00   0.0000000E+00
   8.7043845E+00   2.4950143E+03   2.4950143E+03   -1.6413857E-06   -1.3276488E-06   -9.0859451E-06   2.4853253E+03   2.4950143E+03   9.2006887E+02   0.0000000E+00   0.0000000E+00   0.0000000E+00   0.0000000E+00
   9.3537998E+00   2.1949565E+03   2.1949565E+03   -1.2500396E-06   -1.0113958E-06   -6.8652651E-06   2.1864327E+03   2.1949565E+03   8.0941866E+02   0.0000000E+00   0.0000000E+00   0.0000000E+00   0.0000000E+00
   1.0051666E+01   1.9305347E+03   1.9305347E+03   -9.5215575E-07   -7.7029231E-07   -5.2359266E-06   1.9230378E+03   1.9305347E+03   7.1190971E+02   0.0000000E+00   0.0000000E+00   0.0000000E+00   0.0000000E+00
