#           k/h    CDM            baryon         photon         nu             mass_nu        total          no_nu          total_de       Weyl           v_CDM          v_b            v_b-v_c     
   1.1053887E-05   6.6320458E+06   6.6320458E+06   8.8414591E+06   1.3604017E+04   1.1057754E+05   6.6321945E+06   6.6320458E+06   6.4368983E+06   0.0000000E+00   0.0000000E+00   0.0000000E+00   0.0000000E+00
   1.1878594E-05   6.6320447E+06   6.6320447E+06   8.8412612E+06   1.3603836E+04   1.1057661E+05   6.6321933E+06   6.6320447E+06   6.4368971E+06   0.0000000E+00   0.0000000E+00   0.0000000E+00   0.0000000E+00
   1.2764830E-05   6.6320433E+06   6.6320433E+06   8.8410326E+06   1.3603627E+04   1.1057554E+05   6.6321918E+06   6.6320433E+06   6.4368957E+06   0.0000000E+00   0.0000000E+00   0.0000000E+00   0.0000000E+00
   1.3717186E-05   6.6320418E+06   6.6320418E+06   8.8407688E+06   1.3603387E+04   1.1057430E+05   6.6321902E+06   6.6320418E+06   6.4368941E+06   0.0000000E+00   0.0000000E+00   0.0000000E+00   0.0000000E+00
   1.4740595E-05   6.6320400E+06   6.6320400E+06   8.8404640E+06   1.3603109E+04   1.1057287E+05   6.6321882E+06   6.6320400E+06   6.4368922E+06   0.0000000E+00   0.0000000E+00   0.0000000E+00   0.0000000E+00
   1.5840359E-05   6.6320380E+06   6.6320380E+06   8.8401122E+06   1.3602787E+04   1.1057122E+05   6.6321860E+06   6.6320380E+06   6.4368900E+06   0.0000000E+00   0.0000000E+00   0.0000000E+00   0.0000000E+00
   1.7022174E-05   6.6320356E+06   6.6320356E+06   8.8397058E+06   1.3602417E+04   1.1056931E+05   6.6321835E+06   6.6320356E+06   6.4368875E+06   0.0000000E+00   0.0000000E+00   0.0000000E+00   0.0000000E+00
   1.8292161E-05   6.6320328E+06   6.6320328E+06   8.8392367E+06   1.3601989E+04   1.1056711E+05   6.6321805E+06   6.6320328E+06   6.4368847E+06   0.0000000E+00   0.0000000E+00   0.0000000E+00   0.0000000E+00
   1.9656900E-05   6.6320297E+06   6.6320297E+06   8.8386949E+06   1.3601494E+04   1.1056457E+05   6.6321771E+06   6.6320297E+06   6.4368814E+06   0.0000000E+00   0.0000000E+00   0.0000000E+00   0.0000000E+00
   2.1123458E-05   6.6320260E+06   6.6320260E+06   8.8380693E+06   1.3600923E+04   1.1056164E+05   6.6321731E+06   6.6320260E+06   6.4368775E+06   0.0000000E+00   0.0000000E+00   0.0000000E+00   0.0000000E+00
   2.2699434E-05   6.6320218E+06   6.6320218E+06   8.8373469E+06   1.3600264E+04   1.1055825E+05   6.6321686E+06   6.6320218E+06   6.4368731E+06   0.0000000E+00   0.0000000E+00   0.0000000E+00   0.0000000E+00
   2.4392989E-05   6.6320169E+06   6.6320169E+06   8.8365128E+06   1.3599503E+04   1.1055434E+05   6.6321633E+06   6.6320169E+06   6.4368680E+06   0.0000000E+00   0.0000000E+00   0.0000000E+00   0.0000000E+00
   2.6212897E-05   6.6320113E+06   6.6320113E+06   8.8355496E+06   1.3598624E+04   1.1054982E+05   6.6321572E+06   6.6320113E+06   6.4368621E+06   0.0000000E+00   0.0000000E+00   0.0000000E+00   0.0000000E+00
   2.8168584E-05   6.6320048E+06   6.6320048E+06   8.8344375E+06   1.3597609E+04   1.1054461E+05   6.6321502E+06   6.6320048E+06   6.4368553E+06   0.0000000E+00   0.0000000E+00   0.0000000E+00   0.0000000E+00
   3.0270181E-05   6.6319973E+06   6.6319973E+06   8.8331535E+06   1.3596437E+04   1.1053859E+05   6.6321421E+06   6.6319973E+06   6.4368474E+06   0.0000000E+00   0.0000000E+00   0.0000000E+00   0.0000000E+00
   3.2528574E-05   6.6319886E+06   6.6319886E+06   8.8316709E+06   1.3595083E+04   1.1053164E+05   6.6321328E+06   6.6319886E+06   6.4368383E+06   0.0000000E+00   0.0000000E+00   0.0000000E+00   0.0000000E+00
   3.4955460E-05   6.6319786E+06   6.6319786E+06   8.8299592E+06   1.3593521E+04   1.1052361E+05   6.6321220E+06   6.6319786E+06   6.4368278E+06   0.0000000E+00   0.0000000E+00   0.0000000E+00   0.0000000E+00
   3.7563411E-05   6.6319671E+06   6.6319671E+06   8.8279828E+06   1.3591717E+04   1.1051434E+05   6.6321095E+06   6.6319671E+06   6.4368157E+06   0.0000000E+00   0.0000000E+00   0.0000000E+00   0.0000000E+00
   4.0365936E-05   6.6319537E+06   6.6319537E+06   8.8257012E+06   1.3589634E+04   1.1050365E+05   6.6320951E+06   6.6319537E+06   6.4368017E+06   0.0000000E+00   0.0000000E+00   0.0000000E+00   0.0000000E+00
   4.3377550E-05   6.6319383E+06   6.6319383E+06   8.8230670E+06   1.3587229E+04   1.1049130E+05   6.6320785E+06   6.6319383E+06   6.4367856E+06   0.0000000E+00   0.0000000E+00   0.0000000E+00   0.0000000E+00
   4.6613855E-05   6.6319205E+06   6.6319205E+06   8.8200261E+06   1.3584452E+04   1.1047705E+05   6.6320592E+06   6.6319205E+06   6.4367669E+06   0.0000000E+00   0.0000000E+00   0.0000000E+00   0.0000000E+00
   5.0091614E-05   6.6319000E+06   6.6319000E+06   8.8165157E+06   1.3581247E+04   1.1046060E+05   6.6320371E+06   6.6319000E+06   6.4367454E+06   0.0000000E+00   0.0000000E+00   0.0000000E+00   0.0000000E+00
   5.3828840E-05   6.6318762E+06   6.6318762E+06   8.8124637E+06   1.3577546E+04   1.1044161E+05   6.6320115E+06   6.6318762E+06   6.4367205E+06   0.0000000E+00   0.0000000E+00   0.0000000E+00   0.0000000E+00
   5.7844893E-05   6.6318489E+06   6.6318489E+06   8.8077867E+06   1.3573274E+04   1.1041970E+05   6.6319819E+06   6.6318489E+06   6.4366918E+06   0.0000000E+00   0.0000000E+00   0.0000000E+00   0.0000000E+00
   6.2160575E-05   6.6318172E+06   6.6318172E+06   8.8023887E+06   1.3568343E+04   1.1039442E+05   6.6319478E+06   6.6318172E+06   6.4366587E+06   0.0000000E+00   0.0000000E+00   0.0000000E+00   0.0000000E+00
   6.6798241E-05   6.6317807E+06   6.6317807E+06   8.7961592E+06   1.3562652E+04   1.1036525E+05   6.6319083E+06   6.6317807E+06   6.4366204E+06   0.0000000E+00   0.0000000E+00   0.0000000E+00   0.0000000E+00
   7.1781912E-05   6.6317385E+06   6.6317385E+06   8.7889707E+06   1.3556083E+04   1.1033159E+05   6.6318628E+06   6.6317385E+06   6.4365762E+06   0.0000000E+00   0.0000000E+00   0.0000000E+00   0.0000000E+00
   7.7137405E-05   6.6316899E+06   6.6316899E+06   8.7806766E+06   1.3548502E+04   1.1029277E+05   6.6318103E+06   6.6316899E+06   6.4365252E+06   0.0000000E+00   0.0000000E+00   0.0000000E+00   0.0000000E+00
   8.2892459E-05   6.6316337E+06   6.6316337E+06   8.7711080E+06   1.3539753E+04   1.1024800E+05   6.6317496E+06   6.6316337E+06   6.4364662E+06   0.0000000E+00   0.0000000E+00   0.0000000E+00   0.0000000E+00
   8.9076885E-05   6.6315688E+06   6.6315688E+06   8.7600708E+06   1.3529659E+04   1.1019637E+05   6.6316796E+06   6.6315688E+06   6.4363982E+06   0.0000000E+00   0.0000000E+00   0.0000000E+00   0.0000000E+00
   9.5722718E-05   6.6314938E+06   6.6314938E+06   8.7473417E+06   1.3518014E+04   1.1013686E+05   6.6315987E+06   6.6314938E+06   6.4363197E+06   0.0000000E+00   0.0000000E+00   0.0000000E+00   0.0000000E+00
   1.0286438E-04   6.6314074E+06   6.6314074E+06   8.7326645E+06   1.3504581E+04   1.1006828E+05   6.6315054E+06   6.6314074E+06   6.4362291E+06   0.0000000E+00   0.0000000E+00   0.0000000E+00   0.0000000E+00
   1.1053887E-04   6.6313075E+06   6.6313075E+06   8.7157449E+06   1.3489089E+04   1.0998926E+05   6.6313976E+06   6.6313075E+06   6.4361244E+06   0.0000000E+00   0.0000000E+00   0.0000000E+00   0.0000000E+00
   1.1878594E-04   6.6311923E+06   6.6311923E+06   8.6962454E+06   1.3471224E+04   1.0989826E+05   6.6312733E+06   6.6311923E+06   6.4360037E+06   0.0000000E+00   0.0000000E+00   0.0000000E+00   0.0000000E+00
   1.2764830E-04   6.6310593E+06   6.6310593E+06   8.6737799E+06   1.3450630E+04   1.0979350E+05   6.6311297E+06   6.6310593E+06   6.4358643E+06   0.0000000E+00   0.0000000E+00   0.0000000E+00   0.0000000E+00
   1.3717186E-04   6.6309058E+06   6.6309058E+06   8.6479062E+06   1.3426895E+04   1.0967295E+05   6.6309641E+06   6.6309058E+06   6.4357034E+06   0.0000000E+00   0.0000000E+00   0.0000000E+00   0.0000000E+00
   1.4740595E-04   6.6307287E+06   6.6307287E+06   8.6181199E+06   1.3399547E+04   1.0953431E+05   6.6307729E+06   6.6307287E+06   6.4355177E+06   0.0000000E+00   0.0000000E+00   0.0000000E+00   0.0000000E+00
   1.5840359E-04   6.6305242E+06   6.6305242E+06   8.5838455E+06   1.3368050E+04   1.0937497E+05   6.6305523E+06   6.6305242E+06   6.4353035E+06   0.0000000E+00   0.0000000E+00   0.0000000E+00   0.0000000E+00
   1.7022174E-04   6.6302884E+06   6.6302884E+06   8.5444288E+06   1.3331786E+04   1.0919199E+05   6.6302978E+06   6.6302884E+06   6.4350564E+06   0.0000000E+00   0.0000000E+00   0.0000000E+00   0.0000000E+00
   1.8292161E-04   6.6300163E+06   6.6300163E+06   8.4991271E+06   1.3290055E+04   1.0898201E+05   6.6300042E+06   6.6300163E+06   6.4347712E+06   0.0000000E+00   0.0000000E+00   0.0000000E+00   0.0000000E+00
   1.9656900E-04   6.6297025E+06   6.6297025E+06   8.4471005E+06   1.3242058E+04   1.0874130E+05   6.6296655E+06   6.6297025E+06   6.4344424E+06   0.0000000E+00   0.0000000E+00   0.0000000E+00   0.0000000E+00
   2.1123458E-04   6.6293406E+06   6.6293406E+06   8.3874016E+06   1.3186889E+04   1.0846568E+05   6.6292750E+06   6.6293406E+06   6.4340632E+06   0.0000000E+00   0.0000000E+00   0.0000000E+00   0.0000000E+00
   2.2699434E-04   6.6289233E+06   6.6289233E+06   8.3189670E+06   1.3123522E+04   1.0815050E+05   6.6288248E+06   6.6289233E+06   6.4336260E+06   0.0000000E+00   0.0000000E+00   0.0000000E+00   0.0000000E+00
   2.4392989E-04   6.6284422E+06   6.6284422E+06   8.2406079E+06   1.3050800E+04   1.0779062E+05   6.6283058E+06   6.6284422E+06   6.4331220E+06   0.0000000E+00   0.0000000E+00   0.0000000E+00   0.0000000E+00
   2.6212897E-04   6.6278879E+06   6.6278879E+06   8.1510041E+06   1.2967420E+04   1.0738042E+05   6.6277078E+06   6.6278879E+06   6.4325413E+06   0.0000000E+00   0.0000000E+00   0.0000000E+00   0.0000000E+00
   2.8168584E-04   6.6272492E+06   6.6272492E+06   8.0486991E+06   1.2871928E+04   1.0691382E+05   6.6270188E+06   6.6272492E+06   6.4318723E+06   0.0000000E+00   0.0000000E+00   0.0000000E+00   0.0000000E+00
   3.0270181E-04   6.6265137E+06   6.6265137E+06   7.9320997E+06   1.2762704E+04   1.0638430E+05   6.6262255E+06   6.6265137E+06   6.4311019E+06   0.0000000E+00   0.0000000E+00   0.0000000E+00   0.0000000E+00
   3.2528574E-04   6.6256670E+06   6.6256670E+06   7.7994821E+06   1.2637959E+04   1.0578499E+05   6.6253124E+06   6.6256670E+06   6.4302152E+06   0.0000000E+00   0.0000000E+00   0.0000000E+00   0.0000000E+00
   3.4955460E-04   6.6246927E+06   6.6246927E+06   7.6490054E+06   1.2495733E+04   1.0510881E+05   6.6242618E+06   6.6246927E+06   6.4291951E+06   0.0000000E+00   0.0000000E+00   0.0000000E+00   0.0000000E+00
   3.7563411E-04   6.6235722E+06   6.6235722E+06   7.4787368E+06   1.2333895E+04   1.0434864E+05   6.6230538E+06   6.6235722E+06   6.4280221E+06   0.0000000E+00   0.0000000E+00   0.0000000E+00   0.0000000E+00
   4.0365936E-04   6.6222844E+06   6.6222844E+06   7.2866911E+06   1.2150165E+04   1.0349761E+05   6.6216657E+06   6.6222844E+06   6.4266742E+06   0.0000000E+00   0.0000000E+00   0.0000000E+00   0.0000000E+00
   4.3377550E-04   6.6208053E+06   6.6208053E+06   7.0708907E+06   1.1942132E+04   1.0254939E+05   6.6200718E+06   6.6208053E+06   6.4251264E+06   0.0000000E+00   0.0000000E+00   0.0000000E+00   0.0000000E+00
   4.6613855E-04   6.6191078E+06   6.6191078E+06   6.8294482E+06   1.1707305E+04   1.0149872E+05   6.6182430E+06   6.6191078E+06   6.4233506E+06   0.0000000E+00   0.0000000E+00   0.0000000E+00   0.0000000E+00
   5.0091614E-04   6.6171614E+06   6.6171614E+06   6.5606791E+06   1.1443172E+04   1.0034190E+05   6.6161467E+06   6.6171614E+06   6.4213152E+06   0.0000000E+00   0.0000000E+00   0.0000000E+00   0.0000000E+00
   5.3828840E-04   6.6149320E+06   6.6149320E+06   6.2632494E+06   1.1147293E+04   9.9077472E+04   6.6137464E+06   6.6149320E+06   6.4189846E+06   0.0000000E+00   0.0000000E+00   0.0000000E+00   0.0000000E+00
   5.7844893E-04   6.6123813E+06   6.6123813E+06   5.9363610E+06   1.0817425E+04   9.7706903E+04   6.6110013E+06   6.6123813E+06   6.4163193E+06   0.0000000E+00   0.0000000E+00   0.0000000E+00   0.0000000E+00
   6.2160575E-04   6.6094667E+06   6.6094667E+06   5.5799779E+06   1.0451681E+04   9.6235322E+04   6.6078661E+06   6.6094667E+06   6.4132753E+06   0.0000000E+00   0.0000000E+00   0.0000000E+00   0.0000000E+00
   6.6798241E-04   6.6061411E+06   6.6061411E+06   5.1950910E+06   1.0048735E+04   9.4672118E+04   6.6042910E+06   6.6061411E+06   6.4098042E+06   0.0000000E+00   0.0000000E+00   0.0000000E+00   0.0000000E+00
   7.1781912E-04   6.6023527E+06   6.6023527E+06   4.7840090E+06   9.6080657E+03   9.3031279E+04   6.6002210E+06   6.6023527E+06   6.4058528E+06   0.0000000E+00   0.0000000E+00   0.0000000E+00   0.0000000E+00
   7.7137405E-04   6.5980447E+06   6.5980447E+06   4.3506589E+06   9.1302407E+03   9.1331212E+04   6.5955965E+06   6.5980447E+06   6.4013632E+06   0.0000000E+00   0.0000000E+00   0.0000000E+00   0.0000000E+00
   8.2892459E-04   6.5931555E+06   6.5931555E+06   3.9008562E+06   8.6172235E+03   8.9593732E+04   6.5903529E+06   6.5931555E+06   6.3962727E+06   0.0000000E+00   0.0000000E+00   0.0000000E+00   0.0000000E+00
   8.9076885E-04   6.5876184E+06   6.5876184E+06   3.4424935E+06   8.0726850E+03   8.7841867E+04   6.5844208E+06   6.5876184E+06   6.3905142E+06   0.0000000E+00   0.0000000E+00   0.0000000E+00   0.0000000E+00
   9.5722718E-04   6.5813618E+06   6.5813618E+06   2.9855688E+06   7.5022739E+03   8.6096104E+04   6.5777266E+06   6.5813618E+06   6.3840160E+06   0.0000000E+00   0.0000000E+00   0.0000000E+00   0.0000000E+00
   1.0286438E-03   6.5743095E+06   6.5743095E+06   2.5419584E+06   6.9137922E+03   8.4368902E+04   6.5701922E+06   6.5743095E+06   6.3767027E+06   0.0000000E+00   0.0000000E+00   0.0000000E+00   0.0000000E+00
   1.1053887E-03   6.5663806E+06   6.5663806E+06   2.1248286E+06   6.3171941E+03   8.2657617E+04   6.5617359E+06   6.5663806E+06   6.3684951E+06   0.0000000E+00   0.0000000E+00   0.0000000E+00   0.0000000E+00
   1.1878594E-03   6.5574895E+06   6.5574895E+06   1.7475910E+06   5.7243210E+03   8.0936712E+04   6.5522728E+06   6.5574895E+06   6.3593107E+06   0.0000000E+00   0.0000000E+00   0.0000000E+00   0.0000000E+00
   1.2764830E-03   6.5475460E+06   6.5475460E+06   1.4223619E+06   5.1482788E+03   7.9151157E+04   6.5417143E+06   6.5475460E+06   6.3490638E+06   0.0000000E+00   0.0000000E+00   0.0000000E+00   0.0000000E+00
   1.3717186E-03   6.5364547E+06   6.5364547E+06   1.1579989E+06   4.6023969E+03   7.7214281E+04   6.5299688E+06   6.5364547E+06   6.3376656E+06   0.0000000E+00   0.0000000E+00   0.0000000E+00   0.0000000E+00
   1.4740595E-03   6.5241145E+06   6.5241145E+06   9.5796982E+05   4.0987757E+03   7.5014523E+04   6.5169406E+06   6.5241145E+06   6.3250234E+06   0.0000000E+00   0.0000000E+00   0.0000000E+00   0.0000000E+00
   1.5840359E-03   6.5104178E+06   6.5104178E+06   8.1855947E+05   3.6465584E+03   7.2435770E+04   6.5025295E+06   6.5104178E+06   6.3110400E+06   0.0000000E+00   0.0000000E+00   0.0000000E+00   0.0000000E+00
   1.7022174E-03   6.4952490E+06   6.4952490E+06   7.2815483E+05   3.2502332E+03   6.9393734E+04   6.4866296E+06   6.4952490E+06   6.2956127E+06   0.0000000E+00   0.0000000E+00   0.0000000E+00   0.0000000E+00
   1.8292161E-03   6.4784843E+06   6.4784843E+06   6.6845134E+05   2.9084638E+03   6.5884558E+04   6.4691276E+06   6.4784843E+06   6.2786316E+06   0.0000000E+00   0.0000000E+00   0.0000000E+00   0.0000000E+00
   1.9656900E-03   6.4599910E+06   6.4599910E+06   6.1816702E+05   2.6140552E+03   6.2030886E+04   6.4499027E+06   6.4599910E+06   6.2599793E+06   0.0000000E+00   0.0000000E+00   0.0000000E+00   0.0000000E+00
   2.1123458E-03   6.4396292E+06   6.4396292E+06   5.5902839E+05   2.3555606E+03   5.8097588E+04   6.4288258E+06   6.4396292E+06   6.2395303E+06   0.0000000E+00   0.0000000E+00   0.0000000E+00   0.0000000E+00
   2.2699434E-03   6.4172535E+06   6.4172535E+06   4.8237961E+05   2.1205755E+03   5.4442963E+04   6.4057611E+06   6.4172535E+06   6.2171526E+06   0.0000000E+00   0.0000000E+00   0.0000000E+00   0.0000000E+00
   2.4392989E-03   6.3927171E+06   6.3927171E+06   3.9323729E+05   1.8999116E+03   5.1386782E+04   6.3805678E+06   6.3927171E+06   6.1927093E+06   0.0000000E+00   0.0000000E+00   0.0000000E+00   0.0000000E+00
   2.6212897E-03   6.3658739E+06   6.3658739E+06   3.0816262E+05   1.6908765E+03   4.9027517E+04   6.3531021E+06   6.3658739E+06   6.1660605E+06   0.0000000E+00   0.0000000E+00   0.0000000E+00   0.0000000E+00
   2.8168584E-03   6.3365800E+06   6.3365800E+06   2.4554461E+05   1.4974820E+03   4.7118214E+04   6.3232176E+06   6.3365800E+06   6.1370639E+06   0.0000000E+00   0.0000000E+00   0.0000000E+00   0.0000000E+00
   3.0270181E-03   6.3046908E+06   6.3046908E+06   2.1234193E+05   1.3264907E+03   4.5153566E+04   6.2907638E+06   6.3046908E+06   6.1055732E+06   0.0000000E+00   0.0000000E+00   0.0000000E+00   0.0000000E+00
   3.2528574E-03   6.2700560E+06   6.2700560E+06   1.9720405E+05   1.1810531E+03   4.2725737E+04   6.2555826E+06   6.2700560E+06   6.0714349E+06   0.0000000E+00   0.0000000E+00   0.0000000E+00   0.0000000E+00
   3.4955460E-03   6.2325156E+06   6.2325156E+06   1.7922035E+05   1.0567408E+03   3.9928617E+04   6.2175076E+06   6.2325156E+06   6.0344872E+06   0.0000000E+00   0.0000000E+00   0.0000000E+00   0.0000000E+00
   3.7563411E-03   6.1919012E+06   6.1919012E+06   1.4854659E+05   9.4446855E+02   3.7337491E+04   6.1763668E+06   6.1919012E+06   5.9945635E+06   0.0000000E+00   0.0000000E+00   0.0000000E+00   0.0000000E+00
   4.0365936E-03   6.1480415E+06   6.1480415E+06   1.1738499E+05   8.3870177E+02   3.5342621E+04   6.1319901E+06   6.1480415E+06   5.9514985E+06   0.0000000E+00   0.0000000E+00   0.0000000E+00   0.0000000E+00
   4.3377550E-03   6.1007667E+06   6.1007667E+06   1.0256508E+05   7.4184909E+02   3.3521490E+04   6.0842124E+06   6.1007667E+06   5.9051321E+06   0.0000000E+00   0.0000000E+00   0.0000000E+00   0.0000000E+00
   4.6613855E-03   6.0499061E+06   6.0499061E+06   9.8347030E+04   6.5807620E+02   3.1181376E+04   6.0328693E+06   6.0499061E+06   5.8553045E+06   0.0000000E+00   0.0000000E+00   0.0000000E+00   0.0000000E+00
   5.0091614E-03   5.9952828E+06   5.9952828E+06   8.4861725E+04   5.8479376E+02   2.8618516E+04   5.9777913E+06   5.9952828E+06   5.8018516E+06   0.0000000E+00   0.0000000E+00   0.0000000E+00   0.0000000E+00
   5.3828840E-03   5.9367194E+06   5.9367194E+06   6.5189591E+04   5.1645144E+02   2.6713085E+04   5.9188096E+06   5.9367194E+06   5.7446092E+06   0.0000000E+00   0.0000000E+00   0.0000000E+00   0.0000000E+00
   5.7844893E-03   5.8740475E+06   5.8740475E+06   5.7406951E+04   4.5404406E+02   2.5084970E+04   5.8557635E+06   5.8740475E+06   5.6834218E+06   0.0000000E+00   0.0000000E+00   0.0000000E+00   0.0000000E+00
   6.2160575E-03   5.8071042E+06   5.8071042E+06   5.2165670E+04   4.0020812E+02   2.2994762E+04   5.7884937E+06   5.8071042E+06   5.6181344E+06   0.0000000E+00   0.0000000E+00   0.0000000E+00   0.0000000E+00
   6.6798241E-03   5.7357257E+06   5.7357257E+06   3.9864796E+04   3.5173225E+02   2.1285996E+04   5.7168294E+06   5.7357257E+06   5.5485815E+06   0.0000000E+00   0.0000000E+00   0.0000000E+00   0.0000000E+00
   7.1781912E-03   5.6597458E+06   5.6597458E+06   3.6562655E+04   3.0811644E+02   1.9806980E+04   5.6405957E+06   5.6597458E+06   5.4745934E+06   0.0000000E+00   0.0000000E+00   0.0000000E+00   0.0000000E+00
   7.7137405E-03   5.5789972E+06   5.5789972E+06   3.2140931E+04   2.7028211E+02   1.7845519E+04   5.5596313E+06   5.5789972E+06   5.3960135E+06   0.0000000E+00   0.0000000E+00   0.0000000E+00   0.0000000E+00
   8.2892459E-03   5.4933143E+06   5.4933143E+06   2.5464763E+04   2.3538130E+02   1.6505837E+04   5.4737914E+06   5.4933143E+06   5.3127013E+06   0.0000000E+00   0.0000000E+00   0.0000000E+00   0.0000000E+00
   8.9076885E-03   5.4025451E+06   5.4025451E+06   2.3518086E+04   2.0520800E+02   1.4911898E+04   5.3829278E+06   5.4025451E+06   5.2245130E+06   0.0000000E+00   0.0000000E+00   0.0000000E+00   0.0000000E+00
   9.5722718E-03   5.3065388E+06   5.3065388E+06   1.7954927E+04   1.7834334E+02   1.3692529E+04   5.2868715E+06   5.3065388E+06   5.1312847E+06   0.0000000E+00   0.0000000E+00   0.0000000E+00   0.0000000E+00
   1.0286438E-02   5.2051422E+06   5.2051422E+06   1.6916351E+04   1.5468307E+02   1.2268151E+04   5.1854715E+06   5.2051422E+06   5.0328697E+06   0.0000000E+00   0.0000000E+00   0.0000000E+00   0.0000000E+00
   1.1053887E-02   5.0982065E+06   5.0982065E+06   1.3600057E+04   1.3357817E+02   1.1197666E+04   5.0785942E+06   5.0982065E+06   4.9291385E+06   0.0000000E+00   0.0000000E+00   0.0000000E+00   0.0000000E+00
   1.1878594E-02   4.9855960E+06   4.9855960E+06   1.1323912E+04   1.1538250E+02   9.9262450E+03   4.9660960E+06   4.9855960E+06   4.8199517E+06   0.0000000E+00   0.0000000E+00   0.0000000E+00   0.0000000E+00
   1.2764830E-02   4.8671803E+06   4.8671803E+06   1.0310734E+04   9.9162095E+01   8.9566948E+03   4.8478453E+06   4.8671803E+06   4.7051814E+06   0.0000000E+00   0.0000000E+00   0.0000000E+00   0.0000000E+00
   1.3717186E-02   4.7428442E+06   4.7428442E+06   8.2063724E+03   8.5003426E+01   8.0444781E+03   4.7237327E+06   4.7428442E+06   4.5847217E+06   0.0000000E+00   0.0000000E+00   0.0000000E+00   0.0000000E+00
   1.4740595E-02   4.6124975E+06   4.6124975E+06   6.6032678E+03   7.2742153E+01   7.0877365E+03   4.5936645E+06   4.6124975E+06   4.4584816E+06   0.0000000E+00   0.0000000E+00   0.0000000E+00   0.0000000E+00
   1.5840359E-02   4.4760777E+06   4.4760777E+06   5.7538510E+03   6.2017398E+01   6.2357042E+03   4.4575750E+06   4.4760777E+06   4.3263973E+06   0.0000000E+00   0.0000000E+00   0.0000000E+00   0.0000000E+00
   1.7022174E-02   4.3335700E+06   4.3335700E+06   5.0161584E+03   5.2701727E+01   5.4906318E+03   4.3154557E+06   4.3335700E+06   4.1884606E+06   0.0000000E+00   0.0000000E+00   0.0000000E+00   0.0000000E+00
   1.8292161E-02   4.1850223E+06   4.1850223E+06   4.2059854E+03   4.4622356E+01   4.8201251E+03   4.1673457E+06   4.1850223E+06   4.0447094E+06   0.0000000E+00   0.0000000E+00   0.0000000E+00   0.0000000E+00
   1.9656900E-02   4.0305687E+06   4.0305687E+06   3.5001643E+03   3.7665143E+01   4.2048347E+03   4.0133828E+06   4.0305687E+06   3.8952775E+06   0.0000000E+00   0.0000000E+00   0.0000000E+00   0.0000000E+00
   2.1123458E-02   3.8704578E+06   3.8704578E+06   2.8035380E+03   3.1661301E+01   3.6533581E+03   3.8538103E+06   3.8704578E+06   3.7404011E+06   0.0000000E+00   0.0000000E+00   0.0000000E+00   0.0000000E+00
   2.2699432E-02   3.7050874E+06   3.7050874E+06   2.2637857E+03   2.6516476E+01   3.1782937E+03   3.6890241E+06   3.7050874E+06   3.5804644E+06   0.0000000E+00   0.0000000E+00   0.0000000E+00   0.0000000E+00
   2.4392977E-02   3.5350422E+06   3.5350422E+06   1.9590076E+03   2.2112637E+01   2.7534974E+03   3.5196049E+06   3.5350422E+06   3.4160309E+06   0.0000000E+00   0.0000000E+00   0.0000000E+00   0.0000000E+00
   2.6212828E-02   3.3611381E+06   3.3611381E+06   1.6317583E+03   1.8375704E+01   2.3249830E+03   3.3463628E+06   3.3611381E+06   3.2478870E+06   0.0000000E+00   0.0000000E+00   0.0000000E+00   0.0000000E+00
   2.8168256E-02   3.1844683E+06   3.1844683E+06   1.2921834E+03   1.5200167E+01   2.0015843E+03   3.1703853E+06   3.1844683E+06   3.0770882E+06   0.0000000E+00   0.0000000E+00   0.0000000E+00   0.0000000E+00
   3.0268824E-02   3.0064561E+06   3.0064561E+06   1.0698029E+03   1.2527716E+01   1.6745673E+03   2.9930880E+06   3.0064561E+06   2.9050084E+06   0.0000000E+00   0.0000000E+00   0.0000000E+00   0.0000000E+00
   3.2523649E-02   2.8289178E+06   2.8289178E+06   9.0578473E+02   1.0281609E+01   1.4200376E+03   2.8162771E+06   2.8289178E+06   2.7334007E+06   0.0000000E+00   0.0000000E+00   0.0000000E+00   0.0000000E+00
   3.4939639E-02   2.6541334E+06   2.6541334E+06   7.2361591E+02   8.4120514E+00   1.1983164E+03   2.6422210E+06   2.6541334E+06   2.5644668E+06   0.0000000E+00   0.0000000E+00   0.0000000E+00   0.0000000E+00
   3.7518114E-02   2.4848967E+06   2.4848967E+06   5.8254016E+02   6.8693906E+00   1.0038819E+03   2.4736995E+06   2.4848967E+06   2.4009044E+06   0.0000000E+00   0.0000000E+00   0.0000000E+00   0.0000000E+00
   4.0249858E-02   2.3244455E+06   2.3244455E+06   4.8080888E+02   5.6108102E+00   8.3840498E+02   2.3139341E+06   2.3244455E+06   2.2458406E+06   0.0000000E+00   0.0000000E+00   0.0000000E+00   0.0000000E+00
   4.3110563E-02   2.1761178E+06   2.1761178E+06   3.9909184E+02   4.5980684E+00   6.9631135E+02   2.1662463E+06   2.1761178E+06   2.1024989E+06   0.0000000E+00   0.0000000E+00   0.0000000E+00   0.0000000E+00
   4.6061014E-02   2.0426609E+06   2.0426609E+06   3.1618673E+02   3.7930133E+00   5.8109353E+02   2.0333696E+06   2.0426609E+06   1.9735324E+06   0.0000000E+00   0.0000000E+00   0.0000000E+00   0.0000000E+00
   4.9055311E-02   1.9254459E+06   1.9254459E+06   2.5082799E+02   3.1593968E+00   4.9844043E+02   1.9166672E+06   1.9254459E+06   1.8602643E+06   0.0000000E+00   0.0000000E+00   0.0000000E+00   0.0000000E+00
   5.2053664E-02   1.8241074E+06   1.8241074E+06   2.2042918E+02   2.6623054E+00   4.3232085E+02   1.8157741E+06   1.8241074E+06   1.7623403E+06   0.0000000E+00   0.0000000E+00   0.0000000E+00   0.0000000E+00
   5.5031253E-02   1.7368583E+06   1.7368583E+06   1.9454806E+02   2.2707124E+00   3.7058599E+02   1.7289098E+06   1.7368583E+06   1.6780322E+06   0.0000000E+00   0.0000000E+00   0.0000000E+00   0.0000000E+00
   5.7978968E-02   1.6611718E+06   1.6611718E+06   1.6206543E+02   1.9579162E+00   3.2133960E+02   1.6535584E+06   1.6611718E+06   1.6048982E+06   0.0000000E+00   0.0000000E+00   0.0000000E+00   0.0000000E+00
   6.0899001E-02   1.5943897E+06   1.5943897E+06   1.3621980E+02   1.7039347E+00   2.8557576E+02   1.5870729E+06   1.5943897E+06   1.5403692E+06   0.0000000E+00   0.0000000E+00   0.0000000E+00   0.0000000E+00
   6.3799771E-02   1.5340746E+06   1.5340746E+06   1.2121695E+02   1.4941325E+00   2.5642263E+02   1.5270267E+06   1.5340746E+06   1.4820900E+06   0.0000000E+00   0.0000000E+00   0.0000000E+00   0.0000000E+00
   6.6692289E-02   1.4781544E+06   1.4781544E+06   1.1098414E+02   1.3179820E+00   2.2860579E+02   1.4713566E+06   1.4781544E+06   1.4280582E+06   0.0000000E+00   0.0000000E+00   0.0000000E+00   0.0000000E+00
   6.9588107E-02   1.4249544E+06   1.4249544E+06   9.9167192E+01   1.1676296E+00   2.0224150E+02   1.4183955E+06   1.4249544E+06   1.3766556E+06   0.0000000E+00   0.0000000E+00   0.0000000E+00   0.0000000E+00
   7.2498345E-02   1.3731872E+06   1.3731872E+06   8.4738967E+01   1.0374554E+00   1.8011712E+02   1.3668614E+06   1.3731872E+06   1.3266381E+06   0.0000000E+00   0.0000000E+00   0.0000000E+00   0.0000000E+00
   7.5433327E-02   1.3219303E+06   1.3219303E+06   7.3102105E+01   9.2329375E-01   1.6388548E+02   1.3158362E+06   1.3219303E+06   1.2771144E+06   0.0000000E+00   0.0000000E+00   0.0000000E+00   0.0000000E+00
   7.8402513E-02   1.2706039E+06   1.2706039E+06   6.7940483E+01   8.2239273E-01   1.4880051E+02   1.2647425E+06   1.2706039E+06   1.2275243E+06   0.0000000E+00   0.0000000E+00   0.0000000E+00   0.0000000E+00
   8.1414560E-02   1.2189487E+06   1.2189487E+06   6.2242233E+01   7.3267634E-01   1.3114889E+02   1.2133222E+06   1.2189487E+06   1.1776171E+06   0.0000000E+00   0.0000000E+00   0.0000000E+00   0.0000000E+00
   8.4477434E-02   1.1670002E+06   1.1670002E+06   5.1907484E+01   6.5253823E-01   1.1708782E+02   1.1616105E+06   1.1670002E+06   1.1274271E+06   0.0000000E+00   0.0000000E+00   0.0000000E+00   0.0000000E+00
   8.7598529E-02   1.1150551E+06   1.1150551E+06   4.7346629E+01   5.8084198E-01   1.0746107E+02   1.1099026E+06   1.1150551E+06   1.0772409E+06   0.0000000E+00   0.0000000E+00   0.0000000E+00   0.0000000E+00
   9.0784780E-02   1.0636270E+06   1.0636270E+06   4.3169536E+01   5.1681805E-01   9.3619553E+01   1.0587098E+06   1.0636270E+06   1.0275546E+06   0.0000000E+00   0.0000000E+00   0.0000000E+00   0.0000000E+00
   9.4042761E-02   1.0133879E+06   1.0133879E+06   3.6381779E+01   4.5968002E-01   8.5492619E+01   1.0087009E+06   1.0133879E+06   9.7901730E+05   0.0000000E+00   0.0000000E+00   0.0000000E+00   0.0000000E+00
   9.7378765E-02   9.6509454E+05   9.6509454E+05   3.4016840E+01   4.0901173E-01   7.4967693E+01   9.6062905E+05   9.6509454E+05   9.3236011E+05   0.0000000E+00   0.0000000E+00   0.0000000E+00   0.0000000E+00
   1.0079887E-01   9.1950344E+05   9.1950344E+05   2.9428878E+01   3.6421157E-01   6.8781093E+01   9.1524726E+05   9.1950344E+05   8.8831379E+05   0.0000000E+00   0.0000000E+00   0.0000000E+00   0.0000000E+00
   1.0430902E-01   8.7727755E+05   8.7727755E+05   2.5675213E+01   3.2485719E-01   6.0285844E+01   8.7321536E+05   8.7727755E+05   8.4751879E+05   0.0000000E+00   0.0000000E+00   0.0000000E+00   0.0000000E+00
   1.0791502E-01   8.3889380E+05   8.3889380E+05   2.4102510E+01   2.9043653E-01   5.4082592E+01   8.3500803E+05   8.3889380E+05   8.1043581E+05   0.0000000E+00   0.0000000E+00   0.0000000E+00   0.0000000E+00
   1.1162263E-01   8.0456170E+05   8.0456170E+05   2.1754789E+01   2.6038622E-01   4.9637411E+01   8.0083378E+05   8.0456170E+05   7.7726722E+05   0.0000000E+00   0.0000000E+00   0.0000000E+00   0.0000000E+00
   1.1543757E-01   7.7416611E+05   7.7416611E+05   1.9230584E+01   2.3419441E-01   4.5308478E+01   7.7057797E+05   7.7416611E+05   7.4790176E+05   0.0000000E+00   0.0000000E+00   0.0000000E+00   0.0000000E+00
   1.1936553E-01   7.4724670E+05   7.4724670E+05   1.7255749E+01   2.1126557E-01   4.1185284E+01   7.4378237E+05   7.4724670E+05   7.2189469E+05   0.0000000E+00   0.0000000E+00   0.0000000E+00   0.0000000E+00
   1.2341223E-01   7.2302527E+05   7.2302527E+05   1.5819551E+01   1.9105827E-01   3.7346951E+01   7.1967235E+05   7.2302527E+05   6.9849418E+05   0.0000000E+00   0.0000000E+00   0.0000000E+00   0.0000000E+00
   1.2758338E-01   7.0048640E+05   7.0048640E+05   1.4465740E+01   1.7302432E-01   3.3515720E+01   6.9723721E+05   7.0048640E+05   6.7671925E+05   0.0000000E+00   0.0000000E+00   0.0000000E+00   0.0000000E+00
   1.3188476E-01   6.7850917E+05   6.7850917E+05   1.2612990E+01   1.5671269E-01   3.0228382E+01   6.7536120E+05   6.7850917E+05   6.5548699E+05   0.0000000E+00   0.0000000E+00   0.0000000E+00   0.0000000E+00
   1.3632218E-01   6.5603675E+05   6.5603675E+05   1.1436101E+01   1.4174961E-01   2.8200121E+01   6.5299237E+05   6.5603675E+05   6.3377642E+05   0.0000000E+00   0.0000000E+00   0.0000000E+00   0.0000000E+00
   1.4090149E-01   6.3225924E+05   6.3225924E+05   1.0529211E+01   1.2787998E-01   2.4879317E+01   6.2932461E+05   6.3225924E+05   6.1080514E+05   0.0000000E+00   0.0000000E+00   0.0000000E+00   0.0000000E+00
   1.4562863E-01   6.0677539E+05   6.0677539E+05   9.3499847E+00   1.1494387E-01   2.3154453E+01   6.0395850E+05   6.0677539E+05   5.8618549E+05   0.0000000E+00   0.0000000E+00   0.0000000E+00   0.0000000E+00
   1.5050959E-01   5.7969365E+05   5.7969365E+05   8.1393910E+00   1.0291683E-01   2.0345947E+01   5.7700200E+05   5.7969365E+05   5.6002225E+05   0.0000000E+00   0.0000000E+00   0.0000000E+00   0.0000000E+00
   1.5555043E-01   5.5163749E+05   5.5163749E+05   7.4427829E+00   9.1821598E-02   1.8004825E+01   5.4907567E+05   5.5163749E+05   5.3291773E+05   0.0000000E+00   0.0000000E+00   0.0000000E+00   0.0000000E+00
   1.6075729E-01   5.2363416E+05   5.2363416E+05   6.6821375E+00   8.1730649E-02   1.6096722E+01   5.2120200E+05   5.2363416E+05   5.0586432E+05   0.0000000E+00   0.0000000E+00   0.0000000E+00   0.0000000E+00
   1.6613640E-01   4.9689230E+05   4.9689230E+05   5.8693791E+00   7.2715931E-02   1.4338349E+01   4.9458400E+05   4.9689230E+05   4.8002961E+05   0.0000000E+00   0.0000000E+00   0.0000000E+00   0.0000000E+00
   1.7169407E-01   4.7250641E+05   4.7250641E+05   5.1055577E+00   6.4799751E-02   1.3006152E+01   4.7031108E+05   4.7250641E+05   4.5647099E+05   0.0000000E+00   0.0000000E+00   0.0000000E+00   0.0000000E+00
   1.7743672E-01   4.5115799E+05   4.5115799E+05   4.7450486E+00   5.7942833E-02   1.1847918E+01   4.4906157E+05   4.5115799E+05   4.3584680E+05   0.0000000E+00   0.0000000E+00   0.0000000E+00   0.0000000E+00
   1.8337088E-01   4.3290135E+05   4.3290135E+05   4.1423654E+00   5.2035301E-02   1.0443564E+01   4.3088951E+05   4.3290135E+05   4.1820950E+05   0.0000000E+00   0.0000000E+00   0.0000000E+00   0.0000000E+00
   1.8950318E-01   4.1711612E+05   4.1711612E+05   3.8666329E+00   4.6899835E-02   9.5147116E+00   4.1517741E+05   4.1711612E+05   4.0295976E+05   0.0000000E+00   0.0000000E+00   0.0000000E+00   0.0000000E+00
   1.9584043E-01   4.0266980E+05   4.0266980E+05   3.4690041E+00   4.2346923E-02   8.7892101E+00   4.0079802E+05   4.0266980E+05   3.8900353E+05   0.0000000E+00   0.0000000E+00   0.0000000E+00   0.0000000E+00
   2.0238955E-01   3.8826756E+05   3.8826756E+05   3.1145562E+00   3.8202599E-02   7.9731460E+00   3.8646254E+05   3.8826756E+05   3.7508991E+05   0.0000000E+00   0.0000000E+00   0.0000000E+00   0.0000000E+00
   2.0915767E-01   3.7288943E+05   3.7288943E+05   2.8289483E+00   3.4348144E-02   7.1337364E+00   3.7115573E+05   3.7288943E+05   3.6023353E+05   0.0000000E+00   0.0000000E+00   0.0000000E+00   0.0000000E+00
   2.1615212E-01   3.5615863E+05   3.5615863E+05   2.4967802E+00   3.0733949E-02   6.2687064E+00   3.5450257E+05   3.5615863E+05   3.4407043E+05   0.0000000E+00   0.0000000E+00   0.0000000E+00   0.0000000E+00
   2.2338049E-01   3.3848208E+05   3.3848208E+05   2.2055149E+00   2.7375696E-02   5.7673911E+00   3.3690807E+05   3.3848208E+05   3.2699370E+05   0.0000000E+00   0.0000000E+00   0.0000000E+00   0.0000000E+00
   2.3085061E-01   3.2087376E+05   3.2087376E+05   1.9426332E+00   2.4327252E-02   5.0200114E+00   3.1938151E+05   3.2087376E+05   3.0998290E+05   0.0000000E+00   0.0000000E+00   0.0000000E+00   0.0000000E+00
   2.3857067E-01   3.0450303E+05   3.0450303E+05   1.7428180E+00   2.1633828E-02   4.4573871E+00   3.0308681E+05   3.0450303E+05   2.9416771E+05   0.0000000E+00   0.0000000E+00   0.0000000E+00   0.0000000E+00
   2.4654923E-01   2.9015200E+05   2.9015200E+05   1.5473004E+00   1.9304791E-02   3.9929384E+00   2.8880242E+05   2.9015200E+05   2.8030368E+05   0.0000000E+00   0.0000000E+00   0.0000000E+00   0.0000000E+00
   2.5479528E-01   2.7784326E+05   2.7784326E+05   1.3814543E+00   1.7300097E-02   3.6533821E+00   2.7655085E+05   2.7784326E+05   2.6841264E+05   0.0000000E+00   0.0000000E+00   0.0000000E+00   0.0000000E+00
   2.6331834E-01   2.6684862E+05   2.6684862E+05   1.2715111E+00   1.5545696E-02   3.2621488E+00   2.6560727E+05   2.6684862E+05   2.5779110E+05   0.0000000E+00   0.0000000E+00   0.0000000E+00   0.0000000E+00
   2.7212850E-01   2.5610404E+05   2.5610404E+05   1.1262102E+00   1.3961633E-02   2.9840118E+00   2.5491260E+05   2.5610404E+05   2.4741115E+05   0.0000000E+00   0.0000000E+00   0.0000000E+00   0.0000000E+00
   2.8123654E-01   2.4481805E+05   2.4481805E+05   1.0044656E+00   1.2496124E-02   2.6658282E+00   2.4367905E+05   2.4481805E+05   2.3650818E+05   0.0000000E+00   0.0000000E+00   0.0000000E+00   0.0000000E+00
   2.9065403E-01   2.3291291E+05   2.3291291E+05   9.0339762E-01   1.1136390E-02   2.3807260E+00   2.3182924E+05   2.3291291E+05   2.2500708E+05   0.0000000E+00   0.0000000E+00   0.0000000E+00   0.0000000E+00
   3.0039343E-01   2.2100675E+05   2.2100675E+05   8.0113560E-01   9.9001481E-03   2.0829705E+00   2.1997842E+05   2.2100675E+05   2.1350500E+05   0.0000000E+00   0.0000000E+00   0.0000000E+00   0.0000000E+00
   3.1046827E-01   2.0993141E+05   2.0993141E+05   7.1409372E-01   8.8072815E-03   1.8889474E+00   2.0895457E+05   2.0993141E+05   2.0280555E+05   0.0000000E+00   0.0000000E+00   0.0000000E+00   0.0000000E+00
   3.2089329E-01   2.0011770E+05   2.0011770E+05   6.3426880E-01   7.8580871E-03   1.6977156E+00   1.9918648E+05   2.0011770E+05   1.9332492E+05   0.0000000E+00   0.0000000E+00   0.0000000E+00   0.0000000E+00
   3.3168459E-01   1.9130783E+05   1.9130783E+05   5.7116480E-01   7.0284121E-03   1.5068170E+00   1.9041756E+05   1.9130783E+05   1.8481405E+05   0.0000000E+00   0.0000000E+00   0.0000000E+00   0.0000000E+00
   3.4285993E-01   1.8282439E+05   1.8282439E+05   5.0529089E-01   6.2840504E-03   1.3484699E+00   1.8197357E+05   1.8282439E+05   1.7661854E+05   0.0000000E+00   0.0000000E+00   0.0000000E+00   0.0000000E+00
   3.5443889E-01   1.7416802E+05   1.7416802E+05   4.5257570E-01   5.6024971E-03   1.1961794E+00   1.7335746E+05   1.7416802E+05   1.6825598E+05   0.0000000E+00   0.0000000E+00   0.0000000E+00   0.0000000E+00
   3.6644326E-01   1.6541184E+05   1.6541184E+05   4.0118698E-01   4.9797324E-03   1.0676602E+00   1.6464201E+05   1.6541184E+05   1.5979700E+05   0.0000000E+00   0.0000000E+00   0.0000000E+00   0.0000000E+00
   3.7889732E-01   1.5703235E+05   1.5703235E+05   3.5760578E-01   4.4231179E-03   9.6038694E-01   1.5630149E+05   1.5703235E+05   1.5170192E+05   0.0000000E+00   0.0000000E+00   0.0000000E+00   0.0000000E+00
   3.9182833E-01   1.4936519E+05   1.4936519E+05   3.1705814E-01   3.9339156E-03   8.5481290E-01   1.4866999E+05   1.4936519E+05   1.4429500E+05   0.0000000E+00   0.0000000E+00   0.0000000E+00   0.0000000E+00
   4.0526700E-01   1.4226903E+05   1.4226903E+05   2.8336482E-01   3.5020893E-03   7.5393379E-01   1.4160684E+05   1.4226903E+05   1.3743970E+05   0.0000000E+00   0.0000000E+00   0.0000000E+00   0.0000000E+00
   4.1924813E-01   1.3535223E+05   1.3535223E+05   2.5076427E-01   3.1128872E-03   6.7363665E-01   1.3472221E+05   1.3535223E+05   1.3075767E+05   0.0000000E+00   0.0000000E+00   0.0000000E+00   0.0000000E+00
   4.3381137E-01   1.2845631E+05   1.2845631E+05   2.2236326E-01   2.7598441E-03   5.9972158E-01   1.2785837E+05   1.2845631E+05   1.2409582E+05   0.0000000E+00   0.0000000E+00   0.0000000E+00   0.0000000E+00
   4.4900217E-01   1.2178069E+05   1.2178069E+05   1.9746934E-01   2.4427132E-03   5.3374458E-01   1.2121382E+05   1.2178069E+05   1.1764679E+05   0.0000000E+00   0.0000000E+00   0.0000000E+00   0.0000000E+00
   4.6487292E-01   1.1552373E+05   1.1552373E+05   1.7471161E-01   2.1616768E-03   4.7346440E-01   1.1498597E+05   1.1552373E+05   1.1160221E+05   0.0000000E+00   0.0000000E+00   0.0000000E+00   0.0000000E+00
   4.8148446E-01   1.0959174E+05   1.0959174E+05   1.5432208E-01   1.9115396E-03   4.1852428E-01   1.0908158E+05   1.0959174E+05   1.0587158E+05   0.0000000E+00   0.0000000E+00   0.0000000E+00   0.0000000E+00
   4.9890783E-01   1.0379196E+05   1.0379196E+05   1.3625016E-01   1.6862185E-03   3.7000588E-01   1.0330879E+05   1.0379196E+05   1.0026867E+05   0.0000000E+00   0.0000000E+00   0.0000000E+00   0.0000000E+00
   5.1722667E-01   9.8136639E+04   9.8136639E+04   1.1984051E-01   1.4834838E-03   3.2526191E-01   9.7679787E+04   9.8136639E+04   9.4805313E+04   0.0000000E+00   0.0000000E+00   0.0000000E+00   0.0000000E+00
   5.3654017E-01   9.2737806E+04   9.2737806E+04   1.0510724E-01   1.3027909E-03   2.8536101E-01   9.2306079E+04   9.2737806E+04   8.9589740E+04   0.0000000E+00   0.0000000E+00   0.0000000E+00   0.0000000E+00
   5.5696686E-01   8.7555589E+04   8.7555589E+04   9.2164653E-02   1.1414557E-03   2.5220546E-01   8.7147979E+04   8.7555589E+04   8.4583430E+04   0.0000000E+00   0.0000000E+00   0.0000000E+00   0.0000000E+00
   5.7864954E-01   8.2500206E+04   8.2500206E+04   8.0405530E-02   9.9651544E-04   2.1818614E-01   8.2116125E+04   8.2500206E+04   7.9699651E+04   0.0000000E+00   0.0000000E+00   0.0000000E+00   0.0000000E+00
   6.0176164E-01   7.7599749E+04   7.7599749E+04   6.9962577E-02   8.6674299E-04   1.9020811E-01   7.7238476E+04   7.7599749E+04   7.4965540E+04   0.0000000E+00   0.0000000E+00   0.0000000E+00   0.0000000E+00
   6.2651530E-01   7.2864494E+04   7.2864494E+04   6.0611729E-02   7.5079148E-04   1.6512969E-01   7.2525262E+04   7.2864494E+04   7.0391023E+04   0.0000000E+00   0.0000000E+00   0.0000000E+00   0.0000000E+00
   6.5317181E-01   6.8243423E+04   6.8243423E+04   5.2216081E-02   6.4695877E-04   1.4333310E-01   6.7925700E+04   6.8243423E+04   6.5926815E+04   0.0000000E+00   0.0000000E+00   0.0000000E+00   0.0000000E+00
   6.8205440E-01   6.3739806E+04   6.3739806E+04   4.4728892E-02   5.5420124E-04   1.2215100E-01   6.3443047E+04   6.3739806E+04   6.1576076E+04   0.0000000E+00   0.0000000E+00   0.0000000E+00   0.0000000E+00
   7.1356347E-01   5.9343559E+04   5.9343559E+04   3.8046582E-02   4.7142345E-04   1.0495221E-01   5.9067264E+04   5.9343559E+04   5.7329061E+04   0.0000000E+00   0.0000000E+00   0.0000000E+00   0.0000000E+00
   7.4819274E-01   5.5037022E+04   5.5037022E+04   3.2092697E-02   3.9766323E-04   9.0183637E-02   5.4780775E+04   5.5037022E+04   5.3168712E+04   0.0000000E+00   0.0000000E+00   0.0000000E+00   0.0000000E+00
   7.8654246E-01   5.0819265E+04   5.0819265E+04   2.6814475E-02   3.3226169E-04   7.5171863E-02   5.0582652E+04   5.0819265E+04   4.9094130E+04   0.0000000E+00   0.0000000E+00   0.0000000E+00   0.0000000E+00
   8.2932111E-01   4.6686055E+04   4.6686055E+04   2.2158049E-02   2.7457698E-04   6.1550133E-02   4.6468683E+04   4.6686055E+04   4.5101225E+04   0.0000000E+00   0.0000000E+00   0.0000000E+00   0.0000000E+00
   8.7732054E-01   4.2646700E+04   4.2646700E+04   1.8086437E-02   2.2413435E-04   5.0514912E-02   4.2448134E+04   4.2646700E+04   4.1198991E+04   0.0000000E+00   0.0000000E+00   0.0000000E+00   0.0000000E+00
   9.3134622E-01   3.8722339E+04   3.8722339E+04   1.4572066E-02   1.8058289E-04   4.1009832E-02   3.8542043E+04   3.8722339E+04   3.7407847E+04   0.0000000E+00   0.0000000E+00   0.0000000E+00   0.0000000E+00
   9.9209743E-01   3.4948908E+04   3.4948908E+04   1.1590540E-02   1.4364215E-04   3.2130894E-02   3.4786180E+04   3.4948908E+04   3.3762509E+04   0.0000000E+00   0.0000000E+00   0.0000000E+00   0.0000000E+00
   1.0600348E+00   3.1373036E+04   3.1373036E+04   9.1136303E-03   1.1295102E-04   2.5348273E-02   3.1226957E+04   3.1373036E+04   3.0308025E+04   0.0000000E+00   0.0000000E+00   0.0000000E+00   0.0000000E+00
   1.1353234E+00   2.8040056E+04   2.8040056E+04   7.1008747E-03   8.8009297E-05   1.9497994E-02   2.7909494E+04   2.8040056E+04   2.7088187E+04   0.0000000E+00   0.0000000E+00   0.0000000E+00   0.0000000E+00
   1.2179184E+00   2.4982092E+04   2.4982092E+04   5.4974534E-03   6.8138629E-05   1.5003331E-02   2.4865768E+04   2.4982092E+04   2.4134030E+04   0.0000000E+00   0.0000000E+00   0.0000000E+00   0.0000000E+00
   1.3077476E+00   2.2212114E+04   2.2212114E+04   4.2394382E-03   5.2546912E-05   1.2017752E-02   2.2108688E+04   2.2212114E+04   2.1458084E+04   0.0000000E+00   0.0000000E+00   0.0000000E+00   0.0000000E+00
   1.4048646E+00   1.9724089E+04   1.9724089E+04   3.2620473E-03   4.0434071E-05   9.0712586E-03   1.9632247E+04   1.9724089E+04   1.9054519E+04   0.0000000E+00   0.0000000E+00   0.0000000E+00   0.0000000E+00
   1.5095052E+00   1.7500002E+04   1.7500002E+04   2.5120928E-03   3.1074430E-05   7.2605953E-03   1.7418516E+04   1.7500002E+04   1.6905932E+04   0.0000000E+00   0.0000000E+00   0.0000000E+00   0.0000000E+00
   1.6220675E+00   1.5517433E+04   1.5517433E+04   1.9254008E-03   2.3863837E-05   5.4045873E-03   1.5445178E+04   1.5517433E+04   1.4990665E+04   0.0000000E+00   0.0000000E+00   0.0000000E+00   0.0000000E+00
   1.7430691E+00   1.3752437E+04   1.3752437E+04   1.4775520E-03   1.8315689E-05   4.2219811E-03   1.3688400E+04   1.3752437E+04   1.3285584E+04   0.0000000E+00   0.0000000E+00   0.0000000E+00   0.0000000E+00
   1.8731113E+00   1.2182661E+04   1.2182661E+04   1.1334207E-03   1.4051372E-05   3.1317394E-03   1.2125933E+04   1.2182661E+04   1.1769097E+04   0.0000000E+00   0.0000000E+00   0.0000000E+00   0.0000000E+00
   2.0128591E+00   1.0787331E+04   1.0787331E+04   8.6907062E-04   1.0774952E-05   2.4979626E-03   1.0737101E+04   1.0787331E+04   1.0421134E+04   0.0000000E+00   0.0000000E+00   0.0000000E+00   0.0000000E+00
   2.1630339E+00   9.5478439E+03   9.5478439E+03   6.6610283E-04   8.2591231E-06   1.9767045E-03   9.5033849E+03   9.5478439E+03   9.2237238E+03   0.0000000E+00   0.0000000E+00   0.0000000E+00   0.0000000E+00
   2.3244132E+00   8.4473258E+03   8.4473258E+03   5.1033119E-04   6.3282658E-06   1.5091778E-03   8.4079912E+03   8.4473258E+03   8.1605649E+03   0.0000000E+00   0.0000000E+00   0.0000000E+00   0.0000000E+00
   2.4978326E+00   7.4707323E+03   7.4707323E+03   3.9083489E-04   4.8469445E-06   1.1444479E-03   7.4359451E+03   7.4707323E+03   7.2171237E+03   0.0000000E+00   0.0000000E+00   0.0000000E+00   0.0000000E+00
   2.6841904E+00   6.6045274E+03   6.6045274E+03   2.9920584E-04   3.7110167E-06   8.3831698E-04   6.5737737E+03   6.6045274E+03   6.3803238E+03   0.0000000E+00   0.0000000E+00   0.0000000E+00   0.0000000E+00
   2.8844521E+00   5.8365969E+03   5.8365969E+03   2.2897136E-04   2.8402712E-06   6.9193860E-04   5.8094189E+03   5.8365969E+03   5.6384621E+03   0.0000000E+00   0.0000000E+00   0.0000000E+00   0.0000000E+00
   3.0996548E+00   5.1561097E+03   5.1561097E+03   1.7519678E-04   2.1730991E-06   4.9600081E-04   5.1321004E+03   5.1561097E+03   4.9810754E+03   0.0000000E+00   0.0000000E+00   0.0000000E+00   0.0000000E+00
   3.3309133E+00   4.5533786E+03   4.5533786E+03   1.3391941E-04   1.6621138E-06   3.8636947E-04   4.5321758E+03   4.5533786E+03   4.3988051E+03   0.0000000E+00   0.0000000E+00   0.0000000E+00   0.0000000E+00
   3.5794255E+00   4.0197491E+03   4.0197491E+03   1.0241867E-04   1.2708851E-06   2.8241021E-04   4.0010312E+03   4.0197491E+03   3.8832908E+03   0.0000000E+00   0.0000000E+00   0.0000000E+00   0.0000000E+00
   3.8464786E+00   3.5474967E+03   3.5474967E+03   7.8268619E-05   9.7144507E-07   2.5548920E-04   3.5309778E+03   3.5474967E+03   3.4270699E+03   0.0000000E+00   0.0000000E+00   0.0000000E+00   0.0000000E+00
   4.1334561E+00   3.1297311E+03   3.1297311E+03   5.9795252E-05   7.4235428E-07   1.6392918E-04   3.1151575E+03   3.1297311E+03   3.0234862E+03   0.0000000E+00   0.0000000E+00   0.0000000E+00   0.0000000E+00
   4.4418442E+00   2.7603109E+03   2.7603109E+03   4.5667164E-05   5.6713371E-07   1.2492509E-04   2.7474575E+03   2.7603109E+03   2.6666067E+03   0.0000000E+00   0.0000000E+00   0.0000000E+00   0.0000000E+00
   4.7732406E+00   2.4337655E+03   2.4337655E+03   3.4870406E-05   4.3315929E-07   9.2841653E-05   2.4224327E+03   2.4337655E+03   2.3511465E+03   0.0000000E+00   0.0000000E+00   0.0000000E+00   0.0000000E+00
   5.1293617E+00   2.1452253E+03   2.1452253E+03   2.6615288E-05   3.3075043E-07   7.5602433E-05   2.1352361E+03   2.1452253E+03   2.0724014E+03   0.0000000E+00   0.0000000E+00   0.0000000E+00   0.0000000E+00
   5.5120523E+00   1.8903580E+03   1.8903580E+03   2.0309290E-05   2.5249662E-07   6.2783784E-05   1.8815555E+03   1.8903580E+03   1.8261860E+03   0.0000000E+00   0.0000000E+00   0.0000000E+00   0.0000000E+00
   5.9232945E+00   1.6653117E+03   1.6653117E+03   1.5493072E-05   1.9271979E-07   3.9353972E-05   1.6575572E+03   1.6653117E+03   1.6087794E+03   0.0000000E+00   0.0000000E+00   0.0000000E+00   0.0000000E+00
   6.3652186E+00   1.4666641E+03   1.4666641E+03   1.1812358E-05   1.4706501E-07   3.3263048E-05   1.4598345E+03   1.4666641E+03   1.4168752E+03   0.0000000E+00   0.0000000E+00   0.0000000E+00   0.0000000E+00
   6.8401138E+00   1.2913754E+03   1.2913754E+03   9.0093048E-06   1.1220643E-07   1.8900260E-05   1.2853621E+03   1.2913754E+03   1.2475371E+03   0.0000000E+00   0.0000000E+00   0.0000000E+00   0.0000000E+00
   7.3504398E+00   1.1367479E+03   1.1367479E+03   6.8679257E-06   8.5597727E-08   2.1344758E-05   1.1314546E+03   1.1367479E+03   1.0981587E+03   0.0000000E+00   0.0000000E+00   0.0000000E+00   0.0000000E+00
   7.8988402E+00   1.0003880E+03   1.0003880E+03   5.2342272E-06   6.5289862E-08   1.6289187E-05   9.9572965E+02   1.0003880E+03   9.6642779E+02   0.0000000E+00   0.0000000E+00   0.0000000E+00   0.0000000E+00
   8.4881555E+00   8.8017338E+02   8.8017338E+02   3.9878296E-06   4.9795051E-08   1.0188797E-05   8.7607484E+02   8.8017338E+02   8.5029413E+02   0.0000000E+00   0.0000000E+00   0.0000000E+00   0.0000000E+00
   9.1214383E+00   7.7422311E+02   7.7422311E+02   3.0380098E-06   3.7974672E-08   1.1765354E-05   7.7061793E+02   7.7422311E+02   7.4794055E+02   0.0000000E+00   0.0000000E+00   0.0000000E+00   0.0000000E+00
   9.8019690E+00   6.8087083E+02   6.8087083E+02   2.3126875E-06   2.8958716E-08   4.6088663E-06   6.7770035E+02   6.8087083E+02   6.5775731E+02   0.0000000E+00   0.0000000E+00   0.0000000E+00   0.0000000E+00
   1.0533273E+01   5.9864106E+02   5.9864106E+02   1.7620813E-06   2.2082910E-08   3.2026154E-06   5.9585348E+02   5.9864106E+02   5.7831899E+02   0.0000000E+00   0.0000000E+00   0.0000000E+00   0.0000000E+00
