#           k/h    CDM            baryon         photon         nu             mass_nu        total          no_nu          total_de       Weyl           v_CDM          v_b            v_b-v_c     
   1.1053887E-05   6.1954596E+06   6.1954596E+06   8.2595073E+06   1.3450875E+04   9.9759076E+04   6.1956199E+06   6.1954596E+06   6.0459541E+06   0.0000000E+00   0.0000000E+00   0.0000000E+00   0.0000000E+00
   1.1878594E-05   6.1954586E+06   6.1954586E+06   8.2593348E+06   1.3450707E+04   9.9758249E+04   6.1956187E+06   6.1954586E+06   6.0459530E+06   0.0000000E+00   0.0000000E+00   0.0000000E+00   0.0000000E+00
   1.2764830E-05   6.1954573E+06   6.1954573E+06   8.2591356E+06   1.3450512E+04   9.9757294E+04   6.1956174E+06   6.1954573E+06   6.0459517E+06   0.0000000E+00   0.0000000E+00   0.0000000E+00   0.0000000E+00
   1.3717186E-05   6.1954559E+06   6.1954559E+06   8.2589056E+06   1.3450288E+04   9.9756192E+04   6.1956158E+06   6.1954559E+06   6.0459502E+06   0.0000000E+00   0.0000000E+00   0.0000000E+00   0.0000000E+00
   1.4740595E-05   6.1954543E+06   6.1954543E+06   8.2586399E+06   1.3450029E+04   9.9754919E+04   6.1956141E+06   6.1954543E+06   6.0459485E+06   0.0000000E+00   0.0000000E+00   0.0000000E+00   0.0000000E+00
   1.5840359E-05   6.1954524E+06   6.1954524E+06   8.2583332E+06   1.3449730E+04   9.9753450E+04   6.1956120E+06   6.1954524E+06   6.0459465E+06   0.0000000E+00   0.0000000E+00   0.0000000E+00   0.0000000E+00
   1.7022174E-05   6.1954502E+06   6.1954502E+06   8.2579790E+06   1.3449385E+04   9.9751752E+04   6.1956097E+06   6.1954502E+06   6.0459442E+06   0.0000000E+00   0.0000000E+00   0.0000000E+00   0.0000000E+00
   1.8292161E-05   6.1954477E+06   6.1954477E+06   8.2575700E+06   1.3448987E+04   9.9749793E+04   6.1956069E+06   6.1954477E+06   6.0459415E+06   0.0000000E+00   0.0000000E+00   0.0000000E+00   0.0000000E+00
   1.9656900E-05   6.1954448E+06   6.1954448E+06   8.2570977E+06   1.3448526E+04   9.9747530E+04   6.1956038E+06   6.1954448E+06   6.0459384E+06   0.0000000E+00   0.0000000E+00   0.0000000E+00   0.0000000E+00
   2.1123458E-05   6.1954414E+06   6.1954414E+06   8.2565523E+06   1.3447995E+04   9.9744917E+04   6.1956001E+06   6.1954414E+06   6.0459349E+06   0.0000000E+00   0.0000000E+00   0.0000000E+00   0.0000000E+00
   2.2699434E-05   6.1954375E+06   6.1954375E+06   8.2559225E+06   1.3447381E+04   9.9741899E+04   6.1955959E+06   6.1954375E+06   6.0459308E+06   0.0000000E+00   0.0000000E+00   0.0000000E+00   0.0000000E+00
   2.4392989E-05   6.1954330E+06   6.1954330E+06   8.2551954E+06   1.3446672E+04   9.9738416E+04   6.1955911E+06   6.1954330E+06   6.0459260E+06   0.0000000E+00   0.0000000E+00   0.0000000E+00   0.0000000E+00
   2.6212897E-05   6.1954279E+06   6.1954279E+06   8.2543557E+06   1.3445854E+04   9.9734393E+04   6.1955855E+06   6.1954279E+06   6.0459206E+06   0.0000000E+00   0.0000000E+00   0.0000000E+00   0.0000000E+00
   2.8168584E-05   6.1954219E+06   6.1954219E+06   8.2533862E+06   1.3444909E+04   9.9729749E+04   6.1955790E+06   6.1954219E+06   6.0459143E+06   0.0000000E+00   0.0000000E+00   0.0000000E+00   0.0000000E+00
   3.0270181E-05   6.1954150E+06   6.1954150E+06   8.2522668E+06   1.3443818E+04   9.9724386E+04   6.1955715E+06   6.1954150E+06   6.0459070E+06   0.0000000E+00   0.0000000E+00   0.0000000E+00   0.0000000E+00
   3.2528574E-05   6.1954070E+06   6.1954070E+06   8.2509743E+06   1.3442558E+04   9.9718195E+04   6.1955629E+06   6.1954070E+06   6.0458985E+06   0.0000000E+00   0.0000000E+00   0.0000000E+00   0.0000000E+00
   3.4955460E-05   6.1953978E+06   6.1953978E+06   8.2494820E+06   1.3441103E+04   9.9711047E+04   6.1955529E+06   6.1953978E+06   6.0458888E+06   0.0000000E+00   0.0000000E+00   0.0000000E+00   0.0000000E+00
   3.7563411E-05   6.1953872E+06   6.1953872E+06   8.2477590E+06   1.3439424E+04   9.9702795E+04   6.1955414E+06   6.1953872E+06   6.0458776E+06   0.0000000E+00   0.0000000E+00   0.0000000E+00   0.0000000E+00
   4.0365936E-05   6.1953749E+06   6.1953749E+06   8.2457697E+06   1.3437484E+04   9.9693268E+04   6.1955282E+06   6.1953749E+06   6.0458646E+06   0.0000000E+00   0.0000000E+00   0.0000000E+00   0.0000000E+00
   4.3377550E-05   6.1953607E+06   6.1953607E+06   8.2434732E+06   1.3435245E+04   9.9682271E+04   6.1955128E+06   6.1953607E+06   6.0458496E+06   0.0000000E+00   0.0000000E+00   0.0000000E+00   0.0000000E+00
   4.6613855E-05   6.1953443E+06   6.1953443E+06   8.2408219E+06   1.3432660E+04   9.9669577E+04   6.1954951E+06   6.1953443E+06   6.0458323E+06   0.0000000E+00   0.0000000E+00   0.0000000E+00   0.0000000E+00
   5.0091614E-05   6.1953254E+06   6.1953254E+06   8.2377612E+06   1.3429676E+04   9.9654925E+04   6.1954746E+06   6.1953254E+06   6.0458124E+06   0.0000000E+00   0.0000000E+00   0.0000000E+00   0.0000000E+00
   5.3828840E-05   6.1953036E+06   6.1953036E+06   8.2342282E+06   1.3426230E+04   9.9638014E+04   6.1954510E+06   6.1953036E+06   6.0457893E+06   0.0000000E+00   0.0000000E+00   0.0000000E+00   0.0000000E+00
   5.7844893E-05   6.1952784E+06   6.1952784E+06   8.2301501E+06   1.3422252E+04   9.9618497E+04   6.1954237E+06   6.1952784E+06   6.0457627E+06   0.0000000E+00   0.0000000E+00   0.0000000E+00   0.0000000E+00
   6.2160575E-05   6.1952493E+06   6.1952493E+06   8.2254433E+06   1.3417661E+04   9.9595976E+04   6.1953922E+06   6.1952493E+06   6.0457319E+06   0.0000000E+00   0.0000000E+00   0.0000000E+00   0.0000000E+00
   6.6798241E-05   6.1952157E+06   6.1952157E+06   8.2200110E+06   1.3412361E+04   9.9569991E+04   6.1953559E+06   6.1952157E+06   6.0456964E+06   0.0000000E+00   0.0000000E+00   0.0000000E+00   0.0000000E+00
   7.1781912E-05   6.1951769E+06   6.1951769E+06   8.2137423E+06   1.3406244E+04   9.9540012E+04   6.1953139E+06   6.1951769E+06   6.0456554E+06   0.0000000E+00   0.0000000E+00   0.0000000E+00   0.0000000E+00
   7.7137405E-05   6.1951321E+06   6.1951321E+06   8.2065089E+06   1.3399184E+04   9.9505431E+04   6.1952654E+06   6.1951321E+06   6.0456081E+06   0.0000000E+00   0.0000000E+00   0.0000000E+00   0.0000000E+00
   8.2892459E-05   6.1950804E+06   6.1950804E+06   8.1981636E+06   1.3391037E+04   9.9465548E+04   6.1952095E+06   6.1950804E+06   6.0455535E+06   0.0000000E+00   0.0000000E+00   0.0000000E+00   0.0000000E+00
   8.9076885E-05   6.1950207E+06   6.1950207E+06   8.1885366E+06   1.3381636E+04   9.9419561E+04   6.1951449E+06   6.1950207E+06   6.0454904E+06   0.0000000E+00   0.0000000E+00   0.0000000E+00   0.0000000E+00
   9.5722718E-05   6.1949517E+06   6.1949517E+06   8.1774330E+06   1.3370790E+04   9.9366545E+04   6.1950703E+06   6.1949517E+06   6.0454176E+06   0.0000000E+00   0.0000000E+00   0.0000000E+00   0.0000000E+00
   1.0286438E-04   6.1948721E+06   6.1948721E+06   8.1646287E+06   1.3358278E+04   9.9305443E+04   6.1949841E+06   6.1948721E+06   6.0453335E+06   0.0000000E+00   0.0000000E+00   0.0000000E+00   0.0000000E+00
   1.1053887E-04   6.1947803E+06   6.1947803E+06   8.1498664E+06   1.3343846E+04   9.9235044E+04   6.1948847E+06   6.1947803E+06   6.0452365E+06   0.0000000E+00   0.0000000E+00   0.0000000E+00   0.0000000E+00
   1.1878594E-04   6.1946742E+06   6.1946742E+06   8.1328510E+06   1.3327203E+04   9.9153961E+04   6.1947700E+06   6.1946742E+06   6.0451244E+06   0.0000000E+00   0.0000000E+00   0.0000000E+00   0.0000000E+00
   1.2764830E-04   6.1945518E+06   6.1945518E+06   8.1132442E+06   1.3308014E+04   9.9060611E+04   6.1946376E+06   6.1945518E+06   6.0449951E+06   0.0000000E+00   0.0000000E+00   0.0000000E+00   0.0000000E+00
   1.3717186E-04   6.1944105E+06   6.1944105E+06   8.0906589E+06   1.3285896E+04   9.8953188E+04   6.1944847E+06   6.1944105E+06   6.0448459E+06   0.0000000E+00   0.0000000E+00   0.0000000E+00   0.0000000E+00
   1.4740595E-04   6.1942475E+06   6.1942475E+06   8.0646528E+06   1.3260408E+04   9.8829638E+04   6.1943083E+06   6.1942475E+06   6.0446737E+06   0.0000000E+00   0.0000000E+00   0.0000000E+00   0.0000000E+00
   1.5840359E-04   6.1940594E+06   6.1940594E+06   8.0347210E+06   1.3231047E+04   9.8687627E+04   6.1941048E+06   6.1940594E+06   6.0444750E+06   0.0000000E+00   0.0000000E+00   0.0000000E+00   0.0000000E+00
   1.7022174E-04   6.1938423E+06   6.1938423E+06   8.0002888E+06   1.3197237E+04   9.8524517E+04   6.1938699E+06   6.1938423E+06   6.0442457E+06   0.0000000E+00   0.0000000E+00   0.0000000E+00   0.0000000E+00
   1.8292161E-04   6.1935918E+06   6.1935918E+06   7.9607031E+06   1.3158320E+04   9.8337329E+04   6.1935990E+06   6.1935918E+06   6.0439812E+06   0.0000000E+00   0.0000000E+00   0.0000000E+00   0.0000000E+00
   1.9656900E-04   6.1933029E+06   6.1933029E+06   7.9152240E+06   1.3113547E+04   9.8122716E+04   6.1932865E+06   6.1933029E+06   6.0436761E+06   0.0000000E+00   0.0000000E+00   0.0000000E+00   0.0000000E+00
   2.1123458E-04   6.1929698E+06   6.1929698E+06   7.8630158E+06   1.3062069E+04   9.7876934E+04   6.1929261E+06   6.1929698E+06   6.0433243E+06   0.0000000E+00   0.0000000E+00   0.0000000E+00   0.0000000E+00
   2.2699434E-04   6.1925856E+06   6.1925856E+06   7.8031380E+06   1.3002919E+04   9.7595821E+04   6.1925105E+06   6.1925856E+06   6.0429186E+06   0.0000000E+00   0.0000000E+00   0.0000000E+00   0.0000000E+00
   2.4392989E-04   6.1921426E+06   6.1921426E+06   7.7345372E+06   1.2935008E+04   9.7274775E+04   6.1920315E+06   6.1921426E+06   6.0424509E+06   0.0000000E+00   0.0000000E+00   0.0000000E+00   0.0000000E+00
   2.6212897E-04   6.1916321E+06   6.1916321E+06   7.6560396E+06   1.2857108E+04   9.6908758E+04   6.1914794E+06   6.1916321E+06   6.0419120E+06   0.0000000E+00   0.0000000E+00   0.0000000E+00   0.0000000E+00
   2.8168584E-04   6.1910439E+06   6.1910439E+06   7.5663458E+06   1.2767843E+04   9.6492302E+04   6.1908434E+06   6.1910439E+06   6.0412910E+06   0.0000000E+00   0.0000000E+00   0.0000000E+00   0.0000000E+00
   3.0270181E-04   6.1903664E+06   6.1903664E+06   7.4640283E+06   1.2665675E+04   9.6019547E+04   6.1901109E+06   6.1903664E+06   6.0405759E+06   0.0000000E+00   0.0000000E+00   0.0000000E+00   0.0000000E+00
   3.2528574E-04   6.1895864E+06   6.1895864E+06   7.3475339E+06   1.2548903E+04   9.5484314E+04   6.1892676E+06   6.1895864E+06   6.0397526E+06   0.0000000E+00   0.0000000E+00   0.0000000E+00   0.0000000E+00
   3.4955460E-04   6.1886886E+06   6.1886886E+06   7.2151927E+06   1.2415653E+04   9.4880216E+04   6.1882972E+06   6.1886886E+06   6.0388053E+06   0.0000000E+00   0.0000000E+00   0.0000000E+00   0.0000000E+00
   3.7563411E-04   6.1876560E+06   6.1876560E+06   7.0652359E+06   1.2263880E+04   9.4200822E+04   6.1871812E+06   6.1876560E+06   6.0377158E+06   0.0000000E+00   0.0000000E+00   0.0000000E+00   0.0000000E+00
   4.0365936E-04   6.1864688E+06   6.1864688E+06   6.8958261E+06   1.2091378E+04   9.3439900E+04   6.1858985E+06   6.1864688E+06   6.0364636E+06   0.0000000E+00   0.0000000E+00   0.0000000E+00   0.0000000E+00
   4.3377550E-04   6.1851049E+06   6.1851049E+06   6.7051033E+06   1.1895803E+04   9.2591732E+04   6.1844252E+06   6.1851049E+06   6.0350254E+06   0.0000000E+00   0.0000000E+00   0.0000000E+00   0.0000000E+00
   4.6613855E-04   6.1835392E+06   6.1835392E+06   6.4912511E+06   1.1674700E+04   9.1651528E+04   6.1827343E+06   6.1835392E+06   6.0333748E+06   0.0000000E+00   0.0000000E+00   0.0000000E+00   0.0000000E+00
   5.0091614E-04   6.1817433E+06   6.1817433E+06   6.2525883E+06   1.1425566E+04   9.0615938E+04   6.1807956E+06   6.1817433E+06   6.0314822E+06   0.0000000E+00   0.0000000E+00   0.0000000E+00   0.0000000E+00
   5.3828840E-04   6.1796854E+06   6.1796854E+06   5.9876903E+06   1.1145918E+04   8.9483669E+04   6.1785748E+06   6.1796854E+06   6.0293143E+06   0.0000000E+00   0.0000000E+00   0.0000000E+00   0.0000000E+00
   5.7844893E-04   6.1773299E+06   6.1773299E+06   5.6955451E+06   1.0833410E+04   8.8256169E+04   6.1760340E+06   6.1773299E+06   6.0268340E+06   0.0000000E+00   0.0000000E+00   0.0000000E+00   0.0000000E+00
   6.2160575E-04   6.1746371E+06   6.1746371E+06   5.3757464E+06   1.0485969E+04   8.6938353E+04   6.1731308E+06   6.1746371E+06   6.0240001E+06   0.0000000E+00   0.0000000E+00   0.0000000E+00   0.0000000E+00
   6.6798241E-04   6.1715629E+06   6.1715629E+06   5.0287244E+06   1.0101980E+04   8.5539260E+04   6.1698185E+06   6.1715629E+06   6.0207668E+06   0.0000000E+00   0.0000000E+00   0.0000000E+00   0.0000000E+00
   7.1781912E-04   6.1680588E+06   6.1680588E+06   4.6560081E+06   9.6805104E+03   8.4072513E+04   6.1660456E+06   6.1680588E+06   6.0170841E+06   0.0000000E+00   0.0000000E+00   0.0000000E+00   0.0000000E+00
   7.7137405E-04   6.1640715E+06   6.1640715E+06   4.2605056E+06   9.2215762E+03   8.2556368E+04   6.1617561E+06   6.1640715E+06   6.0128972E+06   0.0000000E+00   0.0000000E+00   0.0000000E+00   0.0000000E+00
   8.2892459E-04   6.1595431E+06   6.1595431E+06   3.8467757E+06   8.7264412E+03   8.1013049E+04   6.1568890E+06   6.1595431E+06   6.0081467E+06   0.0000000E+00   0.0000000E+00   0.0000000E+00   0.0000000E+00
   8.9076885E-04   6.1544107E+06   6.1544107E+06   3.4212502E+06   8.1979312E+03   7.9467030E+04   6.1513792E+06   6.1544107E+06   6.0027690E+06   0.0000000E+00   0.0000000E+00   0.0000000E+00   0.0000000E+00
   9.5722718E-04   6.1486070E+06   6.1486070E+06   2.9923433E+06   7.6407307E+03   7.7941875E+04   6.1451568E+06   6.1486070E+06   5.9966961E+06   0.0000000E+00   0.0000000E+00   0.0000000E+00   0.0000000E+00
   1.0286438E-03   6.1420600E+06   6.1420600E+06   2.5703680E+06   7.0616150E+03   7.6455339E+04   6.1381483E+06   6.1420600E+06   5.9898561E+06   0.0000000E+00   0.0000000E+00   0.0000000E+00   0.0000000E+00
   1.1053887E-03   6.1346932E+06   6.1346932E+06   2.1671630E+06   6.4695470E+03   7.5012688E+04   6.1302764E+06   6.1346932E+06   5.9821739E+06   0.0000000E+00   0.0000000E+00   0.0000000E+00   0.0000000E+00
   1.1878594E-03   6.1264261E+06   6.1264261E+06   1.7953311E+06   5.8755537E+03   7.3598739E+04   6.1214608E+06   6.1264261E+06   5.9735710E+06   0.0000000E+00   0.0000000E+00   0.0000000E+00   0.0000000E+00
   1.2764830E-03   6.1171737E+06   6.1171737E+06   1.4670217E+06   5.2922892E+03   7.2170041E+04   6.1116183E+06   6.1171737E+06   5.9639665E+06   0.0000000E+00   0.0000000E+00   0.0000000E+00   0.0000000E+00
   1.3717186E-03   6.1068467E+06   6.1068467E+06   1.1922659E+06   4.7332009E+03   7.0649868E+04   6.1006627E+06   6.1068467E+06   5.9532764E+06   0.0000000E+00   0.0000000E+00   0.0000000E+00   0.0000000E+00
   1.4740595E-03   6.0953507E+06   6.0953507E+06   9.7700942E+05   4.2112684E+03   6.8930109E+04   6.0885052E+06   6.0953507E+06   5.9414140E+06   0.0000000E+00   0.0000000E+00   0.0000000E+00   0.0000000E+00
   1.5840359E-03   6.0825859E+06   6.0825859E+06   8.2119981E+05   3.7373759E+03   6.6884987E+04   6.0750530E+06   6.0825859E+06   5.9282888E+06   0.0000000E+00   0.0000000E+00   0.0000000E+00   0.0000000E+00
   1.7022174E-03   6.0684455E+06   6.0684455E+06   7.1751904E+05   3.3185396E+03   6.4400706E+04   6.0602085E+06   6.0684455E+06   5.9138058E+06   0.0000000E+00   0.0000000E+00   0.0000000E+00   0.0000000E+00
   1.8292161E-03   6.0528153E+06   6.0528153E+06   6.5153458E+05   2.9563927E+03   6.1420875E+04   6.0438680E+06   6.0528153E+06   5.8978639E+06   0.0000000E+00   0.0000000E+00   0.0000000E+00   0.0000000E+00
   1.9656900E-03   6.0355727E+06   6.0355727E+06   6.0399424E+05   2.6465017E+03   5.7998513E+04   6.0259205E+06   6.0355727E+06   5.8803545E+06   0.0000000E+00   0.0000000E+00   0.0000000E+00   0.0000000E+00
   2.1123458E-03   6.0165874E+06   6.0165874E+06   5.5550000E+05   2.3791097E+03   5.4332358E+04   6.0062470E+06   6.0165874E+06   5.8611615E+06   0.0000000E+00   0.0000000E+00   0.0000000E+00   0.0000000E+00
   2.2699434E-03   5.9957233E+06   5.9957233E+06   4.9272377E+05   2.1416321E+03   5.0753599E+04   5.9847209E+06   5.9957233E+06   5.8401612E+06   0.0000000E+00   0.0000000E+00   0.0000000E+00   0.0000000E+00
   2.4392989E-03   5.9728409E+06   5.9728409E+06   4.1384844E+05   1.9225669E+03   4.7631872E+04   5.9612096E+06   5.9728409E+06   5.8172239E+06   0.0000000E+00   0.0000000E+00   0.0000000E+00   0.0000000E+00
   2.6212897E-03   5.9478010E+06   5.9478010E+06   3.2981115E+05   1.7155030E+03   4.5203132E+04   5.9355765E+06   5.9478010E+06   5.7922163E+06   0.0000000E+00   0.0000000E+00   0.0000000E+00   0.0000000E+00
   2.8168584E-03   5.9204665E+06   5.9204665E+06   2.5859871E+05   1.5211209E+03   4.3392503E+04   5.9076830E+06   5.9204665E+06   5.7650026E+06   0.0000000E+00   0.0000000E+00   0.0000000E+00   0.0000000E+00
   3.0270181E-03   5.8907018E+06   5.8907018E+06   2.1355132E+05   1.3453194E+03   4.1778830E+04   5.8773874E+06   5.8907018E+06   5.7354447E+06   0.0000000E+00   0.0000000E+00   0.0000000E+00   0.0000000E+00
   3.2528574E-03   5.8583684E+06   5.8583684E+06   1.9256425E+05   1.1936330E+03   3.9833417E+04   5.8445437E+06   5.8583684E+06   5.7033998E+06   0.0000000E+00   0.0000000E+00   0.0000000E+00   0.0000000E+00
   3.4955460E-03   5.8233199E+06   5.8233199E+06   1.7845831E+05   1.0654024E+03   3.7364956E+04   5.8089981E+06   5.8233199E+06   5.6687178E+06   0.0000000E+00   0.0000000E+00   0.0000000E+00   0.0000000E+00
   3.7563411E-03   5.7854004E+06   5.7854004E+06   1.5448772E+05   9.5300890E+02   3.4777924E+04   5.7705904E+06   5.7854004E+06   5.6312424E+06   0.0000000E+00   0.0000000E+00   0.0000000E+00   0.0000000E+00
   4.0365936E-03   5.7444483E+06   5.7444483E+06   1.2233055E+05   8.4824073E+02   3.2689462E+04   5.7291592E+06   5.7444483E+06   5.5908161E+06   0.0000000E+00   0.0000000E+00   0.0000000E+00   0.0000000E+00
   4.3377550E-03   5.7003025E+06   5.7003025E+06   9.9480602E+04   7.4989984E+02   3.1101606E+04   5.6845478E+06   5.7003025E+06   5.5472858E+06   0.0000000E+00   0.0000000E+00   0.0000000E+00   0.0000000E+00
   4.6613855E-03   5.6528040E+06   5.6528040E+06   9.3100388E+04   6.6281610E+02   2.9263432E+04   5.6366032E+06   5.6528040E+06   5.5005025E+06   0.0000000E+00   0.0000000E+00   0.0000000E+00   0.0000000E+00
   5.0091614E-03   5.6017901E+06   5.6017901E+06   8.6953420E+04   5.8833417E+02   2.6853196E+04   5.5851702E+06   5.6017901E+06   5.4503145E+06   0.0000000E+00   0.0000000E+00   0.0000000E+00   0.0000000E+00
   5.3828840E-03   5.5470951E+06   5.5470951E+06   6.9612189E+04   5.2095836E+02   2.4710996E+04   5.5300906E+06   5.5470951E+06   5.3965675E+06   0.0000000E+00   0.0000000E+00   0.0000000E+00   0.0000000E+00
   5.7844893E-03   5.4885583E+06   5.4885583E+06   5.6096663E+04   4.5786679E+02   2.3251194E+04   5.4712113E+06   5.4885583E+06   5.3391123E+06   0.0000000E+00   0.0000000E+00   0.0000000E+00   0.0000000E+00
   6.2160575E-03   5.4260281E+06   5.4260281E+06   5.2719389E+04   4.0254303E+02   2.1519690E+04   5.4083841E+06   5.4260281E+06   5.2778042E+06   0.0000000E+00   0.0000000E+00   0.0000000E+00   0.0000000E+00
   6.6798241E-03   5.3593536E+06   5.3593536E+06   4.3029183E+04   3.5445150E+02   1.9609606E+04   5.3414529E+06   5.3593536E+06   5.2124908E+06   0.0000000E+00   0.0000000E+00   0.0000000E+00   0.0000000E+00
   7.1781912E-03   5.2883776E+06   5.2883776E+06   3.4132040E+04   3.1024009E+02   1.8349541E+04   5.2702513E+06   5.2883776E+06   5.1430099E+06   0.0000000E+00   0.0000000E+00   0.0000000E+00   0.0000000E+00
   7.7137405E-03   5.2129446E+06   5.2129446E+06   3.3047043E+04   2.7157195E+02   1.6709099E+04   5.1946269E+06   5.2129446E+06   5.0692127E+06   0.0000000E+00   0.0000000E+00   0.0000000E+00   0.0000000E+00
   8.2892459E-03   5.1329006E+06   5.1329006E+06   2.5661246E+04   2.3696339E+02   1.5170801E+04   5.1144448E+06   5.1329006E+06   4.9909677E+06   0.0000000E+00   0.0000000E+00   0.0000000E+00   0.0000000E+00
   8.9076885E-03   5.0481014E+06   5.0481014E+06   2.3651137E+04   2.0595973E+02   1.3969901E+04   5.0295685E+06   5.0481014E+06   4.9081415E+06   0.0000000E+00   0.0000000E+00   0.0000000E+00   0.0000000E+00
   9.5722718E-03   4.9584079E+06   4.9584079E+06   1.8728642E+04   1.7940243E+02   1.2501137E+04   4.9398415E+06   4.9584079E+06   4.8205818E+06   0.0000000E+00   0.0000000E+00   0.0000000E+00   0.0000000E+00
   1.0286438E-02   4.8636761E+06   4.8636761E+06   1.6733205E+04   1.5521010E+02   1.1480884E+04   4.8451172E+06   4.8636761E+06   4.7281451E+06   0.0000000E+00   0.0000000E+00   0.0000000E+00   0.0000000E+00
   1.1053887E-02   4.7637678E+06   4.7637678E+06   1.3235088E+04   1.3419301E+02   1.0249213E+04   4.7452741E+06   4.7637678E+06   4.6307130E+06   0.0000000E+00   0.0000000E+00   0.0000000E+00   0.0000000E+00
   1.1878594E-02   4.6585553E+06   4.6585553E+06   1.2493692E+04   1.1571560E+02   9.2220329E+03   4.6401786E+06   4.6585553E+06   4.5281553E+06   0.0000000E+00   0.0000000E+00   0.0000000E+00   0.0000000E+00
   1.2764830E-02   4.5479173E+06   4.5479173E+06   9.5700942E+03   9.9436859E+01   8.3107702E+03   4.5297055E+06   4.5479173E+06   4.4203497E+06   0.0000000E+00   0.0000000E+00   0.0000000E+00   0.0000000E+00
   1.3717186E-02   4.4317462E+06   4.4317462E+06   8.0985051E+03   8.5301959E+01   7.3148687E+03   4.4137538E+06   4.4317462E+06   4.3071978E+06   0.0000000E+00   0.0000000E+00   0.0000000E+00   0.0000000E+00
   1.4740595E-02   4.3099574E+06   4.3099574E+06   7.4010481E+03   7.2909847E+01   6.5114648E+03   4.2922361E+06   4.3099574E+06   4.1886141E+06   0.0000000E+00   0.0000000E+00   0.0000000E+00   0.0000000E+00
   1.5840359E-02   4.1824929E+06   4.1824929E+06   6.1244326E+03   6.2109869E+01   5.8008847E+03   4.1650902E+06   4.1824929E+06   4.0645379E+06   0.0000000E+00   0.0000000E+00   0.0000000E+00   0.0000000E+00
   1.7022174E-02   4.0493388E+06   4.0493388E+06   4.9221930E+03   5.2744336E+01   5.1320435E+03   4.0323088E+06   4.0493388E+06   3.9349624E+06   0.0000000E+00   0.0000000E+00   0.0000000E+00   0.0000000E+00
   1.8292161E-02   3.9105400E+06   3.9105400E+06   4.0624091E+03   4.4664078E+01   4.4836073E+03   3.8939280E+06   3.9105400E+06   3.7999225E+06   0.0000000E+00   0.0000000E+00   0.0000000E+00   0.0000000E+00
   1.9656900E-02   3.7662217E+06   3.7662217E+06   3.3692807E+03   3.7686649E+01   3.9090980E+03   3.7500774E+06   3.7662217E+06   3.6595448E+06   0.0000000E+00   0.0000000E+00   0.0000000E+00   0.0000000E+00
   2.1123458E-02   3.6166163E+06   3.6166163E+06   2.8600222E+03   3.1671020E+01   3.3941656E+03   3.6009830E+06   3.6166163E+06   3.5140500E+06   0.0000000E+00   0.0000000E+00   0.0000000E+00   0.0000000E+00
   2.2699432E-02   3.4620957E+06   3.4620957E+06   2.4151648E+03   2.6525904E+01   2.9245999E+03   3.4470162E+06   3.4620957E+06   3.3638002E+06   0.0000000E+00   0.0000000E+00   0.0000000E+00   0.0000000E+00
   2.4392977E-02   3.3032061E+06   3.3032061E+06   1.9902648E+03   2.2122017E+01   2.5017538E+03   3.2887186E+06   3.3032061E+06   3.2093243E+06   0.0000000E+00   0.0000000E+00   0.0000000E+00   0.0000000E+00
   2.6212828E-02   3.1407101E+06   3.1407101E+06   1.6162602E+03   1.8376021E+01   2.1390617E+03   3.1268477E+06   3.1407101E+06   3.0513613E+06   0.0000000E+00   0.0000000E+00   0.0000000E+00   0.0000000E+00
   2.8168256E-02   2.9756291E+06   2.9756291E+06   1.3203617E+03   1.5201859E+01   1.8178865E+03   2.9624199E+06   2.9756291E+06   2.8909031E+06   0.0000000E+00   0.0000000E+00   0.0000000E+00   0.0000000E+00
   3.0268824E-02   2.8092933E+06   2.8092933E+06   1.1016328E+03   1.2523028E+01   1.5431710E+03   2.7967578E+06   2.8092933E+06   2.7292403E+06   0.0000000E+00   0.0000000E+00   0.0000000E+00   0.0000000E+00
   3.2523649E-02   2.6433998E+06   2.6433998E+06   8.6232411E+02   1.0276683E+01   1.2992717E+03   2.6315491E+06   2.6433998E+06   2.5680200E+06   0.0000000E+00   0.0000000E+00   0.0000000E+00   0.0000000E+00
   3.4939639E-02   2.4800792E+06   2.4800792E+06   7.1164748E+02   8.4084685E+00   1.0791608E+03   2.4689137E+06   2.4800792E+06   2.4093109E+06   0.0000000E+00   0.0000000E+00   0.0000000E+00   0.0000000E+00
   3.7518114E-02   2.3219422E+06   2.3219422E+06   5.9224615E+02   6.8660818E+00   9.0063575E+02   2.3114490E+06   2.3219422E+06   2.2556476E+06   0.0000000E+00   0.0000000E+00   0.0000000E+00   0.0000000E+00
   4.0249858E-02   2.1720141E+06   2.1720141E+06   4.8285990E+02   5.6070942E+00   7.5153539E+02   2.1621653E+06   2.1720141E+06   2.1099678E+06   0.0000000E+00   0.0000000E+00   0.0000000E+00   0.0000000E+00
   4.3110563E-02   2.0334143E+06   2.0334143E+06   3.8623667E+02   4.5940322E+00   6.2745062E+02   2.0241665E+06   2.0334143E+06   1.9753005E+06   0.0000000E+00   0.0000000E+00   0.0000000E+00   0.0000000E+00
   4.6061014E-02   1.9087099E+06   1.9087099E+06   3.0689827E+02   3.7885973E+00   5.3061451E+02   1.9000068E+06   1.9087099E+06   1.8541382E+06   0.0000000E+00   0.0000000E+00   0.0000000E+00   0.0000000E+00
   4.9055311E-02   1.7991820E+06   1.7991820E+06   2.5447655E+02   3.1548424E+00   4.5639757E+02   1.7909601E+06   1.7991820E+06   1.7477240E+06   0.0000000E+00   0.0000000E+00   0.0000000E+00   0.0000000E+00
   5.2053664E-02   1.7044895E+06   1.7044895E+06   2.2309319E+02   2.6578333E+00   3.9391686E+02   1.6966854E+06   1.7044895E+06   1.6557253E+06   0.0000000E+00   0.0000000E+00   0.0000000E+00   0.0000000E+00
   5.5031253E-02   1.6229622E+06   1.6229622E+06   1.9611789E+02   2.2662983E+00   3.3867344E+02   1.6155193E+06   1.6229622E+06   1.5765186E+06   0.0000000E+00   0.0000000E+00   0.0000000E+00   0.0000000E+00
   5.7978968E-02   1.5522393E+06   1.5522393E+06   1.6828999E+02   1.9537060E+00   2.9302498E+02   1.5451107E+06   1.5522393E+06   1.5078098E+06   0.0000000E+00   0.0000000E+00   0.0000000E+00   0.0000000E+00
   6.0899001E-02   1.4898367E+06   1.4898367E+06   1.4279640E+02   1.7000738E+00   2.5707450E+02   1.4829863E+06   1.4898367E+06   1.4471852E+06   0.0000000E+00   0.0000000E+00   0.0000000E+00   0.0000000E+00
   6.3799771E-02   1.4334771E+06   1.4334771E+06   1.2206066E+02   1.4905270E+00   2.2880057E+02   1.4268788E+06   1.4334771E+06   1.3924321E+06   0.0000000E+00   0.0000000E+00   0.0000000E+00   0.0000000E+00
   6.6692289E-02   1.3812240E+06   1.3812240E+06   1.0628621E+02   1.3144768E+00   2.0571947E+02   1.3748602E+06   1.3812240E+06   1.3416694E+06   0.0000000E+00   0.0000000E+00   0.0000000E+00   0.0000000E+00
   6.9588107E-02   1.3315128E+06   1.3315128E+06   9.4767686E+01   1.1642483E+00   1.8575363E+02   1.3253729E+06   1.3315128E+06   1.2933768E+06   0.0000000E+00   0.0000000E+00   0.0000000E+00   0.0000000E+00
   7.2498345E-02   1.2831404E+06   1.2831404E+06   8.6183035E+01   1.0342424E+00   1.6729570E+02   1.2772191E+06   1.2831404E+06   1.2463854E+06   0.0000000E+00   0.0000000E+00   0.0000000E+00   0.0000000E+00
   7.5433327E-02   1.2352448E+06   1.2352448E+06   7.8010565E+01   9.2047842E-01   1.4927866E+02   1.2295405E+06   1.2352448E+06   1.1998579E+06   0.0000000E+00   0.0000000E+00   0.0000000E+00   0.0000000E+00
   7.8402513E-02   1.1872842E+06   1.1872842E+06   6.8754194E+01   8.1992332E-01   1.3320285E+02   1.1817980E+06   1.1872842E+06   1.1532679E+06   0.0000000E+00   0.0000000E+00   0.0000000E+00   0.0000000E+00
   8.1414560E-02   1.1390164E+06   1.1390164E+06   6.0731611E+01   7.3047636E-01   1.1996094E+02   1.1337502E+06   1.1390164E+06   1.1063801E+06   0.0000000E+00   0.0000000E+00   0.0000000E+00   0.0000000E+00
   8.4477434E-02   1.0904745E+06   1.0904745E+06   5.5309495E+01   6.5058938E-01   1.0731579E+02   1.0854301E+06   1.0904745E+06   1.0592264E+06   0.0000000E+00   0.0000000E+00   0.0000000E+00   0.0000000E+00
   8.7598529E-02   1.0419357E+06   1.0419357E+06   4.8346912E+01   5.7918501E-01   9.4432772E+01   1.0371135E+06   1.0419357E+06   1.0120763E+06   0.0000000E+00   0.0000000E+00   0.0000000E+00   0.0000000E+00
   9.0784780E-02   9.9388015E+05   9.9388015E+05   4.1029659E+01   5.1534626E-01   8.6056238E+01   9.8927826E+05   9.9388015E+05   9.6539586E+05   0.0000000E+00   0.0000000E+00   0.0000000E+00   0.0000000E+00
   9.4042761E-02   9.4693548E+05   9.4693548E+05   3.8907786E+01   4.5844569E-01   7.7577610E+01   9.4254911E+05   9.4693548E+05   9.1979481E+05   0.0000000E+00   0.0000000E+00   0.0000000E+00   0.0000000E+00
   9.7378765E-02   9.0180900E+05   9.0180900E+05   3.3070748E+01   4.0794063E-01   6.7547088E+01   8.9763003E+05   9.0180900E+05   8.7596013E+05   0.0000000E+00   0.0000000E+00   0.0000000E+00   0.0000000E+00
   1.0079887E-01   8.5920755E+05   8.5920755E+05   3.0356157E+01   3.6327877E-01   6.2342937E+01   8.5522456E+05   8.5920755E+05   8.3457838E+05   0.0000000E+00   0.0000000E+00   0.0000000E+00   0.0000000E+00
   1.0430902E-01   8.1975065E+05   8.1975065E+05   2.5903263E+01   3.2406117E-01   5.4452404E+01   8.1594927E+05   8.1975065E+05   7.9625125E+05   0.0000000E+00   0.0000000E+00   0.0000000E+00   0.0000000E+00
   1.0791502E-01   7.8388392E+05   7.8388392E+05   2.4590128E+01   2.8969769E-01   4.9275598E+01   7.8024771E+05   7.8388392E+05   7.6141157E+05   0.0000000E+00   0.0000000E+00   0.0000000E+00   0.0000000E+00
   1.1162263E-01   7.5180316E+05   7.5180316E+05   2.1270316E+01   2.5972371E-01   4.5480079E+01   7.4831473E+05   7.5180316E+05   7.3024949E+05   0.0000000E+00   0.0000000E+00   0.0000000E+00   0.0000000E+00
   1.1543757E-01   7.2340076E+05   7.2340076E+05   1.8495755E+01   2.3357078E-01   4.0484790E+01   7.2004319E+05   7.2340076E+05   7.0266046E+05   0.0000000E+00   0.0000000E+00   0.0000000E+00   0.0000000E+00
   1.1936553E-01   6.9824660E+05   6.9824660E+05   1.6851198E+01   2.1069282E-01   3.6136321E+01   6.9500493E+05   6.9824660E+05   6.7822665E+05   0.0000000E+00   0.0000000E+00   0.0000000E+00   0.0000000E+00
   1.2341223E-01   6.7561350E+05   6.7561350E+05   1.5386293E+01   1.9049661E-01   3.2851953E+01   6.7247613E+05   6.7561350E+05   6.5624172E+05   0.0000000E+00   0.0000000E+00   0.0000000E+00   0.0000000E+00
   1.2758338E-01   6.5455262E+05   6.5455262E+05   1.3972799E+01   1.7248899E-01   3.0163902E+01   6.5151235E+05   6.5455262E+05   6.3578404E+05   0.0000000E+00   0.0000000E+00   0.0000000E+00   0.0000000E+00
   1.3188476E-01   6.3401654E+05   6.3401654E+05   1.2834169E+01   1.5620337E-01   2.7672155E+01   6.3107102E+05   6.3401654E+05   6.1583619E+05   0.0000000E+00   0.0000000E+00   0.0000000E+00   0.0000000E+00
   1.3632218E-01   6.1301774E+05   6.1301774E+05   1.1602262E+01   1.4127052E-01   2.5007085E+01   6.1016920E+05   6.1301774E+05   5.9543896E+05   0.0000000E+00   0.0000000E+00   0.0000000E+00   0.0000000E+00
   1.4090149E-01   5.9079945E+05   5.9079945E+05   1.0351175E+01   1.2743464E-01   2.3104071E+01   5.8805362E+05   5.9079945E+05   5.7385728E+05   0.0000000E+00   0.0000000E+00   0.0000000E+00   0.0000000E+00
   1.4562863E-01   5.6698669E+05   5.6698669E+05   9.6945588E+00   1.1455497E-01   2.0411228E+01   5.6435105E+05   5.6698669E+05   5.5072692E+05   0.0000000E+00   0.0000000E+00   0.0000000E+00   0.0000000E+00
   1.5050959E-01   5.4168082E+05   5.4168082E+05   8.2612351E+00   1.0256985E-01   1.8757255E+01   5.3916239E+05   5.4168082E+05   5.2614635E+05   0.0000000E+00   0.0000000E+00   0.0000000E+00   0.0000000E+00
   1.5555043E-01   5.1546443E+05   5.1546443E+05   7.4755719E+00   9.1525988E-02   1.6207154E+01   5.1306751E+05   5.1546443E+05   5.0068142E+05   0.0000000E+00   0.0000000E+00   0.0000000E+00   0.0000000E+00
   1.6075729E-01   4.8929740E+05   4.8929740E+05   6.8441646E+00   8.1477504E-02   1.4611472E+01   4.8702181E+05   4.8929740E+05   4.7526451E+05   0.0000000E+00   0.0000000E+00   0.0000000E+00   0.0000000E+00
   1.6613640E-01   4.6430912E+05   4.6430912E+05   6.0952774E+00   7.2496025E-02   1.3162881E+01   4.6214944E+05   4.6430912E+05   4.5099258E+05   0.0000000E+00   0.0000000E+00   0.0000000E+00   0.0000000E+00
   1.7169407E-01   4.4152232E+05   4.4152232E+05   5.4060473E+00   6.4610124E-02   1.1664161E+01   4.3946835E+05   4.4152232E+05   4.2885905E+05   0.0000000E+00   0.0000000E+00   0.0000000E+00   0.0000000E+00
   1.7743672E-01   4.2157380E+05   4.2157380E+05   4.6956586E+00   5.7775275E-02   1.0406991E+01   4.1961239E+05   4.2157380E+05   4.0948243E+05   0.0000000E+00   0.0000000E+00   0.0000000E+00   0.0000000E+00
   1.8337088E-01   4.0451433E+05   4.0451433E+05   4.2341956E+00   5.1878047E-02   9.5733452E+00   4.0263207E+05   4.0451433E+05   3.9291204E+05   0.0000000E+00   0.0000000E+00   0.0000000E+00   0.0000000E+00
   1.8950318E-01   3.8976420E+05   3.8976420E+05   3.8128097E+00   4.6752038E-02   8.6909039E+00   3.8795037E+05   3.8976420E+05   3.7858477E+05   0.0000000E+00   0.0000000E+00   0.0000000E+00   0.0000000E+00
   1.9584043E-01   3.7626519E+05   3.7626519E+05   3.4704168E+00   4.2208686E-02   7.6984718E+00   3.7451399E+05   3.7626519E+05   3.6547276E+05   0.0000000E+00   0.0000000E+00   0.0000000E+00   0.0000000E+00
   2.0238955E-01   3.6280737E+05   3.6280737E+05   3.1928555E+00   3.8073968E-02   7.1029847E+00   3.6111864E+05   3.6280737E+05   3.5240079E+05   0.0000000E+00   0.0000000E+00   0.0000000E+00   0.0000000E+00
   2.0915767E-01   3.4843764E+05   3.4843764E+05   2.8600381E+00   3.4229963E-02   6.4500519E+00   3.4681565E+05   3.4843764E+05   3.3844309E+05   0.0000000E+00   0.0000000E+00   0.0000000E+00   0.0000000E+00
   2.1615212E-01   3.3280395E+05   3.3280395E+05   2.5595533E+00   3.0628768E-02   5.7207935E+00   3.3125460E+05   3.3280395E+05   3.2325771E+05   0.0000000E+00   0.0000000E+00   0.0000000E+00   0.0000000E+00
   2.2338049E-01   3.1628653E+05   3.1628653E+05   2.2202972E+00   2.7285194E-02   5.0503112E+00   3.1481395E+05   3.1628653E+05   3.0721396E+05   0.0000000E+00   0.0000000E+00   0.0000000E+00   0.0000000E+00
   2.3085061E-01   2.9983285E+05   2.9983285E+05   1.9978884E+00   2.4248993E-02   4.6177910E+00   2.9843677E+05   2.9983285E+05   2.9123214E+05   0.0000000E+00   0.0000000E+00   0.0000000E+00   0.0000000E+00
   2.3857067E-01   2.8453562E+05   2.8453562E+05   1.7638397E+00   2.1565733E-02   4.0626482E+00   2.8321067E+05   2.8453562E+05   2.7637362E+05   0.0000000E+00   0.0000000E+00   0.0000000E+00   0.0000000E+00
   2.4654923E-01   2.7112564E+05   2.7112564E+05   1.5794409E+00   1.9243846E-02   3.6787688E+00   2.6986305E+05   2.7112564E+05   2.6334822E+05   0.0000000E+00   0.0000000E+00   0.0000000E+00   0.0000000E+00
   2.5479528E-01   2.5962404E+05   2.5962404E+05   1.4148302E+00   1.7244710E-02   3.3283484E+00   2.5841493E+05   2.5962404E+05   2.5217648E+05   0.0000000E+00   0.0000000E+00   0.0000000E+00   0.0000000E+00
   2.6331834E-01   2.4935036E+05   2.4935036E+05   1.2855522E+00   1.5494300E-02   2.9590145E+00   2.4818902E+05   2.4935036E+05   2.4219744E+05   0.0000000E+00   0.0000000E+00   0.0000000E+00   0.0000000E+00
   2.7212850E-01   2.3931034E+05   2.3931034E+05   1.1293037E+00   1.3914572E-02   2.6384801E+00   2.3819571E+05   2.3931034E+05   2.3244537E+05   0.0000000E+00   0.0000000E+00   0.0000000E+00   0.0000000E+00
   2.8123654E-01   2.2876441E+05   2.2876441E+05   1.0286038E+00   1.2453657E-02   2.3688289E+00   2.2769884E+05   2.2876441E+05   2.2220191E+05   0.0000000E+00   0.0000000E+00   0.0000000E+00   0.0000000E+00
   2.9065403E-01   2.1763994E+05   2.1763994E+05   9.1113752E-01   1.1099298E-02   2.1311079E+00   2.1662614E+05   2.1763994E+05   2.1139652E+05   0.0000000E+00   0.0000000E+00   0.0000000E+00   0.0000000E+00
   3.0039343E-01   2.0651451E+05   2.0651451E+05   8.0465128E-01   9.8676351E-03   1.9108598E+00   2.0555248E+05   2.0651451E+05   2.0059020E+05   0.0000000E+00   0.0000000E+00   0.0000000E+00   0.0000000E+00
   3.1046827E-01   1.9616543E+05   1.9616543E+05   7.2452374E-01   8.7786966E-03   1.7001808E+00   1.9525157E+05   1.9616543E+05   1.9053796E+05   0.0000000E+00   0.0000000E+00   0.0000000E+00   0.0000000E+00
   3.2089329E-01   1.8699524E+05   1.8699524E+05   6.3673268E-01   7.8325008E-03   1.5150520E+00   1.8612407E+05   1.8699524E+05   1.8163081E+05   0.0000000E+00   0.0000000E+00   0.0000000E+00   0.0000000E+00
   3.3168459E-01   1.7876306E+05   1.7876306E+05   5.7003347E-01   7.0051749E-03   1.3539730E+00   1.7793021E+05   1.7876306E+05   1.7363476E+05   0.0000000E+00   0.0000000E+00   0.0000000E+00   0.0000000E+00
   3.4285993E-01   1.7083592E+05   1.7083592E+05   5.1288482E-01   6.2630910E-03   1.2187953E+00   1.7003997E+05   1.7083592E+05   1.6593500E+05   0.0000000E+00   0.0000000E+00   0.0000000E+00   0.0000000E+00
   3.5443889E-01   1.6274718E+05   1.6274718E+05   4.5617351E-01   5.5834840E-03   1.0920971E+00   1.6198889E+05   1.6274718E+05   1.5807828E+05   0.0000000E+00   0.0000000E+00   0.0000000E+00   0.0000000E+00
   3.6644326E-01   1.5456518E+05   1.5456518E+05   4.0542764E-01   4.9630703E-03   9.6288508E-01   1.5384499E+05   1.5456518E+05   1.5013098E+05   0.0000000E+00   0.0000000E+00   0.0000000E+00   0.0000000E+00
   3.7889732E-01   1.4673516E+05   1.4673516E+05   3.5936558E-01   4.4084862E-03   8.6092926E-01   1.4605144E+05   1.4673516E+05   1.4252558E+05   0.0000000E+00   0.0000000E+00   0.0000000E+00   0.0000000E+00
   3.9182833E-01   1.3957076E+05   1.3957076E+05   3.2162837E-01   3.9208224E-03   7.6896440E-01   1.3892040E+05   1.3957076E+05   1.3556669E+05   0.0000000E+00   0.0000000E+00   0.0000000E+00   0.0000000E+00
   4.0526700E-01   1.3293993E+05   1.3293993E+05   2.8568270E-01   3.4902822E-03   6.7999863E-01   1.3232045E+05   1.3293993E+05   1.2912607E+05   0.0000000E+00   0.0000000E+00   0.0000000E+00   0.0000000E+00
   4.1924813E-01   1.2647668E+05   1.2647668E+05   2.5339683E-01   3.1026980E-03   6.0754876E-01   1.2588730E+05   1.2647668E+05   1.2284823E+05   0.0000000E+00   0.0000000E+00   0.0000000E+00   0.0000000E+00
   4.3381137E-01   1.2003296E+05   1.2003296E+05   2.2565428E-01   2.7505198E-03   5.4084955E-01   1.1947359E+05   1.2003296E+05   1.1658935E+05   0.0000000E+00   0.0000000E+00   0.0000000E+00   0.0000000E+00
   4.4900217E-01   1.1379508E+05   1.1379508E+05   1.9928842E-01   2.4346737E-03   4.7749378E-01   1.1326477E+05   1.1379508E+05   1.1053042E+05   0.0000000E+00   0.0000000E+00   0.0000000E+00   0.0000000E+00
   4.6487292E-01   1.0794841E+05   1.0794841E+05   1.7623016E-01   2.1544507E-03   4.2222213E-01   1.0744534E+05   1.0794841E+05   1.0485148E+05   0.0000000E+00   0.0000000E+00   0.0000000E+00   0.0000000E+00
   4.8148446E-01   1.0240540E+05   1.0240540E+05   1.5576981E-01   1.9050914E-03   3.7562273E-01   1.0192815E+05   1.0240540E+05   9.9467484E+04   0.0000000E+00   0.0000000E+00   0.0000000E+00   0.0000000E+00
   4.9890783E-01   9.6985944E+04   9.6985944E+04   1.3757270E-01   1.6804500E-03   3.3228686E-01   9.6533941E+04   9.6985944E+04   9.4203493E+04   0.0000000E+00   0.0000000E+00   0.0000000E+00   0.0000000E+00
   5.1722667E-01   9.1701461E+04   9.1701461E+04   1.2109056E-01   1.4786403E-03   2.9061803E-01   9.1274079E+04   9.1701461E+04   8.9070611E+04   0.0000000E+00   0.0000000E+00   0.0000000E+00   0.0000000E+00
   5.3654017E-01   8.6656650E+04   8.6656650E+04   1.0631101E-01   1.2984584E-03   2.5706578E-01   8.6252773E+04   8.6656650E+04   8.4170525E+04   0.0000000E+00   0.0000000E+00   0.0000000E+00   0.0000000E+00
   5.5696686E-01   8.1814250E+04   8.1814250E+04   9.3118905E-02   1.1376211E-03   2.2558265E-01   8.1432934E+04   8.1814250E+04   7.9467044E+04   0.0000000E+00   0.0000000E+00   0.0000000E+00   0.0000000E+00
   5.7864954E-01   7.7090367E+04   7.7090367E+04   8.1252316E-02   9.9315430E-04   1.9747398E-01   7.6731063E+04   7.7090367E+04   7.4878681E+04   0.0000000E+00   0.0000000E+00   0.0000000E+00   0.0000000E+00
   6.0176164E-01   7.2511251E+04   7.2511251E+04   7.0685561E-02   8.6379326E-04   1.7294240E-01   7.2173285E+04   7.2511251E+04   7.0430933E+04   0.0000000E+00   0.0000000E+00   0.0000000E+00   0.0000000E+00
   6.2651530E-01   6.8086504E+04   6.8086504E+04   6.1253988E-02   7.4827398E-04   1.4975820E-01   6.7769156E+04   6.8086504E+04   6.6133126E+04   0.0000000E+00   0.0000000E+00   0.0000000E+00   0.0000000E+00
   6.5317181E-01   6.3768454E+04   6.3768454E+04   5.2767186E-02   6.4479334E-04   1.2947155E-01   6.3471228E+04   6.3768454E+04   6.1938955E+04   0.0000000E+00   0.0000000E+00   0.0000000E+00   0.0000000E+00
   6.8205440E-01   5.9560156E+04   5.9560156E+04   4.5205514E-02   5.5232597E-04   1.1034609E-01   5.9282542E+04   5.9560156E+04   5.7851388E+04   0.0000000E+00   0.0000000E+00   0.0000000E+00   0.0000000E+00
   7.1356347E-01   5.5452187E+04   5.5452187E+04   3.8450271E-02   4.6982404E-04   9.4839923E-02   5.5193717E+04   5.5452187E+04   5.3861273E+04   0.0000000E+00   0.0000000E+00   0.0000000E+00   0.0000000E+00
   7.4819274E-01   5.1428045E+04   5.1428045E+04   3.2436887E-02   3.9634067E-04   7.9204198E-02   5.1188329E+04   5.1428045E+04   4.9952580E+04   0.0000000E+00   0.0000000E+00   0.0000000E+00   0.0000000E+00
   7.8654246E-01   4.7486862E+04   4.7486862E+04   2.7099703E-02   3.3116143E-04   6.6669455E-02   4.7265514E+04   4.7486862E+04   4.6124467E+04   0.0000000E+00   0.0000000E+00   0.0000000E+00   0.0000000E+00
   8.2932111E-01   4.3624681E+04   4.3624681E+04   2.2393551E-02   2.7364381E-04   5.5654779E-02   4.3421334E+04   4.3624681E+04   4.2373090E+04   0.0000000E+00   0.0000000E+00   0.0000000E+00   0.0000000E+00
   8.7732054E-01   3.9850202E+04   3.9850202E+04   1.8278864E-02   2.2337318E-04   4.5312371E-02   3.9664447E+04   3.9850202E+04   3.8706899E+04   0.0000000E+00   0.0000000E+00   0.0000000E+00   0.0000000E+00
   9.3134622E-01   3.6183176E+04   3.6183176E+04   1.4727078E-02   1.7997493E-04   3.6951050E-02   3.6014512E+04   3.6183176E+04   3.5145078E+04   0.0000000E+00   0.0000000E+00   0.0000000E+00   0.0000000E+00
   9.9209743E-01   3.2657182E+04   3.2657182E+04   1.1713849E-02   1.4316093E-04   2.8334411E-02   3.2504953E+04   3.2657182E+04   3.1720243E+04   0.0000000E+00   0.0000000E+00   0.0000000E+00   0.0000000E+00
   1.0600348E+00   2.9315793E+04   2.9315793E+04   9.2105921E-03   1.1256556E-04   2.3480657E-02   2.9179139E+04   2.9315793E+04   2.8474718E+04   0.0000000E+00   0.0000000E+00   0.0000000E+00   0.0000000E+00
   1.1353234E+00   2.6201369E+04   2.6201369E+04   7.1764266E-03   8.7708547E-05   1.7832366E-02   2.6079231E+04   2.6201369E+04   2.5449646E+04   0.0000000E+00   0.0000000E+00   0.0000000E+00   0.0000000E+00
   1.2179184E+00   2.3343926E+04   2.3343926E+04   5.5559508E-03   6.7907927E-05   1.3750614E-02   2.3235108E+04   2.3343926E+04   2.2674184E+04   0.0000000E+00   0.0000000E+00   0.0000000E+00   0.0000000E+00
   1.3077476E+00   2.0755586E+04   2.0755586E+04   4.2845512E-03   5.2368614E-05   1.0800223E-02   2.0658833E+04   2.0755586E+04   2.0160103E+04   0.0000000E+00   0.0000000E+00   0.0000000E+00   0.0000000E+00
   1.4048646E+00   1.8430710E+04   1.8430710E+04   3.2967792E-03   4.0297689E-05   8.1409072E-03   1.8344794E+04   1.8430710E+04   1.7901928E+04   0.0000000E+00   0.0000000E+00   0.0000000E+00   0.0000000E+00
   1.5095052E+00   1.6352464E+04   1.6352464E+04   2.5328756E-03   3.0969309E-05   6.5658518E-03   1.6276236E+04   1.6352464E+04   1.5883307E+04   0.0000000E+00   0.0000000E+00   0.0000000E+00   0.0000000E+00
   1.6220675E+00   1.4499900E+04   1.4499900E+04   1.9460420E-03   2.3783233E-05   4.6823483E-03   1.4432307E+04   1.4499900E+04   1.4083893E+04   0.0000000E+00   0.0000000E+00   0.0000000E+00   0.0000000E+00
   1.7430691E+00   1.2850641E+04   1.2850641E+04   1.4933322E-03   1.8253915E-05   3.5872463E-03   1.2790736E+04   1.2850641E+04   1.2481952E+04   0.0000000E+00   0.0000000E+00   0.0000000E+00   0.0000000E+00
   1.8731113E+00   1.1383801E+04   1.1383801E+04   1.1455022E-03   1.4003584E-05   2.8570442E-03   1.1330733E+04   1.1383801E+04   1.1057195E+04   0.0000000E+00   0.0000000E+00   0.0000000E+00   0.0000000E+00
   2.0128591E+00   1.0079968E+04   1.0079968E+04   8.7832775E-04   1.0738250E-05   2.2851636E-03   1.0032978E+04   1.0079968E+04   9.7907700E+03   0.0000000E+00   0.0000000E+00   0.0000000E+00   0.0000000E+00
   2.1630339E+00   8.9217585E+03   8.9217585E+03   6.7319607E-04   8.2310745E-06   1.7361966E-03   8.8801680E+03   8.9217585E+03   8.6657899E+03   0.0000000E+00   0.0000000E+00   0.0000000E+00   0.0000000E+00
   2.3244132E+00   7.8934053E+03   7.8934053E+03   5.1576425E-04   6.3066713E-06   1.4157068E-03   7.8566087E+03   7.8934053E+03   7.6669405E+03   0.0000000E+00   0.0000000E+00   0.0000000E+00   0.0000000E+00
   2.4978326E+00   6.9808507E+03   6.9808507E+03   3.9499577E-04   4.8304341E-06   9.9139817E-04   6.9483080E+03   6.9808507E+03   6.7805674E+03   0.0000000E+00   0.0000000E+00   0.0000000E+00   0.0000000E+00
   2.6841904E+00   6.1714460E+03   6.1714460E+03   3.0239067E-04   3.6983629E-06   7.4696476E-04   6.1426766E+03   6.1714460E+03   5.9943848E+03   0.0000000E+00   0.0000000E+00   0.0000000E+00   0.0000000E+00
   2.8844521E+00   5.4538715E+03   5.4538715E+03   2.3141292E-04   2.8306164E-06   5.2439938E-04   5.4284471E+03   5.4538715E+03   5.2973978E+03   0.0000000E+00   0.0000000E+00   0.0000000E+00   0.0000000E+00
   3.0996548E+00   4.8180064E+03   4.8180064E+03   1.7712399E-04   2.1657083E-06   4.4876638E-04   4.7955462E+03   4.8180064E+03   4.6797758E+03   0.0000000E+00   0.0000000E+00   0.0000000E+00   0.0000000E+00
   3.3309133E+00   4.2547985E+03   4.2547985E+03   1.3536692E-04   1.6564316E-06   4.0505212E-04   4.2349638E+03   4.2547985E+03   4.1327266E+03   0.0000000E+00   0.0000000E+00   0.0000000E+00   0.0000000E+00
   3.5794255E+00   3.7561612E+03   3.7561612E+03   1.0344775E-04   1.2665557E-06   2.3497521E-04   3.7386510E+03   3.7561612E+03   3.6483953E+03   0.0000000E+00   0.0000000E+00   0.0000000E+00   0.0000000E+00
   3.8464786E+00   3.3148760E+03   3.3148760E+03   7.9108492E-05   9.6812633E-07   1.9699518E-04   3.2994230E+03   3.3148760E+03   3.2197709E+03   0.0000000E+00   0.0000000E+00   0.0000000E+00   0.0000000E+00
   4.1334561E+00   2.9245049E+03   2.9245049E+03   6.0431176E-05   7.3980616E-07   1.7030030E-04   2.9108716E+03   2.9245049E+03   2.8405996E+03   0.0000000E+00   0.0000000E+00   0.0000000E+00   0.0000000E+00
   4.4418442E+00   2.5793089E+03   2.5793089E+03   4.6155212E-05   5.6518840E-07   1.1162594E-04   2.5672849E+03   2.5793089E+03   2.5053075E+03   0.0000000E+00   0.0000000E+00   0.0000000E+00   0.0000000E+00
   4.7732406E+00   2.2741764E+03   2.2741764E+03   3.5255399E-05   4.3166391E-07   9.2102683E-05   2.2635747E+03   2.2741764E+03   2.2089293E+03   0.0000000E+00   0.0000000E+00   0.0000000E+00   0.0000000E+00
   5.1293617E+00   2.0045568E+03   2.0045568E+03   2.6899310E-05   3.2961040E-07   6.9939210E-05   1.9952121E+03   2.0045568E+03   1.9470452E+03   0.0000000E+00   0.0000000E+00   0.0000000E+00   0.0000000E+00
   5.5120523E+00   1.7664020E+03   1.7664020E+03   2.0525706E-05   2.5162538E-07   5.4366848E-05   1.7581675E+03   1.7664020E+03   1.7157232E+03   0.0000000E+00   0.0000000E+00   0.0000000E+00   0.0000000E+00
   5.9232945E+00   1.5561129E+03   1.5561129E+03   1.5658341E-05   1.9205006E-07   4.5222138E-05   1.5488587E+03   1.5561129E+03   1.5114674E+03   0.0000000E+00   0.0000000E+00   0.0000000E+00   0.0000000E+00
   6.3652186E+00   1.3704913E+03   1.3704913E+03   1.1946425E-05   1.4655301E-07   2.9770847E-05   1.3641025E+03   1.3704913E+03   1.3311714E+03   0.0000000E+00   0.0000000E+00   0.0000000E+00   0.0000000E+00
   6.8401138E+00   1.2066970E+03   1.2066970E+03   9.1027609E-06   1.1181430E-07   1.6930719E-05   1.2010717E+03   1.2066970E+03   1.1720764E+03   0.0000000E+00   0.0000000E+00   0.0000000E+00   0.0000000E+00
   7.3504398E+00   1.0622090E+03   1.0622090E+03   6.9394767E-06   8.5297305E-08   1.5157407E-05   1.0572573E+03   1.0622090E+03   1.0317338E+03   0.0000000E+00   0.0000000E+00   0.0000000E+00   0.0000000E+00
   7.8988402E+00   9.3479075E+02   9.3479075E+02   5.2912000E-06   6.5059788E-08   1.5610648E-05   9.3043299E+02   9.3479075E+02   9.0797120E+02   0.0000000E+00   0.0000000E+00   0.0000000E+00   0.0000000E+00
   8.4881555E+00   8.2245910E+02   8.2245910E+02   4.0303752E-06   4.9618394E-08   1.0608870E-05   8.1862500E+02   8.2245910E+02   7.9886239E+02   0.0000000E+00   0.0000000E+00   0.0000000E+00   0.0000000E+00
   9.1214383E+00   7.2345640E+02   7.2345640E+02   3.0699036E-06   3.7838915E-08   1.1462488E-05   7.2008383E+02   7.2345640E+02   7.0270013E+02   0.0000000E+00   0.0000000E+00   0.0000000E+00   0.0000000E+00
   9.8019690E+00   6.3622561E+02   6.3622561E+02   2.3380051E-06   2.8854545E-08   1.8670695E-06   6.3325968E+02   6.3622561E+02   6.1797202E+02   0.0000000E+00   0.0000000E+00   0.0000000E+00   0.0000000E+00
   1.0533273E+01   5.5938797E+02   5.5938797E+02   1.7797240E-06   2.2002679E-08   6.0514375E-06   5.5678024E+02   5.5938797E+02   5.4333888E+02   0.0000000E+00   0.0000000E+00   0.0000000E+00   0.0000000E+00
