#           k/h    CDM            baryon         photon         nu             mass_nu        total          no_nu          total_de       Weyl           v_CDM          v_b            v_b-v_c     
   9.7898108E-06   2.2421862E+06   2.2421862E+06   2.9894352E+06   1.4588348E+04   9.5088498E+03   2.2426156E+06   2.2421862E+06   2.2403562E+06   0.0000000E+00   0.0000000E+00   0.0000000E+00   0.0000000E+00
   1.0520207E-05   2.2421859E+06   2.2421859E+06   2.9894121E+06   1.4588278E+04   9.5087464E+03   2.2426153E+06   2.2421859E+06   2.2403558E+06   0.0000000E+00   0.0000000E+00   0.0000000E+00   0.0000000E+00
   1.1305097E-05   2.2421855E+06   2.2421855E+06   2.9893855E+06   1.4588196E+04   9.5086269E+03   2.2426149E+06   2.2421855E+06   2.2403554E+06   0.0000000E+00   0.0000000E+00   0.0000000E+00   0.0000000E+00
   1.2148546E-05   2.2421851E+06   2.2421851E+06   2.9893547E+06   1.4588102E+04   9.5084890E+03   2.2426144E+06   2.2421851E+06   2.2403549E+06   0.0000000E+00   0.0000000E+00   0.0000000E+00   0.0000000E+00
   1.3054923E-05   2.2421846E+06   2.2421846E+06   2.9893191E+06   1.4587993E+04   9.5083298E+03   2.2426138E+06   2.2421846E+06   2.2403544E+06   0.0000000E+00   0.0000000E+00   0.0000000E+00   0.0000000E+00
   1.4028922E-05   2.2421841E+06   2.2421841E+06   2.9892781E+06   1.4587868E+04   9.5081459E+03   2.2426132E+06   2.2421841E+06   2.2403537E+06   0.0000000E+00   0.0000000E+00   0.0000000E+00   0.0000000E+00
   1.5075589E-05   2.2421834E+06   2.2421834E+06   2.9892307E+06   1.4587723E+04   9.5079335E+03   2.2426125E+06   2.2421834E+06   2.2403530E+06   0.0000000E+00   0.0000000E+00   0.0000000E+00   0.0000000E+00
   1.6200346E-05   2.2421827E+06   2.2421827E+06   2.9891760E+06   1.4587555E+04   9.5076883E+03   2.2426116E+06   2.2421827E+06   2.2403522E+06   0.0000000E+00   0.0000000E+00   0.0000000E+00   0.0000000E+00
   1.7409019E-05   2.2421818E+06   2.2421818E+06   2.9891127E+06   1.4587362E+04   9.5074052E+03   2.2426107E+06   2.2421818E+06   2.2403512E+06   0.0000000E+00   0.0000000E+00   0.0000000E+00   0.0000000E+00
   1.8707868E-05   2.2421808E+06   2.2421808E+06   2.9890398E+06   1.4587138E+04   9.5070782E+03   2.2426095E+06   2.2421808E+06   2.2403501E+06   0.0000000E+00   0.0000000E+00   0.0000000E+00   0.0000000E+00
   2.0103622E-05   2.2421796E+06   2.2421796E+06   2.9889555E+06   1.4586881E+04   9.5067006E+03   2.2426083E+06   2.2421796E+06   2.2403488E+06   0.0000000E+00   0.0000000E+00   0.0000000E+00   0.0000000E+00
   2.1603509E-05   2.2421783E+06   2.2421783E+06   2.9888581E+06   1.4586583E+04   9.5062647E+03   2.2426068E+06   2.2421783E+06   2.2403473E+06   0.0000000E+00   0.0000000E+00   0.0000000E+00   0.0000000E+00
   2.3215300E-05   2.2421768E+06   2.2421768E+06   2.9887458E+06   1.4586239E+04   9.5057612E+03   2.2426050E+06   2.2421768E+06   2.2403456E+06   0.0000000E+00   0.0000000E+00   0.0000000E+00   0.0000000E+00
   2.4947343E-05   2.2421750E+06   2.2421750E+06   2.9886160E+06   1.4585842E+04   9.5051799E+03   2.2426030E+06   2.2421750E+06   2.2403436E+06   0.0000000E+00   0.0000000E+00   0.0000000E+00   0.0000000E+00
   2.6808610E-05   2.2421729E+06   2.2421729E+06   2.9884661E+06   1.4585383E+04   9.5045087E+03   2.2426007E+06   2.2421729E+06   2.2403413E+06   0.0000000E+00   0.0000000E+00   0.0000000E+00   0.0000000E+00
   2.8808742E-05   2.2421705E+06   2.2421705E+06   2.9882931E+06   1.4584854E+04   9.5037336E+03   2.2425981E+06   2.2421705E+06   2.2403386E+06   0.0000000E+00   0.0000000E+00   0.0000000E+00   0.0000000E+00
   3.0958100E-05   2.2421678E+06   2.2421678E+06   2.9880932E+06   1.4584242E+04   9.5028387E+03   2.2425950E+06   2.2421678E+06   2.2403356E+06   0.0000000E+00   0.0000000E+00   0.0000000E+00   0.0000000E+00
   3.3267817E-05   2.2421646E+06   2.2421646E+06   2.9878625E+06   1.4583536E+04   9.5018055E+03   2.2425915E+06   2.2421646E+06   2.2403320E+06   0.0000000E+00   0.0000000E+00   0.0000000E+00   0.0000000E+00
   3.5749856E-05   2.2421610E+06   2.2421610E+06   2.9875961E+06   1.4582721E+04   9.5006124E+03   2.2425874E+06   2.2421610E+06   2.2403280E+06   0.0000000E+00   0.0000000E+00   0.0000000E+00   0.0000000E+00
   3.8417075E-05   2.2421568E+06   2.2421568E+06   2.9872884E+06   1.4581780E+04   9.4992349E+03   2.2425827E+06   2.2421568E+06   2.2403232E+06   0.0000000E+00   0.0000000E+00   0.0000000E+00   0.0000000E+00
   4.1283290E-05   2.2421519E+06   2.2421519E+06   2.9869332E+06   1.4580693E+04   9.4976446E+03   2.2425772E+06   2.2421519E+06   2.2403178E+06   0.0000000E+00   0.0000000E+00   0.0000000E+00   0.0000000E+00
   4.4363347E-05   2.2421463E+06   2.2421463E+06   2.9865231E+06   1.4579438E+04   9.4958085E+03   2.2425709E+06   2.2421463E+06   2.2403115E+06   0.0000000E+00   0.0000000E+00   0.0000000E+00   0.0000000E+00
   4.7673199E-05   2.2421398E+06   2.2421398E+06   2.9860495E+06   1.4577988E+04   9.4936888E+03   2.2425636E+06   2.2421398E+06   2.2403042E+06   0.0000000E+00   0.0000000E+00   0.0000000E+00   0.0000000E+00
   5.1229993E-05   2.2421323E+06   2.2421323E+06   2.9855027E+06   1.4576315E+04   9.4912417E+03   2.2425552E+06   2.2421323E+06   2.2402958E+06   0.0000000E+00   0.0000000E+00   0.0000000E+00   0.0000000E+00
   5.5052152E-05   2.2421236E+06   2.2421236E+06   2.9848714E+06   1.4574383E+04   9.4884169E+03   2.2425455E+06   2.2421236E+06   2.2402862E+06   0.0000000E+00   0.0000000E+00   0.0000000E+00   0.0000000E+00
   5.9159473E-05   2.2421136E+06   2.2421136E+06   2.9841425E+06   1.4572152E+04   9.4851562E+03   2.2425343E+06   2.2421136E+06   2.2402750E+06   0.0000000E+00   0.0000000E+00   0.0000000E+00   0.0000000E+00
   6.3573233E-05   2.2421020E+06   2.2421020E+06   2.9833011E+06   1.4569576E+04   9.4813926E+03   2.2425214E+06   2.2421020E+06   2.2402620E+06   0.0000000E+00   0.0000000E+00   0.0000000E+00   0.0000000E+00
   6.8316294E-05   2.2420887E+06   2.2420887E+06   2.9823296E+06   1.4566602E+04   9.4770488E+03   2.2425065E+06   2.2420887E+06   2.2402471E+06   0.0000000E+00   0.0000000E+00   0.0000000E+00   0.0000000E+00
   7.3413224E-05   2.2420733E+06   2.2420733E+06   2.9812082E+06   1.4563169E+04   9.4720359E+03   2.2424892E+06   2.2420733E+06   2.2402299E+06   0.0000000E+00   0.0000000E+00   0.0000000E+00   0.0000000E+00
   7.8890426E-05   2.2420555E+06   2.2420555E+06   2.9799136E+06   1.4559205E+04   9.4662513E+03   2.2424693E+06   2.2420555E+06   2.2402100E+06   0.0000000E+00   0.0000000E+00   0.0000000E+00   0.0000000E+00
   8.4776269E-05   2.2420349E+06   2.2420349E+06   2.9784193E+06   1.4554630E+04   9.4595770E+03   2.2424463E+06   2.2420349E+06   2.2401871E+06   0.0000000E+00   0.0000000E+00   0.0000000E+00   0.0000000E+00
   9.1101242E-05   2.2420112E+06   2.2420112E+06   2.9766947E+06   1.4549348E+04   9.4518771E+03   2.2424198E+06   2.2420112E+06   2.2401606E+06   0.0000000E+00   0.0000000E+00   0.0000000E+00   0.0000000E+00
   9.7898108E-05   2.2419838E+06   2.2419838E+06   2.9747042E+06   1.4543251E+04   9.4429955E+03   2.2423892E+06   2.2419838E+06   2.2401299E+06   0.0000000E+00   0.0000000E+00   0.0000000E+00   0.0000000E+00
   1.0520207E-04   2.2419522E+06   2.2419522E+06   2.9724071E+06   1.4536213E+04   9.4327525E+03   2.2423538E+06   2.2419522E+06   2.2400946E+06   0.0000000E+00   0.0000000E+00   0.0000000E+00   0.0000000E+00
   1.1305097E-04   2.2419157E+06   2.2419157E+06   2.9697566E+06   1.4528091E+04   9.4209419E+03   2.2423130E+06   2.2419157E+06   2.2400538E+06   0.0000000E+00   0.0000000E+00   0.0000000E+00   0.0000000E+00
   1.2148546E-04   2.2418736E+06   2.2418736E+06   2.9666985E+06   1.4518718E+04   9.4073269E+03   2.2422658E+06   2.2418736E+06   2.2400067E+06   0.0000000E+00   0.0000000E+00   0.0000000E+00   0.0000000E+00
   1.3054923E-04   2.2418249E+06   2.2418249E+06   2.9631707E+06   1.4507902E+04   9.3916360E+03   2.2422114E+06   2.2418249E+06   2.2399523E+06   0.0000000E+00   0.0000000E+00   0.0000000E+00   0.0000000E+00
   1.4028922E-04   2.2417688E+06   2.2417688E+06   2.9591017E+06   1.4495423E+04   9.3735586E+03   2.2421486E+06   2.2417688E+06   2.2398896E+06   0.0000000E+00   0.0000000E+00   0.0000000E+00   0.0000000E+00
   1.5075589E-04   2.2417039E+06   2.2417039E+06   2.9544093E+06   1.4481026E+04   9.3527390E+03   2.2420760E+06   2.2417039E+06   2.2398171E+06   0.0000000E+00   0.0000000E+00   0.0000000E+00   0.0000000E+00
   1.6200346E-04   2.2416291E+06   2.2416291E+06   2.9489991E+06   1.4464421E+04   9.3287713E+03   2.2419923E+06   2.2416291E+06   2.2397335E+06   0.0000000E+00   0.0000000E+00   0.0000000E+00   0.0000000E+00
   1.7409019E-04   2.2415427E+06   2.2415427E+06   2.9427630E+06   1.4445270E+04   9.3011929E+03   2.2418957E+06   2.2415427E+06   2.2396370E+06   0.0000000E+00   0.0000000E+00   0.0000000E+00   0.0000000E+00
   1.8707868E-04   2.2414431E+06   2.2414431E+06   2.9355769E+06   1.4423188E+04   9.2694776E+03   2.2417842E+06   2.2414431E+06   2.2395256E+06   0.0000000E+00   0.0000000E+00   0.0000000E+00   0.0000000E+00
   2.0103622E-04   2.2413280E+06   2.2413280E+06   2.9272986E+06   1.4397734E+04   9.2330284E+03   2.2416556E+06   2.2413280E+06   2.2393971E+06   0.0000000E+00   0.0000000E+00   0.0000000E+00   0.0000000E+00
   2.1603509E-04   2.2411953E+06   2.2411953E+06   2.9177660E+06   1.4368400E+04   9.1911702E+03   2.2415072E+06   2.2411953E+06   2.2392489E+06   0.0000000E+00   0.0000000E+00   0.0000000E+00   0.0000000E+00
   2.3215300E-04   2.2410421E+06   2.2410421E+06   2.9067936E+06   1.4334605E+04   9.1431421E+03   2.2413360E+06   2.2410421E+06   2.2390778E+06   0.0000000E+00   0.0000000E+00   0.0000000E+00   0.0000000E+00
   2.4947343E-04   2.2408655E+06   2.2408655E+06   2.8941705E+06   1.4295685E+04   9.0880901E+03   2.2411385E+06   2.2408655E+06   2.2388805E+06   0.0000000E+00   0.0000000E+00   0.0000000E+00   0.0000000E+00
   2.6808610E-04   2.2406617E+06   2.2406617E+06   2.8796567E+06   1.4250882E+04   9.0250608E+03   2.2409107E+06   2.2406617E+06   2.2386530E+06   0.0000000E+00   0.0000000E+00   0.0000000E+00   0.0000000E+00
   2.8808742E-04   2.2404267E+06   2.2404267E+06   2.8629803E+06   1.4199331E+04   8.9529962E+03   2.2406481E+06   2.2404267E+06   2.2383907E+06   0.0000000E+00   0.0000000E+00   0.0000000E+00   0.0000000E+00
   3.0958100E-04   2.2401558E+06   2.2401558E+06   2.8438342E+06   1.4140049E+04   8.8707310E+03   2.2403454E+06   2.2401558E+06   2.2380884E+06   0.0000000E+00   0.0000000E+00   0.0000000E+00   0.0000000E+00
   3.3267817E-04   2.2398435E+06   2.2398435E+06   2.8218723E+06   1.4071923E+04   8.7769935E+03   2.2399966E+06   2.2398435E+06   2.2377399E+06   0.0000000E+00   0.0000000E+00   0.0000000E+00   0.0000000E+00
   3.5749856E-04   2.2394836E+06   2.2394836E+06   2.7967070E+06   1.3993690E+04   8.6704119E+03   2.2395948E+06   2.2394836E+06   2.2373385E+06   0.0000000E+00   0.0000000E+00   0.0000000E+00   0.0000000E+00
   3.8417075E-04   2.2390691E+06   2.2390691E+06   2.7679057E+06   1.3903929E+04   8.5495282E+03   2.2391321E+06   2.2390691E+06   2.2368762E+06   0.0000000E+00   0.0000000E+00   0.0000000E+00   0.0000000E+00
   4.1283290E-04   2.2385917E+06   2.2385917E+06   2.7349894E+06   1.3801045E+04   8.4128218E+03   2.2385994E+06   2.2385917E+06   2.2363441E+06   0.0000000E+00   0.0000000E+00   0.0000000E+00   0.0000000E+00
   4.4363347E-04   2.2380421E+06   2.2380421E+06   2.6974310E+06   1.3683256E+04   8.2587480E+03   2.2379866E+06   2.2380421E+06   2.2357319E+06   0.0000000E+00   0.0000000E+00   0.0000000E+00   0.0000000E+00
   4.7673199E-04   2.2374099E+06   2.2374099E+06   2.6546565E+06   1.3548582E+04   8.0857936E+03   2.2372819E+06   2.2374099E+06   2.2350280E+06   0.0000000E+00   0.0000000E+00   0.0000000E+00   0.0000000E+00
   5.1229993E-04   2.2366830E+06   2.2366830E+06   2.6060473E+06   1.3394843E+04   7.8925570E+03   2.2364721E+06   2.2366830E+06   2.2342190E+06   0.0000000E+00   0.0000000E+00   0.0000000E+00   0.0000000E+00
   5.5052152E-04   2.2358476E+06   2.2358476E+06   2.5509471E+06   1.3219654E+04   7.6778566E+03   2.2355421E+06   2.2358476E+06   2.2332900E+06   0.0000000E+00   0.0000000E+00   0.0000000E+00   0.0000000E+00
   5.9159473E-04   2.2348884E+06   2.2348884E+06   2.4886721E+06   1.3020434E+04   7.4408758E+03   2.2344752E+06   2.2348884E+06   2.2322242E+06   0.0000000E+00   0.0000000E+00   0.0000000E+00   0.0000000E+00
   6.3573233E-04   2.2337879E+06   2.2337879E+06   2.4185278E+06   1.2794431E+04   7.1813502E+03   2.2332522E+06   2.2337879E+06   2.2310025E+06   0.0000000E+00   0.0000000E+00   0.0000000E+00   0.0000000E+00
   6.8316294E-04   2.2325264E+06   2.2325264E+06   2.3398322E+06   1.2538756E+04   6.8998022E+03   2.2318520E+06   2.2325264E+06   2.2296037E+06   0.0000000E+00   0.0000000E+00   0.0000000E+00   0.0000000E+00
   7.3413224E-04   2.2310822E+06   2.2310822E+06   2.2519498E+06   1.2250441E+04   6.5978263E+03   2.2302507E+06   2.2310822E+06   2.2280041E+06   0.0000000E+00   0.0000000E+00   0.0000000E+00   0.0000000E+00
   7.8890426E-04   2.2294307E+06   2.2294307E+06   2.1543350E+06   1.1926529E+04   6.2784222E+03   2.2284223E+06   2.2294307E+06   2.2261776E+06   0.0000000E+00   0.0000000E+00   0.0000000E+00   0.0000000E+00
   8.4776269E-04   2.2275449E+06   2.2275449E+06   2.0465895E+06   1.1564193E+04   5.9463643E+03   2.2263379E+06   2.2275449E+06   2.2240953E+06   0.0000000E+00   0.0000000E+00   0.0000000E+00   0.0000000E+00
   9.1101242E-04   2.2253949E+06   2.2253949E+06   1.9285339E+06   1.1160899E+04   5.6085806E+03   2.2239659E+06   2.2253949E+06   2.2217258E+06   0.0000000E+00   0.0000000E+00   0.0000000E+00   0.0000000E+00
   9.7898108E-04   2.2229483E+06   2.2229483E+06   1.8002931E+06   1.0714618E+04   5.2744942E+03   2.2212724E+06   2.2229483E+06   2.2190351E+06   0.0000000E+00   0.0000000E+00   0.0000000E+00   0.0000000E+00
   1.0520207E-03   2.2201697E+06   2.2201697E+06   1.6623950E+06   1.0224087E+04   4.9562492E+03   2.2182210E+06   2.2201697E+06   2.2159868E+06   0.0000000E+00   0.0000000E+00   0.0000000E+00   0.0000000E+00
   1.1305097E-03   2.2170213E+06   2.2170213E+06   1.5158775E+06   9.6891266E+03   4.6687072E+03   2.2147731E+06   2.2170213E+06   2.2125424E+06   0.0000000E+00   0.0000000E+00   0.0000000E+00   0.0000000E+00
   1.2148546E-03   2.2134628E+06   2.2134628E+06   1.3623947E+06   9.1110021E+03   4.4290550E+03   2.2108884E+06   2.2134628E+06   2.2086617E+06   0.0000000E+00   0.0000000E+00   0.0000000E+00   0.0000000E+00
   1.3054923E-03   2.2094520E+06   2.2094520E+06   1.2043080E+06   8.4928144E+03   4.2558249E+03   2.2065258E+06   2.2094520E+06   2.2043036E+06   0.0000000E+00   0.0000000E+00   0.0000000E+00   0.0000000E+00
   1.4028922E-03   2.2049452E+06   2.2049452E+06   1.0447388E+06   7.8398881E+03   4.1671065E+03   2.2016435E+06   2.2049452E+06   2.1994263E+06   0.0000000E+00   0.0000000E+00   0.0000000E+00   0.0000000E+00
   1.5075589E-03   2.1998976E+06   2.1998976E+06   8.8755409E+05   7.1601016E+03   4.1777531E+03   2.1962004E+06   2.1998976E+06   2.1939887E+06   0.0000000E+00   0.0000000E+00   0.0000000E+00   0.0000000E+00
   1.6200346E-03   2.1942642E+06   2.1942642E+06   7.3724720E+05   6.4640835E+03   4.2954982E+03   2.1901563E+06   2.1942642E+06   2.1879508E+06   0.0000000E+00   0.0000000E+00   0.0000000E+00   0.0000000E+00
   1.7409019E-03   2.1880003E+06   2.1880003E+06   5.9867443E+05   5.7651730E+03   4.5161604E+03   2.1834732E+06   2.1880003E+06   2.1812745E+06   0.0000000E+00   0.0000000E+00   0.0000000E+00   0.0000000E+00
   1.8707868E-03   2.1810615E+06   2.1810615E+06   4.7661706E+05   5.0790267E+03   4.8185689E+03   2.1761153E+06   2.1810615E+06   2.1739240E+06   0.0000000E+00   0.0000000E+00   0.0000000E+00   0.0000000E+00
   2.0103622E-03   2.1734048E+06   2.1734048E+06   3.7516154E+05   4.4227553E+03   5.1605238E+03   2.1680489E+06   2.1734048E+06   2.1658657E+06   0.0000000E+00   0.0000000E+00   0.0000000E+00   0.0000000E+00
   2.1603509E-03   2.1649873E+06   2.1649873E+06   2.9694016E+05   3.8135124E+03   5.4779204E+03   2.1592415E+06   2.1649873E+06   2.1570672E+06   0.0000000E+00   0.0000000E+00   0.0000000E+00   0.0000000E+00
   2.3215300E-03   2.1557662E+06   2.1557662E+06   2.4235002E+05   3.2665549E+03   5.6898438E+03   2.1496605E+06   2.1557662E+06   2.1474957E+06   0.0000000E+00   0.0000000E+00   0.0000000E+00   0.0000000E+00
   2.4947343E-03   2.1456970E+06   2.1456970E+06   2.0896305E+05   2.7929565E+03   5.7123940E+03   2.1392701E+06   2.1456970E+06   2.1371156E+06   0.0000000E+00   0.0000000E+00   0.0000000E+00   0.0000000E+00
   2.6808610E-03   2.1347320E+06   2.1347320E+06   1.9142405E+05   2.3973867E+03   5.4823389E+03   2.1280284E+06   2.1347320E+06   2.1258852E+06   0.0000000E+00   0.0000000E+00   0.0000000E+00   0.0000000E+00
   2.8808742E-03   2.1228190E+06   2.1228190E+06   1.8214850E+05   2.0766058E+03   4.9874636E+03   2.1158849E+06   2.1228190E+06   2.1137537E+06   0.0000000E+00   0.0000000E+00   0.0000000E+00   0.0000000E+00
   3.0958100E-03   2.1099000E+06   2.1099000E+06   1.7299156E+05   1.8194671E+03   4.2935118E+03   2.1027781E+06   2.1099000E+06   2.1006599E+06   0.0000000E+00   0.0000000E+00   0.0000000E+00   0.0000000E+00
   3.3267817E-03   2.0959121E+06   2.0959121E+06   1.5768967E+05   1.6090701E+03   3.5499550E+03   2.0886371E+06   2.0959121E+06   2.0865328E+06   0.0000000E+00   0.0000000E+00   0.0000000E+00   0.0000000E+00
   3.5749856E-03   2.0807894E+06   2.0807894E+06   1.3429727E+05   1.4271049E+03   2.9544124E+03   2.0733843E+06   2.0807894E+06   2.0712952E+06   0.0000000E+00   0.0000000E+00   0.0000000E+00   0.0000000E+00
   3.8417075E-03   2.0644664E+06   2.0644664E+06   1.0628831E+05   1.2593315E+03   2.6678620E+03   2.0569431E+06   2.0644664E+06   2.0548702E+06   0.0000000E+00   0.0000000E+00   0.0000000E+00   0.0000000E+00
   4.1283290E-03   2.0468814E+06   2.0468814E+06   8.0986364E+04   1.0999143E+03   2.7069822E+03   2.0392438E+06   2.0468814E+06   2.0371885E+06   0.0000000E+00   0.0000000E+00   0.0000000E+00   0.0000000E+00
   4.4363347E-03   2.0279777E+06   2.0279777E+06   6.5135617E+04   9.5188286E+02   2.8865307E+03   2.0202284E+06   2.0279777E+06   2.0181921E+06   0.0000000E+00   0.0000000E+00   0.0000000E+00   0.0000000E+00
   4.7673199E-03   2.0077011E+06   2.0077011E+06   5.9770455E+04   8.2241784E+02   2.9018033E+03   1.9998484E+06   2.0077011E+06   1.9978324E+06   0.0000000E+00   0.0000000E+00   0.0000000E+00   0.0000000E+00
   5.1229993E-03   1.9859946E+06   1.9859946E+06   5.8632595E+04   7.1524185E+02   2.5649563E+03   1.9780561E+06   1.9859946E+06   1.9760618E+06   0.0000000E+00   0.0000000E+00   0.0000000E+00   0.0000000E+00
   5.5052152E-03   1.9627965E+06   1.9627965E+06   5.3249520E+04   6.2600666E+02   2.0275094E+03   1.9547971E+06   1.9627965E+06   1.9528260E+06   0.0000000E+00   0.0000000E+00   0.0000000E+00   0.0000000E+00
   5.9159473E-03   1.9380417E+06   1.9380417E+06   4.1639342E+04   5.4581182E+02   1.6927898E+03   1.9300072E+06   1.9380417E+06   1.9280609E+06   0.0000000E+00   0.0000000E+00   0.0000000E+00   0.0000000E+00
   6.3573233E-03   1.9116683E+06   1.9116683E+06   3.0904569E+04   4.7031246E+02   1.7481383E+03   1.9036197E+06   1.9116683E+06   1.9016998E+06   0.0000000E+00   0.0000000E+00   0.0000000E+00   0.0000000E+00
   6.8316294E-03   1.8836205E+06   1.8836205E+06   2.7702101E+04   4.0345286E+02   1.8384805E+03   1.8755728E+06   1.8836205E+06   1.8736811E+06   0.0000000E+00   0.0000000E+00   0.0000000E+00   0.0000000E+00
   7.3413224E-03   1.8538425E+06   1.8538425E+06   2.7733004E+04   3.4925132E+02   1.5450799E+03   1.8458091E+06   1.8538425E+06   1.8439472E+06   0.0000000E+00   0.0000000E+00   0.0000000E+00   0.0000000E+00
   7.8890426E-03   1.8222719E+06   1.8222719E+06   2.2800529E+04   3.0327485E+02   1.1527711E+03   1.8142688E+06   1.8222719E+06   1.8124387E+06   0.0000000E+00   0.0000000E+00   0.0000000E+00   0.0000000E+00
   8.4776269E-03   1.7888444E+06   1.7888444E+06   1.6388007E+04   2.5960639E+02   1.1733477E+03   1.7808926E+06   1.7888444E+06   1.7790960E+06   0.0000000E+00   0.0000000E+00   0.0000000E+00   0.0000000E+00
   9.1101242E-03   1.7535029E+06   1.7535029E+06   1.5715951E+04   2.2113615E+02   1.2124162E+03   1.7456259E+06   1.7535029E+06   1.7438648E+06   0.0000000E+00   0.0000000E+00   0.0000000E+00   0.0000000E+00
   9.7898108E-03   1.7161915E+06   1.7161915E+06   1.4587634E+04   1.9061142E+02   8.7450655E+02   1.7084090E+06   1.7161915E+06   1.7066854E+06   0.0000000E+00   0.0000000E+00   0.0000000E+00   0.0000000E+00
   1.0520207E-02   1.6768486E+06   1.6768486E+06   1.0167868E+04   1.6298165E+02   8.1866732E+02   1.6691737E+06   1.6768486E+06   1.6674896E+06   0.0000000E+00   0.0000000E+00   0.0000000E+00   0.0000000E+00
   1.1305097E-02   1.6354178E+06   1.6354178E+06   9.9597601E+03   1.3816993E+02   8.3962848E+02   1.6278669E+06   1.6354178E+06   1.6262244E+06   0.0000000E+00   0.0000000E+00   0.0000000E+00   0.0000000E+00
   1.2148546E-02   1.5918485E+06   1.5918485E+06   8.3036970E+03   1.1804532E+02   5.7350148E+02   1.5844455E+06   1.5918485E+06   1.5828468E+06   0.0000000E+00   0.0000000E+00   0.0000000E+00   0.0000000E+00
   1.3054923E-02   1.5460936E+06   1.5460936E+06   6.4304321E+03   9.9774705E+01   6.5671761E+02   1.5388546E+06   1.5460936E+06   1.5373018E+06   0.0000000E+00   0.0000000E+00   0.0000000E+00   0.0000000E+00
   1.4028922E-02   1.4981191E+06   1.4981191E+06   6.2289577E+03   8.4669331E+01   4.5228171E+02   1.4910588E+06   1.4981191E+06   1.4895543E+06   0.0000000E+00   0.0000000E+00   0.0000000E+00   0.0000000E+00
   1.5075589E-02   1.4479048E+06   1.4479048E+06   4.5101738E+03   7.1177188E+01   4.9985713E+02   1.4410444E+06   1.4479048E+06   1.4395903E+06   0.0000000E+00   0.0000000E+00   0.0000000E+00   0.0000000E+00
   1.6200346E-02   1.3954550E+06   1.3954550E+06   4.3149737E+03   6.0123880E+01   3.2930058E+02   1.3888075E+06   1.3954550E+06   1.3874061E+06   0.0000000E+00   0.0000000E+00   0.0000000E+00   0.0000000E+00
   1.7409019E-02   1.3408046E+06   1.3408046E+06   3.4019760E+03   5.0170831E+01   3.8873115E+02   1.3343894E+06   1.3408046E+06   1.3330428E+06   0.0000000E+00   0.0000000E+00   0.0000000E+00   0.0000000E+00
   1.8707868E-02   1.2840341E+06   1.2840341E+06   2.7031550E+03   4.2108127E+01   2.5368525E+02   1.2778638E+06   1.2840341E+06   1.2765743E+06   0.0000000E+00   0.0000000E+00   0.0000000E+00   0.0000000E+00
   2.0103620E-02   1.2252797E+06   1.2252797E+06   2.5917349E+03   3.5007179E+01   2.3246909E+02   1.2193703E+06   1.2252797E+06   1.2181398E+06   0.0000000E+00   0.0000000E+00   0.0000000E+00   0.0000000E+00
   2.1603499E-02   1.1647525E+06   1.1647525E+06   1.9878132E+03   2.8999719E+01   2.4183636E+02   1.1591158E+06   1.1647525E+06   1.1579460E+06   0.0000000E+00   0.0000000E+00   0.0000000E+00   0.0000000E+00
   2.3215245E-02   1.1027550E+06   1.1027550E+06   1.5195722E+03   2.3989778E+01   1.8354314E+02   1.0974024E+06   1.1027550E+06   1.0962950E+06   0.0000000E+00   0.0000000E+00   0.0000000E+00   0.0000000E+00
   2.4947080E-02   1.0397010E+06   1.0397010E+06   1.2878587E+03   1.9759219E+01   1.3132944E+02   1.0346407E+06   1.0397010E+06   1.0335966E+06   0.0000000E+00   0.0000000E+00   0.0000000E+00   0.0000000E+00
   2.6807512E-02   9.7613746E+05   9.7613746E+05   1.0994651E+03   1.6199568E+01   1.0318435E+02   9.7137504E+05   9.7613746E+05   9.7039476E+05   0.0000000E+00   0.0000000E+00   0.0000000E+00   0.0000000E+00
   2.8804721E-02   9.1276889E+05   9.1276889E+05   9.0776613E+02   1.3215299E+01   8.6611422E+01   9.0830634E+05   9.1276889E+05   9.0738969E+05   0.0000000E+00   0.0000000E+00   0.0000000E+00   0.0000000E+00
   3.0945073E-02   8.5048413E+05   8.5048413E+05   7.2771663E+02   1.0738274E+01   7.3972664E+01   8.4631807E+05   8.5048413E+05   8.4546398E+05   0.0000000E+00   0.0000000E+00   0.0000000E+00   0.0000000E+00
   3.3230224E-02   7.9037220E+05   7.9037220E+05   5.7820880E+02   8.7040644E+00   6.6887855E+01   7.8649399E+05   7.9037220E+05   7.8570027E+05   0.0000000E+00   0.0000000E+00   0.0000000E+00   0.0000000E+00
   3.5652781E-02   7.3369199E+05   7.3369199E+05   4.8016136E+02   7.0502424E+00   6.1989362E+01   7.3008652E+05   7.3369199E+05   7.2934972E+05   0.0000000E+00   0.0000000E+00   0.0000000E+00   0.0000000E+00
   3.8192116E-02   6.8173722E+05   6.8173722E+05   4.1170136E+02   5.7275990E+00   4.6528809E+01   6.7838267E+05   6.8173722E+05   6.7769805E+05   0.0000000E+00   0.0000000E+00   0.0000000E+00   0.0000000E+00
   4.0814099E-02   6.3556981E+05   6.3556981E+05   3.2492889E+02   4.6810360E+00   3.2550749E+01   6.3243894E+05   6.3556981E+05   6.3180068E+05   0.0000000E+00   0.0000000E+00   0.0000000E+00   0.0000000E+00
   4.3477925E-02   5.9571637E+05   5.9571637E+05   2.6481856E+02   3.8577850E+00   3.4935869E+01   5.9277903E+05   5.9571637E+05   5.9218079E+05   0.0000000E+00   0.0000000E+00   0.0000000E+00   0.0000000E+00
   4.6147460E-02   5.6202639E+05   5.6202639E+05   2.3951834E+02   3.2188491E+00   2.8536071E+01   5.5925293E+05   5.6202639E+05   5.5868853E+05   0.0000000E+00   0.0000000E+00   0.0000000E+00   0.0000000E+00
   4.8799576E-02   5.3379126E+05   5.3379126E+05   1.9583919E+02   2.7208008E+00   1.8273532E+01   5.3115533E+05   5.3379126E+05   5.3061929E+05   0.0000000E+00   0.0000000E+00   0.0000000E+00   0.0000000E+00
   5.1425284E-02   5.1000886E+05   5.1000886E+05   1.5943276E+02   2.3253619E+00   2.0197678E+01   5.0748891E+05   5.1000886E+05   5.0697675E+05   0.0000000E+00   0.0000000E+00   0.0000000E+00   0.0000000E+00
   5.4025988E-02   4.8962065E+05   4.8962065E+05   1.4833810E+02   2.0088172E+00   2.0676321E+01   4.8720022E+05   4.8962065E+05   4.8670853E+05   0.0000000E+00   0.0000000E+00   0.0000000E+00   0.0000000E+00
   5.6608917E-02   4.7164948E+05   4.7164948E+05   1.3511229E+02   1.7522923E+00   1.3729731E+01   4.6931685E+05   4.7164948E+05   4.6884321E+05   0.0000000E+00   0.0000000E+00   0.0000000E+00   0.0000000E+00
   5.9183783E-02   4.5525567E+05   4.5525567E+05   1.1170901E+02   1.5391603E+00   1.0369646E+01   4.5300326E+05   4.5525567E+05   4.5254608E+05   0.0000000E+00   0.0000000E+00   0.0000000E+00   0.0000000E+00
   6.1760872E-02   4.3975022E+05   4.3975022E+05   9.6140951E+01   1.3585728E+00   1.3548883E+01   4.3757379E+05   4.3975022E+05   4.3713218E+05   0.0000000E+00   0.0000000E+00   0.0000000E+00   0.0000000E+00
   6.4350125E-02   4.2459168E+05   4.2459168E+05   9.2665255E+01   1.2045729E+00   1.3608885E+01   4.2248962E+05   4.2459168E+05   4.2206324E+05   0.0000000E+00   0.0000000E+00   0.0000000E+00   0.0000000E+00
   6.6960785E-02   4.0937957E+05   4.0937957E+05   8.4752781E+01   1.0718913E+00   7.7272375E+00   4.0735227E+05   4.0937957E+05   4.0694116E+05   0.0000000E+00   0.0000000E+00   0.0000000E+00   0.0000000E+00
   6.9601324E-02   3.9384832E+05   3.9384832E+05   6.8544848E+01   9.5502364E-01   6.0627303E+00   3.9189745E+05   3.9384832E+05   3.9150194E+05   0.0000000E+00   0.0000000E+00   0.0000000E+00   0.0000000E+00
   7.2279497E-02   3.7786188E+05   3.7786188E+05   6.1104260E+01   8.5094074E-01   1.0057783E+01   3.7598977E+05   3.7786188E+05   3.7561031E+05   0.0000000E+00   0.0000000E+00   0.0000000E+00   0.0000000E+00
   7.5002432E-02   3.6140740E+05   3.6140740E+05   6.0530102E+01   7.5887766E-01   7.6421605E+00   3.5961644E+05   3.6140740E+05   3.5925351E+05   0.0000000E+00   0.0000000E+00   0.0000000E+00   0.0000000E+00
   7.7776745E-02   3.4458611E+05   3.4458611E+05   4.9513391E+01   6.7668037E-01   3.7935273E+00   3.4287817E+05   3.4458611E+05   3.4253214E+05   0.0000000E+00   0.0000000E+00   0.0000000E+00   0.0000000E+00
   8.0608633E-02   3.2759947E+05   3.2759947E+05   4.2883362E+01   6.0236070E-01   7.2330535E+00   3.2597544E+05   3.2759947E+05   3.2564646E+05   0.0000000E+00   0.0000000E+00   0.0000000E+00   0.0000000E+00
   8.3503969E-02   3.1072927E+05   3.1072927E+05   4.1767443E+01   5.3626254E-01   4.1585913E+00   3.0918863E+05   3.1072927E+05   3.0887659E+05   0.0000000E+00   0.0000000E+00   0.0000000E+00   0.0000000E+00
   8.6468368E-02   2.9431083E+05   2.9431083E+05   3.2819697E+01   4.7691192E-01   4.4050445E+00   2.9285137E+05   2.9431083E+05   2.9255582E+05   0.0000000E+00   0.0000000E+00   0.0000000E+00   0.0000000E+00
   8.9507258E-02   2.7869954E+05   2.7869954E+05   3.2529945E+01   4.2415708E-01   4.0270957E+00   2.7731731E+05   2.7869954E+05   2.7703743E+05   0.0000000E+00   0.0000000E+00   0.0000000E+00   0.0000000E+00
   9.2625923E-02   2.6423225E+05   2.6423225E+05   2.5796110E+01   3.7741069E-01   3.2311636E+00   2.6292159E+05   2.6423225E+05   2.6265625E+05   0.0000000E+00   0.0000000E+00   0.0000000E+00   0.0000000E+00
   9.5829552E-02   2.5118608E+05   2.5118608E+05   2.5587166E+01   3.3614149E-01   2.6796326E+00   2.4993999E+05   2.5118608E+05   2.4968774E+05   0.0000000E+00   0.0000000E+00   0.0000000E+00   0.0000000E+00
   9.9123269E-02   2.3973893E+05   2.3973893E+05   2.0933583E+01   2.9988358E-01   3.5871220E+00   2.3854948E+05   2.3973893E+05   2.3830874E+05   0.0000000E+00   0.0000000E+00   0.0000000E+00   0.0000000E+00
   1.0251216E-01   2.2993673E+05   2.2993673E+05   1.9123272E+01   2.6833659E-01   1.5392863E+00   2.2879580E+05   2.2993673E+05   2.2856490E+05   0.0000000E+00   0.0000000E+00   0.0000000E+00   0.0000000E+00
   1.0600131E-01   2.2167355E+05   2.2167355E+05   1.8394071E+01   2.4073088E-01   2.0341993E+00   2.2057351E+05   2.2167355E+05   2.2035090E+05   0.0000000E+00   0.0000000E+00   0.0000000E+00   0.0000000E+00
   1.0959578E-01   2.1469003E+05   2.1469003E+05   1.5978316E+01   2.1655126E-01   2.7068527E+00   2.1362454E+05   2.1469003E+05   2.1340895E+05   0.0000000E+00   0.0000000E+00   0.0000000E+00   0.0000000E+00
   1.1330068E-01   2.0859453E+05   2.0859453E+05   1.4202894E+01   1.9536697E-01   2.1822569E+00   2.0755921E+05   2.0859453E+05   2.0734974E+05   0.0000000E+00   0.0000000E+00   0.0000000E+00   0.0000000E+00
   1.1712113E-01   2.0290852E+05   2.0290852E+05   1.2933176E+01   1.7653143E-01   1.7610126E+00   2.0190133E+05   2.0290852E+05   2.0169757E+05   0.0000000E+00   0.0000000E+00   0.0000000E+00   0.0000000E+00
   1.2106231E-01   1.9713334E+05   1.9713334E+05   1.1702116E+01   1.5956403E-01   1.6802948E+00   1.9615475E+05   1.9713334E+05   1.9595679E+05   0.0000000E+00   0.0000000E+00   0.0000000E+00   0.0000000E+00
   1.2512943E-01   1.9083085E+05   1.9083085E+05   1.0531185E+01   1.4407622E-01   1.6733949E+00   1.8988348E+05   1.9083085E+05   1.8969184E+05   0.0000000E+00   0.0000000E+00   0.0000000E+00   0.0000000E+00
   1.2932776E-01   1.8370479E+05   1.8370479E+05   9.4977236E+00   1.2981402E-01   1.6072205E+00   1.8279273E+05   1.8370479E+05   1.8260826E+05   0.0000000E+00   0.0000000E+00   0.0000000E+00   0.0000000E+00
   1.3366263E-01   1.7566616E+05   1.7566616E+05   8.6887718E+00   1.1655245E-01   1.6425875E+00   1.7479396E+05   1.7566616E+05   1.7461755E+05   0.0000000E+00   0.0000000E+00   0.0000000E+00   0.0000000E+00
   1.3813944E-01   1.6686467E+05   1.6686467E+05   8.0659354E+00   1.0427270E-01   1.3248579E+00   1.6603611E+05   1.6686467E+05   1.6586855E+05   0.0000000E+00   0.0000000E+00   0.0000000E+00   0.0000000E+00
   1.4276364E-01   1.5767180E+05   1.5767180E+05   7.1456537E+00   9.2979184E-02   6.0444267E-01   1.5688885E+05   1.5767180E+05   1.5673051E+05   0.0000000E+00   0.0000000E+00   0.0000000E+00   0.0000000E+00
   1.4754076E-01   1.4860965E+05   1.4860965E+05   5.8665057E+00   8.2689836E-02   6.6131427E-01   1.4787166E+05   1.4860965E+05   1.4772242E+05   0.0000000E+00   0.0000000E+00   0.0000000E+00   0.0000000E+00
   1.5247644E-01   1.4023302E+05   1.4023302E+05   5.4897296E+00   7.3489453E-02   1.0242371E+00   1.3953659E+05   1.4023302E+05   1.3939576E+05   0.0000000E+00   0.0000000E+00   0.0000000E+00   0.0000000E+00
   1.5757636E-01   1.3298790E+05   1.3298790E+05   4.7305319E+00   6.5439460E-02   3.5073599E-01   1.3232743E+05   1.3298790E+05   1.3219388E+05   0.0000000E+00   0.0000000E+00   0.0000000E+00   0.0000000E+00
   1.6284634E-01   1.2708281E+05   1.2708281E+05   4.3921893E+00   5.8442869E-02   7.4598517E-01   1.2645163E+05   1.2708281E+05   1.2632401E+05   0.0000000E+00   0.0000000E+00   0.0000000E+00   0.0000000E+00
   1.6829228E-01   1.2241458E+05   1.2241458E+05   3.7207992E+00   5.2418266E-02   5.5132933E-01   1.2180656E+05   1.2241458E+05   1.2168363E+05   0.0000000E+00   0.0000000E+00   0.0000000E+00   0.0000000E+00
   1.7392020E-01   1.1858261E+05   1.1858261E+05   3.5225496E+00   4.7191572E-02   2.1840153E-01   1.1799360E+05   1.1858261E+05   1.1787452E+05   0.0000000E+00   0.0000000E+00   0.0000000E+00   0.0000000E+00
   1.7973629E-01   1.1500211E+05   1.1500211E+05   3.2738341E+00   4.2544816E-02   3.2608381E-01   1.1443087E+05   1.1500211E+05   1.1431539E+05   0.0000000E+00   0.0000000E+00   0.0000000E+00   0.0000000E+00
   1.8574686E-01   1.1109257E+05   1.1109257E+05   2.9433391E+00   3.8316996E-02   3.3816037E-01   1.1054073E+05   1.1109257E+05   1.1042917E+05   0.0000000E+00   0.0000000E+00   0.0000000E+00   0.0000000E+00
   1.9195843E-01   1.0648240E+05   1.0648240E+05   2.6066320E+00   3.4387704E-02   2.8357094E-01   1.0595344E+05   1.0648240E+05   1.0584651E+05   0.0000000E+00   0.0000000E+00   0.0000000E+00   0.0000000E+00
   1.9837773E-01   1.0115104E+05   1.0115104E+05   2.2723262E+00   3.0717607E-02   2.2973267E-01   1.0064855E+05   1.0115104E+05   1.0054697E+05   0.0000000E+00   0.0000000E+00   0.0000000E+00   0.0000000E+00
   2.0501172E-01   9.5439717E+04   9.5439717E+04   2.0108285E+00   2.7313854E-02   3.3454484E-01   9.4965585E+04   9.5439717E+04   9.4869744E+04   0.0000000E+00   0.0000000E+00   0.0000000E+00   0.0000000E+00
   2.1186767E-01   8.9907942E+04   8.9907942E+04   1.8420739E+00   2.4245791E-02   2.1918980E-01   8.9461279E+04   8.9907942E+04   8.9370993E+04   0.0000000E+00   0.0000000E+00   0.0000000E+00   0.0000000E+00
   2.1895317E-01   8.5082105E+04   8.5082105E+04   1.5597984E+00   2.1544724E-02   1.6843913E-01   8.4659407E+04   8.5082105E+04   8.4573967E+04   0.0000000E+00   0.0000000E+00   0.0000000E+00   0.0000000E+00
   2.2627620E-01   8.1205843E+04   8.1205843E+04   1.4547054E+00   1.9218537E-02   2.3396532E-01   8.0802393E+04   8.1205843E+04   8.0720845E+04   0.0000000E+00   0.0000000E+00   0.0000000E+00   0.0000000E+00
   2.3384519E-01   7.8120764E+04   7.8120764E+04   1.2645437E+00   1.7221842E-02   2.0855769E-01   7.7732633E+04   7.8120764E+04   7.7654183E+04   0.0000000E+00   0.0000000E+00   0.0000000E+00   0.0000000E+00
   2.4166908E-01   7.5355860E+04   7.5355860E+04   1.1377287E+00   1.5467899E-02   1.3010448E-01   7.4981458E+04   7.5355860E+04   7.4905785E+04   0.0000000E+00   0.0000000E+00   0.0000000E+00   0.0000000E+00
   2.4975742E-01   7.2394616E+04   7.2394616E+04   1.0287904E+00   1.3874739E-02   9.9134049E-02   7.2034920E+04   7.2394616E+04   7.1962221E+04   0.0000000E+00   0.0000000E+00   0.0000000E+00   0.0000000E+00
   2.5812046E-01   6.8974825E+04   6.8974825E+04   9.1716085E-01   1.2393154E-02   1.4463957E-01   6.8632114E+04   6.8974825E+04   6.8562849E+04   0.0000000E+00   0.0000000E+00   0.0000000E+00   0.0000000E+00
   2.6676925E-01   6.5233928E+04   6.5233928E+04   8.2424674E-01   1.1021705E-02   1.3572824E-01   6.4909799E+04   6.5233928E+04   6.4844291E+04   0.0000000E+00   0.0000000E+00   0.0000000E+00   0.0000000E+00
   2.7571573E-01   6.1592453E+04   6.1592453E+04   7.2643744E-01   9.7834399E-03   7.4033932E-02   6.1286413E+04   6.1592453E+04   6.1224561E+04   0.0000000E+00   0.0000000E+00   0.0000000E+00   0.0000000E+00
   2.8497295E-01   5.8441980E+04   5.8441980E+04   6.4979360E-01   8.6966115E-03   1.2078388E-01   5.8151589E+04   5.8441980E+04   5.8092901E+04   0.0000000E+00   0.0000000E+00   0.0000000E+00   0.0000000E+00
   2.9455517E-01   5.5859000E+04   5.5859000E+04   5.7234085E-01   7.7602834E-03   7.5817216E-02   5.5581439E+04   5.5859000E+04   5.5525346E+04   0.0000000E+00   0.0000000E+00   0.0000000E+00   0.0000000E+00
   3.0447806E-01   5.3569132E+04   5.3569132E+04   5.1908482E-01   6.9398262E-03   4.1966981E-02   5.3302947E+04   5.3569132E+04   5.3249152E+04   0.0000000E+00   0.0000000E+00   0.0000000E+00   0.0000000E+00
   3.1475895E-01   5.1198788E+04   5.1198788E+04   4.6464722E-01   6.1973071E-03   5.5193017E-02   5.0944378E+04   5.1198788E+04   5.0892963E+04   0.0000000E+00   0.0000000E+00   0.0000000E+00   0.0000000E+00
   3.2541708E-01   4.8601441E+04   4.8601441E+04   4.0939393E-01   5.5134074E-03   5.5135693E-02   4.8359934E+04   4.8601441E+04   4.8311128E+04   0.0000000E+00   0.0000000E+00   0.0000000E+00   0.0000000E+00
   3.3647389E-01   4.5959744E+04   4.5959744E+04   3.6671092E-01   4.8902548E-03   5.5731546E-02   4.5731362E+04   4.5959744E+04   4.5685209E+04   0.0000000E+00   0.0000000E+00   0.0000000E+00   0.0000000E+00
   3.4795344E-01   4.3564166E+04   4.3564166E+04   3.2322509E-01   4.3380678E-03   5.8198255E-02   4.3347685E+04   4.3564166E+04   4.3303938E+04   0.0000000E+00   0.0000000E+00   0.0000000E+00   0.0000000E+00
   3.5988285E-01   4.1498199E+04   4.1498199E+04   2.8705691E-01   3.8569286E-03   3.7610599E-02   4.1291982E+04   4.1498199E+04   4.1250310E+04   0.0000000E+00   0.0000000E+00   0.0000000E+00   0.0000000E+00
   3.7229280E-01   3.9573780E+04   3.9573780E+04   2.5575349E-01   3.4305365E-03   3.4367204E-02   3.9377125E+04   3.9573780E+04   3.9337384E+04   0.0000000E+00   0.0000000E+00   0.0000000E+00   0.0000000E+00
   3.8521828E-01   3.7583691E+04   3.7583691E+04   2.2840108E-01   3.0434756E-03   3.3150253E-02   3.7396924E+04   3.7583691E+04   3.7359182E+04   0.0000000E+00   0.0000000E+00   0.0000000E+00   0.0000000E+00
   3.9869934E-01   3.5550197E+04   3.5550197E+04   2.0075890E-01   2.6917942E-03   2.1525647E-02   3.5373534E+04   3.5550197E+04   3.5337834E+04   0.0000000E+00   0.0000000E+00   0.0000000E+00   0.0000000E+00
   4.1278215E-01   3.3648447E+04   3.3648447E+04   1.7769053E-01   2.3782050E-03   1.2358994E-02   3.3481233E+04   3.3648447E+04   3.3447443E+04   0.0000000E+00   0.0000000E+00   0.0000000E+00   0.0000000E+00
   4.2752027E-01   3.1931029E+04   3.1931029E+04   1.5728153E-01   2.1014918E-03   3.0597594E-02   3.1772348E+04   3.1931029E+04   3.1740283E+04   0.0000000E+00   0.0000000E+00   0.0000000E+00   0.0000000E+00
   4.4297625E-01   3.0271622E+04   3.0271622E+04   1.3894039E-01   1.8546069E-03   1.8553178E-02   3.0121186E+04   3.0271622E+04   3.0090787E+04   0.0000000E+00   0.0000000E+00   0.0000000E+00   0.0000000E+00
   4.5922368E-01   2.8594895E+04   2.8594895E+04   1.2228799E-01   1.6310669E-03   1.9452709E-02   2.8452792E+04   2.8594895E+04   2.8424077E+04   0.0000000E+00   0.0000000E+00   0.0000000E+00   0.0000000E+00
   4.7634976E-01   2.6980738E+04   2.6980738E+04   1.0697526E-01   1.4308923E-03   1.7563585E-02   2.6846655E+04   2.6980738E+04   2.6819561E+04   0.0000000E+00   0.0000000E+00   0.0000000E+00   0.0000000E+00
   4.9445869E-01   2.5475046E+04   2.5475046E+04   9.3847655E-02   1.2531963E-03   1.9231997E-02   2.5348445E+04   2.5475046E+04   2.5322863E+04   0.0000000E+00   0.0000000E+00   0.0000000E+00   0.0000000E+00
   5.1367588E-01   2.4006634E+04   2.4006634E+04   8.2042019E-02   1.0941742E-03   9.7141092E-03   2.3887329E+04   2.4006634E+04   2.3863222E+04   0.0000000E+00   0.0000000E+00   0.0000000E+00   0.0000000E+00
   5.3415358E-01   2.2557963E+04   2.2557963E+04   7.1292505E-02   9.5128555E-04   6.5265313E-03   2.2445857E+04   2.2557963E+04   2.2423205E+04   0.0000000E+00   0.0000000E+00   0.0000000E+00   0.0000000E+00
   5.5607794E-01   2.1174124E+04   2.1174124E+04   6.1702757E-02   8.2363402E-04   1.5127036E-02   2.1068895E+04   2.1174124E+04   2.1047632E+04   0.0000000E+00   0.0000000E+00   0.0000000E+00   0.0000000E+00
   5.7967811E-01   1.9829371E+04   1.9829371E+04   5.3196088E-02   7.0979465E-04   7.5139664E-03   1.9730825E+04   1.9829371E+04   1.9710912E+04   0.0000000E+00   0.0000000E+00   0.0000000E+00   0.0000000E+00
   6.0523753E-01   1.8509069E+04   1.8509069E+04   4.5562298E-02   6.0787529E-04   8.1591476E-03   1.8417084E+04   1.8509069E+04   1.8398497E+04   0.0000000E+00   0.0000000E+00   0.0000000E+00   0.0000000E+00
   6.3310733E-01   1.7229648E+04   1.7229648E+04   3.8756162E-02   5.1711452E-04   1.3231673E-03   1.7144020E+04   1.7229648E+04   1.7126718E+04   0.0000000E+00   0.0000000E+00   0.0000000E+00   0.0000000E+00
   6.6372070E-01   1.5973382E+04   1.5973382E+04   3.2699493E-02   4.3614866E-04   7.2810127E-03   1.5893997E+04   1.5973382E+04   1.5877957E+04   0.0000000E+00   0.0000000E+00   0.0000000E+00   0.0000000E+00
   6.9760508E-01   1.4745925E+04   1.4745925E+04   2.7331004E-02   3.6450174E-04   3.8098979E-03   1.4672641E+04   1.4745925E+04   1.4657833E+04   0.0000000E+00   0.0000000E+00   0.0000000E+00   0.0000000E+00
   7.3538470E-01   1.3542911E+04   1.3542911E+04   2.2590197E-02   3.0123448E-04   5.5713100E-03   1.3475606E+04   1.3542911E+04   1.3462006E+04   0.0000000E+00   0.0000000E+00   0.0000000E+00   0.0000000E+00
   7.7776067E-01   1.2368619E+04   1.2368619E+04   1.8446315E-02   2.4595349E-04   2.0635492E-03   1.2307150E+04   1.2368619E+04   1.2294729E+04   0.0000000E+00   0.0000000E+00   0.0000000E+00   0.0000000E+00
   8.2545215E-01   1.1227828E+04   1.1227828E+04   1.4868080E-02   1.9821470E-04   9.6796834E-04   1.1172027E+04   1.1227828E+04   1.1160752E+04   0.0000000E+00   0.0000000E+00   0.0000000E+00   0.0000000E+00
   8.7909225E-01   1.0131011E+04   1.0131011E+04   1.1829797E-02   1.5770106E-04   2.0838603E-04   1.0080661E+04   1.0131011E+04   1.0070487E+04   0.0000000E+00   0.0000000E+00   0.0000000E+00   0.0000000E+00
   9.3910883E-01   9.0914583E+03   9.0914583E+03   9.3035016E-03   1.2399157E-04   3.4150955E-03   9.0462748E+03   9.0914583E+03   9.0371452E+03   0.0000000E+00   0.0000000E+00   0.0000000E+00   0.0000000E+00
   1.0056662E+00   8.1222406E+03   8.1222406E+03   7.2487581E-03   9.6613036E-05   -9.8815763E-04   8.0818740E+03   8.1222406E+03   8.0737176E+03   0.0000000E+00   0.0000000E+00   0.0000000E+00   0.0000000E+00
   1.0787329E+00   7.2329118E+03   7.2329118E+03   5.6108394E-03   7.4763917E-05   2.1848754E-03   7.1969649E+03   7.2329118E+03   7.1897016E+03   0.0000000E+00   0.0000000E+00   0.0000000E+00   0.0000000E+00
   1.1582408E+00   6.4274685E+03   6.4274685E+03   4.3254394E-03   5.7634274E-05   -3.6277368E-04   6.3955245E+03   6.4274685E+03   6.3890700E+03   0.0000000E+00   0.0000000E+00   0.0000000E+00   0.0000000E+00
   1.2442272E+00   5.7042823E+03   5.7042823E+03   3.3268383E-03   4.4323074E-05   6.8450701E-06   5.6759324E+03   5.7042823E+03   5.6702041E+03   0.0000000E+00   0.0000000E+00   0.0000000E+00   0.0000000E+00
   1.3368906E+00   5.0582064E+03   5.0582064E+03   2.5554899E-03   3.4043031E-05   -1.6124571E-04   5.0330675E+03   5.0582064E+03   5.0279880E+03   0.0000000E+00   0.0000000E+00   0.0000000E+00   0.0000000E+00
   1.4365765E+00   4.4826726E+03   4.4826726E+03   1.9614861E-03   2.6126949E-05   4.6098356E-04   4.4603940E+03   4.4826726E+03   4.4558925E+03   0.0000000E+00   0.0000000E+00   0.0000000E+00   0.0000000E+00
   1.5437395E+00   3.9706556E+03   3.9706556E+03   1.5047152E-03   2.0042273E-05   -4.1006082E-04   3.9509217E+03   3.9706556E+03   3.9469343E+03   0.0000000E+00   0.0000000E+00   0.0000000E+00   0.0000000E+00
   1.6589102E+00   3.5155917E+03   3.5155917E+03   1.1537836E-03   1.5366646E-05   -8.8666720E-05   3.4981193E+03   3.5155917E+03   3.4945890E+03   0.0000000E+00   0.0000000E+00   0.0000000E+00   0.0000000E+00
   1.7826770E+00   3.1113677E+03   3.1113677E+03   8.8431497E-04   1.1776538E-05   1.1649990E-04   3.0959044E+03   3.1113677E+03   3.0927799E+03   0.0000000E+00   0.0000000E+00   0.0000000E+00   0.0000000E+00
   1.9156784E+00   2.7525262E+03   2.7525262E+03   6.7750806E-04   9.0217736E-06   2.1662693E-04   2.7388463E+03   2.7525262E+03   2.7360822E+03   0.0000000E+00   0.0000000E+00   0.0000000E+00   0.0000000E+00
   2.0586030E+00   2.4341177E+03   2.4341177E+03   5.1885926E-04   6.9091308E-06   7.2209675E-05   2.4220203E+03   2.4341177E+03   2.4195759E+03   0.0000000E+00   0.0000000E+00   0.0000000E+00   0.0000000E+00
   2.2121909E+00   2.1517325E+03   2.1517325E+03   3.9720773E-04   5.2890277E-06   -1.6022076E-05   2.1410384E+03   2.1517325E+03   2.1388777E+03   0.0000000E+00   0.0000000E+00   0.0000000E+00   0.0000000E+00
   2.3772377E+00   1.9014132E+03   1.9014132E+03   3.0470646E-04   4.0472023E-06   9.8736144E-05   1.8919632E+03   1.9014132E+03   1.8900538E+03   0.0000000E+00   0.0000000E+00   0.0000000E+00   0.0000000E+00
   2.5545982E+00   1.6796177E+03   1.6796177E+03   2.3259815E-04   3.0959412E-06   5.7576869E-05   1.6712700E+03   1.6796177E+03   1.6695833E+03   0.0000000E+00   0.0000000E+00   0.0000000E+00   0.0000000E+00
   2.7451912E+00   1.4831833E+03   1.4831833E+03   1.7785009E-04   2.3674547E-06   1.6281596E-04   1.4758119E+03   1.4831833E+03   1.4743225E+03   0.0000000E+00   0.0000000E+00   0.0000000E+00   0.0000000E+00
   2.9500040E+00   1.3092849E+03   1.3092849E+03   1.3595169E-04   1.8098478E-06   -1.1586609E-05   1.3027778E+03   1.3092849E+03   1.3014630E+03   0.0000000E+00   0.0000000E+00   0.0000000E+00   0.0000000E+00
   3.1700974E+00   1.1554007E+03   1.1554007E+03   1.0389319E-04   1.3830558E-06   4.6036323E-05   1.1496584E+03   1.1554007E+03   1.1484982E+03   0.0000000E+00   0.0000000E+00   0.0000000E+00   0.0000000E+00
   3.4066115E+00   1.0192818E+03   1.0192818E+03   7.9370062E-05   1.0565848E-06   3.6985594E-05   1.0142160E+03   1.0192818E+03   1.0131925E+03   0.0000000E+00   0.0000000E+00   0.0000000E+00   0.0000000E+00
   3.6607713E+00   8.9892404E+02   8.9892404E+02   6.0617143E-05   8.0696490E-07   -3.3112585E-05   8.9445641E+02   8.9892404E+02   8.9355370E+02   0.0000000E+00   0.0000000E+00   0.0000000E+00   0.0000000E+00
   3.9338935E+00   7.9254244E+02   7.9254244E+02   4.6281231E-05   6.1609737E-07   7.0252453E-05   7.8860352E+02   7.9254244E+02   7.8780765E+02   0.0000000E+00   0.0000000E+00   0.0000000E+00   0.0000000E+00
   4.2273928E+00   6.9854838E+02   6.9854838E+02   3.5325639E-05   4.7026985E-07   9.8228038E-05   6.9507661E+02   6.9854838E+02   6.9437512E+02   0.0000000E+00   0.0000000E+00   0.0000000E+00   0.0000000E+00
   4.5427894E+00   6.1552879E+02   6.1552879E+02   2.6956123E-05   3.5885312E-07   2.7278375E-05   6.1246962E+02   6.1552879E+02   6.1185151E+02   0.0000000E+00   0.0000000E+00   0.0000000E+00   0.0000000E+00
   4.8817170E+00   5.4222747E+02   5.4222747E+02   2.0580100E-05   2.7376401E-07   4.2172816E-05   5.3953261E+02   5.4222747E+02   5.3898810E+02   0.0000000E+00   0.0000000E+00   0.0000000E+00   0.0000000E+00
   5.2459313E+00   4.7752834E+02   4.7752834E+02   1.5684503E-05   2.0880336E-07   -4.1385797E-05   4.7515503E+02   4.7752834E+02   4.7467549E+02   0.0000000E+00   0.0000000E+00   0.0000000E+00   0.0000000E+00
   5.6373189E+00   4.2044034E+02   4.2044034E+02   1.1958022E-05   1.5921046E-07   -3.3387044E-05   4.1835076E+02   4.2044034E+02   4.1792855E+02   0.0000000E+00   0.0000000E+00   0.0000000E+00   0.0000000E+00
   6.0579070E+00   3.7008389E+02   3.7008389E+02   9.1149279E-06   1.2136038E-07   5.8305511E-05   3.6824458E+02   3.7008389E+02   3.6787294E+02   0.0000000E+00   0.0000000E+00   0.0000000E+00   0.0000000E+00
   6.5098743E+00   3.2567876E+02   3.2567876E+02   6.9461345E-06   9.2498661E-08   -2.4935713E-05   3.2406014E+02   3.2567876E+02   3.2373309E+02   0.0000000E+00   0.0000000E+00   0.0000000E+00   0.0000000E+00
   6.9955619E+00   2.8653316E+02   2.8653316E+02   5.2919184E-06   7.0479189E-08   5.9120240E-06   2.8510910E+02   2.8653316E+02   2.8482136E+02   0.0000000E+00   0.0000000E+00   0.0000000E+00   0.0000000E+00
   7.5174856E+00   2.5203406E+02   2.5203406E+02   4.0313519E-06   5.3691850E-08   -1.5458304E-05   2.5078146E+02   2.5203406E+02   2.5052836E+02   0.0000000E+00   0.0000000E+00   0.0000000E+00   0.0000000E+00
   8.0783488E+00   2.2163840E+02   2.2163840E+02   3.0699964E-06   4.0892604E-08   1.6631119E-05   2.2053686E+02   2.2163840E+02   2.2031429E+02   0.0000000E+00   0.0000000E+00   0.0000000E+00   0.0000000E+00
   8.6810569E+00   1.9486537E+02   1.9486537E+02   2.3373329E-06   3.1140370E-08   -1.1380398E-05   1.9389689E+02   1.9486537E+02   1.9370121E+02   0.0000000E+00   0.0000000E+00   0.0000000E+00   0.0000000E+00
   9.3287317E+00   1.7128943E+02   1.7128943E+02   1.7791041E-06   2.3707843E-08   1.2444812E-05   1.7043813E+02   1.7128943E+02   1.7026612E+02   0.0000000E+00   0.0000000E+00   0.0000000E+00   0.0000000E+00
   1.0024728E+01   1.5053414E+02   1.5053414E+02   1.3540772E-06   1.8046844E-08   -2.9527773E-06   1.4978598E+02   1.5053414E+02   1.4963482E+02   0.0000000E+00   0.0000000E+00   0.0000000E+00   0.0000000E+00
