#           k/h    CDM            baryon         photon         nu             mass_nu        total          no_nu          total_de       Weyl           v_CDM          v_b            v_b-v_c     
   1.1157757E-05   8.0725379E+06   8.0725379E+06   1.0760783E+07   2.3174222E+05   2.0468233E+06   8.0725828E+06   8.0725379E+06   6.1714518E+06   0.0000000E+00   0.0000000E+00   0.0000000E+00   0.0000000E+00
   1.1990213E-05   8.0725341E+06   8.0725341E+06   1.0760376E+07   2.3173965E+05   2.0467913E+06   8.0725788E+06   8.0725341E+06   6.1714486E+06   0.0000000E+00   0.0000000E+00   0.0000000E+00   0.0000000E+00
   1.2884776E-05   8.0725296E+06   8.0725296E+06   1.0759905E+07   2.3173667E+05   2.0467544E+06   8.0725742E+06   8.0725296E+06   6.1714449E+06   0.0000000E+00   0.0000000E+00   0.0000000E+00   0.0000000E+00
   1.3846082E-05   8.0725244E+06   8.0725244E+06   1.0759361E+07   2.3173324E+05   2.0467117E+06   8.0725689E+06   8.0725244E+06   6.1714405E+06   0.0000000E+00   0.0000000E+00   0.0000000E+00   0.0000000E+00
   1.4879108E-05   8.0725184E+06   8.0725184E+06   1.0758733E+07   2.3172927E+05   2.0466624E+06   8.0725628E+06   8.0725184E+06   6.1714355E+06   0.0000000E+00   0.0000000E+00   0.0000000E+00   0.0000000E+00
   1.5989206E-05   8.0725115E+06   8.0725115E+06   1.0758009E+07   2.3172469E+05   2.0466056E+06   8.0725558E+06   8.0725115E+06   6.1714298E+06   0.0000000E+00   0.0000000E+00   0.0000000E+00   0.0000000E+00
   1.7182125E-05   8.0725035E+06   8.0725035E+06   1.0757172E+07   2.3171940E+05   2.0465399E+06   8.0725476E+06   8.0725035E+06   6.1714231E+06   0.0000000E+00   0.0000000E+00   0.0000000E+00   0.0000000E+00
   1.8464046E-05   8.0724942E+06   8.0724942E+06   1.0756205E+07   2.3171329E+05   2.0464640E+06   8.0725382E+06   8.0724942E+06   6.1714154E+06   0.0000000E+00   0.0000000E+00   0.0000000E+00   0.0000000E+00
   1.9841609E-05   8.0724836E+06   8.0724836E+06   1.0755089E+07   2.3170624E+05   2.0463765E+06   8.0725273E+06   8.0724836E+06   6.1714065E+06   0.0000000E+00   0.0000000E+00   0.0000000E+00   0.0000000E+00
   2.1321948E-05   8.0724713E+06   8.0724713E+06   1.0753801E+07   2.3169809E+05   2.0462753E+06   8.0725148E+06   8.0724713E+06   6.1713962E+06   0.0000000E+00   0.0000000E+00   0.0000000E+00   0.0000000E+00
   2.2912733E-05   8.0724570E+06   8.0724570E+06   1.0752313E+07   2.3168869E+05   2.0461586E+06   8.0725003E+06   8.0724570E+06   6.1713844E+06   0.0000000E+00   0.0000000E+00   0.0000000E+00   0.0000000E+00
   2.4622202E-05   8.0724406E+06   8.0724406E+06   1.0750595E+07   2.3167783E+05   2.0460237E+06   8.0724836E+06   8.0724406E+06   6.1713707E+06   0.0000000E+00   0.0000000E+00   0.0000000E+00   0.0000000E+00
   2.6459211E-05   8.0724217E+06   8.0724217E+06   1.0748612E+07   2.3166529E+05   2.0458680E+06   8.0724643E+06   8.0724217E+06   6.1713549E+06   0.0000000E+00   0.0000000E+00   0.0000000E+00   0.0000000E+00
   2.8433275E-05   8.0723998E+06   8.0723998E+06   1.0746322E+07   2.3165081E+05   2.0456883E+06   8.0724420E+06   8.0723998E+06   6.1713367E+06   0.0000000E+00   0.0000000E+00   0.0000000E+00   0.0000000E+00
   3.0554620E-05   8.0723745E+06   8.0723745E+06   1.0743679E+07   2.3163409E+05   2.0454807E+06   8.0724162E+06   8.0723745E+06   6.1713156E+06   0.0000000E+00   0.0000000E+00   0.0000000E+00   0.0000000E+00
   3.2834234E-05   8.0723453E+06   8.0723453E+06   1.0740626E+07   2.3161479E+05   2.0452410E+06   8.0723865E+06   8.0723453E+06   6.1712913E+06   0.0000000E+00   0.0000000E+00   0.0000000E+00   0.0000000E+00
   3.5283925E-05   8.0723117E+06   8.0723117E+06   1.0737103E+07   2.3159250E+05   2.0449643E+06   8.0723521E+06   8.0723117E+06   6.1712632E+06   0.0000000E+00   0.0000000E+00   0.0000000E+00   0.0000000E+00
   3.7916382E-05   8.0722728E+06   8.0722728E+06   1.0733035E+07   2.3156676E+05   2.0446449E+06   8.0723125E+06   8.0722728E+06   6.1712308E+06   0.0000000E+00   0.0000000E+00   0.0000000E+00   0.0000000E+00
   4.0745240E-05   8.0722278E+06   8.0722278E+06   1.0728340E+07   2.3153705E+05   2.0442760E+06   8.0722667E+06   8.0722278E+06   6.1711933E+06   0.0000000E+00   0.0000000E+00   0.0000000E+00   0.0000000E+00
   4.3785154E-05   8.0721760E+06   8.0721760E+06   1.0722921E+07   2.3150274E+05   2.0438502E+06   8.0722138E+06   8.0721760E+06   6.1711501E+06   0.0000000E+00   0.0000000E+00   0.0000000E+00   0.0000000E+00
   4.7051870E-05   8.0721161E+06   8.0721161E+06   1.0716666E+07   2.3146313E+05   2.0433586E+06   8.0721528E+06   8.0721161E+06   6.1711002E+06   0.0000000E+00   0.0000000E+00   0.0000000E+00   0.0000000E+00
   5.0562307E-05   8.0720470E+06   8.0720470E+06   1.0709447E+07   2.3141740E+05   2.0427911E+06   8.0720823E+06   8.0720470E+06   6.1710425E+06   0.0000000E+00   0.0000000E+00   0.0000000E+00   0.0000000E+00
   5.4334651E-05   8.0719671E+06   8.0719671E+06   1.0701117E+07   2.3136461E+05   2.0421360E+06   8.0720010E+06   8.0719671E+06   6.1709760E+06   0.0000000E+00   0.0000000E+00   0.0000000E+00   0.0000000E+00
   5.8388442E-05   8.0718750E+06   8.0718750E+06   1.0691505E+07   2.3130367E+05   2.0413799E+06   8.0719070E+06   8.0718750E+06   6.1708992E+06   0.0000000E+00   0.0000000E+00   0.0000000E+00   0.0000000E+00
   6.2744677E-05   8.0717686E+06   8.0717686E+06   1.0680415E+07   2.3123332E+05   2.0405072E+06   8.0717986E+06   8.0717686E+06   6.1708106E+06   0.0000000E+00   0.0000000E+00   0.0000000E+00   0.0000000E+00
   6.7425921E-05   8.0716458E+06   8.0716458E+06   1.0667624E+07   2.3115213E+05   2.0395000E+06   8.0716734E+06   8.0716458E+06   6.1707082E+06   0.0000000E+00   0.0000000E+00   0.0000000E+00   0.0000000E+00
   7.2456422E-05   8.0715040E+06   8.0715040E+06   1.0652870E+07   2.3105841E+05   2.0383378E+06   8.0715289E+06   8.0715040E+06   6.1705901E+06   0.0000000E+00   0.0000000E+00   0.0000000E+00   0.0000000E+00
   7.7862238E-05   8.0713404E+06   8.0713404E+06   1.0635857E+07   2.3095026E+05   2.0369967E+06   8.0713621E+06   8.0713404E+06   6.1704537E+06   0.0000000E+00   0.0000000E+00   0.0000000E+00   0.0000000E+00
   8.3671371E-05   8.0711515E+06   8.0711515E+06   1.0616244E+07   2.3082545E+05   2.0354496E+06   8.0711696E+06   8.0711515E+06   6.1702964E+06   0.0000000E+00   0.0000000E+00   0.0000000E+00   0.0000000E+00
   8.9913910E-05   8.0709336E+06   8.0709336E+06   1.0593639E+07   2.3068144E+05   2.0336648E+06   8.0709475E+06   8.0709336E+06   6.1701148E+06   0.0000000E+00   0.0000000E+00   0.0000000E+00   0.0000000E+00
   9.6622192E-05   8.0706820E+06   8.0706820E+06   1.0567592E+07   2.3051530E+05   2.0316064E+06   8.0706911E+06   8.0706820E+06   6.1699053E+06   0.0000000E+00   0.0000000E+00   0.0000000E+00   0.0000000E+00
   1.0383096E-04   8.0703918E+06   8.0703918E+06   1.0537591E+07   2.3032365E+05   2.0292328E+06   8.0703953E+06   8.0703918E+06   6.1696636E+06   0.0000000E+00   0.0000000E+00   0.0000000E+00   0.0000000E+00
   1.1157757E-04   8.0700570E+06   8.0700570E+06   1.0503048E+07   2.3010261E+05   2.0264963E+06   8.0700540E+06   8.0700570E+06   6.1693848E+06   0.0000000E+00   0.0000000E+00   0.0000000E+00   0.0000000E+00
   1.1990213E-04   8.0696707E+06   8.0696707E+06   1.0463295E+07   2.2984773E+05   2.0233424E+06   8.0696603E+06   8.0696707E+06   6.1690633E+06   0.0000000E+00   0.0000000E+00   0.0000000E+00   0.0000000E+00
   1.2884776E-04   8.0692252E+06   8.0692252E+06   1.0417569E+07   2.2955388E+05   2.0197083E+06   8.0692062E+06   8.0692252E+06   6.1686925E+06   0.0000000E+00   0.0000000E+00   0.0000000E+00   0.0000000E+00
   1.3846082E-04   8.0687115E+06   8.0687115E+06   1.0365007E+07   2.2921520E+05   2.0155224E+06   8.0686825E+06   8.0687115E+06   6.1682651E+06   0.0000000E+00   0.0000000E+00   0.0000000E+00   0.0000000E+00
   1.4879108E-04   8.0681193E+06   8.0681193E+06   1.0304628E+07   2.2882497E+05   2.0107028E+06   8.0680788E+06   8.0681193E+06   6.1677725E+06   0.0000000E+00   0.0000000E+00   0.0000000E+00   0.0000000E+00
   1.5989206E-04   8.0674366E+06   8.0674366E+06   1.0235326E+07   2.2837549E+05   2.0051561E+06   8.0673830E+06   8.0674366E+06   6.1672049E+06   0.0000000E+00   0.0000000E+00   0.0000000E+00   0.0000000E+00
   1.7182125E-04   8.0666501E+06   8.0666501E+06   1.0155859E+07   2.2785798E+05   1.9987760E+06   8.0665812E+06   8.0666501E+06   6.1665511E+06   0.0000000E+00   0.0000000E+00   0.0000000E+00   0.0000000E+00
   1.8464046E-04   8.0657440E+06   8.0657440E+06   1.0064836E+07   2.2726240E+05   1.9914418E+06   8.0656576E+06   8.0657440E+06   6.1657984E+06   0.0000000E+00   0.0000000E+00   0.0000000E+00   0.0000000E+00
   1.9841609E-04   8.0647008E+06   8.0647008E+06   9.9607071E+06   2.2657733E+05   1.9830165E+06   8.0645942E+06   8.0647008E+06   6.1649323E+06   0.0000000E+00   0.0000000E+00   0.0000000E+00   0.0000000E+00
   2.1321948E-04   8.0635001E+06   8.0635001E+06   9.8417617E+06   2.2578983E+05   1.9733458E+06   8.0633702E+06   8.0635001E+06   6.1639360E+06   0.0000000E+00   0.0000000E+00   0.0000000E+00   0.0000000E+00
   2.2912733E-04   8.0621189E+06   8.0621189E+06   9.7061220E+06   2.2488519E+05   1.9622560E+06   8.0619622E+06   8.0621189E+06   6.1627908E+06   0.0000000E+00   0.0000000E+00   0.0000000E+00   0.0000000E+00
   2.4622202E-04   8.0605310E+06   8.0605310E+06   9.5517492E+06   2.2384685E+05   1.9495523E+06   8.0603434E+06   8.0605310E+06   6.1614754E+06   0.0000000E+00   0.0000000E+00   0.0000000E+00   0.0000000E+00
   2.6459211E-04   8.0587067E+06   8.0587067E+06   9.3764567E+06   2.2265614E+05   1.9350180E+06   8.0584836E+06   8.0587067E+06   6.1599656E+06   0.0000000E+00   0.0000000E+00   0.0000000E+00   0.0000000E+00
   2.8433275E-04   8.0566125E+06   8.0566125E+06   9.1779360E+06   2.2129218E+05   1.9184132E+06   8.0563485E+06   8.0566125E+06   6.1582343E+06   0.0000000E+00   0.0000000E+00   0.0000000E+00   0.0000000E+00
   3.0554620E-04   8.0542105E+06   8.0542105E+06   8.9537985E+06   2.1973170E+05   1.8994741E+06   8.0538997E+06   8.0542105E+06   6.1562512E+06   0.0000000E+00   0.0000000E+00   0.0000000E+00   0.0000000E+00
   3.2834234E-04   8.0514584E+06   8.0514584E+06   8.7016396E+06   2.1794893E+05   1.8779138E+06   8.0510937E+06   8.0514584E+06   6.1539825E+06   0.0000000E+00   0.0000000E+00   0.0000000E+00   0.0000000E+00
   3.5283925E-04   8.0483090E+06   8.0483090E+06   8.4191297E+06   2.1591556E+05   1.8534233E+06   8.0478825E+06   8.0483090E+06   6.1513907E+06   0.0000000E+00   0.0000000E+00   0.0000000E+00   0.0000000E+00
   3.7916382E-04   8.0447097E+06   8.0447097E+06   8.1041382E+06   2.1360076E+05   1.8256745E+06   8.0442123E+06   8.0447097E+06   6.1484344E+06   0.0000000E+00   0.0000000E+00   0.0000000E+00   0.0000000E+00
   4.0745240E-04   8.0406026E+06   8.0406026E+06   7.7548981E+06   2.1097130E+05   1.7943254E+06   8.0400241E+06   8.0406026E+06   6.1450688E+06   0.0000000E+00   0.0000000E+00   0.0000000E+00   0.0000000E+00
   4.3785154E-04   8.0359244E+06   8.0359244E+06   7.3702145E+06   2.0799192E+05   1.7590275E+06   8.0352532E+06   8.0359244E+06   6.1412451E+06   0.0000000E+00   0.0000000E+00   0.0000000E+00   0.0000000E+00
   4.7051870E-04   8.0306067E+06   8.0306067E+06   6.9497221E+06   2.0462577E+05   1.7194362E+06   8.0298296E+06   8.0306067E+06   6.1369114E+06   0.0000000E+00   0.0000000E+00   0.0000000E+00   0.0000000E+00
   5.0562307E-04   8.0245757E+06   8.0245757E+06   6.4941888E+06   2.0083522E+05   1.6752257E+06   8.0236781E+06   8.0245757E+06   6.1320133E+06   0.0000000E+00   0.0000000E+00   0.0000000E+00   0.0000000E+00
   5.4334651E-04   8.0177540E+06   8.0177540E+06   6.0058572E+06   1.9658295E+05   1.6261077E+06   8.0167192E+06   8.0177540E+06   6.1264941E+06   0.0000000E+00   0.0000000E+00   0.0000000E+00   0.0000000E+00
   5.8388442E-04   8.0100607E+06   8.0100607E+06   5.4888026E+06   1.9183346E+05   1.5718551E+06   8.0088703E+06   8.0100607E+06   6.1202971E+06   0.0000000E+00   0.0000000E+00   0.0000000E+00   0.0000000E+00
   6.2744677E-04   8.0014135E+06   8.0014135E+06   4.9492709E+06   1.8655497E+05   1.5123301E+06   8.0000471E+06   8.0014135E+06   6.1133663E+06   0.0000000E+00   0.0000000E+00   0.0000000E+00   0.0000000E+00
   6.7425921E-04   7.9917308E+06   7.9917308E+06   4.3959378E+06   1.8072186E+05   1.4475171E+06   7.9901658E+06   7.9917308E+06   6.1056489E+06   0.0000000E+00   0.0000000E+00   0.0000000E+00   0.0000000E+00
   7.2456422E-04   7.9809343E+06   7.9809343E+06   3.8400042E+06   1.7431751E+05   1.3775576E+06   7.9791462E+06   7.9809343E+06   6.0970978E+06   0.0000000E+00   0.0000000E+00   0.0000000E+00   0.0000000E+00
   7.7862238E-04   7.9689523E+06   7.9689523E+06   3.2950224E+06   1.6733758E+05   1.3027856E+06   7.9669144E+06   7.9689523E+06   6.0876739E+06   0.0000000E+00   0.0000000E+00   0.0000000E+00   0.0000000E+00
   8.3671371E-04   7.9557229E+06   7.9557229E+06   2.7763264E+06   1.5979349E+05   1.2237576E+06   7.9534068E+06   7.9557229E+06   6.0773494E+06   0.0000000E+00   0.0000000E+00   0.0000000E+00   0.0000000E+00
   8.9913910E-04   7.9411985E+06   7.9411985E+06   2.2999514E+06   1.5171588E+05   1.1412734E+06   7.9385741E+06   7.9411985E+06   6.0661096E+06   0.0000000E+00   0.0000000E+00   0.0000000E+00   0.0000000E+00
   9.6622192E-04   7.9253487E+06   7.9253487E+06   1.8809733E+06   1.4315755E+05   1.0563780E+06   7.9223846E+06   7.9253487E+06   6.0539554E+06   0.0000000E+00   0.0000000E+00   0.0000000E+00   0.0000000E+00
   1.0383096E-03   7.9081634E+06   7.9081634E+06   1.5313141E+06   1.3419534E+05   9.7033804E+05   7.9048276E+06   7.9081634E+06   6.0409033E+06   0.0000000E+00   0.0000000E+00   0.0000000E+00   0.0000000E+00
   1.1157757E-03   7.8896537E+06   7.8896537E+06   1.2572570E+06   1.2493026E+05   8.8458588E+05   7.8859145E+06   7.8896537E+06   6.0269838E+06   0.0000000E+00   0.0000000E+00   0.0000000E+00   0.0000000E+00
   1.1990213E-03   7.8698512E+06   7.8698512E+06   1.0571854E+06   1.1548524E+05   8.0062784E+05   7.8656778E+06   7.8698512E+06   6.0122378E+06   0.0000000E+00   0.0000000E+00   0.0000000E+00   0.0000000E+00
   1.2884776E-03   7.8488038E+06   7.8488038E+06   9.2035243E+05   1.0599985E+05   7.1992134E+05   7.8441676E+06   7.8488038E+06   5.9967098E+06   0.0000000E+00   0.0000000E+00   0.0000000E+00   0.0000000E+00
   1.3846082E-03   7.8265686E+06   7.8265686E+06   8.2765508E+05   9.6622021E+04   6.4373554E+05   7.8214442E+06   7.8265686E+06   5.9804388E+06   0.0000000E+00   0.0000000E+00   0.0000000E+00   0.0000000E+00
   1.4879108E-03   7.8032011E+06   7.8032011E+06   7.5520615E+05   8.7497275E+04   5.7302130E+05   7.7975677E+06   7.8032011E+06   5.9634482E+06   0.0000000E+00   0.0000000E+00   0.0000000E+00   0.0000000E+00
   1.5989206E-03   7.7787437E+06   7.7787437E+06   6.8070029E+05   7.8756906E+04   5.0832377E+05   7.7725859E+06   7.7787437E+06   5.9457363E+06   0.0000000E+00   0.0000000E+00   0.0000000E+00   0.0000000E+00
   1.7182125E-03   7.7532130E+06   7.7532130E+06   5.9106933E+05   7.0507356E+04   4.4976832E+05   7.7465216E+06   7.7532130E+06   5.9272706E+06   0.0000000E+00   0.0000000E+00   0.0000000E+00   0.0000000E+00
   1.8464046E-03   7.7265904E+06   7.7265904E+06   4.8810635E+05   6.2823237E+04   3.9713236E+05   7.7193625E+06   7.7265904E+06   5.9079863E+06   0.0000000E+00   0.0000000E+00   0.0000000E+00   0.0000000E+00
   1.9841609E-03   7.6988178E+06   7.6988178E+06   3.8781504E+05   5.5745826E+04   3.4998379E+05   7.6910564E+06   7.6988178E+06   5.8877919E+06   0.0000000E+00   0.0000000E+00   0.0000000E+00   0.0000000E+00
   2.1321948E-03   7.6697981E+06   7.6697981E+06   3.1102867E+05   4.9287134E+04   3.0783443E+05   7.6615107E+06   7.6697981E+06   5.8665777E+06   0.0000000E+00   0.0000000E+00   0.0000000E+00   0.0000000E+00
   2.2912733E-03   7.6394009E+06   7.6394009E+06   2.6842523E+05   4.3437435E+04   2.7024657E+05   7.6305976E+06   7.6394009E+06   5.8442232E+06   0.0000000E+00   0.0000000E+00   0.0000000E+00   0.0000000E+00
   2.4622202E-03   7.6074693E+06   7.6074693E+06   2.5019878E+05   3.8172900E+04   2.3685929E+05   7.5981603E+06   7.6074693E+06   5.8206007E+06   0.0000000E+00   0.0000000E+00   0.0000000E+00   0.0000000E+00
   2.6459211E-03   7.5738254E+06   7.5738254E+06   2.3214412E+05   3.3460821E+04   2.0735363E+05   7.5640192E+06   7.5738254E+06   5.7955715E+06   0.0000000E+00   0.0000000E+00   0.0000000E+00   0.0000000E+00
   2.8433275E-03   7.5382739E+06   7.5382739E+06   1.9796322E+05   2.9262654E+04   1.8140593E+05   7.5279755E+06   7.5382739E+06   5.7689828E+06   0.0000000E+00   0.0000000E+00   0.0000000E+00   0.0000000E+00
   3.0554620E-03   7.5006052E+06   7.5006052E+06   1.5666569E+05   2.5536958E+04   1.5865828E+05   7.4898161E+06   7.5006052E+06   5.7406695E+06   0.0000000E+00   0.0000000E+00   0.0000000E+00   0.0000000E+00
   3.2834234E-03   7.4605984E+06   7.4605984E+06   1.2979422E+05   2.2242691E+04   1.3871175E+05   7.4493180E+06   7.4605984E+06   5.7104615E+06   0.0000000E+00   0.0000000E+00   0.0000000E+00   0.0000000E+00
   3.5283925E-03   7.4180235E+06   7.4180235E+06   1.1892620E+05   1.9340430E+04   1.2117567E+05   7.4062510E+06   7.4180235E+06   5.6781885E+06   0.0000000E+00   0.0000000E+00   0.0000000E+00   0.0000000E+00
   3.7916382E-03   7.3726415E+06   7.3726415E+06   1.0368367E+05   1.6790876E+04   1.0577671E+05   7.3603778E+06   7.3726415E+06   5.6436768E+06   0.0000000E+00   0.0000000E+00   0.0000000E+00   0.0000000E+00
   4.0745240E-03   7.3242056E+06   7.3242056E+06   8.1059918E+04   1.4555268E+04   9.2354488E+04   7.3114549E+06   7.3242056E+06   5.6067458E+06   0.0000000E+00   0.0000000E+00   0.0000000E+00   0.0000000E+00
   4.3785154E-03   7.2724654E+06   7.2724654E+06   7.0567575E+04   1.2599229E+04   8.0652063E+04   7.2592357E+06   7.2724654E+06   5.5672124E+06   0.0000000E+00   0.0000000E+00   0.0000000E+00   0.0000000E+00
   4.7051870E-03   7.2171678E+06   7.2171678E+06   6.6546230E+04   1.0892523E+04   7.0338668E+04   7.2034728E+06   7.2171678E+06   5.5248944E+06   0.0000000E+00   0.0000000E+00   0.0000000E+00   0.0000000E+00
   5.0562307E-03   7.1580573E+06   7.1580573E+06   5.2395003E+04   9.4051072E+03   6.1335086E+04   7.1439180E+06   7.1580573E+06   5.4796080E+06   0.0000000E+00   0.0000000E+00   0.0000000E+00   0.0000000E+00
   5.4334651E-03   7.0948794E+06   7.0948794E+06   4.4555720E+04   8.1101811E+03   5.3546317E+04   7.0803241E+06   7.0948794E+06   5.4311694E+06   0.0000000E+00   0.0000000E+00   0.0000000E+00   0.0000000E+00
   5.8388442E-03   7.0273820E+06   7.0273820E+06   4.0094459E+04   6.9856947E+03   4.6673140E+04   7.0124413E+06   7.0273820E+06   5.3793933E+06   0.0000000E+00   0.0000000E+00   0.0000000E+00   0.0000000E+00
   6.2744677E-03   6.9553131E+06   6.9553131E+06   3.1612923E+04   6.0098354E+03   4.0718925E+04   6.9400119E+06   6.9553131E+06   5.3240870E+06   0.0000000E+00   0.0000000E+00   0.0000000E+00   0.0000000E+00
   6.7425921E-03   6.8784153E+06   6.8784153E+06   2.9969401E+04   5.1643000E+03   3.5476790E+04   6.8627751E+06   6.8784153E+06   5.2650552E+06   0.0000000E+00   0.0000000E+00   0.0000000E+00   0.0000000E+00
   7.2456422E-03   6.7964261E+06   6.7964261E+06   2.2801822E+04   4.4322035E+03   3.0906365E+04   6.7804781E+06   6.7964261E+06   5.2021084E+06   0.0000000E+00   0.0000000E+00   0.0000000E+00   0.0000000E+00
   7.7862238E-03   6.7090848E+06   6.7090848E+06   2.1425136E+04   3.7991053E+03   2.6918381E+04   6.6928744E+06   6.7090848E+06   5.1350613E+06   0.0000000E+00   0.0000000E+00   0.0000000E+00   0.0000000E+00
   8.3671371E-03   6.6161366E+06   6.6161366E+06   1.6911181E+04   3.2523746E+03   2.3445622E+04   6.5997068E+06   6.6161366E+06   5.0637200E+06   0.0000000E+00   0.0000000E+00   0.0000000E+00   0.0000000E+00
   8.9913910E-03   6.5173277E+06   6.5173277E+06   1.4980368E+04   2.7807362E+03   2.0372337E+04   6.5007141E+06   6.5173277E+06   4.9878873E+06   0.0000000E+00   0.0000000E+00   0.0000000E+00   0.0000000E+00
   9.6622192E-03   6.4124001E+06   6.4124001E+06   1.3003965E+04   2.3740363E+03   1.7729505E+04   6.3956457E+06   6.4124001E+06   4.9073734E+06   0.0000000E+00   0.0000000E+00   0.0000000E+00   0.0000000E+00
   1.0383096E-02   6.3010974E+06   6.3010974E+06   1.0324333E+04   2.0239447E+03   1.5394761E+04   6.2842509E+06   6.3010974E+06   4.8219886E+06   0.0000000E+00   0.0000000E+00   0.0000000E+00   0.0000000E+00
   1.1157757E-02   6.1831721E+06   6.1831721E+06   8.8024982E+03   1.7228398E+03   1.3343977E+04   6.1662797E+06   6.1831721E+06   4.7315430E+06   0.0000000E+00   0.0000000E+00   0.0000000E+00   0.0000000E+00
   1.1990213E-02   6.0583851E+06   6.0583851E+06   7.8995818E+03   1.4641062E+03   1.1560351E+04   6.0414943E+06   6.0583851E+06   4.6358561E+06   0.0000000E+00   0.0000000E+00   0.0000000E+00   0.0000000E+00
   1.2884776E-02   5.9265090E+06   5.9265090E+06   6.7361341E+03   1.2420388E+03   1.0008260E+04   5.9096719E+06   5.9265090E+06   4.5347584E+06   0.0000000E+00   0.0000000E+00   0.0000000E+00   0.0000000E+00
   1.3846082E-02   5.7873425E+06   5.7873425E+06   5.7234519E+03   1.0517072E+03   8.6482069E+03   5.7706088E+06   5.7873425E+06   4.4280951E+06   0.0000000E+00   0.0000000E+00   0.0000000E+00   0.0000000E+00
   1.4879108E-02   5.6407161E+06   5.6407161E+06   4.7860278E+03   8.8874108E+02   7.4573288E+03   5.6241364E+06   5.6407161E+06   4.3157380E+06   0.0000000E+00   0.0000000E+00   0.0000000E+00   0.0000000E+00
   1.5989206E-02   5.4865095E+06   5.4865095E+06   4.0111238E+03   7.4943010E+02   6.4149742E+03   5.4701365E+06   5.4865095E+06   4.1975975E+06   0.0000000E+00   0.0000000E+00   0.0000000E+00   0.0000000E+00
   1.7182125E-02   5.3246734E+06   5.3246734E+06   3.2665758E+03   6.3048778E+02   5.5066792E+03   5.3085577E+06   5.3246734E+06   4.0736350E+06   0.0000000E+00   0.0000000E+00   0.0000000E+00   0.0000000E+00
   1.8464046E-02   5.1552519E+06   5.1552519E+06   2.6243032E+03   5.2911337E+02   4.7203121E+03   5.1394442E+06   5.1552519E+06   3.9438854E+06   0.0000000E+00   0.0000000E+00   0.0000000E+00   0.0000000E+00
   1.9841608E-02   4.9784174E+06   4.9784174E+06   2.2987487E+03   4.4286445E+02   4.0348865E+03   4.9629672E+06   4.9784174E+06   3.8084806E+06   0.0000000E+00   0.0000000E+00   0.0000000E+00   0.0000000E+00
   2.1321945E-02   4.7945068E+06   4.7945068E+06   1.8940363E+03   3.6964323E+02   3.4317565E+03   4.7794612E+06   4.7945068E+06   3.6676780E+06   0.0000000E+00   0.0000000E+00   0.0000000E+00   0.0000000E+00
   2.2912714E-02   4.6040656E+06   4.6040656E+06   1.5821051E+03   3.0761336E+02   2.9182721E+03   4.5894698E+06   4.6040656E+06   3.5218953E+06   0.0000000E+00   0.0000000E+00   0.0000000E+00   0.0000000E+00
   2.4622104E-02   4.4078978E+06   4.4078978E+06   1.2676611E+03   2.5521144E+02   2.4674285E+03   4.3937923E+06   4.4078978E+06   3.3717464E+06   0.0000000E+00   0.0000000E+00   0.0000000E+00   0.0000000E+00
   2.6458763E-02   4.2071209E+06   4.2071209E+06   1.0778514E+03   2.1107817E+02   2.0797780E+03   4.1935419E+06   4.2071209E+06   3.2180857E+06   0.0000000E+00   0.0000000E+00   0.0000000E+00   0.0000000E+00
   2.8431489E-02   4.0032347E+06   4.0032347E+06   8.9628634E+02   1.7404646E+02   1.7482273E+03   3.9902119E+06   4.0032347E+06   3.0620598E+06   0.0000000E+00   0.0000000E+00   0.0000000E+00   0.0000000E+00
   3.0548350E-02   3.7982082E+06   3.7982082E+06   7.2458818E+02   1.4311672E+02   1.4647217E+03   3.7857638E+06   3.7982082E+06   2.9051740E+06   0.0000000E+00   0.0000000E+00   0.0000000E+00   0.0000000E+00
   3.2814711E-02   3.5945881E+06   3.5945881E+06   5.7773702E+02   1.1743868E+02   1.2252140E+03   3.5827342E+06   3.5945881E+06   2.7493753E+06   0.0000000E+00   0.0000000E+00   0.0000000E+00   0.0000000E+00
   3.5229679E-02   3.3955832E+06   3.3955832E+06   4.9672010E+02   9.6291522E+01   1.0232001E+03   3.3843196E+06   3.3955832E+06   2.5971170E+06   0.0000000E+00   0.0000000E+00   0.0000000E+00   0.0000000E+00
   3.7781362E-02   3.2049937E+06   3.2049937E+06   3.8985633E+02   7.9055745E+01   8.5351788E+02   3.1943063E+06   3.2049937E+06   2.4513047E+06   0.0000000E+00   0.0000000E+00   0.0000000E+00   0.0000000E+00
   4.0443389E-02   3.0267861E+06   3.0267861E+06   3.3783710E+02   6.5177277E+01   7.1541988E+02   3.0166459E+06   3.0267861E+06   2.3149711E+06   0.0000000E+00   0.0000000E+00   0.0000000E+00   0.0000000E+00
   4.3176944E-02   2.8642482E+06   2.8642482E+06   2.7119881E+02   5.4130460E+01   6.0393826E+02   2.8546134E+06   2.8642482E+06   2.1906297E+06   0.0000000E+00   0.0000000E+00   0.0000000E+00   0.0000000E+00
   4.5940092E-02   2.7190824E+06   2.7190824E+06   2.2264321E+02   4.5402601E+01   5.1293477E+02   2.7099036E+06   2.7190824E+06   2.0795811E+06   0.0000000E+00   0.0000000E+00   0.0000000E+00   0.0000000E+00
   4.8699361E-02   2.5910491E+06   2.5910491E+06   1.9619572E+02   3.8508690E+01   4.4040855E+02   2.5822758E+06   2.5910491E+06   1.9816408E+06   0.0000000E+00   0.0000000E+00   0.0000000E+00   0.0000000E+00
   5.1435959E-02   2.4783646E+06   2.4783646E+06   1.6861937E+02   3.3024269E+01   3.8272080E+02   2.4699508E+06   2.4783646E+06   1.8954436E+06   0.0000000E+00   0.0000000E+00   0.0000000E+00   0.0000000E+00
   5.4144757E-02   2.3784529E+06   2.3784529E+06   1.4061405E+02   2.8605137E+01   3.3484949E+02   2.3703598E+06   2.3784529E+06   1.8190182E+06   0.0000000E+00   0.0000000E+00   0.0000000E+00   0.0000000E+00
   5.6829727E-02   2.2885814E+06   2.2885814E+06   1.2609978E+02   2.4987922E+01   2.9502701E+02   2.2807786E+06   2.2885814E+06   1.7502741E+06   0.0000000E+00   0.0000000E+00   0.0000000E+00   0.0000000E+00
   5.9499525E-02   2.2062245E+06   2.2062245E+06   1.1153293E+02   2.1977735E+01   2.6231187E+02   2.1986892E+06   2.2062245E+06   1.6872792E+06   0.0000000E+00   0.0000000E+00   0.0000000E+00   0.0000000E+00
   6.2164564E-02   2.1292141E+06   2.1292141E+06   9.5631746E+01   1.9432855E+01   2.3362556E+02   2.1219304E+06   2.1292141E+06   1.6283748E+06   0.0000000E+00   0.0000000E+00   0.0000000E+00   0.0000000E+00
   6.4835441E-02   2.0557786E+06   2.0557786E+06   8.8062322E+01   1.7250209E+01   2.0899457E+02   2.0487362E+06   2.0557786E+06   1.5722058E+06   0.0000000E+00   0.0000000E+00   0.0000000E+00   0.0000000E+00
   6.7522224E-02   1.9845376E+06   1.9845376E+06   7.6067127E+01   1.5354908E+01   1.8769296E+02   1.9777305E+06   1.9845376E+06   1.5177162E+06   0.0000000E+00   0.0000000E+00   0.0000000E+00   0.0000000E+00
   7.0234213E-02   1.9144838E+06   1.9144838E+06   6.7937438E+01   1.3692233E+01   1.6809220E+02   1.9079094E+06   1.9144838E+06   1.4641356E+06   0.0000000E+00   0.0000000E+00   0.0000000E+00   0.0000000E+00
   7.2979918E-02   1.8449633E+06   1.8449633E+06   6.2997402E+01   1.2221901E+01   1.5129406E+02   1.8386209E+06   1.8449633E+06   1.4109636E+06   0.0000000E+00   0.0000000E+00   0.0000000E+00   0.0000000E+00
   7.5767134E-02   1.7756551E+06   1.7756551E+06   5.4347686E+01   1.0914231E+01   1.3620109E+02   1.7695449E+06   1.7756551E+06   1.3579548E+06   0.0000000E+00   0.0000000E+00   0.0000000E+00   0.0000000E+00
   7.8603052E-02   1.7065463E+06   1.7065463E+06   4.7329349E+01   9.7470911E+00   1.2216192E+02   1.7006686E+06   1.7065463E+06   1.3050991E+06   0.0000000E+00   0.0000000E+00   0.0000000E+00   0.0000000E+00
   8.1494361E-02   1.6378995E+06   1.6378995E+06   4.2807889E+01   8.7037754E+00   1.0953971E+02   1.6322535E+06   1.6378995E+06   1.2525972E+06   0.0000000E+00   0.0000000E+00   0.0000000E+00   0.0000000E+00
   8.4447355E-02   1.5702069E+06   1.5702069E+06   3.8807941E+01   7.7713857E+00   9.8323799E+01   1.5647900E+06   1.5702069E+06   1.2008257E+06   0.0000000E+00   0.0000000E+00   0.0000000E+00   0.0000000E+00
   8.7468013E-02   1.5041306E+06   1.5041306E+06   3.4756289E+01   6.9396447E+00   8.8287163E+01   1.4989378E+06   1.5041306E+06   1.1502906E+06   0.0000000E+00   0.0000000E+00   0.0000000E+00   0.0000000E+00
   9.0562079E-02   1.4404264E+06   1.4404264E+06   3.0776169E+01   6.1998797E+00   7.9300123E+01   1.4354503E+06   1.4404264E+06   1.1015702E+06   0.0000000E+00   0.0000000E+00   0.0000000E+00   0.0000000E+00
   9.3735114E-02   1.3798550E+06   1.3798550E+06   2.7126043E+01   5.5442685E+00   7.1343406E+01   1.3750851E+06   1.3798550E+06   1.0552458E+06   0.0000000E+00   0.0000000E+00   0.0000000E+00   0.0000000E+00
   9.6992552E-02   1.3230837E+06   1.3230837E+06   2.4512155E+01   4.9653673E+00   6.4341128E+01   1.3185072E+06   1.3230837E+06   1.0118278E+06   0.0000000E+00   0.0000000E+00   0.0000000E+00   0.0000000E+00
   1.0033974E-01   1.2705890E+06   1.2705890E+06   2.2741968E+01   4.4557491E+00   5.7946303E+01   1.2661916E+06   1.2705890E+06   9.7168071E+05   0.0000000E+00   0.0000000E+00   0.0000000E+00   0.0000000E+00
   1.0378196E-01   1.2225705E+06   1.2225705E+06   1.9771262E+01   4.0078007E+00   5.2285431E+01   1.2183372E+06   1.2225705E+06   9.3495706E+05   0.0000000E+00   0.0000000E+00   0.0000000E+00   0.0000000E+00
   1.0732447E-01   1.1788901E+06   1.1788901E+06   1.8145747E+01   3.6137715E+00   4.7485349E+01   1.1748060E+06   1.1788901E+06   9.0155112E+05   0.0000000E+00   0.0000000E+00   0.0000000E+00   0.0000000E+00
   1.1097254E-01   1.1390495E+06   1.1390495E+06   1.6142081E+01   3.2658855E+00   4.2983145E+01   1.1351016E+06   1.1390495E+06   8.7108186E+05   0.0000000E+00   0.0000000E+00   0.0000000E+00   0.0000000E+00
   1.1473142E-01   1.1022194E+06   1.1022194E+06   1.5080976E+01   2.9566113E+00   3.9136533E+01   1.0983974E+06   1.1022194E+06   8.4291495E+05   0.0000000E+00   0.0000000E+00   0.0000000E+00   0.0000000E+00
   1.1860639E-01   1.0673247E+06   1.0673247E+06   1.3467851E+01   2.6789946E+00   3.5669842E+01   1.0636222E+06   1.0673247E+06   8.1622835E+05   0.0000000E+00   0.0000000E+00   0.0000000E+00   0.0000000E+00
   1.2260278E-01   1.0331853E+06   1.0331853E+06   1.2115032E+01   2.4270043E+00   3.2450126E+01   1.0295998E+06   1.0331853E+06   7.9011949E+05   0.0000000E+00   0.0000000E+00   0.0000000E+00   0.0000000E+00
   1.2672596E-01   9.9869638E+05   9.9869638E+05   1.1056873E+01   2.1958383E+00   2.9472999E+01   9.9522930E+05   9.9869638E+05   7.6374346E+05   0.0000000E+00   0.0000000E+00   0.0000000E+00   0.0000000E+00
   1.3098135E-01   9.6302307E+05   9.6302307E+05   1.0076519E+01   1.9821022E+00   2.6655884E+01   9.5967867E+05   9.6302307E+05   7.3646178E+05   0.0000000E+00   0.0000000E+00   0.0000000E+00   0.0000000E+00
   1.3537441E-01   9.2577145E+05   9.2577145E+05   8.7795297E+00   1.7838316E+00   2.4050551E+01   9.2255536E+05   9.2577145E+05   7.0797322E+05   0.0000000E+00   0.0000000E+00   0.0000000E+00   0.0000000E+00
   1.3991069E-01   8.8709367E+05   8.8709367E+05   8.0681901E+00   1.6003333E+00   2.1725872E+01   8.8401099E+05   8.8709367E+05   6.7839413E+05   0.0000000E+00   0.0000000E+00   0.0000000E+00   0.0000000E+00
   1.4459580E-01   8.4768874E+05   8.4768874E+05   7.0180239E+00   1.4318271E+00   1.9464669E+01   8.4474214E+05   8.4768874E+05   6.4825906E+05   0.0000000E+00   0.0000000E+00   0.0000000E+00   0.0000000E+00
   1.4943541E-01   8.0867727E+05   8.0867727E+05   6.4044028E+00   1.2789597E+00   1.7428295E+01   8.0586550E+05   8.0867727E+05   6.1842497E+05   0.0000000E+00   0.0000000E+00   0.0000000E+00   0.0000000E+00
   1.5443528E-01   7.7135653E+05   7.7135653E+05   5.7729576E+00   1.1422761E+00   1.5631616E+01   7.6867383E+05   7.7135653E+05   5.8988393E+05   0.0000000E+00   0.0000000E+00   0.0000000E+00   0.0000000E+00
   1.5960125E-01   7.3687863E+05   7.3687863E+05   5.1563304E+00   1.0217554E+00   1.4020240E+01   7.3431521E+05   7.3687863E+05   5.6351698E+05   0.0000000E+00   0.0000000E+00   0.0000000E+00   0.0000000E+00
   1.6493927E-01   7.0592895E+05   7.0592895E+05   4.5174767E+00   9.1652387E-01   1.2618482E+01   7.0347264E+05   7.0592895E+05   5.3984826E+05   0.0000000E+00   0.0000000E+00   0.0000000E+00   0.0000000E+00
   1.7045537E-01   6.7850189E+05   6.7850189E+05   4.1371827E+00   8.2482230E-01   1.1424748E+01   6.7614049E+05   6.7850189E+05   5.1887346E+05   0.0000000E+00   0.0000000E+00   0.0000000E+00   0.0000000E+00
   1.7615571E-01   6.5386278E+05   6.5386278E+05   3.6568601E+00   7.4424985E-01   1.0319985E+01   6.5158667E+05   6.5386278E+05   5.0003075E+05   0.0000000E+00   0.0000000E+00   0.0000000E+00   0.0000000E+00
   1.8204657E-01   6.3074134E+05   6.3074134E+05   3.3456509E+00   6.7221200E-01   9.3384985E+00   6.2854529E+05   6.3074134E+05   4.8234870E+05   0.0000000E+00   0.0000000E+00   0.0000000E+00   0.0000000E+00
   1.8813441E-01   6.0772703E+05   6.0772703E+05   3.0155404E+00   6.0644212E-01   8.4517835E+00   6.0561072E+05   6.0772703E+05   4.6474861E+05   0.0000000E+00   0.0000000E+00   0.0000000E+00   0.0000000E+00
   1.9442582E-01   5.8375150E+05   5.8375150E+05   2.6937105E+00   5.4543248E-01   7.6296757E+00   5.8171833E+05   5.8375150E+05   4.4641349E+05   0.0000000E+00   0.0000000E+00   0.0000000E+00   0.0000000E+00
   2.0092763E-01   5.5848239E+05   5.5848239E+05   2.4370363E+00   4.8860923E-01   6.8694717E+00   5.5653692E+05   5.5848239E+05   4.2708916E+05   0.0000000E+00   0.0000000E+00   0.0000000E+00   0.0000000E+00
   2.0764687E-01   5.3245320E+05   5.3245320E+05   2.1558509E+00   4.3619203E-01   6.1301136E+00   5.3059812E+05   5.3245320E+05   4.0718360E+05   0.0000000E+00   0.0000000E+00   0.0000000E+00   0.0000000E+00
   2.1459086E-01   5.0683697E+05   5.0683697E+05   1.9399686E+00   3.8878430E-01   5.4767747E+00   5.0507088E+05   5.0683697E+05   3.8759388E+05   0.0000000E+00   0.0000000E+00   0.0000000E+00   0.0000000E+00
   2.2176722E-01   4.8292210E+05   4.8292210E+05   1.7208678E+00   3.4686186E-01   4.8996010E+00   4.8123912E+05   4.8292210E+05   3.6930528E+05   0.0000000E+00   0.0000000E+00   0.0000000E+00   0.0000000E+00
   2.2918395E-01   4.6150707E+05   4.6150707E+05   1.5368442E+00   3.1037584E-01   4.4081301E+00   4.5989852E+05   4.6150707E+05   3.5292840E+05   0.0000000E+00   0.0000000E+00   0.0000000E+00   0.0000000E+00
   2.3684944E-01   4.4251154E+05   4.4251154E+05   1.3920229E+00   2.7864751E-01   3.9583316E+00   4.4096901E+05   4.4251154E+05   3.3840181E+05   0.0000000E+00   0.0000000E+00   0.0000000E+00   0.0000000E+00
   2.4477261E-01   4.2503213E+05   4.2503213E+05   1.2555283E+00   2.5059153E-01   3.5742781E+00   4.2355035E+05   4.2503213E+05   3.2503465E+05   0.0000000E+00   0.0000000E+00   0.0000000E+00   0.0000000E+00
   2.5296291E-01   4.0785113E+05   4.0785113E+05   1.1289088E+00   2.2514163E-01   3.2180067E+00   4.0642910E+05   4.0785113E+05   3.1189572E+05   0.0000000E+00   0.0000000E+00   0.0000000E+00   0.0000000E+00
   2.6143045E-01   3.9013419E+05   3.9013419E+05   1.0012370E+00   2.0163843E-01   2.8847257E+00   3.8877380E+05   3.9013419E+05   2.9834696E+05   0.0000000E+00   0.0000000E+00   0.0000000E+00   0.0000000E+00
   2.7018611E-01   3.7189688E+05   3.7189688E+05   9.0132149E-01   1.7996046E-01   2.5842130E+00   3.7059996E+05   3.7189688E+05   2.8440026E+05   0.0000000E+00   0.0000000E+00   0.0000000E+00   0.0000000E+00
   2.7924163E-01   3.5392189E+05   3.5392189E+05   8.0066403E-01   1.6033848E-01   2.3080468E+00   3.5268755E+05   3.5392189E+05   2.7065419E+05   0.0000000E+00   0.0000000E+00   0.0000000E+00   0.0000000E+00
   2.8860974E-01   3.3715749E+05   3.3715749E+05   7.1538721E-01   1.4299059E-01   2.0610175E+00   3.3598151E+05   3.3715749E+05   2.5783390E+05   0.0000000E+00   0.0000000E+00   0.0000000E+00   0.0000000E+00
   2.9830435E-01   3.2201323E+05   3.2201323E+05   6.3334766E-01   1.2783561E-01   1.8478351E+00   3.2088999E+05   3.2201323E+05   2.4625259E+05   0.0000000E+00   0.0000000E+00   0.0000000E+00   0.0000000E+00
   3.0834068E-01   3.0808817E+05   3.0808817E+05   5.6727520E-01   1.1447430E-01   1.6573589E+00   3.0701342E+05   3.0808817E+05   2.3560364E+05   0.0000000E+00   0.0000000E+00   0.0000000E+00   0.0000000E+00
   3.1873551E-01   2.9455706E+05   2.9455706E+05   5.0976837E-01   1.0242399E-01   1.4847203E+00   2.9352944E+05   2.9455706E+05   2.2525597E+05   0.0000000E+00   0.0000000E+00   0.0000000E+00   0.0000000E+00
   3.2950741E-01   2.8089106E+05   2.8089106E+05   4.5451272E-01   9.1391194E-02   1.3280108E+00   2.7991105E+05   2.8089106E+05   2.1480515E+05   0.0000000E+00   0.0000000E+00   0.0000000E+00   0.0000000E+00
   3.4067703E-01   2.6726595E+05   2.6726595E+05   4.0479118E-01   8.1350626E-02   1.1839982E+00   2.6633342E+05   2.6726595E+05   2.0438561E+05   0.0000000E+00   0.0000000E+00   0.0000000E+00   0.0000000E+00
   3.5226744E-01   2.5427751E+05   2.5427751E+05   3.5990837E-01   7.2388613E-02   1.0570723E+00   2.5339025E+05   2.5427751E+05   1.9445296E+05   0.0000000E+00   0.0000000E+00   0.0000000E+00   0.0000000E+00
   3.6430455E-01   2.4226697E+05   2.4226697E+05   3.2036240E-01   6.4487134E-02   9.4238041E-01   2.4142157E+05   2.4226697E+05   1.8526814E+05   0.0000000E+00   0.0000000E+00   0.0000000E+00   0.0000000E+00
   3.7681760E-01   2.3098291E+05   2.3098291E+05   2.8617256E-01   5.7467794E-02   8.4058433E-01   2.3017685E+05   2.3098291E+05   1.7663888E+05   0.0000000E+00   0.0000000E+00   0.0000000E+00   0.0000000E+00
   3.8983978E-01   2.1993962E+05   2.1993962E+05   2.5410510E-01   5.1125655E-02   7.4997791E-01   2.1917206E+05   2.1993962E+05   1.6819375E+05   0.0000000E+00   0.0000000E+00   0.0000000E+00   0.0000000E+00
   4.0340897E-01   2.0900504E+05   2.0900504E+05   2.2596054E-01   4.5370824E-02   6.6650417E-01   2.0827560E+05   2.0900504E+05   1.5983175E+05   0.0000000E+00   0.0000000E+00   0.0000000E+00   0.0000000E+00
   4.1756862E-01   1.9846604E+05   1.9846604E+05   2.0023709E-01   4.0211069E-02   5.9140759E-01   1.9777336E+05   1.9846604E+05   1.5177228E+05   0.0000000E+00   0.0000000E+00   0.0000000E+00   0.0000000E+00
   4.3236897E-01   1.8853118E+05   1.8853118E+05   1.7703807E-01   3.5627877E-02   5.2453748E-01   1.8787314E+05   1.8853118E+05   1.4417481E+05   0.0000000E+00   0.0000000E+00   0.0000000E+00   0.0000000E+00
   4.4786837E-01   1.7902822E+05   1.7902822E+05   1.5690133E-01   3.1530846E-02   4.6568998E-01   1.7840332E+05   1.7902822E+05   1.3690762E+05   0.0000000E+00   0.0000000E+00   0.0000000E+00   0.0000000E+00
   4.6413518E-01   1.6972460E+05   1.6972460E+05   1.3845698E-01   2.7833809E-02   4.1163942E-01   1.6913215E+05   1.6972460E+05   1.2979288E+05   0.0000000E+00   0.0000000E+00   0.0000000E+00   0.0000000E+00
   4.8125000E-01   1.6067726E+05   1.6067726E+05   1.2186285E-01   2.4509391E-02   3.6278343E-01   1.6011638E+05   1.6067726E+05   1.2287412E+05   0.0000000E+00   0.0000000E+00   0.0000000E+00   0.0000000E+00
   4.9930858E-01   1.5201731E+05   1.5201731E+05   1.0710005E-01   2.1541487E-02   3.1908539E-01   1.5148664E+05   1.5201731E+05   1.1625162E+05   0.0000000E+00   0.0000000E+00   0.0000000E+00   0.0000000E+00
   5.1842564E-01   1.4365594E+05   1.4365594E+05   9.3911791E-02   1.8883018E-02   2.8017188E-01   1.4315444E+05   1.4365594E+05   1.0985745E+05   0.0000000E+00   0.0000000E+00   0.0000000E+00   0.0000000E+00
   5.3873967E-01   1.3548793E+05   1.3548793E+05   8.2006604E-02   1.6491696E-02   2.4524152E-01   1.3501493E+05   1.3548793E+05   1.0361115E+05   0.0000000E+00   0.0000000E+00   0.0000000E+00   0.0000000E+00
   5.6041917E-01   1.2756558E+05   1.2756558E+05   7.1343047E-02   1.4349310E-02   2.1369564E-01   1.2712022E+05   1.2756558E+05   9.7552709E+04   0.0000000E+00   0.0000000E+00   0.0000000E+00   0.0000000E+00
   5.8367070E-01   1.1987845E+05   1.1987845E+05   6.1811821E-02   1.2431676E-02   1.8526595E-01   1.1945993E+05   1.1987845E+05   9.1674158E+04   0.0000000E+00   0.0000000E+00   0.0000000E+00   0.0000000E+00
   6.0874901E-01   1.1235814E+05   1.1235814E+05   5.3264178E-02   1.0711578E-02   1.5980060E-01   1.1196586E+05   1.1235814E+05   8.5923172E+04   0.0000000E+00   0.0000000E+00   0.0000000E+00   0.0000000E+00
   6.3596948E-01   1.0501621E+05   1.0501621E+05   4.5612582E-02   9.1729783E-03   1.3717093E-01   1.0464955E+05   1.0501621E+05   8.0308597E+04   0.0000000E+00   0.0000000E+00   0.0000000E+00   0.0000000E+00
   6.6572260E-01   9.7825303E+04   9.7825303E+04   3.8771746E-02   7.7981509E-03   1.1681467E-01   9.7483742E+04   9.7825303E+04   7.4809523E+04   0.0000000E+00   0.0000000E+00   0.0000000E+00   0.0000000E+00
   6.9848856E-01   9.0766846E+04   9.0766846E+04   3.2677269E-02   6.5725929E-03   9.8627685E-02   9.0449923E+04   9.0766846E+04   6.9411734E+04   0.0000000E+00   0.0000000E+00   0.0000000E+00   0.0000000E+00
   7.3484767E-01   8.3836081E+04   8.3836081E+04   2.7268579E-02   5.4848585E-03   8.2456620E-02   8.3543351E+04   8.3836081E+04   6.4111595E+04   0.0000000E+00   0.0000000E+00   0.0000000E+00   0.0000000E+00
   7.7547692E-01   7.7032091E+04   7.7032091E+04   2.2498167E-02   4.5254761E-03   6.8079749E-02   7.6763113E+04   7.7032091E+04   5.8908406E+04   0.0000000E+00   0.0000000E+00   0.0000000E+00   0.0000000E+00
   8.2111763E-01   7.0374845E+04   7.0374845E+04   1.8331863E-02   3.6875514E-03   5.5478269E-02   7.0129107E+04   7.0374845E+04   5.3817436E+04   0.0000000E+00   0.0000000E+00   0.0000000E+00   0.0000000E+00
   8.7249820E-01   6.3907451E+04   6.3907451E+04   1.4743790E-02   2.9658881E-03   4.4646253E-02   6.3684292E+04   6.3907451E+04   4.8871652E+04   0.0000000E+00   0.0000000E+00   0.0000000E+00   0.0000000E+00
   9.3021498E-01   5.7696277E+04   5.7696277E+04   1.1709875E-02   2.3556677E-03   3.5593683E-02   5.7494803E+04   5.7696277E+04   4.4121807E+04   0.0000000E+00   0.0000000E+00   0.0000000E+00   0.0000000E+00
   9.9461982E-01   5.1820877E+04   5.1820877E+04   9.1991307E-03   1.8506510E-03   2.7946475E-02   5.1639917E+04   5.1820877E+04   3.9628737E+04   0.0000000E+00   0.0000000E+00   0.0000000E+00   0.0000000E+00
   1.0658000E+00   4.6354877E+04   4.6354877E+04   7.1661408E-03   1.4417129E-03   2.1841211E-02   4.6193002E+04   4.6354877E+04   3.5448746E+04   0.0000000E+00   0.0000000E+00   0.0000000E+00   0.0000000E+00
   1.1436901E+00   4.1347360E+04   4.1347360E+04   5.5513053E-03   1.1167780E-03   1.6934694E-02   4.1202970E+04   4.1347360E+04   3.1619370E+04   0.0000000E+00   0.0000000E+00   0.0000000E+00   0.0000000E+00
   1.2282440E+00   3.6812719E+04   3.6812719E+04   4.2855698E-03   8.6211493E-04   1.3099176E-02   3.6684163E+04   3.6812719E+04   2.8151615E+04   0.0000000E+00   0.0000000E+00   0.0000000E+00   0.0000000E+00
   1.3195546E+00   3.2736357E+04   3.2736357E+04   3.3014491E-03   6.6422186E-04   1.0099314E-02   3.2622035E+04   3.2736357E+04   2.5034317E+04   0.0000000E+00   0.0000000E+00   0.0000000E+00   0.0000000E+00
   1.4178826E+00   2.9088063E+04   2.9088063E+04   2.5406331E-03   5.1117891E-04   7.7622805E-03   2.8986481E+04   2.9088063E+04   2.2244374E+04   0.0000000E+00   0.0000000E+00   0.0000000E+00   0.0000000E+00
   1.5236282E+00   2.5830103E+04   2.5830103E+04   1.9537168E-03   3.9310438E-04   6.0012631E-03   2.5739897E+04   2.5830103E+04   1.9752929E+04   0.0000000E+00   0.0000000E+00   0.0000000E+00   0.0000000E+00
   1.6372916E+00   2.2924687E+04   2.2924687E+04   1.5015280E-03   3.0212886E-04   4.6035001E-03   2.2844628E+04   2.2924687E+04   1.7531085E+04   0.0000000E+00   0.0000000E+00   0.0000000E+00   0.0000000E+00
   1.7594436E+00   2.0335824E+04   2.0335824E+04   1.1533955E-03   2.3208823E-04   3.5473847E-03   2.0264805E+04   2.0335824E+04   1.5551316E+04   0.0000000E+00   0.0000000E+00   0.0000000E+00   0.0000000E+00
   1.8907113E+00   1.8030713E+04   1.8030713E+04   8.8545925E-04   1.7819930E-04   2.7238435E-03   1.7967744E+04   1.8030713E+04   1.3788539E+04   0.0000000E+00   0.0000000E+00   0.0000000E+00   0.0000000E+00
   2.0317730E+00   1.5979468E+04   1.5979468E+04   6.7937858E-04   1.3675942E-04   2.0868921E-03   1.5923663E+04   1.5979468E+04   1.2219900E+04   0.0000000E+00   0.0000000E+00   0.0000000E+00   0.0000000E+00
   2.1833592E+00   1.4155273E+04   1.4155273E+04   5.2139109E-04   1.0490953E-04   1.6021354E-03   1.4105838E+04   1.4155273E+04   1.0824892E+04   0.0000000E+00   0.0000000E+00   0.0000000E+00   0.0000000E+00
   2.3462549E+00   1.2533897E+04   1.2533897E+04   3.9988872E-04   8.0442364E-05   1.2243744E-03   1.2490124E+04   1.2533897E+04   9.5849851E+03   0.0000000E+00   0.0000000E+00   0.0000000E+00   0.0000000E+00
   2.5213039E+00   1.1093581E+04   1.1093581E+04   3.0642309E-04   6.1655636E-05   9.4372558E-04   1.1054838E+04   1.1093581E+04   8.4835398E+03   0.0000000E+00   0.0000000E+00   0.0000000E+00   0.0000000E+00
   2.7094129E+00   9.8147943E+03   9.8147943E+03   2.3475279E-04   4.7237267E-05   7.2194607E-04   9.7805172E+03   9.8147943E+03   7.5056192E+03   0.0000000E+00   0.0000000E+00   0.0000000E+00   0.0000000E+00
   2.9115563E+00   8.6800023E+03   8.6800023E+03   1.7977837E-04   3.6176485E-05   5.5671127E-04   8.6496884E+03   8.6800023E+03   6.6378153E+03   0.0000000E+00   0.0000000E+00   0.0000000E+00   0.0000000E+00
   3.1287812E+00   7.6734895E+03   7.6734895E+03   1.3762659E-04   2.7695102E-05   4.2540894E-04   7.6466906E+03   7.6734895E+03   5.8681097E+03   0.0000000E+00   0.0000000E+00   0.0000000E+00   0.0000000E+00
   3.3622127E+00   6.7811824E+03   6.7811824E+03   1.0531895E-04   2.1194317E-05   3.2425209E-04   6.7574998E+03   6.7811824E+03   5.1857401E+03   0.0000000E+00   0.0000000E+00   0.0000000E+00   0.0000000E+00
   3.6130601E+00   5.9904889E+03   5.9904889E+03   8.0573262E-05   1.6213650E-05   2.5092752E-04   5.9695677E+03   5.9904889E+03   4.5810769E+03   0.0000000E+00   0.0000000E+00   0.0000000E+00   0.0000000E+00
   3.8826227E+00   5.2901513E+03   5.2901513E+03   6.1603725E-05   1.2399151E-05   1.9022757E-04   5.2716759E+03   5.2901513E+03   4.0455112E+03   0.0000000E+00   0.0000000E+00   0.0000000E+00   0.0000000E+00
   4.1722967E+00   4.6701128E+03   4.6701128E+03   4.7106442E-05   9.4788868E-06   1.4573980E-04   4.6538029E+03   4.6701128E+03   3.5713522E+03   0.0000000E+00   0.0000000E+00   0.0000000E+00   0.0000000E+00
   4.4835827E+00   4.1213967E+03   4.1213967E+03   3.5996532E-05   7.2440494E-06   1.1153003E-04   4.1070030E+03   4.1213967E+03   3.1517352E+03   0.0000000E+00   0.0000000E+00   0.0000000E+00   0.0000000E+00
   4.8180931E+00   3.6359956E+03   3.6359956E+03   2.7501348E-05   5.5343729E-06   8.4936574E-05   3.6232972E+03   3.6359956E+03   2.7805369E+03   0.0000000E+00   0.0000000E+00   0.0000000E+00   0.0000000E+00
   5.1775606E+00   3.2067725E+03   3.2067725E+03   2.1002989E-05   4.2269052E-06   6.4578047E-05   3.1955730E+03   3.2067725E+03   2.4522992E+03   0.0000000E+00   0.0000000E+00   0.0000000E+00   0.0000000E+00
   5.5638471E+00   2.8273699E+03   2.8273699E+03   1.6035881E-05   3.2273629E-06   4.9339731E-05   2.8174955E+03   2.8273699E+03   2.1621605E+03   0.0000000E+00   0.0000000E+00   0.0000000E+00   0.0000000E+00
   5.9789537E+00   2.4921287E+03   2.4921287E+03   1.2234958E-05   2.4634744E-06   3.7438540E-05   2.4834251E+03   2.4921287E+03   1.9057932E+03   0.0000000E+00   0.0000000E+00   0.0000000E+00   0.0000000E+00
   6.4250304E+00   2.1960144E+03   2.1960144E+03   9.3402734E-06   1.8798668E-06   2.8801129E-05   2.1883450E+03   2.1960144E+03   1.6793472E+03   0.0000000E+00   0.0000000E+00   0.0000000E+00   0.0000000E+00
   6.9043880E+00   1.9345510E+03   1.9345510E+03   7.1256922E-06   1.4341304E-06   2.2176527E-05   1.9277947E+03   1.9345510E+03   1.4793996E+03   0.0000000E+00   0.0000000E+00   0.0000000E+00   0.0000000E+00
   7.4195094E+00   1.7037611E+03   1.7037611E+03   5.4341779E-06   1.0937960E-06   1.6709196E-05   1.6978109E+03   1.7037611E+03   1.3029088E+03   0.0000000E+00   0.0000000E+00   0.0000000E+00   0.0000000E+00
   7.9730629E+00   1.5001127E+03   1.5001127E+03   4.1419253E-06   8.3401454E-07   1.2659890E-05   1.4948736E+03   1.5001127E+03   1.1471737E+03   0.0000000E+00   0.0000000E+00   0.0000000E+00   0.0000000E+00
   8.5679158E+00   1.3204706E+03   1.3204706E+03   3.1583611E-06   6.3577576E-07   9.5804931E-06   1.3158589E+03   1.3204706E+03   1.0097969E+03   0.0000000E+00   0.0000000E+00   0.0000000E+00   0.0000000E+00
   9.2071493E+00   1.1620534E+03   1.1620534E+03   2.4070297E-06   4.8454127E-07   7.2560567E-06   1.1579951E+03   1.1620534E+03   8.8865136E+02   0.0000000E+00   0.0000000E+00   0.0000000E+00   0.0000000E+00
   9.8940748E+00   1.0223952E+03   1.0223952E+03   1.8333877E-06   3.6919637E-07   5.5696139E-06   1.0188245E+03   1.0223952E+03   7.8185118E+02   0.0000000E+00   0.0000000E+00   0.0000000E+00   0.0000000E+00
   1.0632250E+01   8.9931003E+02   8.9931003E+02   1.3968520E-06   2.8124665E-07   4.1991012E-06   8.9616925E+02   8.9931003E+02   6.8772489E+02   0.0000000E+00   0.0000000E+00   0.0000000E+00   0.0000000E+00
