#           k/h    CDM            baryon         photon         nu             mass_nu        total          no_nu          total_de       Weyl           v_CDM          v_b            v_b-v_c     
   1.0617790E-05   2.2788152E+07   2.2788152E+07   3.0370514E+07   1.8357524E+06   2.9176816E+07   2.2788168E+07   2.2788152E+07   8.2402650E+06   0.0000000E+00   0.0000000E+00   0.0000000E+00   0.0000000E+00
   1.1409961E-05   2.2788114E+07   2.2788114E+07   3.0368345E+07   1.8357178E+06   2.9176097E+07   2.2788130E+07   2.2788114E+07   8.2402511E+06   0.0000000E+00   0.0000000E+00   0.0000000E+00   0.0000000E+00
   1.2261233E-05   2.2788069E+07   2.2788069E+07   3.0365840E+07   1.8356779E+06   2.9175266E+07   2.2788085E+07   2.2788069E+07   8.2402350E+06   0.0000000E+00   0.0000000E+00   0.0000000E+00   0.0000000E+00
   1.3176017E-05   2.2788018E+07   2.2788018E+07   3.0362948E+07   1.8356318E+06   2.9174308E+07   2.2788034E+07   2.2788018E+07   8.2402164E+06   0.0000000E+00   0.0000000E+00   0.0000000E+00   0.0000000E+00
   1.4159051E-05   2.2787960E+07   2.2787960E+07   3.0359608E+07   1.8355786E+06   2.9173200E+07   2.2787975E+07   2.2787960E+07   8.2401949E+06   0.0000000E+00   0.0000000E+00   0.0000000E+00   0.0000000E+00
   1.5215427E-05   2.2787892E+07   2.2787892E+07   3.0355753E+07   1.8355171E+06   2.9171922E+07   2.2787907E+07   2.2787892E+07   8.2401702E+06   0.0000000E+00   0.0000000E+00   0.0000000E+00   0.0000000E+00
   1.6350617E-05   2.2787813E+07   2.2787813E+07   3.0351300E+07   1.8354462E+06   2.9170446E+07   2.2787828E+07   2.2787813E+07   8.2401415E+06   0.0000000E+00   0.0000000E+00   0.0000000E+00   0.0000000E+00
   1.7570501E-05   2.2787722E+07   2.2787722E+07   3.0346160E+07   1.8353642E+06   2.9168741E+07   2.2787737E+07   2.2787722E+07   8.2401085E+06   0.0000000E+00   0.0000000E+00   0.0000000E+00   0.0000000E+00
   1.8881398E-05   2.2787618E+07   2.2787618E+07   3.0340225E+07   1.8352696E+06   2.9166772E+07   2.2787631E+07   2.2787618E+07   8.2400704E+06   0.0000000E+00   0.0000000E+00   0.0000000E+00   0.0000000E+00
   2.0290098E-05   2.2787497E+07   2.2787497E+07   3.0333373E+07   1.8351603E+06   2.9164500E+07   2.2787510E+07   2.2787497E+07   8.2400263E+06   0.0000000E+00   0.0000000E+00   0.0000000E+00   0.0000000E+00
   2.1803898E-05   2.2787357E+07   2.2787357E+07   3.0325461E+07   1.8350342E+06   2.9161875E+07   2.2787369E+07   2.2787357E+07   8.2399754E+06   0.0000000E+00   0.0000000E+00   0.0000000E+00   0.0000000E+00
   2.3430639E-05   2.2787196E+07   2.2787196E+07   3.0316328E+07   1.8348885E+06   2.9158845E+07   2.2787207E+07   2.2787196E+07   8.2399167E+06   0.0000000E+00   0.0000000E+00   0.0000000E+00   0.0000000E+00
   2.5178749E-05   2.2787010E+07   2.2787010E+07   3.0305785E+07   1.8347203E+06   2.9155347E+07   2.2787020E+07   2.2787010E+07   8.2398489E+06   0.0000000E+00   0.0000000E+00   0.0000000E+00   0.0000000E+00
   2.7057280E-05   2.2786796E+07   2.2786796E+07   3.0293614E+07   1.8345261E+06   2.9151307E+07   2.2786804E+07   2.2786796E+07   8.2397706E+06   0.0000000E+00   0.0000000E+00   0.0000000E+00   0.0000000E+00
   2.9075965E-05   2.2786548E+07   2.2786548E+07   3.0279565E+07   1.8343018E+06   2.9146643E+07   2.2786555E+07   2.2786548E+07   8.2396802E+06   0.0000000E+00   0.0000000E+00   0.0000000E+00   0.0000000E+00
   3.1245260E-05   2.2786261E+07   2.2786261E+07   3.0263349E+07   1.8340429E+06   2.9141259E+07   2.2786267E+07   2.2786261E+07   8.2395758E+06   0.0000000E+00   0.0000000E+00   0.0000000E+00   0.0000000E+00
   3.3576401E-05   2.2785931E+07   2.2785931E+07   3.0244634E+07   1.8337440E+06   2.9135043E+07   2.2785934E+07   2.2785931E+07   8.2394553E+06   0.0000000E+00   0.0000000E+00   0.0000000E+00   0.0000000E+00
   3.6081463E-05   2.2785549E+07   2.2785549E+07   3.0223036E+07   1.8333989E+06   2.9127867E+07   2.2785550E+07   2.2785549E+07   8.2393161E+06   0.0000000E+00   0.0000000E+00   0.0000000E+00   0.0000000E+00
   3.8773423E-05   2.2785108E+07   2.2785108E+07   3.0198113E+07   1.8330005E+06   2.9119583E+07   2.2785107E+07   2.2785108E+07   8.2391555E+06   0.0000000E+00   0.0000000E+00   0.0000000E+00   0.0000000E+00
   4.1666224E-05   2.2784599E+07   2.2784599E+07   3.0169357E+07   1.8325406E+06   2.9110021E+07   2.2784595E+07   2.2784599E+07   8.2389701E+06   0.0000000E+00   0.0000000E+00   0.0000000E+00   0.0000000E+00
   4.4774850E-05   2.2784012E+07   2.2784012E+07   3.0136183E+07   1.8320097E+06   2.9098984E+07   2.2784005E+07   2.2784012E+07   8.2387561E+06   0.0000000E+00   0.0000000E+00   0.0000000E+00   0.0000000E+00
   4.8115405E-05   2.2783334E+07   2.2783334E+07   3.0097919E+07   1.8313969E+06   2.9086246E+07   2.2783323E+07   2.2783334E+07   8.2385090E+06   0.0000000E+00   0.0000000E+00   0.0000000E+00   0.0000000E+00
   5.1705190E-05   2.2782552E+07   2.2782552E+07   3.0053789E+07   1.8306897E+06   2.9071546E+07   2.2782536E+07   2.2782552E+07   8.2382239E+06   0.0000000E+00   0.0000000E+00   0.0000000E+00   0.0000000E+00
   5.5562802E-05   2.2781649E+07   2.2781649E+07   3.0002907E+07   1.8298734E+06   2.9054582E+07   2.2781627E+07   2.2781649E+07   8.2378948E+06   0.0000000E+00   0.0000000E+00   0.0000000E+00   0.0000000E+00
   5.9708222E-05   2.2780606E+07   2.2780606E+07   2.9944253E+07   1.8289314E+06   2.9035010E+07   2.2780579E+07   2.2780606E+07   8.2375151E+06   0.0000000E+00   0.0000000E+00   0.0000000E+00   0.0000000E+00
   6.4162923E-05   2.2779403E+07   2.2779403E+07   2.9876657E+07   1.8278444E+06   2.9012430E+07   2.2779369E+07   2.2779403E+07   8.2370769E+06   0.0000000E+00   0.0000000E+00   0.0000000E+00   0.0000000E+00
   6.8949980E-05   2.2778015E+07   2.2778015E+07   2.9798782E+07   1.8265903E+06   2.8986385E+07   2.2777973E+07   2.2778015E+07   8.2365714E+06   0.0000000E+00   0.0000000E+00   0.0000000E+00   0.0000000E+00
   7.4094188E-05   2.2776414E+07   2.2776414E+07   2.9709096E+07   1.8251435E+06   2.8956347E+07   2.2776362E+07   2.2776414E+07   8.2359883E+06   0.0000000E+00   0.0000000E+00   0.0000000E+00   0.0000000E+00
   7.9622194E-05   2.2774566E+07   2.2774566E+07   2.9605852E+07   1.8234749E+06   2.8921712E+07   2.2774504E+07   2.2774566E+07   8.2353158E+06   0.0000000E+00   0.0000000E+00   0.0000000E+00   0.0000000E+00
   8.5562633E-05   2.2772436E+07   2.2772436E+07   2.9487059E+07   1.8215506E+06   2.8881786E+07   2.2772361E+07   2.2772436E+07   8.2345404E+06   0.0000000E+00   0.0000000E+00   0.0000000E+00   0.0000000E+00
   9.1946276E-05   2.2769979E+07   2.2769979E+07   2.9350450E+07   1.8193320E+06   2.8835772E+07   2.2769889E+07   2.2769979E+07   8.2336463E+06   0.0000000E+00   0.0000000E+00   0.0000000E+00   0.0000000E+00
   9.8806187E-05   2.2767146E+07   2.2767146E+07   2.9193457E+07   1.8167746E+06   2.8782759E+07   2.2767040E+07   2.2767146E+07   8.2326159E+06   0.0000000E+00   0.0000000E+00   0.0000000E+00   0.0000000E+00
   1.0617790E-04   2.2763880E+07   2.2763880E+07   2.9013172E+07   1.8138277E+06   2.8721704E+07   2.2763755E+07   2.2763880E+07   8.2314287E+06   0.0000000E+00   0.0000000E+00   0.0000000E+00   0.0000000E+00
   1.1409961E-04   2.2760118E+07   2.2760118E+07   2.8806321E+07   1.8104329E+06   2.8651416E+07   2.2759970E+07   2.2760118E+07   8.2300612E+06   0.0000000E+00   0.0000000E+00   0.0000000E+00   0.0000000E+00
   1.2261233E-04   2.2755783E+07   2.2755783E+07   2.8569225E+07   1.8065237E+06   2.8570536E+07   2.2755610E+07   2.2755783E+07   8.2284867E+06   0.0000000E+00   0.0000000E+00   0.0000000E+00   0.0000000E+00
   1.3176017E-04   2.2750792E+07   2.2750792E+07   2.8297780E+07   1.8020241E+06   2.8477522E+07   2.2750590E+07   2.2750792E+07   8.2266748E+06   0.0000000E+00   0.0000000E+00   0.0000000E+00   0.0000000E+00
   1.4159051E-04   2.2745047E+07   2.2745047E+07   2.7987424E+07   1.7968475E+06   2.8370618E+07   2.2744811E+07   2.2745047E+07   8.2245906E+06   0.0000000E+00   0.0000000E+00   0.0000000E+00   0.0000000E+00
   1.5215427E-04   2.2738438E+07   2.2738438E+07   2.7633133E+07   1.7908955E+06   2.8247843E+07   2.2738163E+07   2.2738438E+07   8.2221948E+06   0.0000000E+00   0.0000000E+00   0.0000000E+00   0.0000000E+00
   1.6350617E-04   2.2730839E+07   2.2730839E+07   2.7229415E+07   1.7840565E+06   2.8106958E+07   2.2730519E+07   2.2730839E+07   8.2194426E+06   0.0000000E+00   0.0000000E+00   0.0000000E+00   0.0000000E+00
   1.7570501E-04   2.2722108E+07   2.2722108E+07   2.6770332E+07   1.7762045E+06   2.7945449E+07   2.2721736E+07   2.2722108E+07   8.2162837E+06   0.0000000E+00   0.0000000E+00   0.0000000E+00   0.0000000E+00
   1.8881398E-04   2.2712083E+07   2.2712083E+07   2.6249554E+07   1.7671972E+06   2.7760506E+07   2.2711651E+07   2.2712083E+07   8.2126613E+06   0.0000000E+00   0.0000000E+00   0.0000000E+00   0.0000000E+00
   2.0290098E-04   2.2700585E+07   2.2700585E+07   2.5660443E+07   1.7568755E+06   2.7549003E+07   2.2700084E+07   2.2700585E+07   8.2085118E+06   0.0000000E+00   0.0000000E+00   0.0000000E+00   0.0000000E+00
   2.1803898E-04   2.2687408E+07   2.2687408E+07   2.4996199E+07   1.7450614E+06   2.7307487E+07   2.2686828E+07   2.2687408E+07   8.2037643E+06   0.0000000E+00   0.0000000E+00   0.0000000E+00   0.0000000E+00
   2.3430639E-04   2.2672327E+07   2.2672327E+07   2.4250066E+07   1.7315575E+06   2.7032174E+07   2.2671656E+07   2.2672327E+07   8.1983405E+06   0.0000000E+00   0.0000000E+00   0.0000000E+00   0.0000000E+00
   2.5178749E-04   2.2655089E+07   2.2655089E+07   2.3415621E+07   1.7161464E+06   2.6718957E+07   2.2654313E+07   2.2655089E+07   8.1921540E+06   0.0000000E+00   0.0000000E+00   0.0000000E+00   0.0000000E+00
   2.7057280E-04   2.2635416E+07   2.2635416E+07   2.2487173E+07   1.6985904E+06   2.6363431E+07   2.2634519E+07   2.2635416E+07   8.1851108E+06   0.0000000E+00   0.0000000E+00   0.0000000E+00   0.0000000E+00
   2.9075965E-04   2.2613005E+07   2.2613005E+07   2.1460267E+07   1.6786325E+06   2.5960943E+07   2.2611969E+07   2.2613005E+07   8.1771095E+06   0.0000000E+00   0.0000000E+00   0.0000000E+00   0.0000000E+00
   3.1245260E-04   2.2587527E+07   2.2587527E+07   2.0332332E+07   1.6559984E+06   2.5506667E+07   2.2586332E+07   2.2587527E+07   8.1680420E+06   0.0000000E+00   0.0000000E+00   0.0000000E+00   0.0000000E+00
   3.3576401E-04   2.2558629E+07   2.2558629E+07   1.9103451E+07   1.6303996E+06   2.4995724E+07   2.2557251E+07   2.2558629E+07   8.1577952E+06   0.0000000E+00   0.0000000E+00   0.0000000E+00   0.0000000E+00
   3.6081463E-04   2.2525941E+07   2.2525941E+07   1.7777272E+07   1.6015393E+06   2.4423340E+07   2.2524354E+07   2.2525941E+07   8.1462531E+06   0.0000000E+00   0.0000000E+00   0.0000000E+00   0.0000000E+00
   3.8773423E-04   2.2489080E+07   2.2489080E+07   1.6361988E+07   1.5691195E+06   2.3785065E+07   2.2487253E+07   2.2489080E+07   8.1332993E+06   0.0000000E+00   0.0000000E+00   0.0000000E+00   0.0000000E+00
   4.1666224E-04   2.2447656E+07   2.2447656E+07   1.4871344E+07   1.5328522E+06   2.3077050E+07   2.2445556E+07   2.2447656E+07   8.1188221E+06   0.0000000E+00   0.0000000E+00   0.0000000E+00   0.0000000E+00
   4.4774850E-04   2.2401292E+07   2.2401292E+07   1.3325515E+07   1.4924734E+06   2.2296392E+07   2.2398880E+07   2.2401292E+07   8.1027187E+06   0.0000000E+00   0.0000000E+00   0.0000000E+00   0.0000000E+00
   4.8115405E-04   2.2349631E+07   2.2349631E+07   1.1751692E+07   1.4477607E+06   2.1441538E+07   2.2346864E+07   2.2349631E+07   8.0849021E+06   0.0000000E+00   0.0000000E+00   0.0000000E+00   0.0000000E+00
   5.1705190E-04   2.2292361E+07   2.2292361E+07   1.0184085E+07   1.3985546E+06   2.0512744E+07   2.2289190E+07   2.2292361E+07   8.0653084E+06   0.0000000E+00   0.0000000E+00   0.0000000E+00   0.0000000E+00
   5.5562802E-04   2.2229237E+07   2.2229237E+07   8.6630475E+06   1.3447838E+06   1.9512549E+07   2.2225609E+07   2.2229237E+07   8.0439049E+06   0.0000000E+00   0.0000000E+00   0.0000000E+00   0.0000000E+00
   5.9708222E-04   2.2160105E+07   2.2160105E+07   7.2329465E+06   1.2864922E+06   1.8446243E+07   2.2155960E+07   2.2160105E+07   8.0206983E+06   0.0000000E+00   0.0000000E+00   0.0000000E+00   0.0000000E+00
   6.4162923E-04   2.2084931E+07   2.2084931E+07   5.9385222E+06   1.2238664E+06   1.7322233E+07   2.2080204E+07   2.2084931E+07   7.9957422E+06   0.0000000E+00   0.0000000E+00   0.0000000E+00   0.0000000E+00
   6.8949980E-04   2.2003828E+07   2.2003828E+07   4.8196313E+06   1.1572615E+06   1.6152252E+07   2.1998447E+07   2.2003828E+07   7.9691419E+06   0.0000000E+00   0.0000000E+00   0.0000000E+00   0.0000000E+00
   7.4094188E-04   2.1917070E+07   2.1917070E+07   3.9047134E+06   1.0872192E+06   1.4951279E+07   2.1910959E+07   2.1917070E+07   7.9410560E+06   0.0000000E+00   0.0000000E+00   0.0000000E+00   0.0000000E+00
   7.9622194E-04   2.1825112E+07   2.1825112E+07   3.2039384E+06   1.0144744E+06   1.3737097E+07   2.1818187E+07   2.1825112E+07   7.9116915E+06   0.0000000E+00   0.0000000E+00   0.0000000E+00   0.0000000E+00
   8.5562633E-04   2.1728575E+07   2.1728575E+07   2.7037982E+06   9.3994548E+05   1.2529396E+07   2.1720751E+07   2.1728575E+07   7.8812926E+06   0.0000000E+00   0.0000000E+00   0.0000000E+00   0.0000000E+00
   9.1946276E-04   2.1628227E+07   2.1628227E+07   2.3656125E+06   8.6470062E+05   1.1348435E+07   2.1619414E+07   2.1628227E+07   7.8501207E+06   0.0000000E+00   0.0000000E+00   0.0000000E+00   0.0000000E+00
   9.8806187E-04   2.1524933E+07   2.1524933E+07   2.1305503E+06   7.8990144E+05   1.0213350E+07   2.1515038E+07   2.1524933E+07   7.8184277E+06   0.0000000E+00   0.0000000E+00   0.0000000E+00   0.0000000E+00
   1.0617790E-03   2.1419580E+07   2.1419580E+07   1.9326159E+06   7.1672343E+05   9.1403794E+06   2.1408513E+07   2.1419580E+07   7.7864264E+06   0.0000000E+00   0.0000000E+00   0.0000000E+00   0.0000000E+00
   1.1409961E-03   2.1312996E+07   2.1312996E+07   1.7180323E+06   6.4626323E+05   8.1413597E+06   2.1300668E+07   2.1312996E+07   7.7542615E+06   0.0000000E+00   0.0000000E+00   0.0000000E+00   0.0000000E+00
   1.2261233E-03   2.1205853E+07   2.1205853E+07   1.4647965E+06   5.7944746E+05   7.2229295E+06   2.1192181E+07   2.1205853E+07   7.7219908E+06   0.0000000E+00   0.0000000E+00   0.0000000E+00   0.0000000E+00
   1.3176017E-03   2.1098602E+07   2.1098602E+07   1.1918762E+06   5.1696277E+05   6.3867333E+06   2.1083510E+07   2.1098602E+07   7.6895812E+06   0.0000000E+00   0.0000000E+00   0.0000000E+00   0.0000000E+00
   1.4159051E-03   2.0991421E+07   2.0991421E+07   9.4775773E+05   4.5922488E+05   5.6306186E+06   2.0974846E+07   2.0991421E+07   7.6569219E+06   0.0000000E+00   0.0000000E+00   0.0000000E+00   0.0000000E+00
   1.5215427E-03   2.0884227E+07   2.0884227E+07   7.7744994E+05   4.0639466E+05   4.9503824E+06   2.0866115E+07   2.0884227E+07   7.6238500E+06   0.0000000E+00   0.0000000E+00   0.0000000E+00   0.0000000E+00
   1.6350617E-03   2.0776709E+07   2.0776709E+07   6.8523265E+05   3.5843312E+05   4.3413108E+06   2.0757021E+07   2.0776709E+07   7.5901765E+06   0.0000000E+00   0.0000000E+00   0.0000000E+00   0.0000000E+00
   1.7570501E-03   2.0668394E+07   2.0668394E+07   6.2519322E+05   3.1517183E+05   3.7988534E+06   2.0647102E+07   2.0668394E+07   7.5557005E+06   0.0000000E+00   0.0000000E+00   0.0000000E+00   0.0000000E+00
   1.8881398E-03   2.0558699E+07   2.0558699E+07   5.4022985E+05   2.7637153E+05   3.3183730E+06   2.0535787E+07   2.0558699E+07   7.5202085E+06   0.0000000E+00   0.0000000E+00   0.0000000E+00   0.0000000E+00
   2.0290098E-03   2.0446971E+07   2.0446971E+07   4.2258104E+05   2.4175421E+05   2.8946327E+06   2.0422429E+07   2.0446971E+07   7.4834669E+06   0.0000000E+00   0.0000000E+00   0.0000000E+00   0.0000000E+00
   2.1803898E-03   2.0332502E+07   2.0332502E+07   3.2433973E+05   2.1101472E+05   2.5218356E+06   2.0306321E+07   2.0332502E+07   7.4452225E+06   0.0000000E+00   0.0000000E+00   0.0000000E+00   0.0000000E+00
   2.3430639E-03   2.0214538E+07   2.0214538E+07   2.8493520E+05   1.8382862E+05   2.1943229E+06   2.0186707E+07   2.0214538E+07   7.4052147E+06   0.0000000E+00   0.0000000E+00   0.0000000E+00   0.0000000E+00
   2.5178749E-03   2.0092292E+07   2.0092292E+07   2.6700836E+05   1.5986500E+05   1.9071910E+06   2.0062797E+07   2.0092292E+07   7.3631844E+06   0.0000000E+00   0.0000000E+00   0.0000000E+00   0.0000000E+00
   2.7057280E-03   1.9964966E+07   1.9964966E+07   2.1834384E+05   1.3880081E+05   1.6561913E+06   1.9933785E+07   1.9964966E+07   7.3188716E+06   0.0000000E+00   0.0000000E+00   0.0000000E+00   0.0000000E+00
   2.9075965E-03   1.9831758E+07   1.9831758E+07   1.6689891E+05   1.2033170E+05   1.4372192E+06   1.9798867E+07   1.9831758E+07   7.2720130E+06   0.0000000E+00   0.0000000E+00   0.0000000E+00   0.0000000E+00
   3.1245260E-03   1.9691870E+07   1.9691870E+07   1.5030861E+05   1.0417644E+05   1.2462505E+06   1.9657248E+07   1.9691870E+07   7.2223490E+06   0.0000000E+00   0.0000000E+00   0.0000000E+00   0.0000000E+00
   3.3576401E-03   1.9544517E+07   1.9544517E+07   1.2852463E+05   9.0073960E+04   1.0798717E+06   1.9508146E+07   1.9544517E+07   7.1696265E+06   0.0000000E+00   0.0000000E+00   0.0000000E+00   0.0000000E+00
   3.6081463E-03   1.9388922E+07   1.9388922E+07   9.9738569E+04   7.7783739E+04   9.3525578E+05   1.9350792E+07   1.9388922E+07   7.1135942E+06   0.0000000E+00   0.0000000E+00   0.0000000E+00   0.0000000E+00
   3.8773423E-03   1.9224329E+07   1.9224329E+07   9.3457605E+04   6.7091435E+04   8.0950470E+05   1.9184439E+07   1.9224329E+07   7.0540061E+06   0.0000000E+00   0.0000000E+00   0.0000000E+00   0.0000000E+00
   4.1666224E-03   1.9049997E+07   1.9049997E+07   7.1831291E+04   5.7802874E+04   7.0025215E+05   1.9008361E+07   1.9049997E+07   6.9906227E+06   0.0000000E+00   0.0000000E+00   0.0000000E+00   0.0000000E+00
   4.4774850E-03   1.8865212E+07   1.8865212E+07   6.2587693E+04   4.9743472E+04   6.0555647E+05   1.8821863E+07   1.8865212E+07   6.9232129E+06   0.0000000E+00   0.0000000E+00   0.0000000E+00   0.0000000E+00
   4.8115405E-03   1.8669288E+07   1.8669288E+07   5.3269105E+04   4.2760708E+04   5.2329511E+05   1.8624290E+07   1.8669288E+07   6.8515583E+06   0.0000000E+00   0.0000000E+00   0.0000000E+00   0.0000000E+00
   5.1705190E-03   1.8461578E+07   1.8461578E+07   4.3896232E+04   3.6716757E+04   4.5212162E+05   1.8415012E+07   1.8461578E+07   6.7754473E+06   0.0000000E+00   0.0000000E+00   0.0000000E+00   0.0000000E+00
   5.5562802E-03   1.8241465E+07   1.8241465E+07   3.6388306E+04   3.1492279E+04   3.9036091E+05   1.8193410E+07   1.8241465E+07   6.6946701E+06   0.0000000E+00   0.0000000E+00   0.0000000E+00   0.0000000E+00
   5.9708222E-03   1.8008355E+07   1.8008355E+07   3.2805768E+04   2.6980314E+04   3.3691952E+05   1.7958875E+07   1.8008355E+07   6.6090182E+06   0.0000000E+00   0.0000000E+00   0.0000000E+00   0.0000000E+00
   6.4162923E-03   1.7761664E+07   1.7761664E+07   2.4623288E+04   2.3087774E+04   2.9060803E+05   1.7710840E+07   1.7761664E+07   6.5182977E+06   0.0000000E+00   0.0000000E+00   0.0000000E+00   0.0000000E+00
   6.8949980E-03   1.7500828E+07   1.7500828E+07   2.2281643E+04   1.9732973E+04   2.5049973E+05   1.7448784E+07   1.7500828E+07   6.4223291E+06   0.0000000E+00   0.0000000E+00   0.0000000E+00   0.0000000E+00
   7.4094188E-03   1.7225316E+07   1.7225316E+07   1.9426428E+04   1.6844532E+04   2.1585410E+05   1.7172194E+07   1.7225316E+07   6.3209346E+06   0.0000000E+00   0.0000000E+00   0.0000000E+00   0.0000000E+00
   7.9622194E-03   1.6934635E+07   1.6934635E+07   1.5672095E+04   1.4360222E+04   1.8586305E+05   1.6880564E+07   1.6934635E+07   6.2139377E+06   0.0000000E+00   0.0000000E+00   0.0000000E+00   0.0000000E+00
   8.5562633E-03   1.6628313E+07   1.6628313E+07   1.2481573E+04   1.2225543E+04   1.5990628E+05   1.6573432E+07   1.6628313E+07   6.1011767E+06   0.0000000E+00   0.0000000E+00   0.0000000E+00   0.0000000E+00
   9.1946276E-03   1.6305889E+07   1.6305889E+07   1.0261489E+04   1.0393184E+04   1.3745583E+05   1.6250359E+07   1.6305889E+07   5.9824975E+06   0.0000000E+00   0.0000000E+00   0.0000000E+00   0.0000000E+00
   9.8806187E-03   1.5966921E+07   1.5966921E+07   8.6841778E+03   8.8219614E+03   1.1805584E+05   1.5910910E+07   1.5966921E+07   5.8577465E+06   0.0000000E+00   0.0000000E+00   0.0000000E+00   0.0000000E+00
   1.0617790E-02   1.5611002E+07   1.5611002E+07   7.2863413E+03   7.4761200E+03   1.0129065E+05   1.5554680E+07   1.5611002E+07   5.7267800E+06   0.0000000E+00   0.0000000E+00   0.0000000E+00   0.0000000E+00
   1.1409961E-02   1.5237757E+07   1.5237757E+07   6.2832305E+03   6.3245903E+03   8.6804025E+04   1.5181306E+07   1.5237757E+07   5.5894691E+06   0.0000000E+00   0.0000000E+00   0.0000000E+00   0.0000000E+00
   1.2261233E-02   1.4846845E+07   1.4846845E+07   5.5796382E+03   5.3405147E+03   7.4286188E+04   1.4790458E+07   1.4846845E+07   5.4456971E+06   0.0000000E+00   0.0000000E+00   0.0000000E+00   0.0000000E+00
   1.3176017E-02   1.4437986E+07   1.4437986E+07   4.4639539E+03   4.5005561E+03   6.3466537E+04   1.4381849E+07   1.4437986E+07   5.2953612E+06   0.0000000E+00   0.0000000E+00   0.0000000E+00   0.0000000E+00
   1.4159051E-02   1.4010978E+07   1.4010978E+07   3.6030345E+03   3.7845429E+03   5.4153521E+04   1.3955291E+07   1.4010978E+07   5.1383965E+06   0.0000000E+00   0.0000000E+00   0.0000000E+00   0.0000000E+00
   1.5215427E-02   1.3565726E+07   1.3565726E+07   3.1462190E+03   3.1750701E+03   4.6101166E+04   1.3510685E+07   1.3565726E+07   4.9747683E+06   0.0000000E+00   0.0000000E+00   0.0000000E+00   0.0000000E+00
   1.6350617E-02   1.3102297E+07   1.3102297E+07   2.5869937E+03   2.6570666E+03   3.9177484E+04   1.3048103E+07   1.3102297E+07   4.8045059E+06   0.0000000E+00   0.0000000E+00   0.0000000E+00   0.0000000E+00
   1.7570501E-02   1.2620967E+07   1.2620967E+07   2.0603498E+03   2.2175627E+03   3.3205610E+04   1.2567814E+07   1.2620967E+07   4.6277106E+06   0.0000000E+00   0.0000000E+00   0.0000000E+00   0.0000000E+00
   1.8881398E-02   1.2122306E+07   1.2122306E+07   1.7090365E+03   1.8453579E+03   2.8072282E+04   1.2070390E+07   1.2122306E+07   4.4445948E+06   0.0000000E+00   0.0000000E+00   0.0000000E+00   0.0000000E+00
   2.0290098E-02   1.1607264E+07   1.1607264E+07   1.4138352E+03   1.5308129E+03   2.3664822E+04   1.1556771E+07   1.1607264E+07   4.2555060E+06   0.0000000E+00   0.0000000E+00   0.0000000E+00   0.0000000E+00
   2.1803896E-02   1.1077287E+07   1.1077287E+07   1.1997732E+03   1.2656383E+03   1.9886460E+04   1.1028395E+07   1.1077287E+07   4.0609751E+06   0.0000000E+00   0.0000000E+00   0.0000000E+00   0.0000000E+00
   2.3430626E-02   1.0534439E+07   1.0534439E+07   9.7718747E+02   1.0427008E+03   1.6652255E+04   1.0487314E+07   1.0534439E+07   3.8617589E+06   0.0000000E+00   0.0000000E+00   0.0000000E+00   0.0000000E+00
   2.5178674E-02   9.9815403E+06   9.9815403E+06   7.8877894E+02   8.5586880E+02   1.3899089E+04   9.9363298E+06   9.9815403E+06   3.6588900E+06   0.0000000E+00   0.0000000E+00   0.0000000E+00   0.0000000E+00
   2.7056930E-02   9.4223146E+06   9.4223146E+06   6.1594888E+02   6.9988192E+02   1.1553841E+04   9.3791435E+06   9.4223146E+06   3.4537325E+06   0.0000000E+00   0.0000000E+00   0.0000000E+00   0.0000000E+00
   2.9074531E-02   8.8615513E+06   8.8615513E+06   5.0489660E+02   5.7022584E+02   9.5699799E+03   8.8205171E+06   8.8615513E+06   3.2480404E+06   0.0000000E+00   0.0000000E+00   0.0000000E+00   0.0000000E+00
   3.1240104E-02   8.3052920E+06   8.3052920E+06   4.0176724E+02   4.6304275E+02   7.9013608E+03   8.2664570E+06   8.3052920E+06   3.0440263E+06   0.0000000E+00   0.0000000E+00   0.0000000E+00   0.0000000E+00
   3.3559983E-02   7.7610280E+06   7.7610280E+06   3.4736476E+02   3.7504717E+02   6.5065373E+03   7.7244124E+06   7.7610280E+06   2.8444338E+06   0.0000000E+00   0.0000000E+00   0.0000000E+00   0.0000000E+00
   3.6034851E-02   7.2377924E+06   7.2377924E+06   2.6422232E+02   3.0344528E+02   5.3486613E+03   7.2033664E+06   7.2377924E+06   2.6525714E+06   0.0000000E+00   0.0000000E+00   0.0000000E+00   0.0000000E+00
   3.8654949E-02   6.7458208E+06   6.7458208E+06   2.2789668E+02   2.4583505E+02   4.4019432E+03   6.7134975E+06   6.7458208E+06   2.4721877E+06   0.0000000E+00   0.0000000E+00   0.0000000E+00   0.0000000E+00
   4.1395892E-02   6.2953060E+06   6.2953060E+06   1.8763385E+02   2.0008324E+02   3.6379104E+03   6.2649419E+06   6.2953060E+06   2.3070156E+06   0.0000000E+00   0.0000000E+00   0.0000000E+00   0.0000000E+00
   4.4219371E-02   5.8941260E+06   5.8941260E+06   1.5303397E+02   1.6420314E+02   3.0289070E+03   5.8655309E+06   5.8941260E+06   2.1599393E+06   0.0000000E+00   0.0000000E+00   0.0000000E+00   0.0000000E+00
   4.7081546E-02   5.5454873E+06   5.5454873E+06   1.2343270E+02   1.3629943E+02   2.5482023E+03   5.5184462E+06   5.5454873E+06   2.0321307E+06   0.0000000E+00   0.0000000E+00   0.0000000E+00   0.0000000E+00
   4.9945270E-02   5.2471041E+06   5.2471041E+06   9.9833935E+01   1.1461609E+02   2.1698899E+03   5.2214045E+06   5.2471041E+06   1.9227494E+06   0.0000000E+00   0.0000000E+00   0.0000000E+00   0.0000000E+00
   5.2788020E-02   4.9924696E+06   4.9924696E+06   8.3461148E+01   9.7636054E+01   1.8701620E+03   4.9679230E+06   4.9924696E+06   1.8294082E+06   0.0000000E+00   0.0000000E+00   0.0000000E+00   0.0000000E+00
   5.5602076E-02   4.7730891E+06   4.7730891E+06   7.2113635E+01   8.4144821E+01   1.6291949E+03   4.7495423E+06   4.7730891E+06   1.7489922E+06   0.0000000E+00   0.0000000E+00   0.0000000E+00   0.0000000E+00
   5.8390135E-02   4.5803296E+06   4.5803296E+06   6.3397169E+01   7.3226191E+01   1.4319929E+03   4.5576670E+06   4.5803296E+06   1.6783364E+06   0.0000000E+00   0.0000000E+00   0.0000000E+00   0.0000000E+00
   6.1160524E-02   4.4064324E+06   4.4064324E+06   5.5979451E+01   6.4213755E+01   1.2675095E+03   4.3845732E+06   4.4064324E+06   1.6145965E+06   0.0000000E+00   0.0000000E+00   0.0000000E+00   0.0000000E+00
   6.3923854E-02   4.2448939E+06   4.2448939E+06   4.9351217E+01   5.6631231E+01   1.1276528E+03   4.2237868E+06   4.2448939E+06   1.5553886E+06   0.0000000E+00   0.0000000E+00   0.0000000E+00   0.0000000E+00
   6.6691153E-02   4.0905285E+06   4.0905285E+06   4.3495596E+01   5.0140340E+01   1.0066595E+03   4.0701460E+06   4.0905285E+06   1.4988119E+06   0.0000000E+00   0.0000000E+00   0.0000000E+00   0.0000000E+00
   6.9472996E-02   3.9394143E+06   3.9394143E+06   3.8531444E+01   4.4501146E+01   9.0046371E+02   3.9197471E+06   3.9394143E+06   1.4434288E+06   0.0000000E+00   0.0000000E+00   0.0000000E+00   0.0000000E+00
   7.2279184E-02   3.7888137E+06   3.7888137E+06   3.4547299E+01   3.9543434E+01   8.0613569E+02   3.7698652E+06   3.7888137E+06   1.3882360E+06   0.0000000E+00   0.0000000E+00   0.0000000E+00   0.0000000E+00
   7.5118695E-02   3.6370963E+06   3.6370963E+06   3.1453470E+01   3.5146440E+01   7.2156767E+02   3.6188774E+06   3.6370963E+06   1.3326358E+06   0.0000000E+00   0.0000000E+00   0.0000000E+00   0.0000000E+00
   7.7999746E-02   3.4836613E+06   3.4836613E+06   2.8657123E+01   3.1224551E+01   6.4528257E+02   3.4661850E+06   3.4836613E+06   1.2764079E+06   0.0000000E+00   0.0000000E+00   0.0000000E+00   0.0000000E+00
   8.0929902E-02   3.3288472E+06   3.3288472E+06   2.5006752E+01   2.7716980E+01   5.7632432E+02   3.3121245E+06   3.3288472E+06   1.2196761E+06   0.0000000E+00   0.0000000E+00   0.0000000E+00   0.0000000E+00
   8.3916192E-02   3.1738154E+06   3.1738154E+06   2.0612374E+01   2.4580048E+01   5.1435773E+02   3.1578511E+06   3.1738154E+06   1.1628659E+06   0.0000000E+00   0.0000000E+00   0.0000000E+00   0.0000000E+00
   8.6965213E-02   3.0203954E+06   3.0203954E+06   1.9066933E+01   2.1781452E+01   4.5887308E+02   3.0051846E+06   3.0203954E+06   1.1066473E+06   0.0000000E+00   0.0000000E+00   0.0000000E+00   0.0000000E+00
   9.0083222E-02   2.8708838E+06   2.8708838E+06   1.6865978E+01   1.9295800E+01   4.0861792E+02   2.8564098E+06   2.8708838E+06   1.0518618E+06   0.0000000E+00   0.0000000E+00   0.0000000E+00   0.0000000E+00
   9.3276215E-02   2.7277986E+06   2.7277986E+06   1.5198839E+01   1.7101128E+01   3.6448812E+02   2.7140315E+06   2.7277986E+06   9.9943171E+05   0.0000000E+00   0.0000000E+00   0.0000000E+00   0.0000000E+00
   9.6549989E-02   2.5935950E+06   2.5935950E+06   1.2842162E+01   1.5176445E+01   3.2521906E+02   2.5804923E+06   2.5935950E+06   9.5025659E+05   0.0000000E+00   0.0000000E+00   0.0000000E+00   0.0000000E+00
   9.9910202E-02   2.4703623E+06   2.4703623E+06   1.1518543E+01   1.3499869E+01   2.9086327E+02   2.4578707E+06   2.4703623E+06   9.0510179E+05   0.0000000E+00   0.0000000E+00   0.0000000E+00   0.0000000E+00
   1.0336241E-01   2.3595289E+06   2.3595289E+06   1.0243381E+01   1.2047665E+01   2.6100000E+02   2.3475873E+06   2.3595289E+06   8.6449047E+05   0.0000000E+00   0.0000000E+00   0.0000000E+00   0.0000000E+00
   1.0691210E-01   2.2616107E+06   2.2616107E+06   9.3620740E+00   1.0793920E+01   2.3511052E+02   2.2501552E+06   2.2616107E+06   8.2861160E+05   0.0000000E+00   0.0000000E+00   0.0000000E+00   0.0000000E+00
   1.1056474E-01   2.1760462E+06   2.1760462E+06   8.8037576E+00   9.7109177E+00   2.1252853E+02   2.1650156E+06   2.1760462E+06   7.9725933E+05   0.0000000E+00   0.0000000E+00   0.0000000E+00   0.0000000E+00
   1.1432577E-01   2.1011574E+06   2.1011574E+06   7.3194393E+00   8.7701004E+00   1.9284944E+02   2.0904986E+06   2.1011574E+06   7.6981882E+05   0.0000000E+00   0.0000000E+00   0.0000000E+00   0.0000000E+00
   1.1820064E-01   2.0342696E+06   2.0342696E+06   7.1705503E+00   7.9434775E+00   1.7558941E+02   2.0239430E+06   2.0342696E+06   7.4531002E+05   0.0000000E+00   0.0000000E+00   0.0000000E+00   0.0000000E+00
   1.2219483E-01   1.9720040E+06   1.9720040E+06   6.1514392E+00   7.2052823E+00   1.6007666E+02   1.9619868E+06   1.9720040E+06   7.2249496E+05   0.0000000E+00   0.0000000E+00   0.0000000E+00   0.0000000E+00
   1.2631385E-01   1.9107288E+06   1.9107288E+06   5.4876891E+00   6.5336076E+00   1.4581596E+02   1.9010169E+06   1.9107288E+06   7.0004306E+05   0.0000000E+00   0.0000000E+00   0.0000000E+00   0.0000000E+00
   1.3056326E-01   1.8471209E+06   1.8471209E+06   5.0594907E+00   5.9117625E+00   1.3255992E+02   1.8377269E+06   1.8471209E+06   6.7673678E+05   0.0000000E+00   0.0000000E+00   0.0000000E+00   0.0000000E+00
   1.3494866E-01   1.7787514E+06   1.7787514E+06   4.7412868E+00   5.3290567E+00   1.1999007E+02   1.7697000E+06   1.7787514E+06   6.5168618E+05   0.0000000E+00   0.0000000E+00   0.0000000E+00   0.0000000E+00
   1.3947571E-01   1.7045802E+06   1.7045802E+06   4.0773236E+00   4.7808171E+00   1.0812644E+02   1.6959017E+06   1.7045802E+06   6.2451026E+05   0.0000000E+00   0.0000000E+00   0.0000000E+00   0.0000000E+00
   1.4415015E-01   1.6252354E+06   1.6252354E+06   3.5897307E+00   4.2675489E+00   9.6922657E+01   1.6169568E+06   1.6252354E+06   5.9543909E+05   0.0000000E+00   0.0000000E+00   0.0000000E+00   0.0000000E+00
   1.4897777E-01   1.5429682E+06   1.5429682E+06   3.1574302E+00   3.7933037E+00   8.6508357E+01   1.5351050E+06   1.5429682E+06   5.6529747E+05   0.0000000E+00   0.0000000E+00   0.0000000E+00   0.0000000E+00
   1.5396446E-01   1.4612319E+06   1.4612319E+06   2.8397047E+00   3.3635112E+00   7.7057795E+01   1.4537819E+06   1.4612319E+06   5.3535053E+05   0.0000000E+00   0.0000000E+00   0.0000000E+00   0.0000000E+00
   1.5911615E-01   1.3839177E+06   1.3839177E+06   2.6497455E+00   2.9826793E+00   6.8576936E+01   1.3768589E+06   1.3839177E+06   5.0702393E+05   0.0000000E+00   0.0000000E+00   0.0000000E+00   0.0000000E+00
   1.6443890E-01   1.3143901E+06   1.3143901E+06   2.2539325E+00   2.6524577E+00   6.1256579E+01   1.3076833E+06   1.3143901E+06   4.8155026E+05   0.0000000E+00   0.0000000E+00   0.0000000E+00   0.0000000E+00
   1.6993883E-01   1.2545560E+06   1.2545560E+06   1.9850720E+00   2.3705238E+00   5.4947812E+01   1.2481521E+06   1.2545560E+06   4.5962810E+05   0.0000000E+00   0.0000000E+00   0.0000000E+00   0.0000000E+00
   1.7562220E-01   1.2042525E+06   1.2042525E+06   1.8324561E+00   2.1306024E+00   4.9579820E+01   1.1981032E+06   1.2042525E+06   4.4119777E+05   0.0000000E+00   0.0000000E+00   0.0000000E+00   0.0000000E+00
   1.8149536E-01   1.1612000E+06   1.1612000E+06   1.6419306E+00   1.9236332E+00   4.4913357E+01   1.1552685E+06   1.1612000E+06   4.2542405E+05   0.0000000E+00   0.0000000E+00   0.0000000E+00   0.0000000E+00
   1.8756481E-01   1.1216274E+06   1.1216274E+06   1.5107196E+00   1.7397803E+00   4.0760744E+01   1.1158962E+06   1.1216274E+06   4.1092535E+05   0.0000000E+00   0.0000000E+00   0.0000000E+00   0.0000000E+00
   1.9383718E-01   1.0814564E+06   1.0814564E+06   1.3551523E+00   1.5706746E+00   3.6927928E+01   1.0759288E+06   1.0814564E+06   3.9620748E+05   0.0000000E+00   0.0000000E+00   0.0000000E+00   0.0000000E+00
   2.0031930E-01   1.0376905E+06   1.0376905E+06   1.1868024E+00   1.4111655E+00   3.3310537E+01   1.0323851E+06   1.0376905E+06   3.8017268E+05   0.0000000E+00   0.0000000E+00   0.0000000E+00   0.0000000E+00
   2.0701819E-01   9.8949983E+05   9.8949983E+05   1.0964250E+00   1.2599705E+00   2.9832625E+01   9.8443948E+05   9.8949983E+05   3.6251685E+05   0.0000000E+00   0.0000000E+00   0.0000000E+00   0.0000000E+00
   2.1394111E-01   9.3851806E+05   9.3851806E+05   9.7813738E-01   1.1189813E+00   2.6586054E+01   9.3371721E+05   9.3851806E+05   3.4383854E+05   0.0000000E+00   0.0000000E+00   0.0000000E+00   0.0000000E+00
   2.2109557E-01   8.8812854E+05   8.8812854E+05   8.4409352E-01   9.9149686E-01   2.3638588E+01   8.8358436E+05   8.8812854E+05   3.2537728E+05   0.0000000E+00   0.0000000E+00   0.0000000E+00   0.0000000E+00
   2.2848942E-01   8.4194753E+05   8.4194753E+05   7.5090621E-01   8.8010436E-01   2.1043001E+01   8.3763867E+05   8.4194753E+05   3.0845793E+05   0.0000000E+00   0.0000000E+00   0.0000000E+00   0.0000000E+00
   2.3613086E-01   8.0214294E+05   8.0214294E+05   6.6920505E-01   7.8511143E-01   1.8829752E+01   7.9803691E+05   8.0214294E+05   2.9387471E+05   0.0000000E+00   0.0000000E+00   0.0000000E+00   0.0000000E+00
   2.4402853E-01   7.6841434E+05   7.6841434E+05   5.9886601E-01   7.0420838E-01   1.6951942E+01   7.6448017E+05   7.6841434E+05   2.8151755E+05   0.0000000E+00   0.0000000E+00   0.0000000E+00   0.0000000E+00
   2.5219155E-01   7.3822637E+05   7.3822637E+05   5.3858560E-01   6.3345617E-01   1.5286722E+01   7.3444604E+05   7.3822637E+05   2.7045757E+05   0.0000000E+00   0.0000000E+00   0.0000000E+00   0.0000000E+00
   2.6062961E-01   7.0825828E+05   7.0825828E+05   4.8575868E-01   5.6902835E-01   1.3777977E+01   7.0463076E+05   7.0825828E+05   2.5947819E+05   0.0000000E+00   0.0000000E+00   0.0000000E+00   0.0000000E+00
   2.6935305E-01   6.7630127E+05   6.7630127E+05   4.3319663E-01   5.0873212E-01   1.2347521E+01   6.7283683E+05   6.7630127E+05   2.4777018E+05   0.0000000E+00   0.0000000E+00   0.0000000E+00   0.0000000E+00
   2.7837300E-01   6.4246311E+05   6.4246311E+05   3.8559984E-01   4.5247122E-01   1.1012033E+01   6.3917149E+05   6.4246311E+05   2.3537302E+05   0.0000000E+00   0.0000000E+00   0.0000000E+00   0.0000000E+00
   2.8770144E-01   6.0887323E+05   6.0887323E+05   3.4314681E-01   4.0146192E-01   9.7972670E+00   6.0575323E+05   6.0887323E+05   2.2306685E+05   0.0000000E+00   0.0000000E+00   0.0000000E+00   0.0000000E+00
   2.9735136E-01   5.7804213E+05   5.7804213E+05   3.0417213E-01   3.5679977E-01   8.7325849E+00   5.7507970E+05   5.7804213E+05   2.1177141E+05   0.0000000E+00   0.0000000E+00   0.0000000E+00   0.0000000E+00
   3.0733693E-01   5.5102294E+05   5.5102294E+05   2.7332217E-01   3.1838077E-01   7.8112763E+00   5.4819860E+05   5.5102294E+05   2.0187253E+05   0.0000000E+00   0.0000000E+00   0.0000000E+00   0.0000000E+00
   3.1767367E-01   5.2675939E+05   5.2675939E+05   2.4558114E-01   2.8487711E-01   7.0096720E+00   5.2405908E+05   5.2675939E+05   1.9298323E+05   0.0000000E+00   0.0000000E+00   0.0000000E+00   0.0000000E+00
   3.2837864E-01   5.0313609E+05   5.0313609E+05   2.1647810E-01   2.5465063E-01   6.2824912E+00   5.0055656E+05   5.0313609E+05   1.8432850E+05   0.0000000E+00   0.0000000E+00   0.0000000E+00   0.0000000E+00
   3.3947071E-01   4.7882871E+05   4.7882871E+05   1.9353579E-01   2.2677076E-01   5.6062584E+00   4.7637353E+05   4.7882871E+05   1.7542317E+05   0.0000000E+00   0.0000000E+00   0.0000000E+00   0.0000000E+00
   3.5097086E-01   4.5430055E+05   4.5430055E+05   1.7223124E-01   2.0128687E-01   4.9909588E+00   4.5197090E+05   4.5430055E+05   1.6643697E+05   0.0000000E+00   0.0000000E+00   0.0000000E+00   0.0000000E+00
   3.6290250E-01   4.3104780E+05   4.3104780E+05   1.5210566E-01   1.7863325E-01   4.4365506E+00   4.2883715E+05   4.3104780E+05   1.5791804E+05   0.0000000E+00   0.0000000E+00   0.0000000E+00   0.0000000E+00
   3.7529187E-01   4.0991996E+05   4.0991996E+05   1.3608341E-01   1.5884695E-01   3.9536310E+00   4.0781746E+05   4.0991996E+05   1.5017760E+05   0.0000000E+00   0.0000000E+00   0.0000000E+00   0.0000000E+00
   3.8816860E-01   3.9031590E+05   3.9031590E+05   1.2136208E-01   1.4138226E-01   3.5285569E+00   3.8831378E+05   3.9031590E+05   1.4299543E+05   0.0000000E+00   0.0000000E+00   0.0000000E+00   0.0000000E+00
   4.0156625E-01   3.7107476E+05   3.7107476E+05   1.0725157E-01   1.2559370E-01   3.1405820E+00   3.6917117E+05   3.7107476E+05   1.3594622E+05   0.0000000E+00   0.0000000E+00   0.0000000E+00   0.0000000E+00
   4.1552310E-01   3.5188256E+05   3.5188256E+05   9.5011250E-02   1.1123206E-01   2.7884989E+00   3.5007729E+05   3.5188256E+05   1.2891495E+05   0.0000000E+00   0.0000000E+00   0.0000000E+00   0.0000000E+00
   4.3008300E-01   3.3341448E+05   3.3341448E+05   8.3933160E-02   9.8379403E-02   2.4714504E+00   3.3170382E+05   3.3341448E+05   1.2214898E+05   0.0000000E+00   0.0000000E+00   0.0000000E+00   0.0000000E+00
   4.4529659E-01   3.1616990E+05   3.1616990E+05   7.4242214E-02   8.7025684E-02   2.1900651E+00   3.1454760E+05   3.1616990E+05   1.1583125E+05   0.0000000E+00   0.0000000E+00   0.0000000E+00   0.0000000E+00
   4.6122262E-01   2.9977531E+05   2.9977531E+05   6.5685590E-02   7.6913279E-02   1.9397013E+00   2.9823703E+05   2.9977531E+05   1.0982493E+05   0.0000000E+00   0.0000000E+00   0.0000000E+00   0.0000000E+00
   4.7792981E-01   2.8370887E+05   2.8370887E+05   5.7907187E-02   6.7791065E-02   1.7130413E+00   2.8225294E+05   2.8370887E+05   1.0393883E+05   0.0000000E+00   0.0000000E+00   0.0000000E+00   0.0000000E+00
   4.9549905E-01   2.6809008E+05   2.6809008E+05   5.0948741E-02   5.9596997E-02   1.5088680E+00   2.6671422E+05   2.6809008E+05   9.8216747E+04   0.0000000E+00   0.0000000E+00   0.0000000E+00   0.0000000E+00
   5.1402637E-01   2.5321798E+05   2.5321798E+05   4.4715071E-02   5.2306300E-02   1.3271654E+00   2.5191836E+05   2.5321798E+05   9.2768216E+04   0.0000000E+00   0.0000000E+00   0.0000000E+00   0.0000000E+00
   5.3362656E-01   2.3892106E+05   2.3892106E+05   3.9131174E-02   4.5794232E-02   1.1640644E+00   2.3769475E+05   2.3892106E+05   8.7530412E+04   0.0000000E+00   0.0000000E+00   0.0000000E+00   0.0000000E+00
   5.5443802E-01   2.2497380E+05   2.2497380E+05   3.4102426E-02   3.9944626E-02   1.0172852E+00   2.2381902E+05   2.2497380E+05   8.2420715E+04   0.0000000E+00   0.0000000E+00   0.0000000E+00   0.0000000E+00
   5.7662891E-01   2.1148348E+05   2.1148348E+05   2.9642333E-02   3.4714987E-02   8.8588285E-01   2.1039789E+05   2.1148348E+05   7.7478422E+04   0.0000000E+00   0.0000000E+00   0.0000000E+00   0.0000000E+00
   6.0040505E-01   1.9844644E+05   1.9844644E+05   2.5650373E-02   3.0046151E-02   7.6828739E-01   1.9742772E+05   1.9844644E+05   7.2702195E+04   0.0000000E+00   0.0000000E+00   0.0000000E+00   0.0000000E+00
   6.2602005E-01   1.8572584E+05   1.8572584E+05   2.2078860E-02   2.5866102E-02   6.6251348E-01   1.8477238E+05   1.8572584E+05   6.8041900E+04   0.0000000E+00   0.0000000E+00   0.0000000E+00   0.0000000E+00
   6.5378772E-01   1.7334321E+05   1.7334321E+05   1.8890815E-02   2.2134483E-02   5.6812429E-01   1.7245328E+05   1.7334321E+05   6.3505429E+04   0.0000000E+00   0.0000000E+00   0.0000000E+00   0.0000000E+00
   6.8409673E-01   1.6125668E+05   1.6125668E+05   1.6048290E-02   1.8807006E-02   4.8357881E-01   1.6042877E+05   1.6125668E+05   5.9077436E+04   0.0000000E+00   0.0000000E+00   0.0000000E+00   0.0000000E+00
   7.1742604E-01   1.4942705E+05   1.4942705E+05   1.3520094E-02   1.5845746E-02   4.0828712E-01   1.4865984E+05   1.4942705E+05   5.4743562E+04   0.0000000E+00   0.0000000E+00   0.0000000E+00   0.0000000E+00
   7.5435702E-01   1.3784792E+05   1.3784792E+05   1.1278674E-02   1.3221627E-02   3.4133958E-01   1.3714013E+05   1.3784792E+05   5.0501463E+04   0.0000000E+00   0.0000000E+00   0.0000000E+00   0.0000000E+00
   7.9557375E-01   1.2651199E+05   1.2651199E+05   9.3267260E-03   1.0909637E-02   2.8216536E-01   1.2586238E+05   1.2651199E+05   4.6348465E+04   0.0000000E+00   0.0000000E+00   0.0000000E+00   0.0000000E+00
   8.4183667E-01   1.1544550E+05   1.1544550E+05   7.5845869E-03   8.8912220E-03   2.3045900E-01   1.1485269E+05   1.1544550E+05   4.2294178E+04   0.0000000E+00   0.0000000E+00   0.0000000E+00   0.0000000E+00
   8.9391219E-01   1.0470962E+05   1.0470962E+05   6.0989178E-03   7.1521704E-03   1.8576988E-01   1.0417192E+05   1.0470962E+05   3.8361015E+04   0.0000000E+00   0.0000000E+00   0.0000000E+00   0.0000000E+00
   9.5245537E-01   9.4404789E+04   9.4404789E+04   4.8429178E-03   5.6799746E-03   1.4781732E-01   9.3919995E+04   9.4404789E+04   3.4585771E+04   0.0000000E+00   0.0000000E+00   0.0000000E+00   0.0000000E+00
   1.0178856E+00   8.4659491E+04   8.4659491E+04   3.8018730E-03   4.4598496E-03   1.1628156E-01   8.4224729E+04   8.4659491E+04   3.1015517E+04   0.0000000E+00   0.0000000E+00   0.0000000E+00   0.0000000E+00
   1.0903409E+00   7.5595701E+04   7.5595701E+04   2.9591405E-03   3.4706883E-03   9.0684991E-02   7.5207475E+04   7.5595701E+04   2.7694939E+04   0.0000000E+00   0.0000000E+00   0.0000000E+00   0.0000000E+00
   1.1697702E+00   6.7295824E+04   6.7295824E+04   2.2890654E-03   2.6842979E-03   7.0284533E-02   6.6950214E+04   6.7295824E+04   2.4654226E+04   0.0000000E+00   0.0000000E+00   0.0000000E+00   0.0000000E+00
   1.2561093E+00   5.9789470E+04   5.9789470E+04   1.7628949E-03   2.0683035E-03   5.4245261E-02   5.9482403E+04   5.9789470E+04   2.1904226E+04   0.0000000E+00   0.0000000E+00   0.0000000E+00   0.0000000E+00
   1.3494218E+00   5.3056133E+04   5.3056133E+04   1.3552616E-03   1.5903222E-03   4.1780268E-02   5.2783642E+04   5.3056133E+04   1.9437426E+04   0.0000000E+00   0.0000000E+00   0.0000000E+00   0.0000000E+00
   1.4499459E+00   4.7043316E+04   4.7043316E+04   1.0406887E-03   1.2213496E-03   3.2140347E-02   4.6801703E+04   4.7043316E+04   1.7234594E+04   0.0000000E+00   0.0000000E+00   0.0000000E+00   0.0000000E+00
   1.5580718E+00   4.1688221E+04   4.1688221E+04   7.9879275E-04   9.3731316E-04   2.4699697E-02   4.1474108E+04   4.1688221E+04   1.5272723E+04   0.0000000E+00   0.0000000E+00   0.0000000E+00   0.0000000E+00
   1.6743012E+00   3.6924784E+04   3.6924784E+04   6.1256271E-04   7.1894838E-04   1.8973200E-02   3.6735134E+04   3.6924784E+04   1.3527609E+04   0.0000000E+00   0.0000000E+00   0.0000000E+00   0.0000000E+00
   1.7992134E+00   3.2691344E+04   3.2691344E+04   4.6957382E-04   5.5120738E-04   1.4566780E-02   3.2523436E+04   3.2691344E+04   1.1976663E+04   0.0000000E+00   0.0000000E+00   0.0000000E+00   0.0000000E+00
   1.9334479E+00   2.8931172E+04   2.8931172E+04   3.5983438E-04   4.2242477E-04   1.1176218E-02   2.8782576E+04   2.8931172E+04   1.0599102E+04   0.0000000E+00   0.0000000E+00   0.0000000E+00   0.0000000E+00
   2.0776981E+00   2.5593265E+04   2.5593265E+04   2.7563654E-04   3.2360099E-04   8.5715141E-03   2.5461811E+04   2.5593265E+04   9.3762398E+03   0.0000000E+00   0.0000000E+00   0.0000000E+00   0.0000000E+00
   2.2327107E+00   2.2631607E+04   2.2631607E+04   2.1079781E-04   2.4779950E-04   6.5701988E-03   2.2515364E+04   2.2631607E+04   8.2912191E+03   0.0000000E+00   0.0000000E+00   0.0000000E+00   0.0000000E+00
   2.3992883E+00   2.0005175E+04   2.0005175E+04   1.6164121E-04   1.8968297E-04   5.0318462E-03   1.9902422E+04   2.0005175E+04   7.3290104E+03   0.0000000E+00   0.0000000E+00   0.0000000E+00   0.0000000E+00
   2.5782940E+00   1.7677070E+04   1.7677070E+04   1.2363436E-04   1.4514341E-04   3.8559865E-03   1.7586274E+04   1.7677070E+04   6.4760956E+03   0.0000000E+00   0.0000000E+00   0.0000000E+00   0.0000000E+00
   2.7706550E+00   1.5614356E+04   1.5614356E+04   9.4561539E-05   1.1102283E-04   2.9522290E-03   1.5534155E+04   1.5614356E+04   5.7204084E+03   0.0000000E+00   0.0000000E+00   0.0000000E+00   0.0000000E+00
   2.9773675E+00   1.3787598E+04   1.3787598E+04   7.2302880E-05   8.4894227E-05   2.2600284E-03   1.3716779E+04   1.3787598E+04   5.0511651E+03   0.0000000E+00   0.0000000E+00   0.0000000E+00   0.0000000E+00
   3.1995024E+00   1.2170494E+04   1.2170494E+04   5.5282038E-05   6.4893210E-05   1.7284175E-03   1.2107981E+04   1.2170494E+04   4.4587296E+03   0.0000000E+00   0.0000000E+00   0.0000000E+00   0.0000000E+00
   3.4382104E+00   1.0739572E+04   1.0739572E+04   4.2220262E-05   4.9588368E-05   1.3219022E-03   1.0684409E+04   1.0739572E+04   3.9345035E+03   0.0000000E+00   0.0000000E+00   0.0000000E+00   0.0000000E+00
   3.6947278E+00   9.4739060E+03   9.4739060E+03   3.2263199E-05   3.7881213E-05   1.0100171E-03   9.4252439E+03   9.4739060E+03   3.4708194E+03   0.0000000E+00   0.0000000E+00   0.0000000E+00   0.0000000E+00
   3.9703834E+00   8.3548440E+03   8.3548440E+03   2.4647199E-05   2.8929135E-05   7.7203582E-04   8.3119297E+03   8.3548440E+03   3.0608446E+03   0.0000000E+00   0.0000000E+00   0.0000000E+00   0.0000000E+00
   4.2666051E+00   7.3657768E+03   7.3657768E+03   1.8809052E-05   2.2086063E-05   5.8983410E-04   7.3279427E+03   7.3657768E+03   2.6984942E+03   0.0000000E+00   0.0000000E+00   0.0000000E+00   0.0000000E+00
   4.5849272E+00   6.4919222E+03   6.4919222E+03   1.4352340E-05   1.6856837E-05   4.5045539E-04   6.4585766E+03   6.4919222E+03   2.3783526E+03   0.0000000E+00   0.0000000E+00   0.0000000E+00   0.0000000E+00
   4.9269987E+00   5.7201323E+03   5.7201323E+03   1.0954391E-05   1.2862113E-05   3.4387429E-04   5.6907510E+03   5.7201323E+03   2.0956029E+03   0.0000000E+00   0.0000000E+00   0.0000000E+00   0.0000000E+00
   5.2945913E+00   5.0387196E+03   5.0387196E+03   8.3553863E-06   9.8113885E-06   2.6243624E-04   5.0128383E+03   5.0387196E+03   1.8459635E+03   0.0000000E+00   0.0000000E+00   0.0000000E+00   0.0000000E+00
   5.6896093E+00   4.4373007E+03   4.4373007E+03   6.3705874E-06   7.4822769E-06   2.0006679E-04   4.4145085E+03   4.4373007E+03   1.6256303E+03   0.0000000E+00   0.0000000E+00   0.0000000E+00   0.0000000E+00
   6.1140987E+00   3.9066558E+03   3.9066558E+03   4.8581293E-06   5.7046028E-06   1.5267658E-04   3.8865893E+03   3.9066558E+03   1.4312255E+03   0.0000000E+00   0.0000000E+00   0.0000000E+00   0.0000000E+00
   6.5702583E+00   3.4386028E+03   3.4386028E+03   3.7028910E-06   4.3481894E-06   1.1642807E-04   3.4209405E+03   3.4386028E+03   1.2597516E+03   0.0000000E+00   0.0000000E+00   0.0000000E+00   0.0000000E+00
   7.0604510E+00   3.0258842E+03   3.0258842E+03   2.8224926E-06   3.3134916E-06   8.8675980E-05   3.0103417E+03   3.0258842E+03   1.1085498E+03   0.0000000E+00   0.0000000E+00   0.0000000E+00   0.0000000E+00
   7.5872159E+00   2.6620654E+03   2.6620654E+03   2.1499068E-06   2.5244135E-06   6.7698278E-05   2.6483916E+03   2.6620654E+03   9.7526272E+02   0.0000000E+00   0.0000000E+00   0.0000000E+00   0.0000000E+00
   8.1532816E+00   2.3414445E+03   2.3414445E+03   1.6375055E-06   1.9228045E-06   5.1582753E-05   2.3294177E+03   2.3414445E+03   8.5780146E+02   0.0000000E+00   0.0000000E+00   0.0000000E+00   0.0000000E+00
   8.7615803E+00   2.0589712E+03   2.0589712E+03   1.2471624E-06   1.4642407E-06   3.9206631E-05   2.0483952E+03   2.0589712E+03   7.5431575E+02   0.0000000E+00   0.0000000E+00   0.0000000E+00   0.0000000E+00
   9.4152628E+00   1.8101738E+03   1.8101738E+03   9.4948345E-07   1.1147953E-06   2.9932892E-05   1.8008758E+03   1.8101738E+03   6.6316742E+02   0.0000000E+00   0.0000000E+00   0.0000000E+00   0.0000000E+00
   1.0117715E+01   1.5910952E+03   1.5910952E+03   7.2246844E-07   8.4856599E-07   2.2771431E-05   1.5829225E+03   1.5910952E+03   5.8290674E+02   0.0000000E+00   0.0000000E+00   0.0000000E+00   0.0000000E+00
