#           k/h    CDM            baryon         photon         nu             mass_nu        total          no_nu          total_de       Weyl           v_CDM          v_b            v_b-v_c     
   1.0125397E-05   3.5052178E+06   3.5052178E+06   4.6732263E+06   9.8422091E+03   2.5769925E+04   3.5054106E+06   3.5052178E+06   3.4971146E+06   0.0000000E+00   0.0000000E+00   0.0000000E+00   0.0000000E+00
   1.0880831E-05   3.5052173E+06   3.5052173E+06   4.6731642E+06   9.8421258E+03   2.5769570E+04   3.5054100E+06   3.5052173E+06   3.4971141E+06   0.0000000E+00   0.0000000E+00   0.0000000E+00   0.0000000E+00
   1.1692626E-05   3.5052168E+06   3.5052168E+06   4.6730924E+06   9.8420296E+03   2.5769160E+04   3.5054094E+06   3.5052168E+06   3.4971135E+06   0.0000000E+00   0.0000000E+00   0.0000000E+00   0.0000000E+00
   1.2564988E-05   3.5052161E+06   3.5052161E+06   4.6730095E+06   9.8419185E+03   2.5768688E+04   3.5054087E+06   3.5052161E+06   3.4971128E+06   0.0000000E+00   0.0000000E+00   0.0000000E+00   0.0000000E+00
   1.3502434E-05   3.5052154E+06   3.5052154E+06   4.6729138E+06   9.8417902E+03   2.5768142E+04   3.5054079E+06   3.5052154E+06   3.4971119E+06   0.0000000E+00   0.0000000E+00   0.0000000E+00   0.0000000E+00
   1.4509822E-05   3.5052145E+06   3.5052145E+06   4.6728032E+06   9.8416421E+03   2.5767511E+04   3.5054069E+06   3.5052145E+06   3.4971110E+06   0.0000000E+00   0.0000000E+00   0.0000000E+00   0.0000000E+00
   1.5592368E-05   3.5052135E+06   3.5052135E+06   4.6726756E+06   9.8414711E+03   2.5766783E+04   3.5054058E+06   3.5052135E+06   3.4971099E+06   0.0000000E+00   0.0000000E+00   0.0000000E+00   0.0000000E+00
   1.6755681E-05   3.5052123E+06   3.5052123E+06   4.6725282E+06   9.8412735E+03   2.5765942E+04   3.5054045E+06   3.5052123E+06   3.4971086E+06   0.0000000E+00   0.0000000E+00   0.0000000E+00   0.0000000E+00
   1.8005785E-05   3.5052110E+06   3.5052110E+06   4.6723580E+06   9.8410454E+03   2.5764971E+04   3.5054031E+06   3.5052110E+06   3.4971071E+06   0.0000000E+00   0.0000000E+00   0.0000000E+00   0.0000000E+00
   1.9349158E-05   3.5052094E+06   3.5052094E+06   4.6721614E+06   9.8407821E+03   2.5763850E+04   3.5054014E+06   3.5052094E+06   3.4971054E+06   0.0000000E+00   0.0000000E+00   0.0000000E+00   0.0000000E+00
   2.0792757E-05   3.5052076E+06   3.5052076E+06   4.6719345E+06   9.8404779E+03   2.5762556E+04   3.5053994E+06   3.5052076E+06   3.4971035E+06   0.0000000E+00   0.0000000E+00   0.0000000E+00   0.0000000E+00
   2.2344059E-05   3.5052056E+06   3.5052056E+06   4.6716724E+06   9.8401267E+03   2.5761062E+04   3.5053971E+06   3.5052056E+06   3.4971012E+06   0.0000000E+00   0.0000000E+00   0.0000000E+00   0.0000000E+00
   2.4011101E-05   3.5052032E+06   3.5052032E+06   4.6713698E+06   9.8397212E+03   2.5759336E+04   3.5053945E+06   3.5052032E+06   3.4970986E+06   0.0000000E+00   0.0000000E+00   0.0000000E+00   0.0000000E+00
   2.5802517E-05   3.5052004E+06   3.5052004E+06   4.6710203E+06   9.8392529E+03   2.5757343E+04   3.5053915E+06   3.5052004E+06   3.4970956E+06   0.0000000E+00   0.0000000E+00   0.0000000E+00   0.0000000E+00
   2.7727587E-05   3.5051973E+06   3.5051973E+06   4.6706168E+06   9.8387121E+03   2.5755043E+04   3.5053880E+06   3.5051973E+06   3.4970921E+06   0.0000000E+00   0.0000000E+00   0.0000000E+00   0.0000000E+00
   2.9796282E-05   3.5051936E+06   3.5051936E+06   4.6701509E+06   9.8380877E+03   2.5752387E+04   3.5053840E+06   3.5051936E+06   3.4970881E+06   0.0000000E+00   0.0000000E+00   0.0000000E+00   0.0000000E+00
   3.2019318E-05   3.5051893E+06   3.5051893E+06   4.6696130E+06   9.8373667E+03   2.5749321E+04   3.5053793E+06   3.5051893E+06   3.4970835E+06   0.0000000E+00   0.0000000E+00   0.0000000E+00   0.0000000E+00
   3.4408209E-05   3.5051844E+06   3.5051844E+06   4.6689918E+06   9.8365342E+03   2.5745781E+04   3.5053740E+06   3.5051844E+06   3.4970781E+06   0.0000000E+00   0.0000000E+00   0.0000000E+00   0.0000000E+00
   3.6975331E-05   3.5051788E+06   3.5051788E+06   4.6682746E+06   9.8355729E+03   2.5741694E+04   3.5053677E+06   3.5051788E+06   3.4970719E+06   0.0000000E+00   0.0000000E+00   0.0000000E+00   0.0000000E+00
   3.9733980E-05   3.5051723E+06   3.5051723E+06   4.6674465E+06   9.8344629E+03   2.5736976E+04   3.5053606E+06   3.5051723E+06   3.4970648E+06   0.0000000E+00   0.0000000E+00   0.0000000E+00   0.0000000E+00
   4.2698446E-05   3.5051647E+06   3.5051647E+06   4.6664904E+06   9.8331814E+03   2.5731531E+04   3.5053523E+06   3.5051647E+06   3.4970565E+06   0.0000000E+00   0.0000000E+00   0.0000000E+00   0.0000000E+00
   4.5884085E-05   3.5051560E+06   3.5051560E+06   4.6653866E+06   9.8317017E+03   2.5725245E+04   3.5053428E+06   3.5051560E+06   3.4970470E+06   0.0000000E+00   0.0000000E+00   0.0000000E+00   0.0000000E+00
   4.9307397E-05   3.5051459E+06   3.5051459E+06   4.6641122E+06   9.8299932E+03   2.5717990E+04   3.5053317E+06   3.5051459E+06   3.4970360E+06   0.0000000E+00   0.0000000E+00   0.0000000E+00   0.0000000E+00
   5.2986114E-05   3.5051343E+06   3.5051343E+06   4.6626410E+06   9.8280207E+03   2.5709618E+04   3.5053190E+06   3.5051343E+06   3.4970233E+06   0.0000000E+00   0.0000000E+00   0.0000000E+00   0.0000000E+00
   5.6939293E-05   3.5051209E+06   3.5051209E+06   4.6609426E+06   9.8257435E+03   2.5699957E+04   3.5053043E+06   3.5051209E+06   3.4970086E+06   0.0000000E+00   0.0000000E+00   0.0000000E+00   0.0000000E+00
   6.1187410E-05   3.5051054E+06   3.5051054E+06   4.6589820E+06   9.8231145E+03   2.5688810E+04   3.5052873E+06   3.5051054E+06   3.4969917E+06   0.0000000E+00   0.0000000E+00   0.0000000E+00   0.0000000E+00
   6.5752470E-05   3.5050876E+06   3.5050876E+06   4.6567190E+06   9.8200796E+03   2.5675950E+04   3.5052677E+06   3.5050876E+06   3.4969721E+06   0.0000000E+00   0.0000000E+00   0.0000000E+00   0.0000000E+00
   7.0658119E-05   3.5050669E+06   3.5050669E+06   4.6541070E+06   9.8165762E+03   2.5661116E+04   3.5052450E+06   3.5050669E+06   3.4969495E+06   0.0000000E+00   0.0000000E+00   0.0000000E+00   0.0000000E+00
   7.5929768E-05   3.5050431E+06   3.5050431E+06   4.6510925E+06   9.8125322E+03   2.5644008E+04   3.5052189E+06   3.5050431E+06   3.4969235E+06   0.0000000E+00   0.0000000E+00   0.0000000E+00   0.0000000E+00
   8.1594723E-05   3.5050156E+06   3.5050156E+06   4.6476137E+06   9.8078646E+03   2.5624281E+04   3.5051887E+06   3.5050156E+06   3.4968934E+06   0.0000000E+00   0.0000000E+00   0.0000000E+00   0.0000000E+00
   8.7682328E-05   3.5049838E+06   3.5049838E+06   4.6435995E+06   9.8024776E+03   2.5601541E+04   3.5051539E+06   3.5049838E+06   3.4968586E+06   0.0000000E+00   0.0000000E+00   0.0000000E+00   0.0000000E+00
   9.4224116E-05   3.5049471E+06   3.5049471E+06   4.6389680E+06   9.7962608E+03   2.5575332E+04   3.5051136E+06   3.5049471E+06   3.4968185E+06   0.0000000E+00   0.0000000E+00   0.0000000E+00   0.0000000E+00
   1.0125397E-04   3.5049048E+06   3.5049048E+06   4.6336253E+06   9.7890872E+03   2.5545136E+04   3.5050672E+06   3.5049048E+06   3.4967722E+06   0.0000000E+00   0.0000000E+00   0.0000000E+00   0.0000000E+00
   1.0880831E-04   3.5048559E+06   3.5048559E+06   4.6274628E+06   9.7808104E+03   2.5510359E+04   3.5050135E+06   3.5048559E+06   3.4967187E+06   0.0000000E+00   0.0000000E+00   0.0000000E+00   0.0000000E+00
   1.1692626E-04   3.5047994E+06   3.5047994E+06   4.6203562E+06   9.7712622E+03   2.5470321E+04   3.5049516E+06   3.5047994E+06   3.4966569E+06   0.0000000E+00   0.0000000E+00   0.0000000E+00   0.0000000E+00
   1.2564988E-04   3.5047343E+06   3.5047343E+06   4.6121626E+06   9.7602488E+03   2.5424251E+04   3.5048802E+06   3.5047343E+06   3.4965857E+06   0.0000000E+00   0.0000000E+00   0.0000000E+00   0.0000000E+00
   1.3502434E-04   3.5046590E+06   3.5046590E+06   4.6027180E+06   9.7475478E+03   2.5371267E+04   3.5047977E+06   3.5046590E+06   3.4965034E+06   0.0000000E+00   0.0000000E+00   0.0000000E+00   0.0000000E+00
   1.4509822E-04   3.5045722E+06   3.5045722E+06   4.5918345E+06   9.7329037E+03   2.5310371E+04   3.5047025E+06   3.5045722E+06   3.4964085E+06   0.0000000E+00   0.0000000E+00   0.0000000E+00   0.0000000E+00
   1.5592368E-04   3.5044721E+06   3.5044721E+06   4.5792969E+06   9.7160230E+03   2.5240435E+04   3.5045927E+06   3.5044721E+06   3.4962989E+06   0.0000000E+00   0.0000000E+00   0.0000000E+00   0.0000000E+00
   1.6755681E-04   3.5043564E+06   3.5043564E+06   4.5648594E+06   9.6965698E+03   2.5160185E+04   3.5044659E+06   3.5043564E+06   3.4961725E+06   0.0000000E+00   0.0000000E+00   0.0000000E+00   0.0000000E+00
   1.8005785E-04   3.5042230E+06   3.5042230E+06   4.5482413E+06   9.6741591E+03   2.5068193E+04   3.5043196E+06   3.5042230E+06   3.4960266E+06   0.0000000E+00   0.0000000E+00   0.0000000E+00   0.0000000E+00
   1.9349158E-04   3.5040691E+06   3.5040691E+06   4.5291229E+06   9.6483508E+03   2.4962861E+04   3.5041508E+06   3.5040691E+06   3.4958583E+06   0.0000000E+00   0.0000000E+00   0.0000000E+00   0.0000000E+00
   2.0792757E-04   3.5038915E+06   3.5038915E+06   4.5071407E+06   9.6186425E+03   2.4842421E+04   3.5039562E+06   3.5038915E+06   3.4956642E+06   0.0000000E+00   0.0000000E+00   0.0000000E+00   0.0000000E+00
   2.2344059E-04   3.5036867E+06   3.5036867E+06   4.4818829E+06   9.5844617E+03   2.4704919E+04   3.5037317E+06   3.5036867E+06   3.4954403E+06   0.0000000E+00   0.0000000E+00   0.0000000E+00   0.0000000E+00
   2.4011101E-04   3.5034505E+06   3.5034505E+06   4.4528839E+06   9.5451575E+03   2.4548226E+04   3.5034728E+06   3.5034505E+06   3.4951821E+06   0.0000000E+00   0.0000000E+00   0.0000000E+00   0.0000000E+00
   2.5802517E-04   3.5031782E+06   3.5031782E+06   4.4196196E+06   9.4999918E+03   2.4370045E+04   3.5031743E+06   3.5031782E+06   3.4948845E+06   0.0000000E+00   0.0000000E+00   0.0000000E+00   0.0000000E+00
   2.7727587E-04   3.5028642E+06   3.5028642E+06   4.3815025E+06   9.4481298E+03   2.4167933E+04   3.5028304E+06   3.5028642E+06   3.4945414E+06   0.0000000E+00   0.0000000E+00   0.0000000E+00   0.0000000E+00
   2.9796282E-04   3.5025024E+06   3.5025024E+06   4.3378770E+06   9.3886310E+03   2.3939344E+04   3.5024340E+06   3.5025024E+06   3.4941462E+06   0.0000000E+00   0.0000000E+00   0.0000000E+00   0.0000000E+00
   3.2019318E-04   3.5020856E+06   3.5020856E+06   4.2880171E+06   9.3204403E+03   2.3681694E+04   3.5019775E+06   3.5020856E+06   3.4936909E+06   0.0000000E+00   0.0000000E+00   0.0000000E+00   0.0000000E+00
   3.4408209E-04   3.5016056E+06   3.5016056E+06   4.2311236E+06   9.2423797E+03   2.3392458E+04   3.5014519E+06   3.5016056E+06   3.4931667E+06   0.0000000E+00   0.0000000E+00   0.0000000E+00   0.0000000E+00
   3.6975331E-04   3.5010531E+06   3.5010531E+06   4.1663260E+06   9.1531417E+03   2.3069303E+04   3.5008470E+06   3.5010531E+06   3.4925635E+06   0.0000000E+00   0.0000000E+00   0.0000000E+00   0.0000000E+00
   3.9733980E-04   3.5004173E+06   3.5004173E+06   4.0926861E+06   9.0512859E+03   2.2710288E+04   3.5001513E+06   3.5004173E+06   3.4918696E+06   0.0000000E+00   0.0000000E+00   0.0000000E+00   0.0000000E+00
   4.2698446E-04   3.4996862E+06   3.4996862E+06   4.0092078E+06   8.9352391E+03   2.2314107E+04   3.4993514E+06   3.4996862E+06   3.4910719E+06   0.0000000E+00   0.0000000E+00   0.0000000E+00   0.0000000E+00
   4.5884085E-04   3.4988459E+06   3.4988459E+06   3.9148527E+06   8.8033014E+03   2.1880431E+04   3.4984326E+06   3.4988459E+06   3.4901555E+06   0.0000000E+00   0.0000000E+00   0.0000000E+00   0.0000000E+00
   4.9307397E-04   3.4978809E+06   3.4978809E+06   3.8085649E+06   8.6536607E+03   2.1410325E+04   3.4973778E+06   3.4978809E+06   3.4891036E+06   0.0000000E+00   0.0000000E+00   0.0000000E+00   0.0000000E+00
   5.2986114E-04   3.4967734E+06   3.4967734E+06   3.6893067E+06   8.4844182E+03   2.0906774E+04   3.4961681E+06   3.4967734E+06   3.4878971E+06   0.0000000E+00   0.0000000E+00   0.0000000E+00   0.0000000E+00
   5.6939293E-04   3.4955038E+06   3.4955038E+06   3.5561083E+06   8.2936281E+03   2.0375306E+04   3.4947821E+06   3.4955038E+06   3.4865148E+06   0.0000000E+00   0.0000000E+00   0.0000000E+00   0.0000000E+00
   6.1187410E-04   3.4940497E+06   3.4940497E+06   3.4081339E+06   8.0793558E+03   1.9824711E+04   3.4931959E+06   3.4940497E+06   3.4849329E+06   0.0000000E+00   0.0000000E+00   0.0000000E+00   0.0000000E+00
   6.5752470E-04   3.4923863E+06   3.4923863E+06   3.2447675E+06   7.8397593E+03   1.9267808E+04   3.4913831E+06   3.4923863E+06   3.4831248E+06   0.0000000E+00   0.0000000E+00   0.0000000E+00   0.0000000E+00
   7.0658119E-04   3.4904860E+06   3.4904860E+06   3.0657197E+06   7.5731978E+03   1.8722213E+04   3.4893141E+06   3.4904860E+06   3.4810613E+06   0.0000000E+00   0.0000000E+00   0.0000000E+00   0.0000000E+00
   7.5929768E-04   3.4883183E+06   3.4883183E+06   2.8711564E+06   7.2783705E+03   1.8210973E+04   3.4869568E+06   3.4883183E+06   3.4787101E+06   0.0000000E+00   0.0000000E+00   0.0000000E+00   0.0000000E+00
   8.1594723E-04   3.4858499E+06   3.4858499E+06   2.6618457E+06   6.9544915E+03   1.7762880E+04   3.4842759E+06   3.4858499E+06   3.4760362E+06   0.0000000E+00   0.0000000E+00   0.0000000E+00   0.0000000E+00
   8.7682328E-04   3.4830441E+06   3.4830441E+06   2.4393182E+06   6.6014958E+03   1.7412208E+04   3.4812333E+06   3.4830441E+06   3.4730016E+06   0.0000000E+00   0.0000000E+00   0.0000000E+00   0.0000000E+00
   9.4224116E-04   3.4798614E+06   3.4798614E+06   2.2060248E+06   6.2202764E+03   1.7197495E+04   3.4777883E+06   3.4798614E+06   3.4695654E+06   0.0000000E+00   0.0000000E+00   0.0000000E+00   0.0000000E+00
   1.0125397E-03   3.4762596E+06   3.4762596E+06   1.9654720E+06   5.8129360E+03   1.7158922E+04   3.4738974E+06   3.4762596E+06   3.4656844E+06   0.0000000E+00   0.0000000E+00   0.0000000E+00   0.0000000E+00
   1.0880831E-03   3.4721933E+06   3.4721933E+06   1.7222991E+06   5.3830339E+03   1.7333820E+04   3.4695151E+06   3.4721933E+06   3.4613131E+06   0.0000000E+00   0.0000000E+00   0.0000000E+00   0.0000000E+00
   1.1692626E-03   3.4676148E+06   3.4676148E+06   1.4822547E+06   4.9357892E+03   1.7749892E+04   3.4645940E+06   3.4676148E+06   3.4564043E+06   0.0000000E+00   0.0000000E+00   0.0000000E+00   0.0000000E+00
   1.2564988E-03   3.4624743E+06   3.4624743E+06   1.2520162E+06   4.4781914E+03   1.8416073E+04   3.4590855E+06   3.4624743E+06   3.4509094E+06   0.0000000E+00   0.0000000E+00   0.0000000E+00   0.0000000E+00
   1.3502434E-03   3.4567196E+06   3.4567196E+06   1.0387955E+06   4.0189495E+03   1.9311560E+04   3.4529400E+06   3.4567196E+06   3.4447789E+06   0.0000000E+00   0.0000000E+00   0.0000000E+00   0.0000000E+00
   1.4509822E-03   3.4502969E+06   3.4502969E+06   8.4968717E+05   3.5682050E+03   2.0374689E+04   3.4461075E+06   3.4502969E+06   3.4379627E+06   0.0000000E+00   0.0000000E+00   0.0000000E+00   0.0000000E+00
   1.5592368E-03   3.4431503E+06   3.4431503E+06   6.9074999E+05   3.1369372E+03   2.1494862E+04   3.4385372E+06   3.4431503E+06   3.4304103E+06   0.0000000E+00   0.0000000E+00   0.0000000E+00   0.0000000E+00
   1.6755681E-03   3.4352219E+06   3.4352219E+06   5.6588984E+05   2.7360189E+03   2.2512579E+04   3.4301779E+06   3.4352219E+06   3.4220704E+06   0.0000000E+00   0.0000000E+00   0.0000000E+00   0.0000000E+00
   1.8005785E-03   3.4264510E+06   3.4264510E+06   4.7572159E+05   2.3749486E+03   2.3233957E+04   3.4209766E+06   3.4264510E+06   3.4128901E+06   0.0000000E+00   0.0000000E+00   0.0000000E+00   0.0000000E+00
   1.9349158E-03   3.4167734E+06   3.4167734E+06   4.1672690E+05   2.0603978E+03   2.3465559E+04   3.4108775E+06   3.4167734E+06   3.4028138E+06   0.0000000E+00   0.0000000E+00   0.0000000E+00   0.0000000E+00
   2.0792757E-03   3.4061206E+06   3.4061206E+06   3.8114268E+05   1.7948580E+03   2.3070902E+04   3.3998204E+06   3.4061206E+06   3.3917812E+06   0.0000000E+00   0.0000000E+00   0.0000000E+00   0.0000000E+00
   2.2344059E-03   3.3944188E+06   3.3944188E+06   3.5802547E+05   1.5758215E+03   2.2039551E+04   3.3877389E+06   3.3944188E+06   3.3797262E+06   0.0000000E+00   0.0000000E+00   0.0000000E+00   0.0000000E+00
   2.4011101E-03   3.3815889E+06   3.3815889E+06   3.3571360E+05   1.3959905E+03   2.0543503E+04   3.3745594E+06   3.3815889E+06   3.3665753E+06   0.0000000E+00   0.0000000E+00   0.0000000E+00   0.0000000E+00
   2.5802517E-03   3.3675477E+06   3.3675477E+06   3.0535504E+05   1.2448701E+03   1.8939166E+04   3.3602006E+06   3.3675477E+06   3.3522476E+06   0.0000000E+00   0.0000000E+00   0.0000000E+00   0.0000000E+00
   2.7727587E-03   3.3522091E+06   3.3522091E+06   2.6432870E+05   1.1116588E+03   1.7671395E+04   3.3445752E+06   3.3522091E+06   3.3366559E+06   0.0000000E+00   0.0000000E+00   0.0000000E+00   0.0000000E+00
   2.9796282E-03   3.3354868E+06   3.3354868E+06   2.1763425E+05   9.8861424E+02   1.7070182E+04   3.3275919E+06   3.3354868E+06   3.3197095E+06   0.0000000E+00   0.0000000E+00   0.0000000E+00   0.0000000E+00
   3.2019318E-03   3.3172960E+06   3.3172960E+06   1.7542378E+05   8.7335083E+02   1.7113564E+04   3.3091589E+06   3.3172960E+06   3.3013167E+06   0.0000000E+00   0.0000000E+00   0.0000000E+00   0.0000000E+00
   3.4408209E-03   3.2975529E+06   3.2975529E+06   1.4662969E+05   7.6842333E+02   1.7332069E+04   3.2891850E+06   3.2975529E+06   3.2813867E+06   0.0000000E+00   0.0000000E+00   0.0000000E+00   0.0000000E+00
   3.6975331E-03   3.2761720E+06   3.2761720E+06   1.3201401E+05   6.7776198E+02   1.7046443E+04   3.2675797E+06   3.2761720E+06   3.2598294E+06   0.0000000E+00   0.0000000E+00   0.0000000E+00   0.0000000E+00
   3.9733980E-03   3.2530617E+06   3.2530617E+06   1.2264242E+05   6.0196823E+02   1.5922440E+04   3.2442503E+06   3.2530617E+06   3.2365523E+06   0.0000000E+00   0.0000000E+00   0.0000000E+00   0.0000000E+00
   4.2698446E-03   3.2281227E+06   3.2281227E+06   1.0755683E+05   5.3646817E+02   1.4407996E+04   3.2191005E+06   3.2281227E+06   3.2114593E+06   0.0000000E+00   0.0000000E+00   0.0000000E+00   0.0000000E+00
   4.5884085E-03   3.2012504E+06   3.2012504E+06   8.5403588E+04   4.7512960E+02   1.3406605E+04   3.1920313E+06   3.2012504E+06   3.1844517E+06   0.0000000E+00   0.0000000E+00   0.0000000E+00   0.0000000E+00
   4.9307397E-03   3.1723417E+06   3.1723417E+06   6.6360462E+04   4.1630840E+02   1.3191997E+04   3.1629450E+06   3.1723417E+06   3.1554322E+06   0.0000000E+00   0.0000000E+00   0.0000000E+00   0.0000000E+00
   5.2986114E-03   3.1412970E+06   3.1412970E+06   5.8101644E+04   3.6373484E+02   1.2884691E+04   3.1317460E+06   3.1412970E+06   3.1243051E+06   0.0000000E+00   0.0000000E+00   0.0000000E+00   0.0000000E+00
   5.6939293E-03   3.1080180E+06   3.1080180E+06   5.3498173E+04   3.1982650E+02   1.1746805E+04   3.0983375E+06   3.1080180E+06   3.0909740E+06   0.0000000E+00   0.0000000E+00   0.0000000E+00   0.0000000E+00
   6.1187410E-03   3.0724008E+06   3.0724008E+06   4.2960518E+04   2.8120435E+02   1.0622319E+04   3.0626150E+06   3.0724008E+06   3.0553348E+06   0.0000000E+00   0.0000000E+00   0.0000000E+00   0.0000000E+00
   6.5752470E-03   3.0343379E+06   3.0343379E+06   3.3003614E+04   2.4486559E+02   1.0374270E+04   3.0244679E+06   3.0343379E+06   3.0172769E+06   0.0000000E+00   0.0000000E+00   0.0000000E+00   0.0000000E+00
   7.0658119E-03   2.9937215E+06   2.9937215E+06   3.1095144E+04   2.1325309E+02   9.8260029E+03   2.9837845E+06   2.9937215E+06   2.9766889E+06   0.0000000E+00   0.0000000E+00   0.0000000E+00   0.0000000E+00
   7.5929768E-03   2.9504405E+06   2.9504405E+06   2.7410330E+04   1.8668947E+02   8.5361259E+03   2.9404559E+06   2.9504405E+06   2.9334622E+06   0.0000000E+00   0.0000000E+00   0.0000000E+00   0.0000000E+00
   8.1594723E-03   2.9043810E+06   2.9043810E+06   2.1162754E+04   1.6169907E+02   8.0615234E+03   2.8943778E+06   2.9043810E+06   2.8874927E+06   0.0000000E+00   0.0000000E+00   0.0000000E+00   0.0000000E+00
   8.7682328E-03   2.8554322E+06   2.8554322E+06   2.0570561E+04   1.3991404E+02   7.4333483E+03   2.8454427E+06   2.8554322E+06   2.8386731E+06   0.0000000E+00   0.0000000E+00   0.0000000E+00   0.0000000E+00
   9.4224116E-03   2.8034786E+06   2.8034786E+06   1.6633281E+04   1.2175268E+02   6.3673781E+03   2.7935250E+06   2.8034786E+06   2.7868782E+06   0.0000000E+00   0.0000000E+00   0.0000000E+00   0.0000000E+00
   1.0125397E-02   2.7484006E+06   2.7484006E+06   1.4117608E+04   1.0480554E+02   6.0529007E+03   2.7385017E+06   2.7484006E+06   2.7319852E+06   0.0000000E+00   0.0000000E+00   0.0000000E+00   0.0000000E+00
   1.0880831E-02   2.6900819E+06   2.6900819E+06   1.2146269E+04   9.0399805E+01   5.1085665E+03   2.6802686E+06   2.6900819E+06   2.6738901E+06   0.0000000E+00   0.0000000E+00   0.0000000E+00   0.0000000E+00
   1.1692626E-02   2.6284050E+06   2.6284050E+06   9.7188426E+03   7.7483405E+01   4.8892324E+03   2.6187046E+06   2.6284050E+06   2.6124721E+06   0.0000000E+00   0.0000000E+00   0.0000000E+00   0.0000000E+00
   1.2564988E-02   2.5632574E+06   2.5632574E+06   8.2841414E+03   6.6505176E+01   4.1229171E+03   2.5536919E+06   2.5632574E+06   2.5476138E+06   0.0000000E+00   0.0000000E+00   0.0000000E+00   0.0000000E+00
   1.3502434E-02   2.4945349E+06   2.4945349E+06   7.2884216E+03   5.6624209E+01   3.8951800E+03   2.4851339E+06   2.4945349E+06   2.4792187E+06   0.0000000E+00   0.0000000E+00   0.0000000E+00   0.0000000E+00
   1.4509822E-02   2.4221469E+06   2.4221469E+06   5.6507264E+03   4.8301497E+01   3.3385093E+03   2.4129345E+06   2.4221469E+06   2.4071908E+06   0.0000000E+00   0.0000000E+00   0.0000000E+00   0.0000000E+00
   1.5592368E-02   2.3460253E+06   2.3460253E+06   5.2389531E+03   4.1016769E+01   2.8343552E+03   2.3370268E+06   2.3460253E+06   2.3314636E+06   0.0000000E+00   0.0000000E+00   0.0000000E+00   0.0000000E+00
   1.6755681E-02   2.2661352E+06   2.2661352E+06   4.3526036E+03   3.4652823E+01   2.6044101E+03   2.2573775E+06   2.2661352E+06   2.2520037E+06   0.0000000E+00   0.0000000E+00   0.0000000E+00   0.0000000E+00
   1.8005785E-02   2.1824904E+06   2.1824904E+06   3.3458430E+03   2.9212744E+01   2.2900081E+03   2.1739962E+06   2.1824904E+06   2.1688207E+06   0.0000000E+00   0.0000000E+00   0.0000000E+00   0.0000000E+00
   1.9349158E-02   2.0951700E+06   2.0951700E+06   2.7354522E+03   2.4548765E+01   1.9436537E+03   2.0869646E+06   2.0951700E+06   2.0819961E+06   0.0000000E+00   0.0000000E+00   0.0000000E+00   0.0000000E+00
   2.0792755E-02   2.0043423E+06   2.0043423E+06   2.3128217E+03   2.0536452E+01   1.6397701E+03   1.9964470E+06   2.0043423E+06   1.9916939E+06   0.0000000E+00   0.0000000E+00   0.0000000E+00   0.0000000E+00
   2.2344050E-02   1.9102895E+06   1.9102895E+06   1.9131119E+03   1.7119956E+01   1.3933234E+03   1.9027253E+06   1.9102895E+06   1.8981952E+06   0.0000000E+00   0.0000000E+00   0.0000000E+00   0.0000000E+00
   2.4011049E-02   1.8134380E+06   1.8134380E+06   1.5646914E+03   1.4196639E+01   1.2026504E+03   1.8062238E+06   1.8134380E+06   1.8019234E+06   0.0000000E+00   0.0000000E+00   0.0000000E+00   0.0000000E+00
   2.5802268E-02   1.7143913E+06   1.7143913E+06   1.2978165E+03   1.1720182E+01   1.0346016E+03   1.7075419E+06   1.7143913E+06   1.7034764E+06   0.0000000E+00   0.0000000E+00   0.0000000E+00   0.0000000E+00
   2.7726540E-02   1.6139664E+06   1.6139664E+06   1.0895414E+03   9.6366008E+00   8.6953598E+02   1.6074934E+06   1.6139664E+06   1.6036661E+06   0.0000000E+00   0.0000000E+00   0.0000000E+00   0.0000000E+00
   2.9792419E-02   1.5132370E+06   1.5132370E+06   8.7991056E+02   7.8898093E+00   7.1489322E+02   1.5071471E+06   1.5132370E+06   1.5035587E+06   0.0000000E+00   0.0000000E+00   0.0000000E+00   0.0000000E+00
   3.2006711E-02   1.4135822E+06   1.4135822E+06   7.1510111E+02   6.4321915E+00   6.0442865E+02   1.4078759E+06   1.4135822E+06   1.4045237E+06   0.0000000E+00   0.0000000E+00   0.0000000E+00   0.0000000E+00
   3.4371566E-02   1.3167234E+06   1.3167234E+06   5.6576739E+02   5.2296064E+00   4.9146208E+02   1.3113934E+06   1.3167234E+06   1.3082710E+06   0.0000000E+00   0.0000000E+00   0.0000000E+00   0.0000000E+00
   3.6880048E-02   1.2246957E+06   1.2246957E+06   4.7754256E+02   4.2476579E+00   4.1425956E+02   1.2197262E+06   1.2246957E+06   1.2168220E+06   0.0000000E+00   0.0000000E+00   0.0000000E+00   0.0000000E+00
   3.9511671E-02   1.1396568E+06   1.1396568E+06   3.6624052E+02   3.4579912E+00   3.4983674E+02   1.1350225E+06   1.1396568E+06   1.1323200E+06   0.0000000E+00   0.0000000E+00   0.0000000E+00   0.0000000E+00
   4.2231731E-02   1.0634730E+06   1.0634730E+06   3.0031224E+02   2.8326939E+00   2.7580891E+02   1.0591404E+06   1.0634730E+06   1.0566185E+06   0.0000000E+00   0.0000000E+00   0.0000000E+00   0.0000000E+00
   4.4997936E-02   9.9721036E+05   9.9721036E+05   2.6265066E+02   2.3412417E+00   2.3545613E+02   9.9314125E+05   9.9721036E+05   9.9077651E+05   0.0000000E+00   0.0000000E+00   0.0000000E+00   0.0000000E+00
   4.7772105E-02   9.4085069E+05   9.4085069E+05   2.1609292E+02   1.9581253E+00   2.1112147E+02   9.3700633E+05   9.4085069E+05   9.3477525E+05   0.0000000E+00   0.0000000E+00   0.0000000E+00   0.0000000E+00
   5.0529239E-02   8.9342867E+05   8.9342867E+05   1.7363810E+02   1.6588793E+00   1.7936866E+02   8.8977387E+05   8.9342867E+05   8.8765524E+05   0.0000000E+00   0.0000000E+00   0.0000000E+00   0.0000000E+00
   5.3259155E-02   8.5343866E+05   8.5343866E+05   1.5339854E+02   1.4227526E+00   1.4792841E+02   8.4994401E+05   8.5343866E+05   8.4792021E+05   0.0000000E+00   0.0000000E+00   0.0000000E+00   0.0000000E+00
   5.5962773E-02   8.1922604E+05   8.1922604E+05   1.3905737E+02   1.2329666E+00   1.3477652E+02   8.1586860E+05   8.1922604E+05   8.1392594E+05   0.0000000E+00   0.0000000E+00   0.0000000E+00   0.0000000E+00
   5.8647342E-02   7.8922680E+05   7.8922680E+05   1.1708766E+02   1.0779864E+00   1.2448127E+02   7.8598989E+05   7.8922680E+05   7.8411836E+05   0.0000000E+00   0.0000000E+00   0.0000000E+00   0.0000000E+00
   6.1322862E-02   7.6207193E+05   7.6207193E+05   1.0122572E+02   9.4955610E-01   1.0488890E+02   7.5894434E+05   7.6207193E+05   7.5713721E+05   0.0000000E+00   0.0000000E+00   0.0000000E+00   0.0000000E+00
   6.4000019E-02   7.3661705E+05   7.3661705E+05   9.4952905E+01   8.4077996E-01   9.2829703E+01   7.3359215E+05   7.3661705E+05   7.3184539E+05   0.0000000E+00   0.0000000E+00   0.0000000E+00   0.0000000E+00
   6.6689178E-02   7.1194229E+05   7.1194229E+05   8.3479767E+01   7.4709341E-01   8.9965582E+01   7.0901717E+05   7.1194229E+05   7.0732892E+05   0.0000000E+00   0.0000000E+00   0.0000000E+00   0.0000000E+00
   6.9399995E-02   6.8734473E+05   6.8734473E+05   7.0368424E+01   6.6572660E-01   7.7790272E+01   6.8451933E+05   6.8734473E+05   6.8288941E+05   0.0000000E+00   0.0000000E+00   0.0000000E+00   0.0000000E+00
   7.2141322E-02   6.6233146E+05   6.6233146E+05   6.5578970E+01   5.9398457E-01   6.5309226E+01   6.5960771E+05   6.6233146E+05   6.5803710E+05   0.0000000E+00   0.0000000E+00   0.0000000E+00   0.0000000E+00
   7.4921259E-02   6.3661393E+05   6.3661393E+05   6.0869017E+01   5.2998054E-01   6.2682636E+01   6.3399491E+05   6.3661393E+05   6.3248529E+05   0.0000000E+00   0.0000000E+00   0.0000000E+00   0.0000000E+00
   7.7747253E-02   6.1010161E+05   6.1010161E+05   5.2013064E+01   4.7272003E-01   5.9485219E+01   6.0759075E+05   6.1010161E+05   6.0614400E+05   0.0000000E+00   0.0000000E+00   0.0000000E+00   0.0000000E+00
   8.0626206E-02   5.8289178E+05   5.8289178E+05   4.4442484E+01   4.2136929E-01   5.1499823E+01   5.8049211E+05   5.8289178E+05   5.7910988E+05   0.0000000E+00   0.0000000E+00   0.0000000E+00   0.0000000E+00
   8.3564584E-02   5.5525246E+05   5.5525246E+05   3.9680105E+01   3.7520075E-01   4.3826198E+01   5.5296588E+05   5.5525246E+05   5.5164920E+05   0.0000000E+00   0.0000000E+00   0.0000000E+00   0.0000000E+00
   8.6568506E-02   5.2759566E+05   5.2759566E+05   3.5760164E+01   3.3369820E-01   3.8711039E+01   5.2542235E+05   5.2759566E+05   5.2417125E+05   0.0000000E+00   0.0000000E+00   0.0000000E+00   0.0000000E+00
   8.9643822E-02   5.0043935E+05   5.0043935E+05   3.1817678E+01   2.9650686E-01   3.5095396E+01   4.9837735E+05   5.0043935E+05   4.9719065E+05   0.0000000E+00   0.0000000E+00   0.0000000E+00   0.0000000E+00
   9.2796182E-02   4.7435783E+05   4.7435783E+05   2.8108476E+01   2.6339574E-01   3.1879435E+01   4.7240282E+05   4.7435783E+05   4.7127797E+05   0.0000000E+00   0.0000000E+00   0.0000000E+00   0.0000000E+00
   9.6031084E-02   4.4992190E+05   4.4992190E+05   2.4974984E+01   2.3411606E-01   2.9094078E+01   4.4806717E+05   4.4992190E+05   4.4700027E+05   0.0000000E+00   0.0000000E+00   0.0000000E+00   0.0000000E+00
   9.9353925E-02   4.2763239E+05   4.2763239E+05   2.2552393E+01   2.0840168E-01   2.6148681E+01   4.2586917E+05   4.2763239E+05   4.2485512E+05   0.0000000E+00   0.0000000E+00   0.0000000E+00   0.0000000E+00
   1.0277003E-01   4.0785302E+05   4.0785302E+05   2.0528306E+01   1.8594361E-01   2.2604670E+01   4.0617102E+05   4.0785302E+05   4.0520387E+05   0.0000000E+00   0.0000000E+00   0.0000000E+00   0.0000000E+00
   1.0628469E-01   3.9075052E+05   3.9075052E+05   1.8048452E+01   1.6645388E-01   1.8849324E+01   3.8913875E+05   3.9075052E+05   3.8821216E+05   0.0000000E+00   0.0000000E+00   0.0000000E+00   0.0000000E+00
   1.0990318E-01   3.7625160E+05   3.7625160E+05   1.5414046E+01   1.4951733E-01   1.7968566E+01   3.7469936E+05   3.7625160E+05   3.7380714E+05   0.0000000E+00   0.0000000E+00   0.0000000E+00   0.0000000E+00
   1.1363077E-01   3.6402661E+05   3.6402661E+05   1.4643992E+01   1.3480895E-01   1.7777505E+01   3.6252456E+05   3.6402661E+05   3.6166134E+05   0.0000000E+00   0.0000000E+00   0.0000000E+00   0.0000000E+00
   1.1747276E-01   3.5350850E+05   3.5350850E+05   1.3235946E+01   1.2194415E-01   1.4138789E+01   3.5204963E+05   3.5350850E+05   3.5121135E+05   0.0000000E+00   0.0000000E+00   0.0000000E+00   0.0000000E+00
   1.2143447E-01   3.4395176E+05   3.4395176E+05   1.1912447E+01   1.1051164E-01   1.4775716E+01   3.4253211E+05   3.4395176E+05   3.4171649E+05   0.0000000E+00   0.0000000E+00   0.0000000E+00   0.0000000E+00
   1.2552128E-01   3.3453013E+05   3.3453013E+05   1.0787014E+01   1.0021195E-01   1.1918447E+01   3.3314918E+05   3.3453013E+05   3.3235591E+05   0.0000000E+00   0.0000000E+00   0.0000000E+00   0.0000000E+00
   1.2973859E-01   3.2446399E+05   3.2446399E+05   1.0188209E+01   9.0742945E-02   1.1713841E+01   3.2312442E+05   3.2446399E+05   3.2235502E+05   0.0000000E+00   0.0000000E+00   0.0000000E+00   0.0000000E+00
   1.3409188E-01   3.1315895E+05   3.1315895E+05   8.9050796E+00   8.1929628E-02   1.1213223E+01   3.1186590E+05   3.1315895E+05   3.1112330E+05   0.0000000E+00   0.0000000E+00   0.0000000E+00   0.0000000E+00
   1.3858669E-01   3.0032971E+05   3.0032971E+05   7.8207250E+00   7.3663271E-02   9.7122820E+00   2.9908950E+05   3.0032971E+05   2.9837733E+05   0.0000000E+00   0.0000000E+00   0.0000000E+00   0.0000000E+00
   1.4322861E-01   2.8607887E+05   2.8607887E+05   7.0001595E+00   6.5908111E-02   8.5210524E+00   2.8489738E+05   2.8607887E+05   2.8421899E+05   0.0000000E+00   0.0000000E+00   0.0000000E+00   0.0000000E+00
   1.4802331E-01   2.7090256E+05   2.7090256E+05   6.2926359E+00   5.8704601E-02   7.6660604E+00   2.6978363E+05   2.7090256E+05   2.6914124E+05   0.0000000E+00   0.0000000E+00   0.0000000E+00   0.0000000E+00
   1.5297654E-01   2.5560604E+05   2.5560604E+05   5.6433914E+00   5.2128670E-02   6.6081626E+00   2.5455019E+05   2.5560604E+05   2.5394407E+05   0.0000000E+00   0.0000000E+00   0.0000000E+00   0.0000000E+00
   1.5809412E-01   2.4113168E+05   2.4113168E+05   4.9123698E+00   4.6247386E-02   5.6672535E+00   2.4013554E+05   2.4113168E+05   2.3956374E+05   0.0000000E+00   0.0000000E+00   0.0000000E+00   0.0000000E+00
   1.6338199E-01   2.2832811E+05   2.2832811E+05   4.3279667E+00   4.1104962E-02   5.5509889E+00   2.2738478E+05   2.2832811E+05   2.2684334E+05   0.0000000E+00   0.0000000E+00   0.0000000E+00   0.0000000E+00
   1.6884615E-01   2.1771456E+05   2.1771456E+05   4.0064801E+00   3.6695674E-02   4.5063233E+00   2.1681501E+05   2.1771456E+05   2.1629875E+05   0.0000000E+00   0.0000000E+00   0.0000000E+00   0.0000000E+00
   1.7449275E-01   2.0931096E+05   2.0931096E+05   3.4750117E+00   3.2939620E-02   4.4705022E+00   2.0844607E+05   2.0931096E+05   2.0794973E+05   0.0000000E+00   0.0000000E+00   0.0000000E+00   0.0000000E+00
   1.8032803E-01   2.0260032E+05   2.0260032E+05   3.1646093E+00   2.9717935E-02   3.6109749E+00   2.0176310E+05   2.0260032E+05   2.0128267E+05   0.0000000E+00   0.0000000E+00   0.0000000E+00   0.0000000E+00
   1.8635841E-01   1.9666082E+05   1.9666082E+05   2.9495279E+00   2.6880037E-02   3.3427066E+00   1.9584809E+05   1.9666082E+05   1.9538175E+05   0.0000000E+00   0.0000000E+00   0.0000000E+00   0.0000000E+00
   1.9259043E-01   1.9045126E+05   1.9045126E+05   2.6848045E+00   2.4292649E-02   3.0851152E+00   1.8966414E+05   1.9045126E+05   1.8921253E+05   0.0000000E+00   0.0000000E+00   0.0000000E+00   0.0000000E+00
   1.9903086E-01   1.8316970E+05   1.8316970E+05   2.3952517E+00   2.1858580E-02   2.7327989E+00   1.8241264E+05   1.8316970E+05   1.8197829E+05   0.0000000E+00   0.0000000E+00   0.0000000E+00   0.0000000E+00
   2.0568666E-01   1.7455642E+05   1.7455642E+05   2.0991783E+00   1.9542708E-02   2.5677097E+00   1.7383492E+05   1.7455642E+05   1.7342099E+05   0.0000000E+00   0.0000000E+00   0.0000000E+00   0.0000000E+00
   2.1256507E-01   1.6500658E+05   1.6500658E+05   1.8796593E+00   1.7368567E-02   2.2697775E+00   1.6432451E+05   1.6500658E+05   1.6393323E+05   0.0000000E+00   0.0000000E+00   0.0000000E+00   0.0000000E+00
   2.1967361E-01   1.5541437E+05   1.5541437E+05   1.6402899E+00   1.5384956E-02   2.1020262E+00   1.5477193E+05   1.5541437E+05   1.5440339E+05   0.0000000E+00   0.0000000E+00   0.0000000E+00   0.0000000E+00
   2.2702014E-01   1.4678158E+05   1.4678158E+05   1.4611064E+00   1.3643813E-02   1.6839402E+00   1.4617479E+05   1.4678158E+05   1.4582673E+05   0.0000000E+00   0.0000000E+00   0.0000000E+00   0.0000000E+00
   2.3461292E-01   1.3974783E+05   1.3974783E+05   1.3219546E+00   1.2160380E-02   1.5825364E+00   1.3917010E+05   1.3974783E+05   1.3883871E+05   0.0000000E+00   0.0000000E+00   0.0000000E+00   0.0000000E+00
   2.4246069E-01   1.3427226E+05   1.3427226E+05   1.1882632E+00   1.0907341E-02   1.4567029E+00   1.3371714E+05   1.3427226E+05   1.3339874E+05   0.0000000E+00   0.0000000E+00   0.0000000E+00   0.0000000E+00
   2.5057269E-01   1.2965596E+05   1.2965596E+05   1.0704495E+00   9.8228161E-03   1.2792819E+00   1.2911990E+05   1.2965596E+05   1.2881245E+05   0.0000000E+00   0.0000000E+00   0.0000000E+00   0.0000000E+00
   2.5895882E-01   1.2493081E+05   1.2493081E+05   9.4600724E-01   8.8392560E-03   1.1722297E+00   1.2441427E+05   1.2493081E+05   1.2411802E+05   0.0000000E+00   0.0000000E+00   0.0000000E+00   0.0000000E+00
   2.6762966E-01   1.1942102E+05   1.1942102E+05   8.5922836E-01   7.9119818E-03   1.0595047E+00   1.1892724E+05   1.1942102E+05   1.1864406E+05   0.0000000E+00   0.0000000E+00   0.0000000E+00   0.0000000E+00
   2.7659664E-01   1.1314076E+05   1.1314076E+05   7.6203598E-01   7.0363705E-03   9.4876921E-01   1.1267294E+05   1.1314076E+05   1.1240465E+05   0.0000000E+00   0.0000000E+00   0.0000000E+00   0.0000000E+00
   2.8587211E-01   1.0675053E+05   1.0675053E+05   6.7455816E-01   6.2351390E-03   8.5511717E-01   1.0630912E+05   1.0675053E+05   1.0605598E+05   0.0000000E+00   0.0000000E+00   0.0000000E+00   0.0000000E+00
   2.9546954E-01   1.0106796E+05   1.0106796E+05   5.9823200E-01   5.5340207E-03   7.5442788E-01   1.0065003E+05   1.0106796E+05   1.0041037E+05   0.0000000E+00   0.0000000E+00   0.0000000E+00   0.0000000E+00
   3.0540367E-01   9.6462440E+04   9.6462440E+04   5.3243495E-01   4.9378205E-03   6.3889469E-01   9.6063549E+04   9.6462440E+04   9.5834808E+04   0.0000000E+00   0.0000000E+00   0.0000000E+00   0.0000000E+00
   3.1569068E-01   9.2596570E+04   9.2596570E+04   4.7588707E-01   4.4244605E-03   6.1143075E-01   9.2213657E+04   9.2596570E+04   9.1994082E+04   0.0000000E+00   0.0000000E+00   0.0000000E+00   0.0000000E+00
   3.2634845E-01   8.8744391E+04   8.8744391E+04   4.2625042E-01   3.9613402E-03   5.4560318E-01   8.8377399E+04   8.8744391E+04   8.8166959E+04   0.0000000E+00   0.0000000E+00   0.0000000E+00   0.0000000E+00
   3.3739684E-01   8.4435908E+04   8.4435908E+04   3.8124200E-01   3.5285071E-03   4.8329794E-01   8.4086726E+04   8.4435908E+04   8.3886503E+04   0.0000000E+00   0.0000000E+00   0.0000000E+00   0.0000000E+00
   3.4885799E-01   7.9849577E+04   7.9849577E+04   3.3801722E-01   3.1277127E-03   4.2504651E-01   7.9519355E+04   7.9849577E+04   7.9330007E+04   0.0000000E+00   0.0000000E+00   0.0000000E+00   0.0000000E+00
   3.6075669E-01   7.5566919E+04   7.5566919E+04   2.9682866E-01   2.7715103E-03   3.8183169E-01   7.5254402E+04   7.5566919E+04   7.5075210E+04   0.0000000E+00   0.0000000E+00   0.0000000E+00   0.0000000E+00
   3.7312090E-01   7.1930074E+04   7.1930074E+04   2.6410400E-01   2.4642364E-03   3.2880082E-01   7.1632592E+04   7.1930074E+04   7.1462024E+04   0.0000000E+00   0.0000000E+00   0.0000000E+00   0.0000000E+00
   3.8598226E-01   6.8695597E+04   6.8695597E+04   2.3630202E-01   2.1957225E-03   3.0185943E-01   6.8411487E+04   6.8695597E+04   6.8248589E+04   0.0000000E+00   0.0000000E+00   0.0000000E+00   0.0000000E+00
   3.9937681E-01   6.5381143E+04   6.5381143E+04   2.0999333E-01   1.9513167E-03   2.6422982E-01   6.5110736E+04   6.5381143E+04   6.4955697E+04   0.0000000E+00   0.0000000E+00   0.0000000E+00   0.0000000E+00
   4.1334578E-01   6.1873878E+04   6.1873878E+04   1.8569497E-01   1.7256691E-03   2.4112582E-01   6.1617973E+04   6.1873878E+04   6.1471251E+04   0.0000000E+00   0.0000000E+00   0.0000000E+00   0.0000000E+00
   4.2793673E-01   5.8507604E+04   5.8507604E+04   1.6354723E-01   1.5237670E-03   2.0906472E-01   5.8265619E+04   5.8507604E+04   5.8126880E+04   0.0000000E+00   0.0000000E+00   0.0000000E+00   0.0000000E+00
   4.4320477E-01   5.5520821E+04   5.5520821E+04   1.4502837E-01   1.3471449E-03   1.9338979E-01   5.5291186E+04   5.5520821E+04   5.5159529E+04   0.0000000E+00   0.0000000E+00   0.0000000E+00   0.0000000E+00
   4.5921424E-01   5.2717287E+04   5.2717287E+04   1.2825618E-01   1.1906342E-03   1.6676086E-01   5.2499245E+04   5.2717287E+04   5.2374236E+04   0.0000000E+00   0.0000000E+00   0.0000000E+00   0.0000000E+00
   4.7604079E-01   4.9845927E+04   4.9845927E+04   1.1276320E-01   1.0482068E-03   1.3872040E-01   4.9639759E+04   4.9845927E+04   4.9521559E+04   0.0000000E+00   0.0000000E+00   0.0000000E+00   0.0000000E+00
   4.9377405E-01   4.7015179E+04   4.7015179E+04   9.8841859E-02   9.1940180E-04   1.2085638E-01   4.6820716E+04   4.7015179E+04   4.6709229E+04   0.0000000E+00   0.0000000E+00   0.0000000E+00   0.0000000E+00
   5.1252102E-01   4.4404146E+04   4.4404146E+04   8.6714251E-02   8.0571017E-04   1.0932141E-01   4.4220481E+04   4.4404146E+04   4.4115186E+04   0.0000000E+00   0.0000000E+00   0.0000000E+00   0.0000000E+00
   5.3241047E-01   4.1895481E+04   4.1895481E+04   7.5777172E-02   7.0427689E-04   9.5128724E-02   4.1722191E+04   4.1895481E+04   4.1622844E+04   0.0000000E+00   0.0000000E+00   0.0000000E+00   0.0000000E+00
   5.5359860E-01   3.9381368E+04   3.9381368E+04   6.5937757E-02   6.1251363E-04   8.3027739E-02   3.9218476E+04   3.9381368E+04   3.9125090E+04   0.0000000E+00   0.0000000E+00   0.0000000E+00   0.0000000E+00
   5.7627635E-01   3.6973927E+04   3.6973927E+04   5.7109761E-02   5.3061911E-04   8.0566649E-02   3.6820991E+04   3.6973927E+04   3.6733314E+04   0.0000000E+00   0.0000000E+00   0.0000000E+00   0.0000000E+00
   6.0067865E-01   3.4659454E+04   3.4659454E+04   4.9288952E-02   4.5779102E-04   5.9931838E-02   3.4516090E+04   3.4659454E+04   3.4433902E+04   0.0000000E+00   0.0000000E+00   0.0000000E+00   0.0000000E+00
   6.2709603E-01   3.2366451E+04   3.2366451E+04   4.2221550E-02   3.9228219E-04   5.2863832E-02   3.2232571E+04   3.2366451E+04   3.2155820E+04   0.0000000E+00   0.0000000E+00   0.0000000E+00   0.0000000E+00
   6.5588840E-01   3.0149776E+04   3.0149776E+04   3.5946943E-02   3.3400223E-04   5.0681217E-02   3.0025063E+04   3.0149776E+04   2.9953569E+04   0.0000000E+00   0.0000000E+00   0.0000000E+00   0.0000000E+00
   6.8750003E-01   2.7973198E+04   2.7973198E+04   3.0357247E-02   2.8209070E-04   3.6396992E-02   2.7857488E+04   2.7973198E+04   2.7791156E+04   0.0000000E+00   0.0000000E+00   0.0000000E+00   0.0000000E+00
   7.2247248E-01   2.5842618E+04   2.5842618E+04   2.5397498E-02   2.3596440E-04   3.3457619E-02   2.5735720E+04   2.5842618E+04   2.5674440E+04   0.0000000E+00   0.0000000E+00   0.0000000E+00   0.0000000E+00
   7.6144824E-01   2.3754426E+04   2.3754426E+04   2.1015261E-02   1.9528032E-04   2.7919177E-02   2.3656165E+04   2.3754426E+04   2.3599837E+04   0.0000000E+00   0.0000000E+00   0.0000000E+00   0.0000000E+00
   8.0515201E-01   2.1714136E+04   2.1714136E+04   1.7181146E-02   1.5965621E-04   2.1173306E-02   2.1624314E+04   2.1714136E+04   2.1572824E+04   0.0000000E+00   0.0000000E+00   0.0000000E+00   0.0000000E+00
   8.5433258E-01   1.9729187E+04   1.9729187E+04   1.3864761E-02   1.2884239E-04   1.7927812E-02   1.9647576E+04   1.9729187E+04   1.9600792E+04   0.0000000E+00   0.0000000E+00   0.0000000E+00   0.0000000E+00
   9.0965727E-01   1.7818380E+04   1.7818380E+04   1.1045018E-02   1.0263829E-04   1.5571647E-02   1.7744673E+04   1.7818380E+04   1.7702420E+04   0.0000000E+00   0.0000000E+00   0.0000000E+00   0.0000000E+00
   9.7158707E-01   1.6004158E+04   1.6004158E+04   8.6959555E-03   8.0809251E-05   1.2637849E-02   1.5937955E+04   1.6004158E+04   1.5900004E+04   0.0000000E+00   0.0000000E+00   0.0000000E+00   0.0000000E+00
   1.0403095E+00   1.4309500E+04   1.4309500E+04   6.7817690E-03   6.3025527E-05   8.2641989E-03   1.4250307E+04   1.4309500E+04   1.4216375E+04   0.0000000E+00   0.0000000E+00   0.0000000E+00   0.0000000E+00
   1.1158002E+00   1.2751997E+04   1.2751997E+04   5.2534493E-03   4.8824118E-05   6.8687543E-03   1.2699246E+04   1.2751997E+04   1.2669008E+04   0.0000000E+00   0.0000000E+00   0.0000000E+00   0.0000000E+00
   1.1979857E+00   1.1339420E+04   1.1339420E+04   4.0524946E-03   3.7664203E-05   4.3728521E-03   1.1292513E+04   1.1339420E+04   1.1265623E+04   0.0000000E+00   0.0000000E+00   0.0000000E+00   0.0000000E+00
   1.2868952E+00   1.0069575E+04   1.0069575E+04   3.1185706E-03   2.8984950E-05   4.6355616E-03   1.0027920E+04   1.0069575E+04   1.0004042E+04   0.0000000E+00   0.0000000E+00   0.0000000E+00   0.0000000E+00
   1.3827242E+00   8.9341589E+03   8.9341589E+03   2.3966774E-03   2.2275943E-05   3.1817803E-03   8.8972009E+03   8.9341589E+03   8.8760153E+03   0.0000000E+00   0.0000000E+00   0.0000000E+00   0.0000000E+00
   1.4858231E+00   7.9218633E+03   7.9218633E+03   1.8404185E-03   1.7106378E-05   2.3827128E-03   7.8890928E+03   7.9218633E+03   7.8703077E+03   0.0000000E+00   0.0000000E+00   0.0000000E+00   0.0000000E+00
   1.5966582E+00   7.0206691E+03   7.0206691E+03   1.4124555E-03   1.3129255E-05   2.3990754E-03   6.9916265E+03   7.0206691E+03   6.9749784E+03   0.0000000E+00   0.0000000E+00   0.0000000E+00   0.0000000E+00
   1.7157764E+00   6.2191698E+03   6.2191698E+03   1.0835475E-03   1.0072298E-05   1.5412563E-03   6.1934428E+03   6.2191698E+03   6.1786953E+03   0.0000000E+00   0.0000000E+00   0.0000000E+00   0.0000000E+00
   1.8437856E+00   5.5067734E+03   5.5067734E+03   8.3222011E-04   7.7234889E-06   9.6860512E-04   5.4839933E+03   5.5067734E+03   5.4709351E+03   0.0000000E+00   0.0000000E+00   0.0000000E+00   0.0000000E+00
   1.9813463E+00   4.8739542E+03   4.8739542E+03   6.3686674E-04   5.9200899E-06   7.7732243E-04   4.8537919E+03   4.8739542E+03   4.8422343E+03   0.0000000E+00   0.0000000E+00   0.0000000E+00   0.0000000E+00
   2.1291702E+00   4.3121215E+03   4.3121215E+03   4.8788155E-04   4.5358596E-06   8.3436203E-04   4.2942833E+03   4.3121215E+03   4.2840580E+03   0.0000000E+00   0.0000000E+00   0.0000000E+00   0.0000000E+00
   2.2880229E+00   3.8135568E+03   3.8135568E+03   3.7362721E-04   3.4741890E-06   2.7132413E-04   3.7977810E+03   3.8135568E+03   3.7887380E+03   0.0000000E+00   0.0000000E+00   0.0000000E+00   0.0000000E+00
   2.4587274E+00   3.3713610E+03   3.3713610E+03   2.8602559E-04   2.6599535E-06   2.3717934E-04   3.3574145E+03   3.3713610E+03   3.3494200E+03   0.0000000E+00   0.0000000E+00   0.0000000E+00   0.0000000E+00
   2.6421677E+00   2.9793456E+03   2.9793456E+03   2.1888437E-04   2.0357330E-06   4.2287622E-04   2.9670208E+03   2.9793456E+03   2.9599558E+03   0.0000000E+00   0.0000000E+00   0.0000000E+00   0.0000000E+00
   2.8392941E+00   2.6319743E+03   2.6319743E+03   1.6744469E-04   1.5575782E-06   2.8280603E-04   2.6210864E+03   2.6319743E+03   2.6148452E+03   0.0000000E+00   0.0000000E+00   0.0000000E+00   0.0000000E+00
   3.0511276E+00   2.3242997E+03   2.3242997E+03   1.2804978E-04   1.1913084E-06   1.4214564E-04   2.3146846E+03   2.3242997E+03   2.3091730E+03   0.0000000E+00   0.0000000E+00   0.0000000E+00   0.0000000E+00
   3.2787656E+00   2.0519030E+03   2.0519030E+03   9.7890748E-05   9.1092753E-07   -4.1385684E-05   2.0434147E+03   2.0519030E+03   2.0385490E+03   0.0000000E+00   0.0000000E+00   0.0000000E+00   0.0000000E+00
   3.5233872E+00   1.8108393E+03   1.8108393E+03   7.4802968E-05   6.9627274E-07   1.3737444E-04   1.8033483E+03   1.8108393E+03   1.7990543E+03   0.0000000E+00   0.0000000E+00   0.0000000E+00   0.0000000E+00
   3.7862595E+00   1.5975907E+03   1.5975907E+03   5.7157274E-05   5.3207235E-07   1.1656293E-04   1.5909818E+03   1.5975907E+03   1.5871935E+03   0.0000000E+00   0.0000000E+00   0.0000000E+00   0.0000000E+00
   4.0687441E+00   1.4090213E+03   1.4090213E+03   4.3653907E-05   4.0648946E-07   3.9749018E-05   1.4031924E+03   1.4090213E+03   1.3998512E+03   0.0000000E+00   0.0000000E+00   0.0000000E+00   0.0000000E+00
   4.3723042E+00   1.2423380E+03   1.2423380E+03   3.3329757E-05   3.1046563E-07   2.1694671E-05   1.2371987E+03   1.2423380E+03   1.2342527E+03   0.0000000E+00   0.0000000E+00   0.0000000E+00   0.0000000E+00
   4.6985124E+00   1.0950546E+03   1.0950546E+03   2.5440431E-05   2.3706257E-07   7.6907684E-05   1.0905246E+03   1.0950546E+03   1.0879279E+03   0.0000000E+00   0.0000000E+00   0.0000000E+00   0.0000000E+00
   5.0490582E+00   9.6495954E+02   9.6495954E+02   1.9412550E-05   1.8098216E-07   -1.7897289E-05   9.6096772E+02   9.6495954E+02   9.5867951E+02   0.0000000E+00   0.0000000E+00   0.0000000E+00   0.0000000E+00
   5.4257574E+00   8.5008644E+02   8.5008644E+02   1.4816737E-05   1.3813368E-07   3.7271223E-05   8.4656982E+02   8.5008644E+02   8.4455401E+02   0.0000000E+00   0.0000000E+00   0.0000000E+00   0.0000000E+00
   5.8305614E+00   7.4868817E+02   7.4868817E+02   1.1290260E-05   1.0541162E-07   2.4438572E-05   7.4559101E+02   7.4868817E+02   7.4381565E+02   0.0000000E+00   0.0000000E+00   0.0000000E+00   0.0000000E+00
   6.2655669E+00   6.5921316E+02   6.5921316E+02   8.6079803E-06   8.0427147E-08   3.1141359E-06   6.5648614E+02   6.5921316E+02   6.5492294E+02   0.0000000E+00   0.0000000E+00   0.0000000E+00   0.0000000E+00
   6.7330273E+00   5.8028422E+02   5.8028422E+02   6.5630562E-06   6.1353752E-08   3.6157791E-05   5.7788371E+02   5.8028422E+02   5.7650768E+02   0.0000000E+00   0.0000000E+00   0.0000000E+00   0.0000000E+00
   7.2353638E+00   5.1067962E+02   5.1067962E+02   5.0050386E-06   4.6799396E-08   2.3251736E-05   5.0856705E+02   5.1067962E+02   5.0735607E+02   0.0000000E+00   0.0000000E+00   0.0000000E+00   0.0000000E+00
   7.7751786E+00   4.4931606E+02   4.4931606E+02   3.8123999E-06   3.5693321E-08   1.1510220E-05   4.4745733E+02   4.4931606E+02   4.4639187E+02   0.0000000E+00   0.0000000E+00   0.0000000E+00   0.0000000E+00
   8.3552678E+00   3.9523341E+02   3.9523341E+02   2.9038252E-06   2.7220653E-08   5.0222676E-06   3.9359842E+02   3.9523341E+02   3.9266120E+02   0.0000000E+00   0.0000000E+00   0.0000000E+00   0.0000000E+00
   8.9786362E+00   3.4758116E+02   3.4758116E+02   2.2124386E-06   2.0758549E-08   -1.1480147E-05   3.4614329E+02   3.4758116E+02   3.4531907E+02   0.0000000E+00   0.0000000E+00   0.0000000E+00   0.0000000E+00
   9.6485127E+00   3.0560615E+02   3.0560615E+02   1.6838069E-06   1.5829866E-08   1.0834465E-05   3.0434193E+02   3.0560615E+02   3.0361724E+02   0.0000000E+00   0.0000000E+00   0.0000000E+00   0.0000000E+00
   1.0368367E+01   2.6864182E+02   2.6864182E+02   1.2817375E-06   1.2071977E-08   -1.7434829E-06   2.6753051E+02   2.6864182E+02   2.6689348E+02   0.0000000E+00   0.0000000E+00   0.0000000E+00   0.0000000E+00
