#           k/h    CDM            baryon         photon         nu             mass_nu        total          no_nu          total_de       Weyl           v_CDM          v_b            v_b-v_c     
   1.1125484E-05   2.9022943E+06   2.9022943E+06   3.8693919E+06   7.3796014E+03   3.3935311E+04   2.9024266E+06   2.9022943E+06   2.8805240E+06   0.0000000E+00   0.0000000E+00   0.0000000E+00   0.0000000E+00
   1.1955532E-05   2.9022940E+06   2.9022940E+06   3.8693397E+06   7.3795415E+03   3.3935049E+04   2.9024262E+06   2.9022940E+06   2.8805236E+06   0.0000000E+00   0.0000000E+00   0.0000000E+00   0.0000000E+00
   1.2847509E-05   2.9022936E+06   2.9022936E+06   3.8692795E+06   7.3794723E+03   3.3934746E+04   2.9024258E+06   2.9022936E+06   2.8805232E+06   0.0000000E+00   0.0000000E+00   0.0000000E+00   0.0000000E+00
   1.3806033E-05   2.9022931E+06   2.9022931E+06   3.8692100E+06   7.3793924E+03   3.3934396E+04   2.9024252E+06   2.9022931E+06   2.8805227E+06   0.0000000E+00   0.0000000E+00   0.0000000E+00   0.0000000E+00
   1.4836071E-05   2.9022926E+06   2.9022926E+06   3.8691297E+06   7.3793001E+03   3.3933993E+04   2.9024246E+06   2.9022926E+06   2.8805221E+06   0.0000000E+00   0.0000000E+00   0.0000000E+00   0.0000000E+00
   1.5942959E-05   2.9022919E+06   2.9022919E+06   3.8690369E+06   7.3791936E+03   3.3933527E+04   2.9024240E+06   2.9022919E+06   2.8805214E+06   0.0000000E+00   0.0000000E+00   0.0000000E+00   0.0000000E+00
   1.7132428E-05   2.9022912E+06   2.9022912E+06   3.8689299E+06   7.3790705E+03   3.3932989E+04   2.9024232E+06   2.9022912E+06   2.8805206E+06   0.0000000E+00   0.0000000E+00   0.0000000E+00   0.0000000E+00
   1.8410641E-05   2.9022904E+06   2.9022904E+06   3.8688062E+06   7.3789285E+03   3.3932367E+04   2.9024223E+06   2.9022904E+06   2.8805197E+06   0.0000000E+00   0.0000000E+00   0.0000000E+00   0.0000000E+00
   1.9784219E-05   2.9022894E+06   2.9022894E+06   3.8686634E+06   7.3787644E+03   3.3931650E+04   2.9024212E+06   2.9022894E+06   2.8805187E+06   0.0000000E+00   0.0000000E+00   0.0000000E+00   0.0000000E+00
   2.1260277E-05   2.9022883E+06   2.9022883E+06   3.8684985E+06   7.3785750E+03   3.3930821E+04   2.9024200E+06   2.9022883E+06   2.8805175E+06   0.0000000E+00   0.0000000E+00   0.0000000E+00   0.0000000E+00
   2.2846460E-05   2.9022870E+06   2.9022870E+06   3.8683082E+06   7.3783562E+03   3.3929864E+04   2.9024186E+06   2.9022870E+06   2.8805161E+06   0.0000000E+00   0.0000000E+00   0.0000000E+00   0.0000000E+00
   2.4550985E-05   2.9022855E+06   2.9022855E+06   3.8680883E+06   7.3781036E+03   3.3928760E+04   2.9024170E+06   2.9022855E+06   2.8805145E+06   0.0000000E+00   0.0000000E+00   0.0000000E+00   0.0000000E+00
   2.6382680E-05   2.9022838E+06   2.9022838E+06   3.8678344E+06   7.3778119E+03   3.3927484E+04   2.9024151E+06   2.9022838E+06   2.8805126E+06   0.0000000E+00   0.0000000E+00   0.0000000E+00   0.0000000E+00
   2.8351035E-05   2.9022818E+06   2.9022818E+06   3.8675413E+06   7.3774750E+03   3.3926011E+04   2.9024129E+06   2.9022818E+06   2.8805104E+06   0.0000000E+00   0.0000000E+00   0.0000000E+00   0.0000000E+00
   3.0466244E-05   2.9022795E+06   2.9022795E+06   3.8672028E+06   7.3770861E+03   3.3924310E+04   2.9024104E+06   2.9022795E+06   2.8805080E+06   0.0000000E+00   0.0000000E+00   0.0000000E+00   0.0000000E+00
   3.2739264E-05   2.9022769E+06   2.9022769E+06   3.8668120E+06   7.3766369E+03   3.3922347E+04   2.9024075E+06   2.9022769E+06   2.8805051E+06   0.0000000E+00   0.0000000E+00   0.0000000E+00   0.0000000E+00
   3.5181870E-05   2.9022739E+06   2.9022739E+06   3.8663607E+06   7.3761183E+03   3.3920080E+04   2.9024042E+06   2.9022739E+06   2.8805018E+06   0.0000000E+00   0.0000000E+00   0.0000000E+00   0.0000000E+00
   3.7806713E-05   2.9022703E+06   2.9022703E+06   3.8658396E+06   7.3755195E+03   3.3917462E+04   2.9024003E+06   2.9022703E+06   2.8804980E+06   0.0000000E+00   0.0000000E+00   0.0000000E+00   0.0000000E+00
   4.0627389E-05   2.9022663E+06   2.9022663E+06   3.8652380E+06   7.3748280E+03   3.3914440E+04   2.9023959E+06   2.9022663E+06   2.8804936E+06   0.0000000E+00   0.0000000E+00   0.0000000E+00   0.0000000E+00
   4.3658511E-05   2.9022616E+06   2.9022616E+06   3.8645433E+06   7.3740296E+03   3.3910950E+04   2.9023908E+06   2.9022616E+06   2.8804885E+06   0.0000000E+00   0.0000000E+00   0.0000000E+00   0.0000000E+00
   4.6915777E-05   2.9022561E+06   2.9022561E+06   3.8637413E+06   7.3731078E+03   3.3906922E+04   2.9023848E+06   2.9022561E+06   2.8804826E+06   0.0000000E+00   0.0000000E+00   0.0000000E+00   0.0000000E+00
   5.0416062E-05   2.9022499E+06   2.9022499E+06   3.8628153E+06   7.3720434E+03   3.3902272E+04   2.9023780E+06   2.9022499E+06   2.8804758E+06   0.0000000E+00   0.0000000E+00   0.0000000E+00   0.0000000E+00
   5.4177495E-05   2.9022426E+06   2.9022426E+06   3.8617462E+06   7.3708146E+03   3.3896905E+04   2.9023701E+06   2.9022426E+06   2.8804679E+06   0.0000000E+00   0.0000000E+00   0.0000000E+00   0.0000000E+00
   5.8219560E-05   2.9022343E+06   2.9022343E+06   3.8605121E+06   7.3693958E+03   3.3890709E+04   2.9023610E+06   2.9022343E+06   2.8804589E+06   0.0000000E+00   0.0000000E+00   0.0000000E+00   0.0000000E+00
   6.2563195E-05   2.9022247E+06   2.9022247E+06   3.8590873E+06   7.3677577E+03   3.3883558E+04   2.9023504E+06   2.9022247E+06   2.8804484E+06   0.0000000E+00   0.0000000E+00   0.0000000E+00   0.0000000E+00
   6.7230899E-05   2.9022135E+06   2.9022135E+06   3.8574427E+06   7.3658667E+03   3.3875304E+04   2.9023382E+06   2.9022135E+06   2.8804363E+06   0.0000000E+00   0.0000000E+00   0.0000000E+00   0.0000000E+00
   7.2246850E-05   2.9022007E+06   2.9022007E+06   3.8555443E+06   7.3636836E+03   3.3865780E+04   2.9023242E+06   2.9022007E+06   2.8804224E+06   0.0000000E+00   0.0000000E+00   0.0000000E+00   0.0000000E+00
   7.7637031E-05   2.9021858E+06   2.9021858E+06   3.8533532E+06   7.3611636E+03   3.3854790E+04   2.9023080E+06   2.9021858E+06   2.8804062E+06   0.0000000E+00   0.0000000E+00   0.0000000E+00   0.0000000E+00
   8.3429361E-05   2.9021687E+06   2.9021687E+06   3.8508244E+06   7.3582547E+03   3.3842110E+04   2.9022892E+06   2.9021687E+06   2.8803876E+06   0.0000000E+00   0.0000000E+00   0.0000000E+00   0.0000000E+00
   8.9653844E-05   2.9021489E+06   2.9021489E+06   3.8479062E+06   7.3548972E+03   3.3827482E+04   2.9022676E+06   2.9021489E+06   2.8803662E+06   0.0000000E+00   0.0000000E+00   0.0000000E+00   0.0000000E+00
   9.6342723E-05   2.9021260E+06   2.9021260E+06   3.8445389E+06   7.3510222E+03   3.3810611E+04   2.9022426E+06   2.9021260E+06   2.8803414E+06   0.0000000E+00   0.0000000E+00   0.0000000E+00   0.0000000E+00
   1.0353064E-04   2.9020997E+06   2.9020997E+06   3.8406538E+06   7.3465503E+03   3.3791155E+04   2.9022138E+06   2.9020997E+06   2.8803127E+06   0.0000000E+00   0.0000000E+00   0.0000000E+00   0.0000000E+00
   1.1125484E-04   2.9020692E+06   2.9020692E+06   3.8361721E+06   7.3413901E+03   3.3768724E+04   2.9021805E+06   2.9020692E+06   2.8802797E+06   0.0000000E+00   0.0000000E+00   0.0000000E+00   0.0000000E+00
   1.1955532E-04   2.9020340E+06   2.9020340E+06   3.8310028E+06   7.3354364E+03   3.3742868E+04   2.9021421E+06   2.9020340E+06   2.8802415E+06   0.0000000E+00   0.0000000E+00   0.0000000E+00   0.0000000E+00
   1.2847509E-04   2.9019934E+06   2.9019934E+06   3.8250416E+06   7.3285679E+03   3.3713074E+04   2.9020977E+06   2.9019934E+06   2.8801975E+06   0.0000000E+00   0.0000000E+00   0.0000000E+00   0.0000000E+00
   1.3806033E-04   2.9019466E+06   2.9019466E+06   3.8181686E+06   7.3206454E+03   3.3678753E+04   2.9020465E+06   2.9019466E+06   2.8801467E+06   0.0000000E+00   0.0000000E+00   0.0000000E+00   0.0000000E+00
   1.4836071E-04   2.9018925E+06   2.9018925E+06   3.8102464E+06   7.3115089E+03   3.3639231E+04   2.9019874E+06   2.9018925E+06   2.8800880E+06   0.0000000E+00   0.0000000E+00   0.0000000E+00   0.0000000E+00
   1.5942959E-04   2.9018301E+06   2.9018301E+06   3.8011173E+06   7.3009743E+03   3.3593741E+04   2.9019191E+06   2.9018301E+06   2.8800202E+06   0.0000000E+00   0.0000000E+00   0.0000000E+00   0.0000000E+00
   1.7132428E-04   2.9017580E+06   2.9017580E+06   3.7906010E+06   7.2888306E+03   3.3541410E+04   2.9018404E+06   2.9017580E+06   2.8799421E+06   0.0000000E+00   0.0000000E+00   0.0000000E+00   0.0000000E+00
   1.8410641E-04   2.9016749E+06   2.9016749E+06   3.7784913E+06   7.2748360E+03   3.3481241E+04   2.9017496E+06   2.9016749E+06   2.8798519E+06   0.0000000E+00   0.0000000E+00   0.0000000E+00   0.0000000E+00
   1.9784219E-04   2.9015789E+06   2.9015789E+06   3.7645528E+06   7.2587134E+03   3.3412111E+04   2.9016447E+06   2.9015789E+06   2.8797478E+06   0.0000000E+00   0.0000000E+00   0.0000000E+00   0.0000000E+00
   2.1260277E-04   2.9014682E+06   2.9014682E+06   3.7485175E+06   7.2401460E+03   3.3332745E+04   2.9015238E+06   2.9014682E+06   2.8796277E+06   0.0000000E+00   0.0000000E+00   0.0000000E+00   0.0000000E+00
   2.2846460E-04   2.9013405E+06   2.9013405E+06   3.7300809E+06   7.2187722E+03   3.3241712E+04   2.9013842E+06   2.9013405E+06   2.8794892E+06   0.0000000E+00   0.0000000E+00   0.0000000E+00   0.0000000E+00
   2.4550985E-04   2.9011932E+06   2.9011932E+06   3.7088977E+06   7.1941798E+03   3.3137406E+04   2.9012233E+06   2.9011932E+06   2.8793294E+06   0.0000000E+00   0.0000000E+00   0.0000000E+00   0.0000000E+00
   2.6382680E-04   2.9010233E+06   2.9010233E+06   3.6845778E+06   7.1659000E+03   3.3018037E+04   2.9010377E+06   2.9010233E+06   2.8791452E+06   0.0000000E+00   0.0000000E+00   0.0000000E+00   0.0000000E+00
   2.8351035E-04   2.9008274E+06   2.9008274E+06   3.6566820E+06   7.1334011E+03   3.2881624E+04   2.9008238E+06   2.9008274E+06   2.8789328E+06   0.0000000E+00   0.0000000E+00   0.0000000E+00   0.0000000E+00
   3.0466244E-04   2.9006015E+06   2.9006015E+06   3.6247181E+06   7.0960819E+03   3.2725987E+04   2.9005772E+06   2.9006015E+06   2.8786880E+06   0.0000000E+00   0.0000000E+00   0.0000000E+00   0.0000000E+00
   3.2739264E-04   2.9003413E+06   2.9003413E+06   3.5881374E+06   7.0532646E+03   3.2548754E+04   2.9002931E+06   2.9003413E+06   2.8784059E+06   0.0000000E+00   0.0000000E+00   0.0000000E+00   0.0000000E+00
   3.5181870E-04   2.9000414E+06   2.9000414E+06   3.5463317E+06   7.0041886E+03   3.2347370E+04   2.8999658E+06   2.9000414E+06   2.8780810E+06   0.0000000E+00   0.0000000E+00   0.0000000E+00   0.0000000E+00
   3.7806713E-04   2.8996961E+06   2.8996961E+06   3.4986325E+06   6.9480044E+03   3.2119127E+04   2.8995890E+06   2.8996961E+06   2.8777069E+06   0.0000000E+00   0.0000000E+00   0.0000000E+00   0.0000000E+00
   4.0627389E-04   2.8992985E+06   2.8992985E+06   3.4443115E+06   6.8837687E+03   3.1861207E+04   2.8991553E+06   2.8992985E+06   2.8772763E+06   0.0000000E+00   0.0000000E+00   0.0000000E+00   0.0000000E+00
   4.3658511E-04   2.8988411E+06   2.8988411E+06   3.3825845E+06   6.8104416E+03   3.1570751E+04   2.8986563E+06   2.8988411E+06   2.8767810E+06   0.0000000E+00   0.0000000E+00   0.0000000E+00   0.0000000E+00
   4.6915777E-04   2.8983149E+06   2.8983149E+06   3.3126193E+06   6.7268865E+03   3.1244961E+04   2.8980827E+06   2.8983149E+06   2.8762116E+06   0.0000000E+00   0.0000000E+00   0.0000000E+00   0.0000000E+00
   5.0416062E-04   2.8977101E+06   2.8977101E+06   3.2335496E+06   6.6318743E+03   3.0881234E+04   2.8974237E+06   2.8977101E+06   2.8755573E+06   0.0000000E+00   0.0000000E+00   0.0000000E+00   0.0000000E+00
   5.4177495E-04   2.8970155E+06   2.8970155E+06   3.1444952E+06   6.5240929E+03   3.0477348E+04   2.8966670E+06   2.8970155E+06   2.8748062E+06   0.0000000E+00   0.0000000E+00   0.0000000E+00   0.0000000E+00
   5.8219560E-04   2.8962182E+06   2.8962182E+06   3.0445933E+06   6.4021653E+03   3.0031698E+04   2.8957992E+06   2.8962182E+06   2.8739446E+06   0.0000000E+00   0.0000000E+00   0.0000000E+00   0.0000000E+00
   6.2563195E-04   2.8953040E+06   2.8953040E+06   2.9330395E+06   6.2646774E+03   2.9543585E+04   2.8948046E+06   2.8953040E+06   2.8729573E+06   0.0000000E+00   0.0000000E+00   0.0000000E+00   0.0000000E+00
   6.7230899E-04   2.8942568E+06   2.8942568E+06   2.8091444E+06   6.1102189E+03   2.9013567E+04   2.8936662E+06   2.8942568E+06   2.8718272E+06   0.0000000E+00   0.0000000E+00   0.0000000E+00   0.0000000E+00
   7.2246850E-04   2.8930585E+06   2.8930585E+06   2.6724056E+06   5.9374406E+03   2.8443846E+04   2.8923647E+06   2.8930585E+06   2.8705352E+06   0.0000000E+00   0.0000000E+00   0.0000000E+00   0.0000000E+00
   7.7637031E-04   2.8916893E+06   2.8916893E+06   2.5225979E+06   5.7451310E+03   2.7838682E+04   2.8908790E+06   2.8916893E+06   2.8690604E+06   0.0000000E+00   0.0000000E+00   0.0000000E+00   0.0000000E+00
   8.3429361E-04   2.8901270E+06   2.8901270E+06   2.3598809E+06   5.5323148E+03   2.7204771E+04   2.8891857E+06   2.8901270E+06   2.8673795E+06   0.0000000E+00   0.0000000E+00   0.0000000E+00   0.0000000E+00
   8.9653844E-04   2.8883472E+06   2.8883472E+06   2.1849233E+06   5.2983765E+03   2.6551524E+04   2.8872593E+06   2.8883472E+06   2.8654673E+06   0.0000000E+00   0.0000000E+00   0.0000000E+00   0.0000000E+00
   9.6342723E-04   2.8863234E+06   2.8863234E+06   1.9990361E+06   5.0432067E+03   2.5891120E+04   2.8850722E+06   2.8863234E+06   2.8632962E+06   0.0000000E+00   0.0000000E+00   0.0000000E+00   0.0000000E+00
   1.0353064E-03   2.8840268E+06   2.8840268E+06   1.8043048E+06   4.7673696E+03   2.5238172E+04   2.8825945E+06   2.8840268E+06   2.8608368E+06   0.0000000E+00   0.0000000E+00   0.0000000E+00   0.0000000E+00
   1.1125484E-03   2.8814263E+06   2.8814263E+06   1.6037005E+06   4.4722829E+03   2.4608818E+04   2.8797946E+06   2.8814263E+06   2.8580577E+06   0.0000000E+00   0.0000000E+00   0.0000000E+00   0.0000000E+00
   1.1955532E-03   2.8784887E+06   2.8784887E+06   1.4011426E+06   4.1603926E+03   2.4019000E+04   2.8766392E+06   2.8784887E+06   2.8549256E+06   0.0000000E+00   0.0000000E+00   0.0000000E+00   0.0000000E+00
   1.2847509E-03   2.8751791E+06   2.8751791E+06   1.2014743E+06   3.8353189E+03   2.3481758E+04   2.8730932E+06   2.8751791E+06   2.8514061E+06   0.0000000E+00   0.0000000E+00   0.0000000E+00   0.0000000E+00
   1.3806033E-03   2.8714603E+06   2.8714603E+06   1.0103060E+06   3.5019361E+03   2.3003462E+04   2.8691208E+06   2.8714603E+06   2.8474635E+06   0.0000000E+00   0.0000000E+00   0.0000000E+00   0.0000000E+00
   1.4836071E-03   2.8672938E+06   2.8672938E+06   8.3367800E+05   3.1663397E+03   2.2579216E+04   2.8646851E+06   2.8672938E+06   2.8430610E+06   0.0000000E+00   0.0000000E+00   0.0000000E+00   0.0000000E+00
   1.5942959E-03   2.8626394E+06   2.8626394E+06   6.7750596E+05   2.8356469E+03   2.2188115E+04   2.8597483E+06   2.8626394E+06   2.8381615E+06   0.0000000E+00   0.0000000E+00   0.0000000E+00   0.0000000E+00
   1.7132428E-03   2.8574551E+06   2.8574551E+06   5.4680526E+05   2.5175821E+03   2.1789766E+04   2.8542722E+06   2.8574551E+06   2.8327270E+06   0.0000000E+00   0.0000000E+00   0.0000000E+00   0.0000000E+00
   1.8410641E-03   2.8516973E+06   2.8516973E+06   4.4475184E+05   2.2198165E+03   2.1324268E+04   2.8482177E+06   2.8516973E+06   2.8267186E+06   0.0000000E+00   0.0000000E+00   0.0000000E+00   0.0000000E+00
   1.9784219E-03   2.8453200E+06   2.8453200E+06   3.7173334E+05   1.9490819E+03   2.0718439E+04   2.8415441E+06   2.8453200E+06   2.8200961E+06   0.0000000E+00   0.0000000E+00   0.0000000E+00   0.0000000E+00
   2.1260277E-03   2.8382745E+06   2.8382745E+06   3.2465956E+05   1.7101580E+03   1.9900868E+04   2.8342083E+06   2.8382745E+06   2.8128167E+06   0.0000000E+00   0.0000000E+00   0.0000000E+00   0.0000000E+00
   2.2846460E-03   2.8305084E+06   2.8305084E+06   2.9689903E+05   1.5049322E+03   1.8826326E+04   2.8261639E+06   2.8305084E+06   2.8048342E+06   0.0000000E+00   0.0000000E+00   0.0000000E+00   0.0000000E+00
   2.4550985E-03   2.8219656E+06   2.8219656E+06   2.7921161E+05   1.3318380E+03   1.7505464E+04   2.8173593E+06   2.8219656E+06   2.7960977E+06   0.0000000E+00   0.0000000E+00   0.0000000E+00   0.0000000E+00
   2.6382680E-03   2.8125856E+06   2.8125856E+06   2.6185243E+05   1.1860157E+03   1.6028478E+04   2.8077379E+06   2.8125856E+06   2.7865507E+06   0.0000000E+00   0.0000000E+00   0.0000000E+00   0.0000000E+00
   2.8351035E-03   2.8023043E+06   2.8023043E+06   2.3754735E+05   1.0604370E+03   1.4564265E+04   2.7972368E+06   2.8023043E+06   2.7761309E+06   0.0000000E+00   0.0000000E+00   0.0000000E+00   0.0000000E+00
   3.0466244E-03   2.7910552E+06   2.7910552E+06   2.0433188E+05   9.4792185E+02   1.3315962E+04   2.7857883E+06   2.7910552E+06   2.7647709E+06   0.0000000E+00   0.0000000E+00   0.0000000E+00   0.0000000E+00
   3.2739264E-03   2.7787708E+06   2.7787708E+06   1.6662592E+05   8.4345841E+02   1.2429450E+04   2.7733214E+06   2.7787708E+06   2.7524003E+06   0.0000000E+00   0.0000000E+00   0.0000000E+00   0.0000000E+00
   3.5181870E-03   2.7653836E+06   2.7653836E+06   1.3303577E+05   7.4573909E+02   1.1888654E+04   2.7597638E+06   2.7653836E+06   2.7389472E+06   0.0000000E+00   0.0000000E+00   0.0000000E+00   0.0000000E+00
   3.7806713E-03   2.7508261E+06   2.7508261E+06   1.1092137E+05   6.5677958E+02   1.1476510E+04   2.7450429E+06   2.7508261E+06   2.7243394E+06   0.0000000E+00   0.0000000E+00   0.0000000E+00   0.0000000E+00
   4.0627389E-03   2.7350284E+06   2.7350284E+06   1.0061830E+05   5.7936314E+02   1.0885964E+04   2.7290855E+06   2.7350284E+06   2.7085043E+06   0.0000000E+00   0.0000000E+00   0.0000000E+00   0.0000000E+00
   4.3658511E-03   2.7179158E+06   2.7179158E+06   9.4379464E+04   5.1377504E+02   9.9698560E+03   2.7118161E+06   2.7179158E+06   2.6913671E+06   0.0000000E+00   0.0000000E+00   0.0000000E+00   0.0000000E+00
   4.6915777E-03   2.6994075E+06   2.6994075E+06   8.3048793E+04   4.5663598E+02   8.9313013E+03   2.6931565E+06   2.6994075E+06   2.6728498E+06   0.0000000E+00   0.0000000E+00   0.0000000E+00   0.0000000E+00
   5.0416062E-03   2.6794192E+06   2.6794192E+06   6.5779341E+04   4.0357065E+02   8.1681497E+03   2.6730259E+06   2.6794192E+06   2.6528725E+06   0.0000000E+00   0.0000000E+00   0.0000000E+00   0.0000000E+00
   5.4177495E-03   2.6578669E+06   2.6578669E+06   5.1253635E+04   3.5344213E+02   7.7865403E+03   2.6513441E+06   2.6578669E+06   2.6313557E+06   0.0000000E+00   0.0000000E+00   0.0000000E+00   0.0000000E+00
   5.8219560E-03   2.6346684E+06   2.6346684E+06   4.5615488E+04   3.0881940E+02   7.3833093E+03   2.6280317E+06   2.6346684E+06   2.6082203E+06   0.0000000E+00   0.0000000E+00   0.0000000E+00   0.0000000E+00
   6.2563195E-03   2.6097415E+06   2.6097415E+06   4.2538052E+04   2.7120681E+02   6.6391882E+03   2.6030072E+06   2.6097415E+06   2.5833855E+06   0.0000000E+00   0.0000000E+00   0.0000000E+00   0.0000000E+00
   6.7230899E-03   2.5829994E+06   2.5829994E+06   3.4180654E+04   2.3806248E+02   5.9413026E+03   2.5761834E+06   2.5829994E+06   2.5567649E+06   0.0000000E+00   0.0000000E+00   0.0000000E+00   0.0000000E+00
   7.2246850E-03   2.5543534E+06   2.5543534E+06   2.6359135E+04   2.0726012E+02   5.6568756E+03   2.5474693E+06   2.5543534E+06   2.5282680E+06   0.0000000E+00   0.0000000E+00   0.0000000E+00   0.0000000E+00
   7.7637031E-03   2.5237150E+06   2.5237150E+06   2.5063954E+04   1.8044846E+02   5.2509792E+03   2.5167741E+06   2.5237150E+06   2.4978050E+06   0.0000000E+00   0.0000000E+00   0.0000000E+00   0.0000000E+00
   8.3429361E-03   2.4909939E+06   2.4909939E+06   2.1937885E+04   1.5767702E+02   4.5547837E+03   2.4840093E+06   2.4909939E+06   2.4652877E+06   0.0000000E+00   0.0000000E+00   0.0000000E+00   0.0000000E+00
   8.9653844E-03   2.4560978E+06   2.4560978E+06   1.6828840E+04   1.3651811E+02   4.2494313E+03   2.4490891E+06   2.4560978E+06   2.4306314E+06   0.0000000E+00   0.0000000E+00   0.0000000E+00   0.0000000E+00
   9.6342723E-03   2.4189378E+06   2.4189378E+06   1.6412547E+04   1.1813043E+02   3.8766270E+03   2.4119265E+06   2.4189378E+06   2.3937493E+06   0.0000000E+00   0.0000000E+00   0.0000000E+00   0.0000000E+00
   1.0353064E-02   2.3794236E+06   2.3794236E+06   1.3141393E+04   1.0262163E+02   3.3419133E+03   2.3724237E+06   2.3794236E+06   2.3545447E+06   0.0000000E+00   0.0000000E+00   0.0000000E+00   0.0000000E+00
   1.1125484E-02   2.3374642E+06   2.3374642E+06   1.1285206E+04   8.8337680E+01   3.1361940E+03   2.3304885E+06   2.3374642E+06   2.3129259E+06   0.0000000E+00   0.0000000E+00   0.0000000E+00   0.0000000E+00
   1.1955532E-02   2.2929726E+06   2.2929726E+06   9.7065734E+03   7.6178046E+01   2.6630161E+03   2.2860421E+06   2.2929726E+06   2.2688147E+06   0.0000000E+00   0.0000000E+00   0.0000000E+00   0.0000000E+00
   1.2847509E-02   2.2458652E+06   2.2458652E+06   7.9008462E+03   6.5349040E+01   2.5058398E+03   2.2389974E+06   2.2458652E+06   2.2221248E+06   0.0000000E+00   0.0000000E+00   0.0000000E+00   0.0000000E+00
   1.3806033E-02   2.1960656E+06   2.1960656E+06   6.7009896E+03   5.6097494E+01   2.1223011E+03   2.1892752E+06   2.1960656E+06   2.1727776E+06   0.0000000E+00   0.0000000E+00   0.0000000E+00   0.0000000E+00
   1.4836071E-02   2.1435078E+06   2.1435078E+06   5.9448329E+03   4.7852623E+01   1.9711596E+03   2.1368145E+06   2.1435078E+06   2.1207124E+06   0.0000000E+00   0.0000000E+00   0.0000000E+00   0.0000000E+00
   1.5942959E-02   2.0881417E+06   2.0881417E+06   4.5938969E+03   4.0849825E+01   1.7036210E+03   2.0815609E+06   2.0881417E+06   2.0658753E+06   0.0000000E+00   0.0000000E+00   0.0000000E+00   0.0000000E+00
   1.7132428E-02   2.0299389E+06   2.0299389E+06   4.2339898E+03   3.4747775E+01   1.4522677E+03   2.0234875E+06   2.0299389E+06   2.0082396E+06   0.0000000E+00   0.0000000E+00   0.0000000E+00   0.0000000E+00
   1.8410641E-02   1.9689022E+06   1.9689022E+06   3.5767613E+03   2.9434271E+01   1.3196015E+03   1.9625974E+06   1.9689022E+06   1.9478084E+06   0.0000000E+00   0.0000000E+00   0.0000000E+00   0.0000000E+00
   1.9784219E-02   1.9050760E+06   1.9050760E+06   2.7954406E+03   2.4878281E+01   1.1611597E+03   1.8989323E+06   1.9050760E+06   1.8846233E+06   0.0000000E+00   0.0000000E+00   0.0000000E+00   0.0000000E+00
   2.1260275E-02   1.8385588E+06   1.8385588E+06   2.2862075E+03   2.0975969E+01   9.9287550E+02   1.8325923E+06   1.8385588E+06   1.8187832E+06   0.0000000E+00   0.0000000E+00   0.0000000E+00   0.0000000E+00
   2.2846449E-02   1.7695183E+06   1.7695183E+06   1.9288854E+03   1.7617446E+01   8.4574816E+02   1.7637427E+06   1.7695183E+06   1.7504524E+06   0.0000000E+00   0.0000000E+00   0.0000000E+00   0.0000000E+00
   2.4550923E-02   1.6982087E+06   1.6982087E+06   1.6075110E+03   1.4755834E+01   7.2313620E+02   1.6926367E+06   1.6982087E+06   1.6798823E+06   0.0000000E+00   0.0000000E+00   0.0000000E+00   0.0000000E+00
   2.6382387E-02   1.6249892E+06   1.6249892E+06   1.3318260E+03   1.2309898E+01   6.2481230E+02   1.6196326E+06   1.6249892E+06   1.6074283E+06   0.0000000E+00   0.0000000E+00   0.0000000E+00   0.0000000E+00
   2.8349816E-02   1.5503475E+06   1.5503475E+06   1.1196394E+03   1.0233689E+01   5.3769186E+02   1.5452150E+06   1.5503475E+06   1.5335716E+06   0.0000000E+00   0.0000000E+00   0.0000000E+00   0.0000000E+00
   3.0461802E-02   1.4749290E+06   1.4749290E+06   9.4493409E+02   8.4837952E+00   4.5361774E+02   1.4700274E+06   1.4749290E+06   1.4589506E+06   0.0000000E+00   0.0000000E+00   0.0000000E+00   0.0000000E+00
   3.2724937E-02   1.3995756E+06   1.3995756E+06   7.6785079E+02   7.0139212E+00   3.7972853E+02   1.3949084E+06   1.3995756E+06   1.3843977E+06   0.0000000E+00   0.0000000E+00   0.0000000E+00   0.0000000E+00
   3.5140698E-02   1.3253652E+06   1.3253652E+06   6.3648403E+02   5.7868643E+00   3.2220604E+02   1.3209320E+06   1.3253652E+06   1.3109787E+06   0.0000000E+00   0.0000000E+00   0.0000000E+00   0.0000000E+00
   3.7700833E-02   1.2536152E+06   1.2536152E+06   5.1004314E+02   4.7734940E+00   2.6966754E+02   1.2494106E+06   1.2536152E+06   1.2399962E+06   0.0000000E+00   0.0000000E+00   0.0000000E+00   0.0000000E+00
   4.0383012E-02   1.1857796E+06   1.1857796E+06   4.3919542E+02   3.9467465E+00   2.2849095E+02   1.1817930E+06   1.1857796E+06   1.1728881E+06   0.0000000E+00   0.0000000E+00   0.0000000E+00   0.0000000E+00
   4.3150796E-02   1.1231870E+06   1.1231870E+06   3.4431623E+02   3.2807090E+00   1.9579935E+02   1.1194030E+06   1.1231870E+06   1.1109682E+06   0.0000000E+00   0.0000000E+00   0.0000000E+00   0.0000000E+00
   4.5961112E-02   1.0666919E+06   1.0666919E+06   3.0095525E+02   2.7499945E+00   1.6015877E+02   1.0630918E+06   1.0666919E+06   1.0550813E+06   0.0000000E+00   0.0000000E+00   0.0000000E+00   0.0000000E+00
   4.8776251E-02   1.0164580E+06   1.0164580E+06   2.5394183E+02   2.3266412E+00   1.4584230E+02   1.0130222E+06   1.0164580E+06   1.0053890E+06   0.0000000E+00   0.0000000E+00   0.0000000E+00   0.0000000E+00
   5.1572406E-02   9.7201807E+05   9.7201807E+05   2.0873798E+02   1.9901063E+00   1.2135796E+02   9.6872824E+05   9.7201807E+05   9.6142884E+05   0.0000000E+00   0.0000000E+00   0.0000000E+00   0.0000000E+00
   5.4340598E-02   9.3252524E+05   9.3252524E+05   1.9135155E+02   1.7185836E+00   1.0745165E+02   9.2936556E+05   9.3252524E+05   9.2236276E+05   0.0000000E+00   0.0000000E+00   0.0000000E+00   0.0000000E+00
   5.7082622E-02   8.9700809E+05   8.9700809E+05   1.5789152E+02   1.4968336E+00   9.6707984E+01   8.9396581E+05   8.9700809E+05   8.8722975E+05   0.0000000E+00   0.0000000E+00   0.0000000E+00   0.0000000E+00
   5.9806254E-02   8.6453445E+05   8.6453445E+05   1.4369997E+02   1.3134178E+00   8.2267640E+01   8.6159983E+05   8.6453445E+05   8.5510766E+05   0.0000000E+00   0.0000000E+00   0.0000000E+00   0.0000000E+00
   6.2521789E-02   8.3428736E+05   8.3428736E+05   1.2564208E+02   1.1588774E+00   7.7777975E+01   8.3145331E+05   8.3428736E+05   8.2518829E+05   0.0000000E+00   0.0000000E+00   0.0000000E+00   0.0000000E+00
   6.5240073E-02   8.0558951E+05   8.0558951E+05   1.0934690E+02   1.0276319E+00   6.5364415E+01   8.0285113E+05   8.0558951E+05   7.9680163E+05   0.0000000E+00   0.0000000E+00   0.0000000E+00   0.0000000E+00
   6.7971567E-02   7.7790502E+05   7.7790502E+05   1.0187374E+02   9.1410833E-01   6.1795357E+01   7.7525916E+05   7.7790502E+05   7.6941757E+05   0.0000000E+00   0.0000000E+00   0.0000000E+00   0.0000000E+00
   7.0725991E-02   7.5083369E+05   7.5083369E+05   8.4727945E+01   8.1536028E-01   5.4264215E+01   7.4827853E+05   7.5083369E+05   7.4264024E+05   0.0000000E+00   0.0000000E+00   0.0000000E+00   0.0000000E+00
   7.3512248E-02   7.2410361E+05   7.2410361E+05   8.1546926E+01   7.2856512E-01   4.7864135E+01   7.2163821E+05   7.2410361E+05   7.1620066E+05   0.0000000E+00   0.0000000E+00   0.0000000E+00   0.0000000E+00
   7.6338490E-02   6.9756356E+05   6.9756356E+05   6.9268436E+01   6.5164947E-01   4.6086480E+01   6.9518746E+05   6.9756356E+05   6.8994922E+05   0.0000000E+00   0.0000000E+00   0.0000000E+00   0.0000000E+00
   7.9212215E-02   6.7117424E+05   6.7117424E+05   6.1478900E+01   5.8344113E-01   3.7981467E+01   6.6888709E+05   6.7117424E+05   6.6384702E+05   0.0000000E+00   0.0000000E+00   0.0000000E+00   0.0000000E+00
   8.2140379E-02   6.4499704E+05   6.4499704E+05   5.8340950E+01   5.2242683E-01   3.5540318E+01   6.4279826E+05   6.4499704E+05   6.3795477E+05   0.0000000E+00   0.0000000E+00   0.0000000E+00   0.0000000E+00
   8.5129506E-02   6.1917893E+05   6.1917893E+05   4.9932867E+01   4.6789223E-01   3.3619006E+01   6.1706743E+05   6.1917893E+05   6.1241782E+05   0.0000000E+00   0.0000000E+00   0.0000000E+00   0.0000000E+00
   8.8185776E-02   5.9393236E+05   5.9393236E+05   4.3420659E+01   4.1921036E-01   2.8880705E+01   5.9190630E+05   5.9393236E+05   5.8744628E+05   0.0000000E+00   0.0000000E+00   0.0000000E+00   0.0000000E+00
   9.1315104E-02   5.6950981E+05   5.6950981E+05   3.9713778E+01   3.7570283E-01   2.5149458E+01   5.6756647E+05   5.6950981E+05   5.6328985E+05   0.0000000E+00   0.0000000E+00   0.0000000E+00   0.0000000E+00
   9.4523208E-02   5.4617346E+05   5.4617346E+05   3.6128690E+01   3.3685693E-01   2.2852917E+01   5.4430922E+05   5.4617346E+05   5.4020785E+05   0.0000000E+00   0.0000000E+00   0.0000000E+00   0.0000000E+00
   9.7815657E-02   5.2416150E+05   5.2416150E+05   3.2322927E+01   3.0225568E-01   2.0865014E+01   5.2237192E+05   5.2416150E+05   5.1843585E+05   0.0000000E+00   0.0000000E+00   0.0000000E+00   0.0000000E+00
   1.0119792E-01   5.0365381E+05   5.0365381E+05   2.8744766E+01   2.7149823E-01   1.8905403E+01   5.0193383E+05   5.0365381E+05   4.9815176E+05   0.0000000E+00   0.0000000E+00   0.0000000E+00   0.0000000E+00
   1.0467540E-01   4.8474065E+05   4.8474065E+05   2.5571206E+01   2.4421213E-01   1.7108253E+01   4.8308488E+05   4.8474065E+05   4.7944483E+05   0.0000000E+00   0.0000000E+00   0.0000000E+00   0.0000000E+00
   1.0825346E-01   4.6739913E+05   4.6739913E+05   2.2834648E+01   2.2001473E-01   1.5594578E+01   4.6580225E+05   4.6739913E+05   4.6229243E+05   0.0000000E+00   0.0000000E+00   0.0000000E+00   0.0000000E+00
   1.1193745E-01   4.5148215E+05   4.5148215E+05   2.0698194E+01   1.9848463E-01   1.4628106E+01   4.4993933E+05   4.5148215E+05   4.4654904E+05   0.0000000E+00   0.0000000E+00   0.0000000E+00   0.0000000E+00
   1.1573273E-01   4.3672425E+05   4.3672425E+05   1.9297189E+01   1.7930657E-01   1.3506162E+01   4.3523158E+05   4.3672425E+05   4.3195212E+05   0.0000000E+00   0.0000000E+00   0.0000000E+00   0.0000000E+00
   1.1964468E-01   4.2276697E+05   4.2276697E+05   1.7817627E+01   1.6213896E-01   1.1517642E+01   4.2132176E+05   4.2276697E+05   4.1814710E+05   0.0000000E+00   0.0000000E+00   0.0000000E+00   0.0000000E+00
   1.2367871E-01   4.0920364E+05   4.0920364E+05   1.5408751E+01   1.4664010E-01   1.0239312E+01   4.0780456E+05   4.0920364E+05   4.0473175E+05   0.0000000E+00   0.0000000E+00   0.0000000E+00   0.0000000E+00
   1.2784027E-01   3.9563953E+05   3.9563953E+05   1.4252994E+01   1.3255355E-01   1.0101268E+01   3.9428661E+05   3.9563953E+05   3.9131567E+05   0.0000000E+00   0.0000000E+00   0.0000000E+00   0.0000000E+00
   1.3213486E-01   3.8175923E+05   3.8175923E+05   1.2838353E+01   1.1969611E-01   8.3069262E+00   3.8045358E+05   3.8175923E+05   3.7758687E+05   0.0000000E+00   0.0000000E+00   0.0000000E+00   0.0000000E+00
   1.3656805E-01   3.6738878E+05   3.6738878E+05   1.1655489E+01   1.0788039E-01   8.3081644E+00   3.6613210E+05   3.6738878E+05   3.6337330E+05   0.0000000E+00   0.0000000E+00   0.0000000E+00   0.0000000E+00
   1.4114545E-01   3.5253815E+05   3.5253815E+05   1.0128941E+01   9.7049446E-02   6.9721953E+00   3.5133212E+05   3.5253815E+05   3.4868483E+05   0.0000000E+00   0.0000000E+00   0.0000000E+00   0.0000000E+00
   1.4587277E-01   3.3741006E+05   3.3741006E+05   9.4467730E+00   8.7127269E-02   6.1461913E+00   3.3625564E+05   3.3741006E+05   3.3372196E+05   0.0000000E+00   0.0000000E+00   0.0000000E+00   0.0000000E+00
   1.5075575E-01   3.2236608E+05   3.2236608E+05   8.5248734E+00   7.8097788E-02   5.8489858E+00   3.2126300E+05   3.2236608E+05   3.1884229E+05   0.0000000E+00   0.0000000E+00   0.0000000E+00   0.0000000E+00
   1.5580025E-01   3.0784984E+05   3.0784984E+05   7.5606382E+00   6.9961137E-02   5.3189563E+00   3.0679632E+05   3.0784984E+05   3.0448461E+05   0.0000000E+00   0.0000000E+00   0.0000000E+00   0.0000000E+00
   1.6101219E-01   2.9427956E+05   2.9427956E+05   6.7316893E+00   6.2694251E-02   4.6949599E+00   2.9327238E+05   2.9427956E+05   2.9106257E+05   0.0000000E+00   0.0000000E+00   0.0000000E+00   0.0000000E+00
   1.6639758E-01   2.8193422E+05   2.8193422E+05   5.9752129E+00   5.6251567E-02   4.1734450E+00   2.8096919E+05   2.8193422E+05   2.7885209E+05   0.0000000E+00   0.0000000E+00   0.0000000E+00   0.0000000E+00
   1.7196256E-01   2.7086615E+05   2.7086615E+05   5.3409952E+00   5.0562045E-02   3.8559749E+00   2.6993892E+05   2.7086615E+05   2.6790494E+05   0.0000000E+00   0.0000000E+00   0.0000000E+00   0.0000000E+00
   1.7771336E-01   2.6087240E+05   2.6087240E+05   4.9304403E+00   4.5526703E-02   3.4497063E+00   2.5997931E+05   2.6087240E+05   2.5802037E+05   0.0000000E+00   0.0000000E+00   0.0000000E+00   0.0000000E+00
   1.8365633E-01   2.5154452E+05   2.5154452E+05   4.3192923E+00   4.1031735E-02   2.9966253E+00   2.5068329E+05   2.5154452E+05   2.4879440E+05   0.0000000E+00   0.0000000E+00   0.0000000E+00   0.0000000E+00
   1.8979800E-01   2.4239256E+05   2.4239256E+05   4.0042967E+00   3.6970442E-02   2.8943684E+00   2.4156261E+05   2.4239256E+05   2.3974243E+05   0.0000000E+00   0.0000000E+00   0.0000000E+00   0.0000000E+00
   1.9614505E-01   2.3300955E+05   2.3300955E+05   3.4953393E+00   3.3261871E-02   2.5663208E+00   2.3221167E+05   2.3300955E+05   2.3046196E+05   0.0000000E+00   0.0000000E+00   0.0000000E+00   0.0000000E+00
   2.0270435E-01   2.2321889E+05   2.2321889E+05   3.1604318E+00   2.9852994E-02   2.1887044E+00   2.2245448E+05   2.2321889E+05   2.2077829E+05   0.0000000E+00   0.0000000E+00   0.0000000E+00   0.0000000E+00
   2.0948300E-01   2.1314199E+05   2.1314199E+05   2.8520168E+00   2.6727555E-02   1.9528585E+00   2.1241205E+05   2.1314199E+05   2.1081153E+05   0.0000000E+00   0.0000000E+00   0.0000000E+00   0.0000000E+00
   2.1648837E-01   2.0314650E+05   2.0314650E+05   2.5323197E+00   2.3890653E-02   1.7609516E+00   2.0245075E+05   2.0314650E+05   2.0092528E+05   0.0000000E+00   0.0000000E+00   0.0000000E+00   0.0000000E+00
   2.2372813E-01   1.9368316E+05   1.9368316E+05   2.2462381E+00   2.1353118E-02   1.6273669E+00   1.9301978E+05   1.9368316E+05   1.9156538E+05   0.0000000E+00   0.0000000E+00   0.0000000E+00   0.0000000E+00
   2.3121029E-01   1.8507592E+05   1.8507592E+05   2.0355319E+00   1.9108759E-02   1.4738837E+00   1.8444199E+05   1.8507592E+05   1.8305222E+05   0.0000000E+00   0.0000000E+00   0.0000000E+00   0.0000000E+00
   2.3894330E-01   1.7736515E+05   1.7736515E+05   1.8190726E+00   1.7133395E-02   1.3447490E+00   1.7675760E+05   1.7736515E+05   1.7542573E+05   0.0000000E+00   0.0000000E+00   0.0000000E+00   0.0000000E+00
   2.4693605E-01   1.7029154E+05   1.7029154E+05   1.6330081E+00   1.5383580E-02   1.1556967E+00   1.6970819E+05   1.7029154E+05   1.6842944E+05   0.0000000E+00   0.0000000E+00   0.0000000E+00   0.0000000E+00
   2.5519802E-01   1.6344208E+05   1.6344208E+05   1.4874648E+00   1.3811176E-02   1.0646029E+00   1.6288218E+05   1.6344208E+05   1.6165486E+05   0.0000000E+00   0.0000000E+00   0.0000000E+00   0.0000000E+00
   2.6373929E-01   1.5648571E+05   1.5648571E+05   1.3316302E+00   1.2379289E-02   9.7036118E-01   1.5594961E+05   1.5648571E+05   1.5477453E+05   0.0000000E+00   0.0000000E+00   0.0000000E+00   0.0000000E+00
   2.7257070E-01   1.4936014E+05   1.4936014E+05   1.1891562E+00   1.1070401E-02   8.5211914E-01   1.4884843E+05   1.4936014E+05   1.4772686E+05   0.0000000E+00   0.0000000E+00   0.0000000E+00   0.0000000E+00
   2.8170392E-01   1.4228674E+05   1.4228674E+05   1.0471003E+00   9.8833574E-03   7.4945572E-01   1.4179925E+05   1.4228674E+05   1.4073080E+05   0.0000000E+00   0.0000000E+00   0.0000000E+00   0.0000000E+00
   2.9115163E-01   1.3559525E+05   1.3559525E+05   9.4045456E-01   8.8229734E-03   6.9436056E-01   1.3513067E+05   1.3559525E+05   1.3411246E+05   0.0000000E+00   0.0000000E+00   0.0000000E+00   0.0000000E+00
   3.0092760E-01   1.2947690E+05   1.2947690E+05   8.3890474E-01   7.8849242E-03   6.2339188E-01   1.2903327E+05   1.2947690E+05   1.2806101E+05   0.0000000E+00   0.0000000E+00   0.0000000E+00   0.0000000E+00
   3.1104693E-01   1.2385029E+05   1.2385029E+05   7.5016653E-01   7.0548030E-03   5.6509291E-01   1.2342593E+05   1.2385029E+05   1.2249591E+05   0.0000000E+00   0.0000000E+00   0.0000000E+00   0.0000000E+00
   3.2152621E-01   1.1844791E+05   1.1844791E+05   6.7140223E-01   6.3111030E-03   5.0228906E-01   1.1804204E+05   1.1844791E+05   1.1715260E+05   0.0000000E+00   0.0000000E+00   0.0000000E+00   0.0000000E+00
   3.3238379E-01   1.1305176E+05   1.1305176E+05   6.0290443E-01   5.6368301E-03   4.3969061E-01   1.1266437E+05   1.1305176E+05   1.1181545E+05   0.0000000E+00   0.0000000E+00   0.0000000E+00   0.0000000E+00
   3.4364003E-01   1.0766886E+05   1.0766886E+05   5.3230994E-01   5.0250842E-03   3.9479356E-01   1.0729991E+05   1.0766886E+05   1.0649141E+05   0.0000000E+00   0.0000000E+00   0.0000000E+00   0.0000000E+00
   3.5531767E-01   1.0248446E+05   1.0248446E+05   4.7578913E-01   4.4757089E-03   3.5393194E-01   1.0213327E+05   1.0248446E+05   1.0136370E+05   0.0000000E+00   0.0000000E+00   0.0000000E+00   0.0000000E+00
   3.6744217E-01   9.7645700E+04   9.7645700E+04   4.2397646E-01   3.9875737E-03   3.1130183E-01   9.7311082E+04   9.7645700E+04   9.6577844E+04   0.0000000E+00   0.0000000E+00   0.0000000E+00   0.0000000E+00
   3.8004227E-01   9.3107728E+04   9.3107728E+04   3.7899301E-01   3.5529669E-03   2.8016124E-01   9.2788654E+04   9.3107728E+04   9.2089493E+04   0.0000000E+00   0.0000000E+00   0.0000000E+00   0.0000000E+00
   3.9315049E-01   8.8707699E+04   8.8707699E+04   3.3574282E-01   3.1626306E-03   2.4888994E-01   8.8403698E+04   8.8707699E+04   8.7737577E+04   0.0000000E+00   0.0000000E+00   0.0000000E+00   0.0000000E+00
   4.0680391E-01   8.4365492E+04   8.4365492E+04   2.9851360E-01   2.8099234E-03   2.1908269E-01   8.4076367E+04   8.4365492E+04   8.3442852E+04   0.0000000E+00   0.0000000E+00   0.0000000E+00   0.0000000E+00
   4.2104499E-01   8.0154248E+04   8.0154248E+04   2.6495346E-01   2.4926660E-03   2.0116106E-01   7.9879550E+04   8.0154248E+04   7.9277658E+04   0.0000000E+00   0.0000000E+00   0.0000000E+00   0.0000000E+00
   4.3592270E-01   7.6161025E+04   7.6161025E+04   2.3497589E-01   2.2095329E-03   1.7544655E-01   7.5900008E+04   7.6161025E+04   7.5328102E+04   0.0000000E+00   0.0000000E+00   0.0000000E+00   0.0000000E+00
   4.5149385E-01   7.2352724E+04   7.2352724E+04   2.0796236E-01   1.9564098E-03   1.5360041E-01   7.2104754E+04   7.2352724E+04   7.1561446E+04   0.0000000E+00   0.0000000E+00   0.0000000E+00   0.0000000E+00
   4.6782480E-01   6.8643069E+04   6.8643069E+04   1.8410266E-01   1.7288709E-03   1.3811780E-01   6.8407810E+04   6.8643069E+04   6.7892358E+04   0.0000000E+00   0.0000000E+00   0.0000000E+00   0.0000000E+00
   4.8499366E-01   6.5027997E+04   6.5027997E+04   1.6222184E-01   1.5239829E-03   1.2586282E-01   6.4805125E+04   6.5027997E+04   6.4316819E+04   0.0000000E+00   0.0000000E+00   0.0000000E+00   0.0000000E+00
   5.0309300E-01   6.1554575E+04   6.1554575E+04   1.4263096E-01   1.3406669E-03   1.1109845E-01   6.1343605E+04   6.1554575E+04   6.0881382E+04   0.0000000E+00   0.0000000E+00   0.0000000E+00   0.0000000E+00
   5.2223346E-01   5.8208258E+04   5.8208258E+04   1.2520556E-01   1.1764878E-03   9.7344334E-02   5.8008754E+04   5.8208258E+04   5.7571659E+04   0.0000000E+00   0.0000000E+00   0.0000000E+00   0.0000000E+00
   5.4254827E-01   5.4945817E+04   5.4945817E+04   1.0943033E-01   1.0290652E-03   8.3079084E-02   5.4757493E+04   5.4945817E+04   5.4344896E+04   0.0000000E+00   0.0000000E+00   0.0000000E+00   0.0000000E+00
   5.6419919E-01   5.1774525E+04   5.1774525E+04   9.5372768E-02   8.9670935E-04   7.2489537E-02   5.1597069E+04   5.1774525E+04   5.1208285E+04   0.0000000E+00   0.0000000E+00   0.0000000E+00   0.0000000E+00
   5.8738408E-01   4.8698993E+04   4.8698993E+04   8.2782909E-02   7.7811660E-04   6.4357553E-02   4.8532075E+04   4.8698993E+04   4.8166387E+04   0.0000000E+00   0.0000000E+00   0.0000000E+00   0.0000000E+00
   6.1234653E-01   4.5694180E+04   4.5694180E+04   7.1447821E-02   6.7185032E-04   5.4128306E-02   4.5537561E+04   4.5694180E+04   4.5194436E+04   0.0000000E+00   0.0000000E+00   0.0000000E+00   0.0000000E+00
   6.3938792E-01   4.2757996E+04   4.2757996E+04   6.1325409E-02   5.7664348E-04   4.5062595E-02   4.2611439E+04   4.2757996E+04   4.2290362E+04   0.0000000E+00   0.0000000E+00   0.0000000E+00   0.0000000E+00
   6.6888154E-01   3.9884743E+04   3.9884743E+04   5.2269150E-02   4.9148934E-04   3.9746063E-02   3.9748033E+04   3.9884743E+04   3.9448532E+04   0.0000000E+00   0.0000000E+00   0.0000000E+00   0.0000000E+00
   7.0128781E-01   3.7063749E+04   3.7063749E+04   4.4189282E-02   4.1551569E-04   3.2492385E-02   3.6936707E+04   3.7063749E+04   3.6658389E+04   0.0000000E+00   0.0000000E+00   0.0000000E+00   0.0000000E+00
   7.3716691E-01   3.4293457E+04   3.4293457E+04   3.7002423E-02   3.4793143E-04   2.7611639E-02   3.4175910E+04   3.4293457E+04   3.3918395E+04   0.0000000E+00   0.0000000E+00   0.0000000E+00   0.0000000E+00
   7.7718082E-01   3.1571310E+04   3.1571310E+04   3.0648246E-02   2.8818018E-04   2.4174767E-02   3.1463093E+04   3.1571310E+04   3.1226019E+04   0.0000000E+00   0.0000000E+00   0.0000000E+00   0.0000000E+00
   8.2207115E-01   2.8903315E+04   2.8903315E+04   2.5077250E-02   2.3579943E-04   2.0700205E-02   2.8804242E+04   2.8903315E+04   2.8587203E+04   0.0000000E+00   0.0000000E+00   0.0000000E+00   0.0000000E+00
   8.7259520E-01   2.6303458E+04   2.6303458E+04   2.0254989E-02   1.9046546E-04   1.6167130E-02   2.6213296E+04   2.6303458E+04   2.6015779E+04   0.0000000E+00   0.0000000E+00   0.0000000E+00   0.0000000E+00
   9.2941472E-01   2.3795663E+04   2.3795663E+04   1.6151796E-02   1.5188385E-04   1.3119485E-02   2.3714096E+04   2.3795663E+04   2.3535411E+04   0.0000000E+00   0.0000000E+00   0.0000000E+00   0.0000000E+00
   9.9297090E-01   2.1410858E+04   2.1410858E+04   1.2732074E-02   1.1972888E-04   1.0173338E-02   2.1337466E+04   2.1410858E+04   2.1176688E+04   0.0000000E+00   0.0000000E+00   0.0000000E+00   0.0000000E+00
   1.0634271E+00   1.9180068E+04   1.9180068E+04   9.9441780E-03   9.3518939E-05   7.1706963E-03   1.9114322E+04   1.9180068E+04   1.8970296E+04   0.0000000E+00   0.0000000E+00   0.0000000E+00   0.0000000E+00
   1.1407453E+00   1.7126621E+04   1.7126621E+04   7.7165766E-03   7.2569273E-05   6.1152124E-03   1.7067914E+04   1.7126621E+04   1.6939307E+04   0.0000000E+00   0.0000000E+00   0.0000000E+00   0.0000000E+00
   1.2248557E+00   1.5260650E+04   1.5260650E+04   5.9638964E-03   5.6088559E-05   4.1093280E-03   1.5208338E+04   1.5260650E+04   1.5093744E+04   0.0000000E+00   0.0000000E+00   0.0000000E+00   0.0000000E+00
   1.3158036E+00   1.3579408E+04   1.3579408E+04   4.5985655E-03   4.3249019E-05   3.2978203E-03   1.3532859E+04   1.3579408E+04   1.3430889E+04   0.0000000E+00   0.0000000E+00   0.0000000E+00   0.0000000E+00
   1.4138046E+00   1.2072481E+04   1.2072481E+04   3.5411009E-03   3.3303889E-05   2.8458393E-03   1.2031098E+04   1.2072481E+04   1.1940444E+04   0.0000000E+00   0.0000000E+00   0.0000000E+00   0.0000000E+00
   1.5192284E+00   1.0725525E+04   1.0725525E+04   2.7245218E-03   2.5625321E-05   2.1475928E-03   1.0688759E+04   1.0725525E+04   1.0608219E+04   0.0000000E+00   0.0000000E+00   0.0000000E+00   0.0000000E+00
   1.6325578E+00   9.5234018E+03   9.5234018E+03   2.0949329E-03   1.9703955E-05   1.7433397E-03   9.4907564E+03   9.5234018E+03   9.4192437E+03   0.0000000E+00   0.0000000E+00   0.0000000E+00   0.0000000E+00
   1.7543550E+00   8.4516184E+03   8.4516184E+03   1.6099693E-03   1.5143413E-05   1.3259009E-03   8.4226469E+03   8.4516184E+03   8.3591824E+03   0.0000000E+00   0.0000000E+00   0.0000000E+00   0.0000000E+00
   1.8852427E+00   7.4967387E+03   7.4967387E+03   1.2366989E-03   1.1632368E-05   8.0715049E-04   7.4710404E+03   7.4967387E+03   7.4147462E+03   0.0000000E+00   0.0000000E+00   0.0000000E+00   0.0000000E+00
   2.0258964E+00   6.6465716E+03   6.6465716E+03   9.5087734E-04   8.9311568E-06   7.4919339E-04   6.6237876E+03   6.6465716E+03   6.5738774E+03   0.0000000E+00   0.0000000E+00   0.0000000E+00   0.0000000E+00
   2.1770441E+00   5.8901129E+03   5.8901129E+03   7.2872364E-04   6.8540880E-06   5.1808925E-04   5.8699220E+03   5.8901129E+03   5.8256922E+03   0.0000000E+00   0.0000000E+00   0.0000000E+00   0.0000000E+00
   2.3394686E+00   5.2174175E+03   5.2174175E+03   5.5892987E-04   5.2577576E-06   4.2092337E-04   5.1995325E+03   5.2174175E+03   5.1603541E+03   0.0000000E+00   0.0000000E+00   0.0000000E+00   0.0000000E+00
   2.5140113E+00   4.6195564E+03   4.6195564E+03   4.2853700E-04   4.0314595E-06   4.3028338E-04   4.6037208E+03   4.6195564E+03   4.5690319E+03   0.0000000E+00   0.0000000E+00   0.0000000E+00   0.0000000E+00
   2.7015762E+00   4.0884970E+03   4.0884970E+03   3.2843107E-04   3.0900137E-06   2.1471452E-04   4.0744819E+03   4.0884970E+03   4.0437807E+03   0.0000000E+00   0.0000000E+00   0.0000000E+00   0.0000000E+00
   2.9031349E+00   3.6170239E+03   3.6170239E+03   2.5160948E-04   2.3674080E-06   2.2661388E-04   3.6046249E+03   3.6170239E+03   3.5774641E+03   0.0000000E+00   0.0000000E+00   0.0000000E+00   0.0000000E+00
   3.1197315E+00   3.1986652E+03   3.1986652E+03   1.9268196E-04   1.8131208E-06   1.1685721E-04   3.1877003E+03   3.1986652E+03   3.1636810E+03   0.0000000E+00   0.0000000E+00   0.0000000E+00   0.0000000E+00
   3.3524879E+00   2.8276208E+03   2.8276208E+03   1.4749969E-04   1.3880812E-06   1.0698286E-04   2.8179278E+03   2.8276208E+03   2.7966948E+03   0.0000000E+00   0.0000000E+00   0.0000000E+00   0.0000000E+00
   3.6026098E+00   2.4986969E+03   2.4986969E+03   1.1287068E-04   1.0623039E-06   1.3237924E-04   2.4901315E+03   2.4986969E+03   2.4713683E+03   0.0000000E+00   0.0000000E+00   0.0000000E+00   0.0000000E+00
   3.8713926E+00   2.2072466E+03   2.2072466E+03   8.6334252E-05   8.1271822E-07   9.5723442E-05   2.1996803E+03   2.2072466E+03   2.1831057E+03   0.0000000E+00   0.0000000E+00   0.0000000E+00   0.0000000E+00
   4.1602288E+00   1.9491159E+03   1.9491159E+03   6.6026884E-05   6.2157535E-07   1.2302832E-05   1.9424344E+03   1.9491159E+03   1.9277982E+03   0.0000000E+00   0.0000000E+00   0.0000000E+00   0.0000000E+00
   4.4706145E+00   1.7205942E+03   1.7205942E+03   5.0473687E-05   4.7522464E-07   5.2582202E-05   1.7146961E+03   1.7205942E+03   1.7017759E+03   0.0000000E+00   0.0000000E+00   0.0000000E+00   0.0000000E+00
   4.8041573E+00   1.5183697E+03   1.5183697E+03   3.8570268E-05   3.6322919E-07   3.7458193E-05   1.5131648E+03   1.5183697E+03   1.5017631E+03   0.0000000E+00   0.0000000E+00   0.0000000E+00   0.0000000E+00
   5.1625851E+00   1.3394886E+03   1.3394886E+03   2.9465283E-05   2.7754541E-07   3.3398255E-05   1.3348969E+03   1.3394886E+03   1.3248385E+03   0.0000000E+00   0.0000000E+00   0.0000000E+00   0.0000000E+00
   5.5477543E+00   1.1813182E+03   1.1813182E+03   2.2502295E-05   2.1201798E-07   6.3809144E-06   1.1772687E+03   1.1813182E+03   1.1683980E+03   0.0000000E+00   0.0000000E+00   0.0000000E+00   0.0000000E+00
   5.9616602E+00   1.0415137E+03   1.0415137E+03   1.7186350E-05   1.6191664E-07   5.1232316E-06   1.0379434E+03   1.0415137E+03   1.0301225E+03   0.0000000E+00   0.0000000E+00   0.0000000E+00   0.0000000E+00
   6.4064467E+00   9.1798783E+02   9.1798783E+02   1.3109839E-05   1.2362474E-07   4.5009697E-06   9.1484100E+02   9.1798783E+02   9.0794768E+02   0.0000000E+00   0.0000000E+00   0.0000000E+00   0.0000000E+00
   6.8844178E+00   8.0888405E+02   8.0888405E+02   1.0002671E-05   9.4367084E-08   7.5994742E-06   8.0611122E+02   8.0888405E+02   8.0003718E+02   0.0000000E+00   0.0000000E+00   0.0000000E+00   0.0000000E+00
   7.3980493E+00   7.1255175E+02   7.1255175E+02   7.6313435E-06   7.2018602E-08   8.7014599E-07   7.1010915E+02   7.1255175E+02   7.0475848E+02   0.0000000E+00   0.0000000E+00   0.0000000E+00   0.0000000E+00
   7.9500017E+00   6.2752439E+02   6.2752439E+02   5.8226859E-06   5.4950846E-08   5.4939368E-06   6.2537325E+02   6.2752439E+02   6.2066107E+02   0.0000000E+00   0.0000000E+00   0.0000000E+00   0.0000000E+00
   8.5431340E+00   5.5249965E+02   5.5249965E+02   4.4385974E-06   4.1920717E-08   6.5906664E-06   5.5060569E+02   5.5249965E+02   5.4645689E+02   0.0000000E+00   0.0000000E+00   0.0000000E+00   0.0000000E+00
   9.1805187E+00   4.8632167E+02   4.8632167E+02   3.3830772E-06   3.1975319E-08   1.5265468E-07   4.8465457E+02   4.8632167E+02   4.8100271E+02   0.0000000E+00   0.0000000E+00   0.0000000E+00   0.0000000E+00
   9.8654573E+00   4.2796510E+02   4.2796510E+02   2.5790064E-06   2.4385750E-08   4.6968272E-06   4.2649805E+02   4.2796510E+02   4.2328439E+02   0.0000000E+00   0.0000000E+00   0.0000000E+00   0.0000000E+00
   1.0601498E+01   3.7652082E+02   3.7652082E+02   1.9642115E-06   1.8595505E-08   -3.8054565E-06   3.7523012E+02   3.7652082E+02   3.7240277E+02   0.0000000E+00   0.0000000E+00   0.0000000E+00   0.0000000E+00
