#           k/h    CDM            baryon         photon         nu             mass_nu        total          no_nu          total_de       Weyl           v_CDM          v_b            v_b-v_c     
   1.0961248E-05   1.3229040E+07   1.3229040E+07   1.7632100E+07   1.7680309E+05   3.4341036E+06   1.3229060E+07   1.3229040E+07   7.9948123E+06   0.0000000E+00   0.0000000E+00   0.0000000E+00   0.0000000E+00
   1.1779043E-05   1.3229036E+07   1.3229036E+07   1.7631070E+07   1.7680038E+05   3.4340384E+06   1.3229056E+07   1.3229036E+07   7.9948095E+06   0.0000000E+00   0.0000000E+00   0.0000000E+00   0.0000000E+00
   1.2657852E-05   1.3229030E+07   1.3229030E+07   1.7629880E+07   1.7679726E+05   3.4339631E+06   1.3229050E+07   1.3229030E+07   7.9948062E+06   0.0000000E+00   0.0000000E+00   0.0000000E+00   0.0000000E+00
   1.3602227E-05   1.3229024E+07   1.3229024E+07   1.7628505E+07   1.7679365E+05   3.4338761E+06   1.3229044E+07   1.3229024E+07   7.9948025E+06   0.0000000E+00   0.0000000E+00   0.0000000E+00   0.0000000E+00
   1.4617060E-05   1.3229017E+07   1.3229017E+07   1.7626919E+07   1.7678948E+05   3.4337756E+06   1.3229037E+07   1.3229017E+07   7.9947981E+06   0.0000000E+00   0.0000000E+00   0.0000000E+00   0.0000000E+00
   1.5707607E-05   1.3229009E+07   1.3229009E+07   1.7625086E+07   1.7678466E+05   3.4336597E+06   1.3229028E+07   1.3229009E+07   7.9947931E+06   0.0000000E+00   0.0000000E+00   0.0000000E+00   0.0000000E+00
   1.6879517E-05   1.3228999E+07   1.3228999E+07   1.7622971E+07   1.7677911E+05   3.4335257E+06   1.3229019E+07   1.3228999E+07   7.9947873E+06   0.0000000E+00   0.0000000E+00   0.0000000E+00   0.0000000E+00
   1.8138861E-05   1.3228989E+07   1.3228989E+07   1.7620528E+07   1.7677269E+05   3.4333711E+06   1.3229008E+07   1.3228989E+07   7.9947807E+06   0.0000000E+00   0.0000000E+00   0.0000000E+00   0.0000000E+00
   1.9492162E-05   1.3228976E+07   1.3228976E+07   1.7617708E+07   1.7676528E+05   3.4331925E+06   1.3228995E+07   1.3228976E+07   7.9947729E+06   0.0000000E+00   0.0000000E+00   0.0000000E+00   0.0000000E+00
   2.0946430E-05   1.3228961E+07   1.3228961E+07   1.7614451E+07   1.7675672E+05   3.4329864E+06   1.3228980E+07   1.3228961E+07   7.9947640E+06   0.0000000E+00   0.0000000E+00   0.0000000E+00   0.0000000E+00
   2.2509198E-05   1.3228944E+07   1.3228944E+07   1.7610692E+07   1.7674684E+05   3.4327483E+06   1.3228963E+07   1.3228944E+07   7.9947537E+06   0.0000000E+00   0.0000000E+00   0.0000000E+00   0.0000000E+00
   2.4188560E-05   1.3228925E+07   1.3228925E+07   1.7606351E+07   1.7673543E+05   3.4324734E+06   1.3228943E+07   1.3228925E+07   7.9947418E+06   0.0000000E+00   0.0000000E+00   0.0000000E+00   0.0000000E+00
   2.5993216E-05   1.3228903E+07   1.3228903E+07   1.7601340E+07   1.7672225E+05   3.4321560E+06   1.3228920E+07   1.3228903E+07   7.9947281E+06   0.0000000E+00   0.0000000E+00   0.0000000E+00   0.0000000E+00
   2.7932514E-05   1.3228877E+07   1.3228877E+07   1.7595554E+07   1.7670704E+05   3.4317895E+06   1.3228893E+07   1.3228877E+07   7.9947123E+06   0.0000000E+00   0.0000000E+00   0.0000000E+00   0.0000000E+00
   3.0016498E-05   1.3228847E+07   1.3228847E+07   1.7588876E+07   1.7668947E+05   3.4313663E+06   1.3228863E+07   1.3228847E+07   7.9946940E+06   0.0000000E+00   0.0000000E+00   0.0000000E+00   0.0000000E+00
   3.2255964E-05   1.3228812E+07   1.3228812E+07   1.7581167E+07   1.7666919E+05   3.4308778E+06   1.3228827E+07   1.3228812E+07   7.9946728E+06   0.0000000E+00   0.0000000E+00   0.0000000E+00   0.0000000E+00
   3.4662511E-05   1.3228772E+07   1.3228772E+07   1.7572268E+07   1.7664577E+05   3.4303137E+06   1.3228786E+07   1.3228772E+07   7.9946485E+06   0.0000000E+00   0.0000000E+00   0.0000000E+00   0.0000000E+00
   3.7248606E-05   1.3228726E+07   1.3228726E+07   1.7561998E+07   1.7661874E+05   3.4296625E+06   1.3228739E+07   1.3228726E+07   7.9946203E+06   0.0000000E+00   0.0000000E+00   0.0000000E+00   0.0000000E+00
   4.0027643E-05   1.3228673E+07   1.3228673E+07   1.7550145E+07   1.7658753E+05   3.4289107E+06   1.3228685E+07   1.3228673E+07   7.9945878E+06   0.0000000E+00   0.0000000E+00   0.0000000E+00   0.0000000E+00
   4.3014019E-05   1.3228612E+07   1.3228612E+07   1.7536467E+07   1.7655150E+05   3.4280429E+06   1.3228622E+07   1.3228612E+07   7.9945502E+06   0.0000000E+00   0.0000000E+00   0.0000000E+00   0.0000000E+00
   4.6223201E-05   1.3228541E+07   1.3228541E+07   1.7520684E+07   1.7650990E+05   3.4270411E+06   1.3228550E+07   1.3228541E+07   7.9945069E+06   0.0000000E+00   0.0000000E+00   0.0000000E+00   0.0000000E+00
   4.9671814E-05   1.3228459E+07   1.3228459E+07   1.7502475E+07   1.7646188E+05   3.4258847E+06   1.3228466E+07   1.3228459E+07   7.9944568E+06   0.0000000E+00   0.0000000E+00   0.0000000E+00   0.0000000E+00
   5.3377720E-05   1.3228364E+07   1.3228364E+07   1.7481470E+07   1.7640646E+05   3.4245500E+06   1.3228369E+07   1.3228364E+07   7.9943991E+06   0.0000000E+00   0.0000000E+00   0.0000000E+00   0.0000000E+00
   5.7360116E-05   1.3228255E+07   1.3228255E+07   1.7457244E+07   1.7634248E+05   3.4230097E+06   1.3228258E+07   1.3228255E+07   7.9943324E+06   0.0000000E+00   0.0000000E+00   0.0000000E+00   0.0000000E+00
   6.1639630E-05   1.3228129E+07   1.3228129E+07   1.7429308E+07   1.7626865E+05   3.4212321E+06   1.3228129E+07   1.3228129E+07   7.9942554E+06   0.0000000E+00   0.0000000E+00   0.0000000E+00   0.0000000E+00
   6.6238428E-05   1.3227984E+07   1.3227984E+07   1.7397101E+07   1.7618345E+05   3.4191810E+06   1.3227980E+07   1.3227984E+07   7.9941665E+06   0.0000000E+00   0.0000000E+00   0.0000000E+00   0.0000000E+00
   7.1180334E-05   1.3227816E+07   1.3227816E+07   1.7359979E+07   1.7608513E+05   3.4168145E+06   1.3227809E+07   1.3227816E+07   7.9940640E+06   0.0000000E+00   0.0000000E+00   0.0000000E+00   0.0000000E+00
   7.6490944E-05   1.3227622E+07   1.3227622E+07   1.7317206E+07   1.7597170E+05   3.4140846E+06   1.3227611E+07   1.3227622E+07   7.9939457E+06   0.0000000E+00   0.0000000E+00   0.0000000E+00   0.0000000E+00
   8.2197767E-05   1.3227399E+07   1.3227399E+07   1.7267936E+07   1.7584083E+05   3.4109359E+06   1.3227382E+07   1.3227399E+07   7.9938091E+06   0.0000000E+00   0.0000000E+00   0.0000000E+00   0.0000000E+00
   8.8330364E-05   1.3227141E+07   1.3227141E+07   1.7211207E+07   1.7568990E+05   3.4073049E+06   1.3227119E+07   1.3227141E+07   7.9936516E+06   0.0000000E+00   0.0000000E+00   0.0000000E+00   0.0000000E+00
   9.4920501E-05   1.3226843E+07   1.3226843E+07   1.7145917E+07   1.7551583E+05   3.4031186E+06   1.3226815E+07   1.3226843E+07   7.9934698E+06   0.0000000E+00   0.0000000E+00   0.0000000E+00   0.0000000E+00
   1.0200231E-04   1.3226500E+07   1.3226500E+07   1.7070816E+07   1.7531514E+05   3.3982932E+06   1.3226464E+07   1.3226500E+07   7.9932601E+06   0.0000000E+00   0.0000000E+00   0.0000000E+00   0.0000000E+00
   1.0961248E-04   1.3226104E+07   1.3226104E+07   1.6984480E+07   1.7508380E+05   3.3927328E+06   1.3226059E+07   1.3226104E+07   7.9930183E+06   0.0000000E+00   0.0000000E+00   0.0000000E+00   0.0000000E+00
   1.1779043E-04   1.3225647E+07   1.3225647E+07   1.6885298E+07   1.7481720E+05   3.3863274E+06   1.3225592E+07   1.3225647E+07   7.9927396E+06   0.0000000E+00   0.0000000E+00   0.0000000E+00   0.0000000E+00
   1.2657852E-04   1.3225120E+07   1.3225120E+07   1.6771453E+07   1.7451008E+05   3.3789517E+06   1.3225054E+07   1.3225120E+07   7.9924182E+06   0.0000000E+00   0.0000000E+00   0.0000000E+00   0.0000000E+00
   1.3602227E-04   1.3224513E+07   1.3224513E+07   1.6640897E+07   1.7415641E+05   3.3704621E+06   1.3224433E+07   1.3224513E+07   7.9920478E+06   0.0000000E+00   0.0000000E+00   0.0000000E+00   0.0000000E+00
   1.4617060E-04   1.3223814E+07   1.3223814E+07   1.6491340E+07   1.7374930E+05   3.3606955E+06   1.3223718E+07   1.3223814E+07   7.9916211E+06   0.0000000E+00   0.0000000E+00   0.0000000E+00   0.0000000E+00
   1.5707607E-04   1.3223008E+07   1.3223008E+07   1.6320232E+07   1.7328090E+05   3.3494664E+06   1.3222895E+07   1.3223008E+07   7.9911297E+06   0.0000000E+00   0.0000000E+00   0.0000000E+00   0.0000000E+00
   1.6879517E-04   1.3222080E+07   1.3222080E+07   1.6124751E+07   1.7274231E+05   3.3365643E+06   1.3221946E+07   1.3222080E+07   7.9905640E+06   0.0000000E+00   0.0000000E+00   0.0000000E+00   0.0000000E+00
   1.8138861E-04   1.3221012E+07   1.3221012E+07   1.5901800E+07   1.7212341E+05   3.3217517E+06   1.3220854E+07   1.3221012E+07   7.9899130E+06   0.0000000E+00   0.0000000E+00   0.0000000E+00   0.0000000E+00
   1.9492162E-04   1.3219783E+07   1.3219783E+07   1.5648012E+07   1.7141275E+05   3.3047607E+06   1.3219597E+07   1.3219783E+07   7.9891644E+06   0.0000000E+00   0.0000000E+00   0.0000000E+00   0.0000000E+00
   2.0946430E-04   1.3218369E+07   1.3218369E+07   1.5359774E+07   1.7059746E+05   3.2852911E+06   1.3218152E+07   1.3218369E+07   7.9883040E+06   0.0000000E+00   0.0000000E+00   0.0000000E+00   0.0000000E+00
   2.2509198E-04   1.3216745E+07   1.3216745E+07   1.5033265E+07   1.6966305E+05   3.2630079E+06   1.3216491E+07   1.3216745E+07   7.9873159E+06   0.0000000E+00   0.0000000E+00   0.0000000E+00   0.0000000E+00
   2.4188560E-04   1.3214879E+07   1.3214879E+07   1.4664521E+07   1.6859337E+05   3.2375396E+06   1.3214584E+07   1.3214879E+07   7.9861820E+06   0.0000000E+00   0.0000000E+00   0.0000000E+00   0.0000000E+00
   2.5993216E-04   1.3212739E+07   1.3212739E+07   1.4249545E+07   1.6737046E+05   3.2084766E+06   1.3212395E+07   1.3212739E+07   7.9848820E+06   0.0000000E+00   0.0000000E+00   0.0000000E+00   0.0000000E+00
   2.7932514E-04   1.3210285E+07   1.3210285E+07   1.3784446E+07   1.6597453E+05   3.1753721E+06   1.3209886E+07   1.3210285E+07   7.9833932E+06   0.0000000E+00   0.0000000E+00   0.0000000E+00   0.0000000E+00
   3.0016498E-04   1.3207475E+07   1.3207475E+07   1.3265646E+07   1.6438390E+05   3.1377428E+06   1.3207013E+07   1.3207475E+07   7.9816903E+06   0.0000000E+00   0.0000000E+00   0.0000000E+00   0.0000000E+00
   3.2255964E-04   1.3204262E+07   1.3204262E+07   1.2690145E+07   1.6257510E+05   3.0950733E+06   1.3203726E+07   1.3204262E+07   7.9797453E+06   0.0000000E+00   0.0000000E+00   0.0000000E+00   0.0000000E+00
   3.4662511E-04   1.3200592E+07   1.3200592E+07   1.2055858E+07   1.6052299E+05   3.0468223E+06   1.3199973E+07   1.3200592E+07   7.9775272E+06   0.0000000E+00   0.0000000E+00   0.0000000E+00   0.0000000E+00
   3.7248606E-04   1.3196408E+07   1.3196408E+07   1.1362041E+07   1.5820106E+05   2.9924332E+06   1.3195692E+07   1.3196408E+07   7.9750024E+06   0.0000000E+00   0.0000000E+00   0.0000000E+00   0.0000000E+00
   4.0027643E-04   1.3191646E+07   1.3191646E+07   1.0609784E+07   1.5558191E+05   2.9313486E+06   1.3190820E+07   1.3191646E+07   7.9721343E+06   0.0000000E+00   0.0000000E+00   0.0000000E+00   0.0000000E+00
   4.3014019E-04   1.3186238E+07   1.3186238E+07   9.8025787E+06   1.5263785E+05   2.8630309E+06   1.3185286E+07   1.3186238E+07   7.9688837E+06   0.0000000E+00   0.0000000E+00   0.0000000E+00   0.0000000E+00
   4.6223201E-04   1.3180110E+07   1.3180110E+07   8.9469071E+06   1.4934186E+05   2.7869891E+06   1.3179015E+07   1.3180110E+07   7.9652094E+06   0.0000000E+00   0.0000000E+00   0.0000000E+00   0.0000000E+00
   4.9671814E-04   1.3173185E+07   1.3173185E+07   8.0528134E+06   1.4566877E+05   2.7028124E+06   1.3171926E+07   1.3173185E+07   7.9610680E+06   0.0000000E+00   0.0000000E+00   0.0000000E+00   0.0000000E+00
   5.3377720E-04   1.3165381E+07   1.3165381E+07   7.1343497E+06   1.4159678E+05   2.6102111E+06   1.3163936E+07   1.3165381E+07   7.9564152E+06   0.0000000E+00   0.0000000E+00   0.0000000E+00   0.0000000E+00
   5.7360116E-04   1.3156616E+07   1.3156616E+07   6.2097681E+06   1.3710931E+05   2.5090638E+06   1.3154961E+07   1.3156616E+07   7.9512064E+06   0.0000000E+00   0.0000000E+00   0.0000000E+00   0.0000000E+00
   6.1639630E-04   1.3146807E+07   1.3146807E+07   5.3012830E+06   1.3219712E+05   2.3994693E+06   1.3144913E+07   1.3146807E+07   7.9453976E+06   0.0000000E+00   0.0000000E+00   0.0000000E+00   0.0000000E+00
   6.6238428E-04   1.3135871E+07   1.3135871E+07   4.4342019E+06   1.2686065E+05   2.2817994E+06   1.3133707E+07   1.3135871E+07   7.9389466E+06   0.0000000E+00   0.0000000E+00   0.0000000E+00   0.0000000E+00
   7.1180334E-04   1.3123730E+07   1.3123730E+07   3.6352281E+06   1.2111241E+05   2.1567467E+06   1.3121263E+07   1.3123730E+07   7.9318139E+06   0.0000000E+00   0.0000000E+00   0.0000000E+00   0.0000000E+00
   7.6490944E-04   1.3110310E+07   1.3110310E+07   2.9298168E+06   1.1497921E+05   2.0253611E+06   1.3107504E+07   1.3110310E+07   7.9239634E+06   0.0000000E+00   0.0000000E+00   0.0000000E+00   0.0000000E+00
   8.2197767E-04   1.3095544E+07   1.3095544E+07   2.3386402E+06   1.0850377E+05   1.8890626E+06   1.3092361E+07   1.3095544E+07   7.9153630E+06   0.0000000E+00   0.0000000E+00   0.0000000E+00   0.0000000E+00
   8.8330364E-04   1.3079375E+07   1.3079375E+07   1.8735300E+06   1.0174556E+05   1.7496228E+06   1.3075774E+07   1.3079375E+07   7.9059839E+06   0.0000000E+00   0.0000000E+00   0.0000000E+00   0.0000000E+00
   9.4920501E-04   1.3061751E+07   1.3061751E+07   1.5337009E+06   9.4780120E+04   1.6091036E+06   1.3057688E+07   1.3061751E+07   7.8957992E+06   0.0000000E+00   0.0000000E+00   0.0000000E+00   0.0000000E+00
   1.0200231E-03   1.3042625E+07   1.3042625E+07   1.3035284E+06   8.7696842E+04   1.4697490E+06   1.3038056E+07   1.3042625E+07   7.8847815E+06   0.0000000E+00   0.0000000E+00   0.0000000E+00   0.0000000E+00
   1.0961248E-03   1.3021954E+07   1.3021954E+07   1.1534492E+06   8.0594826E+04   1.3338316E+06   1.3016836E+07   1.3021954E+07   7.8728991E+06   0.0000000E+00   0.0000000E+00   0.0000000E+00   0.0000000E+00
   1.1779043E-03   1.2999690E+07   1.2999690E+07   1.0452943E+06   7.3577131E+04   1.2034693E+06   1.2993979E+07   1.2999690E+07   7.8601119E+06   0.0000000E+00   0.0000000E+00   0.0000000E+00   0.0000000E+00
   1.2657852E-03   1.2975774E+07   1.2975774E+07   9.4214981E+05   6.6743984E+04   1.0804375E+06   1.2969429E+07   1.2975774E+07   7.8463668E+06   0.0000000E+00   0.0000000E+00   0.0000000E+00   0.0000000E+00
   1.3602227E-03   1.2950131E+07   1.2950131E+07   8.2049230E+05   6.0185978E+04   9.6601321E+05   1.2943115E+07   1.2950131E+07   7.8315944E+06   0.0000000E+00   0.0000000E+00   0.0000000E+00   0.0000000E+00
   1.4617060E-03   1.2922661E+07   1.2922661E+07   6.7946105E+05   5.3978360E+04   8.6089043E+05   1.2914941E+07   1.2922661E+07   7.8157077E+06   0.0000000E+00   0.0000000E+00   0.0000000E+00   0.0000000E+00
   1.5707607E-03   1.2893236E+07   1.2893236E+07   5.4057566E+05   4.8177329E+04   7.6519389E+05   1.2884787E+07   1.2893236E+07   7.7986029E+06   0.0000000E+00   0.0000000E+00   0.0000000E+00   0.0000000E+00
   1.6879517E-03   1.2861699E+07   1.2861699E+07   4.3385852E+05   4.2818585E+04   6.7859813E+05   1.2852499E+07   1.2861699E+07   7.7801617E+06   0.0000000E+00   0.0000000E+00   0.0000000E+00   0.0000000E+00
   1.8138861E-03   1.2827860E+07   1.2827860E+07   3.7494490E+05   3.7917797E+04   6.0052605E+05   1.2817896E+07   1.2827860E+07   7.7602548E+06   0.0000000E+00   0.0000000E+00   0.0000000E+00   0.0000000E+00
   1.9492162E-03   1.2791504E+07   1.2791504E+07   3.4898117E+05   3.3472526E+04   5.3036600E+05   1.2780767E+07   1.2791504E+07   7.7387433E+06   0.0000000E+00   0.0000000E+00   0.0000000E+00   0.0000000E+00
   2.0946430E-03   1.2752388E+07   1.2752388E+07   3.1973972E+05   2.9465717E+04   4.6761713E+05   1.2740875E+07   1.2752388E+07   7.7154789E+06   0.0000000E+00   0.0000000E+00   0.0000000E+00   0.0000000E+00
   2.2509198E-03   1.2710248E+07   1.2710248E+07   2.6402358E+05   2.5871175E+04   4.1187600E+05   1.2697956E+07   1.2710248E+07   7.6903026E+06   0.0000000E+00   0.0000000E+00   0.0000000E+00   0.0000000E+00
   2.4188560E-03   1.2664806E+07   1.2664806E+07   1.9860877E+05   2.2660107E+04   3.6266452E+05   1.2651733E+07   1.2664806E+07   7.6630458E+06   0.0000000E+00   0.0000000E+00   0.0000000E+00   0.0000000E+00
   2.5993216E-03   1.2615770E+07   1.2615770E+07   1.5975859E+05   1.9805250E+04   3.1927645E+05   1.2601909E+07   1.2615770E+07   7.6335318E+06   0.0000000E+00   0.0000000E+00   0.0000000E+00   0.0000000E+00
   2.7932514E-03   1.2562834E+07   1.2562834E+07   1.5072815E+05   1.7279547E+04   2.8090289E+05   1.2548178E+07   1.2562834E+07   7.6015768E+06   0.0000000E+00   0.0000000E+00   0.0000000E+00   0.0000000E+00
   3.0016498E-03   1.2505678E+07   1.2505678E+07   1.3653112E+05   1.5052494E+04   2.4698007E+05   1.2490214E+07   1.2505678E+07   7.5669896E+06   0.0000000E+00   0.0000000E+00   0.0000000E+00   0.0000000E+00
   3.2255964E-03   1.2443965E+07   1.2443965E+07   1.0666360E+05   1.3091873E+04   2.1721478E+05   1.2427682E+07   1.2443965E+07   7.5295717E+06   0.0000000E+00   0.0000000E+00   0.0000000E+00   0.0000000E+00
   3.4662511E-03   1.2377351E+07   1.2377351E+07   8.9620416E+04   1.1369798E+04   1.9114041E+05   1.2360239E+07   1.2377351E+07   7.4891203E+06   0.0000000E+00   0.0000000E+00   0.0000000E+00   0.0000000E+00
   3.7248606E-03   1.2305482E+07   1.2305482E+07   8.2078416E+04   9.8621375E+03   1.6813523E+05   1.2287533E+07   1.2305482E+07   7.4454284E+06   0.0000000E+00   0.0000000E+00   0.0000000E+00   0.0000000E+00
   4.0027643E-03   1.2227994E+07   1.2227994E+07   6.3243087E+04   8.5438499E+03   1.4795656E+05   1.2209205E+07   1.2227994E+07   7.3982822E+06   0.0000000E+00   0.0000000E+00   0.0000000E+00   0.0000000E+00
   4.3014019E-03   1.2144511E+07   1.2144511E+07   5.5784911E+04   7.3926765E+03   1.3031721E+05   1.2124884E+07   1.2144511E+07   7.3474626E+06   0.0000000E+00   0.0000000E+00   0.0000000E+00   0.0000000E+00
   4.6223201E-03   1.2054651E+07   1.2054651E+07   5.0906454E+04   6.3901170E+03   1.1469521E+05   1.2034197E+07   1.2054651E+07   7.2927472E+06   0.0000000E+00   0.0000000E+00   0.0000000E+00   0.0000000E+00
   4.9671814E-03   1.1958023E+07   1.1958023E+07   3.7686842E+04   5.5170099E+03   1.0107926E+05   1.1936764E+07   1.1958023E+07   7.2339111E+06   0.0000000E+00   0.0000000E+00   0.0000000E+00   0.0000000E+00
   5.3377720E-03   1.1854235E+07   1.1854235E+07   3.6332014E+04   4.7581356E+03   8.9096080E+04   1.1832207E+07   1.1854235E+07   7.1707276E+06   0.0000000E+00   0.0000000E+00   0.0000000E+00   0.0000000E+00
   5.7360116E-03   1.1742892E+07   1.1742892E+07   2.7961706E+04   4.0993834E+03   7.8564862E+04   1.1720130E+07   1.1742892E+07   7.1029614E+06   0.0000000E+00   0.0000000E+00   0.0000000E+00   0.0000000E+00
   6.1639630E-03   1.1623598E+07   1.1623598E+07   2.6011909E+04   3.5281585E+03   6.9286955E+04   1.1600132E+07   1.1623598E+07   7.0303712E+06   0.0000000E+00   0.0000000E+00   0.0000000E+00   0.0000000E+00
   6.6238428E-03   1.1495940E+07   1.1495940E+07   2.0089526E+04   3.0331172E+03   6.1139459E+04   1.1471800E+07   1.1495940E+07   6.9527105E+06   0.0000000E+00   0.0000000E+00   0.0000000E+00   0.0000000E+00
   7.1180334E-03   1.1359493E+07   1.1359493E+07   1.8163624E+04   2.6046218E+03   5.3896506E+04   1.1334728E+07   1.1359493E+07   6.8697348E+06   0.0000000E+00   0.0000000E+00   0.0000000E+00   0.0000000E+00
   7.6490944E-03   1.1213823E+07   1.1213823E+07   1.5628008E+04   2.2339316E+03   4.7581178E+04   1.1188498E+07   1.1213823E+07   6.7811939E+06   0.0000000E+00   0.0000000E+00   0.0000000E+00   0.0000000E+00
   8.2197767E-03   1.1058501E+07   1.1058501E+07   1.2345388E+04   1.9137804E+03   4.1971906E+04   1.1032676E+07   1.1058501E+07   6.6868255E+06   0.0000000E+00   0.0000000E+00   0.0000000E+00   0.0000000E+00
   8.8330364E-03   1.0893089E+07   1.0893089E+07   1.0372861E+04   1.6374055E+03   3.6994165E+04   1.0866823E+07   1.0893089E+07   6.5863662E+06   0.0000000E+00   0.0000000E+00   0.0000000E+00   0.0000000E+00
   9.4920501E-03   1.0717139E+07   1.0717139E+07   9.4615917E+03   1.3990045E+03   3.2599674E+04   1.0690502E+07   1.0717139E+07   6.4795522E+06   0.0000000E+00   0.0000000E+00   0.0000000E+00   0.0000000E+00
   1.0200231E-02   1.0530188E+07   1.0530188E+07   8.1279006E+03   1.1935796E+03   2.8721100E+04   1.0503258E+07   1.0530188E+07   6.3661087E+06   0.0000000E+00   0.0000000E+00   0.0000000E+00   0.0000000E+00
   1.0961248E-02   1.0331776E+07   1.0331776E+07   6.8800678E+03   1.0167552E+03   2.5274078E+04   1.0304631E+07   1.0331776E+07   6.2457580E+06   0.0000000E+00   0.0000000E+00   0.0000000E+00   0.0000000E+00
   1.1779043E-02   1.0121446E+07   1.0121446E+07   5.8475035E+03   8.6468326E+02   2.2213203E+04   1.0094167E+07   1.0121446E+07   6.1182266E+06   0.0000000E+00   0.0000000E+00   0.0000000E+00   0.0000000E+00
   1.2657852E-02   9.8987432E+06   9.8987432E+06   4.8297670E+03   7.3403480E+02   1.9497085E+04   9.8714216E+06   9.8987432E+06   5.9832454E+06   0.0000000E+00   0.0000000E+00   0.0000000E+00   0.0000000E+00
   1.3602227E-02   9.6632362E+06   9.6632362E+06   3.8561573E+03   6.2193373E+02   1.7081763E+04   9.6359587E+06   9.6632362E+06   5.8405509E+06   0.0000000E+00   0.0000000E+00   0.0000000E+00   0.0000000E+00
   1.4617060E-02   9.4145308E+06   9.4145308E+06   3.1214858E+03   5.2583112E+02   1.4947025E+04   9.3873912E+06   9.4145308E+06   5.6899092E+06   0.0000000E+00   0.0000000E+00   0.0000000E+00   0.0000000E+00
   1.5707607E-02   9.1522884E+06   9.1522884E+06   2.8361698E+03   4.4357699E+02   1.3047286E+04   9.1253813E+06   9.1522884E+06   5.5311160E+06   0.0000000E+00   0.0000000E+00   0.0000000E+00   0.0000000E+00
   1.6879517E-02   8.8762689E+06   8.8762689E+06   2.2706845E+03   3.7326675E+02   1.1352288E+04   8.8496906E+06   8.8762689E+06   5.3640274E+06   0.0000000E+00   0.0000000E+00   0.0000000E+00   0.0000000E+00
   1.8138861E-02   8.5863633E+06   8.5863633E+06   1.9583107E+03   3.1325941E+02   9.8612197E+03   8.5602100E+06   8.5863633E+06   5.1885776E+06   0.0000000E+00   0.0000000E+00   0.0000000E+00   0.0000000E+00
   1.9492162E-02   8.2826560E+06   8.2826560E+06   1.5389990E+03   2.6213786E+02   8.5321319E+03   8.2570242E+06   8.2826560E+06   5.0048183E+06   0.0000000E+00   0.0000000E+00   0.0000000E+00   0.0000000E+00
   2.0946430E-02   7.9654878E+06   7.9654878E+06   1.3240125E+03   2.1867623E+02   7.3562535E+03   7.9404710E+06   7.9654878E+06   4.8129547E+06   0.0000000E+00   0.0000000E+00   0.0000000E+00   0.0000000E+00
   2.2509194E-02   7.6355415E+06   7.6355415E+06   1.1188620E+03   1.8181046E+02   6.3215932E+03   7.6112313E+06   7.6355415E+06   4.6133997E+06   0.0000000E+00   0.0000000E+00   0.0000000E+00   0.0000000E+00
   2.4188538E-02   7.2939331E+06   7.2939331E+06   9.1121830E+02   1.5062332E+02   5.4098894E+03   7.2704157E+06   7.2939331E+06   4.4068266E+06   0.0000000E+00   0.0000000E+00   0.0000000E+00   0.0000000E+00
   2.5993097E-02   6.9423204E+06   6.9423204E+06   7.1090137E+02   1.2432289E+02   4.6116713E+03   6.9196741E+06   6.9423204E+06   4.1942359E+06   0.0000000E+00   0.0000000E+00   0.0000000E+00   0.0000000E+00
   2.7931978E-02   6.5830219E+06   6.5830219E+06   6.2555186E+02   1.0222628E+02   3.9144212E+03   6.5613160E+06   6.5830219E+06   3.9770274E+06   0.0000000E+00   0.0000000E+00   0.0000000E+00   0.0000000E+00
   3.0014387E-02   6.2191579E+06   6.2191579E+06   4.7716238E+02   8.3744765E+01   3.3054579E+03   6.1984484E+06   6.2191579E+06   3.7570847E+06   0.0000000E+00   0.0000000E+00   0.0000000E+00   0.0000000E+00
   3.2248637E-02   5.8548221E+06   5.8548221E+06   4.0370375E+02   6.8372926E+01   2.7798572E+03   5.8351487E+06   5.8548221E+06   3.5368793E+06   0.0000000E+00   0.0000000E+00   0.0000000E+00   0.0000000E+00
   3.4639939E-02   5.4952698E+06   5.4952698E+06   3.2886314E+02   5.5679896E+01   2.3307628E+03   5.4766516E+06   5.4952698E+06   3.3195843E+06   0.0000000E+00   0.0000000E+00   0.0000000E+00   0.0000000E+00
   3.7186519E-02   5.1470145E+06   5.1470145E+06   2.5760407E+02   4.5298234E+01   1.9506640E+03   5.1294452E+06   5.1470145E+06   3.1091324E+06   0.0000000E+00   0.0000000E+00   0.0000000E+00   0.0000000E+00
   3.9874623E-02   4.8175586E+06   4.8175586E+06   2.1665870E+02   3.6908216E+01   1.6338418E+03   4.8010027E+06   4.8175586E+06   2.9100535E+06   0.0000000E+00   0.0000000E+00   0.0000000E+00   0.0000000E+00
   4.2675199E-02   4.5144007E+06   4.5144007E+06   1.7595935E+02   3.0219742E+01   1.3709415E+03   4.4987934E+06   4.5144007E+06   2.7268751E+06   0.0000000E+00   0.0000000E+00   0.0000000E+00   0.0000000E+00
   4.5546740E-02   4.2433185E+06   4.2433185E+06   1.4785026E+02   2.4953927E+01   1.1601733E+03   4.2285709E+06   4.2433185E+06   2.5630847E+06   0.0000000E+00   0.0000000E+00   0.0000000E+00   0.0000000E+00
   4.8445605E-02   4.0067447E+06   4.0067447E+06   1.1726322E+02   2.0839837E+01   9.8972357E+02   3.9927554E+06   4.0067447E+06   2.4201493E+06   0.0000000E+00   0.0000000E+00   0.0000000E+00   0.0000000E+00
   5.1337943E-02   3.8033592E+06   3.8033592E+06   1.0510582E+02   1.7624905E+01   8.5390476E+02   3.7900271E+06   3.8033592E+06   2.2972691E+06   0.0000000E+00   0.0000000E+00   0.0000000E+00   0.0000000E+00
   5.4205483E-02   3.6290688E+06   3.6290688E+06   8.5628139E+01   1.5091680E+01   7.4480190E+02   3.6163038E+06   3.6290688E+06   2.1919697E+06   0.0000000E+00   0.0000000E+00   0.0000000E+00   0.0000000E+00
   5.7043929E-02   3.4784897E+06   3.4784897E+06   7.6850971E+01   1.3066699E+01   6.5538691E+02   3.4662176E+06   3.4784897E+06   2.1009975E+06   0.0000000E+00   0.0000000E+00   0.0000000E+00   0.0000000E+00
   5.9858065E-02   3.3460998E+06   3.3460998E+06   6.4600139E+01   1.1419077E+01   5.8168492E+02   3.3342636E+06   3.3460998E+06   2.0210158E+06   0.0000000E+00   0.0000000E+00   0.0000000E+00   0.0000000E+00
   6.2657238E-02   3.2268538E+06   3.2268538E+06   5.9389272E+01   1.0053172E+01   5.1935493E+02   3.2154126E+06   3.2268538E+06   1.9489762E+06   0.0000000E+00   0.0000000E+00   0.0000000E+00   0.0000000E+00
   6.5452438E-02   3.1164205E+06   3.1164205E+06   4.9880618E+01   8.8999544E+00   4.6582377E+02   3.1053477E+06   3.1164205E+06   1.8822621E+06   0.0000000E+00   0.0000000E+00   0.0000000E+00   0.0000000E+00
   6.8254749E-02   3.0112354E+06   3.0112354E+06   4.6923439E+01   7.9098875E+00   4.1915757E+02   3.0005161E+06   3.0112354E+06   1.8187201E+06   0.0000000E+00   0.0000000E+00   0.0000000E+00   0.0000000E+00
   7.1074664E-02   2.9084877E+06   2.9084877E+06   3.9175946E+01   7.0474403E+00   3.7777685E+02   2.8981163E+06   2.9084877E+06   1.7566521E+06   0.0000000E+00   0.0000000E+00   0.0000000E+00   0.0000000E+00
   7.3921860E-02   2.8060938E+06   2.8060938E+06   3.7393131E+01   6.2870800E+00   3.4068896E+02   2.7960719E+06   2.8060938E+06   1.6947994E+06   0.0000000E+00   0.0000000E+00   0.0000000E+00   0.0000000E+00
   7.6805189E-02   2.7026749E+06   2.7026749E+06   3.1370628E+01   5.6104938E+00   3.0742215E+02   2.6930084E+06   2.7026749E+06   1.6323290E+06   0.0000000E+00   0.0000000E+00   0.0000000E+00   0.0000000E+00
   7.9732765E-02   2.5975343E+06   2.5975343E+06   2.8607011E+01   5.0046154E+00   2.7660306E+02   2.5882315E+06   2.5975343E+06   1.5688201E+06   0.0000000E+00   0.0000000E+00   0.0000000E+00   0.0000000E+00
   8.2712076E-02   2.4906284E+06   2.4906284E+06   2.6538182E+01   4.4601207E+00   2.4909435E+02   2.4816974E+06   2.4906284E+06   1.5042461E+06   0.0000000E+00   0.0000000E+00   0.0000000E+00   0.0000000E+00
   8.5750098E-02   2.3825186E+06   2.3825186E+06   2.2735213E+01   3.9703997E+00   2.2391950E+02   2.3739655E+06   2.3825186E+06   1.4389459E+06   0.0000000E+00   0.0000000E+00   0.0000000E+00   0.0000000E+00
   8.8853397E-02   2.2742970E+06   2.2742970E+06   1.9678657E+01   3.5306580E+00   2.0080832E+02   2.2661237E+06   2.2742970E+06   1.3735792E+06   0.0000000E+00   0.0000000E+00   0.0000000E+00   0.0000000E+00
   9.2028220E-02   2.1674763E+06   2.1674763E+06   1.7464191E+01   3.1372947E+00   1.7990952E+02   2.1596790E+06   2.1674763E+06   1.3090593E+06   0.0000000E+00   0.0000000E+00   0.0000000E+00   0.0000000E+00
   9.5280569E-02   2.0638416E+06   2.0638416E+06   1.5592610E+01   2.7873607E+00   1.6114796E+02   2.0564102E+06   2.0638416E+06   1.2464644E+06   0.0000000E+00   0.0000000E+00   0.0000000E+00   0.0000000E+00
   9.8616265E-02   1.9652665E+06   1.9652665E+06   1.3897639E+01   2.4781382E+00   1.4445448E+02   1.9581838E+06   1.9652665E+06   1.1869259E+06   0.0000000E+00   0.0000000E+00   0.0000000E+00   0.0000000E+00
   1.0204099E-01   1.8735000E+06   1.8735000E+06   1.2805247E+01   2.2068565E+00   1.2966360E+02   1.8667425E+06   1.8735000E+06   1.1315000E+06   0.0000000E+00   0.0000000E+00   0.0000000E+00   0.0000000E+00
   1.0556036E-01   1.7899424E+06   1.7899424E+06   1.1294608E+01   1.9704524E+00   1.1650167E+02   1.7834812E+06   1.7899424E+06   1.0810324E+06   0.0000000E+00   0.0000000E+00   0.0000000E+00   0.0000000E+00
   1.0917989E-01   1.7154323E+06   1.7154323E+06   1.0065980E+01   1.7654892E+00   1.0530500E+02   1.7092355E+06   1.7154323E+06   1.0360295E+06   0.0000000E+00   0.0000000E+00   0.0000000E+00   0.0000000E+00
   1.1290512E-01   1.6500746E+06   1.6500746E+06   8.8467923E+00   1.5881498E+00   9.5284431E+01   1.6441099E+06   1.6500746E+06   9.9655447E+05   0.0000000E+00   0.0000000E+00   0.0000000E+00   0.0000000E+00
   1.1674155E-01   1.5931432E+06   1.5931432E+06   8.3071305E+00   1.4343236E+00   8.6641809E+01   1.5873805E+06   1.5931432E+06   9.6216878E+05   0.0000000E+00   0.0000000E+00   0.0000000E+00   0.0000000E+00
   1.2069471E-01   1.5430878E+06   1.5430878E+06   7.5903946E+00   1.2998067E+00   7.9071645E+01   1.5375028E+06   1.5430878E+06   9.3193610E+05   0.0000000E+00   0.0000000E+00   0.0000000E+00   0.0000000E+00
   1.2477013E-01   1.4976692E+06   1.4976692E+06   6.8107134E+00   1.1805303E+00   7.2276931E+01   1.4922454E+06   1.4976692E+06   9.0450399E+05   0.0000000E+00   0.0000000E+00   0.0000000E+00   0.0000000E+00
   1.2897340E-01   1.4542272E+06   1.4542272E+06   5.9952593E+00   1.0728315E+00   6.6129731E+01   1.4489578E+06   1.4542272E+06   8.7826583E+05   0.0000000E+00   0.0000000E+00   0.0000000E+00   0.0000000E+00
   1.3331016E-01   1.4100637E+06   1.4100637E+06   5.5477014E+00   9.7371615E-01   6.0454395E+01   1.4049518E+06   1.4100637E+06   8.5159216E+05   0.0000000E+00   0.0000000E+00   0.0000000E+00   0.0000000E+00
   1.3778610E-01   1.3628937E+06   1.3628937E+06   5.0341021E+00   8.8104485E-01   5.4972819E+01   1.3579503E+06   1.3628937E+06   8.2310291E+05   0.0000000E+00   0.0000000E+00   0.0000000E+00   0.0000000E+00
   1.4240696E-01   1.3112873E+06   1.3112873E+06   4.6253823E+00   7.9362688E-01   4.9853857E+01   1.3065289E+06   1.3112873E+06   7.9193455E+05   0.0000000E+00   0.0000000E+00   0.0000000E+00   0.0000000E+00
   1.4717856E-01   1.2550074E+06   1.2550074E+06   4.1315971E+00   7.1118111E-01   4.4945494E+01   1.2504513E+06   1.2550074E+06   7.5794390E+05   0.0000000E+00   0.0000000E+00   0.0000000E+00   0.0000000E+00
   1.5210679E-01   1.1951431E+06   1.1951431E+06   3.6930424E+00   6.3415266E-01   4.0275299E+01   1.1908025E+06   1.1951431E+06   7.2178859E+05   0.0000000E+00   0.0000000E+00   0.0000000E+00   0.0000000E+00
   1.5719760E-01   1.1339620E+06   1.1339620E+06   3.1446515E+00   5.6341473E-01   3.5970899E+01   1.1298421E+06   1.1339620E+06   6.8483826E+05   0.0000000E+00   0.0000000E+00   0.0000000E+00   0.0000000E+00
   1.6245705E-01   1.0744610E+06   1.0744610E+06   2.9014856E+00   4.9990018E-01   3.2110575E+01   1.0705558E+06   1.0744610E+06   6.4890274E+05   0.0000000E+00   0.0000000E+00   0.0000000E+00   0.0000000E+00
   1.6789127E-01   1.0196688E+06   1.0196688E+06   2.5139390E+00   4.4423505E-01   2.8696964E+01   1.0159614E+06   1.0196688E+06   6.1581108E+05   0.0000000E+00   0.0000000E+00   0.0000000E+00   0.0000000E+00
   1.7350650E-01   9.7184687E+05   9.7184687E+05   2.2253144E+00   3.9646429E-01   2.5735274E+01   9.6831223E+05   9.7184687E+05   5.8692919E+05   0.0000000E+00   0.0000000E+00   0.0000000E+00   0.0000000E+00
   1.7930909E-01   9.3180572E+05   9.3180572E+05   2.0229328E+00   3.5593637E-01   2.3229696E+01   9.2841566E+05   9.3180572E+05   5.6274644E+05   0.0000000E+00   0.0000000E+00   0.0000000E+00   0.0000000E+00
   1.8530549E-01   8.9857007E+05   8.9857007E+05   1.8294908E+00   3.2138786E-01   2.1048626E+01   8.9529997E+05   8.9857007E+05   5.4267382E+05   0.0000000E+00   0.0000000E+00   0.0000000E+00   0.0000000E+00
   1.9150234E-01   8.6957122E+05   8.6957122E+05   1.6829385E+00   2.9121110E-01   1.9182435E+01   8.6640578E+05   8.6957122E+05   5.2516001E+05   0.0000000E+00   0.0000000E+00   0.0000000E+00   0.0000000E+00
   1.9790638E-01   8.4139476E+05   8.4139476E+05   1.5220377E+00   2.6383406E-01   1.7461279E+01   8.3833109E+05   8.4139476E+05   5.0814293E+05   0.0000000E+00   0.0000000E+00   0.0000000E+00   0.0000000E+00
   2.0452458E-01   8.1090808E+05   8.1090808E+05   1.3575209E+00   2.3808941E-01   1.5816765E+01   8.0795469E+05   8.1090808E+05   4.8973069E+05   0.0000000E+00   0.0000000E+00   0.0000000E+00   0.0000000E+00
   2.1136410E-01   7.7639708E+05   7.7639708E+05   1.2011841E+00   2.1345268E-01   1.4256563E+01   7.7356873E+05   7.7639708E+05   4.6888811E+05   0.0000000E+00   0.0000000E+00   0.0000000E+00   0.0000000E+00
   2.1843235E-01   7.3825206E+05   7.3825206E+05   1.0703601E+00   1.9005626E-01   1.2737460E+01   7.3556208E+05   7.3825206E+05   4.4585090E+05   0.0000000E+00   0.0000000E+00   0.0000000E+00   0.0000000E+00
   2.2573703E-01   6.9883956E+05   6.9883956E+05   9.4260802E-01   1.6846862E-01   1.1341985E+01   6.9629265E+05   6.9883956E+05   4.2204828E+05   0.0000000E+00   0.0000000E+00   0.0000000E+00   0.0000000E+00
   2.3328617E-01   6.6149804E+05   6.6149804E+05   8.5404345E-01   1.4932375E-01   1.0100804E+01   6.5908675E+05   6.6149804E+05   3.9949644E+05   0.0000000E+00   0.0000000E+00   0.0000000E+00   0.0000000E+00
   2.4108818E-01   6.2901182E+05   6.2901182E+05   7.4611054E-01   1.3295468E-01   9.0285446E+00   6.2671853E+05   6.2901182E+05   3.7987688E+05   0.0000000E+00   0.0000000E+00   0.0000000E+00   0.0000000E+00
   2.4915193E-01   6.0225678E+05   6.0225678E+05   6.7016431E-01   1.1919387E-01   8.1245966E+00   6.0006065E+05   6.0225678E+05   3.6371857E+05   0.0000000E+00   0.0000000E+00   0.0000000E+00   0.0000000E+00
   2.5748680E-01   5.7975135E+05   5.7975135E+05   6.1201984E-01   1.0743043E-01   7.3537433E+00   5.7763694E+05   5.7975135E+05   3.5012675E+05   0.0000000E+00   0.0000000E+00   0.0000000E+00   0.0000000E+00
   2.6610277E-01   5.5846509E+05   5.5846509E+05   5.4423499E-01   9.6892156E-02   6.6561562E+00   5.5642800E+05   5.5846509E+05   3.3727124E+05   0.0000000E+00   0.0000000E+00   0.0000000E+00   0.0000000E+00
   2.7501053E-01   5.3554623E+05   5.3554623E+05   4.9149242E-01   8.6995232E-02   5.9973456E+00   5.3359246E+05   5.3554623E+05   3.2342979E+05   0.0000000E+00   0.0000000E+00   0.0000000E+00   0.0000000E+00
   2.8422153E-01   5.0999586E+05   5.0999586E+05   4.4107635E-01   7.7565475E-02   5.3621703E+00   5.0813505E+05   5.0999586E+05   3.0799913E+05   0.0000000E+00   0.0000000E+00   0.0000000E+00   0.0000000E+00
   2.9374820E-01   4.8320004E+05   4.8320004E+05   3.9142995E-01   6.8804479E-02   4.7761535E+00   4.8143677E+05   4.8320004E+05   2.9181633E+05   0.0000000E+00   0.0000000E+00   0.0000000E+00   0.0000000E+00
   3.0360398E-01   4.5786623E+05   4.5786623E+05   3.4702739E-01   6.1035591E-02   4.2489793E+00   4.5619521E+05   4.5786623E+05   2.7651651E+05   0.0000000E+00   0.0000000E+00   0.0000000E+00   0.0000000E+00
   3.1380359E-01   4.3601660E+05   4.3601660E+05   3.0954145E-01   5.4406990E-02   3.8015909E+00   4.3442513E+05   4.3601660E+05   2.6332087E+05   0.0000000E+00   0.0000000E+00   0.0000000E+00   0.0000000E+00
   3.2436312E-01   4.1750215E+05   4.1750215E+05   2.7727026E-01   4.8759714E-02   3.4179947E+00   4.1597809E+05   4.1750215E+05   2.5213945E+05   0.0000000E+00   0.0000000E+00   0.0000000E+00   0.0000000E+00
   3.3530034E-01   4.0025415E+05   4.0025415E+05   2.4631844E-01   4.3745207E-02   3.0757001E+00   3.9879291E+05   4.0025415E+05   2.4172289E+05   0.0000000E+00   0.0000000E+00   0.0000000E+00   0.0000000E+00
   3.4663491E-01   3.8213563E+05   3.8213563E+05   2.2047414E-01   3.9078814E-02   2.7569075E+00   3.8074040E+05   3.8213563E+05   2.3078061E+05   0.0000000E+00   0.0000000E+00   0.0000000E+00   0.0000000E+00
   3.5838869E-01   3.6279622E+05   3.6279622E+05   1.9622636E-01   3.4708638E-02   2.4539585E+00   3.6147149E+05   3.6279622E+05   2.1910102E+05   0.0000000E+00   0.0000000E+00   0.0000000E+00   0.0000000E+00
   3.7058614E-01   3.4378218E+05   3.4378218E+05   1.7387051E-01   3.0761126E-02   2.1828981E+00   3.4252677E+05   3.4378218E+05   2.0761793E+05   0.0000000E+00   0.0000000E+00   0.0000000E+00   0.0000000E+00
   3.8325471E-01   3.2676509E+05   3.2676509E+05   1.5504531E-01   2.7337932E-02   1.9434122E+00   3.2557172E+05   3.2676509E+05   1.9734086E+05   0.0000000E+00   0.0000000E+00   0.0000000E+00   0.0000000E+00
   3.9642544E-01   3.1174632E+05   3.1174632E+05   1.3754588E-01   2.4377065E-02   1.7383152E+00   3.1060771E+05   3.1174632E+05   1.8827063E+05   0.0000000E+00   0.0000000E+00   0.0000000E+00   0.0000000E+00
   4.1013354E-01   2.9724311E+05   2.9724311E+05   1.2256436E-01   2.1715332E-02   1.5535361E+00   2.9615740E+05   2.9724311E+05   1.7951177E+05   0.0000000E+00   0.0000000E+00   0.0000000E+00   0.0000000E+00
   4.2441922E-01   2.8220799E+05   2.8220799E+05   1.0885644E-01   1.9252737E-02   1.3803500E+00   2.8117712E+05   2.8220799E+05   1.7043168E+05   0.0000000E+00   0.0000000E+00   0.0000000E+00   0.0000000E+00
   4.3932866E-01   2.6722720E+05   2.6722720E+05   9.6270490E-02   1.7014678E-02   1.2240325E+00   2.6625099E+05   2.6722720E+05   1.6138441E+05   0.0000000E+00   0.0000000E+00   0.0000000E+00   0.0000000E+00
   4.5491524E-01   2.5342472E+05   2.5342472E+05   8.5191740E-02   1.5049238E-02   1.0854093E+00   2.5249888E+05   2.5342472E+05   1.5304876E+05   0.0000000E+00   0.0000000E+00   0.0000000E+00   0.0000000E+00
   4.7124105E-01   2.4073629E+05   2.4073629E+05   7.5235053E-02   1.3322419E-02   9.6265670E-01   2.3985675E+05   2.4073629E+05   1.4538591E+05   0.0000000E+00   0.0000000E+00   0.0000000E+00   0.0000000E+00
   4.8837882E-01   2.2819773E+05   2.2819773E+05   6.6437401E-02   1.1757887E-02   8.5180905E-01   2.2736396E+05   2.2819773E+05   1.3781357E+05   0.0000000E+00   0.0000000E+00   0.0000000E+00   0.0000000E+00
   5.0641439E-01   2.1563170E+05   2.1563170E+05   5.8432541E-02   1.0333287E-02   7.5063155E-01   2.1484380E+05   2.1563170E+05   1.3022464E+05   0.0000000E+00   0.0000000E+00   0.0000000E+00   0.0000000E+00
   5.2544984E-01   2.0371225E+05   2.0371225E+05   5.1247540E-02   9.0676876E-03   6.6040248E-01   2.0296786E+05   2.0371225E+05   1.2302621E+05   0.0000000E+00   0.0000000E+00   0.0000000E+00   0.0000000E+00
   5.4560751E-01   1.9246897E+05   1.9246897E+05   4.4927554E-02   7.9459247E-03   5.7986446E-01   1.9176564E+05   1.9246897E+05   1.1623613E+05   0.0000000E+00   0.0000000E+00   0.0000000E+00   0.0000000E+00
   5.6703520E-01   1.8135569E+05   1.8135569E+05   3.9162176E-02   6.9320169E-03   5.0679265E-01   1.8069293E+05   1.8135569E+05   1.0952456E+05   0.0000000E+00   0.0000000E+00   0.0000000E+00   0.0000000E+00
   5.8991290E-01   1.7048989E+05   1.7048989E+05   3.4033431E-02   6.0210980E-03   4.4142088E-01   1.6986681E+05   1.7048989E+05   1.0296246E+05   0.0000000E+00   0.0000000E+00   0.0000000E+00   0.0000000E+00
   6.1446136E-01   1.6009976E+05   1.6009976E+05   2.9441474E-02   5.2114332E-03   3.8306138E-01   1.5951464E+05   1.6009976E+05   9.6687627E+04   0.0000000E+00   0.0000000E+00   0.0000000E+00   0.0000000E+00
   6.4095296E-01   1.4989242E+05   1.4989242E+05   2.5335408E-02   4.4842106E-03   3.3016318E-01   1.4934458E+05   1.4989242E+05   9.0523185E+04   0.0000000E+00   0.0000000E+00   0.0000000E+00   0.0000000E+00
   6.6972499E-01   1.3991427E+05   1.3991427E+05   2.1660406E-02   3.8338146E-03   2.8304295E-01   1.3940288E+05   1.3991427E+05   8.4497161E+04   0.0000000E+00   0.0000000E+00   0.0000000E+00   0.0000000E+00
   7.0119493E-01   1.3019590E+05   1.3019590E+05   1.8384641E-02   3.2545015E-03   2.4089993E-01   1.2972002E+05   1.3019590E+05   7.8628024E+04   0.0000000E+00   0.0000000E+00   0.0000000E+00   0.0000000E+00
   7.3587562E-01   1.2063166E+05   1.2063166E+05   1.5464886E-02   2.7379196E-03   2.0310398E-01   1.2019072E+05   1.2063166E+05   7.2851967E+04   0.0000000E+00   0.0000000E+00   0.0000000E+00   0.0000000E+00
   7.7438538E-01   1.1127413E+05   1.1127413E+05   1.2881123E-02   2.2806109E-03   1.6958876E-01   1.1086738E+05   1.1127413E+05   6.7200756E+04   0.0000000E+00   0.0000000E+00   0.0000000E+00   0.0000000E+00
   8.1744239E-01   1.0209010E+05   1.0209010E+05   1.0604989E-02   1.8777745E-03   1.3994731E-01   1.0171691E+05   1.0209010E+05   6.1654321E+04   0.0000000E+00   0.0000000E+00   0.0000000E+00   0.0000000E+00
   8.6582702E-01   9.3124686E+04   9.3124686E+04   8.6222257E-03   1.5267900E-03   1.1405328E-01   9.2784256E+04   9.3124686E+04   5.6239915E+04   0.0000000E+00   0.0000000E+00   0.0000000E+00   0.0000000E+00
   9.2029626E-01   8.4434916E+04   8.4434916E+04   6.9312097E-03   1.2253112E-03   9.1754835E-02   8.4126244E+04   8.4434916E+04   5.0991979E+04   0.0000000E+00   0.0000000E+00   0.0000000E+00   0.0000000E+00
   9.8145632E-01   7.6110978E+04   7.6110978E+04   5.4843724E-03   9.7115319E-04   7.2910478E-02   7.5832729E+04   7.6110978E+04   4.5964977E+04   0.0000000E+00   0.0000000E+00   0.0000000E+00   0.0000000E+00
   1.0496498E+00   6.8259845E+04   6.8259845E+04   4.2992720E-03   7.6148510E-04   5.7321359E-02   6.8010292E+04   6.8259845E+04   4.1223513E+04   0.0000000E+00   0.0000000E+00   0.0000000E+00   0.0000000E+00
   1.1249470E+00   6.0977367E+04   6.0977367E+04   3.3434358E-03   5.9223291E-04   4.4691696E-02   6.0754434E+04   6.0977367E+04   3.6825474E+04   0.0000000E+00   0.0000000E+00   0.0000000E+00   0.0000000E+00
   1.2072738E+00   5.4323521E+04   5.4323521E+04   2.5860767E-03   4.5810721E-04   3.4630746E-02   5.4124910E+04   5.4323521E+04   3.2807078E+04   0.0000000E+00   0.0000000E+00   0.0000000E+00   0.0000000E+00
   1.2965913E+00   4.8311088E+04   4.8311088E+04   1.9933729E-03   3.5321119E-04   2.6750810E-02   4.8134456E+04   4.8311088E+04   2.9176046E+04   0.0000000E+00   0.0000000E+00   0.0000000E+00   0.0000000E+00
   1.3930130E+00   4.2916327E+04   4.2916327E+04   1.5351454E-03   2.7183712E-04   2.0632006E-02   4.2759416E+04   4.2916327E+04   2.5918038E+04   0.0000000E+00   0.0000000E+00   0.0000000E+00   0.0000000E+00
   1.4968274E+00   3.8095582E+04   3.8095582E+04   1.1798741E-03   2.0899240E-04   1.5902136E-02   3.7956295E+04   3.8095582E+04   2.3006692E+04   0.0000000E+00   0.0000000E+00   0.0000000E+00   0.0000000E+00
   1.6084652E+00   3.3796491E+04   3.3796491E+04   9.0633680E-04   1.6056498E-04   1.2233696E-02   3.3672921E+04   3.3796491E+04   2.0410383E+04   0.0000000E+00   0.0000000E+00   0.0000000E+00   0.0000000E+00
   1.7284589E+00   2.9967571E+04   2.9967571E+04   6.9588722E-04   1.2329332E-04   9.4051363E-03   2.9858000E+04   2.9967571E+04   1.8098020E+04   0.0000000E+00   0.0000000E+00   0.0000000E+00   0.0000000E+00
   1.8574129E+00   2.6559873E+04   2.6559873E+04   5.3412400E-04   9.4627782E-05   7.2346011E-03   2.6462761E+04   2.6559873E+04   1.6040043E+04   0.0000000E+00   0.0000000E+00   0.0000000E+00   0.0000000E+00
   1.9959899E+00   2.3529199E+04   2.3529199E+04   4.0969135E-04   7.2594555E-05   5.5590326E-03   2.3443167E+04   2.3529199E+04   1.4209757E+04   0.0000000E+00   0.0000000E+00   0.0000000E+00   0.0000000E+00
   2.1449063E+00   2.0835285E+04   2.0835285E+04   3.1413343E-04   5.5667381E-05   4.2659907E-03   2.0759103E+04   2.0835285E+04   1.2582848E+04   0.0000000E+00   0.0000000E+00   0.0000000E+00   0.0000000E+00
   2.3049331E+00   1.8442081E+04   1.8442081E+04   2.4077400E-04   4.2669391E-05   3.2719826E-03   1.8374648E+04   1.8442081E+04   1.1137543E+04   0.0000000E+00   0.0000000E+00   0.0000000E+00   0.0000000E+00
   2.4768991E+00   1.6317153E+04   1.6317153E+04   1.8446554E-04   3.2693130E-05   2.5101265E-03   1.6257490E+04   1.6317153E+04   9.8542567E+03   0.0000000E+00   0.0000000E+00   0.0000000E+00   0.0000000E+00
   2.6616952E+00   1.4431377E+04   1.4431377E+04   1.4123395E-04   2.5039544E-05   1.9241378E-03   1.4378609E+04   1.4431377E+04   8.7153985E+03   0.0000000E+00   0.0000000E+00   0.0000000E+00   0.0000000E+00
   2.8602785E+00   1.2758670E+04   1.2758670E+04   1.0819239E-04   1.9170405E-05   1.4757332E-03   1.2712019E+04   1.2758670E+04   7.7052172E+03   0.0000000E+00   0.0000000E+00   0.0000000E+00   0.0000000E+00
   3.0736777E+00   1.1275672E+04   1.1275672E+04   8.2786708E-05   1.4671573E-05   1.1296379E-03   1.1234443E+04   1.1275672E+04   6.8096047E+03   0.0000000E+00   0.0000000E+00   0.0000000E+00   0.0000000E+00
   3.3029981E+00   9.9614746E+03   9.9614746E+03   6.3331006E-05   1.1224514E-05   8.6583635E-04   9.9250505E+03   9.9614746E+03   6.0159343E+03   0.0000000E+00   0.0000000E+00   0.0000000E+00   0.0000000E+00
   3.5494276E+00   8.7973851E+03   8.7973851E+03   4.8431148E-05   8.5843722E-06   6.6185837E-04   8.7652174E+03   8.7973851E+03   5.3129173E+03   0.0000000E+00   0.0000000E+00   0.0000000E+00   0.0000000E+00
   3.8142427E+00   7.7667046E+03   7.7667046E+03   3.7031219E-05   6.5630277E-06   5.0785047E-04   7.7383056E+03   7.7667046E+03   4.6904687E+03   0.0000000E+00   0.0000000E+00   0.0000000E+00   0.0000000E+00
   4.0988151E+00   6.8545264E+03   6.8545264E+03   2.8276488E-05   5.0160238E-06   3.8762711E-04   6.8294627E+03   6.8545264E+03   4.1395859E+03   0.0000000E+00   0.0000000E+00   0.0000000E+00   0.0000000E+00
   4.4046187E+00   6.0475535E+03   6.0475535E+03   2.1620292E-05   3.8324700E-06   2.9643476E-04   6.0254404E+03   6.0475535E+03   3.6522388E+03   0.0000000E+00   0.0000000E+00   0.0000000E+00   0.0000000E+00
   4.7332378E+00   5.3339326E+03   5.3339326E+03   1.6513746E-05   2.9272909E-06   2.2625961E-04   5.3144289E+03   5.3339326E+03   3.2212688E+03   0.0000000E+00   0.0000000E+00   0.0000000E+00   0.0000000E+00
   5.0863744E+00   4.7031050E+03   4.7031050E+03   1.2609002E-05   2.2352469E-06   1.7267580E-04   4.6859079E+03   4.7031050E+03   2.8402994E+03   0.0000000E+00   0.0000000E+00   0.0000000E+00   0.0000000E+00
   5.4658577E+00   4.1456707E+03   4.1456707E+03   9.6293076E-06   1.7063233E-06   1.3192259E-04   4.1305119E+03   4.1456707E+03   2.5036536E+03   0.0000000E+00   0.0000000E+00   0.0000000E+00   0.0000000E+00
   5.8736535E+00   3.6532670E+03   3.6532670E+03   7.3446346E-06   1.3021997E-06   1.0123933E-04   3.6399087E+03   3.6532670E+03   2.2062812E+03   0.0000000E+00   0.0000000E+00   0.0000000E+00   0.0000000E+00
   6.3118740E+00   3.2184583E+03   3.2184583E+03   5.6033101E-06   9.9352436E-07   7.6809032E-05   3.2066899E+03   3.2184583E+03   1.9436914E+03   0.0000000E+00   0.0000000E+00   0.0000000E+00   0.0000000E+00
   6.7827892E+00   2.8346369E+03   2.8346369E+03   4.2707419E-06   7.5782275E-07   5.8804003E-05   2.8242720E+03   2.8346369E+03   1.7118940E+03   0.0000000E+00   0.0000000E+00   0.0000000E+00   0.0000000E+00
   7.2888384E+00   2.4959345E+03   2.4959345E+03   3.2610962E-06   5.7789531E-07   4.4709953E-05   2.4868080E+03   2.4959345E+03   1.5073448E+03   0.0000000E+00   0.0000000E+00   0.0000000E+00   0.0000000E+00
   7.8326428E+00   2.1971418E+03   2.1971418E+03   2.4837312E-06   4.4058220E-07   3.3922444E-05   2.1891078E+03   2.1971418E+03   1.3268979E+03   0.0000000E+00   0.0000000E+00   0.0000000E+00   0.0000000E+00
   8.4170193E+00   1.9336372E+03   1.9336372E+03   1.8933129E-06   3.3581862E-07   2.5973421E-05   1.9265668E+03   1.9336372E+03   1.1677623E+03   0.0000000E+00   0.0000000E+00   0.0000000E+00   0.0000000E+00
   9.0449948E+00   1.7013226E+03   1.7013226E+03   1.4424342E-06   2.5590972E-07   1.9745684E-05   1.6951016E+03   1.7013226E+03   1.0274628E+03   0.0000000E+00   0.0000000E+00   0.0000000E+00   0.0000000E+00
   9.7198222E+00   1.4965654E+03   1.4965654E+03   1.0987930E-06   1.9497414E-07   1.5117961E-05   1.4910931E+03   1.4965654E+03   9.0380580E+02   0.0000000E+00   0.0000000E+00   0.0000000E+00   0.0000000E+00
   1.0444997E+01   1.3161475E+03   1.3161475E+03   8.3676010E-07   1.4851821E-07   1.1499385E-05   1.3113350E+03   1.3161475E+03   7.9484785E+02   0.0000000E+00   0.0000000E+00   0.0000000E+00   0.0000000E+00
