#           k/h    CDM            baryon         photon         nu             mass_nu        total          no_nu          total_de       Weyl           v_CDM          v_b            v_b-v_c     
   1.0003537E-05   2.3655210E+07   2.3655210E+07   3.1526891E+07   3.8325719E+06   4.0208434E+07   2.3655225E+07   2.3655210E+07   6.4405763E+06   0.0000000E+00   0.0000000E+00   0.0000000E+00   0.0000000E+00
   1.0749880E-05   2.3655121E+07   2.3655121E+07   3.1524700E+07   3.8324917E+06   4.0207274E+07   2.3655136E+07   2.3655121E+07   6.4405474E+06   0.0000000E+00   0.0000000E+00   0.0000000E+00   0.0000000E+00
   1.1551905E-05   2.3655019E+07   2.3655019E+07   3.1522171E+07   3.8323990E+06   4.0205934E+07   2.3655034E+07   2.3655019E+07   6.4405139E+06   0.0000000E+00   0.0000000E+00   0.0000000E+00   0.0000000E+00
   1.2413767E-05   2.3654901E+07   2.3654901E+07   3.1519251E+07   3.8322920E+06   4.0204387E+07   2.3654915E+07   2.3654901E+07   6.4404753E+06   0.0000000E+00   0.0000000E+00   0.0000000E+00   0.0000000E+00
   1.3339932E-05   2.3654764E+07   2.3654764E+07   3.1515879E+07   3.8321684E+06   4.0202601E+07   2.3654778E+07   2.3654764E+07   6.4404307E+06   0.0000000E+00   0.0000000E+00   0.0000000E+00   0.0000000E+00
   1.4335195E-05   2.3654606E+07   2.3654606E+07   3.1511986E+07   3.8320257E+06   4.0200539E+07   2.3654620E+07   2.3654606E+07   6.4403792E+06   0.0000000E+00   0.0000000E+00   0.0000000E+00   0.0000000E+00
   1.5404713E-05   2.3654424E+07   2.3654424E+07   3.1507491E+07   3.8318609E+06   4.0198158E+07   2.3654437E+07   2.3654424E+07   6.4403197E+06   0.0000000E+00   0.0000000E+00   0.0000000E+00   0.0000000E+00
   1.6554025E-05   2.3654214E+07   2.3654214E+07   3.1502300E+07   3.8316707E+06   4.0195408E+07   2.3654226E+07   2.3654214E+07   6.4402510E+06   0.0000000E+00   0.0000000E+00   0.0000000E+00   0.0000000E+00
   1.7789085E-05   2.3653971E+07   2.3653971E+07   3.1496308E+07   3.8314510E+06   4.0192233E+07   2.3653983E+07   2.3653971E+07   6.4401717E+06   0.0000000E+00   0.0000000E+00   0.0000000E+00   0.0000000E+00
   1.9116290E-05   2.3653690E+07   2.3653690E+07   3.1489389E+07   3.8311973E+06   4.0188567E+07   2.3653701E+07   2.3653690E+07   6.4400801E+06   0.0000000E+00   0.0000000E+00   0.0000000E+00   0.0000000E+00
   2.0542515E-05   2.3653366E+07   2.3653366E+07   3.1481401E+07   3.8309044E+06   4.0184334E+07   2.3653377E+07   2.3653366E+07   6.4399743E+06   0.0000000E+00   0.0000000E+00   0.0000000E+00   0.0000000E+00
   2.2075147E-05   2.3652992E+07   2.3652992E+07   3.1472179E+07   3.8305662E+06   4.0179446E+07   2.3653002E+07   2.3652992E+07   6.4398523E+06   0.0000000E+00   0.0000000E+00   0.0000000E+00   0.0000000E+00
   2.3722126E-05   2.3652560E+07   2.3652560E+07   3.1461534E+07   3.8301756E+06   4.0173803E+07   2.3652569E+07   2.3652560E+07   6.4397113E+06   0.0000000E+00   0.0000000E+00   0.0000000E+00   0.0000000E+00
   2.5491982E-05   2.3652062E+07   2.3652062E+07   3.1449245E+07   3.8297248E+06   4.0167288E+07   2.3652069E+07   2.3652062E+07   6.4395485E+06   0.0000000E+00   0.0000000E+00   0.0000000E+00   0.0000000E+00
   2.7393883E-05   2.3651486E+07   2.3651486E+07   3.1435059E+07   3.8292042E+06   4.0159766E+07   2.3651491E+07   2.3651486E+07   6.4393606E+06   0.0000000E+00   0.0000000E+00   0.0000000E+00   0.0000000E+00
   2.9437682E-05   2.3650821E+07   2.3650821E+07   3.1418687E+07   3.8286031E+06   4.0151083E+07   2.3650825E+07   2.3650821E+07   6.4391436E+06   0.0000000E+00   0.0000000E+00   0.0000000E+00   0.0000000E+00
   3.1633963E-05   2.3650054E+07   2.3650054E+07   3.1399790E+07   3.8279092E+06   4.0141058E+07   2.3650056E+07   2.3650054E+07   6.4388932E+06   0.0000000E+00   0.0000000E+00   0.0000000E+00   0.0000000E+00
   3.3994104E-05   2.3649168E+07   2.3649168E+07   3.1377983E+07   3.8271081E+06   4.0129485E+07   2.3649167E+07   2.3649168E+07   6.4386040E+06   0.0000000E+00   0.0000000E+00   0.0000000E+00   0.0000000E+00
   3.6530331E-05   2.3648145E+07   2.3648145E+07   3.1352819E+07   3.8261832E+06   4.0116127E+07   2.3648142E+07   2.3648145E+07   6.4382702E+06   0.0000000E+00   0.0000000E+00   0.0000000E+00   0.0000000E+00
   3.9255779E-05   2.3646965E+07   2.3646965E+07   3.1323786E+07   3.8251156E+06   4.0100708E+07   2.3646958E+07   2.3646965E+07   6.4378849E+06   0.0000000E+00   0.0000000E+00   0.0000000E+00   0.0000000E+00
   4.2184568E-05   2.3645602E+07   2.3645602E+07   3.1290292E+07   3.8238833E+06   4.0082912E+07   2.3645591E+07   2.3645602E+07   6.4374401E+06   0.0000000E+00   0.0000000E+00   0.0000000E+00   0.0000000E+00
   4.5331867E-05   2.3644028E+07   2.3644028E+07   3.1251658E+07   3.8224609E+06   4.0062374E+07   2.3644014E+07   2.3644028E+07   6.4369268E+06   0.0000000E+00   0.0000000E+00   0.0000000E+00   0.0000000E+00
   4.8713979E-05   2.3642213E+07   2.3642213E+07   3.1207104E+07   3.8208192E+06   4.0038674E+07   2.3642193E+07   2.3642213E+07   6.4363344E+06   0.0000000E+00   0.0000000E+00   0.0000000E+00   0.0000000E+00
   5.2348423E-05   2.3640117E+07   2.3640117E+07   3.1155732E+07   3.8189246E+06   4.0011329E+07   2.3640091E+07   2.3640117E+07   6.4356508E+06   0.0000000E+00   0.0000000E+00   0.0000000E+00   0.0000000E+00
   5.6254025E-05   2.3637698E+07   2.3637698E+07   3.1096515E+07   3.8167383E+06   3.9979781E+07   2.3637666E+07   2.3637698E+07   6.4348620E+06   0.0000000E+00   0.0000000E+00   0.0000000E+00   0.0000000E+00
   6.0451016E-05   2.3634908E+07   2.3634908E+07   3.1028271E+07   3.8142158E+06   3.9943390E+07   2.3634868E+07   2.3634908E+07   6.4339520E+06   0.0000000E+00   0.0000000E+00   0.0000000E+00   0.0000000E+00
   6.4961135E-05   2.3631688E+07   2.3631688E+07   3.0949651E+07   3.8113056E+06   3.9901419E+07   2.3631639E+07   2.3631688E+07   6.4329022E+06   0.0000000E+00   0.0000000E+00   0.0000000E+00   0.0000000E+00
   6.9807744E-05   2.3627973E+07   2.3627973E+07   3.0859109E+07   3.8079488E+06   3.9853023E+07   2.3627915E+07   2.3627973E+07   6.4316915E+06   0.0000000E+00   0.0000000E+00   0.0000000E+00   0.0000000E+00
   7.5015948E-05   2.3623689E+07   2.3623689E+07   3.0754883E+07   3.8040774E+06   3.9797232E+07   2.3623619E+07   2.3623689E+07   6.4302954E+06   0.0000000E+00   0.0000000E+00   0.0000000E+00   0.0000000E+00
   8.0612725E-05   2.3618748E+07   2.3618748E+07   3.0634962E+07   3.7996134E+06   3.9732930E+07   2.3618665E+07   2.3618748E+07   6.4286859E+06   0.0000000E+00   0.0000000E+00   0.0000000E+00   0.0000000E+00
   8.6627066E-05   2.3613051E+07   2.3613051E+07   3.0497062E+07   3.7944673E+06   3.9658843E+07   2.3612952E+07   2.3613051E+07   6.4268309E+06   0.0000000E+00   0.0000000E+00   0.0000000E+00   0.0000000E+00
   9.3090123E-05   2.3606484E+07   2.3606484E+07   3.0338591E+07   3.7885365E+06   3.9573511E+07   2.3606368E+07   2.3606484E+07   6.4246935E+06   0.0000000E+00   0.0000000E+00   0.0000000E+00   0.0000000E+00
   1.0003537E-04   2.3598917E+07   2.3598917E+07   3.0156617E+07   3.7817035E+06   3.9475267E+07   2.3598780E+07   2.3598917E+07   6.4222316E+06   0.0000000E+00   0.0000000E+00   0.0000000E+00   0.0000000E+00
   1.0749880E-04   2.3590199E+07   2.3590199E+07   2.9947839E+07   3.7738337E+06   3.9362211E+07   2.3590038E+07   2.3590199E+07   6.4193971E+06   0.0000000E+00   0.0000000E+00   0.0000000E+00   0.0000000E+00
   1.1551905E-04   2.3580160E+07   2.3580160E+07   2.9708549E+07   3.7647736E+06   3.9232178E+07   2.3579971E+07   2.3580160E+07   6.4161350E+06   0.0000000E+00   0.0000000E+00   0.0000000E+00   0.0000000E+00
   1.2413767E-04   2.3568604E+07   2.3568604E+07   2.9434609E+07   3.7543480E+06   3.9082712E+07   2.3568384E+07   2.3568604E+07   6.4123829E+06   0.0000000E+00   0.0000000E+00   0.0000000E+00   0.0000000E+00
   1.3339932E-04   2.3555308E+07   2.3555308E+07   2.9121427E+07   3.7423577E+06   3.8911031E+07   2.3555051E+07   2.3555308E+07   6.4080697E+06   0.0000000E+00   0.0000000E+00   0.0000000E+00   0.0000000E+00
   1.4335195E-04   2.3540019E+07   2.3540019E+07   2.8763940E+07   3.7285765E+06   3.8713997E+07   2.3539721E+07   2.3540019E+07   6.4031151E+06   0.0000000E+00   0.0000000E+00   0.0000000E+00   0.0000000E+00
   1.5404713E-04   2.3522451E+07   2.3522451E+07   2.8356620E+07   3.7127485E+06   3.8488081E+07   2.3522104E+07   2.3522451E+07   6.3974282E+06   0.0000000E+00   0.0000000E+00   0.0000000E+00   0.0000000E+00
   1.6554025E-04   2.3502278E+07   2.3502278E+07   2.7893495E+07   3.6945849E+06   3.8229334E+07   2.3501875E+07   2.3502278E+07   6.3909070E+06   0.0000000E+00   0.0000000E+00   0.0000000E+00   0.0000000E+00
   1.7789085E-04   2.3479134E+07   2.3479134E+07   2.7368197E+07   3.6737611E+06   3.7933359E+07   2.3478667E+07   2.3479134E+07   6.3834371E+06   0.0000000E+00   0.0000000E+00   0.0000000E+00   0.0000000E+00
   1.9116290E-04   2.3452609E+07   2.3452609E+07   2.6774059E+07   3.6499141E+06   3.7595297E+07   2.3452068E+07   2.3452609E+07   6.3748911E+06   0.0000000E+00   0.0000000E+00   0.0000000E+00   0.0000000E+00
   2.0542515E-04   2.3422244E+07   2.3422244E+07   2.6104254E+07   3.6226401E+06   3.7209813E+07   2.3421618E+07   2.3422244E+07   6.3651279E+06   0.0000000E+00   0.0000000E+00   0.0000000E+00   0.0000000E+00
   2.2075147E-04   2.3387529E+07   2.3387529E+07   2.5352005E+07   3.5914928E+06   3.6771108E+07   2.3386804E+07   2.3387529E+07   6.3539925E+06   0.0000000E+00   0.0000000E+00   0.0000000E+00   0.0000000E+00
   2.3722126E-04   2.3347901E+07   2.3347901E+07   2.4510883E+07   3.5559826E+06   3.6272955E+07   2.3347064E+07   2.3347901E+07   6.3413163E+06   0.0000000E+00   0.0000000E+00   0.0000000E+00   0.0000000E+00
   2.5491982E-04   2.3302746E+07   2.3302746E+07   2.3575199E+07   3.5155780E+06   3.5708755E+07   2.3301779E+07   2.3302746E+07   6.3269173E+06   0.0000000E+00   0.0000000E+00   0.0000000E+00   0.0000000E+00
   2.7393883E-04   2.3251396E+07   2.3251396E+07   2.2540515E+07   3.4697082E+06   3.5071652E+07   2.3250280E+07   2.3251396E+07   6.3106025E+06   0.0000000E+00   0.0000000E+00   0.0000000E+00   0.0000000E+00
   2.9437682E-04   2.3193137E+07   2.3193137E+07   2.1404286E+07   3.4177695E+06   3.4354686E+07   2.3191850E+07   2.3193137E+07   6.2921700E+06   0.0000000E+00   0.0000000E+00   0.0000000E+00   0.0000000E+00
   3.1633963E-04   2.3127217E+07   2.3127217E+07   2.0166634E+07   3.3591346E+06   3.3551018E+07   2.3125734E+07   2.3127217E+07   6.2714139E+06   0.0000000E+00   0.0000000E+00   0.0000000E+00   0.0000000E+00
   3.3994104E-04   2.3052856E+07   2.3052856E+07   1.8831236E+07   3.2931677E+06   3.2654238E+07   2.3051149E+07   2.3052856E+07   6.2481295E+06   0.0000000E+00   0.0000000E+00   0.0000000E+00   0.0000000E+00
   3.6530331E-04   2.2969267E+07   2.2969267E+07   1.7406292E+07   3.2192443E+06   3.1658750E+07   2.2967304E+07   2.2969267E+07   6.2221218E+06   0.0000000E+00   0.0000000E+00   0.0000000E+00   0.0000000E+00
   3.9255779E-04   2.2875680E+07   2.2875680E+07   1.5905497E+07   3.1367790E+06   3.0560265E+07   2.2873425E+07   2.2875680E+07   6.1932159E+06   0.0000000E+00   0.0000000E+00   0.0000000E+00   0.0000000E+00
   4.2184568E-04   2.2771379E+07   2.2771379E+07   1.4348870E+07   3.0452608E+06   2.9356383E+07   2.2768791E+07   2.2771379E+07   6.1612694E+06   0.0000000E+00   0.0000000E+00   0.0000000E+00   0.0000000E+00
   4.5331867E-04   2.2655741E+07   2.2655741E+07   1.2763275E+07   2.9442958E+06   2.8047254E+07   2.2652773E+07   2.2655741E+07   6.1261881E+06   0.0000000E+00   0.0000000E+00   0.0000000E+00   0.0000000E+00
   4.8713979E-04   2.2528287E+07   2.2528287E+07   1.1182337E+07   2.8336594E+06   2.6636295E+07   2.2524889E+07   2.2528287E+07   6.0879428E+06   0.0000000E+00   0.0000000E+00   0.0000000E+00   0.0000000E+00
   5.2348423E-04   2.2388744E+07   2.2388744E+07   9.6454759E+06   2.7133537E+06   2.5130880E+07   2.2384860E+07   2.2388744E+07   6.0465873E+06   0.0000000E+00   0.0000000E+00   0.0000000E+00   0.0000000E+00
   5.6254025E-04   2.2237109E+07   2.2237109E+07   8.1956934E+06   2.5836684E+06   2.3542939E+07   2.2232675E+07   2.2237109E+07   6.0022757E+06   0.0000000E+00   0.0000000E+00   0.0000000E+00   0.0000000E+00
   6.0451016E-04   2.2073710E+07   2.2073710E+07   6.8758935E+06   2.4452400E+06   2.1889315E+07   2.2068659E+07   2.2073710E+07   5.9552760E+06   0.0000000E+00   0.0000000E+00   0.0000000E+00   0.0000000E+00
   6.4961135E-04   2.1899266E+07   2.1899266E+07   5.7236898E+06   2.2991000E+06   2.0191748E+07   2.1893524E+07   2.1899266E+07   5.9059776E+06   0.0000000E+00   0.0000000E+00   0.0000000E+00   0.0000000E+00
   6.9807744E-04   2.1714924E+07   2.1714924E+07   4.7651066E+06   2.1467021E+06   1.8476304E+07   2.1708412E+07   2.1714924E+07   5.8548876E+06   0.0000000E+00   0.0000000E+00   0.0000000E+00   0.0000000E+00
   7.5015948E-04   2.1522269E+07   2.1522269E+07   4.0082063E+06   1.9899158E+06   1.6772135E+07   2.1514903E+07   2.1522269E+07   5.8026135E+06   0.0000000E+00   0.0000000E+00   0.0000000E+00   0.0000000E+00
   8.0612725E-04   2.1323290E+07   2.1323290E+07   3.4384384E+06   1.8309750E+06   1.5109521E+07   2.1314981E+07   2.1323290E+07   5.7498286E+06   0.0000000E+00   0.0000000E+00   0.0000000E+00   0.0000000E+00
   8.6627066E-04   2.1120289E+07   2.1120289E+07   3.0181084E+06   1.6723709E+06   1.3517311E+07   2.1110949E+07   2.1120289E+07   5.6972214E+06   0.0000000E+00   0.0000000E+00   0.0000000E+00   0.0000000E+00
   9.3090123E-04   2.0915742E+07   2.0915742E+07   2.6923022E+06   1.5166910E+06   1.2020101E+07   2.0905279E+07   2.0915742E+07   5.6454315E+06   0.0000000E+00   0.0000000E+00   0.0000000E+00   0.0000000E+00
   1.0003537E-03   2.0712096E+07   2.0712096E+07   2.4022114E+06   1.3664157E+06   1.0635719E+07   2.0700423E+07   2.0712096E+07   5.5949849E+06   0.0000000E+00   0.0000000E+00   0.0000000E+00   0.0000000E+00
   1.0749880E-03   2.0511560E+07   2.0511560E+07   2.1036143E+06   1.2237018E+06   9.3737159E+06   2.0498592E+07   2.0511560E+07   5.5462406E+06   0.0000000E+00   0.0000000E+00   0.0000000E+00   0.0000000E+00
   1.1551905E-03   2.0315895E+07   2.0315895E+07   1.7837795E+06   1.0901968E+06   8.2354564E+06   2.0301557E+07   2.0315895E+07   5.4993652E+06   0.0000000E+00   0.0000000E+00   0.0000000E+00   0.0000000E+00
   1.2413767E-03   2.0126276E+07   2.0126276E+07   1.4665578E+06   9.6693178E+05   7.2159624E+06   2.0110500E+07   2.0126276E+07   5.4543469E+06   0.0000000E+00   0.0000000E+00   0.0000000E+00   0.0000000E+00
   1.3339932E-03   1.9943249E+07   1.9943249E+07   1.1971694E+06   8.5432617E+05   6.3069181E+06   1.9925981E+07   1.9943249E+07   5.4110439E+06   0.0000000E+00   0.0000000E+00   0.0000000E+00   0.0000000E+00
   1.4335195E-03   1.9766796E+07   1.9766796E+07   1.0090179E+06   7.5230280E+05   5.4995548E+06   1.9747997E+07   1.9766796E+07   5.3692485E+06   0.0000000E+00   0.0000000E+00   0.0000000E+00   0.0000000E+00
   1.5404713E-03   1.9596482E+07   1.9596482E+07   8.9251582E+05   6.6046566E+05   4.7860644E+06   1.9576125E+07   1.9596482E+07   5.3287357E+06   0.0000000E+00   0.0000000E+00   0.0000000E+00   0.0000000E+00
   1.6554025E-03   1.9431607E+07   1.9431607E+07   7.9622601E+05   5.7826360E+05   4.1591226E+06   1.9409678E+07   1.9431607E+07   5.2892741E+06   0.0000000E+00   0.0000000E+00   0.0000000E+00   0.0000000E+00
   1.7789085E-03   1.9271308E+07   1.9271308E+07   6.7227973E+05   5.0507930E+05   3.6106389E+06   1.9247801E+07   1.9271308E+07   5.2506069E+06   0.0000000E+00   0.0000000E+00   0.0000000E+00   0.0000000E+00
   1.9116290E-03   1.9114596E+07   1.9114596E+07   5.2888285E+05   4.4024326E+05   3.1315560E+06   1.9089513E+07   1.9114596E+07   5.2124356E+06   0.0000000E+00   0.0000000E+00   0.0000000E+00   0.0000000E+00
   2.0542515E-03   1.8960373E+07   1.8960373E+07   4.2162964E+05   3.8303180E+05   2.7132084E+06   1.8933713E+07   1.8960373E+07   5.1744378E+06   0.0000000E+00   0.0000000E+00   0.0000000E+00   0.0000000E+00
   2.2075147E-03   1.8807466E+07   1.8807466E+07   3.7457140E+05   3.3270132E+05   2.3485413E+06   1.8779227E+07   1.8807466E+07   5.1363019E+06   0.0000000E+00   0.0000000E+00   0.0000000E+00   0.0000000E+00
   2.3722126E-03   1.8654686E+07   1.8654686E+07   3.3904980E+05   2.8854161E+05   2.0315757E+06   1.8624857E+07   1.8654686E+07   5.0977368E+06   0.0000000E+00   0.0000000E+00   0.0000000E+00   0.0000000E+00
   2.5491982E-03   1.8500857E+07   1.8500857E+07   2.7535375E+05   2.4989555E+05   1.7563580E+06   1.8469424E+07   1.8500857E+07   5.0584513E+06   0.0000000E+00   0.0000000E+00   0.0000000E+00   0.0000000E+00
   2.7393883E-03   1.8344821E+07   1.8344821E+07   2.2092836E+05   2.1614812E+05   1.5173682E+06   1.8311767E+07   1.8344821E+07   5.0181519E+06   0.0000000E+00   0.0000000E+00   0.0000000E+00   0.0000000E+00
   2.9437682E-03   1.8185445E+07   1.8185445E+07   1.9654322E+05   1.8673014E+05   1.3101349E+06   1.8150758E+07   1.8185445E+07   4.9765640E+06   0.0000000E+00   0.0000000E+00   0.0000000E+00   0.0000000E+00
   3.1633963E-03   1.8021641E+07   1.8021641E+07   1.6211672E+05   1.6112950E+05   1.1306300E+06   1.7985313E+07   1.8021641E+07   4.9334290E+06   0.0000000E+00   0.0000000E+00   0.0000000E+00   0.0000000E+00
   3.3994104E-03   1.7852362E+07   1.7852362E+07   1.3353384E+05   1.3888441E+05   9.7516131E+05   1.7814394E+07   1.7852362E+07   4.8884913E+06   0.0000000E+00   0.0000000E+00   0.0000000E+00   0.0000000E+00
   3.6530331E-03   1.7676603E+07   1.7676603E+07   1.2145406E+05   1.1958080E+05   8.4059250E+05   1.7637006E+07   1.7676603E+07   4.8415099E+06   0.0000000E+00   0.0000000E+00   0.0000000E+00   0.0000000E+00
   3.9255779E-03   1.7493402E+07   1.7493402E+07   9.2990704E+04   1.0285043E+05   7.2418937E+05   1.7452204E+07   1.7493402E+07   4.7922548E+06   0.0000000E+00   0.0000000E+00   0.0000000E+00   0.0000000E+00
   4.2184568E-03   1.7301845E+07   1.7301845E+07   8.4160630E+04   8.8366205E+04   6.2361221E+05   1.7259100E+07   1.7301845E+07   4.7405076E+06   0.0000000E+00   0.0000000E+00   0.0000000E+00   0.0000000E+00
   4.5331867E-03   1.7101074E+07   1.7101074E+07   6.8327861E+04   7.5841160E+04   5.3663144E+05   1.7056861E+07   1.7101074E+07   4.6860651E+06   0.0000000E+00   0.0000000E+00   0.0000000E+00   0.0000000E+00
   4.8713979E-03   1.6890287E+07   1.6890287E+07   5.9460752E+04   6.5020614E+04   4.6158116E+05   1.6844692E+07   1.6890287E+07   4.6287294E+06   0.0000000E+00   0.0000000E+00   0.0000000E+00   0.0000000E+00
   5.2348423E-03   1.6668727E+07   1.6668727E+07   4.7508779E+04   5.5682563E+04   3.9672756E+05   1.6621821E+07   1.6668727E+07   4.5683089E+06   0.0000000E+00   0.0000000E+00   0.0000000E+00   0.0000000E+00
   5.6254025E-03   1.6435668E+07   1.6435668E+07   4.3106369E+04   4.7631114E+04   3.4076672E+05   1.6387520E+07   1.6435668E+07   4.5046205E+06   0.0000000E+00   0.0000000E+00   0.0000000E+00   0.0000000E+00
   6.0451016E-03   1.6190400E+07   1.6190400E+07   3.4206196E+04   4.0695453E+04   2.9250249E+05   1.6141111E+07   1.6190400E+07   4.4374932E+06   0.0000000E+00   0.0000000E+00   0.0000000E+00   0.0000000E+00
   6.4961135E-03   1.5932241E+07   1.5932241E+07   2.8650190E+04   3.4726884E+04   2.5084321E+05   1.5881950E+07   1.5932241E+07   4.3667642E+06   0.0000000E+00   0.0000000E+00   0.0000000E+00   0.0000000E+00
   6.9807744E-03   1.5660556E+07   1.5660556E+07   2.5188238E+04   2.9595272E+04   2.1496793E+05   1.5609398E+07   1.5660556E+07   4.2922691E+06   0.0000000E+00   0.0000000E+00   0.0000000E+00   0.0000000E+00
   7.5015948E-03   1.5374742E+07   1.5374742E+07   2.1588413E+04   2.5187450E+04   1.8405851E+05   1.5322841E+07   1.5374742E+07   4.2138505E+06   0.0000000E+00   0.0000000E+00   0.0000000E+00   0.0000000E+00
   8.0612725E-03   1.5074205E+07   1.5074205E+07   1.7706515E+04   2.1405019E+04   1.5743298E+05   1.5021710E+07   1.5074205E+07   4.1313603E+06   0.0000000E+00   0.0000000E+00   0.0000000E+00   0.0000000E+00
   8.6627066E-03   1.4758351E+07   1.4758351E+07   1.4527291E+04   1.8162522E+04   1.3450260E+05   1.4705424E+07   1.4758351E+07   4.0446475E+06   0.0000000E+00   0.0000000E+00   0.0000000E+00   0.0000000E+00
   9.3090123E-03   1.4426610E+07   1.4426610E+07   1.2293140E+04   1.5385723E+04   1.1477258E+05   1.4373415E+07   1.4426610E+07   3.9535627E+06   0.0000000E+00   0.0000000E+00   0.0000000E+00   0.0000000E+00
   1.0003537E-02   1.4078439E+07   1.4078439E+07   1.0439332E+04   1.3010288E+04   9.7801169E+04   1.4025143E+07   1.4078439E+07   3.8579635E+06   0.0000000E+00   0.0000000E+00   0.0000000E+00   0.0000000E+00
   1.0749880E-02   1.3713301E+07   1.3713301E+07   8.8811186E+03   1.0980482E+04   8.3209635E+04   1.3660091E+07   1.3713301E+07   3.7577132E+06   0.0000000E+00   0.0000000E+00   0.0000000E+00   0.0000000E+00
   1.1551905E-02   1.3330693E+07   1.3330693E+07   7.2514939E+03   9.2481047E+03   7.0668842E+04   1.3277750E+07   1.3330693E+07   3.6526763E+06   0.0000000E+00   0.0000000E+00   0.0000000E+00   0.0000000E+00
   1.2413767E-02   1.2930169E+07   1.2930169E+07   5.7659075E+03   7.7713982E+03   5.9918817E+04   1.2877681E+07   1.2930169E+07   3.5427362E+06   0.0000000E+00   0.0000000E+00   0.0000000E+00   0.0000000E+00
   1.3339932E-02   1.2511343E+07   1.2511343E+07   5.1347151E+03   6.5143936E+03   5.0692581E+04   1.2459504E+07   1.2511343E+07   3.4277919E+06   0.0000000E+00   0.0000000E+00   0.0000000E+00   0.0000000E+00
   1.4335195E-02   1.2073955E+07   1.2073955E+07   4.0000967E+03   5.4459829E+03   4.2782682E+04   1.2022959E+07   1.2073955E+07   3.3077747E+06   0.0000000E+00   0.0000000E+00   0.0000000E+00   0.0000000E+00
   1.5404713E-02   1.1617906E+07   1.1617906E+07   3.4927614E+03   4.5393698E+03   3.6011221E+04   1.1567949E+07   1.1617906E+07   3.1826605E+06   0.0000000E+00   0.0000000E+00   0.0000000E+00   0.0000000E+00
   1.6554025E-02   1.1143341E+07   1.1143341E+07   2.8778843E+03   3.7714595E+03   3.0227560E+04   1.1094616E+07   1.1143341E+07   3.0524910E+06   0.0000000E+00   0.0000000E+00   0.0000000E+00   0.0000000E+00
   1.7789085E-02   1.0650735E+07   1.0650735E+07   2.3352979E+03   3.1223983E+03   2.5286605E+04   1.0603432E+07   1.0650735E+07   2.9173977E+06   0.0000000E+00   0.0000000E+00   0.0000000E+00   0.0000000E+00
   1.9116289E-02   1.0141014E+07   1.0141014E+07   1.9142697E+03   2.5750989E+03   2.1076412E+04   1.0095318E+07   1.0141014E+07   2.7776359E+06   0.0000000E+00   0.0000000E+00   0.0000000E+00   0.0000000E+00
   2.0542512E-02   9.6156884E+06   9.6156884E+06   1.5705985E+03   2.1148868E+03   1.7497346E+04   9.5717732E+06   9.6156884E+06   2.6336193E+06   0.0000000E+00   0.0000000E+00   0.0000000E+00   0.0000000E+00
   2.2075131E-02   9.0770128E+06   9.0770128E+06   1.2780671E+03   1.7291630E+03   1.4463362E+04   9.0350373E+06   9.0770128E+06   2.4859658E+06   0.0000000E+00   0.0000000E+00   0.0000000E+00   0.0000000E+00
   2.3722042E-02   8.5281589E+06   8.5281589E+06   1.0161218E+03   1.4071128E+03   1.1901543E+04   8.4882642E+06   8.5281589E+06   2.3355440E+06   0.0000000E+00   0.0000000E+00   0.0000000E+00   0.0000000E+00
   2.5491596E-02   7.9734012E+06   7.9734012E+06   8.3349011E+02   1.1394594E+03   9.7457180E+03   7.9357024E+06   7.9734012E+06   2.1835241E+06   0.0000000E+00   0.0000000E+00   0.0000000E+00   0.0000000E+00
   2.7392328E-02   7.4183181E+06   7.4183181E+06   6.7686377E+02   9.1825272E+02   7.9429586E+03   7.3828979E+06   7.4183181E+06   2.0314328E+06   0.0000000E+00   0.0000000E+00   0.0000000E+00   0.0000000E+00
   2.9432168E-02   6.8700077E+06   6.8700077E+06   5.2815260E+02   7.3669378E+02   6.4449343E+03   6.8369083E+06   6.8700077E+06   1.8812128E+06   0.0000000E+00   0.0000000E+00   0.0000000E+00   0.0000000E+00
   3.1616633E-02   6.3372799E+06   6.3372799E+06   4.1808415E+02   5.8897959E+02   5.2122770E+03   6.3064937E+06   6.3372799E+06   1.7352752E+06   0.0000000E+00   0.0000000E+00   0.0000000E+00   0.0000000E+00
   3.3945515E-02   5.8306544E+06   5.8306544E+06   3.3401596E+02   4.7014340E+02   4.2066346E+03   5.8021154E+06   5.8306544E+06   1.5964991E+06   0.0000000E+00   0.0000000E+00   0.0000000E+00   0.0000000E+00
   3.6408317E-02   5.3617695E+06   5.3617695E+06   2.7796273E+02   3.7586231E+02   3.4005338E+03   5.3353465E+06   5.3617695E+06   1.4680694E+06   0.0000000E+00   0.0000000E+00   0.0000000E+00   0.0000000E+00
   3.8980647E-02   4.9417144E+06   4.9417144E+06   2.2377063E+02   3.0223169E+02   2.7637676E+03   4.9172127E+06   4.9417144E+06   1.3530204E+06   0.0000000E+00   0.0000000E+00   0.0000000E+00   0.0000000E+00
   4.1625612E-02   4.5783459E+06   4.5783459E+06   1.7747783E+02   2.4557309E+02   2.2684538E+03   4.5555236E+06   4.5783459E+06   1.2535014E+06   0.0000000E+00   0.0000000E+00   0.0000000E+00   0.0000000E+00
   4.4302378E-02   4.2738666E+06   4.2738666E+06   1.4053625E+02   2.0238958E+02   1.8874525E+03   4.2524618E+06   4.2738666E+06   1.1701133E+06   0.0000000E+00   0.0000000E+00   0.0000000E+00   0.0000000E+00
   4.6977512E-02   4.0243853E+06   4.0243853E+06   1.1582562E+02   1.6949768E+02   1.5949943E+03   4.0041476E+06   4.0243853E+06   1.1017889E+06   0.0000000E+00   0.0000000E+00   0.0000000E+00   0.0000000E+00
   4.9631613E-02   3.8216923E+06   3.8216923E+06   9.9454291E+01   1.4421224E+02   1.3685296E+03   3.8024057E+06   3.8216923E+06   1.0462789E+06   0.0000000E+00   0.0000000E+00   0.0000000E+00   0.0000000E+00
   5.2258782E-02   3.6557811E+06   3.6557811E+06   8.6680321E+01   1.2443448E+02   1.1900330E+03   3.6372745E+06   3.6557811E+06   1.0008423E+06   0.0000000E+00   0.0000000E+00   0.0000000E+00   0.0000000E+00
   5.4862330E-02   3.5167467E+06   3.5167467E+06   7.5902669E+01   1.0861387E+02   1.0461810E+03   3.4988954E+06   3.5167467E+06   9.6276663E+05   0.0000000E+00   0.0000000E+00   0.0000000E+00   0.0000000E+00
   5.7450404E-02   3.3957477E+06   3.3957477E+06   6.6793280E+01   9.5643143E+01   9.2741445E+02   3.3784689E+06   3.3957477E+06   9.2963062E+05   0.0000000E+00   0.0000000E+00   0.0000000E+00   0.0000000E+00
   6.0033028E-02   3.2853318E+06   3.2853318E+06   5.9153102E+01   8.4745029E+01   8.2689379E+02   3.2685786E+06   3.2853318E+06   8.9939360E+05   0.0000000E+00   0.0000000E+00   0.0000000E+00   0.0000000E+00
   6.2620490E-02   3.1794701E+06   3.1794701E+06   5.2688086E+01   7.5378504E+01   7.3985537E+02   3.1632250E+06   3.1794701E+06   8.7040478E+05   0.0000000E+00   0.0000000E+00   0.0000000E+00   0.0000000E+00
   6.5222602E-02   3.0735017E+06   3.0735017E+06   4.7003054E+01   6.7169600E+01   6.6301602E+02   3.0577700E+06   3.0735017E+06   8.4138796E+05   0.0000000E+00   0.0000000E+00   0.0000000E+00   0.0000000E+00
   6.7848439E-02   2.9640713E+06   2.9640713E+06   4.1728530E+01   5.9862421E+01   5.9408605E+02   2.9488751E+06   2.9640713E+06   8.1142449E+05   0.0000000E+00   0.0000000E+00   0.0000000E+00   0.0000000E+00
   7.0506308E-02   2.8490808E+06   2.8490808E+06   3.6666517E+01   5.3284872E+01   5.3158856E+02   2.8344522E+06   2.8490808E+06   7.7993984E+05   0.0000000E+00   0.0000000E+00   0.0000000E+00   0.0000000E+00
   7.3203817E-02   2.7276451E+06   2.7276451E+06   3.2218266E+01   4.7324431E+01   4.7464825E+02   2.7136206E+06   2.7276451E+06   7.4669166E+05   0.0000000E+00   0.0000000E+00   0.0000000E+00   0.0000000E+00
   7.5947975E-02   2.6000358E+06   2.6000358E+06   2.9528519E+01   4.1910420E+01   4.2252287E+02   2.5866502E+06   2.6000358E+06   7.1175425E+05   0.0000000E+00   0.0000000E+00   0.0000000E+00   0.0000000E+00
   7.8745302E-02   2.4675925E+06   2.4675925E+06   2.6783713E+01   3.7000660E+01   3.7456469E+02   2.4548736E+06   2.4675925E+06   6.7549427E+05   0.0000000E+00   0.0000000E+00   0.0000000E+00   0.0000000E+00
   8.1601924E-02   2.3325839E+06   2.3325839E+06   2.1910603E+01   3.2571078E+01   3.3134909E+02   2.3205475E+06   2.3325839E+06   6.3853272E+05   0.0000000E+00   0.0000000E+00   0.0000000E+00   0.0000000E+00
   8.4523659E-02   2.1980065E+06   2.1980065E+06   2.0798665E+01   2.8607389E+01   2.9226225E+02   2.1866526E+06   2.1980065E+06   6.0168979E+05   0.0000000E+00   0.0000000E+00   0.0000000E+00   0.0000000E+00
   8.7516088E-02   2.0673144E+06   2.0673144E+06   1.7262682E+01   2.5098423E+01   2.5765114E+02   2.0566251E+06   2.0673144E+06   5.6591099E+05   0.0000000E+00   0.0000000E+00   0.0000000E+00   0.0000000E+00
   9.0584612E-02   1.9440858E+06   1.9440858E+06   1.4908980E+01   2.2030861E+01   2.2704855E+02   1.9340245E+06   1.9440858E+06   5.3217574E+05   0.0000000E+00   0.0000000E+00   0.0000000E+00   0.0000000E+00
   9.3734506E-02   1.8316405E+06   1.8316405E+06   1.3364087E+01   1.9385382E+01   2.0058900E+02   1.8221529E+06   1.8316405E+06   5.0139274E+05   0.0000000E+00   0.0000000E+00   0.0000000E+00   0.0000000E+00
   9.6970955E-02   1.7326382E+06   1.7326382E+06   1.1850099E+01   1.7134225E+01   1.7802828E+02   1.7236561E+06   1.7326382E+06   4.7428999E+05   0.0000000E+00   0.0000000E+00   0.0000000E+00   0.0000000E+00
   1.0029909E-01   1.6486998E+06   1.6486998E+06   1.0564496E+01   1.5240270E+01   1.5899701E+02   1.6401463E+06   1.6486998E+06   4.5131110E+05   0.0000000E+00   0.0000000E+00   0.0000000E+00   0.0000000E+00
   1.0372400E-01   1.5801036E+06   1.5801036E+06   9.4863127E+00   1.3657636E+01   1.4304286E+02   1.5719000E+06   1.5801036E+06   4.3253219E+05   0.0000000E+00   0.0000000E+00   0.0000000E+00   0.0000000E+00
   1.0725079E-01   1.5256151E+06   1.5256151E+06   8.5811675E+00   1.2333728E+01   1.2970431E+02   1.5176889E+06   1.5256151E+06   4.1761527E+05   0.0000000E+00   0.0000000E+00   0.0000000E+00   0.0000000E+00
   1.1088455E-01   1.4825039E+06   1.4825039E+06   7.6934066E+00   1.1212563E+01   1.1830965E+02   1.4747967E+06   1.4825039E+06   4.0581290E+05   0.0000000E+00   0.0000000E+00   0.0000000E+00   0.0000000E+00
   1.1463039E-01   1.4467867E+06   1.4467867E+06   7.2703541E+00   1.0238968E+01   1.0845811E+02   1.4392606E+06   1.4467867E+06   3.9603467E+05   0.0000000E+00   0.0000000E+00   0.0000000E+00   0.0000000E+00
   1.1849349E-01   1.4137059E+06   1.4137059E+06   6.6527102E+00   9.3631412E+00   9.9544716E+01   1.4063476E+06   1.4137059E+06   3.8697821E+05   0.0000000E+00   0.0000000E+00   0.0000000E+00   0.0000000E+00
   1.2247903E-01   1.3784097E+06   1.3784097E+06   5.9015879E+00   8.5449056E+00   9.1145021E+01   1.3712312E+06   1.3784097E+06   3.7731545E+05   0.0000000E+00   0.0000000E+00   0.0000000E+00   0.0000000E+00
   1.2659225E-01   1.3367533E+06   1.3367533E+06   5.3319733E+00   7.7569567E+00   8.3094786E+01   1.3297880E+06   1.3367533E+06   3.6591178E+05   0.0000000E+00   0.0000000E+00   0.0000000E+00   0.0000000E+00
   1.3083847E-01   1.2860847E+06   1.2860847E+06   4.8761600E+00   6.9864488E+00   7.5045815E+01   1.2793802E+06   1.2860847E+06   3.5204133E+05   0.0000000E+00   0.0000000E+00   0.0000000E+00   0.0000000E+00
   1.3522304E-01   1.2258514E+06   1.2258514E+06   4.4332988E+00   6.2344634E+00   6.7229778E+01   1.2194579E+06   1.2258514E+06   3.3555282E+05   0.0000000E+00   0.0000000E+00   0.0000000E+00   0.0000000E+00
   1.3975139E-01   1.1578507E+06   1.1578507E+06   3.8878811E+00   5.5132672E+00   5.9655542E+01   1.1518092E+06   1.1578507E+06   3.1693825E+05   0.0000000E+00   0.0000000E+00   0.0000000E+00   0.0000000E+00
   1.4442901E-01   1.0859940E+06   1.0859940E+06   3.3802500E+00   4.8416575E+00   5.2557272E+01   1.0803250E+06   1.0859940E+06   2.9726832E+05   0.0000000E+00   0.0000000E+00   0.0000000E+00   0.0000000E+00
   1.4926149E-01   1.0155407E+06   1.0155407E+06   2.9543796E+00   4.2392014E+00   4.6158204E+01   1.0102374E+06   1.0155407E+06   2.7798265E+05   0.0000000E+00   0.0000000E+00   0.0000000E+00   0.0000000E+00
   1.5425447E-01   9.5189559E+05   9.5189559E+05   2.6353537E+00   3.7205032E+00   4.0646864E+01   9.4692283E+05   9.5189559E+05   2.6056066E+05   0.0000000E+00   0.0000000E+00   0.0000000E+00   0.0000000E+00
   1.5941371E-01   8.9921467E+05   8.9921467E+05   2.3410863E+00   3.2908162E+00   3.6065687E+01   8.9451545E+05   8.9921467E+05   2.4613997E+05   0.0000000E+00   0.0000000E+00   0.0000000E+00   0.0000000E+00
   1.6474504E-01   8.5918891E+05   8.5918891E+05   2.0563139E+00   2.9441284E+00   3.2360783E+01   8.5469735E+05   8.5918891E+05   2.3518342E+05   0.0000000E+00   0.0000000E+00   0.0000000E+00   0.0000000E+00
   1.7025443E-01   8.3041234E+05   8.3041234E+05   1.8510598E+00   2.6643351E+00   2.9383371E+01   8.2606985E+05   8.3041234E+05   2.2730613E+05   0.0000000E+00   0.0000000E+00   0.0000000E+00   0.0000000E+00
   1.7594795E-01   8.0864569E+05   8.0864569E+05   1.6598891E+00   2.4292926E+00   2.6862586E+01   8.0441575E+05   8.0864569E+05   2.2134768E+05   0.0000000E+00   0.0000000E+00   0.0000000E+00   0.0000000E+00
   1.8183184E-01   7.8804233E+05   7.8804233E+05   1.5287809E+00   2.2166552E+00   2.4582385E+01   7.8391900E+05   7.8804233E+05   2.1570769E+05   0.0000000E+00   0.0000000E+00   0.0000000E+00   0.0000000E+00
   1.8791249E-01   7.6305792E+05   7.6305792E+05   1.3853419E+00   2.0097160E+00   2.2353255E+01   7.5906425E+05   7.6305792E+05   2.0886852E+05   0.0000000E+00   0.0000000E+00   0.0000000E+00   0.0000000E+00
   1.9419649E-01   7.3042955E+05   7.3042955E+05   1.2440412E+00   1.8013007E+00   2.0080331E+01   7.2660567E+05   7.3042955E+05   1.9993705E+05   0.0000000E+00   0.0000000E+00   0.0000000E+00   0.0000000E+00
   2.0069063E-01   6.9044429E+05   6.9044429E+05   1.0968079E+00   1.5942966E+00   1.7818760E+01   6.8682888E+05   6.9044429E+05   1.8899184E+05   0.0000000E+00   0.0000000E+00   0.0000000E+00   0.0000000E+00
   2.0740199E-01   6.4685802E+05   6.4685802E+05   9.6608694E-01   1.3985657E+00   1.5686412E+01   6.4347007E+05   6.4685802E+05   1.7706099E+05   0.0000000E+00   0.0000000E+00   0.0000000E+00   0.0000000E+00
   2.1433792E-01   6.0531178E+05   6.0531178E+05   8.3526933E-01   1.2254216E+00   1.3774244E+01   6.0214075E+05   6.0531178E+05   1.6568858E+05   0.0000000E+00   0.0000000E+00   0.0000000E+00   0.0000000E+00
   2.2150614E-01   5.7078700E+05   5.7078700E+05   7.4396552E-01   1.0819563E+00   1.2190546E+01   5.6779624E+05   5.7078700E+05   1.5623815E+05   0.0000000E+00   0.0000000E+00   0.0000000E+00   0.0000000E+00
   2.2891477E-01   5.4523201E+05   5.4523201E+05   6.6586728E-01   9.6770083E-01   1.0928736E+01   5.4237460E+05   5.4523201E+05   1.4924299E+05   0.0000000E+00   0.0000000E+00   0.0000000E+00   0.0000000E+00
   2.3657238E-01   5.2660881E+05   5.2660881E+05   6.0010237E-01   8.7511643E-01   9.9057263E+00   5.2384851E+05   5.2660881E+05   1.4414525E+05   0.0000000E+00   0.0000000E+00   0.0000000E+00   0.0000000E+00
   2.4448809E-01   5.1003190E+05   5.1003190E+05   5.4595927E-01   7.9357171E-01   9.0029852E+00   5.0735803E+05   5.1003190E+05   1.3960763E+05   0.0000000E+00   0.0000000E+00   0.0000000E+00   0.0000000E+00
   2.5267166E-01   4.9055036E+05   4.9055036E+05   4.9219318E-01   7.1461937E-01   8.1222652E+00   4.8797821E+05   4.9055036E+05   1.3427497E+05   0.0000000E+00   0.0000000E+00   0.0000000E+00   0.0000000E+00
   2.6113355E-01   4.6603647E+05   4.6603647E+05   4.3823110E-01   6.3562489E-01   7.2417571E+00   4.6359249E+05   4.6603647E+05   1.2756486E+05   0.0000000E+00   0.0000000E+00   0.0000000E+00   0.0000000E+00
   2.6988507E-01   4.3834778E+05   4.3834778E+05   3.8615580E-01   5.5972008E-01   6.3929178E+00   4.3604867E+05   4.3834778E+05   1.1998574E+05   0.0000000E+00   0.0000000E+00   0.0000000E+00   0.0000000E+00
   2.7893848E-01   4.1185829E+05   4.1185829E+05   3.3798542E-01   4.9231589E-01   5.6423115E+00   4.0969783E+05   4.1185829E+05   1.1273489E+05   0.0000000E+00   0.0000000E+00   0.0000000E+00   0.0000000E+00
   2.8830716E-01   3.9023465E+05   3.9023465E+05   3.0463755E-01   4.3664562E-01   5.0130758E+00   3.8818735E+05   3.9023465E+05   1.0681594E+05   0.0000000E+00   0.0000000E+00   0.0000000E+00   0.0000000E+00
   2.9800574E-01   3.7377079E+05   3.7377079E+05   2.7229614E-01   3.9144391E-01   4.5009320E+00   3.7180964E+05   3.7377079E+05   1.0230936E+05   0.0000000E+00   0.0000000E+00   0.0000000E+00   0.0000000E+00
   3.0805036E-01   3.5940552E+05   3.5940552E+05   2.4371657E-01   3.5225214E-01   4.0554547E+00   3.5751953E+05   3.5940552E+05   9.8377207E+04   0.0000000E+00   0.0000000E+00   0.0000000E+00   0.0000000E+00
   3.1845886E-01   3.4350257E+05   3.4350257E+05   2.1803531E-01   3.1501836E-01   3.6335331E+00   3.4169983E+05   3.4350257E+05   9.4024168E+04   0.0000000E+00   0.0000000E+00   0.0000000E+00   0.0000000E+00
   3.2925107E-01   3.2502425E+05   3.2502425E+05   1.9342892E-01   2.7885335E-01   3.2220398E+00   3.2331832E+05   3.2502425E+05   8.8966202E+04   0.0000000E+00   0.0000000E+00   0.0000000E+00   0.0000000E+00
   3.4044916E-01   3.0616180E+05   3.0616180E+05   1.6988959E-01   2.4567623E-01   2.8413341E+00   3.0455472E+05   3.0616180E+05   8.3803099E+04   0.0000000E+00   0.0000000E+00   0.0000000E+00   0.0000000E+00
   3.5207799E-01   2.8978638E+05   2.8978638E+05   1.5018123E-01   2.1742926E-01   2.5221127E+00   2.8826512E+05   2.8978638E+05   7.9320757E+04   0.0000000E+00   0.0000000E+00   0.0000000E+00   0.0000000E+00
   3.6416561E-01   2.7637340E+05   2.7637340E+05   1.3341483E-01   1.9382767E-01   2.2524571E+00   2.7492243E+05   2.7637340E+05   7.5649303E+04   0.0000000E+00   0.0000000E+00   0.0000000E+00   0.0000000E+00
   3.7674385E-01   2.6378531E+05   2.6378531E+05   1.1970210E-01   1.7285230E-01   2.0125798E+00   2.6240031E+05   2.6378531E+05   7.2203644E+04   0.0000000E+00   0.0000000E+00   0.0000000E+00   0.0000000E+00
   3.8984902E-01   2.5010088E+05   2.5010088E+05   1.0575636E-01   1.5305238E-01   1.7844803E+00   2.4878763E+05   2.5010088E+05   6.8457897E+04   0.0000000E+00   0.0000000E+00   0.0000000E+00   0.0000000E+00
   4.0352276E-01   2.3589571E+05   2.3589571E+05   9.3184201E-02   1.3474209E-01   1.5744178E+00   2.3465696E+05   2.3589571E+05   6.4569618E+04   0.0000000E+00   0.0000000E+00   0.0000000E+00   0.0000000E+00
   4.1781317E-01   2.2300798E+05   2.2300798E+05   8.2179607E-02   1.1881632E-01   1.3889754E+00   2.2183683E+05   2.2300798E+05   6.1041955E+04   0.0000000E+00   0.0000000E+00   0.0000000E+00   0.0000000E+00
   4.3277610E-01   2.1170778E+05   2.1170778E+05   7.2579768E-02   1.0513086E-01   1.2317122E+00   2.1059590E+05   2.1170778E+05   5.7948834E+04   0.0000000E+00   0.0000000E+00   0.0000000E+00   0.0000000E+00
   4.4847693E-01   2.0057815E+05   2.0057815E+05   6.4085850E-02   9.2752045E-02   1.0891849E+00   1.9952465E+05   2.0057815E+05   5.4902405E+04   0.0000000E+00   0.0000000E+00   0.0000000E+00   0.0000000E+00
   4.6499270E-01   1.8906857E+05   1.8906857E+05   5.6095210E-02   8.1329505E-02   9.5627472E-01   1.8807547E+05   1.8906857E+05   5.1751978E+04   0.0000000E+00   0.0000000E+00   0.0000000E+00   0.0000000E+00
   4.8241492E-01   1.7815581E+05   1.7815581E+05   4.9160681E-02   7.1200016E-02   8.3824403E-01   1.7721997E+05   1.7815581E+05   4.8764916E+04   0.0000000E+00   0.0000000E+00   0.0000000E+00   0.0000000E+00
   5.0085308E-01   1.6814959E+05   1.6814959E+05   4.3010870E-02   6.2344315E-02   7.3526038E-01   1.6726627E+05   1.6814959E+05   4.6025995E+04   0.0000000E+00   0.0000000E+00   0.0000000E+00   0.0000000E+00
   5.2043934E-01   1.5824318E+05   1.5824318E+05   3.7479908E-02   5.4338412E-02   6.4190406E-01   1.5741186E+05   1.5824318E+05   4.3314396E+04   0.0000000E+00   0.0000000E+00   0.0000000E+00   0.0000000E+00
   5.4133435E-01   1.4843620E+05   1.4843620E+05   3.2511971E-02   4.7111982E-02   5.5780572E-01   1.4765637E+05   1.4843620E+05   4.0630017E+04   0.0000000E+00   0.0000000E+00   0.0000000E+00   0.0000000E+00
   5.6373497E-01   1.3919056E+05   1.3919056E+05   2.8103596E-02   4.0736415E-02   4.8286859E-01   1.3845926E+05   1.3919056E+05   3.8099287E+04   0.0000000E+00   0.0000000E+00   0.0000000E+00   0.0000000E+00
   5.8788386E-01   1.3014723E+05   1.3014723E+05   2.4153537E-02   3.5024761E-02   4.1561045E-01   1.2946342E+05   1.3014723E+05   3.5623937E+04   0.0000000E+00   0.0000000E+00   0.0000000E+00   0.0000000E+00
   6.1408140E-01   1.2127005E+05   1.2127005E+05   2.0625206E-02   2.9910620E-02   3.5577344E-01   1.2063285E+05   1.2127005E+05   3.3194064E+04   0.0000000E+00   0.0000000E+00   0.0000000E+00   0.0000000E+00
   6.4269954E-01   1.1270468E+05   1.1270468E+05   1.7498432E-02   2.5377568E-02   3.0223352E-01   1.1211246E+05   1.1270468E+05   3.0849542E+04   0.0000000E+00   0.0000000E+00   0.0000000E+00   0.0000000E+00
   6.7419611E-01   1.0427085E+05   1.0427085E+05   1.4710868E-02   2.1336090E-02   2.5433810E-01   1.0372292E+05   1.0427085E+05   2.8541027E+04   0.0000000E+00   0.0000000E+00   0.0000000E+00   0.0000000E+00
   7.0912549E-01   9.6059475E+04   9.6059475E+04   1.2249003E-02   1.7767190E-02   2.1204009E-01   9.5554684E+04   9.6059475E+04   2.6293405E+04   0.0000000E+00   0.0000000E+00   0.0000000E+00   0.0000000E+00
   7.4813682E-01   8.8013601E+04   8.8013601E+04   1.0078477E-02   1.4625570E-02   1.7508755E-01   8.7551074E+04   8.8013601E+04   2.4091083E+04   0.0000000E+00   0.0000000E+00   0.0000000E+00   0.0000000E+00
   7.9194556E-01   8.0182223E+04   8.0182223E+04   8.1973323E-03   1.1890848E-02   1.4256753E-01   7.9760836E+04   8.0182223E+04   2.1947474E+04   0.0000000E+00   0.0000000E+00   0.0000000E+00   0.0000000E+00
   8.4126254E-01   7.2601047E+04   7.2601047E+04   6.5765048E-03   9.5412554E-03   1.1452169E-01   7.2219490E+04   7.2601047E+04   1.9872352E+04   0.0000000E+00   0.0000000E+00   0.0000000E+00   0.0000000E+00
   8.9668067E-01   6.5344847E+04   6.5344847E+04   5.2093504E-03   7.5589556E-03   9.0959766E-02   6.5001415E+04   6.5344847E+04   1.7886183E+04   0.0000000E+00   0.0000000E+00   0.0000000E+00   0.0000000E+00
   9.5856259E-01   5.8505370E+04   5.8505370E+04   4.0807538E-03   5.9221739E-03   7.1331542E-02   5.8197875E+04   5.8505370E+04   1.6014080E+04   0.0000000E+00   0.0000000E+00   0.0000000E+00   0.0000000E+00
   1.0270111E+00   5.2164722E+04   5.2164722E+04   3.1695828E-03   4.5999518E-03   5.5420448E-02   5.1890545E+04   5.2164722E+04   1.4278517E+04   0.0000000E+00   0.0000000E+00   0.0000000E+00   0.0000000E+00
   1.1019687E+00   4.6376011E+04   4.6376011E+04   2.4484078E-03   3.5520729E-03   4.2850810E-02   4.6132254E+04   4.6376011E+04   1.2694030E+04   0.0000000E+00   0.0000000E+00   0.0000000E+00   0.0000000E+00
   1.1833836E+00   4.1154148E+04   4.1154148E+04   1.8833859E-03   2.7333158E-03   3.3089074E-02   4.0937834E+04   4.1154148E+04   1.1264702E+04   0.0000000E+00   0.0000000E+00   0.0000000E+00   0.0000000E+00
   1.2713329E+00   3.6479089E+04   3.6479089E+04   1.4462811E-03   2.0991964E-03   2.5414204E-02   3.6287344E+04   3.6479089E+04   9.9850455E+03   0.0000000E+00   0.0000000E+00   0.0000000E+00   0.0000000E+00
   1.3660565E+00   3.2311469E+04   3.2311469E+04   1.1094521E-03   1.6104504E-03   1.9531122E-02   3.2141627E+04   3.2311469E+04   8.8442849E+03   0.0000000E+00   0.0000000E+00   0.0000000E+00   0.0000000E+00
   1.4679329E+00   2.8605099E+04   2.8605099E+04   8.5144305E-04   1.2346943E-03   1.5013560E-02   2.8454738E+04   2.8605099E+04   7.8297782E+03   0.0000000E+00   0.0000000E+00   0.0000000E+00   0.0000000E+00
   1.5774400E+00   2.5312462E+04   2.5312462E+04   6.5176709E-04   9.4614440E-04   1.1503125E-02   2.5179407E+04   2.5312462E+04   6.9285183E+03   0.0000000E+00   0.0000000E+00   0.0000000E+00   0.0000000E+00
   1.6951264E+00   2.2389919E+04   2.2389919E+04   4.9920510E-04   7.2473211E-04   8.8231202E-03   2.2272225E+04   2.2389919E+04   6.1285605E+03   0.0000000E+00   0.0000000E+00   0.0000000E+00   0.0000000E+00
   1.8215955E+00   1.9797068E+04   1.9797068E+04   3.8221561E-04   5.5491518E-04   6.7693564E-03   1.9693002E+04   1.9797068E+04   5.4188459E+03   0.0000000E+00   0.0000000E+00   0.0000000E+00   0.0000000E+00
   1.9575006E+00   1.7498044E+04   1.7498044E+04   2.9253797E-04   4.2473280E-04   5.1712210E-03   1.7406063E+04   1.7498044E+04   4.7895579E+03   0.0000000E+00   0.0000000E+00   0.0000000E+00   0.0000000E+00
   2.1035455E+00   1.5460396E+04   1.5460396E+04   2.2367847E-04   3.2497315E-04   3.9678571E-03   1.5379126E+04   1.5460396E+04   4.2318135E+03   0.0000000E+00   0.0000000E+00   0.0000000E+00   0.0000000E+00
   2.2604864E+00   1.3655254E+04   1.3655254E+04   1.7122546E-04   2.4855774E-04   3.0264759E-03   1.3583472E+04   1.3655254E+04   3.7377106E+03   0.0000000E+00   0.0000000E+00   0.0000000E+00   0.0000000E+00
   2.4291364E+00   1.2056798E+04   1.2056798E+04   1.3090369E-04   1.9004664E-04   2.3251664E-03   1.1993419E+04   1.2056798E+04   3.3001818E+03   0.0000000E+00   0.0000000E+00   0.0000000E+00   0.0000000E+00
   2.6103690E+00   1.0641939E+04   1.0641939E+04   1.0004962E-04   1.4526124E-04   1.7819326E-03   1.0585996E+04   1.0641939E+04   2.9129069E+03   0.0000000E+00   0.0000000E+00   0.0000000E+00   0.0000000E+00
   2.8051230E+00   9.3901012E+03   9.3901012E+03   7.6444959E-05   1.1099419E-04   1.3565132E-03   9.3407394E+03   9.3901012E+03   2.5702545E+03   0.0000000E+00   0.0000000E+00   0.0000000E+00   0.0000000E+00
   3.0144071E+00   8.2829428E+03   8.2829428E+03   5.8396581E-05   8.4784353E-05   1.0397672E-03   8.2394010E+03   8.2829428E+03   2.2672035E+03   0.0000000E+00   0.0000000E+00   0.0000000E+00   0.0000000E+00
   3.2393055E+00   7.3041170E+03   7.3041170E+03   4.4586312E-05   6.4744070E-05   7.9228236E-04   7.2657205E+03   7.3041170E+03   1.9992797E+03   0.0000000E+00   0.0000000E+00   0.0000000E+00   0.0000000E+00
   3.4809830E+00   6.4390688E+03   6.4390688E+03   3.4042371E-05   4.9426149E-05   6.0316247E-04   6.4052197E+03   6.4390688E+03   1.7624991E+03   0.0000000E+00   0.0000000E+00   0.0000000E+00   0.0000000E+00
   3.7406916E+00   5.6748476E+03   5.6748476E+03   2.5979796E-05   3.7721550E-05   4.6021978E-04   5.6450159E+03   5.6748476E+03   1.5533168E+03   0.0000000E+00   0.0000000E+00   0.0000000E+00   0.0000000E+00
   4.0197765E+00   4.9999367E+03   4.9999367E+03   1.9821755E-05   2.8780724E-05   3.5271681E-04   4.9736528E+03   4.9999367E+03   1.3685805E+03   0.0000000E+00   0.0000000E+00   0.0000000E+00   0.0000000E+00
   4.3196833E+00   4.4041005E+03   4.4041005E+03   1.5117661E-05   2.1953138E-05   2.6812747E-04   4.3809487E+03   4.4041005E+03   1.2054884E+03   0.0000000E+00   0.0000000E+00   0.0000000E+00   0.0000000E+00
   4.6419655E+00   3.8782471E+03   3.8782471E+03   1.1530029E-05   1.6740845E-05   2.0408953E-04   3.8578597E+03   3.8782471E+03   1.0615521E+03   0.0000000E+00   0.0000000E+00   0.0000000E+00   0.0000000E+00
   4.9882924E+00   3.4143047E+03   3.4143047E+03   8.7897955E-06   1.2762832E-05   1.5675957E-04   3.3963561E+03   3.4143047E+03   9.3456194E+02   0.0000000E+00   0.0000000E+00   0.0000000E+00   0.0000000E+00
   5.3604581E+00   3.0051108E+03   3.0051108E+03   6.6976589E-06   9.7276650E-06   1.1910206E-04   2.9893133E+03   3.0051108E+03   8.2255757E+02   0.0000000E+00   0.0000000E+00   0.0000000E+00   0.0000000E+00
   5.7603902E+00   2.6443132E+03   2.6443132E+03   5.1049782E-06   7.4125025E-06   9.0892663E-05   2.6304123E+03   2.6443132E+03   7.2380021E+02   0.0000000E+00   0.0000000E+00   0.0000000E+00   0.0000000E+00
   6.1901604E+00   2.3262807E+03   2.3262807E+03   3.8888063E-06   5.6470095E-06   6.8638610E-05   2.3140517E+03   2.3262807E+03   6.3674851E+02   0.0000000E+00   0.0000000E+00   0.0000000E+00   0.0000000E+00
   6.6519949E+00   2.0460240E+03   2.0460240E+03   2.9625543E-06   4.3010278E-06   5.3620213E-05   2.0352683E+03   2.0460240E+03   5.6003676E+02   0.0000000E+00   0.0000000E+00   0.0000000E+00   0.0000000E+00
   7.1482858E+00   1.7991241E+03   1.7991241E+03   2.2555364E-06   3.2751301E-06   4.0904548E-05   1.7896663E+03   1.7991241E+03   4.9245544E+02   0.0000000E+00   0.0000000E+00   0.0000000E+00   0.0000000E+00
   7.6816038E+00   1.5816692E+03   1.5816692E+03   1.7172899E-06   2.4933882E-06   3.1121377E-05   1.5733545E+03   1.5816692E+03   4.3293376E+02   0.0000000E+00   0.0000000E+00   0.0000000E+00   0.0000000E+00
   8.2547116E+00   1.3901974E+03   1.3901974E+03   1.3069509E-06   1.8978357E-06   2.3896436E-05   1.3828893E+03   1.3901974E+03   3.8052420E+02   0.0000000E+00   0.0000000E+00   0.0000000E+00   0.0000000E+00
   8.8705777E+00   1.2216470E+03   1.2216470E+03   9.9471590E-07   1.4442321E-06   1.7753538E-05   1.2152249E+03   1.2216470E+03   3.3438865E+02   0.0000000E+00   0.0000000E+00   0.0000000E+00   0.0000000E+00
   9.5323923E+00   1.0733105E+03   1.0733105E+03   7.5665816E-07   1.0988215E-06   1.3688441E-05   1.0676682E+03   1.0733105E+03   2.9378605E+02   0.0000000E+00   0.0000000E+00   0.0000000E+00   0.0000000E+00
   1.0243583E+01   9.4279502E+02   9.4279502E+02   5.7564787E-07   8.3585543E-07   1.0142468E-05   9.3783883E+02   9.4279502E+02   2.5806142E+02   0.0000000E+00   0.0000000E+00   0.0000000E+00   0.0000000E+00
