#           k/h    CDM            baryon         photon         nu             mass_nu        total          no_nu          total_de       Weyl           v_CDM          v_b            v_b-v_c     
   1.0323969E-05   4.1310936E+06   4.1310936E+06   5.5075919E+06   1.1180838E+04   3.6831765E+04   4.1312897E+06   4.1310936E+06   4.0932789E+06   0.0000000E+00   0.0000000E+00   0.0000000E+00   0.0000000E+00
   1.1094218E-05   4.1310930E+06   4.1310930E+06   5.5075086E+06   1.1180732E+04   3.6831410E+04   4.1312890E+06   4.1310930E+06   4.0932782E+06   0.0000000E+00   0.0000000E+00   0.0000000E+00   0.0000000E+00
   1.1921934E-05   4.1310922E+06   4.1310922E+06   5.5074124E+06   1.1180610E+04   3.6831000E+04   4.1312882E+06   4.1310922E+06   4.0932774E+06   0.0000000E+00   0.0000000E+00   0.0000000E+00   0.0000000E+00
   1.2811403E-05   4.1310914E+06   4.1310914E+06   5.5073013E+06   1.1180468E+04   3.6830527E+04   4.1312872E+06   4.1310914E+06   4.0932765E+06   0.0000000E+00   0.0000000E+00   0.0000000E+00   0.0000000E+00
   1.3767234E-05   4.1310904E+06   4.1310904E+06   5.5071730E+06   1.1180305E+04   3.6829981E+04   4.1312862E+06   4.1310904E+06   4.0932754E+06   0.0000000E+00   0.0000000E+00   0.0000000E+00   0.0000000E+00
   1.4794378E-05   4.1310893E+06   4.1310893E+06   5.5070248E+06   1.1180116E+04   3.6829350E+04   4.1312849E+06   4.1310893E+06   4.0932742E+06   0.0000000E+00   0.0000000E+00   0.0000000E+00   0.0000000E+00
   1.5898154E-05   4.1310880E+06   4.1310880E+06   5.5068537E+06   1.1179898E+04   3.6828622E+04   4.1312835E+06   4.1310880E+06   4.0932728E+06   0.0000000E+00   0.0000000E+00   0.0000000E+00   0.0000000E+00
   1.7084281E-05   4.1310865E+06   4.1310865E+06   5.5066562E+06   1.1179647E+04   3.6827781E+04   4.1312819E+06   4.1310865E+06   4.0932711E+06   0.0000000E+00   0.0000000E+00   0.0000000E+00   0.0000000E+00
   1.8358902E-05   4.1310847E+06   4.1310847E+06   5.5064280E+06   1.1179356E+04   3.6826810E+04   4.1312800E+06   4.1310847E+06   4.0932693E+06   0.0000000E+00   0.0000000E+00   0.0000000E+00   0.0000000E+00
   1.9728620E-05   4.1310827E+06   4.1310827E+06   5.5061646E+06   1.1179021E+04   3.6825689E+04   4.1312778E+06   4.1310827E+06   4.0932671E+06   0.0000000E+00   0.0000000E+00   0.0000000E+00   0.0000000E+00
   2.1200529E-05   4.1310804E+06   4.1310804E+06   5.5058604E+06   1.1178634E+04   3.6824394E+04   4.1312752E+06   4.1310804E+06   4.0932646E+06   0.0000000E+00   0.0000000E+00   0.0000000E+00   0.0000000E+00
   2.2782255E-05   4.1310777E+06   4.1310777E+06   5.5055091E+06   1.1178187E+04   3.6822899E+04   4.1312723E+06   4.1310777E+06   4.0932617E+06   0.0000000E+00   0.0000000E+00   0.0000000E+00   0.0000000E+00
   2.4481989E-05   4.1310746E+06   4.1310746E+06   5.5051035E+06   1.1177670E+04   3.6821173E+04   4.1312689E+06   4.1310746E+06   4.0932583E+06   0.0000000E+00   0.0000000E+00   0.0000000E+00   0.0000000E+00
   2.6308537E-05   4.1310711E+06   4.1310711E+06   5.5046352E+06   1.1177074E+04   3.6819180E+04   4.1312650E+06   4.1310711E+06   4.0932544E+06   0.0000000E+00   0.0000000E+00   0.0000000E+00   0.0000000E+00
   2.8271360E-05   4.1310669E+06   4.1310669E+06   5.5040944E+06   1.1176385E+04   3.6816879E+04   4.1312605E+06   4.1310669E+06   4.0932500E+06   0.0000000E+00   0.0000000E+00   0.0000000E+00   0.0000000E+00
   3.0380625E-05   4.1310622E+06   4.1310622E+06   5.5034700E+06   1.1175590E+04   3.6814222E+04   4.1312553E+06   4.1310622E+06   4.0932448E+06   0.0000000E+00   0.0000000E+00   0.0000000E+00   0.0000000E+00
   3.2647257E-05   4.1310567E+06   4.1310567E+06   5.5027490E+06   1.1174672E+04   3.6811155E+04   4.1312493E+06   4.1310567E+06   4.0932388E+06   0.0000000E+00   0.0000000E+00   0.0000000E+00   0.0000000E+00
   3.5082998E-05   4.1310503E+06   4.1310503E+06   5.5019165E+06   1.1173612E+04   3.6807614E+04   4.1312423E+06   4.1310503E+06   4.0932320E+06   0.0000000E+00   0.0000000E+00   0.0000000E+00   0.0000000E+00
   3.7700465E-05   4.1310430E+06   4.1310430E+06   5.5009553E+06   1.1172388E+04   3.6803526E+04   4.1312343E+06   4.1310430E+06   4.0932240E+06   0.0000000E+00   0.0000000E+00   0.0000000E+00   0.0000000E+00
   4.0513214E-05   4.1310345E+06   4.1310345E+06   5.4998455E+06   1.1170975E+04   3.6798806E+04   4.1312250E+06   4.1310345E+06   4.0932148E+06   0.0000000E+00   0.0000000E+00   0.0000000E+00   0.0000000E+00
   4.3535817E-05   4.1310247E+06   4.1310247E+06   5.4985642E+06   1.1169343E+04   3.6793359E+04   4.1312143E+06   4.1310247E+06   4.0932042E+06   0.0000000E+00   0.0000000E+00   0.0000000E+00   0.0000000E+00
   4.6783930E-05   4.1310134E+06   4.1310134E+06   5.4970850E+06   1.1167460E+04   3.6787071E+04   4.1312019E+06   4.1310134E+06   4.0931920E+06   0.0000000E+00   0.0000000E+00   0.0000000E+00   0.0000000E+00
   5.0274377E-05   4.1310004E+06   4.1310004E+06   5.4953773E+06   1.1165284E+04   3.6779814E+04   4.1311877E+06   4.1310004E+06   4.0931778E+06   0.0000000E+00   0.0000000E+00   0.0000000E+00   0.0000000E+00
   5.4025240E-05   4.1309853E+06   4.1309853E+06   5.4934059E+06   1.1162773E+04   3.6771438E+04   4.1311712E+06   4.1309853E+06   4.0931615E+06   0.0000000E+00   0.0000000E+00   0.0000000E+00   0.0000000E+00
   5.8055945E-05   4.1309679E+06   4.1309679E+06   5.4911302E+06   1.1159874E+04   3.6761773E+04   4.1311522E+06   4.1309679E+06   4.0931427E+06   0.0000000E+00   0.0000000E+00   0.0000000E+00   0.0000000E+00
   6.2387373E-05   4.1309479E+06   4.1309479E+06   5.4885033E+06   1.1156528E+04   3.6750621E+04   4.1311302E+06   4.1309479E+06   4.0931209E+06   0.0000000E+00   0.0000000E+00   0.0000000E+00   0.0000000E+00
   6.7041960E-05   4.1309247E+06   4.1309247E+06   5.4854714E+06   1.1152664E+04   3.6737755E+04   4.1311048E+06   4.1309247E+06   4.0930958E+06   0.0000000E+00   0.0000000E+00   0.0000000E+00   0.0000000E+00
   7.2043815E-05   4.1308979E+06   4.1308979E+06   5.4819722E+06   1.1148205E+04   3.6722914E+04   4.1310756E+06   4.1308979E+06   4.0930668E+06   0.0000000E+00   0.0000000E+00   0.0000000E+00   0.0000000E+00
   7.7418847E-05   4.1308670E+06   4.1308670E+06   5.4779340E+06   1.1143058E+04   3.6705797E+04   4.1310417E+06   4.1308670E+06   4.0930333E+06   0.0000000E+00   0.0000000E+00   0.0000000E+00   0.0000000E+00
   8.3194899E-05   4.1308313E+06   4.1308313E+06   5.4732744E+06   1.1137117E+04   3.6686059E+04   4.1310027E+06   4.1308313E+06   4.0929946E+06   0.0000000E+00   0.0000000E+00   0.0000000E+00   0.0000000E+00
   8.9401890E-05   4.1307901E+06   4.1307901E+06   5.4678982E+06   1.1130262E+04   3.6663304E+04   4.1309576E+06   4.1307901E+06   4.0929500E+06   0.0000000E+00   0.0000000E+00   0.0000000E+00   0.0000000E+00
   9.6071971E-05   4.1307425E+06   4.1307425E+06   5.4616961E+06   1.1122351E+04   3.6637077E+04   4.1309056E+06   4.1307425E+06   4.0928984E+06   0.0000000E+00   0.0000000E+00   0.0000000E+00   0.0000000E+00
   1.0323969E-04   4.1306876E+06   4.1306876E+06   5.4545425E+06   1.1113223E+04   3.6606858E+04   4.1308455E+06   4.1306876E+06   4.0928389E+06   0.0000000E+00   0.0000000E+00   0.0000000E+00   0.0000000E+00
   1.1094218E-04   4.1306242E+06   4.1306242E+06   5.4462928E+06   1.1102694E+04   3.6572052E+04   4.1307762E+06   4.1306242E+06   4.0927702E+06   0.0000000E+00   0.0000000E+00   0.0000000E+00   0.0000000E+00
   1.1921934E-04   4.1305510E+06   4.1305510E+06   5.4367810E+06   1.1090548E+04   3.6531977E+04   4.1306961E+06   4.1305510E+06   4.0926909E+06   0.0000000E+00   0.0000000E+00   0.0000000E+00   0.0000000E+00
   1.2811403E-04   4.1304666E+06   4.1304666E+06   5.4258167E+06   1.1076541E+04   3.6485858E+04   4.1306037E+06   4.1304666E+06   4.0925994E+06   0.0000000E+00   0.0000000E+00   0.0000000E+00   0.0000000E+00
   1.3767234E-04   4.1303691E+06   4.1303691E+06   5.4131816E+06   1.1060391E+04   3.6432812E+04   4.1304971E+06   4.1303691E+06   4.0924937E+06   0.0000000E+00   0.0000000E+00   0.0000000E+00   0.0000000E+00
   1.4794378E-04   4.1302565E+06   4.1302565E+06   5.3986259E+06   1.1041774E+04   3.6371837E+04   4.1303740E+06   4.1302565E+06   4.0923718E+06   0.0000000E+00   0.0000000E+00   0.0000000E+00   0.0000000E+00
   1.5898154E-04   4.1301267E+06   4.1301267E+06   5.3818639E+06   1.1020319E+04   3.6301796E+04   4.1302319E+06   4.1301267E+06   4.0922311E+06   0.0000000E+00   0.0000000E+00   0.0000000E+00   0.0000000E+00
   1.7084281E-04   4.1299768E+06   4.1299768E+06   5.3625693E+06   1.0995601E+04   3.6221409E+04   4.1300680E+06   4.1299768E+06   4.0920687E+06   0.0000000E+00   0.0000000E+00   0.0000000E+00   0.0000000E+00
   1.8358902E-04   4.1298039E+06   4.1298039E+06   5.3403708E+06   1.0967136E+04   3.6129236E+04   4.1298790E+06   4.1298039E+06   4.0918814E+06   0.0000000E+00   0.0000000E+00   0.0000000E+00   0.0000000E+00
   1.9728620E-04   4.1296044E+06   4.1296044E+06   5.3148458E+06   1.0934367E+04   3.6023668E+04   4.1296608E+06   4.1296044E+06   4.0916653E+06   0.0000000E+00   0.0000000E+00   0.0000000E+00   0.0000000E+00
   2.1200529E-04   4.1293744E+06   4.1293744E+06   5.2855155E+06   1.0896664E+04   3.5902915E+04   4.1294093E+06   4.1293744E+06   4.0914161E+06   0.0000000E+00   0.0000000E+00   0.0000000E+00   0.0000000E+00
   2.2782255E-04   4.1291090E+06   4.1291090E+06   5.2518385E+06   1.0853306E+04   3.5764998E+04   4.1291191E+06   4.1291090E+06   4.0911287E+06   0.0000000E+00   0.0000000E+00   0.0000000E+00   0.0000000E+00
   2.4481989E-04   4.1288030E+06   4.1288030E+06   5.2132050E+06   1.0803480E+04   3.5607755E+04   4.1287847E+06   4.1288030E+06   4.0907974E+06   0.0000000E+00   0.0000000E+00   0.0000000E+00   0.0000000E+00
   2.6308537E-04   4.1284503E+06   4.1284503E+06   5.1689311E+06   1.0746263E+04   3.5428839E+04   4.1283991E+06   4.1284503E+06   4.0904155E+06   0.0000000E+00   0.0000000E+00   0.0000000E+00   0.0000000E+00
   2.8271360E-04   4.1280438E+06   4.1280438E+06   5.1182539E+06   1.0680615E+04   3.5225744E+04   4.1279549E+06   4.1280438E+06   4.0899754E+06   0.0000000E+00   0.0000000E+00   0.0000000E+00   0.0000000E+00
   3.0380625E-04   4.1275755E+06   4.1275755E+06   5.0603270E+06   1.0605370E+04   3.4995837E+04   4.1274432E+06   4.1275755E+06   4.0894685E+06   0.0000000E+00   0.0000000E+00   0.0000000E+00   0.0000000E+00
   3.2647257E-04   4.1270361E+06   4.1270361E+06   4.9942190E+06   1.0519224E+04   3.4736414E+04   4.1268539E+06   4.1270361E+06   4.0888847E+06   0.0000000E+00   0.0000000E+00   0.0000000E+00   0.0000000E+00
   3.5082998E-04   4.1264152E+06   4.1264152E+06   4.9189141E+06   1.0420731E+04   3.4444786E+04   4.1261757E+06   4.1264152E+06   4.0882128E+06   0.0000000E+00   0.0000000E+00   0.0000000E+00   0.0000000E+00
   3.7700465E-04   4.1257006E+06   4.1257006E+06   4.8333162E+06   1.0308294E+04   3.4118398E+04   4.1253954E+06   4.1257006E+06   4.0874399E+06   0.0000000E+00   0.0000000E+00   0.0000000E+00   0.0000000E+00
   4.0513214E-04   4.1248787E+06   4.1248787E+06   4.7362602E+06   1.0180172E+04   3.3754997E+04   4.1244983E+06   4.1248787E+06   4.0865512E+06   0.0000000E+00   0.0000000E+00   0.0000000E+00   0.0000000E+00
   4.3535817E-04   4.1239341E+06   4.1239341E+06   4.6265293E+06   1.0034475E+04   3.3352853E+04   4.1234675E+06   4.1239341E+06   4.0855301E+06   0.0000000E+00   0.0000000E+00   0.0000000E+00   0.0000000E+00
   4.6783930E-04   4.1228490E+06   4.1228490E+06   4.5028830E+06   9.8691922E+03   3.2911050E+04   4.1222840E+06   4.1228490E+06   4.0843576E+06   0.0000000E+00   0.0000000E+00   0.0000000E+00   0.0000000E+00
   5.0274377E-04   4.1216036E+06   4.1216036E+06   4.3640980E+06   9.6822083E+03   3.2429841E+04   4.1209263E+06   4.1216036E+06   4.0830126E+06   0.0000000E+00   0.0000000E+00   0.0000000E+00   0.0000000E+00
   5.4025240E-04   4.1201756E+06   4.1201756E+06   4.2090251E+06   9.4713522E+03   3.1911094E+04   4.1193703E+06   4.1201756E+06   4.0814711E+06   0.0000000E+00   0.0000000E+00   0.0000000E+00   0.0000000E+00
   5.8055945E-04   4.1185396E+06   4.1185396E+06   4.0366647E+06   9.2344582E+03   3.1358794E+04   4.1175889E+06   4.1185396E+06   4.0797064E+06   0.0000000E+00   0.0000000E+00   0.0000000E+00   0.0000000E+00
   6.2387373E-04   4.1166677E+06   4.1166677E+06   3.8462658E+06   8.9694540E+03   3.0779609E+04   4.1155521E+06   4.1166677E+06   4.0776887E+06   0.0000000E+00   0.0000000E+00   0.0000000E+00   0.0000000E+00
   6.7041960E-04   4.1145286E+06   4.1145286E+06   3.6374486E+06   8.6744782E+03   3.0183455E+04   4.1132266E+06   4.1145286E+06   4.0753849E+06   0.0000000E+00   0.0000000E+00   0.0000000E+00   0.0000000E+00
   7.2043815E-04   4.1120878E+06   4.1120878E+06   3.4103538E+06   8.3480327E+03   2.9583993E+04   4.1105757E+06   4.1120878E+06   4.0727587E+06   0.0000000E+00   0.0000000E+00   0.0000000E+00   0.0000000E+00
   7.7418847E-04   4.1093071E+06   4.1093071E+06   3.1658130E+06   7.9891723E+03   2.8998934E+04   4.1075593E+06   4.1093071E+06   4.0697703E+06   0.0000000E+00   0.0000000E+00   0.0000000E+00   0.0000000E+00
   8.3194899E-04   4.1061451E+06   4.1061451E+06   2.9055356E+06   7.5977316E+03   2.8449948E+04   4.1041337E+06   4.1061451E+06   4.0663767E+06   0.0000000E+00   0.0000000E+00   0.0000000E+00   0.0000000E+00
   8.9401890E-04   4.1025567E+06   4.1025567E+06   2.6322949E+06   7.1745838E+03   2.7961957E+04   4.1002522E+06   4.1025567E+06   4.0625312E+06   0.0000000E+00   0.0000000E+00   0.0000000E+00   0.0000000E+00
   9.6071971E-04   4.0984933E+06   4.0984933E+06   2.3500891E+06   6.7219202E+03   2.7561465E+04   4.0958648E+06   4.0984933E+06   4.0581846E+06   0.0000000E+00   0.0000000E+00   0.0000000E+00   0.0000000E+00
   1.0323969E-03   4.0939033E+06   4.0939033E+06   2.0642390E+06   6.2435229E+03   2.7273604E+04   4.0909188E+06   4.0939033E+06   4.0532844E+06   0.0000000E+00   0.0000000E+00   0.0000000E+00   0.0000000E+00
   1.1094218E-03   4.0887317E+06   4.0887317E+06   1.7813718E+06   5.7449953E+03   2.7117595E+04   4.0853592E+06   4.0887317E+06   4.0477764E+06   0.0000000E+00   0.0000000E+00   0.0000000E+00   0.0000000E+00
   1.1921934E-03   4.0829208E+06   4.0829208E+06   1.5092259E+06   5.2338913E+03   2.7100535E+04   4.0791293E+06   4.0829208E+06   4.0416040E+06   0.0000000E+00   0.0000000E+00   0.0000000E+00   0.0000000E+00
   1.2811403E-03   4.0764105E+06   4.0764105E+06   1.2562114E+06   4.7196733E+03   2.7209852E+04   4.0721707E+06   4.0764105E+06   4.0347096E+06   0.0000000E+00   0.0000000E+00   0.0000000E+00   0.0000000E+00
   1.3767234E-03   4.0691381E+06   4.0691381E+06   1.0306716E+06   4.2134134E+03   2.7405521E+04   4.0644245E+06   4.0691381E+06   4.0270346E+06   0.0000000E+00   0.0000000E+00   0.0000000E+00   0.0000000E+00
   1.4794378E-03   4.0610386E+06   4.0610386E+06   8.3983202E+05   3.7271600E+03   2.7614250E+04   4.0558305E+06   4.0610386E+06   4.0185196E+06   0.0000000E+00   0.0000000E+00   0.0000000E+00   0.0000000E+00
   1.5898154E-03   4.0520443E+06   4.0520443E+06   6.8850767E+05   3.2729203E+03   2.7729108E+04   4.0463277E+06   4.0520443E+06   4.0091039E+06   0.0000000E+00   0.0000000E+00   0.0000000E+00   0.0000000E+00
   1.7084281E-03   4.0420842E+06   4.0420842E+06   5.7776540E+05   2.8612833E+03   2.7619080E+04   4.0358534E+06   4.0420842E+06   3.9987254E+06   0.0000000E+00   0.0000000E+00   0.0000000E+00   0.0000000E+00
   1.8358902E-03   4.0310833E+06   4.0310833E+06   5.0389997E+05   2.4998283E+03   2.7152794E+04   4.0243418E+06   4.0310833E+06   3.9873189E+06   0.0000000E+00   0.0000000E+00   0.0000000E+00   0.0000000E+00
   1.9728620E-03   4.0189614E+06   4.0189614E+06   4.5822365E+05   2.1916249E+03   2.6237677E+04   4.0117225E+06   4.0189614E+06   3.9748146E+06   0.0000000E+00   0.0000000E+00   0.0000000E+00   0.0000000E+00
   2.1200529E-03   4.0056326E+06   4.0056326E+06   4.2819450E+05   1.9342959E+03   2.4868726E+04   3.9979188E+06   4.0056326E+06   3.9611366E+06   0.0000000E+00   0.0000000E+00   0.0000000E+00   0.0000000E+00
   2.2782255E-03   3.9910052E+06   3.9910052E+06   4.0017249E+05   1.7201884E+03   2.3169685E+04   3.9828463E+06   3.9910052E+06   3.9462011E+06   0.0000000E+00   0.0000000E+00   0.0000000E+00   0.0000000E+00
   2.4481989E-03   3.9749822E+06   3.9749822E+06   3.6347442E+05   1.5380594E+03   2.1397555E+04   3.9664127E+06   3.9749822E+06   3.9299170E+06   0.0000000E+00   0.0000000E+00   0.0000000E+00   0.0000000E+00
   2.6308537E-03   3.9574638E+06   3.9574638E+06   3.1443531E+05   1.3762090E+03   1.9878852E+04   3.9485192E+06   3.9574638E+06   3.9121862E+06   0.0000000E+00   0.0000000E+00   0.0000000E+00   0.0000000E+00
   2.8271360E-03   3.9383501E+06   3.9383501E+06   2.5827708E+05   1.2261935E+03   1.8868207E+04   3.9290623E+06   3.9383501E+06   3.8929064E+06   0.0000000E+00   0.0000000E+00   0.0000000E+00   0.0000000E+00
   3.0380625E-03   3.9175431E+06   3.9175431E+06   2.0659800E+05   1.0854341E+03   1.8376839E+04   3.9079375E+06   3.9175431E+06   3.8719740E+06   0.0000000E+00   0.0000000E+00   0.0000000E+00   0.0000000E+00
   3.2647257E-03   3.8949463E+06   3.8949463E+06   1.7021562E+05   9.5687816E+02   1.8091784E+04   3.8850403E+06   3.8949463E+06   3.8492855E+06   0.0000000E+00   0.0000000E+00   0.0000000E+00   0.0000000E+00
   3.5082998E-03   3.8704622E+06   3.8704622E+06   1.5093456E+05   8.4512891E+02   1.7525895E+04   3.8602660E+06   3.8704622E+06   3.8247375E+06   0.0000000E+00   0.0000000E+00   0.0000000E+00   0.0000000E+00
   3.7700465E-03   3.8439871E+06   3.8439871E+06   1.3911384E+05   7.5114550E+02   1.6403498E+04   3.8335075E+06   3.8439871E+06   3.7982236E+06   0.0000000E+00   0.0000000E+00   0.0000000E+00   0.0000000E+00
   4.0513214E-03   3.8154088E+06   3.8154088E+06   1.2184505E+05   6.6993195E+02   1.4993482E+04   3.8046536E+06   3.8154088E+06   3.7696337E+06   0.0000000E+00   0.0000000E+00   0.0000000E+00   0.0000000E+00
   4.3535817E-03   3.7846087E+06   3.7846087E+06   9.6520034E+04   5.9434740E+02   1.3925876E+04   3.7735906E+06   3.7846087E+06   3.7388551E+06   0.0000000E+00   0.0000000E+00   0.0000000E+00   0.0000000E+00
   4.6783930E-03   3.7514685E+06   3.7514685E+06   7.4266568E+04   5.2202737E+02   1.3440780E+04   3.7402066E+06   3.7514685E+06   3.7057771E+06   0.0000000E+00   0.0000000E+00   0.0000000E+00   0.0000000E+00
   5.0274377E-03   3.7158745E+06   3.7158745E+06   6.4677716E+04   4.5694304E+02   1.2951459E+04   3.7043933E+06   3.7158745E+06   3.6702923E+06   0.0000000E+00   0.0000000E+00   0.0000000E+00   0.0000000E+00
   5.4025240E-03   3.6777129E+06   3.6777129E+06   6.0480875E+04   4.0216560E+02   1.1880847E+04   3.6660411E+06   3.6777129E+06   3.6322922E+06   0.0000000E+00   0.0000000E+00   0.0000000E+00   0.0000000E+00
   5.8055945E-03   3.6368682E+06   3.6368682E+06   4.9828505E+04   3.5417931E+02   1.0755133E+04   3.6250365E+06   3.6368682E+06   3.5916641E+06   0.0000000E+00   0.0000000E+00   0.0000000E+00   0.0000000E+00
   6.2387373E-03   3.5932227E+06   3.5932227E+06   3.8822009E+04   3.0922320E+02   1.0253532E+04   3.5812604E+06   3.5932227E+06   3.5482902E+06   0.0000000E+00   0.0000000E+00   0.0000000E+00   0.0000000E+00
   6.7041960E-03   3.5466598E+06   3.5466598E+06   3.6778218E+04   2.6982267E+02   9.6252580E+03   3.5345907E+06   3.5466598E+06   3.5020495E+06   0.0000000E+00   0.0000000E+00   0.0000000E+00   0.0000000E+00
   7.2043815E-03   3.4970575E+06   3.4970575E+06   3.3109804E+04   2.3684265E+02   8.4362322E+03   3.4849023E+06   3.4970575E+06   3.4528179E+06   0.0000000E+00   0.0000000E+00   0.0000000E+00   0.0000000E+00
   7.7418847E-03   3.4442893E+06   3.4442893E+06   2.5458856E+04   2.0608931E+02   7.7839982E+03   3.4320760E+06   3.4442893E+06   3.4004775E+06   0.0000000E+00   0.0000000E+00   0.0000000E+00   0.0000000E+00
   8.3194899E-03   3.3882346E+06   3.3882346E+06   2.4033892E+04   1.7855926E+02   7.1668262E+03   3.3760030E+06   3.3882346E+06   3.3449203E+06   0.0000000E+00   0.0000000E+00   0.0000000E+00   0.0000000E+00
   8.9401890E-03   3.3287724E+06   3.3287724E+06   1.9353058E+04   1.5537531E+02   6.2530529E+03   3.3165589E+06   3.3287724E+06   3.2860231E+06   0.0000000E+00   0.0000000E+00   0.0000000E+00   0.0000000E+00
   9.6071971E-03   3.2657751E+06   3.2657751E+06   1.5864103E+04   1.3417103E+02   5.9057457E+03   3.2536027E+06   3.2657751E+06   3.2236462E+06   0.0000000E+00   0.0000000E+00   0.0000000E+00   0.0000000E+00
   1.0323969E-02   3.1991163E+06   3.1991163E+06   1.3998739E+04   1.1590783E+02   5.1146178E+03   3.1870149E+06   3.1991163E+06   3.1576712E+06   0.0000000E+00   0.0000000E+00   0.0000000E+00   0.0000000E+00
   1.1094218E-02   3.1286708E+06   3.1286708E+06   1.1238266E+04   9.9429060E+01   4.8129184E+03   3.1166797E+06   3.1286708E+06   3.0879833E+06   0.0000000E+00   0.0000000E+00   0.0000000E+00   0.0000000E+00
   1.1921934E-02   3.0543160E+06   3.0543160E+06   1.0032518E+04   8.5610068E+01   4.1019140E+03   3.0424640E+06   3.0543160E+06   3.0144508E+06   0.0000000E+00   0.0000000E+00   0.0000000E+00   0.0000000E+00
   1.2811403E-02   2.9759341E+06   2.9759341E+06   8.6212346E+03   7.3072429E+01   3.7893197E+03   2.9642535E+06   2.9759341E+06   2.9369602E+06   0.0000000E+00   0.0000000E+00   0.0000000E+00   0.0000000E+00
   1.3767234E-02   2.8934211E+06   2.8934211E+06   6.6411255E+03   6.2461084E+01   3.2525707E+03   2.8819467E+06   2.8934211E+06   2.8554111E+06   0.0000000E+00   0.0000000E+00   0.0000000E+00   0.0000000E+00
   1.4794378E-02   2.8066883E+06   2.8066883E+06   6.0970863E+03   5.3145151E+01   2.8458374E+03   2.7954496E+06   2.8066883E+06   2.7697103E+06   0.0000000E+00   0.0000000E+00   0.0000000E+00   0.0000000E+00
   1.5898154E-02   2.7156770E+06   2.7156770E+06   5.0471967E+03   4.4984294E+01   2.5975714E+03   2.7047071E+06   2.7156770E+06   2.6798032E+06   0.0000000E+00   0.0000000E+00   0.0000000E+00   0.0000000E+00
   1.7084281E-02   2.6203694E+06   2.6203694E+06   3.9668692E+03   3.8039724E+01   2.2591795E+03   2.6096998E+06   2.6203694E+06   2.5856706E+06   0.0000000E+00   0.0000000E+00   0.0000000E+00   0.0000000E+00
   1.8358902E-02   2.5208069E+06   2.5208069E+06   3.2535811E+03   3.2032695E+01   1.9144422E+03   2.5104669E+06   2.5208069E+06   2.4873513E+06   0.0000000E+00   0.0000000E+00   0.0000000E+00   0.0000000E+00
   1.9728619E-02   2.4171104E+06   2.4171104E+06   2.7303842E+03   2.6887950E+01   1.6367296E+03   2.4071295E+06   2.4171104E+06   2.3849653E+06   0.0000000E+00   0.0000000E+00   0.0000000E+00   0.0000000E+00
   2.1200528E-02   2.3095081E+06   2.3095081E+06   2.2950878E+03   2.2454355E+01   1.4090504E+03   2.2999141E+06   2.3095081E+06   2.2787371E+06   0.0000000E+00   0.0000000E+00   0.0000000E+00   0.0000000E+00
   2.2782244E-02   2.1983646E+06   2.1983646E+06   1.8769413E+03   1.8675633E+01   1.2065067E+03   2.1891816E+06   2.1983646E+06   2.1690241E+06   0.0000000E+00   0.0000000E+00   0.0000000E+00   0.0000000E+00
   2.4481929E-02   2.0842157E+06   2.0842157E+06   1.5262739E+03   1.5465775E+01   1.0438721E+03   2.0754665E+06   2.0842157E+06   2.0563560E+06   0.0000000E+00   0.0000000E+00   0.0000000E+00   0.0000000E+00
   2.6308251E-02   1.9678063E+06   1.9678063E+06   1.3039122E+03   1.2746537E+01   8.9191285E+02   1.9595086E+06   1.9678063E+06   1.9414659E+06   0.0000000E+00   0.0000000E+00   0.0000000E+00   0.0000000E+00
   2.8270168E-02   1.8501321E+06   1.8501321E+06   1.0761725E+03   1.0463170E+01   7.3132214E+02   1.8422989E+06   1.8501321E+06   1.8253354E+06   0.0000000E+00   0.0000000E+00   0.0000000E+00   0.0000000E+00
   3.0376274E-02   1.7324887E+06   1.7324887E+06   8.3868728E+02   8.5483680E+00   6.2010114E+02   1.7251267E+06   1.7324887E+06   1.7092421E+06   0.0000000E+00   0.0000000E+00   0.0000000E+00   0.0000000E+00
   3.2633201E-02   1.6165248E+06   1.6165248E+06   7.0551015E+02   6.9605635E+00   5.0593897E+02   1.6096331E+06   1.6165248E+06   1.5948119E+06   0.0000000E+00   0.0000000E+00   0.0000000E+00   0.0000000E+00
   3.5042534E-02   1.5042780E+06   1.5042780E+06   5.5925021E+02   5.6503383E+00   4.3190707E+02   1.4978462E+06   1.5042780E+06   1.4840543E+06   0.0000000E+00   0.0000000E+00   0.0000000E+00   0.0000000E+00
   3.7596226E-02   1.3981237E+06   1.3981237E+06   4.3402349E+02   4.5864831E+00   3.4877958E+02   1.3921303E+06   1.3981237E+06   1.3793117E+06   0.0000000E+00   0.0000000E+00   0.0000000E+00   0.0000000E+00
   4.0272223E-02   1.3005255E+06   1.3005255E+06   3.6740686E+02   3.7328463E+00   2.8320028E+02   1.2949379E+06   1.3005255E+06   1.2830143E+06   0.0000000E+00   0.0000000E+00   0.0000000E+00   0.0000000E+00
   4.3034330E-02   1.2135347E+06   1.2135347E+06   3.1074701E+02   3.0578401E+00   2.3993596E+02   1.2083106E+06   1.2135347E+06   1.1971847E+06   0.0000000E+00   0.0000000E+00   0.0000000E+00   0.0000000E+00
   4.5839559E-02   1.1382137E+06   1.1382137E+06   2.5581952E+02   2.5298233E+00   2.0791490E+02   1.1333056E+06   1.1382137E+06   1.1228702E+06   0.0000000E+00   0.0000000E+00   0.0000000E+00   0.0000000E+00
   4.8650097E-02   1.0743592E+06   1.0743592E+06   2.0772867E+02   2.1194680E+00   1.7966545E+02   1.0697197E+06   1.0743592E+06   1.0598699E+06   0.0000000E+00   0.0000000E+00   0.0000000E+00   0.0000000E+00
   5.1441934E-02   1.0207148E+06   1.0207148E+06   1.7027665E+02   1.7988038E+00   1.5339988E+02   1.0163015E+06   1.0207148E+06   1.0069436E+06   0.0000000E+00   0.0000000E+00   0.0000000E+00   0.0000000E+00
   5.4205901E-02   9.7545946E+05   9.7545946E+05   1.4589993E+02   1.5453171E+00   1.2989830E+02   9.7123742E+05   9.7545946E+05   9.6229440E+05   0.0000000E+00   0.0000000E+00   0.0000000E+00   0.0000000E+00
   5.6943657E-02   9.3664861E+05   9.3664861E+05   1.3103315E+02   1.3415839E+00   1.1205722E+02   9.3259084E+05   9.3664861E+05   9.2400367E+05   0.0000000E+00   0.0000000E+00   0.0000000E+00   0.0000000E+00
   5.9662906E-02   9.0247314E+05   9.0247314E+05   1.1881434E+02   1.1745846E+00   1.0110895E+02   8.9856031E+05   9.0247314E+05   8.9028649E+05   0.0000000E+00   0.0000000E+00   0.0000000E+00   0.0000000E+00
   6.2373902E-02   8.7136696E+05   8.7136696E+05   1.0464169E+02   1.0354574E+00   9.3263331E+01   8.6758634E+05   8.7136696E+05   8.5959772E+05   0.0000000E+00   0.0000000E+00   0.0000000E+00   0.0000000E+00
   6.5087475E-02   8.4203416E+05   8.4203416E+05   8.9336884E+01   9.1744337E-01   8.4671629E+01   8.3837852E+05   8.4203416E+05   8.3065884E+05   0.0000000E+00   0.0000000E+00   0.0000000E+00   0.0000000E+00
   6.7814078E-02   8.1344558E+05   8.1344558E+05   7.7352822E+01   8.1578384E-01   7.3820326E+01   8.0991208E+05   8.1344558E+05   8.0245452E+05   0.0000000E+00   0.0000000E+00   0.0000000E+00   0.0000000E+00
   7.0563426E-02   7.8482850E+05   7.8482850E+05   7.0451534E+01   7.2694485E-01   6.3665628E+01   7.8141757E+05   7.8482850E+05   7.7422238E+05   0.0000000E+00   0.0000000E+00   0.0000000E+00   0.0000000E+00
   7.3344421E-02   7.5565723E+05   7.5565723E+05   6.5488882E+01   6.4826785E-01   5.7215031E+01   7.5237156E+05   7.5565723E+05   7.4544382E+05   0.0000000E+00   0.0000000E+00   0.0000000E+00   0.0000000E+00
   7.6165211E-02   7.2564514E+05   7.2564514E+05   5.9410220E+01   5.7809010E-01   5.2869289E+01   7.2248863E+05   7.2564514E+05   7.1583605E+05   0.0000000E+00   0.0000000E+00   0.0000000E+00   0.0000000E+00
   7.9033291E-02   6.9473519E+05   6.9473519E+05   5.2449932E+01   5.1511142E-01   4.8712909E+01   6.9171196E+05   6.9473519E+05   6.8534277E+05   0.0000000E+00   0.0000000E+00   0.0000000E+00   0.0000000E+00
   8.1955614E-02   6.6308548E+05   6.6308548E+05   4.6004178E+01   4.5852205E-01   4.3795721E+01   6.6019895E+05   6.6308548E+05   6.5411992E+05   0.0000000E+00   0.0000000E+00   0.0000000E+00   0.0000000E+00
   8.4938697E-02   6.3104620E+05   6.3104620E+05   4.0591802E+01   4.0764926E-01   3.8794192E+01   6.2829823E+05   6.3104620E+05   6.2251294E+05   0.0000000E+00   0.0000000E+00   0.0000000E+00   0.0000000E+00
   8.7988716E-02   5.9912517E+05   5.9912517E+05   3.5948103E+01   3.6205946E-01   3.3863957E+01   5.9651541E+05   5.9912517E+05   5.9102277E+05   0.0000000E+00   0.0000000E+00   0.0000000E+00   0.0000000E+00
   9.1111580E-02   5.6794031E+05   5.6794031E+05   3.1612342E+01   3.2131686E-01   2.9443877E+01   5.6546568E+05   5.6794031E+05   5.6025894E+05   0.0000000E+00   0.0000000E+00   0.0000000E+00   0.0000000E+00
   9.4312997E-02   5.3815910E+05   5.3815910E+05   2.7321321E+01   2.8512908E-01   2.5886451E+01   5.3581362E+05   5.3815910E+05   5.3087991E+05   0.0000000E+00   0.0000000E+00   0.0000000E+00   0.0000000E+00
   9.7598532E-02   5.1042729E+05   5.1042729E+05   2.3559804E+01   2.5325653E-01   2.3703733E+01   5.0820212E+05   5.1042729E+05   5.0352266E+05   0.0000000E+00   0.0000000E+00   0.0000000E+00   0.0000000E+00
   1.0097364E-01   4.8529152E+05   4.8529152E+05   2.1474181E+01   2.2535904E-01   2.2291508E+01   4.8317544E+05   4.8529152E+05   4.7872642E+05   0.0000000E+00   0.0000000E+00   0.0000000E+00   0.0000000E+00
   1.0444373E-01   4.6312331E+05   4.6312331E+05   2.0046210E+01   2.0112253E-01   1.9065827E+01   4.6110345E+05   4.6312331E+05   4.5685767E+05   0.0000000E+00   0.0000000E+00   0.0000000E+00   0.0000000E+00
   1.0801414E-01   4.4405395E+05   4.4405395E+05   1.6839717E+01   1.8017467E-01   1.6537630E+01   4.4211687E+05   4.4405395E+05   4.3804591E+05   0.0000000E+00   0.0000000E+00   0.0000000E+00   0.0000000E+00
   1.1169022E-01   4.2793157E+05   4.2793157E+05   1.5780443E+01   1.6201874E-01   1.6425395E+01   4.2606446E+05   4.2793157E+05   4.2214131E+05   0.0000000E+00   0.0000000E+00   0.0000000E+00   0.0000000E+00
   1.1547732E-01   4.1431130E+05   4.1431130E+05   1.3964688E+01   1.4630621E-01   1.3400707E+01   4.1250330E+05   4.1431130E+05   4.0870502E+05   0.0000000E+00   0.0000000E+00   0.0000000E+00   0.0000000E+00
   1.1938080E-01   4.0248759E+05   4.0248759E+05   1.3170522E+01   1.3248047E-01   1.3400909E+01   4.0073089E+05   4.0248759E+05   3.9704101E+05   0.0000000E+00   0.0000000E+00   0.0000000E+00   0.0000000E+00
   1.2340608E-01   3.9157257E+05   3.9157257E+05   1.1330216E+01   1.2018611E-01   1.2024523E+01   3.8986325E+05   3.9157257E+05   3.8627343E+05   0.0000000E+00   0.0000000E+00   0.0000000E+00   0.0000000E+00
   1.2755858E-01   3.8061711E+05   3.8061711E+05   1.0521038E+01   1.0902929E-01   1.0309347E+01   3.7895536E+05   3.8061711E+05   3.7546599E+05   0.0000000E+00   0.0000000E+00   0.0000000E+00   0.0000000E+00
   1.3184381E-01   3.6876144E+05   3.6876144E+05   9.8050243E+00   9.8703851E-02   9.4539687E+00   3.6715123E+05   3.6876144E+05   3.6377055E+05   0.0000000E+00   0.0000000E+00   0.0000000E+00   0.0000000E+00
   1.3626731E-01   3.5539237E+05   3.5539237E+05   8.8866550E+00   8.9034021E-02   8.6306823E+00   3.5384034E+05   3.5539237E+05   3.5058222E+05   0.0000000E+00   0.0000000E+00   0.0000000E+00   0.0000000E+00
   1.4083469E-01   3.4027569E+05   3.4027569E+05   7.8689983E+00   7.9925499E-02   7.7320821E+00   3.3878949E+05   3.4027569E+05   3.3566996E+05   0.0000000E+00   0.0000000E+00   0.0000000E+00   0.0000000E+00
   1.4555165E-01   3.2362920E+05   3.2362920E+05   6.8569207E+00   7.1373727E-02   7.0827956E+00   3.2221555E+05   3.2362920E+05   3.1924862E+05   0.0000000E+00   0.0000000E+00   0.0000000E+00   0.0000000E+00
   1.5042392E-01   3.0610676E+05   3.0610676E+05   6.1357428E+00   6.3453489E-02   6.5799313E+00   3.0476950E+05   3.0610676E+05   3.0196322E+05   0.0000000E+00   0.0000000E+00   0.0000000E+00   0.0000000E+00
   1.5545734E-01   2.8867829E+05   2.8867829E+05   5.5464707E+00   5.6258908E-02   5.5288442E+00   2.8741704E+05   2.8867829E+05   2.8477054E+05   0.0000000E+00   0.0000000E+00   0.0000000E+00   0.0000000E+00
   1.6065782E-01   2.7241542E+05   2.7241542E+05   4.6695959E+00   4.9874151E-02   5.0537403E+00   2.7122511E+05   2.7241542E+05   2.6872770E+05   0.0000000E+00   0.0000000E+00   0.0000000E+00   0.0000000E+00
   1.6603138E-01   2.5822223E+05   2.5822223E+05   4.3552474E+00   4.4341859E-02   4.3221400E+00   2.5709383E+05   2.5822223E+05   2.5472654E+05   0.0000000E+00   0.0000000E+00   0.0000000E+00   0.0000000E+00
   1.7158411E-01   2.4657789E+05   2.4657789E+05   3.8131719E+00   3.9623802E-02   4.2087916E+00   2.4550029E+05   2.4657789E+05   2.4323975E+05   0.0000000E+00   0.0000000E+00   0.0000000E+00   0.0000000E+00
   1.7732225E-01   2.3737215E+05   2.3737215E+05   3.3510557E+00   3.5623641E-02   3.6990814E+00   2.3633469E+05   2.3737215E+05   2.3415855E+05   0.0000000E+00   0.0000000E+00   0.0000000E+00   0.0000000E+00
   1.8325215E-01   2.2990360E+05   2.2990360E+05   3.0372181E+00   3.2186092E-02   3.2702854E+00   2.2889871E+05   2.2990360E+05   2.2679104E+05   0.0000000E+00   0.0000000E+00   0.0000000E+00   0.0000000E+00
   1.8938031E-01   2.2307109E+05   2.2307109E+05   2.7669447E+00   2.9133702E-02   3.0517906E+00   2.2209600E+05   2.2307109E+05   2.2005097E+05   0.0000000E+00   0.0000000E+00   0.0000000E+00   0.0000000E+00
   1.9571339E-01   2.1572346E+05   2.1572346E+05   2.5735709E+00   2.6320384E-02   2.8166139E+00   2.1478042E+05   2.1572346E+05   2.1280275E+05   0.0000000E+00   0.0000000E+00   0.0000000E+00   0.0000000E+00
   2.0225825E-01   2.0706255E+05   2.0706255E+05   2.3027740E+00   2.3650243E-02   2.4084451E+00   2.0615732E+05   2.0706255E+05   2.0425905E+05   0.0000000E+00   0.0000000E+00   0.0000000E+00   0.0000000E+00
   2.0902199E-01   1.9694833E+05   1.9694833E+05   2.0641556E+00   2.1104975E-02   2.2352565E+00   1.9608726E+05   1.9694833E+05   1.9428171E+05   0.0000000E+00   0.0000000E+00   0.0000000E+00   0.0000000E+00
   2.1601194E-01   1.8596355E+05   1.8596355E+05   1.7799880E+00   1.8722381E-02   1.9560685E+00   1.8515046E+05   1.8596355E+05   1.8344562E+05   0.0000000E+00   0.0000000E+00   0.0000000E+00   0.0000000E+00
   2.2323576E-01   1.7517444E+05   1.7517444E+05   1.5930887E+00   1.6569673E-02   1.6334913E+00   1.7440848E+05   1.7517444E+05   1.7280255E+05   0.0000000E+00   0.0000000E+00   0.0000000E+00   0.0000000E+00
   2.3070145E-01   1.6565613E+05   1.6565613E+05   1.4182373E+00   1.4698271E-02   1.4510129E+00   1.6493176E+05   1.6565613E+05   1.6341309E+05   0.0000000E+00   0.0000000E+00   0.0000000E+00   0.0000000E+00
   2.3841743E-01   1.5798383E+05   1.5798383E+05   1.2532500E+00   1.3116904E-02   1.3131830E+00   1.5729298E+05   1.5798383E+05   1.5584464E+05   0.0000000E+00   0.0000000E+00   0.0000000E+00   0.0000000E+00
   2.4639257E-01   1.5194676E+05   1.5194676E+05   1.1265780E+00   1.1781860E-02   1.2737821E+00   1.5128228E+05   1.5194676E+05   1.4988929E+05   0.0000000E+00   0.0000000E+00   0.0000000E+00   0.0000000E+00
   2.5463631E-01   1.4666503E+05   1.4666503E+05   1.0332739E+00   1.0616869E-02   1.0866772E+00   1.4602362E+05   1.4666503E+05   1.4467905E+05   0.0000000E+00   0.0000000E+00   0.0000000E+00   0.0000000E+00
   2.6315873E-01   1.4108507E+05   1.4108507E+05   9.3081486E-01   9.5462248E-03   1.0140298E+00   1.4046804E+05   1.4108507E+05   1.3917463E+05   0.0000000E+00   0.0000000E+00   0.0000000E+00   0.0000000E+00
   2.7197062E-01   1.3459261E+05   1.3459261E+05   8.3297741E-01   8.5314771E-03   9.1559129E-01   1.3400395E+05   1.3459261E+05   1.3277006E+05   0.0000000E+00   0.0000000E+00   0.0000000E+00   0.0000000E+00
   2.8108363E-01   1.2736606E+05   1.2736606E+05   7.3916443E-01   7.5753772E-03   8.1084332E-01   1.2680899E+05   1.2736606E+05   1.2564135E+05   0.0000000E+00   0.0000000E+00   0.0000000E+00   0.0000000E+00
   2.9051038E-01   1.2021443E+05   1.2021443E+05   6.5033362E-01   6.7091394E-03   6.9241286E-01   1.1968862E+05   1.2021443E+05   1.1858654E+05   0.0000000E+00   0.0000000E+00   0.0000000E+00   0.0000000E+00
   3.0026462E-01   1.1397789E+05   1.1397789E+05   5.7090707E-01   5.9589864E-03   6.4878994E-01   1.1347935E+05   1.1397789E+05   1.1243445E+05   0.0000000E+00   0.0000000E+00   0.0000000E+00   0.0000000E+00
   3.1036139E-01   1.0890844E+05   1.0890844E+05   5.1103512E-01   5.3230299E-03   5.5441297E-01   1.0843206E+05   1.0890844E+05   1.0743363E+05   0.0000000E+00   0.0000000E+00   0.0000000E+00   0.0000000E+00
   3.2081723E-01   1.0451315E+05   1.0451315E+05   4.5987720E-01   4.7712310E-03   5.0516633E-01   1.0405598E+05   1.0451315E+05   1.0309784E+05   0.0000000E+00   0.0000000E+00   0.0000000E+00   0.0000000E+00
   3.3165043E-01   1.0000872E+05   1.0000872E+05   4.1335636E-01   4.2680485E-03   4.6800045E-01   9.9571241E+04   1.0000872E+05   9.8654400E+04   0.0000000E+00   0.0000000E+00   0.0000000E+00   0.0000000E+00
   3.4288129E-01   9.5011970E+04   9.5011970E+04   3.6799616E-01   3.7966289E-03   4.0286802E-01   9.4596343E+04   9.5011970E+04   9.3725311E+04   0.0000000E+00   0.0000000E+00   0.0000000E+00   0.0000000E+00
   3.5453246E-01   8.9837199E+04   8.9837199E+04   3.2617872E-01   3.3632511E-03   3.6568982E-01   8.9444201E+04   8.9837199E+04   8.8620609E+04   0.0000000E+00   0.0000000E+00   0.0000000E+00   0.0000000E+00
   3.6662932E-01   8.5106005E+04   8.5106005E+04   2.8878936E-01   2.9812984E-03   3.2128008E-01   8.4733696E+04   8.5106005E+04   8.3953478E+04   0.0000000E+00   0.0000000E+00   0.0000000E+00   0.0000000E+00
   3.7920049E-01   8.1067443E+04   8.1067443E+04   2.5568384E-01   2.6524698E-03   2.8640249E-01   8.0712794E+04   8.1067443E+04   7.9969600E+04   0.0000000E+00   0.0000000E+00   0.0000000E+00   0.0000000E+00
   3.9227839E-01   7.7369676E+04   7.7369676E+04   2.2831778E-01   2.3630702E-03   2.5128015E-01   7.7031197E+04   7.7369676E+04   7.6321903E+04   0.0000000E+00   0.0000000E+00   0.0000000E+00   0.0000000E+00
   4.0589994E-01   7.3539462E+04   7.3539462E+04   2.0272462E-01   2.0980202E-03   2.2240623E-01   7.3217735E+04   7.3539462E+04   7.2543554E+04   0.0000000E+00   0.0000000E+00   0.0000000E+00   0.0000000E+00
   4.2010746E-01   6.9564975E+04   6.9564975E+04   1.7904744E-01   1.8542273E-03   2.0075529E-01   6.9260631E+04   6.9564975E+04   6.8622887E+04   0.0000000E+00   0.0000000E+00   0.0000000E+00   0.0000000E+00
   4.3494971E-01   6.5821654E+04   6.5821654E+04   1.5804529E-01   1.6372751E-03   1.7519777E-01   6.5533682E+04   6.5821654E+04   6.4930255E+04   0.0000000E+00   0.0000000E+00   0.0000000E+00   0.0000000E+00
   4.5048328E-01   6.2475218E+04   6.2475218E+04   1.3994057E-01   1.4479131E-03   1.5951116E-01   6.2201882E+04   6.2475218E+04   6.1629135E+04   0.0000000E+00   0.0000000E+00   0.0000000E+00   0.0000000E+00
   4.6677425E-01   5.9269715E+04   5.9269715E+04   1.2375290E-01   1.2789706E-03   1.3976653E-01   5.9010401E+04   5.9269715E+04   5.8467040E+04   0.0000000E+00   0.0000000E+00   0.0000000E+00   0.0000000E+00
   4.8390038E-01   5.6002709E+04   5.6002709E+04   1.0856260E-01   1.1248111E-03   1.2481156E-01   5.5757686E+04   5.6002709E+04   5.5244275E+04   0.0000000E+00   0.0000000E+00   0.0000000E+00   0.0000000E+00
   5.0195386E-01   5.2834015E+04   5.2834015E+04   9.5218677E-02   9.8663367E-04   1.0521782E-01   5.2602852E+04   5.2834015E+04   5.2118491E+04   0.0000000E+00   0.0000000E+00   0.0000000E+00   0.0000000E+00
   5.2104480E-01   4.9898003E+04   4.9898003E+04   8.3488434E-02   8.6452085E-04   9.3466040E-02   4.9679683E+04   4.9898003E+04   4.9222239E+04   0.0000000E+00   0.0000000E+00   0.0000000E+00   0.0000000E+00
   5.4130584E-01   4.7043808E+04   4.7043808E+04   7.2942433E-02   7.5507995E-04   8.1903171E-02   4.6837974E+04   4.7043808E+04   4.6406695E+04   0.0000000E+00   0.0000000E+00   0.0000000E+00   0.0000000E+00
   5.6289795E-01   4.4207856E+04   4.4207856E+04   6.3362047E-02   6.5637299E-04   6.8973921E-02   4.4014428E+04   4.4207856E+04   4.3609149E+04   0.0000000E+00   0.0000000E+00   0.0000000E+00   0.0000000E+00
   5.8601802E-01   4.1501828E+04   4.1501828E+04   5.4890541E-02   5.6847069E-04   6.1123474E-02   4.1320238E+04   4.1501828E+04   4.0939766E+04   0.0000000E+00   0.0000000E+00   0.0000000E+00   0.0000000E+00
   6.1090845E-01   3.8879383E+04   3.8879383E+04   4.7316617E-02   4.8999216E-04   5.6433733E-02   3.8709266E+04   3.8879383E+04   3.8352836E+04   0.0000000E+00   0.0000000E+00   0.0000000E+00   0.0000000E+00
   6.3786909E-01   3.6294336E+04   3.6294336E+04   4.0512668E-02   4.1961361E-04   4.8538847E-02   3.6135529E+04   3.6294336E+04   3.5802797E+04   0.0000000E+00   0.0000000E+00   0.0000000E+00   0.0000000E+00
   6.6727135E-01   3.3793507E+04   3.3793507E+04   3.4476355E-02   3.5701856E-04   3.9145715E-02   3.3645641E+04   3.3793507E+04   3.3335836E+04   0.0000000E+00   0.0000000E+00   0.0000000E+00   0.0000000E+00
   6.9957343E-01   3.1335136E+04   3.1335136E+04   2.9082132E-02   3.0117440E-04   3.4925996E-02   3.1198026E+04   3.1335136E+04   3.0910758E+04   0.0000000E+00   0.0000000E+00   0.0000000E+00   0.0000000E+00
   7.3533292E-01   2.8932648E+04   2.8932648E+04   2.4304779E-02   2.5171693E-04   2.5559266E-02   2.8806049E+04   2.8932648E+04   2.8540806E+04   0.0000000E+00   0.0000000E+00   0.0000000E+00   0.0000000E+00
   7.7520920E-01   2.6576739E+04   2.6576739E+04   2.0087537E-02   2.0803457E-04   2.4217863E-02   2.6460447E+04   2.6576739E+04   2.6216803E+04   0.0000000E+00   0.0000000E+00   0.0000000E+00   0.0000000E+00
   8.1994173E-01   2.4276766E+04   2.4276766E+04   1.6401591E-02   1.6986301E-04   2.0358064E-02   2.4170538E+04   2.4276766E+04   2.3947979E+04   0.0000000E+00   0.0000000E+00   0.0000000E+00   0.0000000E+00
   8.7028704E-01   2.2041579E+04   2.2041579E+04   1.3218358E-02   1.3690621E-04   1.5671130E-02   2.1945131E+04   2.2041579E+04   2.1743062E+04   0.0000000E+00   0.0000000E+00   0.0000000E+00   0.0000000E+00
   9.2690828E-01   1.9892379E+04   1.9892379E+04   1.0516387E-02   1.0892312E-04   1.2706151E-02   1.9805335E+04   1.9892379E+04   1.9622970E+04   0.0000000E+00   0.0000000E+00   0.0000000E+00   0.0000000E+00
   9.9025006E-01   1.7855205E+04   1.7855205E+04   8.2703316E-03   8.5663018E-05   9.9014156E-03   1.7777074E+04   1.7855205E+04   1.7613385E+04   0.0000000E+00   0.0000000E+00   0.0000000E+00   0.0000000E+00
   1.0604796E+00   1.5955650E+04   1.5955650E+04   6.4439685E-03   6.6746372E-05   8.3530687E-03   1.5885831E+04   1.5955650E+04   1.5739556E+04   0.0000000E+00   0.0000000E+00   0.0000000E+00   0.0000000E+00
   1.1375609E+00   1.4212533E+04   1.4212533E+04   4.9884073E-03   5.1673284E-05   5.6992060E-03   1.4150341E+04   1.4212533E+04   1.4020046E+04   0.0000000E+00   0.0000000E+00   0.0000000E+00   0.0000000E+00
   1.2214234E+00   1.2633552E+04   1.2633552E+04   3.8461723E-03   3.9840695E-05   4.5495313E-03   1.2578270E+04   1.2633552E+04   1.2462450E+04   0.0000000E+00   0.0000000E+00   0.0000000E+00   0.0000000E+00
   1.3121098E+00   1.1215368E+04   1.1215368E+04   2.9587302E-03   3.0649844E-05   3.6409848E-03   1.1166291E+04   1.1215368E+04   1.1063473E+04   0.0000000E+00   0.0000000E+00   0.0000000E+00   0.0000000E+00
   1.4098328E+00   9.9480480E+03   9.9480480E+03   2.2731680E-03   2.3549095E-05   3.0172979E-03   9.9045164E+03   9.9480480E+03   9.8133168E+03   0.0000000E+00   0.0000000E+00   0.0000000E+00   0.0000000E+00
   1.5149594E+00   8.8186695E+03   8.8186695E+03   1.7451261E-03   1.8080235E-05   1.8095189E-03   8.7800799E+03   8.8186695E+03   8.6992339E+03   0.0000000E+00   0.0000000E+00   0.0000000E+00   0.0000000E+00
   1.6279699E+00   7.8135838E+03   7.8135838E+03   1.3391731E-03   1.3873487E-05   1.2382784E-03   7.7793922E+03   7.8135838E+03   7.7077605E+03   0.0000000E+00   0.0000000E+00   0.0000000E+00   0.0000000E+00
   1.7494248E+00   6.9199773E+03   6.9199773E+03   1.0274404E-03   1.0640456E-05   1.1308388E-03   6.8896960E+03   6.9199773E+03   6.8262565E+03   0.0000000E+00   0.0000000E+00   0.0000000E+00   0.0000000E+00
   1.8799446E+00   6.1259376E+03   6.1259376E+03   7.8737491E-04   8.1576051E-06   7.9956794E-04   6.0991309E+03   6.1259376E+03   6.0429708E+03   0.0000000E+00   0.0000000E+00   0.0000000E+00   0.0000000E+00
   2.0202030E+00   5.4208010E+03   5.4208010E+03   6.0328831E-04   6.2514140E-06   7.3593867E-04   5.3970799E+03   5.4208010E+03   5.3473842E+03   0.0000000E+00   0.0000000E+00   0.0000000E+00   0.0000000E+00
   2.1709259E+00   4.7949271E+03   4.7949271E+03   4.6209130E-04   4.7888531E-06   3.8880105E-04   4.7739448E+03   4.7949271E+03   4.7299869E+03   0.0000000E+00   0.0000000E+00   0.0000000E+00   0.0000000E+00
   2.3328940E+00   4.2396803E+03   4.2396803E+03   3.5381006E-04   3.6671227E-06   2.4352386E-04   4.2211277E+03   4.2396803E+03   4.1822601E+03   0.0000000E+00   0.0000000E+00   0.0000000E+00   0.0000000E+00
   2.5069461E+00   3.7473370E+03   3.7473370E+03   2.7080354E-04   2.8071764E-06   2.2219866E-04   3.7309389E+03   3.7473370E+03   3.6965848E+03   0.0000000E+00   0.0000000E+00   0.0000000E+00   0.0000000E+00
   2.6939840E+00   3.3109709E+03   3.3109709E+03   2.0719654E-04   2.1480817E-06   2.6479425E-04   3.2964823E+03   3.3109709E+03   3.2661286E+03   0.0000000E+00   0.0000000E+00   0.0000000E+00   0.0000000E+00
   2.8949762E+00   2.9243913E+03   2.9243913E+03   1.5847472E-04   1.6432264E-06   2.1558900E-04   2.9115943E+03   2.9243913E+03   2.8847847E+03   0.0000000E+00   0.0000000E+00   0.0000000E+00   0.0000000E+00
   3.1109641E+00   2.5820681E+03   2.5820681E+03   1.2116866E-04   1.2566157E-06   1.5811812E-04   2.5707691E+03   2.5820681E+03   2.5470977E+03   0.0000000E+00   0.0000000E+00   0.0000000E+00   0.0000000E+00
   3.3430664E+00   2.2790631E+03   2.2790631E+03   9.2592013E-05   9.6069287E-07   8.7248109E-05   2.2690900E+03   2.2790631E+03   2.2481965E+03   0.0000000E+00   0.0000000E+00   0.0000000E+00   0.0000000E+00
   3.5924853E+00   2.0109699E+03   2.0109699E+03   7.0781433E-05   7.3423331E-07   8.8317737E-05   2.0021700E+03   2.0109699E+03   1.9837342E+03   0.0000000E+00   0.0000000E+00   0.0000000E+00   0.0000000E+00
   3.8605129E+00   1.7738601E+03   1.7738601E+03   5.4058450E-05   5.6099695E-07   9.9910685E-05   1.7660978E+03   1.7738601E+03   1.7498358E+03   0.0000000E+00   0.0000000E+00   0.0000000E+00   0.0000000E+00
   4.1485373E+00   1.5642335E+03   1.5642335E+03   4.1279386E-05   4.2852459E-07   6.2742896E-05   1.5573885E+03   1.5642335E+03   1.5430482E+03   0.0000000E+00   0.0000000E+00   0.0000000E+00   0.0000000E+00
   4.4580507E+00   1.3789735E+03   1.3789735E+03   3.1512469E-05   3.2725643E-07   8.0675000E-05   1.3729391E+03   1.3789735E+03   1.3602973E+03   0.0000000E+00   0.0000000E+00   0.0000000E+00   0.0000000E+00
   4.7906562E+00   1.2153067E+03   1.2153067E+03   2.4047539E-05   2.4986096E-07   4.8334377E-05   1.2099886E+03   1.2153067E+03   1.1988472E+03   0.0000000E+00   0.0000000E+00   0.0000000E+00   0.0000000E+00
   5.1480766E+00   1.0707670E+03   1.0707670E+03   1.8353146E-05   1.9072988E-07   3.5624557E-05   1.0660814E+03   1.0707670E+03   1.0562650E+03   0.0000000E+00   0.0000000E+00   0.0000000E+00   0.0000000E+00
   5.5321635E+00   9.4316234E+02   9.4316234E+02   1.3992695E-05   1.4556231E-07   1.1967333E-05   9.3903509E+02   9.4316234E+02   9.3038856E+02   0.0000000E+00   0.0000000E+00   0.0000000E+00   0.0000000E+00
   5.9449062E+00   8.3054557E+02   8.3054557E+02   1.0674263E-05   1.1107150E-07   2.3522317E-05   8.2691113E+02   8.3054557E+02   8.1929702E+02   0.0000000E+00   0.0000000E+00   0.0000000E+00   0.0000000E+00
   6.3884427E+00   7.3118805E+02   7.3118805E+02   8.1375515E-06   8.4740504E-08   1.4042777E-05   7.2798839E+02   7.3118805E+02   7.2128515E+02   0.0000000E+00   0.0000000E+00   0.0000000E+00   0.0000000E+00
   6.8650705E+00   6.4355584E+02   6.4355584E+02   6.2067084E-06   6.4643461E-08   -2.7685498E-06   6.4073966E+02   6.4355584E+02   6.3483980E+02   0.0000000E+00   0.0000000E+00   0.0000000E+00   0.0000000E+00
   7.3772585E+00   5.6628850E+02   5.6628850E+02   4.7262167E-06   4.9305726E-08   6.7518258E-06   5.6381044E+02   5.6628850E+02   5.5861894E+02   0.0000000E+00   0.0000000E+00   0.0000000E+00   0.0000000E+00
   7.9276598E+00   4.9818003E+02   4.9818003E+02   3.6003582E-06   3.7604431E-08   8.5997910E-07   4.9600000E+02   4.9818003E+02   4.9143289E+02   0.0000000E+00   0.0000000E+00   0.0000000E+00   0.0000000E+00
   8.5191253E+00   4.3816183E+02   4.3816183E+02   2.7421015E-06   2.8678676E-08   -2.7940252E-06   4.3624445E+02   4.3816183E+02   4.3222756E+02   0.0000000E+00   0.0000000E+00   0.0000000E+00   0.0000000E+00
   9.1547187E+00   3.8528752E+02   3.8528752E+02   2.0881881E-06   2.1870692E-08   -6.0417384E-06   3.8360151E+02   3.8528752E+02   3.8006935E+02   0.0000000E+00   0.0000000E+00   0.0000000E+00   0.0000000E+00
   9.8377324E+00   3.3871927E+02   3.3871927E+02   1.5892962E-06   1.6678968E-08   5.9291028E-06   3.3723704E+02   3.3871927E+02   3.3413180E+02   0.0000000E+00   0.0000000E+00   0.0000000E+00   0.0000000E+00
   1.0571704E+01   2.9771569E+02   2.9771569E+02   1.2099281E-06   1.2720442E-08   -1.7079701E-07   2.9641289E+02   2.9771569E+02   2.9368356E+02   0.0000000E+00   0.0000000E+00   0.0000000E+00   0.0000000E+00
