#           k/h    CDM            baryon         photon         nu             mass_nu        total          no_nu          total_de       Weyl           v_CDM          v_b            v_b-v_c     
   1.0573461E-05   1.7686080E+07   1.7686080E+07   2.3569932E+07   3.7487598E+05   8.2967036E+06   1.7686087E+07   1.7686080E+07   6.3058262E+06   0.0000000E+00   0.0000000E+00   0.0000000E+00   0.0000000E+00
   1.1362324E-05   1.7686071E+07   1.7686071E+07   2.3568139E+07   3.7486905E+05   8.2965192E+06   1.7686077E+07   1.7686071E+07   6.3058232E+06   0.0000000E+00   0.0000000E+00   0.0000000E+00   0.0000000E+00
   1.2210043E-05   1.7686060E+07   1.7686060E+07   2.3566069E+07   3.7486104E+05   8.2963063E+06   1.7686067E+07   1.7686060E+07   6.3058198E+06   0.0000000E+00   0.0000000E+00   0.0000000E+00   0.0000000E+00
   1.3121007E-05   1.7686048E+07   1.7686048E+07   2.3563678E+07   3.7485179E+05   8.2960605E+06   1.7686054E+07   1.7686048E+07   6.3058158E+06   0.0000000E+00   0.0000000E+00   0.0000000E+00   0.0000000E+00
   1.4099937E-05   1.7686033E+07   1.7686033E+07   2.3560918E+07   3.7484111E+05   8.2957767E+06   1.7686040E+07   1.7686033E+07   6.3058113E+06   0.0000000E+00   0.0000000E+00   0.0000000E+00   0.0000000E+00
   1.5151903E-05   1.7686017E+07   1.7686017E+07   2.3557730E+07   3.7482878E+05   8.2954489E+06   1.7686023E+07   1.7686017E+07   6.3058060E+06   0.0000000E+00   0.0000000E+00   0.0000000E+00   0.0000000E+00
   1.6282354E-05   1.7685998E+07   1.7685998E+07   2.3554050E+07   3.7481454E+05   8.2950705E+06   1.7686003E+07   1.7685998E+07   6.3057999E+06   0.0000000E+00   0.0000000E+00   0.0000000E+00   0.0000000E+00
   1.7497145E-05   1.7685976E+07   1.7685976E+07   2.3549801E+07   3.7479809E+05   8.2946334E+06   1.7685981E+07   1.7685976E+07   6.3057928E+06   0.0000000E+00   0.0000000E+00   0.0000000E+00   0.0000000E+00
   1.8802569E-05   1.7685951E+07   1.7685951E+07   2.3544895E+07   3.7477911E+05   8.2941288E+06   1.7685955E+07   1.7685951E+07   6.3057847E+06   0.0000000E+00   0.0000000E+00   0.0000000E+00   0.0000000E+00
   2.0205387E-05   1.7685921E+07   1.7685921E+07   2.3539231E+07   3.7475718E+05   8.2935462E+06   1.7685926E+07   1.7685921E+07   6.3057753E+06   0.0000000E+00   0.0000000E+00   0.0000000E+00   0.0000000E+00
   2.1712868E-05   1.7685887E+07   1.7685887E+07   2.3532692E+07   3.7473187E+05   8.2928734E+06   1.7685891E+07   1.7685887E+07   6.3057645E+06   0.0000000E+00   0.0000000E+00   0.0000000E+00   0.0000000E+00
   2.3332817E-05   1.7685848E+07   1.7685848E+07   2.3525143E+07   3.7470264E+05   8.2920965E+06   1.7685852E+07   1.7685848E+07   6.3057519E+06   0.0000000E+00   0.0000000E+00   0.0000000E+00   0.0000000E+00
   2.5073628E-05   1.7685803E+07   1.7685803E+07   2.3516428E+07   3.7466889E+05   8.2911996E+06   1.7685806E+07   1.7685803E+07   6.3057375E+06   0.0000000E+00   0.0000000E+00   0.0000000E+00   0.0000000E+00
   2.6944317E-05   1.7685751E+07   1.7685751E+07   2.3506368E+07   3.7462992E+05   8.2901640E+06   1.7685753E+07   1.7685751E+07   6.3057208E+06   0.0000000E+00   0.0000000E+00   0.0000000E+00   0.0000000E+00
   2.8954574E-05   1.7685691E+07   1.7685691E+07   2.3494756E+07   3.7458492E+05   8.2889683E+06   1.7685692E+07   1.7685691E+07   6.3057015E+06   0.0000000E+00   0.0000000E+00   0.0000000E+00   0.0000000E+00
   3.1114812E-05   1.7685622E+07   1.7685622E+07   2.3481353E+07   3.7453297E+05   8.2875879E+06   1.7685622E+07   1.7685622E+07   6.3056792E+06   0.0000000E+00   0.0000000E+00   0.0000000E+00   0.0000000E+00
   3.3436221E-05   1.7685542E+07   1.7685542E+07   2.3465884E+07   3.7447300E+05   8.2859942E+06   1.7685541E+07   1.7685542E+07   6.3056535E+06   0.0000000E+00   0.0000000E+00   0.0000000E+00   0.0000000E+00
   3.5930824E-05   1.7685449E+07   1.7685449E+07   2.3448033E+07   3.7440375E+05   8.2841543E+06   1.7685447E+07   1.7685449E+07   6.3056239E+06   0.0000000E+00   0.0000000E+00   0.0000000E+00   0.0000000E+00
   3.8611545E-05   1.7685342E+07   1.7685342E+07   2.3427435E+07   3.7432382E+05   8.2820304E+06   1.7685338E+07   1.7685342E+07   6.3055896E+06   0.0000000E+00   0.0000000E+00   0.0000000E+00   0.0000000E+00
   4.1492269E-05   1.7685219E+07   1.7685219E+07   2.3403670E+07   3.7423154E+05   8.2795787E+06   1.7685213E+07   1.7685219E+07   6.3055500E+06   0.0000000E+00   0.0000000E+00   0.0000000E+00   0.0000000E+00
   4.4587917E-05   1.7685076E+07   1.7685076E+07   2.3376254E+07   3.7412502E+05   8.2767487E+06   1.7685069E+07   1.7685076E+07   6.3055044E+06   0.0000000E+00   0.0000000E+00   0.0000000E+00   0.0000000E+00
   4.7914525E-05   1.7684912E+07   1.7684912E+07   2.3344633E+07   3.7400207E+05   8.2734824E+06   1.7684902E+07   1.7684912E+07   6.3054517E+06   0.0000000E+00   0.0000000E+00   0.0000000E+00   0.0000000E+00
   5.1489323E-05   1.7684722E+07   1.7684722E+07   2.3308166E+07   3.7386015E+05   8.2697128E+06   1.7684709E+07   1.7684722E+07   6.3053908E+06   0.0000000E+00   0.0000000E+00   0.0000000E+00   0.0000000E+00
   5.5330830E-05   1.7684503E+07   1.7684503E+07   2.3266121E+07   3.7369637E+05   8.2653628E+06   1.7684487E+07   1.7684503E+07   6.3053206E+06   0.0000000E+00   0.0000000E+00   0.0000000E+00   0.0000000E+00
   5.9458943E-05   1.7684250E+07   1.7684250E+07   2.3217657E+07   3.7350737E+05   8.2603433E+06   1.7684231E+07   1.7684250E+07   6.3052396E+06   0.0000000E+00   0.0000000E+00   0.0000000E+00   0.0000000E+00
   6.3895045E-05   1.7683959E+07   1.7683959E+07   2.3161809E+07   3.7328929E+05   8.2545523E+06   1.7683935E+07   1.7683959E+07   6.3051461E+06   0.0000000E+00   0.0000000E+00   0.0000000E+00   0.0000000E+00
   6.8662116E-05   1.7683622E+07   1.7683622E+07   2.3097473E+07   3.7303768E+05   8.2478720E+06   1.7683593E+07   1.7683622E+07   6.3050381E+06   0.0000000E+00   0.0000000E+00   0.0000000E+00   0.0000000E+00
   7.3784847E-05   1.7683233E+07   1.7683233E+07   2.3023387E+07   3.7274744E+05   8.2401670E+06   1.7683199E+07   1.7683233E+07   6.3049136E+06   0.0000000E+00   0.0000000E+00   0.0000000E+00   0.0000000E+00
   7.9289774E-05   1.7682785E+07   1.7682785E+07   2.2938110E+07   3.7241268E+05   8.2312821E+06   1.7682744E+07   1.7682785E+07   6.3047700E+06   0.0000000E+00   0.0000000E+00   0.0000000E+00   0.0000000E+00
   8.5205412E-05   1.7682268E+07   1.7682268E+07   2.2840002E+07   3.7202664E+05   8.2210385E+06   1.7682220E+07   1.7682268E+07   6.3046043E+06   0.0000000E+00   0.0000000E+00   0.0000000E+00   0.0000000E+00
   9.1562403E-05   1.7681671E+07   1.7681671E+07   2.2727196E+07   3.7158157E+05   8.2092316E+06   1.7681615E+07   1.7681671E+07   6.3044132E+06   0.0000000E+00   0.0000000E+00   0.0000000E+00   0.0000000E+00
   9.8393675E-05   1.7680984E+07   1.7680984E+07   2.2597580E+07   3.7106858E+05   8.1956267E+06   1.7680917E+07   1.7680984E+07   6.3041929E+06   0.0000000E+00   0.0000000E+00   0.0000000E+00   0.0000000E+00
   1.0573461E-04   1.7680191E+07   1.7680191E+07   2.2448762E+07   3.7047747E+05   8.1799553E+06   1.7680112E+07   1.7680191E+07   6.3039390E+06   0.0000000E+00   0.0000000E+00   0.0000000E+00   0.0000000E+00
   1.1362324E-04   1.7679277E+07   1.7679277E+07   2.2278052E+07   3.6979656E+05   8.1619104E+06   1.7679185E+07   1.7679277E+07   6.3036463E+06   0.0000000E+00   0.0000000E+00   0.0000000E+00   0.0000000E+00
   1.2210043E-04   1.7678223E+07   1.7678223E+07   2.2082432E+07   3.6901252E+05   8.1411419E+06   1.7678116E+07   1.7678223E+07   6.3033091E+06   0.0000000E+00   0.0000000E+00   0.0000000E+00   0.0000000E+00
   1.3121007E-04   1.7677010E+07   1.7677010E+07   2.1858539E+07   3.6811013E+05   8.1172509E+06   1.7676885E+07   1.7677010E+07   6.3029208E+06   0.0000000E+00   0.0000000E+00   0.0000000E+00   0.0000000E+00
   1.4099937E-04   1.7675612E+07   1.7675612E+07   2.1602639E+07   3.6707206E+05   8.0897842E+06   1.7675467E+07   1.7675612E+07   6.3024738E+06   0.0000000E+00   0.0000000E+00   0.0000000E+00   0.0000000E+00
   1.5151903E-04   1.7674004E+07   1.7674004E+07   2.1310631E+07   3.6587861E+05   8.0582285E+06   1.7673836E+07   1.7674004E+07   6.3019595E+06   0.0000000E+00   0.0000000E+00   0.0000000E+00   0.0000000E+00
   1.6282354E-04   1.7672154E+07   1.7672154E+07   2.0978038E+07   3.6450745E+05   8.0220034E+06   1.7671958E+07   1.7672154E+07   6.3013681E+06   0.0000000E+00   0.0000000E+00   0.0000000E+00   0.0000000E+00
   1.7497145E-04   1.7670026E+07   1.7670026E+07   2.0600038E+07   3.6293338E+05   7.9804560E+06   1.7669799E+07   1.7670026E+07   6.3006884E+06   0.0000000E+00   0.0000000E+00   0.0000000E+00   0.0000000E+00
   1.8802569E-04   1.7667581E+07   1.7667581E+07   2.0171508E+07   3.6112799E+05   7.9328543E+06   1.7667318E+07   1.7667581E+07   6.2999079E+06   0.0000000E+00   0.0000000E+00   0.0000000E+00   0.0000000E+00
   2.0205387E-04   1.7664774E+07   1.7664774E+07   1.9687103E+07   3.5905944E+05   7.8783822E+06   1.7664470E+07   1.7664774E+07   6.2990123E+06   0.0000000E+00   0.0000000E+00   0.0000000E+00   0.0000000E+00
   2.1712868E-04   1.7661554E+07   1.7661554E+07   1.9141382E+07   3.5669225E+05   7.8161347E+06   1.7661202E+07   1.7661554E+07   6.2979856E+06   0.0000000E+00   0.0000000E+00   0.0000000E+00   0.0000000E+00
   2.3332817E-04   1.7657863E+07   1.7657863E+07   1.8528989E+07   3.5398702E+05   7.7451164E+06   1.7657456E+07   1.7657863E+07   6.2968100E+06   0.0000000E+00   0.0000000E+00   0.0000000E+00   0.0000000E+00
   2.5073628E-04   1.7653638E+07   1.7653638E+07   1.7844908E+07   3.5090042E+05   7.6642412E+06   1.7653168E+07   1.7653638E+07   6.2954656E+06   0.0000000E+00   0.0000000E+00   0.0000000E+00   0.0000000E+00
   2.6944317E-04   1.7648807E+07   1.7648807E+07   1.7084794E+07   3.4738515E+05   7.5723371E+06   1.7648265E+07   1.7648807E+07   6.2939303E+06   0.0000000E+00   0.0000000E+00   0.0000000E+00   0.0000000E+00
   2.8954574E-04   1.7643293E+07   1.7643293E+07   1.6245411E+07   3.4339008E+05   7.4681554E+06   1.7642667E+07   1.7643293E+07   6.2921799E+06   0.0000000E+00   0.0000000E+00   0.0000000E+00   0.0000000E+00
   3.1114812E-04   1.7637009E+07   1.7637009E+07   1.5325173E+07   3.3886073E+05   7.3503883E+06   1.7636287E+07   1.7637009E+07   6.2901881E+06   0.0000000E+00   0.0000000E+00   0.0000000E+00   0.0000000E+00
   3.3436221E-04   1.7629861E+07   1.7629861E+07   1.4324796E+07   3.3373990E+05   7.2176940E+06   1.7629029E+07   1.7629861E+07   6.2879262E+06   0.0000000E+00   0.0000000E+00   0.0000000E+00   0.0000000E+00
   3.5930824E-04   1.7621748E+07   1.7621748E+07   1.3248046E+07   3.2796876E+05   7.0687343E+06   1.7620791E+07   1.7621748E+07   6.2853640E+06   0.0000000E+00   0.0000000E+00   0.0000000E+00   0.0000000E+00
   3.8611545E-04   1.7612564E+07   1.7612564E+07   1.2102546E+07   3.2148844E+05   6.9022250E+06   1.7611463E+07   1.7612564E+07   6.2824693E+06   0.0000000E+00   0.0000000E+00   0.0000000E+00   0.0000000E+00
   4.1492269E-04   1.7602195E+07   1.7602195E+07   1.0900577E+07   3.1424208E+05   6.7170022E+06   1.7600929E+07   1.7602195E+07   6.2792090E+06   0.0000000E+00   0.0000000E+00   0.0000000E+00   0.0000000E+00
   4.4587917E-04   1.7590526E+07   1.7590526E+07   9.6597625E+06   3.0617764E+05   6.5121049E+06   1.7589073E+07   1.7590526E+07   6.2755492E+06   0.0000000E+00   0.0000000E+00   0.0000000E+00   0.0000000E+00
   4.7914525E-04   1.7577440E+07   1.7577440E+07   8.4034620E+06   2.9725129E+05   6.2868752E+06   1.7575773E+07   1.7577440E+07   6.2714565E+06   0.0000000E+00   0.0000000E+00   0.0000000E+00   0.0000000E+00
   5.1489323E-04   1.7562822E+07   1.7562822E+07   7.1606588E+06   2.8743160E+05   6.0410725E+06   1.7560912E+07   1.7562822E+07   6.2668984E+06   0.0000000E+00   0.0000000E+00   0.0000000E+00   0.0000000E+00
   5.5330830E-04   1.7546564E+07   1.7546564E+07   5.9650662E+06   2.7670422E+05   5.7749985E+06   1.7544378E+07   1.7546564E+07   6.2618448E+06   0.0000000E+00   0.0000000E+00   0.0000000E+00   0.0000000E+00
   5.9458943E-04   1.7528566E+07   1.7528566E+07   4.8531759E+06   2.6507703E+05   5.4896217E+06   1.7526068E+07   1.7528566E+07   6.2562688E+06   0.0000000E+00   0.0000000E+00   0.0000000E+00   0.0000000E+00
   6.3895045E-04   1.7508743E+07   1.7508743E+07   3.8610358E+06   2.5258524E+05   5.1866893E+06   1.7505894E+07   1.7508743E+07   6.2501473E+06   0.0000000E+00   0.0000000E+00   0.0000000E+00   0.0000000E+00
   6.8662116E-04   1.7487029E+07   1.7487029E+07   3.0197379E+06   2.3929597E+05   4.8688056E+06   1.7483785E+07   1.7487029E+07   6.2434623E+06   0.0000000E+00   0.0000000E+00   0.0000000E+00   0.0000000E+00
   7.3784847E-04   1.7463378E+07   1.7463378E+07   2.3499648E+06   2.2531147E+05   4.5394537E+06   1.7459692E+07   1.7463378E+07   6.2361998E+06   0.0000000E+00   0.0000000E+00   0.0000000E+00   0.0000000E+00
   7.9289774E-04   1.7437765E+07   1.7437765E+07   1.8564882E+06   2.1077016E+05   4.2029353E+06   1.7433587E+07   1.7437765E+07   6.2283499E+06   0.0000000E+00   0.0000000E+00   0.0000000E+00   0.0000000E+00
   8.5205412E-04   1.7410186E+07   1.7410186E+07   1.5241745E+06   1.9584449E+05   3.8642069E+06   1.7405463E+07   1.7410186E+07   6.2199042E+06   0.0000000E+00   0.0000000E+00   0.0000000E+00   0.0000000E+00
   9.1562403E-04   1.7380654E+07   1.7380654E+07   1.3175740E+06   1.8073504E+05   3.5286039E+06   1.7375330E+07   1.7380654E+07   6.2108528E+06   0.0000000E+00   0.0000000E+00   0.0000000E+00   0.0000000E+00
   9.8393675E-04   1.7349183E+07   1.7349183E+07   1.1861315E+06   1.6566045E+05   3.2014626E+06   1.7343202E+07   1.7349183E+07   6.2011806E+06   0.0000000E+00   0.0000000E+00   0.0000000E+00   0.0000000E+00
   1.0573461E-03   1.7315786E+07   1.7315786E+07   1.0758698E+06   1.5084396E+05   2.8876829E+06   1.7309092E+07   1.7315786E+07   6.1908629E+06   0.0000000E+00   0.0000000E+00   0.0000000E+00   0.0000000E+00
   1.1362324E-03   1.7280453E+07   1.7280453E+07   9.4566340E+05   1.3649786E+05   2.5913008E+06   1.7272989E+07   1.7280453E+07   6.1798612E+06   0.0000000E+00   0.0000000E+00   0.0000000E+00   0.0000000E+00
   1.2210043E-03   1.7243139E+07   1.7243139E+07   7.8232353E+05   1.2280824E+05   2.3151652E+06   1.7234852E+07   1.7243139E+07   6.1681213E+06   0.0000000E+00   0.0000000E+00   0.0000000E+00   0.0000000E+00
   1.3121007E-03   1.7203751E+07   1.7203751E+07   6.0561378E+05   1.0992273E+05   2.0608064E+06   1.7194593E+07   1.7203751E+07   6.1555724E+06   0.0000000E+00   0.0000000E+00   0.0000000E+00   0.0000000E+00
   1.4099937E-03   1.7162142E+07   1.7162142E+07   4.5564192E+05   9.7943251E+04   1.8285445E+06   1.7152070E+07   1.7162142E+07   6.1421294E+06   0.0000000E+00   0.0000000E+00   0.0000000E+00   0.0000000E+00
   1.5151903E-03   1.7118108E+07   1.7118108E+07   3.6422083E+05   8.6924876E+04   1.6178146E+06   1.7107086E+07   1.7118108E+07   6.1276957E+06   0.0000000E+00   0.0000000E+00   0.0000000E+00   0.0000000E+00
   1.6282354E-03   1.7071392E+07   1.7071392E+07   3.2702752E+05   7.6880163E+04   1.4275941E+06   1.7059392E+07   1.7071392E+07   6.1121664E+06   0.0000000E+00   0.0000000E+00   0.0000000E+00   0.0000000E+00
   1.7497145E-03   1.7021691E+07   1.7021691E+07   3.0277348E+05   6.7787795E+04   1.2567595E+06   1.7008692E+07   1.7021691E+07   6.0954293E+06   0.0000000E+00   0.0000000E+00   0.0000000E+00   0.0000000E+00
   1.8802569E-03   1.6968669E+07   1.6968669E+07   2.5071973E+05   5.9603919E+04   1.1042169E+06   1.6954654E+07   1.6968669E+07   6.0773654E+06   0.0000000E+00   0.0000000E+00   0.0000000E+00   0.0000000E+00
   2.0205387E-03   1.6911961E+07   1.6911961E+07   1.7605748E+05   5.2273924E+04   9.6877781E+05   1.6896919E+07   1.6911961E+07   6.0578484E+06   0.0000000E+00   0.0000000E+00   0.0000000E+00   0.0000000E+00
   2.1712868E-03   1.6851187E+07   1.6851187E+07   1.2473222E+05   4.5740706E+04   8.4897158E+05   1.6835106E+07   1.6851187E+07   6.0367458E+06   0.0000000E+00   0.0000000E+00   0.0000000E+00   0.0000000E+00
   2.3332817E-03   1.6785945E+07   1.6785945E+07   1.1770404E+05   3.9945734E+04   7.4311415E+05   1.6768813E+07   1.6785945E+07   6.0139195E+06   0.0000000E+00   0.0000000E+00   0.0000000E+00   0.0000000E+00
   2.5073628E-03   1.6715817E+07   1.6715817E+07   1.1491237E+05   3.4825408E+04   6.4969578E+05   1.6697618E+07   1.6715817E+07   5.9892257E+06   0.0000000E+00   0.0000000E+00   0.0000000E+00   0.0000000E+00
   2.6944317E-03   1.6640362E+07   1.6640362E+07   8.3604392E+04   3.0312153E+04   5.6759532E+05   1.6621077E+07   1.6640362E+07   5.9625141E+06   0.0000000E+00   0.0000000E+00   0.0000000E+00   0.0000000E+00
   2.8954574E-03   1.6559129E+07   1.6559129E+07   5.7581988E+04   2.6343032E+04   4.9570188E+05   1.6538736E+07   1.6559129E+07   5.9336302E+06   0.0000000E+00   0.0000000E+00   0.0000000E+00   0.0000000E+00
   3.1114812E-03   1.6471655E+07   1.6471655E+07   5.6634856E+04   2.2862952E+04   4.3266339E+05   1.6450134E+07   1.6471655E+07   5.9024169E+06   0.0000000E+00   0.0000000E+00   0.0000000E+00   0.0000000E+00
   3.3436221E-03   1.6377468E+07   1.6377468E+07   4.4576892E+04   1.9818165E+04   3.7742988E+05   1.6354800E+07   1.6377468E+07   5.8687134E+06   0.0000000E+00   0.0000000E+00   0.0000000E+00   0.0000000E+00
   3.5930824E-03   1.6276083E+07   1.6276083E+07   3.2347815E+04   1.7157586E+04   3.2925006E+05   1.6252255E+07   1.6276083E+07   5.8323553E+06   0.0000000E+00   0.0000000E+00   0.0000000E+00   0.0000000E+00
   3.8611545E-03   1.6167010E+07   1.6167010E+07   3.2922146E+04   1.4837945E+04   2.8709325E+05   1.6142013E+07   1.6167010E+07   5.7931756E+06   0.0000000E+00   0.0000000E+00   0.0000000E+00   0.0000000E+00
   4.1492269E-03   1.6049748E+07   1.6049748E+07   1.9757264E+04   1.2817903E+04   2.5031106E+05   1.6023581E+07   1.6049748E+07   5.7510041E+06   0.0000000E+00   0.0000000E+00   0.0000000E+00   0.0000000E+00
   4.4587917E-03   1.5923793E+07   1.5923793E+07   2.0950869E+04   1.1060869E+04   2.1826508E+05   1.5896468E+07   1.5923793E+07   5.7056702E+06   0.0000000E+00   0.0000000E+00   0.0000000E+00   0.0000000E+00
   4.7914525E-03   1.5788639E+07   1.5788639E+07   1.4260158E+04   9.5350830E+03   1.9024330E+05   1.5760186E+07   1.5788639E+07   5.6570040E+06   0.0000000E+00   0.0000000E+00   0.0000000E+00   0.0000000E+00
   5.1489323E-03   1.5643782E+07   1.5643782E+07   1.3302649E+04   8.2109541E+03   1.6589991E+05   1.5614243E+07   1.5643782E+07   5.6048344E+06   0.0000000E+00   0.0000000E+00   0.0000000E+00   0.0000000E+00
   5.5330830E-03   1.5488723E+07   1.5488723E+07   8.8496052E+03   7.0637183E+03   1.4462249E+05   1.5458139E+07   1.5488723E+07   5.5489854E+06   0.0000000E+00   0.0000000E+00   0.0000000E+00   0.0000000E+00
   5.9458943E-03   1.5322956E+07   1.5322956E+07   9.3104499E+03   6.0704332E+03   1.2608110E+05   1.5291362E+07   1.5322956E+07   5.4892777E+06   0.0000000E+00   0.0000000E+00   0.0000000E+00   0.0000000E+00
   6.3895045E-03   1.5145969E+07   1.5145969E+07   6.1440453E+03   5.2111110E+03   1.0992551E+05   1.5113407E+07   1.5145969E+07   5.4255328E+06   0.0000000E+00   0.0000000E+00   0.0000000E+00   0.0000000E+00
   6.8662116E-03   1.4957237E+07   1.4957237E+07   4.5617194E+03   4.4684987E+03   9.5789666E+04   1.4923776E+07   1.4957237E+07   5.3575756E+06   0.0000000E+00   0.0000000E+00   0.0000000E+00   0.0000000E+00
   7.3784847E-03   1.4756240E+07   1.4756240E+07   4.9024852E+03   3.8272776E+03   8.3490846E+04   1.4721963E+07   1.4756240E+07   5.2852268E+06   0.0000000E+00   0.0000000E+00   0.0000000E+00   0.0000000E+00
   7.9289774E-03   1.4542465E+07   1.4542465E+07   4.0005205E+03   3.2741492E+03   7.2760616E+04   1.4507449E+07   1.4542465E+07   5.2083023E+06   0.0000000E+00   0.0000000E+00   0.0000000E+00   0.0000000E+00
   8.5205412E-03   1.4315398E+07   1.4315398E+07   3.0200296E+03   2.7973845E+03   6.3383913E+04   1.4279726E+07   1.4315398E+07   5.1266215E+06   0.0000000E+00   0.0000000E+00   0.0000000E+00   0.0000000E+00
   9.1562403E-03   1.4074518E+07   1.4074518E+07   2.1237092E+03   2.3868307E+03   5.5188153E+04   1.4038287E+07   1.4074518E+07   5.0400046E+06   0.0000000E+00   0.0000000E+00   0.0000000E+00   0.0000000E+00
   9.8393675E-03   1.3819301E+07   1.3819301E+07   1.7118942E+03   2.0336231E+03   4.8023849E+04   1.3782614E+07   1.3819301E+07   4.9482671E+06   0.0000000E+00   0.0000000E+00   0.0000000E+00   0.0000000E+00
   1.0573461E-02   1.3549230E+07   1.3549230E+07   1.5658432E+03   1.7300426E+03   4.1759707E+04   1.3512195E+07   1.3549230E+07   4.8512264E+06   0.0000000E+00   0.0000000E+00   0.0000000E+00   0.0000000E+00
   1.1362324E-02   1.3263806E+07   1.3263806E+07   1.4362397E+03   1.4693573E+03   3.6276585E+04   1.3226538E+07   1.3263806E+07   4.7487067E+06   0.0000000E+00   0.0000000E+00   0.0000000E+00   0.0000000E+00
   1.2210043E-02   1.2962544E+07   1.2962544E+07   1.0459529E+03   1.2457610E+03   3.1478626E+04   1.2925167E+07   1.2962544E+07   4.6405389E+06   0.0000000E+00   0.0000000E+00   0.0000000E+00   0.0000000E+00
   1.3121007E-02   1.2645000E+07   1.2645000E+07   5.8645685E+02   1.0541755E+03   2.7286324E+04   1.2607634E+07   1.2645000E+07   4.5265623E+06   0.0000000E+00   0.0000000E+00   0.0000000E+00   0.0000000E+00
   1.4099937E-02   1.2310788E+07   1.2310788E+07   7.1856788E+02   8.9021928E+02   2.3617191E+04   1.2273565E+07   1.2310788E+07   4.4066437E+06   0.0000000E+00   0.0000000E+00   0.0000000E+00   0.0000000E+00
   1.5151903E-02   1.1959606E+07   1.1959606E+07   3.9801723E+02   7.5009614E+02   2.0400659E+04   1.1922657E+07   1.1959606E+07   4.2806751E+06   0.0000000E+00   0.0000000E+00   0.0000000E+00   0.0000000E+00
   1.6282354E-02   1.1591291E+07   1.1591291E+07   4.5135918E+02   6.3050617E+02   1.7589101E+04   1.1554750E+07   1.1591291E+07   4.1485996E+06   0.0000000E+00   0.0000000E+00   0.0000000E+00   0.0000000E+00
   1.7497145E-02   1.1205858E+07   1.1205858E+07   3.4025148E+02   5.2860641E+02   1.5132005E+04   1.1169859E+07   1.1205858E+07   4.0104226E+06   0.0000000E+00   0.0000000E+00   0.0000000E+00   0.0000000E+00
   1.8802569E-02   1.0803578E+07   1.0803578E+07   2.4890948E+02   4.4193236E+02   1.2983800E+04   1.0768256E+07   1.0803578E+07   3.8662428E+06   0.0000000E+00   0.0000000E+00   0.0000000E+00   0.0000000E+00
   2.0205387E-02   1.0385058E+07   1.0385058E+07   2.0080062E+02   3.6835773E+02   1.1107731E+04   1.0350544E+07   1.0385058E+07   3.7162768E+06   0.0000000E+00   0.0000000E+00   0.0000000E+00   0.0000000E+00
   2.1712863E-02   9.9513469E+06   9.9513469E+06   1.5185641E+02   3.0604793E+02   9.4733971E+03   9.9177660E+06   9.9513469E+06   3.5608995E+06   0.0000000E+00   0.0000000E+00   0.0000000E+00   0.0000000E+00
   2.3332791E-02   9.5040413E+06   9.5040413E+06   1.3159823E+02   2.5341707E+02   8.0531957E+03   9.4715135E+06   9.5040413E+06   3.4006826E+06   0.0000000E+00   0.0000000E+00   0.0000000E+00   0.0000000E+00
   2.5073495E-02   9.0454190E+06   9.0454190E+06   8.8045387E+01   2.0909928E+02   6.8195781E+03   9.0140530E+06   9.0454190E+06   3.2364399E+06   0.0000000E+00   0.0000000E+00   0.0000000E+00   0.0000000E+00
   2.6943724E-02   8.5785801E+06   8.5785801E+06   9.3490578E+01   1.7191753E+02   5.7544223E+03   8.5484706E+06   8.5785801E+06   3.0692800E+06   0.0000000E+00   0.0000000E+00   0.0000000E+00   0.0000000E+00
   2.8952266E-02   8.1076143E+06   8.1076143E+06   7.8291988E+01   1.4086007E+02   4.8381493E+03   8.0788384E+06   8.1076143E+06   2.9006648E+06   0.0000000E+00   0.0000000E+00   0.0000000E+00   0.0000000E+00
   3.1106901E-02   7.6378081E+06   7.6378081E+06   5.3531733E+01   1.1506140E+02   4.0532796E+03   7.6104198E+06   7.6378081E+06   2.7324846E+06   0.0000000E+00   0.0000000E+00   0.0000000E+00   0.0000000E+00
   3.3412134E-02   7.1758641E+06   7.1758641E+06   2.7188865E+01   9.3783731E+01   3.3886854E+03   7.1498891E+06   7.1758641E+06   2.5671357E+06   0.0000000E+00   0.0000000E+00   0.0000000E+00   0.0000000E+00
   3.5865318E-02   6.7299839E+06   6.7299839E+06   3.4883797E+01   7.6398724E+01   2.8277805E+03   6.7054134E+06   6.7299839E+06   2.4075506E+06   0.0000000E+00   0.0000000E+00   0.0000000E+00   0.0000000E+00
   3.8451870E-02   6.3094531E+06   6.3094531E+06   3.3147533E+01   6.2360194E+01   2.3640469E+03   6.2862391E+06   6.3094531E+06   2.2570494E+06   0.0000000E+00   0.0000000E+00   0.0000000E+00   0.0000000E+00
   4.1142497E-02   5.9233024E+06   5.9233024E+06   2.5502049E+01   5.1171745E+01   1.9843209E+03   5.9013582E+06   5.9233024E+06   2.1188607E+06   0.0000000E+00   0.0000000E+00   0.0000000E+00   0.0000000E+00
   4.3896701E-02   5.5781373E+06   5.5781373E+06   2.0744042E+01   4.2358092E+01   1.6776508E+03   5.5573459E+06   5.5781373E+06   1.9953453E+06   0.0000000E+00   0.0000000E+00   0.0000000E+00   0.0000000E+00
   4.6673177E-02   5.2762507E+06   5.2762507E+06   1.6771447E+01   3.5459538E+01   1.4321661E+03   5.2564800E+06   5.2762507E+06   1.8873212E+06   0.0000000E+00   0.0000000E+00   0.0000000E+00   0.0000000E+00
   4.9440914E-02   5.0153500E+06   5.0153500E+06   1.3287699E+01   3.0051923E+01   1.2358318E+03   4.9964700E+06   5.0153500E+06   1.7939662E+06   0.0000000E+00   0.0000000E+00   0.0000000E+00   0.0000000E+00
   5.2183942E-02   4.7899313E+06   4.7899313E+06   1.0692288E+01   2.5773581E+01   1.0776772E+03   4.7718274E+06   4.7899313E+06   1.7133095E+06   0.0000000E+00   0.0000000E+00   0.0000000E+00   0.0000000E+00
   5.4899263E-02   4.5931301E+06   4.5931301E+06   8.6525585E+00   2.2338242E+01   9.4852005E+02   4.5757089E+06   4.5931301E+06   1.6428941E+06   0.0000000E+00   0.0000000E+00   0.0000000E+00   0.0000000E+00
   5.7592077E-02   4.4180875E+06   4.4180875E+06   6.7837032E+00   1.9530778E+01   8.4118616E+02   4.4012782E+06   4.4180875E+06   1.5802657E+06   0.0000000E+00   0.0000000E+00   0.0000000E+00   0.0000000E+00
   6.0271599E-02   4.2586503E+06   4.2586503E+06   5.3120286E+00   1.7194162E+01   7.5035441E+02   4.2424028E+06   4.2586503E+06   1.5232222E+06   0.0000000E+00   0.0000000E+00   0.0000000E+00   0.0000000E+00
   6.2948411E-02   4.1096241E+06   4.1096241E+06   4.5826770E+00   1.5215269E+01   6.7219485E+02   4.0939063E+06   4.1096241E+06   1.4699052E+06   0.0000000E+00   0.0000000E+00   0.0000000E+00   0.0000000E+00
   6.5633089E-02   3.9668153E+06   3.9668153E+06   4.4183031E+00   1.3512880E+01   6.0394474E+02   3.9516095E+06   3.9668153E+06   1.4188141E+06   0.0000000E+00   0.0000000E+00   0.0000000E+00   0.0000000E+00
   6.8335605E-02   3.8270003E+06   3.8270003E+06   4.3662589E+00   1.2028581E+01   5.4356919E+02   3.8123004E+06   3.8270003E+06   1.3687958E+06   0.0000000E+00   0.0000000E+00   0.0000000E+00   0.0000000E+00
   7.1065145E-02   3.6878809E+06   3.6878809E+06   4.1651522E+00   1.0720286E+01   4.8956171E+02   3.6736887E+06   3.6878809E+06   1.3190278E+06   0.0000000E+00   0.0000000E+00   0.0000000E+00   0.0000000E+00
   7.3830108E-02   3.5480413E+06   3.5480413E+06   3.6901609E+00   9.5576873E+00   4.4084219E+02   3.5343636E+06   3.5480413E+06   1.2690036E+06   0.0000000E+00   0.0000000E+00   0.0000000E+00   0.0000000E+00
   7.6638197E-02   3.4069031E+06   3.4069031E+06   2.6637371E+00   8.5189420E+00   3.9668514E+02   3.3937486E+06   3.4069031E+06   1.2185163E+06   0.0000000E+00   0.0000000E+00   0.0000000E+00   0.0000000E+00
   7.9496529E-02   3.2646688E+06   3.2646688E+06   1.2529679E+00   7.5882436E+00   3.5671689E+02   3.2520446E+06   3.2646688E+06   1.1676380E+06   0.0000000E+00   0.0000000E+00   0.0000000E+00   0.0000000E+00
   8.2411737E-02   3.1222394E+06   3.1222394E+06   1.5117227E+00   6.7540607E+00   3.2060495E+02   3.1101493E+06   3.1222394E+06   1.1166909E+06   0.0000000E+00   0.0000000E+00   0.0000000E+00   0.0000000E+00
   8.5390075E-02   2.9810990E+06   2.9810990E+06   2.5612570E+00   6.0077865E+00   2.8750193E+02   2.9695405E+06   2.9810990E+06   1.0662058E+06   0.0000000E+00   0.0000000E+00   0.0000000E+00   0.0000000E+00
   8.8437499E-02   2.8431564E+06   2.8431564E+06   8.6490638E-01   5.3426015E+00   2.5786090E+02   2.8321193E+06   2.8431564E+06   1.0168651E+06   0.0000000E+00   0.0000000E+00   0.0000000E+00   0.0000000E+00
   9.1559734E-02   2.7105448E+06   2.7105448E+06   1.7728365E+00   4.7527012E+00   2.3123451E+02   2.7000105E+06   2.7105448E+06   9.6943184E+05   0.0000000E+00   0.0000000E+00   0.0000000E+00   0.0000000E+00
   9.4762340E-02   2.5853847E+06   2.5853847E+06   1.2038318E+00   4.2326258E+00   2.0766572E+02   2.5753261E+06   2.5853847E+06   9.2466426E+05   0.0000000E+00   0.0000000E+00   0.0000000E+00   0.0000000E+00
   9.8050752E-02   2.4695240E+06   2.4695240E+06   9.7262864E-01   3.7768136E+00   1.8670068E+02   2.4599064E+06   2.4695240E+06   8.8322318E+05   0.0000000E+00   0.0000000E+00   0.0000000E+00   0.0000000E+00
   1.0143032E-01   2.3642785E+06   2.3642785E+06   1.0226221E+00   3.3793192E+00   1.6831394E+02   2.3550621E+06   2.3642785E+06   8.4557911E+05   0.0000000E+00   0.0000000E+00   0.0000000E+00   0.0000000E+00
   1.0490636E-01   2.2702041E+06   2.2702041E+06   1.0124156E+00   3.0337062E+00   1.5220890E+02   2.2613464E+06   2.2702041E+06   8.1193078E+05   0.0000000E+00   0.0000000E+00   0.0000000E+00   0.0000000E+00
   1.0848415E-01   2.1869363E+06   2.1869363E+06   7.1161060E-01   2.7331022E+00   1.3808493E+02   2.1783963E+06   2.1869363E+06   7.8214779E+05   0.0000000E+00   0.0000000E+00   0.0000000E+00   0.0000000E+00
   1.1216895E-01   2.1131358E+06   2.1131358E+06   5.3316116E-01   2.4704131E+00   1.2578414E+02   2.1048774E+06   2.1131358E+06   7.5575102E+05   0.0000000E+00   0.0000000E+00   0.0000000E+00   0.0000000E+00
   1.1596606E-01   2.0465694E+06   2.0465694E+06   6.7187023E-01   2.2386391E+00   1.1468975E+02   2.0385651E+06   2.0465694E+06   7.3194178E+05   0.0000000E+00   0.0000000E+00   0.0000000E+00   0.0000000E+00
   1.1988080E-01   1.9843450E+06   1.9843450E+06   7.0186554E-01   2.0312657E+00   1.0483730E+02   1.9765786E+06   1.9843450E+06   7.0968569E+05   0.0000000E+00   0.0000000E+00   0.0000000E+00   0.0000000E+00
   1.2391851E-01   1.9232920E+06   1.9232920E+06   5.6278141E-01   1.8426840E+00   9.5751337E+01   1.9157594E+06   1.9232920E+06   6.8784873E+05   0.0000000E+00   0.0000000E+00   0.0000000E+00   0.0000000E+00
   1.2808460E-01   1.8604490E+06   1.8604490E+06   5.7298552E-01   1.6685231E+00   8.7247556E+01   1.8531578E+06   1.8604490E+06   6.6537182E+05   0.0000000E+00   0.0000000E+00   0.0000000E+00   0.0000000E+00
   1.3238452E-01   1.7935885E+06   1.7935885E+06   4.2509356E-01   1.5058761E+00   7.9192227E+01   1.7865551E+06   1.7935885E+06   6.4145829E+05   0.0000000E+00   0.0000000E+00   0.0000000E+00   0.0000000E+00
   1.3682378E-01   1.7216763E+06   1.7216763E+06   3.2262794E-01   1.3533319E+00   7.1658032E+01   1.7149211E+06   1.7216763E+06   6.1573828E+05   0.0000000E+00   0.0000000E+00   0.0000000E+00   0.0000000E+00
   1.4140795E-01   1.6451528E+06   1.6451528E+06   3.1005783E-01   1.2107992E+00   6.4485062E+01   1.6386943E+06   1.6451528E+06   5.8836926E+05   0.0000000E+00   0.0000000E+00   0.0000000E+00   0.0000000E+00
   1.4614269E-01   1.5659324E+06   1.5659324E+06   2.7455295E-01   1.0791233E+00   5.7826560E+01   1.5597817E+06   1.5659324E+06   5.6003590E+05   0.0000000E+00   0.0000000E+00   0.0000000E+00   0.0000000E+00
   1.5103369E-01   1.4870634E+06   1.4870634E+06   3.0861496E-01   9.5955977E-01   5.1714299E+01   1.4812196E+06   1.4870634E+06   5.3182836E+05   0.0000000E+00   0.0000000E+00   0.0000000E+00   0.0000000E+00
   1.5608677E-01   1.4120650E+06   1.4120650E+06   1.8333652E-01   8.5319443E-01   4.6212435E+01   1.4065134E+06   1.4120650E+06   5.0500530E+05   0.0000000E+00   0.0000000E+00   0.0000000E+00   0.0000000E+00
   1.6130782E-01   1.3440584E+06   1.3440584E+06   2.5335463E-01   7.6043640E-01   4.1437190E+01   1.3387719E+06   1.3440584E+06   4.8068286E+05   0.0000000E+00   0.0000000E+00   0.0000000E+00   0.0000000E+00
   1.6670280E-01   1.2848972E+06   1.2848972E+06   2.0667438E-01   6.8070932E-01   3.7304490E+01   1.2798413E+06   1.2848972E+06   4.5952399E+05   0.0000000E+00   0.0000000E+00   0.0000000E+00   0.0000000E+00
   1.7227782E-01   1.2345623E+06   1.2345623E+06   1.8821950E-01   6.1242159E-01   3.3730843E+01   1.2297025E+06   1.2345623E+06   4.4152178E+05   0.0000000E+00   0.0000000E+00   0.0000000E+00   0.0000000E+00
   1.7803908E-01   1.1910591E+06   1.1910591E+06   1.3009905E-01   5.5323760E-01   3.0626376E+01   1.1863688E+06   1.1910591E+06   4.2596294E+05   0.0000000E+00   0.0000000E+00   0.0000000E+00   0.0000000E+00
   1.8399292E-01   1.1509427E+06   1.1509427E+06   1.1826171E-01   5.0057789E-01   2.7859688E+01   1.1464088E+06   1.1509427E+06   4.1161539E+05   0.0000000E+00   0.0000000E+00   0.0000000E+00   0.0000000E+00
   1.9014584E-01   1.1103900E+06   1.1103900E+06   9.3578860E-02   4.5220460E-01   2.5294210E+01   1.1060144E+06   1.1103900E+06   3.9711189E+05   0.0000000E+00   0.0000000E+00   0.0000000E+00   0.0000000E+00
   1.9650452E-01   1.0665110E+06   1.0665110E+06   1.1648741E-01   4.0669644E-01   2.2863799E+01   1.0623070E+06   1.0665110E+06   3.8141886E+05   0.0000000E+00   0.0000000E+00   0.0000000E+00   0.0000000E+00
   2.0307584E-01   1.0184215E+06   1.0184215E+06   6.4980442E-02   3.6364928E-01   2.0535835E+01   1.0144059E+06   1.0184215E+06   3.6422006E+05   0.0000000E+00   0.0000000E+00   0.0000000E+00   0.0000000E+00
   2.0986693E-01   9.6759927E+05   9.6759927E+05   6.0034831E-02   3.2352196E-01   1.8352067E+01   9.6378298E+05   9.6759927E+05   3.4604403E+05   0.0000000E+00   0.0000000E+00   0.0000000E+00   0.0000000E+00
   2.1688518E-01   9.1727038E+05   9.1727038E+05   6.7485004E-02   2.8718258E-01   1.6368167E+01   9.1365163E+05   9.1727038E+05   3.2804449E+05   0.0000000E+00   0.0000000E+00   0.0000000E+00   0.0000000E+00
   2.2413832E-01   8.7097746E+05   8.7097746E+05   6.2759226E-02   2.5533796E-01   1.4617652E+01   8.6754049E+05   8.7097746E+05   3.1148840E+05   0.0000000E+00   0.0000000E+00   0.0000000E+00   0.0000000E+00
   2.3163445E-01   8.3092002E+05   8.3092002E+05   5.4337201E-02   2.2809078E-01   1.3116258E+01   8.2764035E+05   8.3092002E+05   2.9716235E+05   0.0000000E+00   0.0000000E+00   0.0000000E+00   0.0000000E+00
   2.3938210E-01   7.9688076E+05   7.9688076E+05   5.6041352E-02   2.0482027E-01   1.1823479E+01   7.9373474E+05   7.9688076E+05   2.8498862E+05   0.0000000E+00   0.0000000E+00   0.0000000E+00   0.0000000E+00
   2.4739032E-01   7.6637160E+05   7.6637160E+05   4.5783881E-02   1.8443475E-01   1.0696018E+01   7.6334539E+05   7.6637160E+05   2.7407739E+05   0.0000000E+00   0.0000000E+00   0.0000000E+00   0.0000000E+00
   2.5566872E-01   7.3603317E+05   7.3603317E+05   4.2464805E-02   1.6585119E-01   9.6545572E+00   7.3312619E+05   7.3603317E+05   2.6322726E+05   0.0000000E+00   0.0000000E+00   0.0000000E+00   0.0000000E+00
   2.6422761E-01   7.0356811E+05   7.0356811E+05   3.5679097E-02   1.4843553E-01   8.6744029E+00   7.0078883E+05   7.0356811E+05   2.5161661E+05   0.0000000E+00   0.0000000E+00   0.0000000E+00   0.0000000E+00
   2.7307805E-01   6.6904593E+05   6.6904593E+05   3.2678353E-02   1.3215580E-01   7.7550872E+00   6.6640255E+05   6.6904593E+05   2.3927030E+05   0.0000000E+00   0.0000000E+00   0.0000000E+00   0.0000000E+00
   2.8223202E-01   6.3468318E+05   6.3468318E+05   2.7666881E-02   1.1737181E-01   6.9077480E+00   6.3217515E+05   6.3468318E+05   2.2698103E+05   0.0000000E+00   0.0000000E+00   0.0000000E+00   0.0000000E+00
   2.9170253E-01   6.0316483E+05   6.0316483E+05   2.6564500E-02   1.0442098E-01   6.1698379E+00   6.0078098E+05   6.0316483E+05   2.1570903E+05   0.0000000E+00   0.0000000E+00   0.0000000E+00   0.0000000E+00
   3.0150377E-01   5.7565989E+05   5.7565989E+05   2.1656202E-02   9.3286673E-02   5.5330137E+00   5.7338440E+05   5.7565989E+05   2.0587235E+05   0.0000000E+00   0.0000000E+00   0.0000000E+00   0.0000000E+00
   3.1165133E-01   5.5104092E+05   5.5104092E+05   1.8870878E-02   8.3577603E-02   4.9757156E+00   5.4886244E+05   5.5104092E+05   1.9706780E+05   0.0000000E+00   0.0000000E+00   0.0000000E+00   0.0000000E+00
   3.2216238E-01   5.2696997E+05   5.2696997E+05   1.8550694E-02   7.4797294E-02   4.4669927E+00   5.2488637E+05   5.2696997E+05   1.8845925E+05   0.0000000E+00   0.0000000E+00   0.0000000E+00   0.0000000E+00
   3.3305596E-01   5.0195517E+05   5.0195517E+05   1.6295833E-02   6.6663631E-02   3.9949638E+00   4.9997023E+05   5.0195517E+05   1.7951316E+05   0.0000000E+00   0.0000000E+00   0.0000000E+00   0.0000000E+00
   3.4435322E-01   4.7653344E+05   4.7653344E+05   1.3857208E-02   5.9204482E-02   3.5581504E+00   4.7464881E+05   4.7653344E+05   1.7042156E+05   0.0000000E+00   0.0000000E+00   0.0000000E+00   0.0000000E+00
   3.5607787E-01   4.5245944E+05   4.5245944E+05   1.2309687E-02   5.2573690E-02   3.1696821E+00   4.5066982E+05   4.5245944E+05   1.6181197E+05   0.0000000E+00   0.0000000E+00   0.0000000E+00   0.0000000E+00
   3.6825652E-01   4.3074548E+05   4.3074548E+05   1.1333936E-02   4.6795518E-02   2.8320398E+00   4.2904156E+05   4.3074548E+05   1.5404639E+05   0.0000000E+00   0.0000000E+00   0.0000000E+00   0.0000000E+00
   3.8091926E-01   4.1066333E+05   4.1066333E+05   9.4617402E-03   4.1697296E-02   2.5301870E+00   4.0903870E+05   4.1066333E+05   1.4686441E+05   0.0000000E+00   0.0000000E+00   0.0000000E+00   0.0000000E+00
   3.9410027E-01   3.9079399E+05   3.9079399E+05   8.3812302E-03   3.7070492E-02   2.2561271E+00   3.8924781E+05   3.9079399E+05   1.3975854E+05   0.0000000E+00   0.0000000E+00   0.0000000E+00   0.0000000E+00
   4.0783858E-01   3.7077623E+05   3.7077623E+05   7.2597996E-03   3.2842474E-02   2.0051416E+00   3.6930912E+05   3.7077623E+05   1.3259959E+05   0.0000000E+00   0.0000000E+00   0.0000000E+00   0.0000000E+00
   4.2217906E-01   3.5150572E+05   3.5150572E+05   6.5698387E-03   2.9056734E-02   1.7790351E+00   3.5011475E+05   3.5150572E+05   1.2570790E+05   0.0000000E+00   0.0000000E+00   0.0000000E+00   0.0000000E+00
   4.3717360E-01   3.3363205E+05   3.3363205E+05   5.8219148E-03   2.5720049E-02   1.5797166E+00   3.3231170E+05   3.3363205E+05   1.1931575E+05   0.0000000E+00   0.0000000E+00   0.0000000E+00   0.0000000E+00
   4.5288260E-01   3.1663820E+05   3.1663820E+05   5.1435235E-03   2.2746184E-02   1.4007938E+00   3.1538501E+05   3.1663820E+05   1.1323827E+05   0.0000000E+00   0.0000000E+00   0.0000000E+00   0.0000000E+00
   4.6937688E-01   2.9983353E+05   2.9983353E+05   4.4902070E-03   2.0052018E-02   1.2382596E+00   2.9864676E+05   2.9983353E+05   1.0722844E+05   0.0000000E+00   0.0000000E+00   0.0000000E+00   0.0000000E+00
   4.8674007E-01   2.8343713E+05   2.8343713E+05   3.9704975E-03   1.7627453E-02   1.0917827E+00   2.8231519E+05   2.8343713E+05   1.0136462E+05   0.0000000E+00   0.0000000E+00   0.0000000E+00   0.0000000E+00
   5.0507169E-01   2.6788619E+05   2.6788619E+05   3.4747256E-03   1.5473022E-02   9.6077712E-01   2.6682573E+05   2.6788619E+05   9.5803168E+04   0.0000000E+00   0.0000000E+00   0.0000000E+00   0.0000000E+00
   5.2449113E-01   2.5290951E+05   2.5290951E+05   3.0046687E-03   1.3546386E-02   8.4356539E-01   2.5190828E+05   2.5290951E+05   9.0447092E+04   0.0000000E+00   0.0000000E+00   0.0000000E+00   0.0000000E+00
   5.4514276E-01   2.3820428E+05   2.3820428E+05   2.6356013E-03   1.1810491E-02   7.3706397E-01   2.3726120E+05   2.3820428E+05   8.5188092E+04   0.0000000E+00   0.0000000E+00   0.0000000E+00   0.0000000E+00
   5.6720248E-01   2.2398212E+05   2.2398212E+05   2.2708682E-03   1.0258402E-02   6.4221966E-01   2.2309531E+05   2.2398212E+05   8.0101861E+04   0.0000000E+00   0.0000000E+00   0.0000000E+00   0.0000000E+00
   5.9088621E-01   2.1022570E+05   2.1022570E+05   1.9678343E-03   8.8720534E-03   5.5682270E-01   2.0939330E+05   2.1022570E+05   7.5182186E+04   0.0000000E+00   0.0000000E+00   0.0000000E+00   0.0000000E+00
   6.1646049E-01   1.9674100E+05   1.9674100E+05   1.6928774E-03   7.6284167E-03   4.8003290E-01   1.9596196E+05   1.9674100E+05   7.0359694E+04   0.0000000E+00   0.0000000E+00   0.0000000E+00   0.0000000E+00
   6.4425544E-01   1.8360684E+05   1.8360684E+05   1.4414698E-03   6.5181740E-03   4.1122190E-01   1.8287977E+05   1.8360684E+05   6.5662565E+04   0.0000000E+00   0.0000000E+00   0.0000000E+00   0.0000000E+00
   6.7467949E-01   1.7075056E+05   1.7075056E+05   1.2199226E-03   5.5274371E-03   3.4967470E-01   1.7007437E+05   1.7075056E+05   6.1064815E+04   0.0000000E+00   0.0000000E+00   0.0000000E+00   0.0000000E+00
   7.0823375E-01   1.5814340E+05   1.5814340E+05   1.0228362E-03   4.6457706E-03   2.9473744E-01   1.5751710E+05   1.5814340E+05   5.6556157E+04   0.0000000E+00   0.0000000E+00   0.0000000E+00   0.0000000E+00
   7.4552067E-01   1.4578216E+05   1.4578216E+05   8.4908521E-04   3.8649877E-03   2.4582798E-01   1.4520479E+05   1.4578216E+05   5.2135450E+04   0.0000000E+00   0.0000000E+00   0.0000000E+00   0.0000000E+00
   7.8723635E-01   1.3366910E+05   1.3366910E+05   7.1498848E-04   3.1782419E-03   2.0273257E-01   1.3313968E+05   1.3366910E+05   4.7803499E+04   0.0000000E+00   0.0000000E+00   0.0000000E+00   0.0000000E+00
   8.3413038E-01   1.2184588E+05   1.2184588E+05   5.6430434E-04   2.5805491E-03   1.6509183E-01   1.2136327E+05   1.2184588E+05   4.3575205E+04   0.0000000E+00   0.0000000E+00   0.0000000E+00   0.0000000E+00
   8.8691884E-01   1.1039864E+05   1.1039864E+05   4.5132910E-04   2.0680839E-03   1.3266968E-01   1.0996136E+05   1.1039864E+05   3.9481375E+04   0.0000000E+00   0.0000000E+00   0.0000000E+00   0.0000000E+00
   9.4616047E-01   9.9451090E+04   9.9451090E+04   3.5661593E-04   1.6370242E-03   1.0530837E-01   9.9057154E+04   9.9451090E+04   3.5566245E+04   0.0000000E+00   0.0000000E+00   0.0000000E+00   0.0000000E+00
   1.0121548E+00   8.9144302E+04   8.9144302E+04   2.7874560E-04   1.2822641E-03   8.2728573E-02   8.8791180E+04   8.9144302E+04   3.1880271E+04   0.0000000E+00   0.0000000E+00   0.0000000E+00   0.0000000E+00
   1.0849475E+00   7.9600476E+04   7.9600476E+04   2.1181308E-04   9.9650309E-04   6.4462550E-02   7.9285150E+04   7.9600476E+04   2.8467153E+04   0.0000000E+00   0.0000000E+00   0.0000000E+00   0.0000000E+00
   1.1644636E+00   7.0892682E+04   7.0892682E+04   1.6735927E-04   7.7042890E-04   4.9958562E-02   7.0611844E+04   7.0892682E+04   2.5353022E+04   0.0000000E+00   0.0000000E+00   0.0000000E+00   0.0000000E+00
   1.2506772E+00   6.3032541E+04   6.3032541E+04   1.2875470E-04   5.9382646E-04   3.8614817E-02   6.2782834E+04   6.3032541E+04   2.2542034E+04   0.0000000E+00   0.0000000E+00   0.0000000E+00   0.0000000E+00
   1.3437144E+00   5.5984108E+04   5.5984108E+04   9.8830696E-05   4.5691811E-04   2.9777756E-02   5.5762320E+04   5.5984108E+04   2.0021334E+04   0.0000000E+00   0.0000000E+00   0.0000000E+00   0.0000000E+00
   1.4438670E+00   4.9688083E+04   4.9688083E+04   7.5816555E-05   3.5122691E-04   2.2939579E-02   4.9491234E+04   4.9688083E+04   1.7769715E+04   0.0000000E+00   0.0000000E+00   0.0000000E+00   0.0000000E+00
   1.5515593E+00   4.4074841E+04   4.4074841E+04   5.8423188E-05   2.6980262E-04   1.7658487E-02   4.3900227E+04   4.4074841E+04   1.5762277E+04   0.0000000E+00   0.0000000E+00   0.0000000E+00   0.0000000E+00
   1.6673090E+00   3.9076351E+04   3.9076351E+04   4.4632784E-05   2.0714590E-04   1.3580765E-02   3.8921537E+04   3.9076351E+04   1.3974689E+04   0.0000000E+00   0.0000000E+00   0.0000000E+00   0.0000000E+00
   1.7917013E+00   3.4628557E+04   3.4628557E+04   3.4193653E-05   1.5896453E-04   1.0440533E-02   3.4491363E+04   3.4628557E+04   1.2384045E+04   0.0000000E+00   0.0000000E+00   0.0000000E+00   0.0000000E+00
   1.9253758E+00   3.0673441E+04   3.0673441E+04   2.6198767E-05   1.2193578E-04   8.0216722E-03   3.0551916E+04   3.0673441E+04   1.0969596E+04   0.0000000E+00   0.0000000E+00   0.0000000E+00   0.0000000E+00
   2.0690238E+00   2.7158318E+04   2.7158318E+04   2.0069708E-05   9.3491982E-05   6.1605256E-03   2.7050718E+04   2.7158318E+04   9.7124989E+03   0.0000000E+00   0.0000000E+00   0.0000000E+00   0.0000000E+00
   2.2233892E+00   2.4036059E+04   2.4036059E+04   1.5284930E-05   7.1653572E-05   4.7281695E-03   2.3940829E+04   2.4036059E+04   8.5959001E+03   0.0000000E+00   0.0000000E+00   0.0000000E+00   0.0000000E+00
   2.3892714E+00   2.1264170E+04   2.1264170E+04   1.1809905E-05   5.4894188E-05   3.6266655E-03   2.1179922E+04   2.1264170E+04   7.6046027E+03   0.0000000E+00   0.0000000E+00   0.0000000E+00   0.0000000E+00
   2.5675298E+00   1.8804584E+04   1.8804584E+04   9.0234651E-06   4.2038319E-05   2.7832800E-03   1.8730080E+04   1.8804584E+04   6.7249925E+03   0.0000000E+00   0.0000000E+00   0.0000000E+00   0.0000000E+00
   2.7590876E+00   1.6623198E+04   1.6623198E+04   6.9001352E-06   3.2181079E-05   2.1314884E-03   1.6557337E+04   1.6623198E+04   5.9448741E+03   0.0000000E+00   0.0000000E+00   0.0000000E+00   0.0000000E+00
   2.9649371E+00   1.4689466E+04   1.4689466E+04   5.2760453E-06   2.4626165E-05   1.6331622E-03   1.4631265E+04   1.4689466E+04   5.2533225E+03   0.0000000E+00   0.0000000E+00   0.0000000E+00   0.0000000E+00
   3.1861446E+00   1.2976055E+04   1.2976055E+04   4.0370482E-06   1.8838178E-05   1.2505528E-03   1.2924643E+04   1.2976055E+04   4.6405635E+03   0.0000000E+00   0.0000000E+00   0.0000000E+00   0.0000000E+00
   3.4238560E+00   1.1458538E+04   1.1458538E+04   3.0926237E-06   1.4405610E-05   9.5738754E-04   1.1413138E+04   1.1458538E+04   4.0978612E+03   0.0000000E+00   0.0000000E+00   0.0000000E+00   0.0000000E+00
   3.6793024E+00   1.0115096E+04   1.0115096E+04   2.3594714E-06   1.1012341E-05   7.3258474E-04   1.0075019E+04   1.0115096E+04   3.6174127E+03   0.0000000E+00   0.0000000E+00   0.0000000E+00   0.0000000E+00
   3.9538072E+00   8.9262564E+03   8.9262564E+03   1.8051739E-06   8.4156406E-06   5.6015518E-04   8.8908897E+03   8.9262564E+03   3.1922537E+03   0.0000000E+00   0.0000000E+00   0.0000000E+00   0.0000000E+00
   4.2487921E+00   7.8746510E+03   7.8746510E+03   1.3760640E-06   6.4292246E-06   4.2799918E-04   7.8434508E+03   7.8746510E+03   2.8161732E+03   0.0000000E+00   0.0000000E+00   0.0000000E+00   0.0000000E+00
   4.5657853E+00   6.9448010E+03   6.9448010E+03   1.0520946E-06   4.9101855E-06   3.2728293E-04   6.9172849E+03   6.9448010E+03   2.4836354E+03   0.0000000E+00   0.0000000E+00   0.0000000E+00   0.0000000E+00
   4.9064286E+00   6.1229203E+03   6.1229203E+03   8.0303580E-07   3.7489453E-06   2.5017126E-04   6.0986605E+03   6.1229203E+03   2.1897102E+03   0.0000000E+00   0.0000000E+00   0.0000000E+00   0.0000000E+00
   5.2724866E+00   5.3967379E+03   5.3967379E+03   6.1296796E-07   2.8615163E-06   1.9098495E-04   5.3753553E+03   5.3967379E+03   1.9300091E+03   0.0000000E+00   0.0000000E+00   0.0000000E+00   0.0000000E+00
   5.6658554E+00   4.7553387E+03   4.7553387E+03   4.6855055E-07   2.1835487E-06   1.4586102E-04   4.7364974E+03   4.7553387E+03   1.7006286E+03   0.0000000E+00   0.0000000E+00   0.0000000E+00   0.0000000E+00
   6.0885726E+00   4.1890191E+03   4.1890191E+03   3.5646528E-07   1.6657620E-06   1.1109040E-04   4.1724216E+03   4.1890191E+03   1.4980985E+03   0.0000000E+00   0.0000000E+00   0.0000000E+00   0.0000000E+00
   6.5428277E+00   3.6891574E+03   3.6891574E+03   2.7128692E-07   1.2704271E-06   8.4927345E-05   3.6745404E+03   3.6891574E+03   1.3193354E+03   0.0000000E+00   0.0000000E+00   0.0000000E+00   0.0000000E+00
   7.0309739E+00   3.2480976E+03   3.2480976E+03   2.0814188E-07   9.6867268E-07   6.4772407E-05   3.2352282E+03   3.2480976E+03   1.1616013E+03   0.0000000E+00   0.0000000E+00   0.0000000E+00   0.0000000E+00
   7.5555396E+00   2.8590448E+03   2.8590448E+03   1.5725319E-07   7.3841113E-07   4.9384649E-05   2.8477168E+03   2.8590448E+03   1.0224662E+03   0.0000000E+00   0.0000000E+00   0.0000000E+00   0.0000000E+00
   8.1192420E+00   2.5159713E+03   2.5159713E+03   1.2052617E-07   5.6275169E-07   3.7653307E-05   2.5060026E+03   2.5159713E+03   8.9977454E+02   0.0000000E+00   0.0000000E+00   0.0000000E+00   0.0000000E+00
   8.7250010E+00   2.2135328E+03   2.2135328E+03   9.1598267E-08   4.2878159E-07   2.8709005E-05   2.2047624E+03   2.2135328E+03   7.9161493E+02   0.0000000E+00   0.0000000E+00   0.0000000E+00   0.0000000E+00
   9.3759544E+00   1.9469929E+03   1.9469929E+03   7.0133446E-08   3.2663272E-07   2.1860620E-05   1.9392786E+03   1.9469929E+03   6.9629359E+02   0.0000000E+00   0.0000000E+00   0.0000000E+00   0.0000000E+00
   1.0075474E+01   1.7121564E+03   1.7121564E+03   5.3316780E-08   2.4876586E-07   1.6654461E-05   1.7053725E+03   1.7121564E+03   6.1231013E+02   0.0000000E+00   0.0000000E+00   0.0000000E+00   0.0000000E+00
