#           k/h    CDM            baryon         photon         nu             mass_nu        total          no_nu          total_de       Weyl           v_CDM          v_b            v_b-v_c     
   1.0415167E-05   1.8991966E+07   1.8991966E+07   2.5312115E+07   5.1273577E+05   8.8837654E+06   1.8991992E+07   1.8991966E+07   9.0216457E+06   0.0000000E+00   0.0000000E+00   0.0000000E+00   0.0000000E+00
   1.1192220E-05   1.8991954E+07   1.8991954E+07   2.5310474E+07   5.1272727E+05   8.8835814E+06   1.8991980E+07   1.8991954E+07   9.0216402E+06   0.0000000E+00   0.0000000E+00   0.0000000E+00   0.0000000E+00
   1.2027247E-05   1.8991940E+07   1.8991940E+07   2.5308578E+07   5.1271745E+05   8.8833689E+06   1.8991966E+07   1.8991940E+07   9.0216339E+06   0.0000000E+00   0.0000000E+00   0.0000000E+00   0.0000000E+00
   1.2924573E-05   1.8991924E+07   1.8991924E+07   2.5306390E+07   5.1270611E+05   8.8831235E+06   1.8991950E+07   1.8991924E+07   9.0216266E+06   0.0000000E+00   0.0000000E+00   0.0000000E+00   0.0000000E+00
   1.3888848E-05   1.8991906E+07   1.8991906E+07   2.5303863E+07   5.1269302E+05   8.8828401E+06   1.8991932E+07   1.8991906E+07   9.0216181E+06   0.0000000E+00   0.0000000E+00   0.0000000E+00   0.0000000E+00
   1.4925065E-05   1.8991885E+07   1.8991885E+07   2.5300945E+07   5.1267790E+05   8.8825129E+06   1.8991910E+07   1.8991885E+07   9.0216084E+06   0.0000000E+00   0.0000000E+00   0.0000000E+00   0.0000000E+00
   1.6038591E-05   1.8991861E+07   1.8991861E+07   2.5297575E+07   5.1266044E+05   8.8821351E+06   1.8991886E+07   1.8991861E+07   9.0215972E+06   0.0000000E+00   0.0000000E+00   0.0000000E+00   0.0000000E+00
   1.7235196E-05   1.8991833E+07   1.8991833E+07   2.5293685E+07   5.1264028E+05   8.8816988E+06   1.8991857E+07   1.8991833E+07   9.0215842E+06   0.0000000E+00   0.0000000E+00   0.0000000E+00   0.0000000E+00
   1.8521076E-05   1.8991800E+07   1.8991800E+07   2.5289193E+07   5.1261700E+05   8.8811950E+06   1.8991824E+07   1.8991800E+07   9.0215692E+06   0.0000000E+00   0.0000000E+00   0.0000000E+00   0.0000000E+00
   1.9902894E-05   1.8991763E+07   1.8991763E+07   2.5284007E+07   5.1259012E+05   8.8806132E+06   1.8991786E+07   1.8991763E+07   9.0215519E+06   0.0000000E+00   0.0000000E+00   0.0000000E+00   0.0000000E+00
   2.1387805E-05   1.8991720E+07   1.8991720E+07   2.5278020E+07   5.1255909E+05   8.8799415E+06   1.8991743E+07   1.8991720E+07   9.0215319E+06   0.0000000E+00   0.0000000E+00   0.0000000E+00   0.0000000E+00
   2.2983503E-05   1.8991670E+07   1.8991670E+07   2.5271107E+07   5.1252325E+05   8.8791660E+06   1.8991692E+07   1.8991670E+07   9.0215088E+06   0.0000000E+00   0.0000000E+00   0.0000000E+00   0.0000000E+00
   2.4698252E-05   1.8991612E+07   1.8991612E+07   2.5263127E+07   5.1248187E+05   8.8782704E+06   1.8991633E+07   1.8991612E+07   9.0214821E+06   0.0000000E+00   0.0000000E+00   0.0000000E+00   0.0000000E+00
   2.6540935E-05   1.8991546E+07   1.8991546E+07   2.5253915E+07   5.1243409E+05   8.8772365E+06   1.8991566E+07   1.8991546E+07   9.0214514E+06   0.0000000E+00   0.0000000E+00   0.0000000E+00   0.0000000E+00
   2.8521097E-05   1.8991469E+07   1.8991469E+07   2.5243280E+07   5.1237893E+05   8.8760427E+06   1.8991488E+07   1.8991469E+07   9.0214158E+06   0.0000000E+00   0.0000000E+00   0.0000000E+00   0.0000000E+00
   3.0648994E-05   1.8991381E+07   1.8991381E+07   2.5231005E+07   5.1231523E+05   8.8746644E+06   1.8991398E+07   1.8991381E+07   9.0213748E+06   0.0000000E+00   0.0000000E+00   0.0000000E+00   0.0000000E+00
   3.2935649E-05   1.8991278E+07   1.8991278E+07   2.5216837E+07   5.1224169E+05   8.8730731E+06   1.8991294E+07   1.8991278E+07   9.0213274E+06   0.0000000E+00   0.0000000E+00   0.0000000E+00   0.0000000E+00
   3.5392906E-05   1.8991160E+07   1.8991160E+07   2.5200486E+07   5.1215679E+05   8.8712360E+06   1.8991174E+07   1.8991160E+07   9.0212728E+06   0.0000000E+00   0.0000000E+00   0.0000000E+00   0.0000000E+00
   3.8033494E-05   1.8991024E+07   1.8991024E+07   2.5181616E+07   5.1205877E+05   8.8691153E+06   1.8991035E+07   1.8991024E+07   9.0212096E+06   0.0000000E+00   0.0000000E+00   0.0000000E+00   0.0000000E+00
   4.0871090E-05   1.8990866E+07   1.8990866E+07   2.5159841E+07   5.1194562E+05   8.8666671E+06   1.8990875E+07   1.8990866E+07   9.0211367E+06   0.0000000E+00   0.0000000E+00   0.0000000E+00   0.0000000E+00
   4.3920393E-05   1.8990685E+07   1.8990685E+07   2.5134719E+07   5.1181499E+05   8.8638412E+06   1.8990690E+07   1.8990685E+07   9.0210526E+06   0.0000000E+00   0.0000000E+00   0.0000000E+00   0.0000000E+00
   4.7197198E-05   1.8990475E+07   1.8990475E+07   2.5105738E+07   5.1166421E+05   8.8605794E+06   1.8990477E+07   1.8990475E+07   9.0209554E+06   0.0000000E+00   0.0000000E+00   0.0000000E+00   0.0000000E+00
   5.0718479E-05   1.8990233E+07   1.8990233E+07   2.5072311E+07   5.1149016E+05   8.8568148E+06   1.8990231E+07   1.8990233E+07   9.0208433E+06   0.0000000E+00   0.0000000E+00   0.0000000E+00   0.0000000E+00
   5.4502474E-05   1.8989953E+07   1.8989953E+07   2.5033762E+07   5.1128928E+05   8.8524702E+06   1.8989947E+07   1.8989953E+07   9.0207138E+06   0.0000000E+00   0.0000000E+00   0.0000000E+00   0.0000000E+00
   5.8568786E-05   1.8989630E+07   1.8989630E+07   2.4989316E+07   5.1105746E+05   8.8474569E+06   1.8989619E+07   1.8989630E+07   9.0205644E+06   0.0000000E+00   0.0000000E+00   0.0000000E+00   0.0000000E+00
   6.2938476E-05   1.8989258E+07   1.8989258E+07   2.4938084E+07   5.1078993E+05   8.8416724E+06   1.8989240E+07   1.8989258E+07   9.0203920E+06   0.0000000E+00   0.0000000E+00   0.0000000E+00   0.0000000E+00
   6.7634179E-05   1.8988828E+07   1.8988828E+07   2.4879046E+07   5.1048125E+05   8.8349991E+06   1.8988803E+07   1.8988828E+07   9.0201930E+06   0.0000000E+00   0.0000000E+00   0.0000000E+00   0.0000000E+00
   7.2680218E-05   1.8988331E+07   1.8988331E+07   2.4811035E+07   5.1012512E+05   8.8273015E+06   1.8988299E+07   1.8988331E+07   9.0199634E+06   0.0000000E+00   0.0000000E+00   0.0000000E+00   0.0000000E+00
   7.8102731E-05   1.8987759E+07   1.8987759E+07   2.4732716E+07   5.0971432E+05   8.8184240E+06   1.8987717E+07   1.8987759E+07   9.0196985E+06   0.0000000E+00   0.0000000E+00   0.0000000E+00   0.0000000E+00
   8.3929806E-05   1.8987098E+07   1.8987098E+07   2.4642566E+07   5.0924052E+05   8.8081878E+06   1.8987045E+07   1.8987098E+07   9.0193930E+06   0.0000000E+00   0.0000000E+00   0.0000000E+00   0.0000000E+00
   9.0191627E-05   1.8986337E+07   1.8986337E+07   2.4538851E+07   5.0869418E+05   8.7963875E+06   1.8986271E+07   1.8986337E+07   9.0190406E+06   0.0000000E+00   0.0000000E+00   0.0000000E+00   0.0000000E+00
   9.6920628E-05   1.8985458E+07   1.8985458E+07   2.4419598E+07   5.0806431E+05   8.7827880E+06   1.8985378E+07   1.8985458E+07   9.0186342E+06   0.0000000E+00   0.0000000E+00   0.0000000E+00   0.0000000E+00
   1.0415167E-04   1.8984444E+07   1.8984444E+07   2.4282571E+07   5.0733836E+05   8.7671196E+06   1.8984348E+07   1.8984444E+07   9.0181656E+06   0.0000000E+00   0.0000000E+00   0.0000000E+00   0.0000000E+00
   1.1192220E-04   1.8983276E+07   1.8983276E+07   2.4125243E+07   5.0650189E+05   8.7490740E+06   1.8983160E+07   1.8983276E+07   9.0176256E+06   0.0000000E+00   0.0000000E+00   0.0000000E+00   0.0000000E+00
   1.2027247E-04   1.8981929E+07   1.8981929E+07   2.3944769E+07   5.0553842E+05   8.7282992E+06   1.8981791E+07   1.8981929E+07   9.0170033E+06   0.0000000E+00   0.0000000E+00   0.0000000E+00   0.0000000E+00
   1.2924573E-04   1.8980378E+07   1.8980378E+07   2.3737957E+07   5.0442910E+05   8.7043937E+06   1.8980214E+07   1.8980378E+07   9.0162864E+06   0.0000000E+00   0.0000000E+00   0.0000000E+00   0.0000000E+00
   1.3888848E-04   1.8978590E+07   1.8978590E+07   2.3501247E+07   5.0315245E+05   8.6769007E+06   1.8978397E+07   1.8978590E+07   9.0154610E+06   0.0000000E+00   0.0000000E+00   0.0000000E+00   0.0000000E+00
   1.4925065E-04   1.8976532E+07   1.8976532E+07   2.3230693E+07   5.0168398E+05   8.6453017E+06   1.8976305E+07   1.8976532E+07   9.0145110E+06   0.0000000E+00   0.0000000E+00   0.0000000E+00   0.0000000E+00
   1.6038591E-04   1.8974163E+07   1.8974163E+07   2.2921954E+07   4.9999590E+05   8.6090102E+06   1.8973897E+07   1.8974163E+07   9.0134182E+06   0.0000000E+00   0.0000000E+00   0.0000000E+00   0.0000000E+00
   1.7235196E-04   1.8971439E+07   1.8971439E+07   2.2570293E+07   4.9805672E+05   8.5673640E+06   1.8971127E+07   1.8971439E+07   9.0121617E+06   0.0000000E+00   0.0000000E+00   0.0000000E+00   0.0000000E+00
   1.8521076E-04   1.8968306E+07   1.8968306E+07   2.2170607E+07   4.9583090E+05   8.5196195E+06   1.8967942E+07   1.8968306E+07   9.0107181E+06   0.0000000E+00   0.0000000E+00   0.0000000E+00   0.0000000E+00
   1.9902894E-04   1.8964707E+07   1.8964707E+07   2.1717471E+07   4.9327843E+05   8.4649447E+06   1.8964283E+07   1.8964707E+07   9.0090608E+06   0.0000000E+00   0.0000000E+00   0.0000000E+00   0.0000000E+00
   2.1387805E-04   1.8960574E+07   1.8960574E+07   2.1205223E+07   4.9035451E+05   8.4024143E+06   1.8960082E+07   1.8960574E+07   9.0071598E+06   0.0000000E+00   0.0000000E+00   0.0000000E+00   0.0000000E+00
   2.2983503E-04   1.8955835E+07   1.8955835E+07   2.0628099E+07   4.8700922E+05   8.3310055E+06   1.8955263E+07   1.8955835E+07   9.0049816E+06   0.0000000E+00   0.0000000E+00   0.0000000E+00   0.0000000E+00
   2.4698252E-04   1.8950404E+07   1.8950404E+07   1.9980419E+07   4.8318727E+05   8.2495970E+06   1.8949741E+07   1.8950404E+07   9.0024886E+06   0.0000000E+00   0.0000000E+00   0.0000000E+00   0.0000000E+00
   2.6540935E-04   1.8944189E+07   1.8944189E+07   1.9256854E+07   4.7882787E+05   8.1569709E+06   1.8943420E+07   1.8944189E+07   8.9996391E+06   0.0000000E+00   0.0000000E+00   0.0000000E+00   0.0000000E+00
   2.8521097E-04   1.8937086E+07   1.8937086E+07   1.8452780E+07   4.7386482E+05   8.0518201E+06   1.8936196E+07   1.8937086E+07   8.9963871E+06   0.0000000E+00   0.0000000E+00   0.0000000E+00   0.0000000E+00
   3.0648994E-04   1.8928979E+07   1.8928979E+07   1.7564737E+07   4.6822674E+05   7.9327615E+06   1.8927950E+07   1.8928979E+07   8.9926823E+06   0.0000000E+00   0.0000000E+00   0.0000000E+00   0.0000000E+00
   3.2935649E-04   1.8919744E+07   1.8919744E+07   1.6590998E+07   4.6183772E+05   7.7983588E+06   1.8918556E+07   1.8919744E+07   8.9884699E+06   0.0000000E+00   0.0000000E+00   0.0000000E+00   0.0000000E+00
   3.5392906E-04   1.8909244E+07   1.8909244E+07   1.5532257E+07   4.5461840E+05   7.6471557E+06   1.8907873E+07   1.8909244E+07   8.9836913E+06   0.0000000E+00   0.0000000E+00   0.0000000E+00   0.0000000E+00
   3.8033494E-04   1.8897333E+07   1.8897333E+07   1.4392412E+07   4.4648752E+05   7.4777225E+06   1.8895754E+07   1.8897333E+07   8.9782842E+06   0.0000000E+00   0.0000000E+00   0.0000000E+00   0.0000000E+00
   4.0871090E-04   1.8883856E+07   1.8883856E+07   1.3179424E+07   4.3736428E+05   7.2887184E+06   1.8882039E+07   1.8883856E+07   8.9721835E+06   0.0000000E+00   0.0000000E+00   0.0000000E+00   0.0000000E+00
   4.3920393E-04   1.8868651E+07   1.8868651E+07   1.1906155E+07   4.2717136E+05   7.0789717E+06   1.8866562E+07   1.8868651E+07   8.9653227E+06   0.0000000E+00   0.0000000E+00   0.0000000E+00   0.0000000E+00
   4.7197198E-04   1.8851553E+07   1.8851553E+07   1.0591089E+07   4.1583896E+05   6.8475792E+06   1.8849154E+07   1.8851553E+07   8.9576351E+06   0.0000000E+00   0.0000000E+00   0.0000000E+00   0.0000000E+00
   5.0718479E-04   1.8832396E+07   1.8832396E+07   9.2587518E+06   4.0330976E+05   6.5940224E+06   1.8829645E+07   1.8832396E+07   8.9490556E+06   0.0000000E+00   0.0000000E+00   0.0000000E+00   0.0000000E+00
   5.4502474E-04   1.8811018E+07   1.8811018E+07   7.9395845E+06   3.8954483E+05   6.3182999E+06   1.8807868E+07   1.8811018E+07   8.9395234E+06   0.0000000E+00   0.0000000E+00   0.0000000E+00   0.0000000E+00
   5.8568786E-04   1.8787269E+07   1.8787269E+07   6.6690088E+06   3.7453039E+05   6.0210656E+06   1.8783667E+07   1.8787269E+07   8.9289840E+06   0.0000000E+00   0.0000000E+00   0.0000000E+00   0.0000000E+00
   6.2938476E-04   1.8761014E+07   1.8761014E+07   5.4853684E+06   3.5828494E+05   5.7037628E+06   1.8756903E+07   1.8761014E+07   8.9173917E+06   0.0000000E+00   0.0000000E+00   0.0000000E+00   0.0000000E+00
   6.7634179E-04   1.8732142E+07   1.8732142E+07   4.4265358E+06   3.4086638E+05   5.3687346E+06   1.8727460E+07   1.8732142E+07   8.9047121E+06   0.0000000E+00   0.0000000E+00   0.0000000E+00   0.0000000E+00
   7.2680218E-04   1.8700570E+07   1.8700570E+07   3.5251640E+06   3.2237808E+05   5.0192867E+06   1.8695249E+07   1.8700570E+07   8.8909229E+06   0.0000000E+00   0.0000000E+00   0.0000000E+00   0.0000000E+00
   7.8102731E-04   1.8666250E+07   1.8666250E+07   2.8029494E+06   3.0297292E+05   4.6596760E+06   1.8660217E+07   1.8666250E+07   8.8760140E+06   0.0000000E+00   0.0000000E+00   0.0000000E+00   0.0000000E+00
   8.3929806E-04   1.8629166E+07   1.8629166E+07   2.2648563E+06   2.8285392E+05   4.2949955E+06   1.8622345E+07   1.8629166E+07   8.8599856E+06   0.0000000E+00   0.0000000E+00   0.0000000E+00   0.0000000E+00
   9.0191627E-04   1.8589336E+07   1.8589336E+07   1.8949421E+06   2.6227022E+05   3.9309372E+06   1.8581648E+07   1.8589336E+07   8.8428442E+06   0.0000000E+00   0.0000000E+00   0.0000000E+00   0.0000000E+00
   9.6920628E-04   1.8546800E+07   1.8546800E+07   1.6559779E+06   2.4150745E+05   3.5734302E+06   1.8538164E+07   1.8546800E+07   8.8245951E+06   0.0000000E+00   0.0000000E+00   0.0000000E+00   0.0000000E+00
   1.0415167E-03   1.8501611E+07   1.8501611E+07   1.4950101E+06   2.2087241E+05   3.2281791E+06   1.8491946E+07   1.8501611E+07   8.8052343E+06   0.0000000E+00   0.0000000E+00   0.0000000E+00   0.0000000E+00
   1.1192220E-03   1.8453811E+07   1.8453811E+07   1.3557494E+06   2.0067303E+05   2.9001650E+06   1.8443038E+07   1.8453811E+07   8.7847387E+06   0.0000000E+00   0.0000000E+00   0.0000000E+00   0.0000000E+00
   1.2027247E-03   1.8403415E+07   1.8403415E+07   1.1957692E+06   1.8119612E+05   2.5932020E+06   1.8391460E+07   1.8403415E+07   8.7630580E+06   0.0000000E+00   0.0000000E+00   0.0000000E+00   0.0000000E+00
   1.2924573E-03   1.8350387E+07   1.8350387E+07   1.0023663E+06   1.6268650E+05   2.3096572E+06   1.8337183E+07   1.8350387E+07   8.7401096E+06   0.0000000E+00   0.0000000E+00   0.0000000E+00   0.0000000E+00
   1.3888848E-03   1.8294625E+07   1.8294625E+07   7.9764659E+05   1.4533144E+05   2.0504211E+06   1.8280114E+07   1.8294625E+07   8.7157787E+06   0.0000000E+00   0.0000000E+00   0.0000000E+00   0.0000000E+00
   1.4925065E-03   1.8235953E+07   1.8235953E+07   6.2482602E+05   1.2925322E+05   1.8151530E+06   1.8220088E+07   1.8235953E+07   8.6899229E+06   0.0000000E+00   0.0000000E+00   0.0000000E+00   0.0000000E+00
   1.6038591E-03   1.8174119E+07   1.8174119E+07   5.1749089E+05   1.1451053E+05   1.6027300E+06   1.8156866E+07   1.8174119E+07   8.6623800E+06   0.0000000E+00   0.0000000E+00   0.0000000E+00   0.0000000E+00
   1.7235196E-03   1.8108802E+07   1.8108802E+07   4.6983315E+05   1.0110678E+05   1.4117442E+06   1.8090138E+07   1.8108802E+07   8.6329745E+06   0.0000000E+00   0.0000000E+00   0.0000000E+00   0.0000000E+00
   1.8521076E-03   1.8039627E+07   1.8039627E+07   4.3596679E+05   8.9002995E+04   1.2408509E+06   1.8019538E+07   1.8039627E+07   8.6015198E+06   0.0000000E+00   0.0000000E+00   0.0000000E+00   0.0000000E+00
   1.9902894E-03   1.7966174E+07   1.7966174E+07   3.7063091E+05   7.8132558E+04   1.0888274E+06   1.7944656E+07   1.7966174E+07   8.5678181E+06   0.0000000E+00   0.0000000E+00   0.0000000E+00   0.0000000E+00
   2.1387805E-03   1.7887998E+07   1.7887998E+07   2.7877052E+05   6.8416016E+04   9.5435839E+05   1.7865045E+07   1.7887998E+07   8.5316594E+06   0.0000000E+00   0.0000000E+00   0.0000000E+00   0.0000000E+00
   2.2983503E-03   1.7804629E+07   1.7804629E+07   2.1094293E+05   5.9771625E+04   8.3579399E+05   1.7780238E+07   1.7804629E+07   8.4928243E+06   0.0000000E+00   0.0000000E+00   0.0000000E+00   0.0000000E+00
   2.4698252E-03   1.7715584E+07   1.7715584E+07   1.9248510E+05   5.2117059E+04   7.3125109E+05   1.7689744E+07   1.7715584E+07   8.4510870E+06   0.0000000E+00   0.0000000E+00   0.0000000E+00   0.0000000E+00
   2.6540935E-03   1.7620358E+07   1.7620358E+07   1.8241561E+05   4.5364604E+04   6.3910819E+05   1.7593055E+07   1.7620358E+07   8.4062161E+06   0.0000000E+00   0.0000000E+00   0.0000000E+00   0.0000000E+00
   2.8521097E-03   1.7518428E+07   1.7518428E+07   1.4434744E+05   3.9421993E+04   5.5825906E+05   1.7489644E+07   1.7518428E+07   8.3579742E+06   0.0000000E+00   0.0000000E+00   0.0000000E+00   0.0000000E+00
   3.0648994E-03   1.7409267E+07   1.7409267E+07   1.1142363E+05   3.4203500E+04   4.8759197E+05   1.7378984E+07   1.7409267E+07   8.3061213E+06   0.0000000E+00   0.0000000E+00   0.0000000E+00   0.0000000E+00
   3.2935649E-03   1.7292341E+07   1.7292341E+07   1.0367886E+05   2.9634467E+04   4.2565799E+05   1.7260546E+07   1.7292341E+07   8.2504185E+06   0.0000000E+00   0.0000000E+00   0.0000000E+00   0.0000000E+00
   3.5392906E-03   1.7167116E+07   1.7167116E+07   8.3894801E+04   2.5642478E+04   3.7141239E+05   1.7133801E+07   1.7167116E+07   8.1906256E+06   0.0000000E+00   0.0000000E+00   0.0000000E+00   0.0000000E+00
   3.8033494E-03   1.7033051E+07   1.7033051E+07   6.6330804E+04   2.2158964E+04   3.2416746E+05   1.6998217E+07   1.7033051E+07   8.1264999E+06   0.0000000E+00   0.0000000E+00   0.0000000E+00   0.0000000E+00
   4.0871090E-03   1.6889608E+07   1.6889608E+07   6.4698505E+04   1.9126294E+04   2.8277671E+05   1.6853266E+07   1.6889608E+07   8.0578011E+06   0.0000000E+00   0.0000000E+00   0.0000000E+00   0.0000000E+00
   4.3920393E-03   1.6736251E+07   1.6736251E+07   4.6319779E+04   1.6489097E+04   2.4665822E+05   1.6698430E+07   1.6736251E+07   7.9842916E+06   0.0000000E+00   0.0000000E+00   0.0000000E+00   0.0000000E+00
   4.7197198E-03   1.6572453E+07   1.6572453E+07   4.3308569E+04   1.4198377E+04   2.1523773E+05   1.6533206E+07   1.6572453E+07   7.9057406E+06   0.0000000E+00   0.0000000E+00   0.0000000E+00   0.0000000E+00
   5.0718479E-03   1.6397705E+07   1.6397705E+07   3.4523265E+04   1.2212418E+04   1.8770960E+05   1.6357106E+07   1.6397705E+07   7.8219231E+06   0.0000000E+00   0.0000000E+00   0.0000000E+00   0.0000000E+00
   5.4502474E-03   1.6211512E+07   1.6211512E+07   3.0695183E+04   1.0491909E+04   1.6380107E+05   1.6169634E+07   1.6211512E+07   7.7326096E+06   0.0000000E+00   0.0000000E+00   0.0000000E+00   0.0000000E+00
   5.8568786E-03   1.6013390E+07   1.6013390E+07   2.3260423E+04   9.0037280E+03   1.4285809E+05   1.5970291E+07   1.6013390E+07   7.6375690E+06   0.0000000E+00   0.0000000E+00   0.0000000E+00   0.0000000E+00
   6.2938476E-03   1.5802851E+07   1.5802851E+07   2.2649351E+04   7.7173026E+03   1.2458134E+05   1.5758598E+07   1.5802851E+07   7.5365776E+06   0.0000000E+00   0.0000000E+00   0.0000000E+00   0.0000000E+00
   6.7634179E-03   1.5579404E+07   1.5579404E+07   1.6744709E+04   6.6063741E+03   1.0865772E+05   1.5534102E+07   1.5579404E+07   7.4294245E+06   0.0000000E+00   0.0000000E+00   0.0000000E+00   0.0000000E+00
   7.2680218E-03   1.5342575E+07   1.5342575E+07   1.4249450E+04   5.6483960E+03   9.4697840E+04   1.5296351E+07   1.5342575E+07   7.3158982E+06   0.0000000E+00   0.0000000E+00   0.0000000E+00   0.0000000E+00
   7.8102731E-03   1.5091912E+07   1.5091912E+07   1.2958593E+04   4.8229689E+03   8.2534452E+04   1.5044880E+07   1.5091912E+07   7.1957810E+06   0.0000000E+00   0.0000000E+00   0.0000000E+00   0.0000000E+00
   8.3929806E-03   1.4826973E+07   1.4826973E+07   1.1148362E+04   4.1123988E+03   7.1909120E+04   1.4779252E+07   1.4826973E+07   7.0688670E+06   0.0000000E+00   0.0000000E+00   0.0000000E+00   0.0000000E+00
   9.0191627E-03   1.4547313E+07   1.4547313E+07   8.7812681E+03   3.5013887E+03   6.2611459E+04   1.4499042E+07   1.4547313E+07   6.9349564E+06   0.0000000E+00   0.0000000E+00   0.0000000E+00   0.0000000E+00
   9.6920628E-03   1.4252487E+07   1.4252487E+07   7.1449525E+03   2.9765640E+03   5.4465840E+04   1.4203814E+07   1.4252487E+07   6.7938437E+06   0.0000000E+00   0.0000000E+00   0.0000000E+00   0.0000000E+00
   1.0415167E-02   1.3942074E+07   1.3942074E+07   6.0259364E+03   2.5262331E+03   4.7339062E+04   1.3893146E+07   1.3942074E+07   6.6453294E+06   0.0000000E+00   0.0000000E+00   0.0000000E+00   0.0000000E+00
   1.1192220E-02   1.3615668E+07   1.3615668E+07   5.1331537E+03   2.1402273E+03   4.1097286E+04   1.3566642E+07   1.3615668E+07   6.4892261E+06   0.0000000E+00   0.0000000E+00   0.0000000E+00   0.0000000E+00
   1.2027247E-02   1.3272883E+07   1.3272883E+07   4.4963106E+03   1.8097699E+03   3.5630680E+04   1.3223929E+07   1.3272883E+07   6.3253568E+06   0.0000000E+00   0.0000000E+00   0.0000000E+00   0.0000000E+00
   1.2924573E-02   1.2913374E+07   1.2913374E+07   3.7188089E+03   1.5272177E+03   3.0832079E+04   1.2864652E+07   1.2913374E+07   6.1535543E+06   0.0000000E+00   0.0000000E+00   0.0000000E+00   0.0000000E+00
   1.3888848E-02   1.2536859E+07   1.2536859E+07   2.8114501E+03   1.2859127E+03   2.6647907E+04   1.2488543E+07   1.2536859E+07   5.9736916E+06   0.0000000E+00   0.0000000E+00   0.0000000E+00   0.0000000E+00
   1.4925065E-02   1.2143137E+07   1.2143137E+07   2.5747116E+03   1.0801493E+03   2.2985300E+04   1.2095399E+07   1.2143137E+07   5.7856724E+06   0.0000000E+00   0.0000000E+00   0.0000000E+00   0.0000000E+00
   1.6038591E-02   1.1732150E+07   1.1732150E+07   1.9874641E+03   9.0496038E+02   1.9769951E+04   1.1685164E+07   1.1732150E+07   5.5894709E+06   0.0000000E+00   0.0000000E+00   0.0000000E+00   0.0000000E+00
   1.7235196E-02   1.1304014E+07   1.1304014E+07   1.7609196E+03   7.5605519E+02   1.6965919E+04   1.1257952E+07   1.1304014E+07   5.3851431E+06   0.0000000E+00   0.0000000E+00   0.0000000E+00   0.0000000E+00
   1.8521076E-02   1.0859112E+07   1.0859112E+07   1.3908295E+03   6.2972695E+02   1.4517853E+04   1.0814146E+07   1.0859112E+07   5.1728728E+06   0.0000000E+00   0.0000000E+00   0.0000000E+00   0.0000000E+00
   1.9902893E-02   1.0398168E+07   1.0398168E+07   1.1251204E+03   5.2278669E+02   1.2377956E+04   1.0354462E+07   1.0398168E+07   4.9530027E+06   0.0000000E+00   0.0000000E+00   0.0000000E+00   0.0000000E+00
   2.1387804E-02   9.9223610E+06   9.9223610E+06   9.1802928E+02   4.3248005E+02   1.0517014E+04   9.8800725E+06   9.9223610E+06   4.7260948E+06   0.0000000E+00   0.0000000E+00   0.0000000E+00   0.0000000E+00
   2.2983492E-02   9.4334427E+06   9.4334427E+06   7.5185599E+02   3.5643218E+02   8.9035153E+03   9.3927192E+06   9.4334427E+06   4.4929826E+06   0.0000000E+00   0.0000000E+00   0.0000000E+00   0.0000000E+00
   2.4698193E-02   8.9338762E+06   8.9338762E+06   6.6807459E+02   2.9260241E+02   7.5035218E+03   8.8948496E+06   8.9338762E+06   4.2548374E+06   0.0000000E+00   0.0000000E+00   0.0000000E+00   0.0000000E+00
   2.6540651E-02   8.4269826E+06   8.4269826E+06   4.8602288E+02   2.3923362E+02   6.2970667E+03   8.3897659E+06   8.4269826E+06   4.0132390E+06   0.0000000E+00   0.0000000E+00   0.0000000E+00   0.0000000E+00
   2.8519914E-02   7.9171014E+06   7.9171014E+06   4.1797767E+02   1.9481556E+02   5.2596628E+03   7.8817833E+06   7.9171014E+06   3.7702521E+06   0.0000000E+00   0.0000000E+00   0.0000000E+00   0.0000000E+00
   3.0644671E-02   7.4097742E+06   7.4097742E+06   3.4514900E+02   1.5805353E+02   4.3767046E+03   7.3764129E+06   7.4097742E+06   3.5285132E+06   0.0000000E+00   0.0000000E+00   0.0000000E+00   0.0000000E+00
   3.2921660E-02   6.9119413E+06   6.9119413E+06   2.6419279E+02   1.2784315E+02   3.6291195E+03   6.8805579E+06   6.9119413E+06   3.2913246E+06   0.0000000E+00   0.0000000E+00   0.0000000E+00   0.0000000E+00
   3.5352579E-02   6.4320567E+06   6.4320567E+06   2.1188606E+02   1.0324134E+02   3.0046005E+03   6.4026271E+06   6.4320567E+06   3.0627090E+06   0.0000000E+00   0.0000000E+00   0.0000000E+00   0.0000000E+00
   3.7929459E-02   5.9798395E+06   5.9798395E+06   1.7688286E+02   8.3437920E+01   2.4836909E+03   5.9522884E+06   5.9798395E+06   2.8472912E+06   0.0000000E+00   0.0000000E+00   0.0000000E+00   0.0000000E+00
   4.0630234E-02   5.5652130E+06   5.5652130E+06   1.5031343E+02   6.7711303E+01   2.0622188E+03   5.5394125E+06   5.5652130E+06   2.6497931E+06   0.0000000E+00   0.0000000E+00   0.0000000E+00   0.0000000E+00
   4.3418507E-02   5.1962314E+06   5.1962314E+06   1.1716454E+02   5.5390822E+01   1.7234290E+03   5.1720092E+06   5.1962314E+06   2.4740463E+06   0.0000000E+00   0.0000000E+00   0.0000000E+00   0.0000000E+00
   4.6250887E-02   4.8767459E+06   4.8767459E+06   9.2743168E+01   4.5833406E+01   1.4541906E+03   4.8539038E+06   4.8767459E+06   2.3218809E+06   0.0000000E+00   0.0000000E+00   0.0000000E+00   0.0000000E+00
   4.9089049E-02   4.6053490E+06   4.6053490E+06   7.5541419E+01   3.8437132E+01   1.2413194E+03   4.5836883E+06   4.6053490E+06   2.1926234E+06   0.0000000E+00   0.0000000E+00   0.0000000E+00   0.0000000E+00
   5.1908544E-02   4.3763446E+06   4.3763446E+06   6.4348629E+01   3.2676275E+01   1.0723713E+03   4.3556867E+06   4.3763446E+06   2.0835589E+06   0.0000000E+00   0.0000000E+00   0.0000000E+00   0.0000000E+00
   5.4699933E-02   4.1818262E+06   4.1818262E+06   5.7857772E+01   2.8126318E+01   9.3690661E+02   4.1620246E+06   4.1818262E+06   1.9909205E+06   0.0000000E+00   0.0000000E+00   0.0000000E+00   0.0000000E+00
   5.7464786E-02   4.0135202E+06   4.0135202E+06   5.1223019E+01   2.4465176E+01   8.2658552E+02   3.9944633E+06   4.0135202E+06   1.9107674E+06   0.0000000E+00   0.0000000E+00   0.0000000E+00   0.0000000E+00
   6.0210824E-02   3.8638476E+06   3.8638476E+06   4.3003470E+01   2.1458104E+01   7.3439268E+02   3.8454568E+06   3.8638476E+06   1.8394900E+06   0.0000000E+00   0.0000000E+00   0.0000000E+00   0.0000000E+00
   6.2948388E-02   3.7263499E+06   3.7263499E+06   3.7759526E+01   1.8937410E+01   6.5559213E+02   3.7085752E+06   3.7263499E+06   1.7740125E+06   0.0000000E+00   0.0000000E+00   0.0000000E+00   0.0000000E+00
   6.5688411E-02   3.5957819E+06   3.5957819E+06   3.5424740E+01   1.6784212E+01   5.8751648E+02   3.5785966E+06   3.5957819E+06   1.7118370E+06   0.0000000E+00   0.0000000E+00   0.0000000E+00   0.0000000E+00
   6.8441458E-02   3.4680780E+06   3.4680780E+06   3.2153952E+01   1.4914515E+01   5.2789351E+02   3.4514737E+06   3.4680780E+06   1.6510275E+06   0.0000000E+00   0.0000000E+00   0.0000000E+00   0.0000000E+00
   7.1217348E-02   3.3402910E+06   3.3402910E+06   2.7354175E+01   1.3269119E+01   4.7457968E+02   3.3242728E+06   3.3402910E+06   1.5901806E+06   0.0000000E+00   0.0000000E+00   0.0000000E+00   0.0000000E+00
   7.4025083E-02   3.2105338E+06   3.2105338E+06   2.3088654E+01   1.1806405E+01   4.2624228E+02   3.1951151E+06   3.2105338E+06   1.5283976E+06   0.0000000E+00   0.0000000E+00   0.0000000E+00   0.0000000E+00
   7.6872899E-02   3.0779240E+06   3.0779240E+06   2.0067984E+01   1.0497267E+01   3.8230999E+02   3.0631220E+06   3.0779240E+06   1.4652583E+06   0.0000000E+00   0.0000000E+00   0.0000000E+00   0.0000000E+00
   7.9768372E-02   2.9425201E+06   2.9425201E+06   1.7756844E+01   9.3215452E+00   3.4243157E+02   2.9283515E+06   2.9425201E+06   1.4007904E+06   0.0000000E+00   0.0000000E+00   0.0000000E+00   0.0000000E+00
   8.2718530E-02   2.8052347E+06   2.8052347E+06   1.5903189E+01   8.2652813E+00   3.0624821E+02   2.7917113E+06   2.8052347E+06   1.3354281E+06   0.0000000E+00   0.0000000E+00   0.0000000E+00   0.0000000E+00
   8.5729959E-02   2.6677106E+06   2.6677106E+06   1.4771504E+01   7.3186247E+00   2.7344676E+02   2.6548362E+06   2.6677106E+06   1.2699533E+06   0.0000000E+00   0.0000000E+00   0.0000000E+00   0.0000000E+00
   8.8808899E-02   2.5321515E+06   2.5321515E+06   1.3819545E+01   6.4743048E+00   2.4365139E+02   2.5199189E+06   2.5321515E+06   1.2054151E+06   0.0000000E+00   0.0000000E+00   0.0000000E+00   0.0000000E+00
   9.1961320E-02   2.4011025E+06   2.4011025E+06   1.1546942E+01   5.7262963E+00   2.1698331E+02   2.3894919E+06   2.4011025E+06   1.1430248E+06   0.0000000E+00   0.0000000E+00   0.0000000E+00   0.0000000E+00
   9.5192989E-02   2.2771841E+06   2.2771841E+06   1.0110002E+01   5.0689120E+00   1.9360984E+02   2.2661629E+06   2.2771841E+06   1.0840299E+06   0.0000000E+00   0.0000000E+00   0.0000000E+00   0.0000000E+00
   9.8509525E-02   2.1627950E+06   2.1627950E+06   9.4068300E+00   4.4960710E+00   1.7291135E+02   2.1523186E+06   2.1627950E+06   1.0295720E+06   0.0000000E+00   0.0000000E+00   0.0000000E+00   0.0000000E+00
   1.0191644E-01   2.0598034E+06   2.0598034E+06   7.9715355E+00   4.0008607E+00   1.5504350E+02   2.0498181E+06   2.0598034E+06   9.8054039E+05   0.0000000E+00   0.0000000E+00   0.0000000E+00   0.0000000E+00
   1.0541919E-01   1.9692640E+06   1.9692640E+06   6.8363747E+00   3.5753264E+00   1.3942219E+02   1.9597105E+06   1.9692640E+06   9.3743706E+05   0.0000000E+00   0.0000000E+00   0.0000000E+00   0.0000000E+00
   1.0902318E-01   1.8911977E+06   1.8911977E+06   6.1167865E+00   3.2105435E+00   1.2599723E+02   1.8820165E+06   1.8911977E+06   9.0027180E+05   0.0000000E+00   0.0000000E+00   0.0000000E+00   0.0000000E+00
   1.1273380E-01   1.8244797E+06   1.8244797E+06   5.5982969E+00   2.8968910E+00   1.1448165E+02   1.8156166E+06   1.8244797E+06   8.6850911E+05   0.0000000E+00   0.0000000E+00   0.0000000E+00   0.0000000E+00
   1.1655645E-01   1.7668750E+06   1.7668750E+06   5.5039249E+00   2.6245340E+00   1.0437277E+02   1.7582863E+06   1.7668750E+06   8.4108495E+05   0.0000000E+00   0.0000000E+00   0.0000000E+00   0.0000000E+00
   1.2049656E-01   1.7152471E+06   1.7152471E+06   4.7217496E+00   2.3840277E+00   9.5263928E+01   1.7069045E+06   1.7152471E+06   8.1650621E+05   0.0000000E+00   0.0000000E+00   0.0000000E+00   0.0000000E+00
   1.2455957E-01   1.6659428E+06   1.6659428E+06   4.5361677E+00   2.1669770E+00   8.7209311E+01   1.6578355E+06   1.6659428E+06   7.9303384E+05   0.0000000E+00   0.0000000E+00   0.0000000E+00   0.0000000E+00
   1.2875099E-01   1.6153226E+06   1.6153226E+06   3.8879773E+00   1.9666313E+00   7.9616236E+01   1.6074575E+06   1.6153226E+06   7.6893530E+05   0.0000000E+00   0.0000000E+00   0.0000000E+00   0.0000000E+00
   1.3307636E-01   1.5603672E+06   1.5603672E+06   3.5207291E+00   1.7783199E+00   7.2362074E+01   1.5527659E+06   1.5603672E+06   7.4277336E+05   0.0000000E+00   0.0000000E+00   0.0000000E+00   0.0000000E+00
   1.3754128E-01   1.4992563E+06   1.4992563E+06   3.1211656E+00   1.5996285E+00   6.5443759E+01   1.4919493E+06   1.4992563E+06   7.1368142E+05   0.0000000E+00   0.0000000E+00   0.0000000E+00   0.0000000E+00
   1.4215142E-01   1.4317895E+06   1.4317895E+06   2.9245985E+00   1.4302601E+00   5.8882424E+01   1.4248082E+06   1.4317895E+06   6.8156418E+05   0.0000000E+00   0.0000000E+00   0.0000000E+00   0.0000000E+00
   1.4691251E-01   1.3595249E+06   1.3595249E+06   2.4747688E+00   1.2715699E+00   5.2553449E+01   1.3528932E+06   1.3595249E+06   6.4716329E+05   0.0000000E+00   0.0000000E+00   0.0000000E+00   0.0000000E+00
   1.5183037E-01   1.2855422E+06   1.2855422E+06   2.3175488E+00   1.1258312E+00   4.6765810E+01   1.2792689E+06   1.2855422E+06   6.1194475E+05   0.0000000E+00   0.0000000E+00   0.0000000E+00   0.0000000E+00
   1.5691087E-01   1.2138155E+06   1.2138155E+06   2.0435381E+00   9.9536712E-01   4.1554066E+01   1.2078900E+06   1.2138155E+06   5.7780030E+05   0.0000000E+00   0.0000000E+00   0.0000000E+00   0.0000000E+00
   1.6215999E-01   1.1482827E+06   1.1482827E+06   1.7154337E+00   8.8170944E-01   3.6996940E+01   1.1426752E+06   1.1482827E+06   5.4660448E+05   0.0000000E+00   0.0000000E+00   0.0000000E+00   0.0000000E+00
   1.6758380E-01   1.0918122E+06   1.0918122E+06   1.5963898E+00   7.8499689E-01   3.3131020E+01   1.0864786E+06   1.0918122E+06   5.1972258E+05   0.0000000E+00   0.0000000E+00   0.0000000E+00   0.0000000E+00
   1.7318846E-01   1.0453483E+06   1.0453483E+06   1.4045638E+00   7.0375036E-01   2.9816448E+01   1.0402401E+06   1.0453483E+06   4.9760415E+05   0.0000000E+00   0.0000000E+00   0.0000000E+00   0.0000000E+00
   1.7898026E-01   1.0075334E+06   1.0075334E+06   1.2801257E+00   6.3511044E-01   2.7021757E+01   1.0026085E+06   1.0075334E+06   4.7960288E+05   0.0000000E+00   0.0000000E+00   0.0000000E+00   0.0000000E+00
   1.8496560E-01   9.7501042E+05   9.7501042E+05   1.1135239E+00   5.7547795E-01   2.4612511E+01   9.7024315E+05   9.7501042E+05   4.6412078E+05   0.0000000E+00   0.0000000E+00   0.0000000E+00   0.0000000E+00
   1.9115106E-01   9.4341784E+05   9.4341784E+05   1.0777748E+00   5.2138022E-01   2.2395951E+01   9.3880381E+05   9.4341784E+05   4.4908162E+05   0.0000000E+00   0.0000000E+00   0.0000000E+00   0.0000000E+00
   1.9754336E-01   9.0882718E+05   9.0882718E+05   9.5672263E-01   4.7029218E-01   2.0302701E+01   9.0438121E+05   9.0882718E+05   4.3261539E+05   0.0000000E+00   0.0000000E+00   0.0000000E+00   0.0000000E+00
   2.0414942E-01   8.6914504E+05   8.6914504E+05   8.6065369E-01   4.2113509E-01   1.8251199E+01   8.6489218E+05   8.6914504E+05   4.1372562E+05   0.0000000E+00   0.0000000E+00   0.0000000E+00   0.0000000E+00
   2.1097639E-01   8.2491183E+05   8.2491183E+05   7.5648511E-01   3.7427027E-01   1.6278858E+01   8.2087451E+05   8.2491183E+05   3.9266955E+05   0.0000000E+00   0.0000000E+00   0.0000000E+00   0.0000000E+00
   2.1803170E-01   7.7907793E+05   7.7907793E+05   6.5917690E-01   3.3098603E-01   1.4465089E+01   7.7526412E+05   7.7907793E+05   3.7085159E+05   0.0000000E+00   0.0000000E+00   0.0000000E+00   0.0000000E+00
   2.2532306E-01   7.3572499E+05   7.3572499E+05   5.8919319E-01   2.9267959E-01   1.2839927E+01   7.3212269E+05   7.3572499E+05   3.5021467E+05   0.0000000E+00   0.0000000E+00   0.0000000E+00   0.0000000E+00
   2.3285856E-01   6.9820391E+05   6.9820391E+05   5.2444840E-01   2.6007535E-01   1.1438779E+01   6.9478467E+05   6.9820391E+05   3.3235384E+05   0.0000000E+00   0.0000000E+00   0.0000000E+00   0.0000000E+00
   2.4064667E-01   6.6754059E+05   6.6754059E+05   4.7323259E-01   2.3282211E-01   1.0287332E+01   6.6427094E+05   6.6754059E+05   3.1775744E+05   0.0000000E+00   0.0000000E+00   0.0000000E+00   0.0000000E+00
   2.4869636E-01   6.4196255E+05   6.4196255E+05   4.1887367E-01   2.0964132E-01   9.2958906E+00   6.3881766E+05   6.4196255E+05   3.0558173E+05   0.0000000E+00   0.0000000E+00   0.0000000E+00   0.0000000E+00
   2.5701715E-01   6.1790758E+05   6.1790758E+05   3.8192920E-01   1.8893182E-01   8.4013794E+00   6.1488005E+05   6.1790758E+05   2.9413105E+05   0.0000000E+00   0.0000000E+00   0.0000000E+00   0.0000000E+00
   2.6561921E-01   5.9205853E+05   5.9205853E+05   3.4422553E-01   1.6949503E-01   7.5624308E+00   5.8915721E+05   5.9205853E+05   2.8182641E+05   0.0000000E+00   0.0000000E+00   0.0000000E+00   0.0000000E+00
   2.7451342E-01   5.6324975E+05   5.6324975E+05   3.0026199E-01   1.5097198E-01   6.7592413E+00   5.6048922E+05   5.6324975E+05   2.6811293E+05   0.0000000E+00   0.0000000E+00   0.0000000E+00   0.0000000E+00
   2.8371154E-01   5.3302420E+05   5.3302420E+05   2.6820017E-01   1.3376095E-01   6.0128872E+00   5.3041146E+05   5.3302420E+05   2.5372508E+05   0.0000000E+00   0.0000000E+00   0.0000000E+00   0.0000000E+00
   2.9322630E-01   5.0439611E+05   5.0439611E+05   2.3585203E-01   1.1849911E-01   5.3437823E+00   5.0192339E+05   5.0439611E+05   2.4009766E+05   0.0000000E+00   0.0000000E+00   0.0000000E+00   0.0000000E+00
   3.0307156E-01   4.7961493E+05   4.7961493E+05   2.0915103E-01   1.0547705E-01   4.7680729E+00   4.7726342E+05   4.7961493E+05   2.2830144E+05   0.0000000E+00   0.0000000E+00   0.0000000E+00   0.0000000E+00
   3.1326249E-01   4.5856069E+05   4.5856069E+05   1.8666998E-01   9.4392318E-02   4.2808851E+00   4.5631216E+05   4.5856069E+05   2.1827929E+05   0.0000000E+00   0.0000000E+00   0.0000000E+00   0.0000000E+00
   3.2381578E-01   4.3904321E+05   4.3904321E+05   1.6854501E-01   8.4580127E-02   3.8487206E+00   4.3689016E+05   4.3904321E+05   2.0898868E+05   0.0000000E+00   0.0000000E+00   0.0000000E+00   0.0000000E+00
   3.3474987E-01   4.1878207E+05   4.1878207E+05   1.4977264E-01   7.5493397E-02   3.4457681E+00   4.1672818E+05   4.1878207E+05   1.9934409E+05   0.0000000E+00   0.0000000E+00   0.0000000E+00   0.0000000E+00
   3.4608523E-01   3.9734389E+05   3.9734389E+05   1.3311059E-01   6.7014704E-02   3.0650926E+00   3.9539495E+05   3.9734389E+05   1.8913923E+05   0.0000000E+00   0.0000000E+00   0.0000000E+00   0.0000000E+00
   3.5784468E-01   3.7625346E+05   3.7625346E+05   1.1771115E-01   5.9356833E-02   2.7246716E+00   3.7440781E+05   3.7625346E+05   1.7909992E+05   0.0000000E+00   0.0000000E+00   0.0000000E+00   0.0000000E+00
   3.7005384E-01   3.5720512E+05   3.5720512E+05   1.0557452E-01   5.2695357E-02   2.4247068E+00   3.5545276E+05   3.5720512E+05   1.7003268E+05   0.0000000E+00   0.0000000E+00   0.0000000E+00   0.0000000E+00
   3.8274154E-01   3.4026979E+05   3.4026979E+05   9.2972071E-02   4.6924187E-02   2.1648813E+00   3.3860038E+05   3.4026979E+05   1.6197126E+05   0.0000000E+00   0.0000000E+00   0.0000000E+00   0.0000000E+00
   3.9594048E-01   3.2404724E+05   3.2404724E+05   8.3018296E-02   4.1757548E-02   1.9318884E+00   3.2245730E+05   3.2404724E+05   1.5424913E+05   0.0000000E+00   0.0000000E+00   0.0000000E+00   0.0000000E+00
   4.0968787E-01   3.0748621E+05   3.0748621E+05   7.3524571E-02   3.7009399E-02   1.7158466E+00   3.0597742E+05   3.0748621E+05   1.4636590E+05   0.0000000E+00   0.0000000E+00   0.0000000E+00   0.0000000E+00
   4.2402636E-01   2.9104555E+05   2.9104555E+05   6.5223324E-02   3.2701956E-02   1.5201066E+00   2.8961734E+05   2.9104555E+05   1.3853997E+05   0.0000000E+00   0.0000000E+00   0.0000000E+00   0.0000000E+00
   4.3900510E-01   2.7574607E+05   2.7574607E+05   5.7469544E-02   2.8904906E-02   1.3465731E+00   2.7439285E+05   2.7574607E+05   1.3125725E+05   0.0000000E+00   0.0000000E+00   0.0000000E+00   0.0000000E+00
   4.5468111E-01   2.6160498E+05   2.6160498E+05   5.0962412E-02   2.5564424E-02   1.1938259E+00   2.6032108E+05   2.6160498E+05   1.2452595E+05   0.0000000E+00   0.0000000E+00   0.0000000E+00   0.0000000E+00
   4.7112099E-01   2.4779899E+05   2.4779899E+05   4.4854929E-02   2.2554873E-02   1.0560428E+00   2.4658278E+05   2.4779899E+05   1.1795416E+05   0.0000000E+00   0.0000000E+00   0.0000000E+00   0.0000000E+00
   4.8840309E-01   2.3409416E+05   2.3409416E+05   3.9429879E-02   1.9826423E-02   9.3022688E-01   2.3294515E+05   2.3409416E+05   1.1143053E+05   0.0000000E+00   0.0000000E+00   0.0000000E+00   0.0000000E+00
   5.0662028E-01   2.2101041E+05   2.2101041E+05   3.4570845E-02   1.7396459E-02   8.1810883E-01   2.1992557E+05   2.2101041E+05   1.0520255E+05   0.0000000E+00   0.0000000E+00   0.0000000E+00   0.0000000E+00
   5.2588350E-01   2.0863235E+05   2.0863235E+05   3.0286488E-02   1.5241159E-02   7.1838331E-01   2.0760822E+05   2.0863235E+05   9.9310475E+04   0.0000000E+00   0.0000000E+00   0.0000000E+00   0.0000000E+00
   5.4632633E-01   1.9653099E+05   1.9653099E+05   2.6452873E-02   1.3302861E-02   6.2883555E-01   1.9556622E+05   1.9653099E+05   9.3550122E+04   0.0000000E+00   0.0000000E+00   0.0000000E+00   0.0000000E+00
   5.6811091E-01   1.8472086E+05   1.8472086E+05   2.2974261E-02   1.1563008E-02   5.4770652E-01   1.8381403E+05   1.8472086E+05   8.7928400E+04   0.0000000E+00   0.0000000E+00   0.0000000E+00   0.0000000E+00
   5.9143553E-01   1.7338876E+05   1.7338876E+05   1.9901865E-02   1.0014498E-02   4.7524909E-01   1.7253752E+05   1.7338876E+05   8.2534224E+04   0.0000000E+00   0.0000000E+00   0.0000000E+00   0.0000000E+00
   6.1654428E-01   1.6234016E+05   1.6234016E+05   1.7151683E-02   8.6282628E-03   4.1031693E-01   1.6154313E+05   1.6234016E+05   7.7275001E+04   0.0000000E+00   0.0000000E+00   0.0000000E+00   0.0000000E+00
   6.4373908E-01   1.5154892E+05   1.5154892E+05   1.4680575E-02   7.3885875E-03   3.5208070E-01   1.5080484E+05   1.5154892E+05   7.2138286E+04   0.0000000E+00   0.0000000E+00   0.0000000E+00   0.0000000E+00
   6.7339396E-01   1.4105498E+05   1.4105498E+05   1.2485999E-02   6.2846394E-03   3.0026339E-01   1.4036240E+05   1.4105498E+05   6.7143089E+04   0.0000000E+00   0.0000000E+00   0.0000000E+00   0.0000000E+00
   7.0597034E-01   1.3076701E+05   1.3076701E+05   1.0529530E-02   5.3009977E-03   2.5384062E-01   1.3012492E+05   1.3076701E+05   6.2245937E+04   0.0000000E+00   0.0000000E+00   0.0000000E+00   0.0000000E+00
   7.4202989E-01   1.2070888E+05   1.2070888E+05   8.7970295E-03   4.4292569E-03   2.1249481E-01   1.2011616E+05   1.2070888E+05   5.7458192E+04   0.0000000E+00   0.0000000E+00   0.0000000E+00   0.0000000E+00
   7.8223719E-01   1.1085532E+05   1.1085532E+05   7.2701828E-03   3.6602963E-03   1.7605315E-01   1.1031097E+05   1.1085532E+05   5.2767828E+04   0.0000000E+00   0.0000000E+00   0.0000000E+00   0.0000000E+00
   8.2733817E-01   1.0123452E+05   1.0123452E+05   5.9708455E-03   2.9881416E-03   1.4404550E-01   1.0073739E+05   1.0123452E+05   4.8188260E+04   0.0000000E+00   0.0000000E+00   0.0000000E+00   0.0000000E+00
   8.7809716E-01   9.1890765E+04   9.1890765E+04   4.7807484E-03   2.4078381E-03   1.1638017E-01   9.1439509E+04   9.1890765E+04   4.3740568E+04   0.0000000E+00   0.0000000E+00   0.0000000E+00   0.0000000E+00
   9.3518590E-01   8.2907753E+04   8.2907753E+04   3.8024909E-03   1.9153219E-03   9.2800284E-02   8.2500600E+04   8.2907753E+04   3.9464594E+04   0.0000000E+00   0.0000000E+00   0.0000000E+00   0.0000000E+00
   9.9905687E-01   7.4394961E+04   7.4394961E+04   2.9888215E-03   1.5059403E-03   7.3130991E-02   7.4029603E+04   7.4394961E+04   3.5412448E+04   0.0000000E+00   0.0000000E+00   0.0000000E+00   0.0000000E+00
   1.0698825E+00   6.6459905E+04   6.6459905E+04   2.3279065E-03   1.1730981E-03   5.7052325E-02   6.6133509E+04   6.6459905E+04   3.1635310E+04   0.0000000E+00   0.0000000E+00   0.0000000E+00   0.0000000E+00
   1.1476279E+00   5.9179975E+04   5.9179975E+04   1.8020840E-03   9.0786519E-04   4.4259368E-02   5.8889326E+04   5.9179975E+04   2.8170018E+04   0.0000000E+00   0.0000000E+00   0.0000000E+00   0.0000000E+00
   1.2322214E+00   5.2587336E+04   5.2587336E+04   1.3886932E-03   6.9976809E-04   3.4192478E-02   5.2329060E+04   5.2587336E+04   2.5031880E+04   0.0000000E+00   0.0000000E+00   0.0000000E+00   0.0000000E+00
   1.3237038E+00   4.6668781E+04   4.6668781E+04   1.0678924E-03   5.3814217E-04   2.6352048E-02   4.6439570E+04   4.6668781E+04   2.2214612E+04   0.0000000E+00   0.0000000E+00   0.0000000E+00   0.0000000E+00
   1.4222879E+00   4.1381500E+04   4.1381500E+04   8.1999346E-04   4.1331893E-04   2.0279202E-02   4.1178254E+04   4.1381500E+04   1.9697834E+04   0.0000000E+00   0.0000000E+00   0.0000000E+00   0.0000000E+00
   1.5283422E+00   3.6671739E+04   3.6671739E+04   6.2921494E-04   3.1720974E-04   1.5580672E-02   3.6491623E+04   3.6671739E+04   1.7455959E+04   0.0000000E+00   0.0000000E+00   0.0000000E+00   0.0000000E+00
   1.6423508E+00   3.2481996E+04   3.2481996E+04   4.8277329E-04   2.4331501E-04   1.1976504E-02   3.2322457E+04   3.2481996E+04   1.5461617E+04   0.0000000E+00   0.0000000E+00   0.0000000E+00   0.0000000E+00
   1.7648785E+00   2.8758351E+04   2.8758351E+04   3.6999815E-04   1.8654985E-04   9.1909071E-03   2.8617099E+04   2.8758351E+04   1.3689139E+04   0.0000000E+00   0.0000000E+00   0.0000000E+00   0.0000000E+00
   1.8965512E+00   2.5450894E+04   2.5450894E+04   2.8351392E-04   1.4296731E-04   7.0588237E-03   2.5325887E+04   2.5450894E+04   1.2114771E+04   0.0000000E+00   0.0000000E+00   0.0000000E+00   0.0000000E+00
   2.0380486E+00   2.2514845E+04   2.2514845E+04   2.1717335E-04   1.0952296E-04   5.4173889E-03   2.2404258E+04   2.2514845E+04   1.0717194E+04   0.0000000E+00   0.0000000E+00   0.0000000E+00   0.0000000E+00
   2.1901029E+00   1.9909709E+04   1.9909709E+04   1.6629452E-04   8.3869544E-05   4.1491831E-03   1.9811917E+04   1.9909709E+04   9.4771343E+03   0.0000000E+00   0.0000000E+00   0.0000000E+00   0.0000000E+00
   2.3535017E+00   1.7599410E+04   1.7599410E+04   1.2715328E-04   6.4200847E-05   3.1784607E-03   1.7512966E+04   1.7599410E+04   8.3774189E+03   0.0000000E+00   0.0000000E+00   0.0000000E+00   0.0000000E+00
   2.5290914E+00   1.5551509E+04   1.5551509E+04   9.7425051E-05   4.9126843E-05   2.4369194E-03   1.5475123E+04   1.5551509E+04   7.4026063E+03   0.0000000E+00   0.0000000E+00   0.0000000E+00   0.0000000E+00
   2.7177814E+00   1.3737029E+04   1.3737029E+04   7.4513874E-05   3.7578837E-05   1.8656929E-03   1.3669555E+04   1.3737029E+04   6.5389034E+03   0.0000000E+00   0.0000000E+00   0.0000000E+00   0.0000000E+00
   2.9205492E+00   1.2130085E+04   1.2130085E+04   5.6972319E-05   2.8735522E-05   1.4283232E-03   1.2070504E+04   1.2130085E+04   5.7739888E+03   0.0000000E+00   0.0000000E+00   0.0000000E+00   0.0000000E+00
   3.1384450E+00   1.0707546E+04   1.0707546E+04   4.3548002E-05   2.1965983E-05   1.0932010E-03   1.0654952E+04   1.0707546E+04   5.0968523E+03   0.0000000E+00   0.0000000E+00   0.0000000E+00   0.0000000E+00
   3.3725976E+00   9.4487706E+03   9.4487706E+03   3.3276687E-05   1.6785811E-05   8.3506635E-04   9.4023593E+03   9.4487706E+03   4.4976678E+03   0.0000000E+00   0.0000000E+00   0.0000000E+00   0.0000000E+00
   3.6242197E+00   8.3353514E+03   8.3353514E+03   2.5391285E-05   1.2823252E-05   6.3868262E-04   8.2944090E+03   8.3353514E+03   3.9676740E+03   0.0000000E+00   0.0000000E+00   0.0000000E+00   0.0000000E+00
   3.8946149E+00   7.3508859E+03   7.3508859E+03   1.9415043E-05   9.7931431E-06   4.8851064E-04   7.3147790E+03   7.3508859E+03   3.4990629E+03   0.0000000E+00   0.0000000E+00   0.0000000E+00   0.0000000E+00
   4.1851837E+00   6.4807662E+03   6.4807662E+03   1.4825076E-05   7.4768454E-06   3.7243963E-04   6.4489333E+03   6.4807662E+03   3.0848810E+03   0.0000000E+00   0.0000000E+00   0.0000000E+00   0.0000000E+00
   4.4974311E+00   5.7119912E+03   5.7119912E+03   1.1312277E-05   5.7067723E-06   2.8467486E-04   5.6839343E+03   5.7119912E+03   2.7189398E+03   0.0000000E+00   0.0000000E+00   0.0000000E+00   0.0000000E+00
   4.8329747E+00   5.0329968E+03   5.0329968E+03   8.6236652E-06   4.3545395E-06   2.1742174E-04   5.0082750E+03   5.0329968E+03   2.3957346E+03   0.0000000E+00   0.0000000E+00   0.0000000E+00   0.0000000E+00
   5.1935525E+00   4.4335034E+03   4.4335034E+03   6.5847949E-06   3.3218289E-06   1.6560898E-04   4.4117263E+03   4.4335034E+03   2.1103724E+03   0.0000000E+00   0.0000000E+00   0.0000000E+00   0.0000000E+00
   5.5810321E+00   3.9043784E+03   3.9043784E+03   5.0209164E-06   2.5333715E-06   1.2665366E-04   3.8852003E+03   3.9043784E+03   1.8585059E+03   0.0000000E+00   0.0000000E+00   0.0000000E+00   0.0000000E+00
   5.9974208E+00   3.4375125E+03   3.4375125E+03   3.8268733E-06   1.9315708E-06   9.6484234E-05   3.4206276E+03   3.4375125E+03   1.6362752E+03   0.0000000E+00   0.0000000E+00   0.0000000E+00   0.0000000E+00
   6.4448754E+00   3.0257089E+03   3.0257089E+03   2.9180699E-06   1.4723663E-06   7.3716298E-05   3.0108468E+03   3.0257089E+03   1.4402544E+03   0.0000000E+00   0.0000000E+00   0.0000000E+00   0.0000000E+00
   6.9257135E+00   2.6625839E+03   2.6625839E+03   2.2237917E-06   1.1220646E-06   5.6209978E-05   2.6495055E+03   2.6625839E+03   1.2674048E+03   0.0000000E+00   0.0000000E+00   0.0000000E+00   0.0000000E+00
   7.4424260E+00   2.3424777E+03   2.3424777E+03   1.6951297E-06   8.5490899E-07   4.2790537E-05   2.3309716E+03   2.3424777E+03   1.1150325E+03   0.0000000E+00   0.0000000E+00   0.0000000E+00   0.0000000E+00
   7.9976892E+00   2.0603748E+03   2.0603748E+03   1.2905256E-06   6.5121594E-07   3.2743593E-05   2.0502543E+03   2.0603748E+03   9.8074990E+02   0.0000000E+00   0.0000000E+00   0.0000000E+00   0.0000000E+00
   8.5943794E+00   1.8118326E+03   1.8118326E+03   9.8271384E-07   4.9594854E-07   2.4896851E-05   1.8029329E+03   1.8118326E+03   8.6244242E+02   0.0000000E+00   0.0000000E+00   0.0000000E+00   0.0000000E+00
   9.2355874E+00   1.5929177E+03   1.5929177E+03   7.4822002E-07   3.7762247E-07   1.8852575E-05   1.5850934E+03   1.5929177E+03   7.5823773E+02   0.0000000E+00   0.0000000E+00   0.0000000E+00   0.0000000E+00
   9.9246345E+00   1.4001493E+03   1.4001493E+03   5.6974040E-07   2.8746950E-07   1.4358275E-05   1.3932718E+03   1.4001493E+03   6.6647886E+02   0.0000000E+00   0.0000000E+00   0.0000000E+00   0.0000000E+00
   1.0665090E+01   1.2304477E+03   1.2304477E+03   4.3336172E-07   2.1879717E-07   1.0946340E-05   1.2244038E+03   1.2304477E+03   5.8569999E+02   0.0000000E+00   0.0000000E+00   0.0000000E+00   0.0000000E+00
