#           k/h    CDM            baryon         photon         nu             mass_nu        total          no_nu          total_de       Weyl           v_CDM          v_b            v_b-v_c     
   9.6823889E-06   9.3712200E+06   9.3712200E+06   1.2492973E+07   1.7625743E+04   -9.1491958E+03   9.3714639E+06   9.3712200E+06   8.9511615E+06   0.0000000E+00   0.0000000E+00   0.0000000E+00   0.0000000E+00
   1.0404771E-05   9.3712178E+06   9.3712178E+06   1.2492662E+07   1.7625429E+04   -9.1491908E+03   9.3714616E+06   9.3712178E+06   8.9511593E+06   0.0000000E+00   0.0000000E+00   0.0000000E+00   0.0000000E+00
   1.1181048E-05   9.3712154E+06   9.3712154E+06   1.2492304E+07   1.7625066E+04   -9.1491849E+03   9.3714589E+06   9.3712154E+06   8.9511567E+06   0.0000000E+00   0.0000000E+00   0.0000000E+00   0.0000000E+00
   1.2015242E-05   9.3712125E+06   9.3712125E+06   1.2491890E+07   1.7624647E+04   -9.1491781E+03   9.3714558E+06   9.3712125E+06   8.9511538E+06   0.0000000E+00   0.0000000E+00   0.0000000E+00   0.0000000E+00
   1.2911673E-05   9.3712092E+06   9.3712092E+06   1.2491412E+07   1.7624164E+04   -9.1491702E+03   9.3714523E+06   9.3712092E+06   8.9511504E+06   0.0000000E+00   0.0000000E+00   0.0000000E+00   0.0000000E+00
   1.3874985E-05   9.3712054E+06   9.3712054E+06   1.2490860E+07   1.7623605E+04   -9.1491610E+03   9.3714481E+06   9.3712054E+06   8.9511464E+06   0.0000000E+00   0.0000000E+00   0.0000000E+00   0.0000000E+00
   1.4910167E-05   9.3712010E+06   9.3712010E+06   1.2490223E+07   1.7622960E+04   -9.1491503E+03   9.3714433E+06   9.3712010E+06   8.9511419E+06   0.0000000E+00   0.0000000E+00   0.0000000E+00   0.0000000E+00
   1.6022583E-05   9.3711959E+06   9.3711959E+06   1.2489487E+07   1.7622215E+04   -9.1491377E+03   9.3714378E+06   9.3711959E+06   8.9511366E+06   0.0000000E+00   0.0000000E+00   0.0000000E+00   0.0000000E+00
   1.7217993E-05   9.3711900E+06   9.3711900E+06   1.2488637E+07   1.7621355E+04   -9.1491230E+03   9.3714315E+06   9.3711900E+06   8.9511305E+06   0.0000000E+00   0.0000000E+00   0.0000000E+00   0.0000000E+00
   1.8502590E-05   9.3711832E+06   9.3711832E+06   1.2487655E+07   1.7620362E+04   -9.1491058E+03   9.3714241E+06   9.3711832E+06   8.9511235E+06   0.0000000E+00   0.0000000E+00   0.0000000E+00   0.0000000E+00
   1.9883028E-05   9.3711753E+06   9.3711753E+06   1.2486522E+07   1.7619215E+04   -9.1490855E+03   9.3714156E+06   9.3711753E+06   8.9511154E+06   0.0000000E+00   0.0000000E+00   0.0000000E+00   0.0000000E+00
   2.1366457E-05   9.3711663E+06   9.3711663E+06   1.2485214E+07   1.7617891E+04   -9.1490617E+03   9.3714058E+06   9.3711663E+06   8.9511061E+06   0.0000000E+00   0.0000000E+00   0.0000000E+00   0.0000000E+00
   2.2960562E-05   9.3711558E+06   9.3711558E+06   1.2483703E+07   1.7616361E+04   -9.1490335E+03   9.3713945E+06   9.3711558E+06   8.9510953E+06   0.0000000E+00   0.0000000E+00   0.0000000E+00   0.0000000E+00
   2.4673600E-05   9.3711438E+06   9.3711438E+06   1.2481959E+07   1.7614596E+04   -9.1490001E+03   9.3713814E+06   9.3711438E+06   8.9510828E+06   0.0000000E+00   0.0000000E+00   0.0000000E+00   0.0000000E+00
   2.6514444E-05   9.3711298E+06   9.3711298E+06   1.2479945E+07   1.7612557E+04   -9.1489604E+03   9.3713663E+06   9.3711298E+06   8.9510684E+06   0.0000000E+00   0.0000000E+00   0.0000000E+00   0.0000000E+00
   2.8492629E-05   9.3711137E+06   9.3711137E+06   1.2477620E+07   1.7610203E+04   -9.1489131E+03   9.3713489E+06   9.3711137E+06   8.9510518E+06   0.0000000E+00   0.0000000E+00   0.0000000E+00   0.0000000E+00
   3.0618402E-05   9.3710951E+06   9.3710951E+06   1.2474935E+07   1.7607485E+04   -9.1488565E+03   9.3713288E+06   9.3710951E+06   8.9510326E+06   0.0000000E+00   0.0000000E+00   0.0000000E+00   0.0000000E+00
   3.2902775E-05   9.3710737E+06   9.3710737E+06   1.2471835E+07   1.7604347E+04   -9.1487884E+03   9.3713055E+06   9.3710737E+06   8.9510104E+06   0.0000000E+00   0.0000000E+00   0.0000000E+00   0.0000000E+00
   3.5357579E-05   9.3710489E+06   9.3710489E+06   1.2468257E+07   1.7600724E+04   -9.1487063E+03   9.3712787E+06   9.3710489E+06   8.9509848E+06   0.0000000E+00   0.0000000E+00   0.0000000E+00   0.0000000E+00
   3.7995531E-05   9.3710202E+06   9.3710202E+06   1.2464126E+07   1.7596541E+04   -9.1486068E+03   9.3712477E+06   9.3710202E+06   8.9509553E+06   0.0000000E+00   0.0000000E+00   0.0000000E+00   0.0000000E+00
   4.0830295E-05   9.3709872E+06   9.3709872E+06   1.2459357E+07   1.7591712E+04   -9.1484857E+03   9.3712119E+06   9.3709872E+06   8.9509212E+06   0.0000000E+00   0.0000000E+00   0.0000000E+00   0.0000000E+00
   4.3876555E-05   9.3709490E+06   9.3709490E+06   1.2453852E+07   1.7586138E+04   -9.1483374E+03   9.3711706E+06   9.3709490E+06   8.9508818E+06   0.0000000E+00   0.0000000E+00   0.0000000E+00   0.0000000E+00
   4.7150089E-05   9.3709049E+06   9.3709049E+06   1.2447498E+07   1.7579703E+04   -9.1481550E+03   9.3711229E+06   9.3709049E+06   8.9508362E+06   0.0000000E+00   0.0000000E+00   0.0000000E+00   0.0000000E+00
   5.0667855E-05   9.3708541E+06   9.3708541E+06   1.2440164E+07   1.7572275E+04   -9.1479296E+03   9.3710678E+06   9.3708541E+06   8.9507837E+06   0.0000000E+00   0.0000000E+00   0.0000000E+00   0.0000000E+00
   5.4448074E-05   9.3707953E+06   9.3707953E+06   1.2431701E+07   1.7563701E+04   -9.1476496E+03   9.3710042E+06   9.3707953E+06   8.9507231E+06   0.0000000E+00   0.0000000E+00   0.0000000E+00   0.0000000E+00
   5.8510326E-05   9.3707275E+06   9.3707275E+06   1.2421934E+07   1.7553805E+04   -9.1472998E+03   9.3709308E+06   9.3707275E+06   8.9506530E+06   0.0000000E+00   0.0000000E+00   0.0000000E+00   0.0000000E+00
   6.2875655E-05   9.3706491E+06   9.3706491E+06   1.2410665E+07   1.7542386E+04   -9.1468609E+03   9.3708460E+06   9.3706491E+06   8.9505721E+06   0.0000000E+00   0.0000000E+00   0.0000000E+00   0.0000000E+00
   6.7566671E-05   9.3705587E+06   9.3705587E+06   1.2397664E+07   1.7529208E+04   -9.1463074E+03   9.3707482E+06   9.3705587E+06   8.9504788E+06   0.0000000E+00   0.0000000E+00   0.0000000E+00   0.0000000E+00
   7.2607673E-05   9.3704543E+06   9.3704543E+06   1.2382666E+07   1.7514004E+04   -9.1456060E+03   9.3706351E+06   9.3704543E+06   8.9503710E+06   0.0000000E+00   0.0000000E+00   0.0000000E+00   0.0000000E+00
   7.8024774E-05   9.3703338E+06   9.3703338E+06   1.2365370E+07   1.7496464E+04   -9.1447135E+03   9.3705047E+06   9.3703338E+06   8.9502466E+06   0.0000000E+00   0.0000000E+00   0.0000000E+00   0.0000000E+00
   8.3846033E-05   9.3701946E+06   9.3701946E+06   1.2345424E+07   1.7476231E+04   -9.1435728E+03   9.3703541E+06   9.3701946E+06   8.9501029E+06   0.0000000E+00   0.0000000E+00   0.0000000E+00   0.0000000E+00
   9.0101604E-05   9.3700340E+06   9.3700340E+06   1.2322431E+07   1.7452898E+04   -9.1421092E+03   9.3701802E+06   9.3700340E+06   8.9499371E+06   0.0000000E+00   0.0000000E+00   0.0000000E+00   0.0000000E+00
   9.6823889E-05   9.3698486E+06   9.3698486E+06   1.2295930E+07   1.7425994E+04   -9.1402247E+03   9.3699796E+06   9.3698486E+06   8.9497457E+06   0.0000000E+00   0.0000000E+00   0.0000000E+00   0.0000000E+00
   1.0404771E-04   9.3696346E+06   9.3696346E+06   1.2265395E+07   1.7394979E+04   -9.1377901E+03   9.3697479E+06   9.3696346E+06   8.9495248E+06   0.0000000E+00   0.0000000E+00   0.0000000E+00   0.0000000E+00
   1.1181048E-04   9.3693877E+06   9.3693877E+06   1.2230225E+07   1.7359237E+04   -9.1346355E+03   9.3694806E+06   9.3693877E+06   8.9492698E+06   0.0000000E+00   0.0000000E+00   0.0000000E+00   0.0000000E+00
   1.2015242E-04   9.3691026E+06   9.3691026E+06   1.2189732E+07   1.7318058E+04   -9.1305374E+03   9.3691722E+06   9.3691026E+06   8.9489755E+06   0.0000000E+00   0.0000000E+00   0.0000000E+00   0.0000000E+00
   1.2911673E-04   9.3687737E+06   9.3687737E+06   1.2143132E+07   1.7270634E+04   -9.1252011E+03   9.3688162E+06   9.3687737E+06   8.9486360E+06   0.0000000E+00   0.0000000E+00   0.0000000E+00   0.0000000E+00
   1.3874985E-04   9.3683943E+06   9.3683943E+06   1.2089534E+07   1.7216039E+04   -9.1182389E+03   9.3684055E+06   9.3683943E+06   8.9482443E+06   0.0000000E+00   0.0000000E+00   0.0000000E+00   0.0000000E+00
   1.4910167E-04   9.3679565E+06   9.3679565E+06   1.2027923E+07   1.7153220E+04   -9.1091402E+03   9.3679318E+06   9.3679565E+06   8.9477924E+06   0.0000000E+00   0.0000000E+00   0.0000000E+00   0.0000000E+00
   1.6022583E-04   9.3674515E+06   9.3674515E+06   1.1957154E+07   1.7080978E+04   -9.0972336E+03   9.3673853E+06   9.3674515E+06   8.9472711E+06   0.0000000E+00   0.0000000E+00   0.0000000E+00   0.0000000E+00
   1.7217993E-04   9.3668692E+06   9.3668692E+06   1.1875931E+07   1.6997954E+04   -9.0816362E+03   9.3667551E+06   9.3668692E+06   8.9466700E+06   0.0000000E+00   0.0000000E+00   0.0000000E+00   0.0000000E+00
   1.8502590E-04   9.3661977E+06   9.3661977E+06   1.1782800E+07   1.6902609E+04   -9.0611892E+03   9.3660286E+06   9.3661977E+06   8.9459770E+06   0.0000000E+00   0.0000000E+00   0.0000000E+00   0.0000000E+00
   1.9883028E-04   9.3654237E+06   9.3654237E+06   1.1676132E+07   1.6793208E+04   -9.0343733E+03   9.3651910E+06   9.3654237E+06   8.9451781E+06   0.0000000E+00   0.0000000E+00   0.0000000E+00   0.0000000E+00
   2.1366457E-04   9.3645317E+06   9.3645317E+06   1.1554118E+07   1.6667804E+04   -8.9992010E+03   9.3642259E+06   9.3645317E+06   8.9442574E+06   0.0000000E+00   0.0000000E+00   0.0000000E+00   0.0000000E+00
   2.2960562E-04   9.3635040E+06   9.3635040E+06   1.1414755E+07   1.6524222E+04   -8.9530775E+03   9.3631141E+06   9.3635040E+06   8.9431968E+06   0.0000000E+00   0.0000000E+00   0.0000000E+00   0.0000000E+00
   2.4673600E-04   9.3623204E+06   9.3623204E+06   1.1255849E+07   1.6360046E+04   -8.8926256E+03   9.3618337E+06   9.3623204E+06   8.9419754E+06   0.0000000E+00   0.0000000E+00   0.0000000E+00   0.0000000E+00
   2.6514444E-04   9.3609577E+06   9.3609577E+06   1.1075022E+07   1.6172609E+04   -8.8134641E+03   9.3603598E+06   9.3609577E+06   8.9405694E+06   0.0000000E+00   0.0000000E+00   0.0000000E+00   0.0000000E+00
   2.8492629E-04   9.3593898E+06   9.3593898E+06   1.0869720E+07   1.5958997E+04   -8.7099327E+03   9.3586640E+06   9.3593898E+06   8.9389517E+06   0.0000000E+00   0.0000000E+00   0.0000000E+00   0.0000000E+00
   3.0618402E-04   9.3575865E+06   9.3575865E+06   1.0637255E+07   1.5716056E+04   -8.5747538E+03   9.3567139E+06   9.3575865E+06   8.9370914E+06   0.0000000E+00   0.0000000E+00   0.0000000E+00   0.0000000E+00
   3.2902775E-04   9.3555138E+06   9.3555138E+06   1.0374848E+07   1.5440416E+04   -8.3986249E+03   9.3544729E+06   9.3555138E+06   8.9349535E+06   0.0000000E+00   0.0000000E+00   0.0000000E+00   0.0000000E+00
   3.5357579E-04   9.3531331E+06   9.3531331E+06   1.0079706E+07   1.5128538E+04   -8.1697374E+03   9.3518994E+06   9.3531331E+06   8.9324982E+06   0.0000000E+00   0.0000000E+00   0.0000000E+00   0.0000000E+00
   3.7995531E-04   9.3504008E+06   9.3504008E+06   9.7491350E+06   1.4776785E+04   -7.8732272E+03   9.3489464E+06   9.3504008E+06   8.9296808E+06   0.0000000E+00   0.0000000E+00   0.0000000E+00   0.0000000E+00
   4.0830295E-04   9.3472676E+06   9.3472676E+06   9.3806807E+06   1.4381529E+04   -7.4905714E+03   9.3455611E+06   9.3472676E+06   8.9264509E+06   0.0000000E+00   0.0000000E+00   0.0000000E+00   0.0000000E+00
   4.3876555E-04   9.3436786E+06   9.3436786E+06   8.9723278E+06   1.3939293E+04   -6.9989724E+03   9.3416844E+06   9.3436786E+06   8.9227519E+06   0.0000000E+00   0.0000000E+00   0.0000000E+00   0.0000000E+00
   4.7150089E-04   9.3395719E+06   9.3395719E+06   8.5227451E+06   1.3446957E+04   -6.3707944E+03   9.3372502E+06   9.3395719E+06   8.9185207E+06   0.0000000E+00   0.0000000E+00   0.0000000E+00   0.0000000E+00
   5.0667855E-04   9.3348790E+06   9.3348790E+06   8.0315901E+06   1.2902014E+04   -5.5731696E+03   9.3321850E+06   9.3348790E+06   8.9136873E+06   0.0000000E+00   0.0000000E+00   0.0000000E+00   0.0000000E+00
   5.4448074E-04   9.3295239E+06   9.3295239E+06   7.4998658E+06   1.2302893E+04   -4.5679480E+03   9.3264080E+06   9.3295239E+06   8.9081741E+06   0.0000000E+00   0.0000000E+00   0.0000000E+00   0.0000000E+00
   5.8510326E-04   9.3234229E+06   9.3234229E+06   6.9303227E+06   1.1649349E+04   -3.3122449E+03   9.3198302E+06   9.3234229E+06   8.9018962E+06   0.0000000E+00   0.0000000E+00   0.0000000E+00   0.0000000E+00
   6.2875655E-04   9.3164844E+06   9.3164844E+06   6.3278780E+06   1.0942919E+04   -1.7599278E+03   9.3123546E+06   9.3164844E+06   8.8947609E+06   0.0000000E+00   0.0000000E+00   0.0000000E+00   0.0000000E+00
   6.7566671E-04   9.3086090E+06   9.3086090E+06   5.7000080E+06   1.0187406E+04   1.3552882E+02   9.3038762E+06   9.3086090E+06   8.8866677E+06   0.0000000E+00   0.0000000E+00   0.0000000E+00   0.0000000E+00
   7.2607673E-04   9.2996889E+06   9.2996889E+06   5.0570441E+06   9.3893761E+03   2.4163456E+03   9.2942825E+06   9.2996889E+06   8.8775089E+06   0.0000000E+00   0.0000000E+00   0.0000000E+00   0.0000000E+00
   7.8024774E-04   9.2896087E+06   9.2896087E+06   4.4122730E+06   8.5585851E+03   5.1134596E+03   9.2834535E+06   9.2896087E+06   8.8671695E+06   0.0000000E+00   0.0000000E+00   0.0000000E+00   0.0000000E+00
   8.3846033E-04   9.2782456E+06   9.2782456E+06   3.7817111E+06   7.7082508E+03   8.2370463E+03   9.2712624E+06   9.2782456E+06   8.8555282E+06   0.0000000E+00   0.0000000E+00   0.0000000E+00   0.0000000E+00
   9.0101604E-04   9.2654690E+06   9.2654690E+06   3.1834074E+06   6.8550400E+03   1.1764837E+04   9.2575765E+06   9.2654690E+06   8.8424577E+06   0.0000000E+00   0.0000000E+00   0.0000000E+00   0.0000000E+00
   9.6823889E-04   9.2511413E+06   9.2511413E+06   2.6361368E+06   6.0186206E+03   1.5629455E+04   9.2422576E+06   9.2511413E+06   8.8278255E+06   0.0000000E+00   0.0000000E+00   0.0000000E+00   0.0000000E+00
   1.0404771E-03   9.2351175E+06   9.2351175E+06   2.1574056E+06   5.2206253E+03   1.9707420E+04   9.2251624E+06   9.2351175E+06   8.8114942E+06   0.0000000E+00   0.0000000E+00   0.0000000E+00   0.0000000E+00
   1.1181048E-03   9.2172446E+06   9.2172446E+06   1.7608288E+06   4.4829148E+03   2.3814297E+04   9.2061427E+06   9.2172446E+06   8.7933216E+06   0.0000000E+00   0.0000000E+00   0.0000000E+00   0.0000000E+00
   1.2015242E-03   9.1973610E+06   9.1973610E+06   1.4531762E+06   3.8251375E+03   2.7712214E+04   9.1850448E+06   9.1973610E+06   8.7731603E+06   0.0000000E+00   0.0000000E+00   0.0000000E+00   0.0000000E+00
   1.2911673E-03   9.1752949E+06   9.1752949E+06   1.2317078E+06   3.2617853E+03   3.1136579E+04   9.1617082E+06   9.1752949E+06   8.7508567E+06   0.0000000E+00   0.0000000E+00   0.0000000E+00   0.0000000E+00
   1.3874985E-03   9.1508625E+06   9.1508625E+06   1.0827706E+06   2.7992349E+03   3.3846480E+04   9.1359645E+06   9.1508625E+06   8.7262494E+06   0.0000000E+00   0.0000000E+00   0.0000000E+00   0.0000000E+00
   1.4910167E-03   9.1238672E+06   9.1238672E+06   9.8282476E+05   2.4335873E+03   3.5695681E+04   9.1076350E+06   9.1238672E+06   8.6991679E+06   0.0000000E+00   0.0000000E+00   0.0000000E+00   0.0000000E+00
   1.6022583E-03   9.0940992E+06   9.0940992E+06   9.0284258E+05   2.1503521E+03   3.6707103E+04   9.0765302E+06   9.0940992E+06   8.6694314E+06   0.0000000E+00   0.0000000E+00   0.0000000E+00   0.0000000E+00
   1.7217993E-03   9.0613375E+06   9.0613375E+06   8.1606262E+05   1.9269176E+03   3.7115526E+04   9.0424500E+06   9.0613375E+06   8.6368492E+06   0.0000000E+00   0.0000000E+00   0.0000000E+00   0.0000000E+00
   1.8502590E-03   9.0253543E+06   9.0253543E+06   7.0726421E+05   1.7380708E+03   3.7331053E+04   9.0051855E+06   9.0253543E+06   8.6012228E+06   0.0000000E+00   0.0000000E+00   0.0000000E+00   0.0000000E+00
   1.9883028E-03   8.9859209E+06   8.9859209E+06   5.7954037E+05   1.5634473E+03   3.7788632E+04   8.9645230E+06   8.9859209E+06   8.5623494E+06   0.0000000E+00   0.0000000E+00   0.0000000E+00   0.0000000E+00
   2.1366457E-03   8.9428146E+06   8.9428146E+06   4.5343398E+05   1.3940609E+03   3.8707286E+04   8.9202481E+06   8.9428146E+06   8.5200255E+06   0.0000000E+00   0.0000000E+00   0.0000000E+00   0.0000000E+00
   2.2960562E-03   8.8958209E+06   8.8958209E+06   3.5546567E+05   1.2340536E+03   3.9883466E+04   8.8721475E+06   8.8958209E+06   8.4740483E+06   0.0000000E+00   0.0000000E+00   0.0000000E+00   0.0000000E+00
   2.4673600E-03   8.8447316E+06   8.8447316E+06   2.9983575E+05   1.0950966E+03   4.0721930E+04   8.8200062E+06   8.8447316E+06   8.4242133E+06   0.0000000E+00   0.0000000E+00   0.0000000E+00   0.0000000E+00
   2.6514444E-03   8.7893363E+06   8.7893363E+06   2.7572962E+05   9.8535224E+02   4.0631918E+04   8.7636022E+06   8.7893363E+06   8.3703092E+06   0.0000000E+00   0.0000000E+00   0.0000000E+00   0.0000000E+00
   2.8492629E-03   8.7294150E+06   8.7294150E+06   2.5450469E+05   9.0060902E+02   3.9590856E+04   8.7027031E+06   8.7294150E+06   8.3121141E+06   0.0000000E+00   0.0000000E+00   0.0000000E+00   0.0000000E+00
   3.0618402E-03   8.6647378E+06   8.6647378E+06   2.1658439E+05   8.2641338E+02   3.8289725E+04   8.6370700E+06   8.6647378E+06   8.2494003E+06   0.0000000E+00   0.0000000E+00   0.0000000E+00   0.0000000E+00
   3.2902775E-03   8.5950736E+06   8.5950736E+06   1.7244054E+05   7.5133796E+02   3.7414041E+04   8.5664698E+06   8.5950736E+06   8.1819448E+06   0.0000000E+00   0.0000000E+00   0.0000000E+00   0.0000000E+00
   3.5357579E-03   8.5201981E+06   8.5201981E+06   1.4691309E+05   6.7754335E+02   3.6680462E+04   8.4906831E+06   8.5201981E+06   8.1095383E+06   0.0000000E+00   0.0000000E+00   0.0000000E+00   0.0000000E+00
   3.7995531E-03   8.4398906E+06   8.4398906E+06   1.3966823E+05   6.1382656E+02   3.5163078E+04   8.4094988E+06   8.4398906E+06   8.0319789E+06   0.0000000E+00   0.0000000E+00   0.0000000E+00   0.0000000E+00
   4.0830295E-03   8.3539237E+06   8.3539237E+06   1.2356914E+05   5.5944794E+02   3.2955261E+04   8.3227013E+06   8.3539237E+06   7.9490608E+06   0.0000000E+00   0.0000000E+00   0.0000000E+00   0.0000000E+00
   4.3876555E-03   8.2620678E+06   8.2620678E+06   9.4590808E+04   5.0542934E+02   3.1278331E+04   8.2300751E+06   8.2620678E+06   7.8605778E+06   0.0000000E+00   0.0000000E+00   0.0000000E+00   0.0000000E+00
   4.7150089E-03   8.1641106E+06   8.1641106E+06   7.9256770E+04   4.5188970E+02   3.0072224E+04   8.1314245E+06   8.1641106E+06   7.7663430E+06   0.0000000E+00   0.0000000E+00   0.0000000E+00   0.0000000E+00
   5.0667855E-03   8.0598600E+06   8.0598600E+06   7.3735907E+04   4.0542583E+02   2.8167035E+04   8.0265716E+06   8.0598600E+06   7.6661860E+06   0.0000000E+00   0.0000000E+00   0.0000000E+00   0.0000000E+00
   5.4448074E-03   7.9491299E+06   7.9491299E+06   5.7918911E+04   3.6301103E+02   2.6339668E+04   7.9153294E+06   7.9491299E+06   7.5599284E+06   0.0000000E+00   0.0000000E+00   0.0000000E+00   0.0000000E+00
   5.8510326E-03   7.8317416E+06   7.8317416E+06   5.0729362E+04   3.2288095E+02   2.4960486E+04   7.7975008E+06   7.8317416E+06   7.4473816E+06   0.0000000E+00   0.0000000E+00   0.0000000E+00   0.0000000E+00
   6.2875655E-03   7.7075123E+06   7.7075123E+06   4.6738202E+04   2.8853940E+02   2.2783867E+04   7.6728932E+06   7.7075123E+06   7.3283615E+06   0.0000000E+00   0.0000000E+00   0.0000000E+00   0.0000000E+00
   6.7566671E-03   7.5762532E+06   7.5762532E+06   3.5356678E+04   2.5521888E+02   2.1168717E+04   7.5413438E+06   7.5762532E+06   7.2027125E+06   0.0000000E+00   0.0000000E+00   0.0000000E+00   0.0000000E+00
   7.2607673E-03   7.4377974E+06   7.4377974E+06   3.3092477E+04   2.2495273E+02   1.9480584E+04   7.4027195E+06   7.4377974E+06   7.0703073E+06   0.0000000E+00   0.0000000E+00   0.0000000E+00   0.0000000E+00
   7.8024774E-03   7.2919963E+06   7.2919963E+06   2.5073973E+04   1.9811751E+02   1.7930058E+04   7.2568566E+06   7.2919963E+06   6.9309894E+06   0.0000000E+00   0.0000000E+00   0.0000000E+00   0.0000000E+00
   8.3846033E-03   7.1386979E+06   7.1386979E+06   2.4218681E+04   1.7395479E+02   1.6320898E+04   7.1035763E+06   7.1386979E+06   6.7845881E+06   0.0000000E+00   0.0000000E+00   0.0000000E+00   0.0000000E+00
   9.0101604E-03   6.9777403E+06   6.9777403E+06   1.8405242E+04   1.5182197E+02   1.4880166E+04   6.9427397E+06   6.9777403E+06   6.6309703E+06   0.0000000E+00   0.0000000E+00   0.0000000E+00   0.0000000E+00
   9.6823889E-03   6.8089751E+06   6.8089751E+06   1.6380377E+04   1.3239528E+02   1.3329779E+04   6.7742092E+06   6.8089751E+06   6.4700049E+06   0.0000000E+00   0.0000000E+00   0.0000000E+00   0.0000000E+00
   1.0404771E-02   6.6322646E+06   6.6322646E+06   1.4125693E+04   1.1472613E+02   1.2174245E+04   6.5978305E+06   6.6322646E+06   6.3015442E+06   0.0000000E+00   0.0000000E+00   0.0000000E+00   0.0000000E+00
   1.1181048E-02   6.4474685E+06   6.4474685E+06   1.0999539E+04   9.9210624E+01   1.0866075E+04   6.4134701E+06   6.4474685E+06   6.1254606E+06   0.0000000E+00   0.0000000E+00   0.0000000E+00   0.0000000E+00
   1.2015242E-02   6.2544659E+06   6.2544659E+06   9.3756981E+03   8.5479296E+01   9.6172879E+03   6.2210129E+06   6.2544659E+06   5.9416443E+06   0.0000000E+00   0.0000000E+00   0.0000000E+00   0.0000000E+00
   1.2911673E-02   6.0531600E+06   6.0531600E+06   8.4008826E+03   7.3350989E+01   8.5513850E+03   6.0203501E+06   6.0531600E+06   5.7499913E+06   0.0000000E+00   0.0000000E+00   0.0000000E+00   0.0000000E+00
   1.3874985E-02   5.8434813E+06   5.8434813E+06   7.1051437E+03   6.2599170E+01   7.5842191E+03   5.8114176E+06   5.8434813E+06   5.5504401E+06   0.0000000E+00   0.0000000E+00   0.0000000E+00   0.0000000E+00
   1.4910167E-02   5.6254231E+06   5.6254231E+06   5.8803513E+03   5.3276444E+01   6.6972197E+03   5.5942071E+06   5.6254231E+06   5.3429830E+06   0.0000000E+00   0.0000000E+00   0.0000000E+00   0.0000000E+00
   1.6022583E-02   5.3990529E+06   5.3990529E+06   4.8979637E+03   4.5105352E+01   5.8503717E+03   5.3687812E+06   5.3990529E+06   5.1276796E+06   0.0000000E+00   0.0000000E+00   0.0000000E+00   0.0000000E+00
   1.7217993E-02   5.1645579E+06   5.1645579E+06   4.0354187E+03   3.8043486E+01   5.0756733E+03   5.1353235E+06   5.1645579E+06   4.9047053E+06   0.0000000E+00   0.0000000E+00   0.0000000E+00   0.0000000E+00
   1.8502590E-02   4.9222813E+06   4.9222813E+06   3.2543515E+03   3.1924754E+01   4.3663496E+03   4.8941757E+06   4.9222813E+06   4.6743864E+06   0.0000000E+00   0.0000000E+00   0.0000000E+00   0.0000000E+00
   1.9883028E-02   4.6727835E+06   4.6727835E+06   2.5371659E+03   2.6651409E+01   3.7647080E+03   4.6458881E+06   4.6727835E+06   4.4372485E+06   0.0000000E+00   0.0000000E+00   0.0000000E+00   0.0000000E+00
   2.1366455E-02   4.4169026E+06   4.4169026E+06   2.1326556E+03   2.2127453E+01   3.2456452E+03   4.3912955E+06   4.4169026E+06   4.1940889E+06   0.0000000E+00   0.0000000E+00   0.0000000E+00   0.0000000E+00
   2.2960547E-02   4.1558296E+06   4.1558296E+06   1.7923108E+03   1.8278864E+01   2.7214967E+03   4.1315765E+06   4.1558296E+06   3.9460331E+06   0.0000000E+00   0.0000000E+00   0.0000000E+00   0.0000000E+00
   2.4673519E-02   3.8911879E+06   3.8911879E+06   1.3943847E+03   1.5002285E+01   2.3228832E+03   3.8683421E+06   3.8911879E+06   3.6946200E+06   0.0000000E+00   0.0000000E+00   0.0000000E+00   0.0000000E+00
   2.6514068E-02   3.6251164E+06   3.6251164E+06   1.1128298E+03   1.2252367E+01   1.9184091E+03   3.6037160E+06   3.6251164E+06   3.4418777E+06   0.0000000E+00   0.0000000E+00   0.0000000E+00   0.0000000E+00
   2.8491104E-02   3.3603557E+06   3.3603557E+06   9.4075396E+02   9.9449561E+00   1.5936255E+03   3.3404202E+06   3.3603557E+06   3.1904060E+06   0.0000000E+00   0.0000000E+00   0.0000000E+00   0.0000000E+00
   3.0612963E-02   3.1003372E+06   3.1003372E+06   7.6111392E+02   8.0284052E+00   1.3192278E+03   3.0818622E+06   3.1003372E+06   2.9434593E+06   0.0000000E+00   0.0000000E+00   0.0000000E+00   0.0000000E+00
   3.2885585E-02   2.8492529E+06   2.8492529E+06   5.9733180E+02   6.4545444E+00   1.0802197E+03   2.8322061E+06   2.8492529E+06   2.7050149E+06   0.0000000E+00   0.0000000E+00   0.0000000E+00   0.0000000E+00
   3.5309131E-02   2.6120285E+06   2.6120285E+06   4.4694620E+02   5.1749195E+00   8.8656559E+02   2.5963448E+06   2.6120285E+06   2.4797458E+06   0.0000000E+00   0.0000000E+00   0.0000000E+00   0.0000000E+00
   3.7873255E-02   2.3940175E+06   2.3940175E+06   3.6647084E+02   4.1512028E+00   7.3904403E+02   2.3795971E+06   2.3940175E+06   2.2727319E+06   0.0000000E+00   0.0000000E+00   0.0000000E+00   0.0000000E+00
   4.0553199E-02   2.2002040E+06   2.2002040E+06   3.0348460E+02   3.3474714E+00   5.9463696E+02   2.1869139E+06   2.2002040E+06   2.0887018E+06   0.0000000E+00   0.0000000E+00   0.0000000E+00   0.0000000E+00
   4.3310926E-02   2.0339562E+06   2.0339562E+06   2.3481041E+02   2.7235165E+00   5.0464095E+02   2.0216402E+06   2.0339562E+06   1.9308504E+06   0.0000000E+00   0.0000000E+00   0.0000000E+00   0.0000000E+00
   4.6103738E-02   1.8959297E+06   1.8959297E+06   1.9848611E+02   2.2465568E+00   4.1334612E+02   1.8844255E+06   1.8959297E+06   1.7997978E+06   0.0000000E+00   0.0000000E+00   0.0000000E+00   0.0000000E+00
   4.8896173E-02   1.7839179E+06   1.7839179E+06   1.6672630E+02   1.8810866E+00   3.6214584E+02   1.7730741E+06   1.7839179E+06   1.6934470E+06   0.0000000E+00   0.0000000E+00   0.0000000E+00   0.0000000E+00
   5.1667261E-02   1.6937365E+06   1.6937365E+06   1.3771371E+02   1.6002413E+00   3.0523400E+02   1.6834249E+06   1.6937365E+06   1.6078240E+06   0.0000000E+00   0.0000000E+00   0.0000000E+00   0.0000000E+00
   5.4410279E-02   1.6204383E+06   1.6204383E+06   1.2333083E+02   1.3794655E+00   2.7369207E+02   1.6105600E+06   1.6204383E+06   1.5382313E+06   0.0000000E+00   0.0000000E+00   0.0000000E+00   0.0000000E+00
   5.7128340E-02   1.5592124E+06   1.5592124E+06   1.0417302E+02   1.2031752E+00   2.3722432E+02   1.5496964E+06   1.5592124E+06   1.4801010E+06   0.0000000E+00   0.0000000E+00   0.0000000E+00   0.0000000E+00
   5.9829795E-02   1.5058265E+06   1.5058265E+06   9.3396194E+01   1.0585257E+00   2.1578013E+02   1.4966271E+06   1.5058265E+06   1.4294150E+06   0.0000000E+00   0.0000000E+00   0.0000000E+00   0.0000000E+00
   6.2525059E-02   1.4567666E+06   1.4567666E+06   8.3164016E+01   9.3718040E-01   1.8965223E+02   1.4478589E+06   1.4567666E+06   1.3828369E+06   0.0000000E+00   0.0000000E+00   0.0000000E+00   0.0000000E+00
   6.5224880E-02   1.4092399E+06   1.4092399E+06   7.1390594E+01   8.3276261E-01   1.7353459E+02   1.4006160E+06   1.4092399E+06   1.3377157E+06   0.0000000E+00   0.0000000E+00   0.0000000E+00   0.0000000E+00
   6.7939528E-02   1.3611382E+06   1.3611382E+06   6.7684014E+01   7.4163424E-01   1.5382292E+02   1.3528027E+06   1.3611382E+06   1.2920496E+06   0.0000000E+00   0.0000000E+00   0.0000000E+00   0.0000000E+00
   7.0678512E-02   1.3109993E+06   1.3109993E+06   5.5332217E+01   6.6055578E-01   1.3972103E+02   1.3029656E+06   1.3109993E+06   1.2444506E+06   0.0000000E+00   0.0000000E+00   0.0000000E+00   0.0000000E+00
   7.3450537E-02   1.2579750E+06   1.2579750E+06   5.3967928E+01   5.8774615E-01   1.2382310E+02   1.2502617E+06   1.2579750E+06   1.1941136E+06   0.0000000E+00   0.0000000E+00   0.0000000E+00   0.0000000E+00
   7.6263575E-02   1.2018015E+06   1.2018015E+06   4.3925633E+01   5.2184952E-01   1.1279291E+02   1.1944286E+06   1.2018015E+06   1.1407879E+06   0.0000000E+00   0.0000000E+00   0.0000000E+00   0.0000000E+00
   7.9124967E-02   1.1427616E+06   1.1427616E+06   4.0667344E+01   4.6223624E-01   9.7361596E+01   1.1357474E+06   1.1427616E+06   1.0847420E+06   0.0000000E+00   0.0000000E+00   0.0000000E+00   0.0000000E+00
   8.2041539E-02   1.0816313E+06   1.0816313E+06   3.6847089E+01   4.0813541E-01   8.9128769E+01   1.0749892E+06   1.0816313E+06   1.0267124E+06   0.0000000E+00   0.0000000E+00   0.0000000E+00   0.0000000E+00
   8.5019702E-02   1.0196019E+06   1.0196019E+06   2.9930747E+01   3.5946132E-01   7.8726807E+01   1.0133381E+06   1.0196019E+06   9.6782998E+05   0.0000000E+00   0.0000000E+00   0.0000000E+00   0.0000000E+00
   8.8065540E-02   9.5817249E+05   9.5817249E+05   2.6346053E+01   3.1601252E-01   6.7800830E+01   9.5228372E+05   9.5817249E+05   9.0951752E+05   0.0000000E+00   0.0000000E+00   0.0000000E+00   0.0000000E+00
   9.1184887E-02   8.9901182E+05   8.9901182E+05   2.3954095E+01   2.7751571E-01   5.9393552E+01   8.9348460E+05   8.9901182E+05   8.5335901E+05   0.0000000E+00   0.0000000E+00   0.0000000E+00   0.0000000E+00
   9.4383388E-02   8.4379286E+05   8.4379286E+05   2.1346534E+01   2.4389148E-01   5.2462581E+01   8.3860334E+05   8.4379286E+05   8.0094242E+05   0.0000000E+00   0.0000000E+00   0.0000000E+00   0.0000000E+00
   9.7666553E-02   7.9400933E+05   7.9400933E+05   1.8693640E+01   2.1484239E-01   4.6396604E+01   7.8912442E+05   7.9400933E+05   7.5368555E+05   0.0000000E+00   0.0000000E+00   0.0000000E+00   0.0000000E+00
   1.0103980E-01   7.5078944E+05   7.5078944E+05   1.6195852E+01   1.9010367E-01   4.1199735E+01   7.4616905E+05   7.5078944E+05   7.1265926E+05   0.0000000E+00   0.0000000E+00   0.0000000E+00   0.0000000E+00
   1.0450847E-01   7.1472798E+05   7.1472798E+05   1.4075443E+01   1.6920113E-01   3.7122716E+01   7.1032827E+05   7.1472798E+05   6.7842807E+05   0.0000000E+00   0.0000000E+00   0.0000000E+00   0.0000000E+00
   1.0807790E-01   6.8576184E+05   6.8576184E+05   1.2513764E+01   1.5165199E-01   3.4176699E+01   6.8153932E+05   6.8576184E+05   6.5093200E+05   0.0000000E+00   0.0000000E+00   0.0000000E+00   0.0000000E+00
   1.1175340E-01   6.6311551E+05   6.6311551E+05   1.2141068E+01   1.3689093E-01   3.1234346E+01   6.5903142E+05   6.6311551E+05   6.2943491E+05   0.0000000E+00   0.0000000E+00   0.0000000E+00   0.0000000E+00
   1.1554028E-01   6.4533945E+05   6.4533945E+05   1.0467522E+01   1.2430897E-01   2.7617508E+01   6.4136393E+05   6.4533945E+05   6.1256084E+05   0.0000000E+00   0.0000000E+00   0.0000000E+00   0.0000000E+00
   1.1944390E-01   6.3045543E+05   6.3045543E+05   1.0056873E+01   1.1330458E-01   2.6275122E+01   6.2657075E+05   6.3045543E+05   5.9843201E+05   0.0000000E+00   0.0000000E+00   0.0000000E+00   0.0000000E+00
   1.2346962E-01   6.1620739E+05   6.1620739E+05   8.6113138E+00   1.0337817E-01   2.4019430E+01   6.1240972E+05   6.1620739E+05   5.8490694E+05   0.0000000E+00   0.0000000E+00   0.0000000E+00   0.0000000E+00
   1.2762286E-01   6.0039599E+05   6.0039599E+05   7.9375873E+00   9.4118306E-02   2.1508878E+01   5.9669504E+05   6.0039599E+05   5.6989800E+05   0.0000000E+00   0.0000000E+00   0.0000000E+00   0.0000000E+00
   1.3190911E-01   5.8125151E+05   5.8125151E+05   7.3006167E+00   8.5235169E-02   1.9508710E+01   5.7766792E+05   5.8125151E+05   5.5172536E+05   0.0000000E+00   0.0000000E+00   0.0000000E+00   0.0000000E+00
   1.3633389E-01   5.5777893E+05   5.5777893E+05   6.4884663E+00   7.6619194E-02   1.7639395E+01   5.5433947E+05   5.5777893E+05   5.2944458E+05   0.0000000E+00   0.0000000E+00   0.0000000E+00   0.0000000E+00
   1.4090279E-01   5.2999652E+05   5.2999652E+05   5.7052746E+00   6.8284476E-02   1.6077284E+01   5.2672785E+05   5.2999652E+05   5.0307297E+05   0.0000000E+00   0.0000000E+00   0.0000000E+00   0.0000000E+00
   1.4562147E-01   4.9899277E+05   4.9899277E+05   5.2382939E+00   6.0364780E-02   1.4410372E+01   4.9591484E+05   4.9899277E+05   4.7364375E+05   0.0000000E+00   0.0000000E+00   0.0000000E+00   0.0000000E+00
   1.5049567E-01   4.6675156E+05   4.6675156E+05   4.6127633E+00   5.3051261E-02   1.2273924E+01   4.6387210E+05   4.6675156E+05   4.4304001E+05   0.0000000E+00   0.0000000E+00   0.0000000E+00   0.0000000E+00
   1.5553120E-01   4.3574296E+05   4.3574296E+05   3.9524250E+00   4.6522218E-02   1.1197571E+01   4.3305443E+05   4.3574296E+05   4.1360634E+05   0.0000000E+00   0.0000000E+00   0.0000000E+00   0.0000000E+00
   1.6073396E-01   4.0834159E+05   4.0834159E+05   3.3748492E+00   4.0920839E-02   9.5800780E+00   4.0582181E+05   4.0834159E+05   3.8759671E+05   0.0000000E+00   0.0000000E+00   0.0000000E+00   0.0000000E+00
   1.6610994E-01   3.8620111E+05   3.8620111E+05   3.0209101E+00   3.6265958E-02   8.4423773E+00   3.8381767E+05   3.8620111E+05   3.6658075E+05   0.0000000E+00   0.0000000E+00   0.0000000E+00   0.0000000E+00
   1.7166523E-01   3.6975959E+05   3.6975959E+05   2.6861016E+00   3.2476823E-02   7.6826089E+00   3.6747737E+05   3.6975959E+05   3.5097428E+05   0.0000000E+00   0.0000000E+00   0.0000000E+00   0.0000000E+00
   1.7740605E-01   3.5805175E+05   3.5805175E+05   2.4943472E+00   2.9372734E-02   7.1688672E+00   3.5584155E+05   3.5805175E+05   3.3986102E+05   0.0000000E+00   0.0000000E+00   0.0000000E+00   0.0000000E+00
   1.8333874E-01   3.4894171E+05   3.4894171E+05   2.3260035E+00   2.6723854E-02   6.3441628E+00   3.4678753E+05   3.4894171E+05   3.3121361E+05   0.0000000E+00   0.0000000E+00   0.0000000E+00   0.0000000E+00
   1.8946979E-01   3.3976615E+05   3.3976615E+05   2.0751174E+00   2.4306033E-02   5.9633788E+00   3.3766842E+05   3.3976615E+05   3.2250403E+05   0.0000000E+00   0.0000000E+00   0.0000000E+00   0.0000000E+00
   1.9580586E-01   3.2822031E+05   3.2822031E+05   1.8552965E+00   2.1963369E-02   5.2798335E+00   3.2619369E+05   3.2822031E+05   3.1154462E+05   0.0000000E+00   0.0000000E+00   0.0000000E+00   0.0000000E+00
   2.0235382E-01   3.1318617E+05   3.1318617E+05   1.6650627E+00   1.9636672E-02   4.7007212E+00   3.1125222E+05   3.1318617E+05   2.9727416E+05   0.0000000E+00   0.0000000E+00   0.0000000E+00   0.0000000E+00
   2.0912075E-01   2.9516244E+05   2.9516244E+05   1.4570168E+00   1.7365355E-02   4.2471234E+00   2.9333964E+05   2.9516244E+05   2.8016602E+05   0.0000000E+00   0.0000000E+00   0.0000000E+00   0.0000000E+00
   2.1611402E-01   2.7606073E+05   2.7606073E+05   1.3302285E+00   1.5249979E-02   3.7572434E+00   2.7435578E+05   2.7606073E+05   2.6203470E+05   0.0000000E+00   0.0000000E+00   0.0000000E+00   0.0000000E+00
   2.2334129E-01   2.5837815E+05   2.5837815E+05   1.1223637E+00   1.3395755E-02   3.2918362E+00   2.5678230E+05   2.5837815E+05   2.4525043E+05   0.0000000E+00   0.0000000E+00   0.0000000E+00   0.0000000E+00
   2.3081059E-01   2.4405937E+05   2.4405937E+05   1.0039124E+00   1.1856529E-02   2.8721542E+00   2.4255185E+05   2.4405937E+05   2.3165906E+05   0.0000000E+00   0.0000000E+00   0.0000000E+00   0.0000000E+00
   2.3853038E-01   2.3357498E+05   2.3357498E+05   9.0121818E-01   1.0613383E-02   2.5660132E+00   2.3213214E+05   2.3357498E+05   2.2170728E+05   0.0000000E+00   0.0000000E+00   0.0000000E+00   0.0000000E+00
   2.4650957E-01   2.2571605E+05   2.2571605E+05   8.0557618E-01   9.5818947E-03   2.3826941E+00   2.2432167E+05   2.2571605E+05   2.1424758E+05   0.0000000E+00   0.0000000E+00   0.0000000E+00   0.0000000E+00
   2.5475767E-01   2.1828289E+05   2.1828289E+05   7.5171206E-01   8.6600278E-03   2.1345228E+00   2.1693436E+05   2.1828289E+05   2.0719202E+05   0.0000000E+00   0.0000000E+00   0.0000000E+00   0.0000000E+00
   2.6328481E-01   2.0934575E+05   2.0934575E+05   6.7453731E-01   7.7724206E-03   1.9492148E+00   2.0805237E+05   2.0934575E+05   1.9870892E+05   0.0000000E+00   0.0000000E+00   0.0000000E+00   0.0000000E+00
   2.7210189E-01   1.9835561E+05   1.9835561E+05   5.9643332E-01   6.9022716E-03   1.7270794E+00   1.9713007E+05   1.9835561E+05   1.8827713E+05   0.0000000E+00   0.0000000E+00   0.0000000E+00   0.0000000E+00
   2.8122065E-01   1.8638687E+05   1.8638687E+05   5.2264171E-01   6.0835105E-03   1.5008462E+00   1.8523522E+05   1.8638687E+05   1.7691647E+05   0.0000000E+00   0.0000000E+00   0.0000000E+00   0.0000000E+00
   2.9065384E-01   1.7530193E+05   1.7530193E+05   4.5809060E-01   5.3637511E-03   1.3561000E+00   1.7421873E+05   1.7530193E+05   1.6639472E+05   0.0000000E+00   0.0000000E+00   0.0000000E+00   0.0000000E+00
   3.0041536E-01   1.6638164E+05   1.6638164E+05   4.0533560E-01   4.7654934E-03   1.2038964E+00   1.6535352E+05   1.6638164E+05   1.5792764E+05   0.0000000E+00   0.0000000E+00   0.0000000E+00   0.0000000E+00
   3.1052044E-01   1.5942533E+05   1.5942533E+05   3.6752442E-01   4.2687520E-03   1.0722909E+00   1.5844016E+05   1.5942533E+05   1.5132475E+05   0.0000000E+00   0.0000000E+00   0.0000000E+00   0.0000000E+00
   3.2098581E-01   1.5304044E+05   1.5304044E+05   3.2600399E-01   3.8301065E-03   9.6490796E-01   1.5209469E+05   1.5304044E+05   1.4526425E+05   0.0000000E+00   0.0000000E+00   0.0000000E+00   0.0000000E+00
   3.3183003E-01   1.4589883E+05   1.4589883E+05   2.9225256E-01   3.4164818E-03   8.5141138E-01   1.4499718E+05   1.4589883E+05   1.3848549E+05   0.0000000E+00   0.0000000E+00   0.0000000E+00   0.0000000E+00
   3.4307367E-01   1.3786344E+05   1.3786344E+05   2.5689178E-01   3.0229498E-03   7.6510512E-01   1.3701142E+05   1.3786344E+05   1.3085836E+05   0.0000000E+00   0.0000000E+00   0.0000000E+00   0.0000000E+00
   3.5473975E-01   1.2994347E+05   1.2994347E+05   2.2799675E-01   2.6680509E-03   6.6823623E-01   1.2914038E+05   1.2994347E+05   1.2334079E+05   0.0000000E+00   0.0000000E+00   0.0000000E+00   0.0000000E+00
   3.6685406E-01   1.2314020E+05   1.2314020E+05   2.0229052E-01   2.3638393E-03   5.9718372E-01   1.2237914E+05   1.2314020E+05   1.1688320E+05   0.0000000E+00   0.0000000E+00   0.0000000E+00   0.0000000E+00
   3.7944573E-01   1.1740586E+05   1.1740586E+05   1.7943285E-01   2.1053972E-03   5.4068749E-01   1.1668022E+05   1.1740586E+05   1.1144021E+05   0.0000000E+00   0.0000000E+00   0.0000000E+00   0.0000000E+00
   3.9254777E-01   1.1185026E+05   1.1185026E+05   1.5994008E-01   1.8730138E-03   4.8079132E-01   1.1115894E+05   1.1185026E+05   1.0616689E+05   0.0000000E+00   0.0000000E+00   0.0000000E+00   0.0000000E+00
   4.0619783E-01   1.0589590E+05   1.0589590E+05   1.4198068E-01   1.6569258E-03   4.2112068E-01   1.0524137E+05   1.0589590E+05   1.0051507E+05   0.0000000E+00   0.0000000E+00   0.0000000E+00   0.0000000E+00
   4.2043910E-01   9.9906387E+04   9.9906387E+04   1.2510437E-01   1.4596370E-03   3.7549464E-01   9.9288859E+04   9.9906387E+04   9.4829883E+04   0.0000000E+00   0.0000000E+00   0.0000000E+00   0.0000000E+00
   4.3532139E-01   9.4507172E+04   9.4507172E+04   1.0992762E-01   1.2880611E-03   3.3267701E-01   9.3923006E+04   9.4507172E+04   8.9705005E+04   0.0000000E+00   0.0000000E+00   0.0000000E+00   0.0000000E+00
   4.5090262E-01   8.9649447E+04   8.9649447E+04   9.7332254E-02   1.1385404E-03   2.9270258E-01   8.9095295E+04   8.9649447E+04   8.5094103E+04   0.0000000E+00   0.0000000E+00   0.0000000E+00   0.0000000E+00
   4.6725050E-01   8.4819143E+04   8.4819143E+04   8.5651800E-02   1.0030411E-03   2.6046645E-01   8.4294839E+04   8.4819143E+04   8.0509232E+04   0.0000000E+00   0.0000000E+00   0.0000000E+00   0.0000000E+00
   4.8444479E-01   7.9933016E+04   7.9933016E+04   7.5108836E-02   8.7974300E-04   2.2467878E-01   7.9438908E+04   7.9933016E+04   7.5871376E+04   0.0000000E+00   0.0000000E+00   0.0000000E+00   0.0000000E+00
   5.0258021E-01   7.5338801E+04   7.5338801E+04   6.5866370E-02   7.7046763E-04   1.9877443E-01   7.4873084E+04   7.5338801E+04   7.1510599E+04   0.0000000E+00   0.0000000E+00   0.0000000E+00   0.0000000E+00
   5.2177008E-01   7.1054474E+04   7.1054474E+04   5.7560408E-02   6.7398799E-04   1.7547265E-01   7.0615234E+04   7.1054474E+04   6.7443966E+04   0.0000000E+00   0.0000000E+00   0.0000000E+00   0.0000000E+00
   5.4215105E-01   6.6815967E+04   6.6815967E+04   5.0191281E-02   5.8716103E-04   1.4937915E-01   6.6402923E+04   6.6815967E+04   6.3420825E+04   0.0000000E+00   0.0000000E+00   0.0000000E+00   0.0000000E+00
   5.6388926E-01   6.2675241E+04   6.2675241E+04   4.3502578E-02   5.0914910E-04   1.3180388E-01   6.2287789E+04   6.2675241E+04   5.9490498E+04   0.0000000E+00   0.0000000E+00   0.0000000E+00   0.0000000E+00
   5.8718818E-01   5.8744568E+04   5.8744568E+04   3.7609259E-02   4.4005209E-04   1.1327148E-01   5.8381410E+04   5.8744568E+04   5.5759551E+04   0.0000000E+00   0.0000000E+00   0.0000000E+00   0.0000000E+00
   6.1229855E-01   5.4896547E+04   5.4896547E+04   3.2315123E-02   3.7824205E-04   9.8406412E-02   5.4557173E+04   5.4896547E+04   5.2107058E+04   0.0000000E+00   0.0000000E+00   0.0000000E+00   0.0000000E+00
   6.3953074E-01   5.1143540E+04   5.1143540E+04   2.7591451E-02   3.2299349E-04   8.5918779E-02   5.0827363E+04   5.1143540E+04   4.8544750E+04   0.0000000E+00   0.0000000E+00   0.0000000E+00   0.0000000E+00
   6.6926910E-01   4.7507057E+04   4.7507057E+04   2.3404191E-02   2.7396790E-04   7.1661992E-02   4.7213358E+04   4.7507057E+04   4.5093047E+04   0.0000000E+00   0.0000000E+00   0.0000000E+00   0.0000000E+00
   7.0198695E-01   4.3940081E+04   4.3940081E+04   1.9674589E-02   2.3033433E-04   5.9988032E-02   4.3668431E+04   4.3940081E+04   4.1707319E+04   0.0000000E+00   0.0000000E+00   0.0000000E+00   0.0000000E+00
   7.3825801E-01   4.0463827E+04   4.0463827E+04   1.6381756E-02   1.9178469E-04   5.0475493E-02   4.0213665E+04   4.0463827E+04   3.8407704E+04   0.0000000E+00   0.0000000E+00   0.0000000E+00   0.0000000E+00
   7.7875551E-01   3.7063722E+04   3.7063722E+04   1.3484929E-02   1.5788620E-04   4.1407391E-02   3.6834579E+04   3.7063722E+04   3.5180370E+04   0.0000000E+00   0.0000000E+00   0.0000000E+00   0.0000000E+00
   8.2422415E-01   3.3754346E+04   3.3754346E+04   1.0963227E-02   1.2836340E-04   3.3445863E-02   3.3545661E+04   3.3754346E+04   3.2039154E+04   0.0000000E+00   0.0000000E+00   0.0000000E+00   0.0000000E+00
   8.7540831E-01   3.0552518E+04   3.0552518E+04   8.7967256E-03   1.0300402E-04   2.7403770E-02   3.0363626E+04   3.0552518E+04   2.9000022E+04   0.0000000E+00   0.0000000E+00   0.0000000E+00   0.0000000E+00
   9.3293544E-01   2.7488463E+04   2.7488463E+04   6.9684649E-03   8.1602633E-05   2.1660164E-02   2.7318514E+04   2.7488463E+04   2.6091663E+04   0.0000000E+00   0.0000000E+00   0.0000000E+00   0.0000000E+00
   9.9719686E-01   2.4600515E+04   2.4600515E+04   5.4584455E-03   6.3924717E-05   1.6382971E-02   2.4448418E+04   2.4600515E+04   2.3350461E+04   0.0000000E+00   0.0000000E+00   0.0000000E+00   0.0000000E+00
   1.0683112E+00   2.1923652E+04   2.1923652E+04   4.2383796E-03   4.9639659E-05   1.2801714E-02   2.1788105E+04   2.1923652E+04   2.0809620E+04   0.0000000E+00   0.0000000E+00   0.0000000E+00   0.0000000E+00
   1.1462225E+00   1.9480251E+04   1.9480251E+04   3.2714068E-03   3.8314880E-05   9.9744547E-03   1.9359810E+04   1.9480251E+04   1.8490378E+04   0.0000000E+00   0.0000000E+00   0.0000000E+00   0.0000000E+00
   1.2308727E+00   1.7276765E+04   1.7276765E+04   2.5165413E-03   2.9468940E-05   7.8880479E-03   1.7169947E+04   1.7276765E+04   1.6398859E+04   0.0000000E+00   0.0000000E+00   0.0000000E+00   0.0000000E+00
   1.3223347E+00   1.5305292E+04   1.5305292E+04   1.9318636E-03   2.2621738E-05   6.1339150E-03   1.5210663E+04   1.5305292E+04   1.4527565E+04   0.0000000E+00   0.0000000E+00   0.0000000E+00   0.0000000E+00
   1.4208513E+00   1.3548858E+04   1.3548858E+04   1.4808877E-03   1.7346271E-05   4.5213663E-03   1.3465088E+04   1.3548858E+04   1.2860383E+04   0.0000000E+00   0.0000000E+00   0.0000000E+00   0.0000000E+00
   1.5268115E+00   1.1987871E+04   1.1987871E+04   1.1346577E-03   1.3292374E-05   3.6813911E-03   1.1913751E+04   1.1987871E+04   1.1378715E+04   0.0000000E+00   0.0000000E+00   0.0000000E+00   0.0000000E+00
   1.6407101E+00   1.0602176E+04   1.0602176E+04   8.6898765E-04   1.0181414E-05   2.8197825E-03   1.0536624E+04   1.0602176E+04   1.0063434E+04   0.0000000E+00   0.0000000E+00   0.0000000E+00   0.0000000E+00
   1.7631166E+00   9.3730039E+03   9.3730039E+03   6.6526129E-04   7.7957217E-06   2.0460913E-03   9.3150517E+03   9.3730039E+03   8.8967209E+03   0.0000000E+00   0.0000000E+00   0.0000000E+00   0.0000000E+00
   1.8946581E+00   8.2832827E+03   8.2832827E+03   5.0910998E-04   5.9666204E-06   1.6061768E-03   8.2320680E+03   8.2832827E+03   7.8623730E+03   0.0000000E+00   0.0000000E+00   0.0000000E+00   0.0000000E+00
   2.0360143E+00   7.3176476E+03   7.3176476E+03   3.8947212E-04   4.5653510E-06   1.2114045E-03   7.2724033E+03   7.3176476E+03   6.9458059E+03   0.0000000E+00   0.0000000E+00   0.0000000E+00   0.0000000E+00
   2.1879169E+00   6.4623370E+03   6.4623370E+03   2.9784310E-04   3.4918826E-06   9.2199756E-04   6.4223809E+03   6.4623370E+03   6.1339574E+03   0.0000000E+00   0.0000000E+00   0.0000000E+00   0.0000000E+00
   2.3511526E+00   5.7050978E+03   5.7050978E+03   2.2771786E-04   2.6700673E-06   6.6994593E-04   5.6698236E+03   5.7050978E+03   5.4151968E+03   0.0000000E+00   0.0000000E+00   0.0000000E+00   0.0000000E+00
   2.5265670E+00   5.0349421E+03   5.0349421E+03   1.7401753E-04   2.0410022E-06   5.6817135E-04   5.0038113E+03   5.0349421E+03   4.7790945E+03   0.0000000E+00   0.0000000E+00   0.0000000E+00   0.0000000E+00
   2.7150687E+00   4.4421005E+03   4.4421005E+03   1.3296729E-04   1.5597486E-06   4.0103075E-04   4.4146353E+03   4.4421005E+03   4.2163778E+03   0.0000000E+00   0.0000000E+00   0.0000000E+00   0.0000000E+00
   2.9176341E+00   3.9178606E+03   3.9178606E+03   1.0155611E-04   1.1916752E-06   2.8868187E-04   3.8936367E+03   3.9178606E+03   3.7187769E+03   0.0000000E+00   0.0000000E+00   0.0000000E+00   0.0000000E+00
   3.1353124E+00   3.4544573E+03   3.4544573E+03   7.7542140E-05   9.1018327E-07   2.8651488E-04   3.4330985E+03   3.4544573E+03   3.2789210E+03   0.0000000E+00   0.0000000E+00   0.0000000E+00   0.0000000E+00
   3.3692313E+00   3.0449801E+03   3.0449801E+03   5.9187068E-05   6.9505705E-07   1.7992704E-04   3.0261531E+03   3.0449801E+03   2.8902512E+03   0.0000000E+00   0.0000000E+00   0.0000000E+00   0.0000000E+00
   3.6206023E+00   2.6832824E+03   2.6832824E+03   4.5164369E-05   5.3064980E-07   1.1825332E-04   2.6666918E+03   2.6832824E+03   2.5469330E+03   0.0000000E+00   0.0000000E+00   0.0000000E+00   0.0000000E+00
   3.8907276E+00   2.3638993E+03   2.3638993E+03   3.4459207E-05   4.0504242E-07   1.0645401E-04   2.3492834E+03   2.3638993E+03   2.2437791E+03   0.0000000E+00   0.0000000E+00   0.0000000E+00   0.0000000E+00
   4.1810063E+00   2.0819746E+03   2.0819746E+03   2.6279767E-05   3.0912103E-07   6.4958288E-05   2.0691018E+03   2.0819746E+03   1.9761803E+03   0.0000000E+00   0.0000000E+00   0.0000000E+00   0.0000000E+00
   4.4929421E+00   1.8331959E+03   1.8331959E+03   2.0037243E-05   2.3586692E-07   5.4204968E-05   1.8218613E+03   1.8331959E+03   1.7400431E+03   0.0000000E+00   0.0000000E+00   0.0000000E+00   0.0000000E+00
   4.8281508E+00   1.6137351E+03   1.6137351E+03   1.5273114E-05   1.7995370E-07   3.3525101E-05   1.6037574E+03   1.6137351E+03   1.5317341E+03   0.0000000E+00   0.0000000E+00   0.0000000E+00   0.0000000E+00
   5.1883686E+00   1.4201965E+03   1.4201965E+03   1.1634019E-05   1.3727291E-07   4.3041266E-05   1.4114155E+03   1.4201965E+03   1.3480300E+03   0.0000000E+00   0.0000000E+00   0.0000000E+00   0.0000000E+00
   5.5754615E+00   1.2495689E+03   1.2495689E+03   8.8705878E-06   1.0471056E-07   1.9494781E-05   1.2418428E+03   1.2495689E+03   1.1860727E+03   0.0000000E+00   0.0000000E+00   0.0000000E+00   0.0000000E+00
   5.9914346E+00   1.0991835E+03   1.0991835E+03   6.7564940E-06   7.9863422E-08   2.8234804E-05   1.0923873E+03   1.0991835E+03   1.0433291E+03   0.0000000E+00   0.0000000E+00   0.0000000E+00   0.0000000E+00
   6.4384425E+00   9.6667604E+02   9.6667604E+02   5.1458223E-06   6.0912489E-08   1.3100462E-05   9.6069910E+02   9.6667604E+02   9.1755494E+02   0.0000000E+00   0.0000000E+00   0.0000000E+00   0.0000000E+00
   6.9188008E+00   8.4995302E+02   8.4995302E+02   3.9180248E-06   4.6457812E-08   1.0091537E-05   8.4469777E+02   8.4995302E+02   8.0676313E+02   0.0000000E+00   0.0000000E+00   0.0000000E+00   0.0000000E+00
   7.4349975E+00   7.4716141E+02   7.4716141E+02   2.9821166E-06   3.5435452E-08   2.2467313E-06   7.4254172E+02   7.4716141E+02   7.0919482E+02   0.0000000E+00   0.0000000E+00   0.0000000E+00   0.0000000E+00
   7.9897065E+00   6.5666177E+02   6.5666177E+02   2.2695321E-06   2.7029608E-08   9.7123947E-06   6.5260164E+02   6.5666177E+02   6.2329386E+02   0.0000000E+00   0.0000000E+00   0.0000000E+00   0.0000000E+00
   8.5858011E+00   5.7700418E+02   5.7700418E+02   1.7273638E-06   2.0621068E-08   6.3488977E-06   5.7343657E+02   5.7700418E+02   5.4768403E+02   0.0000000E+00   0.0000000E+00   0.0000000E+00   0.0000000E+00
   9.2263691E+00   5.0690685E+02   5.0690685E+02   1.3141483E-06   1.5734976E-08   3.2058803E-06   5.0377266E+02   5.0690685E+02   4.8114866E+02   0.0000000E+00   0.0000000E+00   0.0000000E+00   0.0000000E+00
   9.9147284E+00   4.4523703E+02   4.4523703E+02   9.9942625E-07   1.2009539E-08   4.7051809E-06   4.4248414E+02   4.4523703E+02   4.2261256E+02   0.0000000E+00   0.0000000E+00   0.0000000E+00   0.0000000E+00
   1.0654445E+01   3.9099405E+02   3.9099405E+02   7.6000682E-07   9.1692460E-09   3.5310456E-06   3.8857654E+02   3.9099405E+02   3.7112591E+02   0.0000000E+00   0.0000000E+00   0.0000000E+00   0.0000000E+00
