#           k/h    CDM            baryon         photon         nu             mass_nu        total          no_nu          total_de       Weyl           v_CDM          v_b            v_b-v_c     
   1.0881090E-05   1.2414692E+06   1.2414692E+06   1.6552460E+06   1.3034212E+04   1.7519403E+03   1.2419972E+06   1.2414692E+06   1.2410767E+06   0.0000000E+00   0.0000000E+00   0.0000000E+00   0.0000000E+00
   1.1692904E-05   1.2414691E+06   1.2414691E+06   1.6552387E+06   1.3034174E+04   1.7519215E+03   1.2419970E+06   1.2414691E+06   1.2410765E+06   0.0000000E+00   0.0000000E+00   0.0000000E+00   0.0000000E+00
   1.2565286E-05   1.2414689E+06   1.2414689E+06   1.6552302E+06   1.3034131E+04   1.7518998E+03   1.2419968E+06   1.2414689E+06   1.2410763E+06   0.0000000E+00   0.0000000E+00   0.0000000E+00   0.0000000E+00
   1.3502755E-05   1.2414687E+06   1.2414687E+06   1.6552204E+06   1.3034081E+04   1.7518747E+03   1.2419966E+06   1.2414687E+06   1.2410761E+06   0.0000000E+00   0.0000000E+00   0.0000000E+00   0.0000000E+00
   1.4510166E-05   1.2414685E+06   1.2414685E+06   1.6552090E+06   1.3034022E+04   1.7518458E+03   1.2419963E+06   1.2414685E+06   1.2410759E+06   0.0000000E+00   0.0000000E+00   0.0000000E+00   0.0000000E+00
   1.5592738E-05   1.2414683E+06   1.2414683E+06   1.6551960E+06   1.3033955E+04   1.7518123E+03   1.2419961E+06   1.2414683E+06   1.2410756E+06   0.0000000E+00   0.0000000E+00   0.0000000E+00   0.0000000E+00
   1.6756079E-05   1.2414680E+06   1.2414680E+06   1.6551809E+06   1.3033878E+04   1.7517737E+03   1.2419957E+06   1.2414680E+06   1.2410752E+06   0.0000000E+00   0.0000000E+00   0.0000000E+00   0.0000000E+00
   1.8006213E-05   1.2414676E+06   1.2414676E+06   1.6551634E+06   1.3033788E+04   1.7517291E+03   1.2419953E+06   1.2414676E+06   1.2410749E+06   0.0000000E+00   0.0000000E+00   0.0000000E+00   0.0000000E+00
   1.9349618E-05   1.2414672E+06   1.2414672E+06   1.6551433E+06   1.3033685E+04   1.7516776E+03   1.2419949E+06   1.2414672E+06   1.2410744E+06   0.0000000E+00   0.0000000E+00   0.0000000E+00   0.0000000E+00
   2.0793251E-05   1.2414668E+06   1.2414668E+06   1.6551200E+06   1.3033566E+04   1.7516181E+03   1.2419944E+06   1.2414668E+06   1.2410739E+06   0.0000000E+00   0.0000000E+00   0.0000000E+00   0.0000000E+00
   2.2344590E-05   1.2414663E+06   1.2414663E+06   1.6550932E+06   1.3033428E+04   1.7515495E+03   1.2419938E+06   1.2414663E+06   1.2410733E+06   0.0000000E+00   0.0000000E+00   0.0000000E+00   0.0000000E+00
   2.4011671E-05   1.2414657E+06   1.2414657E+06   1.6550622E+06   1.3033269E+04   1.7514702E+03   1.2419931E+06   1.2414657E+06   1.2410727E+06   0.0000000E+00   0.0000000E+00   0.0000000E+00   0.0000000E+00
   2.5803130E-05   1.2414650E+06   1.2414650E+06   1.6550264E+06   1.3033085E+04   1.7513786E+03   1.2419924E+06   1.2414650E+06   1.2410719E+06   0.0000000E+00   0.0000000E+00   0.0000000E+00   0.0000000E+00
   2.7728246E-05   1.2414642E+06   1.2414642E+06   1.6549850E+06   1.3032873E+04   1.7512729E+03   1.2419915E+06   1.2414642E+06   1.2410710E+06   0.0000000E+00   0.0000000E+00   0.0000000E+00   0.0000000E+00
   2.9796990E-05   1.2414633E+06   1.2414633E+06   1.6549373E+06   1.3032628E+04   1.7511508E+03   1.2419904E+06   1.2414633E+06   1.2410699E+06   0.0000000E+00   0.0000000E+00   0.0000000E+00   0.0000000E+00
   3.2020079E-05   1.2414622E+06   1.2414622E+06   1.6548822E+06   1.3032345E+04   1.7510098E+03   1.2419892E+06   1.2414622E+06   1.2410687E+06   0.0000000E+00   0.0000000E+00   0.0000000E+00   0.0000000E+00
   3.4409027E-05   1.2414610E+06   1.2414610E+06   1.6548185E+06   1.3032018E+04   1.7508470E+03   1.2419878E+06   1.2414610E+06   1.2410673E+06   0.0000000E+00   0.0000000E+00   0.0000000E+00   0.0000000E+00
   3.6976210E-05   1.2414595E+06   1.2414595E+06   1.6547450E+06   1.3031641E+04   1.7506590E+03   1.2419862E+06   1.2414595E+06   1.2410657E+06   0.0000000E+00   0.0000000E+00   0.0000000E+00   0.0000000E+00
   3.9734925E-05   1.2414579E+06   1.2414579E+06   1.6546601E+06   1.3031205E+04   1.7504420E+03   1.2419844E+06   1.2414579E+06   1.2410639E+06   0.0000000E+00   0.0000000E+00   0.0000000E+00   0.0000000E+00
   4.2699461E-05   1.2414560E+06   1.2414560E+06   1.6545621E+06   1.3030702E+04   1.7501914E+03   1.2419822E+06   1.2414560E+06   1.2410617E+06   0.0000000E+00   0.0000000E+00   0.0000000E+00   0.0000000E+00
   4.5885175E-05   1.2414538E+06   1.2414538E+06   1.6544489E+06   1.3030122E+04   1.7499020E+03   1.2419798E+06   1.2414538E+06   1.2410593E+06   0.0000000E+00   0.0000000E+00   0.0000000E+00   0.0000000E+00
   4.9308568E-05   1.2414513E+06   1.2414513E+06   1.6543182E+06   1.3029451E+04   1.7495679E+03   1.2419769E+06   1.2414513E+06   1.2410564E+06   0.0000000E+00   0.0000000E+00   0.0000000E+00   0.0000000E+00
   5.2987373E-05   1.2414484E+06   1.2414484E+06   1.6541673E+06   1.3028676E+04   1.7491821E+03   1.2419736E+06   1.2414484E+06   1.2410531E+06   0.0000000E+00   0.0000000E+00   0.0000000E+00   0.0000000E+00
   5.6940646E-05   1.2414450E+06   1.2414450E+06   1.6539931E+06   1.3027782E+04   1.7487367E+03   1.2419698E+06   1.2414450E+06   1.2410493E+06   0.0000000E+00   0.0000000E+00   0.0000000E+00   0.0000000E+00
   6.1188864E-05   1.2414412E+06   1.2414412E+06   1.6537919E+06   1.3026749E+04   1.7482224E+03   1.2419654E+06   1.2414412E+06   1.2410449E+06   0.0000000E+00   0.0000000E+00   0.0000000E+00   0.0000000E+00
   6.5754033E-05   1.2414367E+06   1.2414367E+06   1.6535595E+06   1.3025557E+04   1.7476287E+03   1.2419603E+06   1.2414367E+06   1.2410399E+06   0.0000000E+00   0.0000000E+00   0.0000000E+00   0.0000000E+00
   7.0659798E-05   1.2414315E+06   1.2414315E+06   1.6532913E+06   1.3024180E+04   1.7469433E+03   1.2419545E+06   1.2414315E+06   1.2410340E+06   0.0000000E+00   0.0000000E+00   0.0000000E+00   0.0000000E+00
   7.5931572E-05   1.2414255E+06   1.2414255E+06   1.6529816E+06   1.3022590E+04   1.7461521E+03   1.2419477E+06   1.2414255E+06   1.2410273E+06   0.0000000E+00   0.0000000E+00   0.0000000E+00   0.0000000E+00
   8.1596662E-05   1.2414186E+06   1.2414186E+06   1.6526240E+06   1.3020754E+04   1.7452387E+03   1.2419399E+06   1.2414186E+06   1.2410195E+06   0.0000000E+00   0.0000000E+00   0.0000000E+00   0.0000000E+00
   8.7684412E-05   1.2414106E+06   1.2414106E+06   1.6522112E+06   1.3018635E+04   1.7441844E+03   1.2419309E+06   1.2414106E+06   1.2410104E+06   0.0000000E+00   0.0000000E+00   0.0000000E+00   0.0000000E+00
   9.4226355E-05   1.2414014E+06   1.2414014E+06   1.6517346E+06   1.3016188E+04   1.7429675E+03   1.2419205E+06   1.2414014E+06   1.2410000E+06   0.0000000E+00   0.0000000E+00   0.0000000E+00   0.0000000E+00
   1.0125638E-04   1.2413908E+06   1.2413908E+06   1.6511843E+06   1.3013363E+04   1.7415631E+03   1.2419085E+06   1.2413908E+06   1.2409880E+06   0.0000000E+00   0.0000000E+00   0.0000000E+00   0.0000000E+00
   1.0881090E-04   1.2413785E+06   1.2413785E+06   1.6505491E+06   1.3010101E+04   1.7399423E+03   1.2418946E+06   1.2413785E+06   1.2409741E+06   0.0000000E+00   0.0000000E+00   0.0000000E+00   0.0000000E+00
   1.1692904E-04   1.2413643E+06   1.2413643E+06   1.6498159E+06   1.3006335E+04   1.7380721E+03   1.2418785E+06   1.2413643E+06   1.2409581E+06   0.0000000E+00   0.0000000E+00   0.0000000E+00   0.0000000E+00
   1.2565286E-04   1.2413480E+06   1.2413480E+06   1.6489696E+06   1.3001988E+04   1.7359144E+03   1.2418600E+06   1.2413480E+06   1.2409396E+06   0.0000000E+00   0.0000000E+00   0.0000000E+00   0.0000000E+00
   1.3502755E-04   1.2413291E+06   1.2413291E+06   1.6479927E+06   1.2996971E+04   1.7334251E+03   1.2418387E+06   1.2413291E+06   1.2409183E+06   0.0000000E+00   0.0000000E+00   0.0000000E+00   0.0000000E+00
   1.4510166E-04   1.2413072E+06   1.2413072E+06   1.6468653E+06   1.2991178E+04   1.7305540E+03   1.2418140E+06   1.2413072E+06   1.2408936E+06   0.0000000E+00   0.0000000E+00   0.0000000E+00   0.0000000E+00
   1.5592738E-04   1.2412821E+06   1.2412821E+06   1.6455643E+06   1.2984493E+04   1.7272429E+03   1.2417855E+06   1.2412821E+06   1.2408652E+06   0.0000000E+00   0.0000000E+00   0.0000000E+00   0.0000000E+00
   1.6756079E-04   1.2412530E+06   1.2412530E+06   1.6440631E+06   1.2976777E+04   1.7234253E+03   1.2417526E+06   1.2412530E+06   1.2408323E+06   0.0000000E+00   0.0000000E+00   0.0000000E+00   0.0000000E+00
   1.8006213E-04   1.2412194E+06   1.2412194E+06   1.6423311E+06   1.2967873E+04   1.7190248E+03   1.2417147E+06   1.2412194E+06   1.2407944E+06   0.0000000E+00   0.0000000E+00   0.0000000E+00   0.0000000E+00
   1.9349618E-04   1.2411806E+06   1.2411806E+06   1.6403330E+06   1.2957599E+04   1.7139538E+03   1.2416709E+06   1.2411806E+06   1.2407506E+06   0.0000000E+00   0.0000000E+00   0.0000000E+00   0.0000000E+00
   2.0793251E-04   1.2411359E+06   1.2411359E+06   1.6380285E+06   1.2945745E+04   1.7081119E+03   1.2416203E+06   1.2411359E+06   1.2407001E+06   0.0000000E+00   0.0000000E+00   0.0000000E+00   0.0000000E+00
   2.2344590E-04   1.2410842E+06   1.2410842E+06   1.6353710E+06   1.2932070E+04   1.7013847E+03   1.2415619E+06   1.2410842E+06   1.2406417E+06   0.0000000E+00   0.0000000E+00   0.0000000E+00   0.0000000E+00
   2.4011671E-04   1.2410246E+06   1.2410246E+06   1.6323071E+06   1.2916297E+04   1.6936411E+03   1.2414945E+06   1.2410246E+06   1.2405744E+06   0.0000000E+00   0.0000000E+00   0.0000000E+00   0.0000000E+00
   2.5803130E-04   1.2409558E+06   1.2409558E+06   1.6287754E+06   1.2898107E+04   1.6847323E+03   1.2414168E+06   1.2409558E+06   1.2404967E+06   0.0000000E+00   0.0000000E+00   0.0000000E+00   0.0000000E+00
   2.7728246E-04   1.2408765E+06   1.2408765E+06   1.6247059E+06   1.2877135E+04   1.6744888E+03   1.2413271E+06   1.2408765E+06   1.2404071E+06   0.0000000E+00   0.0000000E+00   0.0000000E+00   0.0000000E+00
   2.9796990E-04   1.2407848E+06   1.2407848E+06   1.6200180E+06   1.2852961E+04   1.6627186E+03   1.2412236E+06   1.2407848E+06   1.2403037E+06   0.0000000E+00   0.0000000E+00   0.0000000E+00   0.0000000E+00
   3.2020079E-04   1.2406792E+06   1.2406792E+06   1.6146200E+06   1.2825103E+04   1.6492046E+03   1.2411042E+06   1.2406792E+06   1.2401843E+06   0.0000000E+00   0.0000000E+00   0.0000000E+00   0.0000000E+00
   3.4409027E-04   1.2405572E+06   1.2405572E+06   1.6084070E+06   1.2793012E+04   1.6337028E+03   1.2409665E+06   1.2405572E+06   1.2400467E+06   0.0000000E+00   0.0000000E+00   0.0000000E+00   0.0000000E+00
   3.6976210E-04   1.2404166E+06   1.2404166E+06   1.6012595E+06   1.2756056E+04   1.6159392E+03   1.2408077E+06   1.2404166E+06   1.2398881E+06   0.0000000E+00   0.0000000E+00   0.0000000E+00   0.0000000E+00
   3.9734925E-04   1.2402544E+06   1.2402544E+06   1.5930421E+06   1.2713518E+04   1.5956088E+03   1.2406247E+06   1.2402544E+06   1.2397051E+06   0.0000000E+00   0.0000000E+00   0.0000000E+00   0.0000000E+00
   4.2699461E-04   1.2400674E+06   1.2400674E+06   1.5836008E+06   1.2664579E+04   1.5723735E+03   1.2404136E+06   1.2400674E+06   1.2394942E+06   0.0000000E+00   0.0000000E+00   0.0000000E+00   0.0000000E+00
   4.5885175E-04   1.2398519E+06   1.2398519E+06   1.5727621E+06   1.2608308E+04   1.5458621E+03   1.2401705E+06   1.2398519E+06   1.2392513E+06   0.0000000E+00   0.0000000E+00   0.0000000E+00   0.0000000E+00
   4.9308568E-04   1.2396035E+06   1.2396035E+06   1.5603306E+06   1.2543649E+04   1.5156706E+03   1.2398904E+06   1.2396035E+06   1.2389714E+06   0.0000000E+00   0.0000000E+00   0.0000000E+00   0.0000000E+00
   5.2987373E-04   1.2393174E+06   1.2393174E+06   1.5460871E+06   1.2469411E+04   1.4813652E+03   1.2395679E+06   1.2393174E+06   1.2386491E+06   0.0000000E+00   0.0000000E+00   0.0000000E+00   0.0000000E+00
   5.6940646E-04   1.2389879E+06   1.2389879E+06   1.5297877E+06   1.2384250E+04   1.4424868E+03   1.2391966E+06   1.2389879E+06   1.2382781E+06   0.0000000E+00   0.0000000E+00   0.0000000E+00   0.0000000E+00
   6.1188864E-04   1.2386086E+06   1.2386086E+06   1.5111619E+06   1.2286659E+04   1.3985605E+03   1.2387696E+06   1.2386086E+06   1.2378513E+06   0.0000000E+00   0.0000000E+00   0.0000000E+00   0.0000000E+00
   6.5754033E-04   1.2381723E+06   1.2381723E+06   1.4899129E+06   1.2174958E+04   1.3491085E+03   1.2382786E+06   1.2381723E+06   1.2373607E+06   0.0000000E+00   0.0000000E+00   0.0000000E+00   0.0000000E+00
   7.0659798E-04   1.2376705E+06   1.2376705E+06   1.4657173E+06   1.2047283E+04   1.2936701E+03   1.2377144E+06   1.2376705E+06   1.2367969E+06   0.0000000E+00   0.0000000E+00   0.0000000E+00   0.0000000E+00
   7.5931572E-04   1.2370939E+06   1.2370939E+06   1.4382273E+06   1.1901583E+04   1.2318292E+03   1.2370667E+06   1.2370939E+06   1.2361497E+06   0.0000000E+00   0.0000000E+00   0.0000000E+00   0.0000000E+00
   8.1596662E-04   1.2364319E+06   1.2364319E+06   1.4070743E+06   1.1735620E+04   1.1632518E+03   1.2363237E+06   1.2364319E+06   1.2354072E+06   0.0000000E+00   0.0000000E+00   0.0000000E+00   0.0000000E+00
   8.7684412E-04   1.2356723E+06   1.2356723E+06   1.3718753E+06   1.1546980E+04   1.0877362E+03   1.2354723E+06   1.2356723E+06   1.2345564E+06   0.0000000E+00   0.0000000E+00   0.0000000E+00   0.0000000E+00
   9.4226355E-04   1.2348017E+06   1.2348017E+06   1.3322420E+06   1.1333095E+04   1.0052771E+03   1.2344978E+06   1.2348017E+06   1.2335825E+06   0.0000000E+00   0.0000000E+00   0.0000000E+00   0.0000000E+00
   1.0125638E-03   1.2338049E+06   1.2338049E+06   1.2877952E+06   1.1091281E+04   9.1614562E+02   1.2333838E+06   1.2338049E+06   1.2324693E+06   0.0000000E+00   0.0000000E+00   0.0000000E+00   0.0000000E+00
   1.0881090E-03   1.2326651E+06   1.2326651E+06   1.2381834E+06   1.0818798E+04   8.2098717E+02   1.2321122E+06   1.2326651E+06   1.2311986E+06   0.0000000E+00   0.0000000E+00   0.0000000E+00   0.0000000E+00
   1.1692904E-03   1.2313637E+06   1.2313637E+06   1.1831086E+06   1.0512937E+04   7.2093488E+02   1.2306633E+06   1.2313637E+06   1.2297508E+06   0.0000000E+00   0.0000000E+00   0.0000000E+00   0.0000000E+00
   1.2565286E-03   1.2298802E+06   1.2298802E+06   1.1223587E+06   1.0171141E+04   6.1773551E+02   1.2290156E+06   1.2298802E+06   1.2281041E+06   0.0000000E+00   0.0000000E+00   0.0000000E+00   0.0000000E+00
   1.3502755E-03   1.2281922E+06   1.2281922E+06   1.0558488E+06   9.7911657E+03   5.1387849E+02   1.2271457E+06   1.2281922E+06   1.2262356E+06   0.0000000E+00   0.0000000E+00   0.0000000E+00   0.0000000E+00
   1.4510166E-03   1.2262756E+06   1.2262756E+06   9.8366943E+05   9.3712845E+03   4.1271209E+02   1.2250291E+06   1.2262756E+06   1.2241205E+06   0.0000000E+00   0.0000000E+00   0.0000000E+00   0.0000000E+00
   1.5592738E-03   1.2241045E+06   1.2241045E+06   9.0614353E+05   8.9105473E+03   3.1852036E+02   1.2226398E+06   1.2241045E+06   1.2217329E+06   0.0000000E+00   0.0000000E+00   0.0000000E+00   0.0000000E+00
   1.6756079E-03   1.2216517E+06   1.2216517E+06   8.2388626E+05   8.4090865E+03   2.3652185E+02   1.2199510E+06   1.2216517E+06   1.2190460E+06   0.0000000E+00   0.0000000E+00   0.0000000E+00   0.0000000E+00
   1.8006213E-03   1.2188886E+06   1.2188886E+06   7.3786501E+05   7.8684653E+03   1.7273628E+02   1.2169356E+06   1.2188886E+06   1.2160327E+06   0.0000000E+00   0.0000000E+00   0.0000000E+00   0.0000000E+00
   1.9349618E-03   1.2157861E+06   1.2157861E+06   6.4944949E+05   7.2920518E+03   1.3365138E+02   1.2135666E+06   1.2157861E+06   1.2126662E+06   0.0000000E+00   0.0000000E+00   0.0000000E+00   0.0000000E+00
   2.0793251E-03   1.2123148E+06   1.2123148E+06   5.6043961E+05   6.6853819E+03   1.2561418E+02   1.2098181E+06   1.2123148E+06   1.2089203E+06   0.0000000E+00   0.0000000E+00   0.0000000E+00   0.0000000E+00
   2.2344590E-03   1.2084457E+06   1.2084457E+06   4.7305355E+05   6.0564603E+03   1.5387903E+02   1.2056655E+06   1.2084457E+06   1.2047708E+06   0.0000000E+00   0.0000000E+00   0.0000000E+00   0.0000000E+00
   2.4011671E-03   1.2041506E+06   1.2041506E+06   3.8985488E+05   5.4159199E+03   2.2128234E+02   1.2010868E+06   1.2041506E+06   1.2001954E+06   0.0000000E+00   0.0000000E+00   0.0000000E+00   0.0000000E+00
   2.5803130E-03   1.1994031E+06   1.1994031E+06   3.1359658E+05   4.7769397E+03   3.2660111E+02   1.1960624E+06   1.1994031E+06   1.1951747E+06   0.0000000E+00   0.0000000E+00   0.0000000E+00   0.0000000E+00
   2.7728246E-03   1.1941782E+06   1.1941782E+06   2.4696459E+05   4.1548050E+03   4.6280715E+02   1.1905752E+06   1.1941782E+06   1.1896916E+06   0.0000000E+00   0.0000000E+00   0.0000000E+00   0.0000000E+00
   2.9796990E-03   1.1884532E+06   1.1884532E+06   1.9221804E+05   3.5659966E+03   6.1565864E+02   1.1846104E+06   1.1884532E+06   1.1837313E+06   0.0000000E+00   0.0000000E+00   0.0000000E+00   0.0000000E+00
   3.2020079E-03   1.1822063E+06   1.1822063E+06   1.5075241E+05   3.0267414E+03   7.6334934E+02   1.1781537E+06   1.1822063E+06   1.1772794E+06   0.0000000E+00   0.0000000E+00   0.0000000E+00   0.0000000E+00
   3.4409027E-03   1.1754162E+06   1.1754162E+06   1.2265539E+05   2.5510508E+03   8.7817035E+02   1.1711893E+06   1.1754162E+06   1.1703203E+06   0.0000000E+00   0.0000000E+00   0.0000000E+00   0.0000000E+00
   3.6976210E-03   1.1680602E+06   1.1680602E+06   1.0638060E+05   2.1484474E+03   9.3113444E+02   1.1636972E+06   1.1680602E+06   1.1628338E+06   0.0000000E+00   0.0000000E+00   0.0000000E+00   0.0000000E+00
   3.9734925E-03   1.1601124E+06   1.1601124E+06   9.8711725E+04   1.8218076E+03   8.9996524E+02   1.1556503E+06   1.1601124E+06   1.1547930E+06   0.0000000E+00   0.0000000E+00   0.0000000E+00   0.0000000E+00
   4.2699461E-03   1.1515422E+06   1.1515422E+06   9.5195693E+04   1.5659922E+03   7.7943895E+02   1.1470124E+06   1.1515422E+06   1.1461617E+06   0.0000000E+00   0.0000000E+00   0.0000000E+00   0.0000000E+00
   4.5885175E-03   1.1423132E+06   1.1423132E+06   9.1138185E+04   1.3680636E+03   5.9070820E+02   1.1377378E+06   1.1423132E+06   1.1368943E+06   0.0000000E+00   0.0000000E+00   0.0000000E+00   0.0000000E+00
   4.9308568E-03   1.1323838E+06   1.1323838E+06   8.3034983E+04   1.2097289E+03   3.8361116E+02   1.1277745E+06   1.1323838E+06   1.1269386E+06   0.0000000E+00   0.0000000E+00   0.0000000E+00   0.0000000E+00
   5.2987373E-03   1.1217103E+06   1.1217103E+06   6.9973345E+04   1.0720036E+03   2.2505123E+02   1.1170692E+06   1.1217103E+06   1.1162415E+06   0.0000000E+00   0.0000000E+00   0.0000000E+00   0.0000000E+00
   5.6940646E-03   1.1102499E+06   1.1102499E+06   5.4219706E+04   9.4095185E+02   1.7053903E+02   1.1055749E+06   1.1102499E+06   1.1047559E+06   0.0000000E+00   0.0000000E+00   0.0000000E+00   0.0000000E+00
   6.1188864E-03   1.0979658E+06   1.0979658E+06   4.0220889E+04   8.1209005E+02   2.2742183E+02   1.0932566E+06   1.0979658E+06   1.0924470E+06   0.0000000E+00   0.0000000E+00   0.0000000E+00   0.0000000E+00
   6.5754033E-03   1.0848272E+06   1.0848272E+06   3.1939570E+04   6.9058179E+02   3.3420985E+02   1.0800917E+06   1.0848272E+06   1.0792920E+06   0.0000000E+00   0.0000000E+00   0.0000000E+00   0.0000000E+00
   7.0659798E-03   1.0708073E+06   1.0708073E+06   2.9835764E+04   5.8587178E+02   3.8684969E+02   1.0660616E+06   1.0708073E+06   1.0652725E+06   0.0000000E+00   0.0000000E+00   0.0000000E+00   0.0000000E+00
   7.5931572E-03   1.0558769E+06   1.0558769E+06   3.0020897E+04   5.0318934E+02   3.1807373E+02   1.0511407E+06   1.0558769E+06   1.0503629E+06   0.0000000E+00   0.0000000E+00   0.0000000E+00   0.0000000E+00
   8.1596662E-03   1.0400005E+06   1.0400005E+06   2.7390709E+04   4.3824995E+02   1.7495926E+02   1.0352890E+06   1.0400005E+06   1.0345231E+06   0.0000000E+00   0.0000000E+00   0.0000000E+00   0.0000000E+00
   8.7684412E-03   1.0231375E+06   1.0231375E+06   2.0855363E+04   3.8086134E+02   9.4150116E+01   1.0184578E+06   1.0231375E+06   1.0177045E+06   0.0000000E+00   0.0000000E+00   0.0000000E+00   0.0000000E+00
   9.4226355E-03   1.0052495E+06   1.0052495E+06   1.4819963E+04   3.2513075E+02   1.4583372E+02   1.0006050E+06   1.0052495E+06   9.9986503E+05   0.0000000E+00   0.0000000E+00   0.0000000E+00   0.0000000E+00
   1.0125638E-02   9.8630502E+05   9.8630502E+05   1.3364505E+04   2.7466120E+02   2.1649391E+02   9.8170377E+05   9.8630502E+05   9.8097788E+05   0.0000000E+00   0.0000000E+00   0.0000000E+00   0.0000000E+00
   1.0881090E-02   9.6627446E+05   9.6627446E+05   1.3871893E+04   2.3474835E+02   1.5971667E+02   9.6173094E+05   9.6627446E+05   9.6101992E+05   0.0000000E+00   0.0000000E+00   0.0000000E+00   0.0000000E+00
   1.1692904E-02   9.4512340E+05   9.4512340E+05   1.1288207E+04   2.0245927E+02   5.9678590E+01   9.4065108E+05   9.4512340E+05   9.3995574E+05   0.0000000E+00   0.0000000E+00   0.0000000E+00   0.0000000E+00
   1.2565286E-02   9.2281623E+05   9.2281623E+05   7.6446094E+03   1.7187196E+02   9.1399107E+01   9.1842247E+05   9.2281623E+05   9.1774363E+05   0.0000000E+00   0.0000000E+00   0.0000000E+00   0.0000000E+00
   1.3502755E-02   8.9932517E+05   8.9932517E+05   7.4486907E+03   1.4477258E+02   1.3561702E+02   8.9501631E+05   8.9932517E+05   8.9435484E+05   0.0000000E+00   0.0000000E+00   0.0000000E+00   0.0000000E+00
   1.4510166E-02   8.7462717E+05   8.7462717E+05   7.0997246E+03   1.2372166E+02   5.2262543E+01   8.7041392E+05   8.7462717E+05   8.6977069E+05   0.0000000E+00   0.0000000E+00   0.0000000E+00   0.0000000E+00
   1.5592738E-02   8.4870040E+05   8.4870040E+05   4.6411340E+03   1.0460425E+02   5.4100549E+01   8.4459416E+05   8.4870040E+05   8.4397006E+05   0.0000000E+00   0.0000000E+00   0.0000000E+00   0.0000000E+00
   1.6756079E-02   8.2153542E+05   8.2153542E+05   4.5988206E+03   8.7718222E+01   8.8361059E+01   8.1754408E+05   8.2153542E+05   8.1694001E+05   0.0000000E+00   0.0000000E+00   0.0000000E+00   0.0000000E+00
   1.8006213E-02   7.9313670E+05   7.9313670E+05   3.8638548E+03   7.4500039E+01   1.9805984E+01   7.8926768E+05   7.9313670E+05   7.8868454E+05   0.0000000E+00   0.0000000E+00   0.0000000E+00   0.0000000E+00
   1.9349618E-02   7.6352332E+05   7.6352332E+05   2.8151000E+03   6.2043880E+01   6.4563345E+01   7.5978670E+05   7.6352332E+05   7.5922537E+05   0.0000000E+00   0.0000000E+00   0.0000000E+00   0.0000000E+00
   2.0793250E-02   7.3274224E+05   7.3274224E+05   2.8285405E+03   5.2273453E+01   2.0156627E+01   7.2914536E+05   7.3274224E+05   7.2860669E+05   0.0000000E+00   0.0000000E+00   0.0000000E+00   0.0000000E+00
   2.2344587E-02   7.0086928E+05   7.0086928E+05   1.9170681E+03   4.3403235E+01   4.4677409E+01   6.9741934E+05   7.0086928E+05   6.9690413E+05   0.0000000E+00   0.0000000E+00   0.0000000E+00   0.0000000E+00
   2.4011654E-02   6.6802217E+05   6.6802217E+05   1.8817072E+03   3.6305169E+01   1.1245520E+01   6.6472614E+05   6.6802217E+05   6.6423509E+05   0.0000000E+00   0.0000000E+00   0.0000000E+00   0.0000000E+00
   2.5803036E-02   6.3436678E+05   6.3436678E+05   1.4150497E+03   2.9918546E+01   3.6726294E+01   6.3123005E+05   6.3436678E+05   6.3076377E+05   0.0000000E+00   0.0000000E+00   0.0000000E+00   0.0000000E+00
   2.7727811E-02   6.0013006E+05   6.0013006E+05   1.1084332E+03   2.4859592E+01   8.3824429E+00   5.9715676E+05   6.0013006E+05   5.9671565E+05   0.0000000E+00   0.0000000E+00   0.0000000E+00   0.0000000E+00
   2.9795245E-02   5.6560959E+05   5.6560959E+05   1.0570130E+03   2.0407273E+01   1.3432455E+01   5.6280297E+05   5.6560959E+05   5.6238725E+05   0.0000000E+00   0.0000000E+00   0.0000000E+00   0.0000000E+00
   3.2013911E-02   5.3118937E+05   5.3118937E+05   7.8687412E+02   1.6701562E+01   2.0960396E+01   5.2854914E+05   5.3118937E+05   5.2815874E+05   0.0000000E+00   0.0000000E+00   0.0000000E+00   0.0000000E+00
   3.4389696E-02   4.9735405E+05   4.9735405E+05   5.7997575E+02   1.3682997E+01   1.1356676E+01   4.9487888E+05   4.9735405E+05   4.9451335E+05   0.0000000E+00   0.0000000E+00   0.0000000E+00   0.0000000E+00
   3.6922158E-02   4.6469658E+05   4.6469658E+05   4.8519581E+02   1.1168462E+01   4.2653260E+00   4.6238136E+05   4.6469658E+05   4.6203984E+05   0.0000000E+00   0.0000000E+00   0.0000000E+00   0.0000000E+00
   3.9599563E-02   4.3389540E+05   4.3389540E+05   4.2093242E+02   9.0995768E+00   2.8041006E+00   4.3173142E+05   4.3389540E+05   4.3141254E+05   0.0000000E+00   0.0000000E+00   0.0000000E+00   0.0000000E+00
   4.2395035E-02   4.0562871E+05   4.0562871E+05   3.5848742E+02   7.4307400E+00   3.1157489E+00   4.0360383E+05   4.0562871E+05   4.0330573E+05   0.0000000E+00   0.0000000E+00   0.0000000E+00   0.0000000E+00
   4.5268270E-02   3.8042177E+05   3.8042177E+05   2.9979222E+02   6.1040746E+00   3.5709515E+00   3.7852128E+05   3.8042177E+05   3.7824171E+05   0.0000000E+00   0.0000000E+00   0.0000000E+00   0.0000000E+00
   4.8174987E-02   3.5849490E+05   3.5849490E+05   2.4856301E+02   5.0570454E+00   4.0115760E+00   3.5670285E+05   3.5849490E+05   3.5643939E+05   0.0000000E+00   0.0000000E+00   0.0000000E+00   0.0000000E+00
   5.1079212E-02   3.3971704E+05   3.3971704E+05   2.0550352E+02   4.2336271E+00   4.3316196E+00   3.3801795E+05   3.3971704E+05   3.3776830E+05   0.0000000E+00   0.0000000E+00   0.0000000E+00   0.0000000E+00
   5.3960276E-02   3.2369159E+05   3.2369159E+05   1.7022904E+02   3.5843646E+00   4.3223629E+00   3.2207192E+05   3.2369159E+05   3.2183405E+05   0.0000000E+00   0.0000000E+00   0.0000000E+00   0.0000000E+00
   5.6812090E-02   3.0989696E+05   3.0989696E+05   1.4235564E+02   3.0677746E+00   3.8108147E+00   3.0834570E+05   3.0989696E+05   3.0811796E+05   0.0000000E+00   0.0000000E+00   0.0000000E+00   0.0000000E+00
   5.9638429E-02   2.9779951E+05   2.9779951E+05   1.2112243E+02   2.6522216E+00   2.8157370E+00   2.9630827E+05   2.9779951E+05   2.9608943E+05   0.0000000E+00   0.0000000E+00   0.0000000E+00   0.0000000E+00
   6.2448222E-02   2.8691479E+05   2.8691479E+05   1.0522275E+02   2.3125691E+00   1.6769602E+00   2.8547764E+05   2.8691479E+05   2.8526680E+05   0.0000000E+00   0.0000000E+00   0.0000000E+00   0.0000000E+00
   6.5252377E-02   2.7683095E+05   2.7683095E+05   9.3470644E+01   2.0299223E+00   7.6778294E-01   2.7544398E+05   2.7683095E+05   2.7524055E+05   0.0000000E+00   0.0000000E+00   0.0000000E+00   0.0000000E+00
   6.8062059E-02   2.6721341E+05   2.6721341E+05   8.5002276E+01   1.7914825E+00   2.5542070E-01   2.6587433E+05   2.6721341E+05   2.6567797E+05   0.0000000E+00   0.0000000E+00   0.0000000E+00   0.0000000E+00
   7.0887903E-02   2.5780273E+05   2.5780273E+05   7.8681371E+01   1.5878268E+00   1.4616811E-01   2.5651055E+05   2.5780273E+05   2.5632110E+05   0.0000000E+00   0.0000000E+00   0.0000000E+00   0.0000000E+00
   7.3739741E-02   2.4841113E+05   2.4841113E+05   7.3024985E+01   1.4122735E+00   3.0404194E-01   2.4716577E+05   2.4841113E+05   2.4698323E+05   0.0000000E+00   0.0000000E+00   0.0000000E+00   0.0000000E+00
   7.6626573E-02   2.3891921E+05   2.3891921E+05   6.6968714E+01   1.2596036E+00   5.7506190E-01   2.3772123E+05   2.3891921E+05   2.3754566E+05   0.0000000E+00   0.0000000E+00   0.0000000E+00   0.0000000E+00
   7.9556641E-02   2.2927273E+05   2.2927273E+05   6.0371288E+01   1.1254052E+00   8.4800467E-01   2.2812295E+05   2.2927273E+05   2.2795447E+05   0.0000000E+00   0.0000000E+00   0.0000000E+00   0.0000000E+00
   8.2537542E-02   2.1947864E+05   2.1947864E+05   5.3719221E+01   1.0065984E+00   1.0194433E+00   2.1837783E+05   2.1947864E+05   2.1821654E+05   0.0000000E+00   0.0000000E+00   0.0000000E+00   0.0000000E+00
   8.5576344E-02   2.0959944E+05   2.0959944E+05   4.7537489E+01   9.0085353E-01   1.0409688E+00   2.0854804E+05   2.0959944E+05   2.0839402E+05   0.0000000E+00   0.0000000E+00   0.0000000E+00   0.0000000E+00
   8.8679688E-02   1.9974493E+05   1.9974493E+05   4.2051150E+01   8.0629259E-01   9.1305969E-01   1.9874286E+05   1.9974493E+05   1.9859607E+05   0.0000000E+00   0.0000000E+00   0.0000000E+00   0.0000000E+00
   9.1853883E-02   1.9006091E+05   1.9006091E+05   3.7155334E+01   7.2157436E-01   6.4852002E-01   1.8910731E+05   1.9006091E+05   1.8896765E+05   0.0000000E+00   0.0000000E+00   0.0000000E+00   0.0000000E+00
   9.5104984E-02   1.8071440E+05   1.8071440E+05   3.2533069E+01   6.4560527E-01   3.0155778E-01   1.7980760E+05   1.8071440E+05   1.7967480E+05   0.0000000E+00   0.0000000E+00   0.0000000E+00   0.0000000E+00
   9.8438852E-02   1.7187589E+05   1.7187589E+05   2.7866845E+01   5.7741495E-01   5.0960475E-03   1.7101336E+05   1.7187589E+05   1.7088706E+05   0.0000000E+00   0.0000000E+00   0.0000000E+00   0.0000000E+00
   1.0186121E-01   1.6369946E+05   1.6369946E+05   2.3231699E+01   5.1622324E-01   -3.2445433E-02   1.6287790E+05   1.6369946E+05   1.6275761E+05   0.0000000E+00   0.0000000E+00   0.0000000E+00   0.0000000E+00
   1.0537769E-01   1.5630242E+05   1.5630242E+05   1.9514199E+01   4.6142281E-01   3.3075150E-01   1.5551792E+05   1.5630242E+05   1.5540306E+05   0.0000000E+00   0.0000000E+00   0.0000000E+00   0.0000000E+00
   1.0899385E-01   1.4974666E+05   1.4974666E+05   1.7962443E+01   4.1257384E-01   8.2155481E-01   1.4899500E+05   1.4974666E+05   1.4888496E+05   0.0000000E+00   0.0000000E+00   0.0000000E+00   0.0000000E+00
   1.1271524E-01   1.4402459E+05   1.4402459E+05   1.8047115E+01   3.6934507E-01   7.1876177E-01   1.4330161E+05   1.4402459E+05   1.4319577E+05   0.0000000E+00   0.0000000E+00   0.0000000E+00   0.0000000E+00
   1.1654737E-01   1.3905253E+05   1.3905253E+05   1.6555588E+01   3.3118213E-01   6.4148602E-03   1.3835446E+05   1.3905253E+05   1.3825227E+05   0.0000000E+00   0.0000000E+00   0.0000000E+00   0.0000000E+00
   1.2049579E-01   1.3467408E+05   1.3467408E+05   1.3122965E+01   2.9721530E-01   4.8339445E-02   1.3399795E+05   1.3467408E+05   1.3389898E+05   0.0000000E+00   0.0000000E+00   0.0000000E+00   0.0000000E+00
   1.2456605E-01   1.3067530E+05   1.3067530E+05   1.2551220E+01   2.6702739E-01   5.7907544E-01   1.3001920E+05   1.3067530E+05   1.2992318E+05   0.0000000E+00   0.0000000E+00   0.0000000E+00   0.0000000E+00
   1.2876376E-01   1.2681149E+05   1.2681149E+05   1.2234484E+01   2.4042264E-01   -2.5670978E-02   1.2617476E+05   1.2681149E+05   1.2608157E+05   0.0000000E+00   0.0000000E+00   0.0000000E+00   0.0000000E+00
   1.3309455E-01   1.2284348E+05   1.2284348E+05   9.7611340E+00   2.1644660E-01   3.4271761E-01   1.2222664E+05   1.2284348E+05   1.2213637E+05   0.0000000E+00   0.0000000E+00   0.0000000E+00   0.0000000E+00
   1.3756413E-01   1.1857832E+05   1.1857832E+05   1.0111604E+01   1.9506960E-01   1.4281891E-01   1.1798287E+05   1.1857832E+05   1.1789574E+05   0.0000000E+00   0.0000000E+00   0.0000000E+00   0.0000000E+00
   1.4217824E-01   1.1390733E+05   1.1390733E+05   7.9494931E+00   1.7566372E-01   2.0830966E-01   1.1333531E+05   1.1390733E+05   1.1325161E+05   0.0000000E+00   0.0000000E+00   0.0000000E+00   0.0000000E+00
   1.4694273E-01   1.0883257E+05   1.0883257E+05   8.0524558E+00   1.5801691E-01   3.7637132E-02   1.0828601E+05   1.0883257E+05   1.0820603E+05   0.0000000E+00   0.0000000E+00   0.0000000E+00   0.0000000E+00
   1.5186347E-01   1.0347339E+05   1.0347339E+05   6.5858342E+00   1.4186626E-01   2.9711469E-01   1.0295373E+05   1.0347339E+05   1.0287769E+05   0.0000000E+00   0.0000000E+00   0.0000000E+00   0.0000000E+00
   1.5694645E-01   9.8047366E+04   9.8047366E+04   5.9546951E+00   1.2717652E-01   3.1254788E-02   9.7554931E+04   9.8047366E+04   9.7482882E+04   0.0000000E+00   0.0000000E+00   0.0000000E+00   0.0000000E+00
   1.6219771E-01   9.2825030E+04   9.2825030E+04   5.4940175E+00   1.1378843E-01   7.0769407E-02   9.2358811E+04   9.2825030E+04   9.2290600E+04   0.0000000E+00   0.0000000E+00   0.0000000E+00   0.0000000E+00
   1.6762340E-01   8.8065392E+04   8.8065392E+04   4.6301775E+00   1.0165261E-01   1.8660977E-01   8.7623063E+04   8.8065392E+04   8.7558349E+04   0.0000000E+00   0.0000000E+00   0.0000000E+00   0.0000000E+00
   1.7322976E-01   8.3946459E+04   8.3946459E+04   4.0644362E+00   9.0849698E-02   5.1932928E-02   8.3524805E+04   8.3946459E+04   8.3463118E+04   0.0000000E+00   0.0000000E+00   0.0000000E+00   0.0000000E+00
   1.7902314E-01   8.0510460E+04   8.0510460E+04   3.7493744E+00   8.1232172E-02   -1.0225915E-02   8.0106054E+04   8.0510460E+04   8.0046892E+04   0.0000000E+00   0.0000000E+00   0.0000000E+00   0.0000000E+00
   1.8501001E-01   7.7643578E+04   7.7643578E+04   3.4539962E+00   7.2725008E-02   -8.6045039E-03   7.7253560E+04   7.7643578E+04   7.7196505E+04   0.0000000E+00   0.0000000E+00   0.0000000E+00   0.0000000E+00
   1.9119698E-01   7.5103001E+04   7.5103001E+04   3.1130896E+00   6.5222185E-02   -2.1101232E-02   7.4725736E+04   7.5103001E+04   7.4670548E+04   0.0000000E+00   0.0000000E+00   0.0000000E+00   0.0000000E+00
   1.9759081E-01   7.2590023E+04   7.2590023E+04   2.7410759E+00   5.8561647E-02   -1.4134600E-02   7.2225373E+04   7.2590023E+04   7.2172031E+04   0.0000000E+00   0.0000000E+00   0.0000000E+00   0.0000000E+00
   2.0419846E-01   6.9849986E+04   6.9849986E+04   2.4147591E+00   5.2580429E-02   5.2975221E-02   6.9499092E+04   6.9849986E+04   6.9447764E+04   0.0000000E+00   0.0000000E+00   0.0000000E+00   0.0000000E+00
   2.1102707E-01   6.6764770E+04   6.6764770E+04   2.2588328E+00   4.7161826E-02   1.0826293E-01   6.6429368E+04   6.6764770E+04   6.6380307E+04   0.0000000E+00   0.0000000E+00   0.0000000E+00   0.0000000E+00
   2.1808405E-01   6.3399161E+04   6.3399161E+04   2.0949283E+00   4.2229849E-02   1.3493643E-02   6.3080660E+04   6.3399161E+04   6.3034073E+04   0.0000000E+00   0.0000000E+00   0.0000000E+00   0.0000000E+00
   2.2537707E-01   5.9974752E+04   5.9974752E+04   1.7164344E+00   3.7726806E-02   4.9843784E-03   5.9673449E+04   5.9974752E+04   5.9629378E+04   0.0000000E+00   0.0000000E+00   0.0000000E+00   0.0000000E+00
   2.3291413E-01   5.6773476E+04   5.6773476E+04   1.6327296E+00   3.3644820E-02   8.1963522E-02   5.6488251E+04   5.6773476E+04   5.6446532E+04   0.0000000E+00   0.0000000E+00   0.0000000E+00   0.0000000E+00
   2.4070362E-01   5.4007686E+04   5.4007686E+04   1.3593504E+00   3.0013539E-02   8.3195938E-03   5.3736353E+04   5.4007686E+04   5.3696666E+04   0.0000000E+00   0.0000000E+00   0.0000000E+00   0.0000000E+00
   2.4875436E-01   5.1717688E+04   5.1717688E+04   1.2925015E+00   2.6796940E-02   9.7260888E-03   5.1457855E+04   5.1717688E+04   5.1419851E+04   0.0000000E+00   0.0000000E+00   0.0000000E+00   0.0000000E+00
   2.5707568E-01   4.9753415E+04   4.9753415E+04   1.1547905E+00   2.3959660E-02   4.7755703E-02   4.9503447E+04   4.9753415E+04   4.9466886E+04   0.0000000E+00   0.0000000E+00   0.0000000E+00   0.0000000E+00
   2.6567750E-01   4.7858605E+04   4.7858605E+04   1.0133619E+00   2.1455865E-02   7.7830842E-03   4.7618154E+04   4.7858605E+04   4.7582986E+04   0.0000000E+00   0.0000000E+00   0.0000000E+00   0.0000000E+00
   2.7457042E-01   4.5817566E+04   4.5817566E+04   9.0680936E-01   1.9202513E-02   1.5667615E-02   4.5587367E+04   4.5817566E+04   4.5553698E+04   0.0000000E+00   0.0000000E+00   0.0000000E+00   0.0000000E+00
   2.8376584E-01   4.3579556E+04   4.3579556E+04   8.0814648E-01   1.7163072E-02   2.2231640E-03   4.3360598E+04   4.3579556E+04   4.3328575E+04   0.0000000E+00   0.0000000E+00   0.0000000E+00   0.0000000E+00
   2.9327604E-01   4.1279016E+04   4.1279016E+04   7.1069204E-01   1.5308770E-02   -4.3822310E-03   4.1071615E+04   4.1279016E+04   4.1041281E+04   0.0000000E+00   0.0000000E+00   0.0000000E+00   0.0000000E+00
   3.0311438E-01   3.9131683E+04   3.9131683E+04   6.3477147E-01   1.3635526E-02   1.1188429E-02   3.8935069E+04   3.9131683E+04   3.8906313E+04   0.0000000E+00   0.0000000E+00   0.0000000E+00   0.0000000E+00
   3.1329540E-01   3.7274802E+04   3.7274802E+04   5.8421795E-01   1.2146961E-02   1.8601219E-02   3.7087516E+04   3.7274802E+04   3.7060125E+04   0.0000000E+00   0.0000000E+00   0.0000000E+00   0.0000000E+00
   3.2383504E-01   3.5669776E+04   3.5669776E+04   5.0604796E-01   1.0834005E-02   1.2387462E-02   3.5490553E+04   3.5669776E+04   3.5464341E+04   0.0000000E+00   0.0000000E+00   0.0000000E+00   0.0000000E+00
   3.3475086E-01   3.4146594E+04   3.4146594E+04   4.6714646E-01   9.6705904E-03   5.1377956E-03   3.3975022E+04   3.4146594E+04   3.3949930E+04   0.0000000E+00   0.0000000E+00   0.0000000E+00   0.0000000E+00
   3.4606229E-01   3.2555589E+04   3.2555589E+04   4.1015830E-01   8.6262472E-03   7.2949452E-03   3.2392010E+04   3.2555589E+04   3.2368087E+04   0.0000000E+00   0.0000000E+00   0.0000000E+00   0.0000000E+00
   3.5779091E-01   3.0893161E+04   3.0893161E+04   3.6120148E-01   7.6797826E-03   1.9579973E-02   3.0737934E+04   3.0893161E+04   3.0715232E+04   0.0000000E+00   0.0000000E+00   0.0000000E+00   0.0000000E+00
   3.6996085E-01   2.9283866E+04   2.9283866E+04   3.2125866E-01   6.8284404E-03   4.1296993E-03   2.9136723E+04   2.9283866E+04   2.9115205E+04   0.0000000E+00   0.0000000E+00   0.0000000E+00   0.0000000E+00
   3.8259919E-01   2.7838116E+04   2.7838116E+04   2.8640370E-01   6.0668784E-03   1.1170240E-02   2.7698238E+04   2.7838116E+04   2.7677781E+04   0.0000000E+00   0.0000000E+00   0.0000000E+00   0.0000000E+00
   3.9573649E-01   2.6536874E+04   2.6536874E+04   2.5660394E-01   5.3919116E-03   1.8172689E-02   2.6403533E+04   2.6536874E+04   2.6384032E+04   0.0000000E+00   0.0000000E+00   0.0000000E+00   0.0000000E+00
   4.0940741E-01   2.5269977E+04   2.5269977E+04   2.2777665E-01   4.7913380E-03   4.9220012E-04   2.5143001E+04   2.5269977E+04   2.5124432E+04   0.0000000E+00   0.0000000E+00   0.0000000E+00   0.0000000E+00
   4.2365151E-01   2.3976545E+04   2.3976545E+04   2.0280200E-01   4.2500773E-03   1.3317502E-02   2.3856067E+04   2.3976545E+04   2.3838448E+04   0.0000000E+00   0.0000000E+00   0.0000000E+00   0.0000000E+00
   4.3851417E-01   2.2707507E+04   2.2707507E+04   1.7862478E-01   3.7633185E-03   4.5345826E-03   2.2593405E+04   2.2707507E+04   2.2576719E+04   0.0000000E+00   0.0000000E+00   0.0000000E+00   0.0000000E+00
   4.5404778E-01   2.1533170E+04   2.1533170E+04   1.5832353E-01   3.3273509E-03   1.0322273E-02   2.1424969E+04   2.1533170E+04   2.1409146E+04   0.0000000E+00   0.0000000E+00   0.0000000E+00   0.0000000E+00
   4.7031323E-01   2.0437618E+04   2.0437618E+04   1.3953995E-01   2.9398824E-03   4.7081093E-03   2.0334921E+04   2.0437618E+04   2.0319903E+04   0.0000000E+00   0.0000000E+00   0.0000000E+00   0.0000000E+00
   4.8738180E-01   1.9358147E+04   1.9358147E+04   1.2317963E-01   2.5930962E-03   -1.2545214E-03   1.9260874E+04   1.9358147E+04   1.9246649E+04   0.0000000E+00   0.0000000E+00   0.0000000E+00   0.0000000E+00
   5.0533749E-01   1.8291264E+04   1.8291264E+04   1.0802940E-01   2.2809087E-03   5.1062107E-03   1.8199352E+04   1.8291264E+04   1.8185911E+04   0.0000000E+00   0.0000000E+00   0.0000000E+00   0.0000000E+00
   5.2428007E-01   1.7278259E+04   1.7278259E+04   9.4895776E-02   2.0015880E-03   4.2585061E-03   1.7191437E+04   1.7278259E+04   1.7178741E+04   0.0000000E+00   0.0000000E+00   0.0000000E+00   0.0000000E+00
   5.4432900E-01   1.6314131E+04   1.6314131E+04   8.3169421E-02   1.7523382E-03   4.3031212E-04   1.6232153E+04   1.6314131E+04   1.6220165E+04   0.0000000E+00   0.0000000E+00   0.0000000E+00   0.0000000E+00
   5.6562843E-01   1.5366836E+04   1.5366836E+04   7.2545278E-02   1.5288071E-03   -1.2016832E-04   1.5289618E+04   1.5366836E+04   1.5278326E+04   0.0000000E+00   0.0000000E+00   0.0000000E+00   0.0000000E+00
   5.8835369E-01   1.4445736E+04   1.4445736E+04   6.3047483E-02   1.3284627E-03   2.8422737E-03   1.4373146E+04   1.4445736E+04   1.4362531E+04   0.0000000E+00   0.0000000E+00   0.0000000E+00   0.0000000E+00
   6.1271961E-01   1.3560407E+04   1.3560407E+04   5.4546826E-02   1.1496265E-03   8.8601472E-04   1.3492265E+04   1.3560407E+04   1.3482301E+04   0.0000000E+00   0.0000000E+00   0.0000000E+00   0.0000000E+00
   6.3899105E-01   1.2693559E+04   1.2693559E+04   4.6980624E-02   9.8965625E-04   -9.8403752E-05   1.2629773E+04   1.2693559E+04   1.2620446E+04   0.0000000E+00   0.0000000E+00   0.0000000E+00   0.0000000E+00
   6.6749591E-01   1.1848056E+04   1.1848056E+04   4.0160471E-02   8.4653921E-04   2.0520935E-03   1.1788519E+04   1.1848056E+04   1.1779812E+04   0.0000000E+00   0.0000000E+00   0.0000000E+00   0.0000000E+00
   6.9864018E-01   1.1023615E+04   1.1023615E+04   3.4118316E-02   7.1876829E-04   4.4797348E-03   1.0968221E+04   1.1023615E+04   1.0960120E+04   0.0000000E+00   0.0000000E+00   0.0000000E+00   0.0000000E+00
   7.3292347E-01   1.0214609E+04   1.0214609E+04   2.8726455E-02   6.0530661E-04   1.5515572E-03   1.0163280E+04   1.0214609E+04   1.0155774E+04   0.0000000E+00   0.0000000E+00   0.0000000E+00   0.0000000E+00
   7.7095037E-01   9.4228349E+03   9.4228349E+03   2.3949756E-02   5.0464650E-04   -6.2695928E-04   9.3754844E+03   9.4228349E+03   9.3685602E+03   0.0000000E+00   0.0000000E+00   0.0000000E+00   0.0000000E+00
   8.1342801E-01   8.6467566E+03   8.6467566E+03   1.9741616E-02   4.1597005E-04   -3.8238715E-04   8.6033058E+03   8.6467566E+03   8.5969519E+03   0.0000000E+00   0.0000000E+00   0.0000000E+00   0.0000000E+00
   8.6113429E-01   7.8890560E+03   7.8890560E+03   1.6070999E-02   3.3860107E-04   2.8915766E-03   7.8494126E+03   7.8890560E+03   7.8436155E+03   0.0000000E+00   0.0000000E+00   0.0000000E+00   0.0000000E+00
   9.1483942E-01   7.1542586E+03   7.1542586E+03   1.2913326E-02   2.7210065E-04   -2.8531255E-04   7.1183076E+03   7.1542586E+03   7.1130504E+03   0.0000000E+00   0.0000000E+00   0.0000000E+00   0.0000000E+00
   9.7518229E-01   6.4496439E+03   6.4496439E+03   1.0245409E-02   2.1589570E-04   -2.1558375E-03   6.4172336E+03   6.4496439E+03   6.4124942E+03   0.0000000E+00   0.0000000E+00   0.0000000E+00   0.0000000E+00
   1.0425494E+00   5.7841385E+03   5.7841385E+03   8.0390924E-03   1.6937835E-04   6.8282958E-04   5.7550724E+03   5.7841385E+03   5.7508220E+03   0.0000000E+00   0.0000000E+00   0.0000000E+00   0.0000000E+00
   1.1170463E+00   5.1659325E+03   5.1659325E+03   6.2541188E-03   1.3176460E-04   9.7421570E-04   5.1399730E+03   5.1659325E+03   5.1361769E+03   0.0000000E+00   0.0000000E+00   0.0000000E+00   0.0000000E+00
   1.1986084E+00   4.6004399E+03   4.6004399E+03   4.8373055E-03   1.0191458E-04   8.6619634E-04   4.5773219E+03   4.6004399E+03   4.5739414E+03   0.0000000E+00   0.0000000E+00   0.0000000E+00   0.0000000E+00
   1.2871818E+00   4.0892777E+03   4.0892777E+03   3.7284181E-03   7.8552295E-05   3.2655295E-04   4.0687284E+03   4.0892777E+03   4.0657235E+03   0.0000000E+00   0.0000000E+00   0.0000000E+00   0.0000000E+00
   1.3828543E+00   3.6306650E+03   3.6306650E+03   2.8680768E-03   6.0430549E-05   -3.3632037E-07   3.6124203E+03   3.6306650E+03   3.6097523E+03   0.0000000E+00   0.0000000E+00   0.0000000E+00   0.0000000E+00
   1.4858909E+00   3.2210052E+03   3.2210052E+03   2.2038099E-03   4.6434509E-05   -8.1369980E-05   3.2048191E+03   3.2210052E+03   3.2024522E+03   0.0000000E+00   0.0000000E+00   0.0000000E+00   0.0000000E+00
   1.5967056E+00   2.8559268E+03   2.8559268E+03   1.6922066E-03   3.5655625E-05   -4.9512086E-04   2.8415753E+03   2.8559268E+03   2.8394767E+03   0.0000000E+00   0.0000000E+00   0.0000000E+00   0.0000000E+00
   1.7158196E+00   2.5309690E+03   2.5309690E+03   1.2986684E-03   2.7362266E-05   -4.0165102E-05   2.5182504E+03   2.5309690E+03   2.5163906E+03   0.0000000E+00   0.0000000E+00   0.0000000E+00   0.0000000E+00
   1.8438300E+00   2.2419785E+03   2.2419785E+03   9.9619391E-04   2.0989981E-05   -2.5309807E-04   2.2307121E+03   2.2419785E+03   2.2290646E+03   0.0000000E+00   0.0000000E+00   0.0000000E+00   0.0000000E+00
   1.9813935E+00   1.9851216E+03   1.9851216E+03   7.6383415E-04   1.6094085E-05   -1.8403664E-04   1.9751460E+03   1.9851216E+03   1.9736873E+03   0.0000000E+00   0.0000000E+00   0.0000000E+00   0.0000000E+00
   2.1292208E+00   1.7569612E+03   1.7569612E+03   5.8542756E-04   1.2334601E-05   1.8418258E-04   1.7481322E+03   1.7569612E+03   1.7468411E+03   0.0000000E+00   0.0000000E+00   0.0000000E+00   0.0000000E+00
   2.2880773E+00   1.5543981E+03   1.5543981E+03   4.4851108E-04   9.4504489E-06   -1.5054765E-04   1.5465869E+03   1.5543981E+03   1.5454447E+03   0.0000000E+00   0.0000000E+00   0.0000000E+00   0.0000000E+00
   2.4587858E+00   1.3746492E+03   1.3746492E+03   3.4348033E-04   7.2371750E-06   2.2488075E-06   1.3677413E+03   1.3746492E+03   1.3667312E+03   0.0000000E+00   0.0000000E+00   0.0000000E+00   0.0000000E+00
   2.6422305E+00   1.2152262E+03   1.2152262E+03   2.6294593E-04   5.5402927E-06   8.2599460E-05   1.2091194E+03   1.2152262E+03   1.2082265E+03   0.0000000E+00   0.0000000E+00   0.0000000E+00   0.0000000E+00
   2.8393615E+00   1.0738974E+03   1.0738974E+03   2.0122019E-04   4.2397356E-06   1.6511507E-04   1.0685009E+03   1.0738974E+03   1.0677117E+03   0.0000000E+00   0.0000000E+00   0.0000000E+00   0.0000000E+00
   3.0512001E+00   9.4866636E+02   9.4866636E+02   1.5392954E-04   3.2436681E-06   -6.6184017E-05   9.4389912E+02   9.4866636E+02   9.4320201E+02   0.0000000E+00   0.0000000E+00   0.0000000E+00   0.0000000E+00
   3.2788436E+00   8.3774895E+02   8.3774895E+02   1.1771180E-04   2.4805180E-06   -9.4218684E-05   8.3353909E+02   8.3774895E+02   8.3292349E+02   0.0000000E+00   0.0000000E+00   0.0000000E+00   0.0000000E+00
   3.5234710E+00   7.3955152E+02   7.3955152E+02   9.0100523E-05   1.8962063E-06   5.3412703E-05   7.3583512E+02   7.3955152E+02   7.3529168E+02   0.0000000E+00   0.0000000E+00   0.0000000E+00   0.0000000E+00
   3.7863495E+00   6.5265157E+02   6.5265157E+02   6.8794126E-05   1.4492450E-06   -9.0885589E-06   6.4937186E+02   6.5265157E+02   6.4889228E+02   0.0000000E+00   0.0000000E+00   0.0000000E+00   0.0000000E+00
   4.0688408E+00   5.7578037E+02   5.7578037E+02   5.2550190E-05   1.1072044E-06   -2.5753450E-05   5.7288696E+02   5.7578037E+02   5.7246386E+02   0.0000000E+00   0.0000000E+00   0.0000000E+00   0.0000000E+00
   4.3724082E+00   5.0780712E+02   5.0780712E+02   4.0130342E-05   8.4563844E-07   -2.2941616E-05   5.0525528E+02   5.0780712E+02   5.0488213E+02   0.0000000E+00   0.0000000E+00   0.0000000E+00   0.0000000E+00
   4.6986240E+00   4.4772460E+02   4.4772460E+02   3.0638275E-05   6.4568807E-07   2.6669356E-05   4.4547469E+02   4.4772460E+02   4.4514569E+02   0.0000000E+00   0.0000000E+00   0.0000000E+00   0.0000000E+00
   5.0491782E+00   3.9463629E+02   3.9463629E+02   2.3385039E-05   4.9285916E-07   6.3994735E-05   3.9265316E+02   3.9463629E+02   3.9236317E+02   0.0000000E+00   0.0000000E+00   0.0000000E+00   0.0000000E+00
   5.4258864E+00   3.4774468E+02   3.4774468E+02   1.7844080E-05   3.7613041E-07   1.7468062E-06   3.4599719E+02   3.4774468E+02   3.4574165E+02   0.0000000E+00   0.0000000E+00   0.0000000E+00   0.0000000E+00
   5.8307000E+00   3.0634073E+02   3.0634073E+02   1.3612348E-05   2.8694833E-07   5.6765322E-05   3.0480131E+02   3.0634073E+02   3.0457620E+02   0.0000000E+00   0.0000000E+00   0.0000000E+00   0.0000000E+00
   6.2657158E+00   2.6979447E+02   2.6979447E+02   1.0381477E-05   2.1887728E-07   9.3056021E-06   2.6843870E+02   2.6979447E+02   2.6824044E+02   0.0000000E+00   0.0000000E+00   0.0000000E+00   0.0000000E+00
   6.7331873E+00   2.3754643E+02   2.3754643E+02   7.9155143E-06   1.6690808E-07   6.4137016E-06   2.3635271E+02   2.3754643E+02   2.3617816E+02   0.0000000E+00   0.0000000E+00   0.0000000E+00   0.0000000E+00
   7.2355358E+00   2.0910006E+02   2.0910006E+02   6.0419966E-06   1.2725184E-07   -3.0978325E-05   2.0804929E+02   2.0910006E+02   2.0789564E+02   0.0000000E+00   0.0000000E+00   0.0000000E+00   0.0000000E+00
   7.7753634E+00   1.8401486E+02   1.8401486E+02   4.5990264E-06   9.6988343E-08   9.9317941E-06   1.8309015E+02   1.8401486E+02   1.8295493E+02   0.0000000E+00   0.0000000E+00   0.0000000E+00   0.0000000E+00
   8.3554664E+00   1.6190025E+02   1.6190025E+02   3.5035722E-06   7.3910537E-08   1.5251434E-05   1.6108666E+02   1.6190025E+02   1.6096769E+02   0.0000000E+00   0.0000000E+00   0.0000000E+00   0.0000000E+00
   8.9788496E+00   1.4241006E+02   1.4241006E+02   2.6686332E-06   5.6314062E-08   -1.2294205E-05   1.4169442E+02   1.4241006E+02   1.4158978E+02   0.0000000E+00   0.0000000E+00   0.0000000E+00   0.0000000E+00
   9.6487420E+00   1.2523767E+02   1.2523767E+02   2.0322290E-06   4.2895939E-08   -2.6825797E-07   1.2460833E+02   1.2523767E+02   1.2451630E+02   0.0000000E+00   0.0000000E+00   0.0000000E+00   0.0000000E+00
   1.0368614E+01   1.1011156E+02   1.1011156E+02   1.5471833E-06   3.2670224E-08   1.0153099E-05   1.0955822E+02   1.1011156E+02   1.0947731E+02   0.0000000E+00   0.0000000E+00   0.0000000E+00   0.0000000E+00
