#           k/h    CDM            baryon         photon         nu             mass_nu        total          no_nu          total_de       Weyl           v_CDM          v_b            v_b-v_c     
   9.9472499E-06   4.7200917E+06   4.7200917E+06   6.2927372E+06   8.3519162E+03   -5.1808535E+04   4.7202399E+06   4.7200917E+06   4.6877275E+06   0.0000000E+00   0.0000000E+00   0.0000000E+00   0.0000000E+00
   1.0689393E-05   4.7200910E+06   4.7200910E+06   6.2926250E+06   8.3518116E+03   -5.1808517E+04   4.7202391E+06   4.7200910E+06   4.6877268E+06   0.0000000E+00   0.0000000E+00   0.0000000E+00   0.0000000E+00
   1.1486905E-05   4.7200902E+06   4.7200902E+06   6.2924955E+06   8.3516908E+03   -5.1808498E+04   4.7202382E+06   4.7200902E+06   4.6877259E+06   0.0000000E+00   0.0000000E+00   0.0000000E+00   0.0000000E+00
   1.2343918E-05   4.7200893E+06   4.7200893E+06   6.2923460E+06   8.3515514E+03   -5.1808475E+04   4.7202372E+06   4.7200893E+06   4.6877249E+06   0.0000000E+00   0.0000000E+00   0.0000000E+00   0.0000000E+00
   1.3264871E-05   4.7200882E+06   4.7200882E+06   6.2921733E+06   8.3513904E+03   -5.1808448E+04   4.7202360E+06   4.7200882E+06   4.6877237E+06   0.0000000E+00   0.0000000E+00   0.0000000E+00   0.0000000E+00
   1.4254534E-05   4.7200869E+06   4.7200869E+06   6.2919739E+06   8.3512044E+03   -5.1808418E+04   4.7202346E+06   4.7200869E+06   4.6877223E+06   0.0000000E+00   0.0000000E+00   0.0000000E+00   0.0000000E+00
   1.5318034E-05   4.7200855E+06   4.7200855E+06   6.2917437E+06   8.3509897E+03   -5.1808382E+04   4.7202330E+06   4.7200855E+06   4.6877208E+06   0.0000000E+00   0.0000000E+00   0.0000000E+00   0.0000000E+00
   1.6460879E-05   4.7200838E+06   4.7200838E+06   6.2914778E+06   8.3507417E+03   -5.1808341E+04   4.7202312E+06   4.7200838E+06   4.6877190E+06   0.0000000E+00   0.0000000E+00   0.0000000E+00   0.0000000E+00
   1.7688990E-05   4.7200819E+06   4.7200819E+06   6.2911708E+06   8.3504554E+03   -5.1808293E+04   4.7202291E+06   4.7200819E+06   4.6877169E+06   0.0000000E+00   0.0000000E+00   0.0000000E+00   0.0000000E+00
   1.9008727E-05   4.7200796E+06   4.7200796E+06   6.2908162E+06   8.3501248E+03   -5.1808238E+04   4.7202267E+06   4.7200796E+06   4.6877145E+06   0.0000000E+00   0.0000000E+00   0.0000000E+00   0.0000000E+00
   2.0426927E-05   4.7200771E+06   4.7200771E+06   6.2904068E+06   8.3497430E+03   -5.1808175E+04   4.7202239E+06   4.7200771E+06   4.6877117E+06   0.0000000E+00   0.0000000E+00   0.0000000E+00   0.0000000E+00
   2.1950935E-05   4.7200741E+06   4.7200741E+06   6.2899341E+06   8.3493022E+03   -5.1808101E+04   4.7202206E+06   4.7200741E+06   4.6877085E+06   0.0000000E+00   0.0000000E+00   0.0000000E+00   0.0000000E+00
   2.3588647E-05   4.7200706E+06   4.7200706E+06   6.2893883E+06   8.3487931E+03   -5.1808015E+04   4.7202169E+06   4.7200706E+06   4.6877048E+06   0.0000000E+00   0.0000000E+00   0.0000000E+00   0.0000000E+00
   2.5348544E-05   4.7200667E+06   4.7200667E+06   6.2887580E+06   8.3482053E+03   -5.1807916E+04   4.7202126E+06   4.7200667E+06   4.6877005E+06   0.0000000E+00   0.0000000E+00   0.0000000E+00   0.0000000E+00
   2.7239744E-05   4.7200621E+06   4.7200621E+06   6.2880302E+06   8.3475266E+03   -5.1807800E+04   4.7202076E+06   4.7200621E+06   4.6876955E+06   0.0000000E+00   0.0000000E+00   0.0000000E+00   0.0000000E+00
   2.9272042E-05   4.7200568E+06   4.7200568E+06   6.2871900E+06   8.3467429E+03   -5.1807666E+04   4.7202018E+06   4.7200568E+06   4.6876898E+06   0.0000000E+00   0.0000000E+00   0.0000000E+00   0.0000000E+00
   3.1455966E-05   4.7200507E+06   4.7200507E+06   6.2862197E+06   8.3458379E+03   -5.1807510E+04   4.7201952E+06   4.7200507E+06   4.6876832E+06   0.0000000E+00   0.0000000E+00   0.0000000E+00   0.0000000E+00
   3.3802827E-05   4.7200436E+06   4.7200436E+06   6.2850995E+06   8.3447931E+03   -5.1807328E+04   4.7201875E+06   4.7200436E+06   4.6876756E+06   0.0000000E+00   0.0000000E+00   0.0000000E+00   0.0000000E+00
   3.6324783E-05   4.7200354E+06   4.7200354E+06   6.2838061E+06   8.3435866E+03   -5.1807116E+04   4.7201786E+06   4.7200354E+06   4.6876668E+06   0.0000000E+00   0.0000000E+00   0.0000000E+00   0.0000000E+00
   3.9034896E-05   4.7200260E+06   4.7200260E+06   6.2823129E+06   8.3421937E+03   -5.1806868E+04   4.7201684E+06   4.7200260E+06   4.6876566E+06   0.0000000E+00   0.0000000E+00   0.0000000E+00   0.0000000E+00
   4.1947205E-05   4.7200151E+06   4.7200151E+06   6.2805890E+06   8.3405855E+03   -5.1806579E+04   4.7201565E+06   4.7200151E+06   4.6876449E+06   0.0000000E+00   0.0000000E+00   0.0000000E+00   0.0000000E+00
   4.5076795E-05   4.7200026E+06   4.7200026E+06   6.2785987E+06   8.3387288E+03   -5.1806240E+04   4.7201429E+06   4.7200026E+06   4.6876314E+06   0.0000000E+00   0.0000000E+00   0.0000000E+00   0.0000000E+00
   4.8439876E-05   4.7199881E+06   4.7199881E+06   6.2763012E+06   8.3365852E+03   -5.1805841E+04   4.7201271E+06   4.7199881E+06   4.6876157E+06   0.0000000E+00   0.0000000E+00   0.0000000E+00   0.0000000E+00
   5.2053870E-05   4.7199713E+06   4.7199713E+06   6.2736491E+06   8.3341105E+03   -5.1805373E+04   4.7201089E+06   4.7199713E+06   4.6875976E+06   0.0000000E+00   0.0000000E+00   0.0000000E+00   0.0000000E+00
   5.5937497E-05   4.7199520E+06   4.7199520E+06   6.2705878E+06   8.3312538E+03   -5.1804820E+04   4.7200879E+06   4.7199520E+06   4.6875768E+06   0.0000000E+00   0.0000000E+00   0.0000000E+00   0.0000000E+00
   6.0110872E-05   4.7199296E+06   4.7199296E+06   6.2670545E+06   8.3279561E+03   -5.1804167E+04   4.7200636E+06   4.7199296E+06   4.6875527E+06   0.0000000E+00   0.0000000E+00   0.0000000E+00   0.0000000E+00
   6.4595613E-05   4.7199038E+06   4.7199038E+06   6.2629767E+06   8.3241498E+03   -5.1803392E+04   4.7200356E+06   4.7199038E+06   4.6875249E+06   0.0000000E+00   0.0000000E+00   0.0000000E+00   0.0000000E+00
   6.9414952E-05   4.7198741E+06   4.7198741E+06   6.2582709E+06   8.3197566E+03   -5.1802470E+04   4.7200032E+06   4.7198741E+06   4.6874928E+06   0.0000000E+00   0.0000000E+00   0.0000000E+00   0.0000000E+00
   7.4593851E-05   4.7198397E+06   4.7198397E+06   6.2528409E+06   8.3146864E+03   -5.1801369E+04   4.7199658E+06   4.7198397E+06   4.6874557E+06   0.0000000E+00   0.0000000E+00   0.0000000E+00   0.0000000E+00
   8.0159136E-05   4.7198000E+06   4.7198000E+06   6.2465761E+06   8.3088354E+03   -5.1800049E+04   4.7199227E+06   4.7198000E+06   4.6874129E+06   0.0000000E+00   0.0000000E+00   0.0000000E+00   0.0000000E+00
   8.6139635E-05   4.7197542E+06   4.7197542E+06   6.2393491E+06   8.3020843E+03   -5.1798461E+04   4.7198728E+06   4.7197542E+06   4.6873635E+06   0.0000000E+00   0.0000000E+00   0.0000000E+00   0.0000000E+00
   9.2566326E-05   4.7197013E+06   4.7197013E+06   6.2310136E+06   8.2942953E+03   -5.1796542E+04   4.7198153E+06   4.7197013E+06   4.6873065E+06   0.0000000E+00   0.0000000E+00   0.0000000E+00   0.0000000E+00
   9.9472499E-05   4.7196402E+06   4.7196402E+06   6.2214011E+06   8.2853102E+03   -5.1794212E+04   4.7197489E+06   4.7196402E+06   4.6872406E+06   0.0000000E+00   0.0000000E+00   0.0000000E+00   0.0000000E+00
   1.0689393E-04   4.7195697E+06   4.7195697E+06   6.2103186E+06   8.2749472E+03   -5.1791369E+04   4.7196723E+06   4.7195697E+06   4.6871646E+06   0.0000000E+00   0.0000000E+00   0.0000000E+00   0.0000000E+00
   1.1486905E-04   4.7194883E+06   4.7194883E+06   6.1975444E+06   8.2629971E+03   -5.1787886E+04   4.7195838E+06   4.7194883E+06   4.6870769E+06   0.0000000E+00   0.0000000E+00   0.0000000E+00   0.0000000E+00
   1.2343918E-04   4.7193944E+06   4.7193944E+06   6.1828244E+06   8.2492198E+03   -5.1783597E+04   4.7194817E+06   4.7193944E+06   4.6869756E+06   0.0000000E+00   0.0000000E+00   0.0000000E+00   0.0000000E+00
   1.3264871E-04   4.7192860E+06   4.7192860E+06   6.1658678E+06   8.2333401E+03   -5.1778288E+04   4.7193639E+06   4.7192860E+06   4.6868587E+06   0.0000000E+00   0.0000000E+00   0.0000000E+00   0.0000000E+00
   1.4254534E-04   4.7191609E+06   4.7191609E+06   6.1463425E+06   8.2150424E+03   -5.1771686E+04   4.7192279E+06   4.7191609E+06   4.6867238E+06   0.0000000E+00   0.0000000E+00   0.0000000E+00   0.0000000E+00
   1.5318034E-04   4.7190165E+06   4.7190165E+06   6.1238690E+06   8.1939657E+03   -5.1763437E+04   4.7190710E+06   4.7190165E+06   4.6865682E+06   0.0000000E+00   0.0000000E+00   0.0000000E+00   0.0000000E+00
   1.6460879E-04   4.7188499E+06   4.7188499E+06   6.0980156E+06   8.1696974E+03   -5.1753083E+04   4.7188899E+06   4.7188499E+06   4.6863886E+06   0.0000000E+00   0.0000000E+00   0.0000000E+00   0.0000000E+00
   1.7688990E-04   4.7186577E+06   4.7186577E+06   6.0682914E+06   8.1417668E+03   -5.1740028E+04   4.7186811E+06   4.7186577E+06   4.6861814E+06   0.0000000E+00   0.0000000E+00   0.0000000E+00   0.0000000E+00
   1.9008727E-04   4.7184361E+06   4.7184361E+06   6.0341402E+06   8.1096379E+03   -5.1723502E+04   4.7184401E+06   4.7184361E+06   4.6859425E+06   0.0000000E+00   0.0000000E+00   0.0000000E+00   0.0000000E+00
   2.0426927E-04   4.7181804E+06   4.7181804E+06   5.9949337E+06   8.0727021E+03   -5.1702500E+04   4.7181623E+06   4.7181804E+06   4.6856669E+06   0.0000000E+00   0.0000000E+00   0.0000000E+00   0.0000000E+00
   2.1950935E-04   4.7178856E+06   4.7178856E+06   5.9499647E+06   8.0302696E+03   -5.1675719E+04   4.7178420E+06   4.7178856E+06   4.6853491E+06   0.0000000E+00   0.0000000E+00   0.0000000E+00   0.0000000E+00
   2.3588647E-04   4.7175457E+06   4.7175457E+06   5.8984407E+06   7.9815615E+03   -5.1641462E+04   4.7174727E+06   4.7175457E+06   4.6849829E+06   0.0000000E+00   0.0000000E+00   0.0000000E+00   0.0000000E+00
   2.5348544E-04   4.7171540E+06   4.7171540E+06   5.8394783E+06   7.9257018E+03   -5.1597528E+04   4.7170472E+06   4.7171540E+06   4.6845608E+06   0.0000000E+00   0.0000000E+00   0.0000000E+00   0.0000000E+00
   2.7239744E-04   4.7167026E+06   4.7167026E+06   5.7720990E+06   7.8617092E+03   -5.1541058E+04   4.7165569E+06   4.7167026E+06   4.6840745E+06   0.0000000E+00   0.0000000E+00   0.0000000E+00   0.0000000E+00
   2.9272042E-04   4.7161827E+06   4.7161827E+06   5.6952275E+06   7.7884906E+03   -5.1468348E+04   4.7159923E+06   4.7161827E+06   4.6835145E+06   0.0000000E+00   0.0000000E+00   0.0000000E+00   0.0000000E+00
   3.1455966E-04   4.7155842E+06   4.7155842E+06   5.6076928E+06   7.7048361E+03   -5.1374614E+04   4.7153424E+06   4.7155842E+06   4.6828698E+06   0.0000000E+00   0.0000000E+00   0.0000000E+00   0.0000000E+00
   3.3802827E-04   4.7148953E+06   4.7148953E+06   5.5082348E+06   7.6094169E+03   -5.1253690E+04   4.7145946E+06   4.7148953E+06   4.6821280E+06   0.0000000E+00   0.0000000E+00   0.0000000E+00   0.0000000E+00
   3.6324783E-04   4.7141029E+06   4.7141029E+06   5.3955174E+06   7.5007877E+03   -5.1097660E+04   4.7137346E+06   4.7141029E+06   4.6812749E+06   0.0000000E+00   0.0000000E+00   0.0000000E+00   0.0000000E+00
   3.9034896E-04   4.7131920E+06   4.7131920E+06   5.2681504E+06   7.3773944E+03   -5.0896415E+04   4.7127462E+06   4.7131920E+06   4.6802944E+06   0.0000000E+00   0.0000000E+00   0.0000000E+00   0.0000000E+00
   4.1947205E-04   4.7121455E+06   4.7121455E+06   5.1247238E+06   7.2375910E+03   -5.0637116E+04   4.7116111E+06   4.7121455E+06   4.6791684E+06   0.0000000E+00   0.0000000E+00   0.0000000E+00   0.0000000E+00
   4.5076795E-04   4.7109442E+06   4.7109442E+06   4.9638568E+06   7.0796670E+03   -5.0303578E+04   4.7103086E+06   4.7109442E+06   4.6778762E+06   0.0000000E+00   0.0000000E+00   0.0000000E+00   0.0000000E+00
   4.8439876E-04   4.7095662E+06   4.7095662E+06   4.7842657E+06   6.9018891E+03   -4.9875575E+04   4.7088152E+06   4.7095662E+06   4.6763947E+06   0.0000000E+00   0.0000000E+00   0.0000000E+00   0.0000000E+00
   5.2053870E-04   4.7079874E+06   4.7079874E+06   4.5848543E+06   6.7025618E+03   -4.9328106E+04   4.7071049E+06   4.7079874E+06   4.6746979E+06   0.0000000E+00   0.0000000E+00   0.0000000E+00   0.0000000E+00
   5.5937497E-04   4.7061802E+06   4.7061802E+06   4.3648302E+06   6.4801088E+03   -4.8630678E+04   4.7051485E+06   4.7061802E+06   4.6727569E+06   0.0000000E+00   0.0000000E+00   0.0000000E+00   0.0000000E+00
   6.0110872E-04   4.7041142E+06   4.7041142E+06   4.1238495E+06   6.2331826E+03   -4.7746712E+04   4.7029135E+06   4.7041142E+06   4.6705394E+06   0.0000000E+00   0.0000000E+00   0.0000000E+00   0.0000000E+00
   6.4595613E-04   4.7017558E+06   4.7017558E+06   3.8621896E+06   5.9608023E+03   -4.6633254E+04   4.7003642E+06   4.7017558E+06   4.6680098E+06   0.0000000E+00   0.0000000E+00   0.0000000E+00   0.0000000E+00
   6.9414952E-04   4.6990678E+06   4.6990678E+06   3.5809469E+06   5.6625235E+03   -4.5241215E+04   4.6974611E+06   4.6990678E+06   4.6651291E+06   0.0000000E+00   0.0000000E+00   0.0000000E+00   0.0000000E+00
   7.4593851E-04   4.6960093E+06   4.6960093E+06   3.2822484E+06   5.3386385E+03   -4.3516524E+04   4.6941616E+06   4.6960093E+06   4.6618548E+06   0.0000000E+00   0.0000000E+00   0.0000000E+00   0.0000000E+00
   8.0159136E-04   4.6925359E+06   4.6925359E+06   2.9694589E+06   4.9904008E+03   -4.1402610E+04   4.6904191E+06   4.6925359E+06   4.6581407E+06   0.0000000E+00   0.0000000E+00   0.0000000E+00   0.0000000E+00
   8.6139635E-04   4.6885996E+06   4.6885996E+06   2.6473534E+06   4.6202589E+03   -3.8844760E+04   4.6861841E+06   4.6885996E+06   4.6539374E+06   0.0000000E+00   0.0000000E+00   0.0000000E+00   0.0000000E+00
   9.2566326E-04   4.6841490E+06   4.6841490E+06   2.3222067E+06   4.2320762E+03   -3.5796886E+04   4.6814036E+06   4.6841490E+06   4.6491923E+06   0.0000000E+00   0.0000000E+00   0.0000000E+00   0.0000000E+00
   9.9472499E-04   4.6791288E+06   4.6791288E+06   2.0017423E+06   3.8312994E+03   -3.2231068E+04   4.6760218E+06   4.6791288E+06   4.6438498E+06   0.0000000E+00   0.0000000E+00   0.0000000E+00   0.0000000E+00
   1.0689393E-03   4.6734810E+06   4.6734810E+06   1.6948654E+06   3.4250214E+03   -2.8149827E+04   4.6699806E+06   4.6734810E+06   4.6378521E+06   0.0000000E+00   0.0000000E+00   0.0000000E+00   0.0000000E+00
   1.1486905E-03   4.6671438E+06   4.6671438E+06   1.4111067E+06   3.0218744E+03   -2.3600218E+04   4.6632194E+06   4.6671438E+06   4.6311387E+06   0.0000000E+00   0.0000000E+00   0.0000000E+00   0.0000000E+00
   1.2343918E-03   4.6600527E+06   4.6600527E+06   1.1597220E+06   2.6316797E+03   -1.8687443E+04   4.6556758E+06   4.6600527E+06   4.6236476E+06   0.0000000E+00   0.0000000E+00   0.0000000E+00   0.0000000E+00
   1.3264871E-03   4.6521396E+06   4.6521396E+06   9.4844920E+05   2.2647913E+03   -1.3583778E+04   4.6472853E+06   4.6521396E+06   4.6153144E+06   0.0000000E+00   0.0000000E+00   0.0000000E+00   0.0000000E+00
   1.4254534E-03   4.6433327E+06   4.6433327E+06   7.8202382E+05   1.9311059E+03   -8.5265248E+03   4.6379815E+06   4.6433327E+06   4.6060729E+06   0.0000000E+00   0.0000000E+00   0.0000000E+00   0.0000000E+00
   1.5318034E-03   4.6335560E+06   4.6335560E+06   6.6071246E+05   1.6387849E+03   -3.7973561E+03   4.6276949E+06   4.6335560E+06   4.5958538E+06   0.0000000E+00   0.0000000E+00   0.0000000E+00   0.0000000E+00
   1.6460879E-03   4.6227282E+06   4.6227282E+06   5.7930041E+05   1.3928545E+03   3.2340408E+02   4.6163521E+06   4.6227282E+06   4.5845841E+06   0.0000000E+00   0.0000000E+00   0.0000000E+00   0.0000000E+00
   1.7688990E-03   4.6107621E+06   4.6107621E+06   5.2711605E+05   1.1939923E+03   3.6279282E+03   4.6038746E+06   4.6107621E+06   4.5721856E+06   0.0000000E+00   0.0000000E+00   0.0000000E+00   0.0000000E+00
   1.9008727E-03   4.5975639E+06   4.5975639E+06   4.8965416E+05   1.0379471E+03   6.0647337E+03   4.5901776E+06   4.5975639E+06   4.5585742E+06   0.0000000E+00   0.0000000E+00   0.0000000E+00   0.0000000E+00
   2.0426927E-03   4.5830335E+06   4.5830335E+06   4.5201636E+05   9.1606145E+02   7.8031608E+03   4.5751688E+06   4.5830335E+06   4.5436582E+06   0.0000000E+00   0.0000000E+00   0.0000000E+00   0.0000000E+00
   2.1950935E-03   4.5670656E+06   4.5670656E+06   4.0360181E+05   8.1718149E+02   9.2285862E+03   4.5587491E+06   4.5670656E+06   4.5273395E+06   0.0000000E+00   0.0000000E+00   0.0000000E+00   0.0000000E+00
   2.3588647E-03   4.5495519E+06   4.5495519E+06   3.4236386E+05   7.3073303E+02   1.0820264E+04   4.5408131E+06   4.5495519E+06   4.5095139E+06   0.0000000E+00   0.0000000E+00   0.0000000E+00   0.0000000E+00
   2.5348544E-03   4.5303837E+06   4.5303837E+06   2.7605666E+05   6.4999084E+02   1.2909588E+04   4.5212517E+06   4.5303837E+06   4.4900734E+06   0.0000000E+00   0.0000000E+00   0.0000000E+00   0.0000000E+00
   2.7239744E-03   4.5094537E+06   4.5094537E+06   2.1827639E+05   5.7391402E+02   1.5416945E+04   4.4999535E+06   4.5094537E+06   4.4689080E+06   0.0000000E+00   0.0000000E+00   0.0000000E+00   0.0000000E+00
   2.9272042E-03   4.4866552E+06   4.4866552E+06   1.7975703E+05   5.0602620E+02   1.7776053E+04   4.4768056E+06   4.4866552E+06   4.4459058E+06   0.0000000E+00   0.0000000E+00   0.0000000E+00   0.0000000E+00
   3.1455966E-03   4.4618790E+06   4.4618790E+06   1.5986569E+05   4.5029471E+02   1.9247784E+04   4.4516922E+06   4.4618790E+06   4.4209523E+06   0.0000000E+00   0.0000000E+00   0.0000000E+00   0.0000000E+00
   3.3802827E-03   4.4350094E+06   4.4350094E+06   1.4613342E+05   4.0651071E+02   1.9552769E+04   4.4244927E+06   4.4350094E+06   4.3939281E+06   0.0000000E+00   0.0000000E+00   0.0000000E+00   0.0000000E+00
   3.6324783E-03   4.4059220E+06   4.4059220E+06   1.2548085E+05   3.6929175E+02   1.9279137E+04   4.3950815E+06   4.4059220E+06   4.3647083E+06   0.0000000E+00   0.0000000E+00   0.0000000E+00   0.0000000E+00
   3.9034896E-03   4.3744865E+06   4.3744865E+06   9.8393840E+04   3.3263574E+02   1.9382038E+04   4.3633308E+06   4.3744865E+06   4.3331662E+06   0.0000000E+00   0.0000000E+00   0.0000000E+00   0.0000000E+00
   4.1947205E-03   4.3405718E+06   4.3405718E+06   7.8319002E+04   2.9587221E+02   1.9971692E+04   4.3291141E+06   4.3405718E+06   4.2991763E+06   0.0000000E+00   0.0000000E+00   0.0000000E+00   0.0000000E+00
   4.5076795E-03   4.3040474E+06   4.3040474E+06   7.2095727E+04   2.6329445E+02   1.9993281E+04   4.2923066E+06   4.3040474E+06   4.2626145E+06   0.0000000E+00   0.0000000E+00   0.0000000E+00   0.0000000E+00
   4.8439876E-03   4.2647801E+06   4.2647801E+06   6.7968960E+04   2.3678373E+02   1.8878586E+04   4.2527806E+06   4.2647801E+06   4.2233541E+06   0.0000000E+00   0.0000000E+00   0.0000000E+00   0.0000000E+00
   5.2053870E-03   4.2226325E+06   4.2226325E+06   5.5606580E+04   2.1257045E+02   1.7797072E+04   4.2104033E+06   4.2226325E+06   4.1812630E+06   0.0000000E+00   0.0000000E+00   0.0000000E+00   0.0000000E+00
   5.5937497E-03   4.1774705E+06   4.1774705E+06   4.5295159E+04   1.8848744E+02   1.7495220E+04   4.1650431E+06   4.1774705E+06   4.1362106E+06   0.0000000E+00   0.0000000E+00   0.0000000E+00   0.0000000E+00
   6.0110872E-03   4.1291619E+06   4.1291619E+06   4.3067066E+04   1.6759186E+02   1.6612667E+04   4.1165656E+06   4.1291619E+06   4.0880632E+06   0.0000000E+00   0.0000000E+00   0.0000000E+00   0.0000000E+00
   6.4595613E-03   4.0775674E+06   4.0775674E+06   3.5885438E+04   1.4989379E+02   1.5143983E+04   4.0648250E+06   4.0775674E+06   4.0366762E+06   0.0000000E+00   0.0000000E+00   0.0000000E+00   0.0000000E+00
   6.9414952E-03   4.0225397E+06   4.0225397E+06   2.7651954E+04   1.3238071E+02   1.4574079E+04   4.0096734E+06   4.0225397E+06   3.9819024E+06   0.0000000E+00   0.0000000E+00   0.0000000E+00   0.0000000E+00
   7.4593851E-03   3.9639337E+06   3.9639337E+06   2.6123096E+04   1.1662803E+02   1.3559324E+04   3.9509771E+06   3.9639337E+06   3.9236091E+06   0.0000000E+00   0.0000000E+00   0.0000000E+00   0.0000000E+00
   8.0159136E-03   3.9016060E+06   3.9016060E+06   2.0234269E+04   1.0262389E+02   1.2476507E+04   3.8886022E+06   3.9016060E+06   3.8616632E+06   0.0000000E+00   0.0000000E+00   0.0000000E+00   0.0000000E+00
   8.6139635E-03   3.8354117E+06   3.8354117E+06   1.8559441E+04   8.9875473E+01   1.1835432E+04   3.8223944E+06   3.8354117E+06   3.7959114E+06   0.0000000E+00   0.0000000E+00   0.0000000E+00   0.0000000E+00
   9.2566326E-03   3.7652007E+06   3.7652007E+06   1.5478104E+04   7.8997408E+01   1.0481740E+04   3.7521955E+06   3.7652007E+06   3.7261965E+06   0.0000000E+00   0.0000000E+00   0.0000000E+00   0.0000000E+00
   9.9472499E-03   3.6908195E+06   3.6908195E+06   1.3471396E+04   6.8598769E+01   9.8245034E+03   3.6778642E+06   3.6908195E+06   3.6523783E+06   0.0000000E+00   0.0000000E+00   0.0000000E+00   0.0000000E+00
   1.0689393E-02   3.6121206E+06   3.6121206E+06   1.0635269E+04   5.9815018E+01   8.7053747E+03   3.5992542E+06   3.6121206E+06   3.5743114E+06   0.0000000E+00   0.0000000E+00   0.0000000E+00   0.0000000E+00
   1.1486905E-02   3.5289556E+06   3.5289556E+06   9.8004125E+03   5.1750892E+01   8.0182922E+03   3.5162097E+06   3.5289556E+06   3.4918410E+06   0.0000000E+00   0.0000000E+00   0.0000000E+00   0.0000000E+00
   1.2343918E-02   3.4411830E+06   3.4411830E+06   7.5767496E+03   4.4655065E+01   7.2560868E+03   3.4285956E+06   3.4411830E+06   3.4048328E+06   0.0000000E+00   0.0000000E+00   0.0000000E+00   0.0000000E+00
   1.3264871E-02   3.3486758E+06   3.3486758E+06   6.6745175E+03   3.8503482E+01   6.3155117E+03   3.3362834E+06   3.3486758E+06   3.3131594E+06   0.0000000E+00   0.0000000E+00   0.0000000E+00   0.0000000E+00
   1.4254534E-02   3.2513240E+06   3.2513240E+06   5.8768374E+03   3.2998657E+01   5.6892320E+03   3.2391602E+06   3.2513240E+06   3.2167085E+06   0.0000000E+00   0.0000000E+00   0.0000000E+00   0.0000000E+00
   1.5318034E-02   3.1490513E+06   3.1490513E+06   4.7614485E+03   2.8146785E+01   5.1439690E+03   3.1371539E+06   3.1490513E+06   3.1154085E+06   0.0000000E+00   0.0000000E+00   0.0000000E+00   0.0000000E+00
   1.6460879E-02   3.0418267E+06   3.0418267E+06   3.8405035E+03   2.3980113E+01   4.5093360E+03   3.0302292E+06   3.0418267E+06   3.0092244E+06   0.0000000E+00   0.0000000E+00   0.0000000E+00   0.0000000E+00
   1.7688990E-02   2.9296854E+06   2.9296854E+06   3.1287015E+03   2.0325082E+01   3.9270113E+03   2.9184229E+06   2.9296854E+06   2.8981926E+06   0.0000000E+00   0.0000000E+00   0.0000000E+00   0.0000000E+00
   1.9008726E-02   2.8127514E+06   2.8127514E+06   2.6143518E+03   1.7159348E+01   3.4201304E+03   2.8018557E+06   2.8127514E+06   2.7824330E+06   0.0000000E+00   0.0000000E+00   0.0000000E+00   0.0000000E+00
   2.0426925E-02   2.6912688E+06   2.6912688E+06   2.1938279E+03   1.4427199E+01   2.9646771E+03   2.6807719E+06   2.6912688E+06   2.6621882E+06   0.0000000E+00   0.0000000E+00   0.0000000E+00   0.0000000E+00
   2.1950924E-02   2.5656339E+06   2.5656339E+06   1.8442876E+03   1.2068251E+01   2.5615930E+03   2.5555638E+06   2.5656339E+06   2.5378478E+06   0.0000000E+00   0.0000000E+00   0.0000000E+00   0.0000000E+00
   2.3588587E-02   2.4364351E+06   2.4364351E+06   1.5557760E+03   1.0055599E+01   2.1821859E+03   2.4268175E+06   2.4364351E+06   2.4099937E+06   0.0000000E+00   0.0000000E+00   0.0000000E+00   0.0000000E+00
   2.5348258E-02   2.3044948E+06   2.3044948E+06   1.2679292E+03   8.3382064E+00   1.8407930E+03   2.2953510E+06   2.3044948E+06   2.2794384E+06   0.0000000E+00   0.0000000E+00   0.0000000E+00   0.0000000E+00
   2.7238558E-02   2.1709176E+06   2.1709176E+06   1.0060595E+03   6.8784496E+00   1.5600252E+03   2.1622637E+06   2.1709176E+06   2.1472736E+06   0.0000000E+00   0.0000000E+00   0.0000000E+00   0.0000000E+00
   2.9267725E-02   2.0371471E+06   2.0371471E+06   8.4601484E+02   5.6478330E+00   1.3225692E+03   2.0289921E+06   2.0371471E+06   2.0149258E+06   0.0000000E+00   0.0000000E+00   0.0000000E+00   0.0000000E+00
   3.1442057E-02   1.9050289E+06   1.9050289E+06   6.5284394E+02   4.6205202E+00   1.1012158E+03   1.8973739E+06   1.9050289E+06   1.8842199E+06   0.0000000E+00   0.0000000E+00   0.0000000E+00   0.0000000E+00
   3.3762904E-02   1.7768552E+06   1.7768552E+06   5.4699162E+02   3.7699156E+00   9.0591175E+02   1.7696910E+06   1.7768552E+06   1.7574221E+06   0.0000000E+00   0.0000000E+00   0.0000000E+00   0.0000000E+00
   3.6222224E-02   1.6553119E+06   1.6553119E+06   4.5529975E+02   3.0734964E+00   7.5903958E+02   1.6486177E+06   1.6553119E+06   1.6371881E+06   0.0000000E+00   0.0000000E+00   0.0000000E+00   0.0000000E+00
   3.8798436E-02   1.5432012E+06   1.5432012E+06   3.7177778E+02   2.5116824E+00   6.3772706E+02   1.5369438E+06   1.5432012E+06   1.5262884E+06   0.0000000E+00   0.0000000E+00   0.0000000E+00   0.0000000E+00
   4.1456441E-02   1.4428746E+06   1.4428746E+06   3.0442529E+02   2.0653437E+00   5.3587029E+02   1.4370106E+06   1.4428746E+06   1.4270480E+06   0.0000000E+00   0.0000000E+00   0.0000000E+00   0.0000000E+00
   4.4154878E-02   1.3555784E+06   1.3555784E+06   2.5188186E+02   1.7146116E+00   4.5219048E+02   1.3500582E+06   1.3555784E+06   1.3406984E+06   0.0000000E+00   0.0000000E+00   0.0000000E+00   0.0000000E+00
   4.6857646E-02   1.2811359E+06   1.2811359E+06   2.1094859E+02   1.4399694E+00   3.8600454E+02   1.2759100E+06   1.2811359E+06   1.2670642E+06   0.0000000E+00   0.0000000E+00   0.0000000E+00   0.0000000E+00
   4.9542035E-02   1.2181816E+06   1.2181816E+06   1.7898793E+02   1.2244037E+00   3.3348981E+02   1.2132054E+06   1.2181816E+06   1.2047943E+06   0.0000000E+00   0.0000000E+00   0.0000000E+00   0.0000000E+00
   5.2199551E-02   1.1647070E+06   1.1647070E+06   1.5380519E+02   1.0531704E+00   2.9224714E+02   1.1599433E+06   1.1647070E+06   1.1519015E+06   0.0000000E+00   0.0000000E+00   0.0000000E+00   0.0000000E+00
   5.4831996E-02   1.1185554E+06   1.1185554E+06   1.3365066E+02   9.1526801E-01   2.5823065E+02   1.1139756E+06   1.1185554E+06   1.1062524E+06   0.0000000E+00   0.0000000E+00   0.0000000E+00   0.0000000E+00
   5.7446872E-02   1.0777137E+06   1.0777137E+06   1.1723916E+02   8.0201049E-01   2.3038943E+02   1.0732969E+06   1.0777137E+06   1.0658558E+06   0.0000000E+00   0.0000000E+00   0.0000000E+00   0.0000000E+00
   6.0054078E-02   1.0404349E+06   1.0404349E+06   1.0357820E+02   7.0751056E-01   2.0638173E+02   1.0361673E+06   1.0404349E+06   1.0289836E+06   0.0000000E+00   0.0000000E+00   0.0000000E+00   0.0000000E+00
   6.2664025E-02   1.0052702E+06   1.0052702E+06   9.1887470E+01   6.2717784E-01   1.8596317E+02   1.0011438E+06   1.0052702E+06   9.9420283E+05   0.0000000E+00   0.0000000E+00   0.0000000E+00   0.0000000E+00
   6.5286752E-02   9.7106647E+05   9.7106647E+05   8.1652126E+01   5.5788211E-01   1.6790404E+02   9.6707780E+05   9.7106647E+05   9.6037305E+05   0.0000000E+00   0.0000000E+00   0.0000000E+00   0.0000000E+00
   6.7931582E-02   9.3695532E+05   9.3695532E+05   7.2583663E+01   4.9732016E-01   1.5135229E+02   9.3310443E+05   9.3695532E+05   9.2663522E+05   0.0000000E+00   0.0000000E+00   0.0000000E+00   0.0000000E+00
   7.0607058E-02   9.0234279E+05   9.0234279E+05   6.4446625E+01   4.4379627E-01   1.3620009E+02   8.9863213E+05   9.0234279E+05   8.9240190E+05   0.0000000E+00   0.0000000E+00   0.0000000E+00   0.0000000E+00
   7.3320998E-02   8.6690068E+05   8.6690068E+05   5.7018886E+01   3.9616148E-01   1.2199038E+02   8.6333398E+05   8.6690068E+05   8.5734847E+05   0.0000000E+00   0.0000000E+00   0.0000000E+00   0.0000000E+00
   7.6080595E-02   8.3055610E+05   8.3055610E+05   5.0292528E+01   3.5346769E-01   1.0946502E+02   8.2713735E+05   8.3055610E+05   8.2140279E+05   0.0000000E+00   0.0000000E+00   0.0000000E+00   0.0000000E+00
   7.8892525E-02   7.9347545E+05   7.9347545E+05   4.4618907E+01   3.1510711E-01   9.8351299E+01   7.9020794E+05   7.9347545E+05   7.8472941E+05   0.0000000E+00   0.0000000E+00   0.0000000E+00   0.0000000E+00
   8.1763046E-02   7.5603890E+05   7.5603890E+05   4.0214920E+01   2.8058583E-01   8.7988307E+01   7.5292432E+05   7.5603890E+05   7.4770428E+05   0.0000000E+00   0.0000000E+00   0.0000000E+00   0.0000000E+00
   8.4698091E-02   7.1880220E+05   7.1880220E+05   3.6043075E+01   2.4963337E-01   7.6758640E+01   7.1583994E+05   7.1880220E+05   7.1087700E+05   0.0000000E+00   0.0000000E+00   0.0000000E+00   0.0000000E+00
   8.7703335E-02   6.8244392E+05   6.8244392E+05   3.0715926E+01   2.2197777E-01   6.7118526E+01   6.7963055E+05   6.8244392E+05   6.7491865E+05   0.0000000E+00   0.0000000E+00   0.0000000E+00   0.0000000E+00
   9.0784266E-02   6.4769835E+05   6.4769835E+05   2.6640321E+01   1.9734641E-01   6.2402825E+01   6.4502736E+05   6.4769835E+05   6.4055536E+05   0.0000000E+00   0.0000000E+00   0.0000000E+00   0.0000000E+00
   9.3946231E-02   6.1527630E+05   6.1527630E+05   2.5071717E+01   1.7559781E-01   5.5146503E+01   6.1273826E+05   6.1527630E+05   6.0849012E+05   0.0000000E+00   0.0000000E+00   0.0000000E+00   0.0000000E+00
   9.7194479E-02   5.8577922E+05   5.8577922E+05   2.1007801E+01   1.5652813E-01   4.8343612E+01   5.8336219E+05   5.8577922E+05   5.7931772E+05   0.0000000E+00   0.0000000E+00   0.0000000E+00   0.0000000E+00
   1.0053420E-01   5.5961476E+05   5.5961476E+05   1.9865472E+01   1.3985184E-01   4.4766068E+01   5.5730509E+05   5.5961476E+05   5.5344127E+05   0.0000000E+00   0.0000000E+00   0.0000000E+00   0.0000000E+00
   1.0397053E-01   5.3692450E+05   5.3692450E+05   1.6716219E+01   1.2537707E-01   3.9776697E+01   5.3470794E+05   5.3692450E+05   5.3100079E+05   0.0000000E+00   0.0000000E+00   0.0000000E+00   0.0000000E+00
   1.0750863E-01   5.1753619E+05   5.1753619E+05   1.5936799E+01   1.1279817E-01   3.5182335E+01   5.1539918E+05   5.1753619E+05   5.1182589E+05   0.0000000E+00   0.0000000E+00   0.0000000E+00   0.0000000E+00
   1.1115363E-01   5.0095299E+05   5.0095299E+05   1.4450374E+01   1.0182293E-01   3.3597686E+01   4.9888402E+05   5.0095299E+05   4.9542523E+05   0.0000000E+00   0.0000000E+00   0.0000000E+00   0.0000000E+00
   1.1491070E-01   4.8638947E+05   4.8638947E+05   1.2707211E+01   9.2165495E-02   3.0870948E+01   4.8438024E+05   4.8638947E+05   4.8102201E+05   0.0000000E+00   0.0000000E+00   0.0000000E+00   0.0000000E+00
   1.1878502E-01   4.7285883E+05   4.7285883E+05   1.1464117E+01   8.3562714E-02   2.7885795E+01   4.7090513E+05   4.7285883E+05   4.6764032E+05   0.0000000E+00   0.0000000E+00   0.0000000E+00   0.0000000E+00
   1.2278185E-01   4.5930765E+05   4.5930765E+05   1.0488220E+01   7.5758434E-02   2.5284783E+01   4.5740961E+05   4.5930765E+05   4.5423836E+05   0.0000000E+00   0.0000000E+00   0.0000000E+00   0.0000000E+00
   1.2690645E-01   4.4478342E+05   4.4478342E+05   9.5462638E+00   6.8561577E-02   2.2897560E+01   4.4294509E+05   4.4478342E+05   4.3987412E+05   0.0000000E+00   0.0000000E+00   0.0000000E+00   0.0000000E+00
   1.3116417E-01   4.2860918E+05   4.2860918E+05   8.5721026E+00   6.1844950E-02   2.0953199E+01   4.2683742E+05   4.2860918E+05   4.2387813E+05   0.0000000E+00   0.0000000E+00   0.0000000E+00   0.0000000E+00
   1.3556042E-01   4.1053038E+05   4.1053038E+05   7.8970083E+00   5.5549070E-02   1.9051082E+01   4.0883310E+05   4.1053038E+05   4.0599863E+05   0.0000000E+00   0.0000000E+00   0.0000000E+00   0.0000000E+00
   1.4010065E-01   3.9079532E+05   3.9079532E+05   6.9735114E+00   4.9665298E-02   1.6122560E+01   3.8917941E+05   3.9079532E+05   3.8648120E+05   0.0000000E+00   0.0000000E+00   0.0000000E+00   0.0000000E+00
   1.4479039E-01   3.7013629E+05   3.7013629E+05   6.1250474E+00   4.4220355E-02   1.5307171E+01   3.6860561E+05   3.7013629E+05   3.6605004E+05   0.0000000E+00   0.0000000E+00   0.0000000E+00   0.0000000E+00
   1.4963527E-01   3.4963482E+05   3.4963482E+05   5.3562536E+00   3.9277822E-02   1.2884119E+01   3.4818874E+05   3.4963482E+05   3.4577472E+05   0.0000000E+00   0.0000000E+00   0.0000000E+00   0.0000000E+00
   1.5464096E-01   3.3048193E+05   3.3048193E+05   4.8988452E+00   3.4882176E-02   1.1469857E+01   3.2911491E+05   3.3048193E+05   3.2683313E+05   0.0000000E+00   0.0000000E+00   0.0000000E+00   0.0000000E+00
   1.5981325E-01   3.1367795E+05   3.1367795E+05   4.3777888E+00   3.1053970E-02   1.0422874E+01   3.1238029E+05   3.1367795E+05   3.1021454E+05   0.0000000E+00   0.0000000E+00   0.0000000E+00   0.0000000E+00
   1.6515802E-01   2.9974650E+05   2.9974650E+05   3.9140119E+00   2.7771695E-02   9.3126544E+00   2.9850635E+05   2.9974650E+05   2.9643678E+05   0.0000000E+00   0.0000000E+00   0.0000000E+00   0.0000000E+00
   1.7068125E-01   2.8855299E+05   2.8855299E+05   3.4731551E+00   2.4967909E-02   8.2889083E+00   2.8735903E+05   2.8855299E+05   2.8536675E+05   0.0000000E+00   0.0000000E+00   0.0000000E+00   0.0000000E+00
   1.7638907E-01   2.7930564E+05   2.7930564E+05   3.1106380E+00   2.2543896E-02   7.6510551E+00   2.7814985E+05   2.7930564E+05   2.7622142E+05   0.0000000E+00   0.0000000E+00   0.0000000E+00   0.0000000E+00
   1.8228771E-01   2.7077192E+05   2.7077192E+05   2.8119966E+00   2.0388706E-02   7.1071650E+00   2.6965134E+05   2.7077192E+05   2.6778183E+05   0.0000000E+00   0.0000000E+00   0.0000000E+00   0.0000000E+00
   1.8838361E-01   2.6167065E+05   2.6167065E+05   2.6052180E+00   1.8408058E-02   6.2877541E+00   2.6058765E+05   2.6167065E+05   2.5878097E+05   0.0000000E+00   0.0000000E+00   0.0000000E+00   0.0000000E+00
   1.9468335E-01   2.5112165E+05   2.5112165E+05   2.3198595E+00   1.6539772E-02   5.9119755E+00   2.5008223E+05   2.5112165E+05   2.4834839E+05   0.0000000E+00   0.0000000E+00   0.0000000E+00   0.0000000E+00
   2.0119378E-01   2.3898332E+05   2.3898332E+05   2.0423037E+00   1.4769751E-02   5.2779747E+00   2.3799408E+05   2.3898332E+05   2.3634405E+05   0.0000000E+00   0.0000000E+00   0.0000000E+00   0.0000000E+00
   2.0792195E-01   2.2591962E+05   2.2591962E+05   1.8166103E+00   1.3119744E-02   4.6945691E+00   2.2498439E+05   2.2591962E+05   2.2342455E+05   0.0000000E+00   0.0000000E+00   0.0000000E+00   0.0000000E+00
   2.1487523E-01   2.1312705E+05   2.1312705E+05   1.6319958E+00   1.1629240E-02   4.0674947E+00   2.1224472E+05   2.1312705E+05   2.1077321E+05   0.0000000E+00   0.0000000E+00   0.0000000E+00   0.0000000E+00
   2.2206133E-01   2.0180121E+05   2.0180121E+05   1.4154488E+00   1.0329086E-02   3.5458068E+00   2.0096572E+05   2.0180121E+05   1.9957241E+05   0.0000000E+00   0.0000000E+00   0.0000000E+00   0.0000000E+00
   2.2948835E-01   1.9256934E+05   1.9256934E+05   1.2742470E+00   9.2229280E-03   3.2495130E+00   1.9177203E+05   1.9256934E+05   1.9044246E+05   0.0000000E+00   0.0000000E+00   0.0000000E+00   0.0000000E+00
   2.3716484E-01   1.8517711E+05   1.8517711E+05   1.1386878E+00   8.2827790E-03   2.8736605E+00   1.8441036E+05   1.8517711E+05   1.8313183E+05   0.0000000E+00   0.0000000E+00   0.0000000E+00   0.0000000E+00
   2.4509990E-01   1.7862825E+05   1.7862825E+05   1.0341585E+00   7.4588695E-03   2.5752309E+00   1.7788858E+05   1.7862825E+05   1.7665527E+05   0.0000000E+00   0.0000000E+00   0.0000000E+00   0.0000000E+00
   2.5330323E-01   1.7174546E+05   1.7174546E+05   9.2411793E-01   6.7039325E-03   2.3522202E+00   1.7103426E+05   1.7174546E+05   1.6984847E+05   0.0000000E+00   0.0000000E+00   0.0000000E+00   0.0000000E+00
   2.6178523E-01   1.6385594E+05   1.6385594E+05   8.3516194E-01   5.9920151E-03   2.1787422E+00   1.6317738E+05   1.6385594E+05   1.6204606E+05   0.0000000E+00   0.0000000E+00   0.0000000E+00   0.0000000E+00
   2.7055713E-01   1.5517818E+05   1.5517818E+05   7.3367023E-01   5.3254536E-03   1.8780746E+00   1.5453553E+05   1.5517818E+05   1.5346413E+05   0.0000000E+00   0.0000000E+00   0.0000000E+00   0.0000000E+00
   2.7963109E-01   1.4662819E+05   1.4662819E+05   6.5458197E-01   4.7221021E-03   1.6724876E+00   1.4602093E+05   1.4662819E+05   1.4500855E+05   0.0000000E+00   0.0000000E+00   0.0000000E+00   0.0000000E+00
   2.8902036E-01   1.3914058E+05   1.3914058E+05   5.8358615E-01   4.1976439E-03   1.5052133E+00   1.3856431E+05   1.3914058E+05   1.3760363E+05   0.0000000E+00   0.0000000E+00   0.0000000E+00   0.0000000E+00
   2.9873944E-01   1.3297867E+05   1.3297867E+05   5.2090716E-01   3.7500297E-03   1.3245496E+00   1.3242790E+05   1.3297867E+05   1.3150976E+05   0.0000000E+00   0.0000000E+00   0.0000000E+00   0.0000000E+00
   3.0880429E-01   1.2757288E+05   1.2757288E+05   4.6547183E-01   3.3602794E-03   1.2237023E+00   1.2704448E+05   1.2757288E+05   1.2616367E+05   0.0000000E+00   0.0000000E+00   0.0000000E+00   0.0000000E+00
   3.1923253E-01   1.2204371E+05   1.2204371E+05   4.1543031E-01   3.0054660E-03   1.0866177E+00   1.2153820E+05   1.2204371E+05   1.2069556E+05   0.0000000E+00   0.0000000E+00   0.0000000E+00   0.0000000E+00
   3.3004374E-01   1.1597634E+05   1.1597634E+05   3.7040871E-01   2.6743745E-03   9.6492835E-01   1.1549595E+05   1.1597634E+05   1.1469520E+05   0.0000000E+00   0.0000000E+00   0.0000000E+00   0.0000000E+00
   3.4125977E-01   1.0973955E+05   1.0973955E+05   3.2853974E-01   2.3707800E-03   8.6114463E-01   1.0928498E+05   1.0973955E+05   1.0852730E+05   0.0000000E+00   0.0000000E+00   0.0000000E+00   0.0000000E+00
   3.5290510E-01   1.0403153E+05   1.0403153E+05   2.8979322E-01   2.1029815E-03   7.6090031E-01   1.0360059E+05   1.0403153E+05   1.0288232E+05   0.0000000E+00   0.0000000E+00   0.0000000E+00   0.0000000E+00
   3.6500734E-01   9.9116171E+04   9.9116171E+04   2.5833795E-01   1.8714293E-03   6.8135456E-01   9.8705584E+04   9.9116171E+04   9.8021250E+04   0.0000000E+00   0.0000000E+00   0.0000000E+00   0.0000000E+00
   3.7759778E-01   9.4584084E+04   9.4584084E+04   2.3132115E-01   1.6668988E-03   5.9999774E-01   9.4192261E+04   9.4584084E+04   9.3539219E+04   0.0000000E+00   0.0000000E+00   0.0000000E+00   0.0000000E+00
   3.9071204E-01   8.9906981E+04   8.9906981E+04   2.0479792E-01   1.4801565E-03   5.3904647E-01   8.9534527E+04   8.9906981E+04   8.8913777E+04   0.0000000E+00   0.0000000E+00   0.0000000E+00   0.0000000E+00
   4.0439096E-01   8.5086231E+04   8.5086231E+04   1.8127631E-01   1.3087792E-03   4.8240646E-01   8.4733740E+04   8.5086231E+04   8.4146274E+04   0.0000000E+00   0.0000000E+00   0.0000000E+00   0.0000000E+00
   4.1868162E-01   8.0548305E+04   8.0548305E+04   1.5977915E-01   1.1563182E-03   4.1899548E-01   8.0214607E+04   8.0548305E+04   7.9658472E+04   0.0000000E+00   0.0000000E+00   0.0000000E+00   0.0000000E+00
   4.3363865E-01   7.6467497E+04   7.6467497E+04   1.4158182E-01   1.0226481E-03   3.7707175E-01   7.6150699E+04   7.6467497E+04   7.5622740E+04   0.0000000E+00   0.0000000E+00   0.0000000E+00   0.0000000E+00
   4.4932586E-01   7.2546642E+04   7.2546642E+04   1.2518736E-01   9.0351427E-04   3.2483393E-01   7.2246084E+04   7.2546642E+04   7.1745196E+04   0.0000000E+00   0.0000000E+00   0.0000000E+00   0.0000000E+00
   4.6581837E-01   6.8565184E+04   6.8565184E+04   1.0995668E-01   7.9479609E-04   2.8731035E-01   6.8281115E+04   6.8565184E+04   6.7807717E+04   0.0000000E+00   0.0000000E+00   0.0000000E+00   0.0000000E+00
   4.8320522E-01   6.4710636E+04   6.4710636E+04   9.6504158E-02   6.9730512E-04   2.5750539E-01   6.4442534E+04   6.4710636E+04   6.3995749E+04   0.0000000E+00   0.0000000E+00   0.0000000E+00   0.0000000E+00
   5.0159281E-01   6.1126889E+04   6.1126889E+04   8.4657949E-02   6.1112234E-04   2.2372583E-01   6.0873631E+04   6.1126889E+04   6.0451589E+04   0.0000000E+00   0.0000000E+00   0.0000000E+00   0.0000000E+00
   5.2110931E-01   5.7637824E+04   5.7637824E+04   7.3931444E-02   5.3385384E-04   1.9465714E-01   5.7399019E+04   5.7637824E+04   5.7001067E+04   0.0000000E+00   0.0000000E+00   0.0000000E+00   0.0000000E+00
   5.4191034E-01   5.4178292E+04   5.4178292E+04   6.4261892E-02   4.6409518E-04   1.7366635E-01   5.3953817E+04   5.4178292E+04   5.3579751E+04   0.0000000E+00   0.0000000E+00   0.0000000E+00   0.0000000E+00
   5.6418624E-01   5.0874073E+04   5.0874073E+04   5.5663379E-02   4.0202460E-04   1.4955071E-01   5.0663285E+04   5.0874073E+04   5.0312033E+04   0.0000000E+00   0.0000000E+00   0.0000000E+00   0.0000000E+00
   5.8817139E-01   4.7666788E+04   4.7666788E+04   4.7983863E-02   3.4657333E-04   1.3093887E-01   4.7469287E+04   4.7666788E+04   4.7140179E+04   0.0000000E+00   0.0000000E+00   0.0000000E+00   0.0000000E+00
   6.1415576E-01   4.4507913E+04   4.4507913E+04   4.1101473E-02   2.9686220E-04   1.0938146E-01   4.4323499E+04   4.4507913E+04   4.4016200E+04   0.0000000E+00   0.0000000E+00   0.0000000E+00   0.0000000E+00
   6.4249850E-01   4.1448776E+04   4.1448776E+04   3.4969588E-02   2.5258823E-04   9.4316274E-02   4.1277035E+04   4.1448776E+04   4.0990858E+04   0.0000000E+00   0.0000000E+00   0.0000000E+00   0.0000000E+00
   6.7364259E-01   3.8440574E+04   3.8440574E+04   2.9499792E-02   2.1311202E-04   7.9261046E-02   3.8281295E+04   3.8440574E+04   3.8015888E+04   0.0000000E+00   0.0000000E+00   0.0000000E+00   0.0000000E+00
   7.0812682E-01   3.5499705E+04   3.5499705E+04   2.4655521E-02   1.7810076E-04   6.7713873E-02   3.5352611E+04   3.5499705E+04   3.5107508E+04   0.0000000E+00   0.0000000E+00   0.0000000E+00   0.0000000E+00
   7.4658772E-01   3.2614585E+04   3.2614585E+04   2.0376999E-02   1.4720971E-04   5.5360619E-02   3.2479444E+04   3.2614585E+04   3.2254261E+04   0.0000000E+00   0.0000000E+00   0.0000000E+00   0.0000000E+00
   7.8973783E-01   2.9796987E+04   2.9796987E+04   1.6637904E-02   1.2020246E-04   4.5635850E-02   2.9673520E+04   2.9796987E+04   2.9467791E+04   0.0000000E+00   0.0000000E+00   0.0000000E+00   0.0000000E+00
   8.3830393E-01   2.7058273E+04   2.7058273E+04   1.3408687E-02   9.6873157E-05   3.7147355E-02   2.6946153E+04   2.7058273E+04   2.6759334E+04   0.0000000E+00   0.0000000E+00   0.0000000E+00   0.0000000E+00
   8.9291984E-01   2.4424550E+04   2.4424550E+04   1.0668108E-02   7.7077825E-05   2.9269350E-02   2.4323343E+04   2.4424550E+04   2.4154707E+04   0.0000000E+00   0.0000000E+00   0.0000000E+00   0.0000000E+00
   9.5400658E-01   2.1927934E+04   2.1927934E+04   8.3903124E-03   6.0622707E-05   2.2568707E-02   2.1837071E+04   2.1927934E+04   2.1685673E+04   0.0000000E+00   0.0000000E+00   0.0000000E+00   0.0000000E+00
   1.0217185E+00   1.9599887E+04   1.9599887E+04   6.5383945E-03   4.7243872E-05   1.8143539E-02   1.9518670E+04   1.9599887E+04   1.9383346E+04   0.0000000E+00   0.0000000E+00   0.0000000E+00   0.0000000E+00
   1.0960180E+00   1.7463444E+04   1.7463444E+04   5.0625832E-03   3.6582981E-05   1.3397001E-02   1.7391080E+04   1.7463444E+04   1.7270506E+04   0.0000000E+00   0.0000000E+00   0.0000000E+00   0.0000000E+00
   1.1768385E+00   1.5527829E+04   1.5527829E+04   3.9043806E-03   2.8214681E-05   1.0739548E-02   1.5463485E+04   1.5527829E+04   1.5356276E+04   0.0000000E+00   0.0000000E+00   0.0000000E+00   0.0000000E+00
   1.2642249E+00   1.3788837E+04   1.3788837E+04   3.0043594E-03   2.1713287E-05   7.7216579E-03   1.3731698E+04   1.3788837E+04   1.3636495E+04   0.0000000E+00   0.0000000E+00   0.0000000E+00   0.0000000E+00
   1.3583861E+00   1.2234363E+04   1.2234363E+04   2.3089066E-03   1.6687895E-05   6.0587291E-03   1.2183666E+04   1.2234363E+04   1.2099196E+04   0.0000000E+00   0.0000000E+00   0.0000000E+00   0.0000000E+00
   1.4596781E+00   1.0848562E+04   1.0848562E+04   1.7724115E-03   1.2816269E-05   4.6383114E-03   1.0803608E+04   1.0848562E+04   1.0728705E+04   0.0000000E+00   0.0000000E+00   0.0000000E+00   0.0000000E+00
   1.5685655E+00   9.6148453E+03   9.6148453E+03   1.3615063E-03   9.8370983E-06   3.6430269E-03   9.5750029E+03   9.6148453E+03   9.5086187E+03   0.0000000E+00   0.0000000E+00   0.0000000E+00   0.0000000E+00
   1.6855886E+00   8.5175575E+03   8.5175575E+03   1.0440660E-03   7.5471078E-06   2.8146010E-03   8.4822620E+03   8.5175575E+03   8.4234538E+03   0.0000000E+00   0.0000000E+00   0.0000000E+00   0.0000000E+00
   1.8113458E+00   7.5422030E+03   7.5422030E+03   8.0054673E-04   5.7878654E-06   1.9197810E-03   7.5109491E+03   7.5422030E+03   7.4588751E+03   0.0000000E+00   0.0000000E+00   0.0000000E+00   0.0000000E+00
   1.9464862E+00   6.6757490E+03   6.6757490E+03   6.1358775E-04   4.4367598E-06   1.6393676E-03   6.6480855E+03   6.6757490E+03   6.6019938E+03   0.0000000E+00   0.0000000E+00   0.0000000E+00   0.0000000E+00
   2.0917093E+00   5.9064479E+03   5.9064479E+03   4.7010700E-04   3.3997510E-06   1.3078459E-03   5.8819723E+03   5.9064479E+03   5.8411921E+03   0.0000000E+00   0.0000000E+00   0.0000000E+00   0.0000000E+00
   2.2477672E+00   5.2237427E+03   5.2237427E+03   3.6003783E-04   2.6042016E-06   1.0603993E-03   5.2020961E+03   5.2237427E+03   5.1660296E+03   0.0000000E+00   0.0000000E+00   0.0000000E+00   0.0000000E+00
   2.4154682E+00   4.6181950E+03   4.6181950E+03   2.7563598E-04   1.9940979E-06   6.6844647E-04   4.5990577E+03   4.6181950E+03   4.5671721E+03   0.0000000E+00   0.0000000E+00   0.0000000E+00   0.0000000E+00
   2.5956811E+00   4.0813394E+03   4.0813394E+03   2.1094261E-04   1.5264276E-06   5.3909317E-04   4.0644267E+03   4.0813394E+03   4.0362477E+03   0.0000000E+00   0.0000000E+00   0.0000000E+00   0.0000000E+00
   2.7893392E+00   3.6056012E+03   3.6056012E+03   1.6137476E-04   1.1679951E-06   5.8712376E-04   3.5906599E+03   3.6056012E+03   3.5657656E+03   0.0000000E+00   0.0000000E+00   0.0000000E+00   0.0000000E+00
   2.9974457E+00   3.1842109E+03   3.1842109E+03   1.2351675E-04   8.9353005E-07   2.7095278E-04   3.1710159E+03   3.1842109E+03   3.1490310E+03   0.0000000E+00   0.0000000E+00   0.0000000E+00   0.0000000E+00
   3.2210787E+00   2.8111215E+03   2.8111215E+03   9.4355891E-05   6.8331645E-07   2.7464769E-04   2.7994725E+03   2.8111215E+03   2.7800635E+03   0.0000000E+00   0.0000000E+00   0.0000000E+00   0.0000000E+00
   3.4613963E+00   2.4809345E+03   2.4809345E+03   7.2116348E-05   5.2242747E-07   1.3631914E-04   2.4706538E+03   2.4809345E+03   2.4535245E+03   0.0000000E+00   0.0000000E+00   0.0000000E+00   0.0000000E+00
   3.7196436E+00   2.1888349E+03   2.1888349E+03   5.5058641E-05   3.9930790E-07   1.7490625E-04   2.1797645E+03   2.1888349E+03   2.1646520E+03   0.0000000E+00   0.0000000E+00   0.0000000E+00   0.0000000E+00
   3.9971581E+00   1.9305303E+03   1.9305303E+03   4.2047471E-05   3.0513858E-07   9.2761747E-05   1.9225304E+03   1.9305303E+03   1.9092013E+03   0.0000000E+00   0.0000000E+00   0.0000000E+00   0.0000000E+00
   4.2953774E+00   1.7021977E+03   1.7021977E+03   3.2133648E-05   2.3312035E-07   9.2132928E-05   1.6951440E+03   1.7021977E+03   1.6833914E+03   0.0000000E+00   0.0000000E+00   0.0000000E+00   0.0000000E+00
   4.6158462E+00   1.5004335E+03   1.5004335E+03   2.4548276E-05   1.7806976E-07   4.4881732E-05   1.4942158E+03   1.5004335E+03   1.4838563E+03   0.0000000E+00   0.0000000E+00   0.0000000E+00   0.0000000E+00
   4.9602245E+00   1.3222099E+03   1.3222099E+03   1.8716423E-05   1.3598909E-07   6.4713990E-05   1.3167307E+03   1.3222099E+03   1.3076017E+03   0.0000000E+00   0.0000000E+00   0.0000000E+00   0.0000000E+00
   5.3302960E+00   1.1648347E+03   1.1648347E+03   1.4277941E-05   1.0384099E-07   1.0715786E-05   1.1600077E+03   1.1648347E+03   1.1519653E+03   0.0000000E+00   0.0000000E+00   0.0000000E+00   0.0000000E+00
   5.7279778E+00   1.0259157E+03   1.0259157E+03   1.0889515E-05   7.9279229E-08   2.9293069E-05   1.0216644E+03   1.0259157E+03   1.0145811E+03   0.0000000E+00   0.0000000E+00   0.0000000E+00   0.0000000E+00
   6.1553298E+00   9.0332853E+02   9.0332853E+02   8.3090010E-06   6.0522221E-08   2.1480152E-05   8.9958520E+02   9.0332853E+02   8.9334831E+02   0.0000000E+00   0.0000000E+00   0.0000000E+00   0.0000000E+00
   6.6145656E+00   7.9518723E+02   7.9518723E+02   6.3295505E-06   4.6199726E-08   2.1534287E-05   7.9189204E+02   7.9518723E+02   7.8640178E+02   0.0000000E+00   0.0000000E+00   0.0000000E+00   0.0000000E+00
   7.1080640E+00   6.9981877E+02   6.9981877E+02   4.8235604E-06   3.5265145E-08   2.3768777E-05   6.9691877E+02   6.9981877E+02   6.9208698E+02   0.0000000E+00   0.0000000E+00   0.0000000E+00   0.0000000E+00
   7.6383812E+00   6.1573957E+02   6.1573957E+02   3.6743960E-06   2.6919106E-08   8.1055286E-06   6.1318799E+02   6.1573957E+02   6.0893671E+02   0.0000000E+00   0.0000000E+00   0.0000000E+00   0.0000000E+00
   8.2082643E+00   5.4163472E+02   5.4163472E+02   2.7994687E-06   2.0548652E-08   1.0195707E-05   5.3939022E+02   5.4163472E+02   5.3565059E+02   0.0000000E+00   0.0000000E+00   0.0000000E+00   0.0000000E+00
   8.8206650E+00   4.7633932E+02   4.7633932E+02   2.1322302E-06   1.5687519E-08   1.4846923E-05   4.7436541E+02   4.7633932E+02   4.7107660E+02   0.0000000E+00   0.0000000E+00   0.0000000E+00   0.0000000E+00
   9.4787557E+00   4.1882185E+02   4.1882185E+02   1.6234448E-06   1.1978178E-08   3.6939533E-06   4.1708629E+02   4.1882185E+02   4.1419459E+02   0.0000000E+00   0.0000000E+00   0.0000000E+00   0.0000000E+00
   1.0185945E+01   3.6816927E+02   3.6816927E+02   1.2358611E-06   9.1477065E-09   6.1744115E-06   3.6664360E+02   3.6816927E+02   3.6410163E+02   0.0000000E+00   0.0000000E+00   0.0000000E+00   0.0000000E+00
