#           k/h    CDM            baryon         photon         nu             mass_nu        total          no_nu          total_de       Weyl           v_CDM          v_b            v_b-v_c     
   1.0342449E-05   1.2089159E+07   1.2089159E+07   1.6114880E+07   1.0879903E+05   1.4299875E+06   1.2089259E+07   1.2089159E+07   9.8045752E+06   0.0000000E+00   0.0000000E+00   0.0000000E+00   0.0000000E+00
   1.1114077E-05   1.2089155E+07   1.2089155E+07   1.6114257E+07   1.0879772E+05   1.4299679E+06   1.2089255E+07   1.2089155E+07   9.8045721E+06   0.0000000E+00   0.0000000E+00   0.0000000E+00   0.0000000E+00
   1.1943274E-05   1.2089151E+07   1.2089151E+07   1.6113536E+07   1.0879621E+05   1.4299452E+06   1.2089251E+07   1.2089151E+07   9.8045685E+06   0.0000000E+00   0.0000000E+00   0.0000000E+00   0.0000000E+00
   1.2834335E-05   1.2089146E+07   1.2089146E+07   1.6112705E+07   1.0879447E+05   1.4299190E+06   1.2089246E+07   1.2089146E+07   9.8045643E+06   0.0000000E+00   0.0000000E+00   0.0000000E+00   0.0000000E+00
   1.3791877E-05   1.2089141E+07   1.2089141E+07   1.6111745E+07   1.0879246E+05   1.4298888E+06   1.2089240E+07   1.2089141E+07   9.8045595E+06   0.0000000E+00   0.0000000E+00   0.0000000E+00   0.0000000E+00
   1.4820859E-05   1.2089134E+07   1.2089134E+07   1.6110636E+07   1.0879014E+05   1.4298539E+06   1.2089233E+07   1.2089134E+07   9.8045539E+06   0.0000000E+00   0.0000000E+00   0.0000000E+00   0.0000000E+00
   1.5926612E-05   1.2089127E+07   1.2089127E+07   1.6109356E+07   1.0878746E+05   1.4298136E+06   1.2089225E+07   1.2089127E+07   9.8045475E+06   0.0000000E+00   0.0000000E+00   0.0000000E+00   0.0000000E+00
   1.7114861E-05   1.2089118E+07   1.2089118E+07   1.6107877E+07   1.0878437E+05   1.4297671E+06   1.2089216E+07   1.2089118E+07   9.8045401E+06   0.0000000E+00   0.0000000E+00   0.0000000E+00   0.0000000E+00
   1.8391764E-05   1.2089108E+07   1.2089108E+07   1.6106170E+07   1.0878079E+05   1.4297134E+06   1.2089206E+07   1.2089108E+07   9.8045315E+06   0.0000000E+00   0.0000000E+00   0.0000000E+00   0.0000000E+00
   1.9763934E-05   1.2089097E+07   1.2089097E+07   1.6104200E+07   1.0877666E+05   1.4296513E+06   1.2089194E+07   1.2089097E+07   9.8045216E+06   0.0000000E+00   0.0000000E+00   0.0000000E+00   0.0000000E+00
   2.1238478E-05   1.2089084E+07   1.2089084E+07   1.6101924E+07   1.0877190E+05   1.4295797E+06   1.2089180E+07   1.2089084E+07   9.8045102E+06   0.0000000E+00   0.0000000E+00   0.0000000E+00   0.0000000E+00
   2.2823035E-05   1.2089068E+07   1.2089068E+07   1.6099296E+07   1.0876640E+05   1.4294970E+06   1.2089164E+07   1.2089068E+07   9.8044970E+06   0.0000000E+00   0.0000000E+00   0.0000000E+00   0.0000000E+00
   2.4525812E-05   1.2089051E+07   1.2089051E+07   1.6096263E+07   1.0876004E+05   1.4294015E+06   1.2089146E+07   1.2089051E+07   9.8044818E+06   0.0000000E+00   0.0000000E+00   0.0000000E+00   0.0000000E+00
   2.6355629E-05   1.2089030E+07   1.2089030E+07   1.6092760E+07   1.0875271E+05   1.4292912E+06   1.2089125E+07   1.2089030E+07   9.8044642E+06   0.0000000E+00   0.0000000E+00   0.0000000E+00   0.0000000E+00
   2.8321965E-05   1.2089007E+07   1.2089007E+07   1.6088716E+07   1.0874423E+05   1.4291639E+06   1.2089100E+07   1.2089007E+07   9.8044439E+06   0.0000000E+00   0.0000000E+00   0.0000000E+00   0.0000000E+00
   3.0435006E-05   1.2088980E+07   1.2088980E+07   1.6084047E+07   1.0873445E+05   1.4290168E+06   1.2089072E+07   1.2088980E+07   9.8044205E+06   0.0000000E+00   0.0000000E+00   0.0000000E+00   0.0000000E+00
   3.2705695E-05   1.2088949E+07   1.2088949E+07   1.6078658E+07   1.0872316E+05   1.4288471E+06   1.2089039E+07   1.2088949E+07   9.8043934E+06   0.0000000E+00   0.0000000E+00   0.0000000E+00   0.0000000E+00
   3.5145796E-05   1.2088912E+07   1.2088912E+07   1.6072436E+07   1.0871012E+05   1.4286511E+06   1.2089001E+07   1.2088912E+07   9.8043622E+06   0.0000000E+00   0.0000000E+00   0.0000000E+00   0.0000000E+00
   3.7767948E-05   1.2088871E+07   1.2088871E+07   1.6065254E+07   1.0869506E+05   1.4284248E+06   1.2088957E+07   1.2088871E+07   9.8043261E+06   0.0000000E+00   0.0000000E+00   0.0000000E+00   0.0000000E+00
   4.0585732E-05   1.2088822E+07   1.2088822E+07   1.6056965E+07   1.0867768E+05   1.4281635E+06   1.2088907E+07   1.2088822E+07   9.8042844E+06   0.0000000E+00   0.0000000E+00   0.0000000E+00   0.0000000E+00
   4.3613746E-05   1.2088767E+07   1.2088767E+07   1.6047397E+07   1.0865761E+05   1.4278619E+06   1.2088849E+07   1.2088767E+07   9.8042363E+06   0.0000000E+00   0.0000000E+00   0.0000000E+00   0.0000000E+00
   4.6867673E-05   1.2088702E+07   1.2088702E+07   1.6036355E+07   1.0863445E+05   1.4275138E+06   1.2088781E+07   1.2088702E+07   9.8041807E+06   0.0000000E+00   0.0000000E+00   0.0000000E+00   0.0000000E+00
   5.0364368E-05   1.2088628E+07   1.2088628E+07   1.6023613E+07   1.0860771E+05   1.4271119E+06   1.2088704E+07   1.2088628E+07   9.8041166E+06   0.0000000E+00   0.0000000E+00   0.0000000E+00   0.0000000E+00
   5.4121944E-05   1.2088543E+07   1.2088543E+07   1.6008911E+07   1.0857684E+05   1.4266480E+06   1.2088614E+07   1.2088543E+07   9.8040425E+06   0.0000000E+00   0.0000000E+00   0.0000000E+00   0.0000000E+00
   5.8159865E-05   1.2088444E+07   1.2088444E+07   1.5991950E+07   1.0854121E+05   1.4261125E+06   1.2088511E+07   1.2088444E+07   9.8039571E+06   0.0000000E+00   0.0000000E+00   0.0000000E+00   0.0000000E+00
   6.2499046E-05   1.2088329E+07   1.2088329E+07   1.5972384E+07   1.0850008E+05   1.4254946E+06   1.2088391E+07   1.2088329E+07   9.8038584E+06   0.0000000E+00   0.0000000E+00   0.0000000E+00   0.0000000E+00
   6.7161964E-05   1.2088198E+07   1.2088198E+07   1.5949819E+07   1.0845262E+05   1.4247815E+06   1.2088253E+07   1.2088198E+07   9.8037444E+06   0.0000000E+00   0.0000000E+00   0.0000000E+00   0.0000000E+00
   7.2172772E-05   1.2088045E+07   1.2088045E+07   1.5923799E+07   1.0839785E+05   1.4239586E+06   1.2088094E+07   1.2088045E+07   9.8036129E+06   0.0000000E+00   0.0000000E+00   0.0000000E+00   0.0000000E+00
   7.7557426E-05   1.2087870E+07   1.2087870E+07   1.5893802E+07   1.0833466E+05   1.4230093E+06   1.2087910E+07   1.2087870E+07   9.8034611E+06   0.0000000E+00   0.0000000E+00   0.0000000E+00   0.0000000E+00
   8.3343817E-05   1.2087667E+07   1.2087667E+07   1.5859229E+07   1.0826175E+05   1.4219141E+06   1.2087698E+07   1.2087667E+07   9.8032859E+06   0.0000000E+00   0.0000000E+00   0.0000000E+00   0.0000000E+00
   8.9561918E-05   1.2087433E+07   1.2087433E+07   1.5819394E+07   1.0817765E+05   1.4206510E+06   1.2087453E+07   1.2087433E+07   9.8030837E+06   0.0000000E+00   0.0000000E+00   0.0000000E+00   0.0000000E+00
   9.6243939E-05   1.2087163E+07   1.2087163E+07   1.5773513E+07   1.0808065E+05   1.4191944E+06   1.2087170E+07   1.2087163E+07   9.8028503E+06   0.0000000E+00   0.0000000E+00   0.0000000E+00   0.0000000E+00
   1.0342449E-04   1.2086851E+07   1.2086851E+07   1.5720688E+07   1.0796880E+05   1.4175150E+06   1.2086844E+07   1.2086851E+07   9.8025810E+06   0.0000000E+00   0.0000000E+00   0.0000000E+00   0.0000000E+00
   1.1114077E-04   1.2086492E+07   1.2086492E+07   1.5659898E+07   1.0783986E+05   1.4155792E+06   1.2086468E+07   1.2086492E+07   9.8022703E+06   0.0000000E+00   0.0000000E+00   0.0000000E+00   0.0000000E+00
   1.1943274E-04   1.2086077E+07   1.2086077E+07   1.5589979E+07   1.0769124E+05   1.4133487E+06   1.2086034E+07   1.2086077E+07   9.8019120E+06   0.0000000E+00   0.0000000E+00   0.0000000E+00   0.0000000E+00
   1.2834335E-04   1.2085598E+07   1.2085598E+07   1.5509609E+07   1.0752000E+05   1.4107792E+06   1.2085533E+07   1.2085598E+07   9.8014986E+06   0.0000000E+00   0.0000000E+00   0.0000000E+00   0.0000000E+00
   1.3791877E-04   1.2085046E+07   1.2085046E+07   1.5417293E+07   1.0732276E+05   1.4078205E+06   1.2084955E+07   1.2085046E+07   9.8010219E+06   0.0000000E+00   0.0000000E+00   0.0000000E+00   0.0000000E+00
   1.4820859E-04   1.2084410E+07   1.2084410E+07   1.5311344E+07   1.0709566E+05   1.4044151E+06   1.2084289E+07   1.2084410E+07   9.8004722E+06   0.0000000E+00   0.0000000E+00   0.0000000E+00   0.0000000E+00
   1.5926612E-04   1.2083676E+07   1.2083676E+07   1.5189864E+07   1.0683431E+05   1.4004975E+06   1.2083521E+07   1.2083676E+07   9.7998387E+06   0.0000000E+00   0.0000000E+00   0.0000000E+00   0.0000000E+00
   1.7114861E-04   1.2082830E+07   1.2082830E+07   1.5050732E+07   1.0653370E+05   1.3959932E+06   1.2082636E+07   1.2082830E+07   9.7991086E+06   0.0000000E+00   0.0000000E+00   0.0000000E+00   0.0000000E+00
   1.8391764E-04   1.2081856E+07   1.2081856E+07   1.4891588E+07   1.0618814E+05   1.3908181E+06   1.2081617E+07   1.2081856E+07   9.7982676E+06   0.0000000E+00   0.0000000E+00   0.0000000E+00   0.0000000E+00
   1.9763934E-04   1.2080733E+07   1.2080733E+07   1.4709822E+07   1.0579117E+05   1.3848767E+06   1.2080442E+07   1.2080733E+07   9.7972991E+06   0.0000000E+00   0.0000000E+00   0.0000000E+00   0.0000000E+00
   2.1238478E-04   1.2079441E+07   1.2079441E+07   1.4502578E+07   1.0533554E+05   1.3780618E+06   1.2079090E+07   1.2079441E+07   9.7961844E+06   0.0000000E+00   0.0000000E+00   0.0000000E+00   0.0000000E+00
   2.2823035E-04   1.2077953E+07   1.2077953E+07   1.4266756E+07   1.0481305E+05   1.3702529E+06   1.2077533E+07   1.2077953E+07   9.7949018E+06   0.0000000E+00   0.0000000E+00   0.0000000E+00   0.0000000E+00
   2.4525812E-04   1.2076242E+07   1.2076242E+07   1.3999032E+07   1.0421454E+05   1.3613159E+06   1.2075743E+07   1.2076242E+07   9.7934270E+06   0.0000000E+00   0.0000000E+00   0.0000000E+00   0.0000000E+00
   2.6355629E-04   1.2074275E+07   1.2074275E+07   1.3695908E+07   1.0352979E+05   1.3511015E+06   1.2073684E+07   1.2074275E+07   9.7917322E+06   0.0000000E+00   0.0000000E+00   0.0000000E+00   0.0000000E+00
   2.8321965E-04   1.2072016E+07   1.2072016E+07   1.3353768E+07   1.0274750E+05   1.3394458E+06   1.2071319E+07   1.2072016E+07   9.7897862E+06   0.0000000E+00   0.0000000E+00   0.0000000E+00   0.0000000E+00
   3.0435006E-04   1.2069421E+07   1.2069421E+07   1.2968984E+07   1.0185524E+05   1.3261696E+06   1.2068604E+07   1.2069421E+07   9.7875534E+06   0.0000000E+00   0.0000000E+00   0.0000000E+00   0.0000000E+00
   3.2705695E-04   1.2066446E+07   1.2066446E+07   1.2538054E+07   1.0083946E+05   1.3110788E+06   1.2065491E+07   1.2066446E+07   9.7849942E+06   0.0000000E+00   0.0000000E+00   0.0000000E+00   0.0000000E+00
   3.5145796E-04   1.2063037E+07   1.2063037E+07   1.2057801E+07   9.9685582E+04   1.2939668E+06   1.2061923E+07   1.2063037E+07   9.7820639E+06   0.0000000E+00   0.0000000E+00   0.0000000E+00   0.0000000E+00
   3.7767948E-04   1.2059135E+07   1.2059135E+07   1.1525619E+07   9.8378088E+04   1.2746160E+06   1.2057839E+07   1.2059135E+07   9.7787130E+06   0.0000000E+00   0.0000000E+00   0.0000000E+00   0.0000000E+00
   4.0585732E-04   1.2054674E+07   1.2054674E+07   1.0939801E+07   9.6900766E+04   1.2528026E+06   1.2053171E+07   1.2054674E+07   9.7748864E+06   0.0000000E+00   0.0000000E+00   0.0000000E+00   0.0000000E+00
   4.3613746E-04   1.2049583E+07   1.2049583E+07   1.0299934E+07   9.5237029E+04   1.2283016E+06   1.2047843E+07   1.2049583E+07   9.7705236E+06   0.0000000E+00   0.0000000E+00   0.0000000E+00   0.0000000E+00
   4.6867673E-04   1.2043782E+07   1.2043782E+07   9.6073642E+06   9.3370386E+04   1.2008955E+06   1.2041771E+07   1.2043782E+07   9.7655584E+06   0.0000000E+00   0.0000000E+00   0.0000000E+00   0.0000000E+00
   5.0364368E-04   1.2037183E+07   1.2037183E+07   8.8657213E+06   9.1285070E+04   1.1703839E+06   1.2034865E+07   1.2037183E+07   9.7599189E+06   0.0000000E+00   0.0000000E+00   0.0000000E+00   0.0000000E+00
   5.4121944E-04   1.2029693E+07   1.2029693E+07   8.0814597E+06   8.8966858E+04   1.1365968E+06   1.2027026E+07   1.2029693E+07   9.7535278E+06   0.0000000E+00   0.0000000E+00   0.0000000E+00   0.0000000E+00
   5.8159865E-04   1.2021211E+07   1.2021211E+07   7.2643685E+06   8.6404076E+04   1.0994099E+06   1.2018149E+07   1.2021211E+07   9.7463030E+06   0.0000000E+00   0.0000000E+00   0.0000000E+00   0.0000000E+00
   6.2499046E-04   1.2011628E+07   1.2011628E+07   6.4279516E+06   8.3588796E+04   1.0587626E+06   1.2008121E+07   1.2011628E+07   9.7381580E+06   0.0000000E+00   0.0000000E+00   0.0000000E+00   0.0000000E+00
   6.7161964E-04   1.2000832E+07   1.2000832E+07   5.5895496E+06   8.0518178E+04   1.0146776E+06   1.1996824E+07   1.2000832E+07   9.7290029E+06   0.0000000E+00   0.0000000E+00   0.0000000E+00   0.0000000E+00
   7.2172772E-04   1.1988705E+07   1.1988705E+07   4.7700383E+06   7.7195888E+04   9.6728055E+05   1.1984137E+07   1.1988705E+07   9.7187453E+06   0.0000000E+00   0.0000000E+00   0.0000000E+00   0.0000000E+00
   7.7557426E-04   1.1975127E+07   1.1975127E+07   3.9929116E+06   7.3633460E+04   9.1681782E+05   1.1969935E+07   1.1975127E+07   9.7072918E+06   0.0000000E+00   0.0000000E+00   0.0000000E+00   0.0000000E+00
   8.3343817E-04   1.1959974E+07   1.1959974E+07   3.2825759E+06   6.9851411E+04   8.6367037E+05   1.1954089E+07   1.1959974E+07   9.6945483E+06   0.0000000E+00   0.0000000E+00   0.0000000E+00   0.0000000E+00
   8.9561918E-04   1.1943123E+07   1.1943123E+07   2.6617568E+06   6.5879877E+04   8.0835950E+05   1.1936475E+07   1.1943123E+07   9.6804214E+06   0.0000000E+00   0.0000000E+00   0.0000000E+00   0.0000000E+00
   9.6243939E-04   1.1924447E+07   1.1924447E+07   2.1481065E+06   6.1758503E+04   7.5154196E+05   1.1916964E+07   1.1924447E+07   9.6648179E+06   0.0000000E+00   0.0000000E+00   0.0000000E+00   0.0000000E+00
   1.0342449E-03   1.1903821E+07   1.1903821E+07   1.7504036E+06   5.7535325E+04   6.9399172E+05   1.1895431E+07   1.1903821E+07   9.6476444E+06   0.0000000E+00   0.0000000E+00   0.0000000E+00   0.0000000E+00
   1.1114077E-03   1.1881117E+07   1.1881117E+07   1.4651606E+06   5.3264531E+04   6.3656738E+05   1.1871751E+07   1.1881117E+07   9.6288052E+06   0.0000000E+00   0.0000000E+00   0.0000000E+00   0.0000000E+00
   1.1943274E-03   1.1856202E+07   1.1856202E+07   1.2748943E+06   4.9003169E+04   5.8016645E+05   1.1845794E+07   1.1856202E+07   9.6081993E+06   0.0000000E+00   0.0000000E+00   0.0000000E+00   0.0000000E+00
   1.2834335E-03   1.1828936E+07   1.1828936E+07   1.1495504E+06   4.4807205E+04   5.2567032E+05   1.1817428E+07   1.1828936E+07   9.5857166E+06   0.0000000E+00   0.0000000E+00   0.0000000E+00   0.0000000E+00
   1.3791877E-03   1.1799166E+07   1.1799166E+07   1.0522492E+06   4.0727695E+04   4.7388463E+05   1.1786511E+07   1.1799166E+07   9.5612344E+06   0.0000000E+00   0.0000000E+00   0.0000000E+00   0.0000000E+00
   1.4820859E-03   1.1766726E+07   1.1766726E+07   9.4923912E+05   3.6808022E+04   4.2547964E+05   1.1752890E+07   1.1766726E+07   9.5346138E+06   0.0000000E+00   0.0000000E+00   0.0000000E+00   0.0000000E+00
   1.5926612E-03   1.1731436E+07   1.1731436E+07   8.2159288E+05   3.3083003E+04   3.8093307E+05   1.1716396E+07   1.1731436E+07   9.5056993E+06   0.0000000E+00   0.0000000E+00   0.0000000E+00   0.0000000E+00
   1.7114861E-03   1.1693097E+07   1.1693097E+07   6.7342394E+05   2.9579993E+04   3.4047827E+05   1.1676847E+07   1.1693097E+07   9.4743198E+06   0.0000000E+00   0.0000000E+00   0.0000000E+00   0.0000000E+00
   1.8391764E-03   1.1651498E+07   1.1651498E+07   5.3015191E+05   2.6320899E+04   3.0406942E+05   1.1634045E+07   1.1651498E+07   9.4402920E+06   0.0000000E+00   0.0000000E+00   0.0000000E+00   0.0000000E+00
   1.9763934E-03   1.1606413E+07   1.1606413E+07   4.2340308E+05   2.3323053E+04   2.7139308E+05   1.1587776E+07   1.1606413E+07   9.4034234E+06   0.0000000E+00   0.0000000E+00   0.0000000E+00   0.0000000E+00
   2.1238478E-03   1.1557605E+07   1.1557605E+07   3.6797077E+05   2.0597161E+04   2.4196867E+05   1.1537809E+07   1.1557605E+07   9.3635129E+06   0.0000000E+00   0.0000000E+00   0.0000000E+00   0.0000000E+00
   2.2823035E-03   1.1504819E+07   1.1504819E+07   3.4703756E+05   1.8142903E+04   2.1534871E+05   1.1483889E+07   1.1504819E+07   9.3203482E+06   0.0000000E+00   0.0000000E+00   0.0000000E+00   0.0000000E+00
   2.4525812E-03   1.1447781E+07   1.1447781E+07   3.2322294E+05   1.5946226E+04   1.9132731E+05   1.1425741E+07   1.1447781E+07   9.2737021E+06   0.0000000E+00   0.0000000E+00   0.0000000E+00   0.0000000E+00
   2.6355629E-03   1.1386201E+07   1.1386201E+07   2.7347230E+05   1.3983321E+04   1.6995378E+05   1.1363069E+07   1.1386201E+07   9.2233339E+06   0.0000000E+00   0.0000000E+00   0.0000000E+00   0.0000000E+00
   2.8321965E-03   1.1319783E+07   1.1319783E+07   2.1390543E+05   1.2230892E+04   1.5122950E+05   1.1295567E+07   1.1319783E+07   9.1689955E+06   0.0000000E+00   0.0000000E+00   0.0000000E+00   0.0000000E+00
   3.0435006E-03   1.1248226E+07   1.1248226E+07   1.7735200E+05   1.0673631E+04   1.3476273E+05   1.1222931E+07   1.1248226E+07   9.1104404E+06   0.0000000E+00   0.0000000E+00   0.0000000E+00   0.0000000E+00
   3.2705695E-03   1.1171227E+07   1.1171227E+07   1.6392088E+05   9.2998061E+03   1.1994672E+05   1.1144857E+07   1.1171227E+07   9.0474241E+06   0.0000000E+00   0.0000000E+00   0.0000000E+00   0.0000000E+00
   3.5145796E-03   1.1088472E+07   1.1088472E+07   1.4221026E+05   8.0915027E+03   1.0660060E+05   1.1061035E+07   1.1088472E+07   8.9796985E+06   0.0000000E+00   0.0000000E+00   0.0000000E+00   0.0000000E+00
   3.7767948E-03   1.0999639E+07   1.0999639E+07   1.1018744E+05   7.0269688E+03   9.4947789E+04   1.0971152E+07   1.0999639E+07   8.9070119E+06   0.0000000E+00   0.0000000E+00   0.0000000E+00   0.0000000E+00
   4.0585732E-03   1.0904412E+07   1.0904412E+07   9.7197654E+04   6.0919313E+03   8.4706826E+04   1.0874898E+07   1.0904412E+07   8.8291162E+06   0.0000000E+00   0.0000000E+00   0.0000000E+00   0.0000000E+00
   4.3613746E-03   1.0802476E+07   1.0802476E+07   9.1681967E+04   5.2759768E+03   7.5303909E+04   1.0771971E+07   1.0802476E+07   8.7457695E+06   0.0000000E+00   0.0000000E+00   0.0000000E+00   0.0000000E+00
   4.6867673E-03   1.0693518E+07   1.0693518E+07   7.0772209E+04   4.5625163E+03   6.7008867E+04   1.0662075E+07   1.0693518E+07   8.6567344E+06   0.0000000E+00   0.0000000E+00   0.0000000E+00   0.0000000E+00
   5.0364368E-03   1.0577238E+07   1.0577238E+07   6.0929430E+04   3.9385895E+03   5.9841257E+04   1.0544927E+07   1.0577238E+07   8.5617854E+06   0.0000000E+00   0.0000000E+00   0.0000000E+00   0.0000000E+00
   5.4121944E-03   1.0453353E+07   1.0453353E+07   5.4539767E+04   3.3967164E+03   5.3225914E+04   1.0420254E+07   1.0453353E+07   8.4607018E+06   0.0000000E+00   0.0000000E+00   0.0000000E+00   0.0000000E+00
   5.8159865E-03   1.0321586E+07   1.0321586E+07   4.3003907E+04   2.9250374E+03   4.7504214E+04   1.0287765E+07   1.0321586E+07   8.3532516E+06   0.0000000E+00   0.0000000E+00   0.0000000E+00   0.0000000E+00
   6.2499046E-03   1.0181665E+07   1.0181665E+07   4.0758814E+04   2.5160378E+03   4.2235449E+04   1.0147177E+07   1.0181665E+07   8.2392067E+06   0.0000000E+00   0.0000000E+00   0.0000000E+00   0.0000000E+00
   6.7161964E-03   1.0033314E+07   1.0033314E+07   3.0619801E+04   2.1607148E+03   3.7600399E+04   9.9982316E+06   1.0033314E+07   8.1183588E+06   0.0000000E+00   0.0000000E+00   0.0000000E+00   0.0000000E+00
   7.2172772E-03   9.8762658E+06   9.8762658E+06   2.9044453E+04   1.8528222E+03   3.3419930E+04   9.8406972E+06   9.8762658E+06   7.9905228E+06   0.0000000E+00   0.0000000E+00   0.0000000E+00   0.0000000E+00
   7.7557426E-03   9.7102808E+06   9.7102808E+06   2.2877499E+04   1.5865556E+03   2.9750536E+04   9.6743321E+06   9.7102808E+06   7.8555039E+06   0.0000000E+00   0.0000000E+00   0.0000000E+00   0.0000000E+00
   8.3343817E-03   9.5351320E+06   9.5351320E+06   1.9835508E+04   1.3567579E+03   2.6341166E+04   9.4988899E+06   9.5351320E+06   7.7131034E+06   0.0000000E+00   0.0000000E+00   0.0000000E+00   0.0000000E+00
   8.9561918E-03   9.3505911E+06   9.3505911E+06   1.7662345E+04   1.1580180E+03   2.3400923E+04   9.3141547E+06   9.3505911E+06   7.5631475E+06   0.0000000E+00   0.0000000E+00   0.0000000E+00   0.0000000E+00
   9.6243939E-03   9.1564365E+06   9.1564365E+06   1.3820264E+04   9.8684350E+02   2.0718237E+04   9.1199194E+06   9.1564365E+06   7.4054692E+06   0.0000000E+00   0.0000000E+00   0.0000000E+00   0.0000000E+00
   1.0342449E-02   8.9524678E+06   8.9524678E+06   1.1558745E+04   8.3953153E+02   1.8278726E+04   8.9159783E+06   8.9524678E+06   7.2399024E+06   0.0000000E+00   0.0000000E+00   0.0000000E+00   0.0000000E+00
   1.1114077E-02   8.7385028E+06   8.7385028E+06   1.0346049E+04   7.1282822E+02   1.6104167E+04   8.7021486E+06   8.7385028E+06   7.0662998E+06   0.0000000E+00   0.0000000E+00   0.0000000E+00   0.0000000E+00
   1.1943274E-02   8.5143730E+06   8.5143730E+06   8.8878904E+03   6.0397059E+02   1.4183721E+04   8.4782716E+06   8.5143730E+06   6.8845331E+06   0.0000000E+00   0.0000000E+00   0.0000000E+00   0.0000000E+00
   1.2834335E-02   8.2799490E+06   8.2799490E+06   7.5514619E+03   5.1068967E+02   1.2455656E+04   8.2442140E+06   8.2799490E+06   6.6944950E+06   0.0000000E+00   0.0000000E+00   0.0000000E+00   0.0000000E+00
   1.3791877E-02   8.0351421E+06   8.0351421E+06   6.2992899E+03   4.3078389E+02   1.0903385E+04   7.9998833E+06   8.0351421E+06   6.4961108E+06   0.0000000E+00   0.0000000E+00   0.0000000E+00   0.0000000E+00
   1.4820859E-02   7.7799229E+06   7.7799229E+06   5.1849771E+03   3.6251674E+02   9.5119252E+03   7.7452584E+06   7.7799229E+06   6.2893640E+06   0.0000000E+00   0.0000000E+00   0.0000000E+00   0.0000000E+00
   1.5926612E-02   7.5143556E+06   7.5143556E+06   4.1735019E+03   3.0423772E+02   8.2754750E+03   7.4803940E+06   7.5143556E+06   6.0742996E+06   0.0000000E+00   0.0000000E+00   0.0000000E+00   0.0000000E+00
   1.7114861E-02   7.2386193E+06   7.2386193E+06   3.3974255E+03   2.5460468E+02   7.1900500E+03   7.2054713E+06   7.2386193E+06   5.8510649E+06   0.0000000E+00   0.0000000E+00   0.0000000E+00   0.0000000E+00
   1.8391764E-02   6.9530601E+06   6.9530601E+06   2.9987729E+03   2.1241904E+02   6.2116744E+03   6.9208305E+06   6.9530601E+06   5.6199366E+06   0.0000000E+00   0.0000000E+00   0.0000000E+00   0.0000000E+00
   1.9763933E-02   6.6582373E+06   6.6582373E+06   2.3835850E+03   1.7665842E+02   5.3340092E+03   6.6270272E+06   6.6582373E+06   5.3813663E+06   0.0000000E+00   0.0000000E+00   0.0000000E+00   0.0000000E+00
   2.1238476E-02   6.3549883E+06   6.3549883E+06   2.0441608E+03   1.4639786E+02   4.5799141E+03   6.3248920E+06   6.3549883E+06   5.1360285E+06   0.0000000E+00   0.0000000E+00   0.0000000E+00   0.0000000E+00
   2.2823022E-02   6.0444978E+06   6.0444978E+06   1.5910628E+03   1.2088332E+02   3.9035283E+03   6.0156001E+06   6.0444978E+06   4.8848779E+06   0.0000000E+00   0.0000000E+00   0.0000000E+00   0.0000000E+00
   2.4525742E-02   5.7283744E+06   5.7283744E+06   1.3260919E+03   9.9440802E+01   3.3080081E+03   5.7007497E+06   5.7283744E+06   4.6292125E+06   0.0000000E+00   0.0000000E+00   0.0000000E+00   0.0000000E+00
   2.6355299E-02   5.4087330E+06   5.4087330E+06   1.0940449E+03   8.1487117E+01   2.7942313E+03   5.3824427E+06   5.4087330E+06   4.3707392E+06   0.0000000E+00   0.0000000E+00   0.0000000E+00   0.0000000E+00
   2.8320612E-02   5.0882847E+06   5.0882847E+06   8.7264906E+02   6.6523246E+01   2.3507206E+03   5.0633728E+06   5.0882847E+06   4.1116456E+06   0.0000000E+00   0.0000000E+00   0.0000000E+00   0.0000000E+00
   3.0430127E-02   4.7704403E+06   4.7704403E+06   7.1090975E+02   5.4120904E+01   1.9728002E+03   4.7469307E+06   4.7704403E+06   3.8546851E+06   0.0000000E+00   0.0000000E+00   0.0000000E+00   0.0000000E+00
   3.2690112E-02   4.4594214E+06   4.4594214E+06   6.0915095E+02   4.3915154E+01   1.6419541E+03   4.4373133E+06   4.4594214E+06   3.6032660E+06   0.0000000E+00   0.0000000E+00   0.0000000E+00   0.0000000E+00
   3.5101430E-02   4.1603146E+06   4.1603146E+06   4.6425012E+02   3.5589107E+01   1.3693181E+03   4.1395781E+06   4.1603146E+06   3.3614952E+06   0.0000000E+00   0.0000000E+00   0.0000000E+00   0.0000000E+00
   3.7654871E-02   3.8788886E+06   3.8788886E+06   3.7459797E+02   2.8874569E+01   1.1355336E+03   3.8594615E+06   3.8788886E+06   3.1340311E+06   0.0000000E+00   0.0000000E+00   0.0000000E+00   0.0000000E+00
   4.0327021E-02   3.6209064E+06   3.6209064E+06   3.1595978E+02   2.3528796E+01   9.4677497E+02   3.6026939E+06   3.6209064E+06   2.9255268E+06   0.0000000E+00   0.0000000E+00   0.0000000E+00   0.0000000E+00
   4.3080771E-02   3.3908526E+06   3.3908526E+06   2.6325061E+02   1.9327109E+01   7.9513978E+02   3.3737335E+06   3.3908526E+06   2.7396028E+06   0.0000000E+00   0.0000000E+00   0.0000000E+00   0.0000000E+00
   4.5873325E-02   3.1905931E+06   3.1905931E+06   2.1938191E+02   1.6052643E+01   6.7392912E+02   3.1744328E+06   3.1905931E+06   2.5777634E+06   0.0000000E+00   0.0000000E+00   0.0000000E+00   0.0000000E+00
   4.8668145E-02   3.0188842E+06   3.0188842E+06   1.8473202E+02   1.3503588E+01   5.7753717E+02   3.0035509E+06   3.0188842E+06   2.4390011E+06   0.0000000E+00   0.0000000E+00   0.0000000E+00   0.0000000E+00
   5.1442862E-02   2.8720703E+06   2.8720703E+06   1.5754308E+02   1.1504879E+01   5.0062087E+02   2.8574476E+06   2.8720703E+06   2.3203599E+06   0.0000000E+00   0.0000000E+00   0.0000000E+00   0.0000000E+00
   5.4189622E-02   2.7453475E+06   2.7453475E+06   1.3545062E+02   9.9153021E+00   4.3849921E+02   2.7313411E+06   2.7453475E+06   2.2179567E+06   0.0000000E+00   0.0000000E+00   0.0000000E+00   0.0000000E+00
   5.6910862E-02   2.6338221E+06   2.6338221E+06   1.1641535E+02   8.6279230E+00   3.8734832E+02   2.6203603E+06   2.6338221E+06   2.1278361E+06   0.0000000E+00   0.0000000E+00   0.0000000E+00   0.0000000E+00
   5.9614617E-02   2.5330943E+06   2.5330943E+06   9.9661213E+01   7.5649501E+00   3.4415067E+02   2.5201267E+06   2.5330943E+06   2.0464427E+06   0.0000000E+00   0.0000000E+00   0.0000000E+00   0.0000000E+00
   6.2311212E-02   2.4394803E+06   2.4394803E+06   8.5844264E+01   6.6705919E+00   3.0677619E+02   2.4269742E+06   2.4394803E+06   1.9707994E+06   0.0000000E+00   0.0000000E+00   0.0000000E+00   0.0000000E+00
   6.5011412E-02   2.3500483E+06   2.3500483E+06   7.5589466E+01   5.9051869E+00   2.7399659E+02   2.3379854E+06   2.3500483E+06   1.8985370E+06   0.0000000E+00   0.0000000E+00   0.0000000E+00   0.0000000E+00
   6.7725554E-02   2.2625874E+06   2.2625874E+06   6.7961793E+01   5.2405052E+00   2.4521058E+02   2.2509601E+06   2.2625874E+06   1.8278692E+06   0.0000000E+00   0.0000000E+00   0.0000000E+00   0.0000000E+00
   7.0463222E-02   2.1755605E+06   2.1755605E+06   6.1461895E+01   4.6564317E+00   2.1982738E+02   2.1643688E+06   2.1755605E+06   1.7575537E+06   0.0000000E+00   0.0000000E+00   0.0000000E+00   0.0000000E+00
   7.3233196E-02   2.0880581E+06   2.0880581E+06   5.5263947E+01   4.1387847E+00   1.9715083E+02   2.0773063E+06   2.0880581E+06   1.6868556E+06   0.0000000E+00   0.0000000E+00   0.0000000E+00   0.0000000E+00
   7.6043512E-02   1.9997520E+06   1.9997520E+06   4.9155493E+01   3.6774439E+00   1.7664215E+02   1.9894459E+06   1.9997520E+06   1.6155095E+06   0.0000000E+00   0.0000000E+00   0.0000000E+00   0.0000000E+00
   7.8901568E-02   1.9108414E+06   1.9108414E+06   4.3112262E+01   3.2651055E+00   1.5805738E+02   1.9009856E+06   1.9108414E+06   1.5436762E+06   0.0000000E+00   0.0000000E+00   0.0000000E+00   0.0000000E+00
   8.1814235E-02   1.8219849E+06   1.8219849E+06   3.7255906E+01   2.8965458E+00   1.4141725E+02   1.8125804E+06   1.8219849E+06   1.4718878E+06   0.0000000E+00   0.0000000E+00   0.0000000E+00   0.0000000E+00
   8.4787958E-02   1.7342110E+06   1.7342110E+06   3.2515792E+01   2.5679038E+00   1.2675919E+02   1.7252533E+06   1.7342110E+06   1.4009747E+06   0.0000000E+00   0.0000000E+00   0.0000000E+00   0.0000000E+00
   8.7828852E-02   1.6488028E+06   1.6488028E+06   3.0103536E+01   2.2760665E+00   1.1347778E+02   1.6402808E+06   1.6488028E+06   1.3319737E+06   0.0000000E+00   0.0000000E+00   0.0000000E+00   0.0000000E+00
   9.0942773E-02   1.5671588E+06   1.5671588E+06   2.7237837E+01   2.0183931E+00   1.0077895E+02   1.5590539E+06   1.5671588E+06   1.2660142E+06   0.0000000E+00   0.0000000E+00   0.0000000E+00   0.0000000E+00
   9.4135383E-02   1.4906325E+06   1.4906325E+06   2.2903419E+01   1.7923184E+00   9.0270923E+01   1.4829190E+06   1.4906325E+06   1.2041897E+06   0.0000000E+00   0.0000000E+00   0.0000000E+00   0.0000000E+00
   9.7412205E-02   1.4203635E+06   1.4203635E+06   2.1489526E+01   1.5952217E+00   8.0917306E+01   1.4130098E+06   1.4203635E+06   1.1474207E+06   0.0000000E+00   0.0000000E+00   0.0000000E+00   0.0000000E+00
   1.0077866E-01   1.3571134E+06   1.3571134E+06   1.8149178E+01   1.4243040E+00   7.2647615E+01   1.3500837E+06   1.3571134E+06   1.0963222E+06   0.0000000E+00   0.0000000E+00   0.0000000E+00   0.0000000E+00
   1.0424012E-01   1.3011287E+06   1.3011287E+06   1.7095935E+01   1.2765025E+00   6.5299680E+01   1.2943859E+06   1.3011287E+06   1.0510933E+06   0.0000000E+00   0.0000000E+00   0.0000000E+00   0.0000000E+00
   1.0780189E-01   1.2520529E+06   1.2520529E+06   1.5599746E+01   1.1485769E+00   5.9390695E+01   1.2455615E+06   1.2520529E+06   1.0114460E+06   0.0000000E+00   0.0000000E+00   0.0000000E+00   0.0000000E+00
   1.1146931E-01   1.2089105E+06   1.2089105E+06   1.3925454E+01   1.0372310E+00   5.4050724E+01   1.2026403E+06   1.2089105E+06   9.7659221E+05   0.0000000E+00   0.0000000E+00   0.0000000E+00   0.0000000E+00
   1.1524768E-01   1.1701802E+06   1.1701802E+06   1.2661446E+01   9.3922391E-01   4.9192648E+01   1.1641085E+06   1.1701802E+06   9.4530290E+05   0.0000000E+00   0.0000000E+00   0.0000000E+00   0.0000000E+00
   1.1914235E-01   1.1339637E+06   1.1339637E+06   1.1513303E+01   8.5159628E-01   4.4676655E+01   1.1280778E+06   1.1339637E+06   9.1604453E+05   0.0000000E+00   0.0000000E+00   0.0000000E+00   0.0000000E+00
   1.2315870E-01   1.0982417E+06   1.0982417E+06   9.9461829E+00   7.7184211E-01   4.0651644E+01   1.0925393E+06   1.0982417E+06   8.8718584E+05   0.0000000E+00   0.0000000E+00   0.0000000E+00   0.0000000E+00
   1.2730215E-01   1.0611880E+06   1.0611880E+06   9.2344002E+00   6.9805878E-01   3.7199701E+01   1.0556762E+06   1.0611880E+06   8.5725152E+05   0.0000000E+00   0.0000000E+00   0.0000000E+00   0.0000000E+00
   1.3157816E-01   1.0214928E+06   1.0214928E+06   8.1171974E+00   6.2903264E-01   3.3484284E+01   1.0161856E+06   1.0214928E+06   8.2518356E+05   0.0000000E+00   0.0000000E+00   0.0000000E+00   0.0000000E+00
   1.3599227E-01   9.7863151E+05   9.7863151E+05   7.5597005E+00   5.6422683E-01   3.0241111E+01   9.7354550E+05   9.7863151E+05   7.9055813E+05   0.0000000E+00   0.0000000E+00   0.0000000E+00   0.0000000E+00
   1.4055006E-01   9.3300846E+05   9.3300846E+05   6.6746222E+00   5.0369331E-01   2.7233059E+01   9.2815826E+05   9.3300846E+05   7.5370187E+05   0.0000000E+00   0.0000000E+00   0.0000000E+00   0.0000000E+00
   1.4525719E-01   8.8591872E+05   8.8591872E+05   5.9251888E+00   4.4787420E-01   2.4341068E+01   8.8131214E+05   8.8591872E+05   7.1566095E+05   0.0000000E+00   0.0000000E+00   0.0000000E+00   0.0000000E+00
   1.5011939E-01   8.3930094E+05   8.3930094E+05   5.3505315E+00   3.9735622E-01   2.1611471E+01   8.3493571E+05   8.3930094E+05   6.7800143E+05   0.0000000E+00   0.0000000E+00   0.0000000E+00   0.0000000E+00
   1.5514247E-01   7.9530449E+05   7.9530449E+05   4.5467571E+00   3.5260969E-01   1.9190672E+01   7.9116716E+05   7.9530449E+05   6.4245961E+05   0.0000000E+00   0.0000000E+00   0.0000000E+00   0.0000000E+00
   1.6033231E-01   7.5575277E+05   7.5575277E+05   4.1988365E+00   3.1377367E-01   1.7239651E+01   7.5182035E+05   7.5575277E+05   6.1050842E+05   0.0000000E+00   0.0000000E+00   0.0000000E+00   0.0000000E+00
   1.6569491E-01   7.2163588E+05   7.2163588E+05   3.6263905E+00   2.8054552E-01   1.5497660E+01   7.1788023E+05   7.2163588E+05   5.8294768E+05   0.0000000E+00   0.0000000E+00   0.0000000E+00   0.0000000E+00
   1.7123636E-01   6.9278970E+05   6.9278970E+05   3.2457329E+00   2.5217522E-01   1.3967032E+01   6.8918349E+05   6.9278970E+05   5.5964478E+05   0.0000000E+00   0.0000000E+00   0.0000000E+00   0.0000000E+00
   1.7696285E-01   6.6789340E+05   6.6789340E+05   2.9428049E+00   2.2761799E-01   1.2662079E+01   6.6441616E+05   6.6789340E+05   5.3953271E+05   0.0000000E+00   0.0000000E+00   0.0000000E+00   0.0000000E+00
   1.8288073E-01   6.4483739E+05   6.4483739E+05   2.7316606E+00   2.0575177E-01   1.1505468E+01   6.4147963E+05   6.4483739E+05   5.2090732E+05   0.0000000E+00   0.0000000E+00   0.0000000E+00   0.0000000E+00
   1.8899646E-01   6.2138952E+05   6.2138952E+05   2.3987265E+00   1.8563887E-01   1.0361503E+01   6.1815335E+05   6.2138952E+05   5.0196544E+05   0.0000000E+00   0.0000000E+00   0.0000000E+00   0.0000000E+00
   1.9531670E-01   5.9595710E+05   5.9595710E+05   2.2110679E+00   1.6670974E-01   9.3388451E+00   5.9285291E+05   5.9595710E+05   4.8142047E+05   0.0000000E+00   0.0000000E+00   0.0000000E+00   0.0000000E+00
   2.0184830E-01   5.6816195E+05   5.6816195E+05   1.9740147E+00   1.4882976E-01   8.3682183E+00   5.6520212E+05   5.6816195E+05   4.5896692E+05   0.0000000E+00   0.0000000E+00   0.0000000E+00   0.0000000E+00
   2.0859833E-01   5.3896964E+05   5.3896964E+05   1.7153052E+00   1.3221301E-01   7.4589494E+00   5.3616152E+05   5.3896964E+05   4.3538478E+05   0.0000000E+00   0.0000000E+00   0.0000000E+00   0.0000000E+00
   2.1557412E-01   5.1026412E+05   5.1026412E+05   1.5322793E+00   1.1721907E-01   6.6699952E+00   5.0760522E+05   5.1026412E+05   4.1219592E+05   0.0000000E+00   0.0000000E+00   0.0000000E+00   0.0000000E+00
   2.2278331E-01   4.8399948E+05   4.8399948E+05   1.3510305E+00   1.0411730E-01   5.9102755E+00   4.8147715E+05   4.8399948E+05   3.9097887E+05   0.0000000E+00   0.0000000E+00   0.0000000E+00   0.0000000E+00
   2.3023392E-01   4.6129063E+05   4.6129063E+05   1.2120990E+00   9.2916100E-02   5.2908994E+00   4.5888638E+05   4.6129063E+05   3.7263426E+05   0.0000000E+00   0.0000000E+00   0.0000000E+00   0.0000000E+00
   2.3793434E-01   4.4189273E+05   4.4189273E+05   1.0766932E+00   8.3337976E-02   4.7776945E+00   4.3958934E+05   4.4189273E+05   3.5696428E+05   0.0000000E+00   0.0000000E+00   0.0000000E+00   0.0000000E+00
   2.4589346E-01   4.2437458E+05   4.2437458E+05   9.9183076E-01   7.4932404E-02   4.3033122E+00   4.2216229E+05   4.2437458E+05   3.4281282E+05   0.0000000E+00   0.0000000E+00   0.0000000E+00   0.0000000E+00
   2.5412073E-01   4.0693810E+05   4.0693810E+05   8.8227640E-01   6.7274482E-02   3.8862777E+00   4.0481651E+05   4.0693810E+05   3.2872734E+05   0.0000000E+00   0.0000000E+00   0.0000000E+00   0.0000000E+00
   2.6262623E-01   3.8844341E+05   3.8844341E+05   7.8844136E-01   6.0126890E-02   3.4852075E+00   3.8641806E+05   3.8844341E+05   3.1378706E+05   0.0000000E+00   0.0000000E+00   0.0000000E+00   0.0000000E+00
   2.7142078E-01   3.6902027E+05   3.6902027E+05   7.0345223E-01   5.3483185E-02   3.0961391E+00   3.6709604E+05   3.6902027E+05   2.9809681E+05   0.0000000E+00   0.0000000E+00   0.0000000E+00   0.0000000E+00
   2.8051606E-01   3.4985528E+05   3.4985528E+05   6.2563326E-01   4.7474907E-02   2.7638362E+00   3.4803084E+05   3.4985528E+05   2.8261509E+05   0.0000000E+00   0.0000000E+00   0.0000000E+00   0.0000000E+00
   2.8992473E-01   3.3227808E+05   3.3227808E+05   5.5559439E-01   4.2212852E-02   2.4619623E+00   3.3054519E+05   3.3227808E+05   2.6841603E+05   0.0000000E+00   0.0000000E+00   0.0000000E+00   0.0000000E+00
   2.9966057E-01   3.1679080E+05   3.1679080E+05   4.9320866E-01   3.7672957E-02   2.1972526E+00   3.1513856E+05   3.1679080E+05   2.5590523E+05   0.0000000E+00   0.0000000E+00   0.0000000E+00   0.0000000E+00
   3.0973869E-01   3.0277247E+05   3.0277247E+05   4.4373966E-01   3.3699907E-02   1.9750275E+00   3.0119324E+05   3.0277247E+05   2.4458107E+05   0.0000000E+00   0.0000000E+00   0.0000000E+00   0.0000000E+00
   3.2017571E-01   2.8908833E+05   2.8908833E+05   3.9536117E-01   3.0112698E-02   1.7669346E+00   2.8758039E+05   2.8908833E+05   2.3352688E+05   0.0000000E+00   0.0000000E+00   0.0000000E+00   0.0000000E+00
   3.3098999E-01   2.7507640E+05   2.7507640E+05   3.5025729E-01   2.6812263E-02   1.5804796E+00   2.7364146E+05   2.7507640E+05   2.2220792E+05   0.0000000E+00   0.0000000E+00   0.0000000E+00   0.0000000E+00
   3.4220194E-01   2.6102846E+05   2.6102846E+05   3.0992563E-01   2.3804312E-02   1.4065573E+00   2.5966673E+05   2.6102846E+05   2.1085987E+05   0.0000000E+00   0.0000000E+00   0.0000000E+00   0.0000000E+00
   3.5383433E-01   2.4773903E+05   2.4773903E+05   2.7747699E-01   2.1132206E-02   1.2467866E+00   2.4644656E+05   2.4773903E+05   2.0012456E+05   0.0000000E+00   0.0000000E+00   0.0000000E+00   0.0000000E+00
   3.6591273E-01   2.3561648E+05   2.3561648E+05   2.4642777E-01   1.8793174E-02   1.1164908E+00   2.3438720E+05   2.3561648E+05   1.9033188E+05   0.0000000E+00   0.0000000E+00   0.0000000E+00   0.0000000E+00
   3.7846593E-01   2.2430853E+05   2.2430853E+05   2.1894931E-01   1.6723851E-02   9.9432516E-01   2.2313820E+05   2.2430853E+05   1.8119723E+05   0.0000000E+00   0.0000000E+00   0.0000000E+00   0.0000000E+00
   3.9152658E-01   2.1321199E+05   2.1321199E+05   1.9462837E-01   1.4854027E-02   8.8270579E-01   2.1209950E+05   2.1321199E+05   1.7223336E+05   0.0000000E+00   0.0000000E+00   0.0000000E+00   0.0000000E+00
   4.0513192E-01   2.0219362E+05   2.0219362E+05   1.7196263E-01   1.3156520E-02   7.8530105E-01   2.0113858E+05   2.0219362E+05   1.6333265E+05   0.0000000E+00   0.0000000E+00   0.0000000E+00   0.0000000E+00
   4.1932458E-01   1.9161460E+05   1.9161460E+05   1.5215797E-01   1.1638589E-02   6.9622854E-01   1.9061472E+05   1.9161460E+05   1.5478685E+05   0.0000000E+00   0.0000000E+00   0.0000000E+00   0.0000000E+00
   4.3415380E-01   1.8171067E+05   1.8171067E+05   1.3444764E-01   1.0295995E-02   6.1674951E-01   1.8076244E+05   1.8171067E+05   1.4678641E+05   0.0000000E+00   0.0000000E+00   0.0000000E+00   0.0000000E+00
   4.4967669E-01   1.7226971E+05   1.7226971E+05   1.1904359E-01   9.0988369E-03   5.4655545E-01   1.7137072E+05   1.7226971E+05   1.3915994E+05   0.0000000E+00   0.0000000E+00   0.0000000E+00   0.0000000E+00
   4.6596003E-01   1.6303257E+05   1.6303257E+05   1.0475889E-01   8.0197257E-03   4.8226495E-01   1.6218175E+05   1.6303257E+05   1.3169813E+05   0.0000000E+00   0.0000000E+00   0.0000000E+00   0.0000000E+00
   4.8308245E-01   1.5407229E+05   1.5407229E+05   9.2203506E-02   7.0513858E-03   4.2545122E-01   1.5326821E+05   1.5407229E+05   1.2445998E+05   0.0000000E+00   0.0000000E+00   0.0000000E+00   0.0000000E+00
   5.0113721E-01   1.4553077E+05   1.4553077E+05   8.0968926E-02   6.1891979E-03   3.7439027E-01   1.4477125E+05   1.4553077E+05   1.1756010E+05   0.0000000E+00   0.0000000E+00   0.0000000E+00   0.0000000E+00
   5.2023585E-01   1.3730935E+05   1.3730935E+05   7.0822037E-02   5.4187498E-03   3.2756431E-01   1.3659272E+05   1.3730935E+05   1.1091880E+05   0.0000000E+00   0.0000000E+00   0.0000000E+00   0.0000000E+00
   5.4051275E-01   1.2929897E+05   1.2929897E+05   6.1817211E-02   4.7270309E-03   2.8566069E-01   1.2862412E+05   1.2929897E+05   1.0444798E+05   0.0000000E+00   0.0000000E+00   0.0000000E+00   0.0000000E+00
   5.6213119E-01   1.2155358E+05   1.2155358E+05   5.3723506E-02   4.1086430E-03   2.4950926E-01   1.2091914E+05   1.2155358E+05   9.8191225E+04   0.0000000E+00   0.0000000E+00   0.0000000E+00   0.0000000E+00
   5.8529100E-01   1.1406257E+05   1.1406257E+05   4.6483253E-02   3.5564008E-03   2.1613926E-01   1.1346722E+05   1.1406257E+05   9.2139964E+04   0.0000000E+00   0.0000000E+00   0.0000000E+00   0.0000000E+00
   6.1023833E-01   1.0675736E+05   1.0675736E+05   4.0026894E-02   3.0620414E-03   1.8690325E-01   1.0620013E+05   1.0675736E+05   8.6238793E+04   0.0000000E+00   0.0000000E+00   0.0000000E+00   0.0000000E+00
   6.3727776E-01   9.9646615E+04   9.9646615E+04   3.4258731E-02   2.6207319E-03   1.6023340E-01   9.9126484E+04   9.9646615E+04   8.0494709E+04   0.0000000E+00   0.0000000E+00   0.0000000E+00   0.0000000E+00
   6.6678655E-01   9.2705104E+04   9.2705104E+04   2.9109342E-02   2.2271646E-03   1.3597210E-01   9.2221197E+04   9.2705104E+04   7.4887337E+04   0.0000000E+00   0.0000000E+00   0.0000000E+00   0.0000000E+00
   6.9922968E-01   8.5912590E+04   8.5912590E+04   2.4532943E-02   1.8769122E-03   1.1470210E-01   8.5464129E+04   8.5912590E+04   6.9400326E+04   0.0000000E+00   0.0000000E+00   0.0000000E+00   0.0000000E+00
   7.3517189E-01   7.9263444E+04   7.9263444E+04   2.0473585E-02   1.5664694E-03   9.6133753E-02   7.8849684E+04   7.9263444E+04   6.4029129E+04   0.0000000E+00   0.0000000E+00   0.0000000E+00   0.0000000E+00
   7.7527838E-01   7.2754201E+04   7.2754201E+04   1.6898160E-02   1.2929259E-03   7.9439729E-02   7.2374413E+04   7.2754201E+04   5.8770947E+04   0.0000000E+00   0.0000000E+00   0.0000000E+00   0.0000000E+00
   8.2028995E-01   6.6399087E+04   6.6399087E+04   1.3775642E-02   1.0540518E-03   6.4929741E-02   6.6052467E+04   6.6399087E+04   5.3637272E+04   0.0000000E+00   0.0000000E+00   0.0000000E+00   0.0000000E+00
   8.7095561E-01   6.0232617E+04   6.0232617E+04   1.1084383E-02   8.4815887E-04   5.2290042E-02   5.9918182E+04   6.0232617E+04   4.8655985E+04   0.0000000E+00   0.0000000E+00   0.0000000E+00   0.0000000E+00
   9.2791893E-01   5.4311882E+04   5.4311882E+04   8.8051175E-03   6.7377710E-04   4.1585354E-02   5.4028351E+04   5.4311882E+04   4.3873204E+04   0.0000000E+00   0.0000000E+00   0.0000000E+00   0.0000000E+00
   9.9159599E-01   4.8710438E+04   4.8710438E+04   6.9153976E-03   5.2917164E-04   3.2758026E-02   4.8456145E+04   4.8710438E+04   3.9348347E+04   0.0000000E+00   0.0000000E+00   0.0000000E+00   0.0000000E+00
   1.0621279E+00   4.3498711E+04   4.3498711E+04   5.3874076E-03   4.1188124E-04   2.5466612E-02   4.3271624E+04   4.3498711E+04   3.5138307E+04   0.0000000E+00   0.0000000E+00   0.0000000E+00   0.0000000E+00
   1.1394674E+00   3.8724623E+04   3.8724623E+04   4.1638441E-03   3.1859121E-04   1.9867200E-02   3.8522457E+04   3.8724623E+04   3.1281791E+04   0.0000000E+00   0.0000000E+00   0.0000000E+00   0.0000000E+00
   1.2235503E+00   3.4405866E+04   3.4405866E+04   3.2080532E-03   2.4549633E-04   1.5269008E-02   3.4226244E+04   3.4405866E+04   2.7793093E+04   0.0000000E+00   0.0000000E+00   0.0000000E+00   0.0000000E+00
   1.3144344E+00   3.0531393E+04   3.0531393E+04   2.4665934E-03   1.8876819E-04   1.1740517E-02   3.0371997E+04   3.0531393E+04   2.4663289E+04   0.0000000E+00   0.0000000E+00   0.0000000E+00   0.0000000E+00
   1.4123478E+00   2.7071290E+04   2.7071290E+04   1.8942591E-03   1.4497377E-04   9.0462836E-03   2.6929958E+04   2.7071290E+04   2.1868214E+04   0.0000000E+00   0.0000000E+00   0.0000000E+00   0.0000000E+00
   1.5176684E+00   2.3989568E+04   2.3989568E+04   1.4536868E-03   1.1125954E-04   6.9488431E-03   2.3864324E+04   2.3989568E+04   1.9378795E+04   0.0000000E+00   0.0000000E+00   0.0000000E+00   0.0000000E+00
   1.6308833E+00   2.1248356E+04   2.1248356E+04   1.1149768E-03   8.5340118E-05   5.3591939E-03   2.1137422E+04   2.1248356E+04   1.7164441E+04   0.0000000E+00   0.0000000E+00   0.0000000E+00   0.0000000E+00
   1.7525561E+00   1.8812111E+04   1.8812111E+04   8.5451088E-04   6.5429369E-05   4.0980652E-03   1.8713895E+04   1.8812111E+04   1.5196439E+04   0.0000000E+00   0.0000000E+00   0.0000000E+00   0.0000000E+00
   1.8833096E+00   1.6648257E+04   1.6648257E+04   6.5518383E-04   5.0143136E-05   3.1411148E-03   1.6561339E+04   1.6648257E+04   1.3448476E+04   0.0000000E+00   0.0000000E+00   0.0000000E+00   0.0000000E+00
   2.0238191E+00   1.4727396E+04   1.4727396E+04   5.0188079E-04   3.8412741E-05   2.4057989E-03   1.4650505E+04   1.4727396E+04   1.1896802E+04   0.0000000E+00   0.0000000E+00   0.0000000E+00   0.0000000E+00
   2.1748118E+00   1.3023073E+04   1.3023073E+04   3.8441329E-04   2.9415063E-05   1.8733743E-03   1.2955080E+04   1.3023073E+04   1.0520049E+04   0.0000000E+00   0.0000000E+00   0.0000000E+00   0.0000000E+00
   2.3370698E+00   1.1511668E+04   1.1511668E+04   2.9418639E-04   2.2516724E-05   1.4091498E-03   1.1451566E+04   1.1511668E+04   9.2991345E+03   0.0000000E+00   0.0000000E+00   0.0000000E+00   0.0000000E+00
   2.5114335E+00   1.0171942E+04   1.0171942E+04   2.2509383E-04   1.7229830E-05   1.0748278E-03   1.0118835E+04   1.0171942E+04   8.2169031E+03   0.0000000E+00   0.0000000E+00   0.0000000E+00   0.0000000E+00
   2.6988061E+00   8.9849472E+03   8.9849472E+03   1.7217197E-04   1.3179672E-05   8.2759190E-04   8.9380372E+03   8.9849472E+03   7.2580474E+03   0.0000000E+00   0.0000000E+00   0.0000000E+00   0.0000000E+00
   2.9001582E+00   7.9337403E+03   7.9337403E+03   1.3164826E-04   1.0078134E-05   6.3571930E-04   7.8923185E+03   7.9337403E+03   6.4088815E+03   0.0000000E+00   0.0000000E+00   0.0000000E+00   0.0000000E+00
   3.1165327E+00   7.0031835E+03   7.0031835E+03   1.0064896E-04   7.7039405E-06   4.9264941E-04   6.9666200E+03   7.0031835E+03   5.6571769E+03   0.0000000E+00   0.0000000E+00   0.0000000E+00   0.0000000E+00
   3.3490505E+00   6.1797697E+03   6.1797697E+03   7.6905510E-05   5.8871911E-06   3.7121752E-04   6.1475052E+03   6.1797697E+03   4.9920226E+03   0.0000000E+00   0.0000000E+00   0.0000000E+00   0.0000000E+00
   3.5989158E+00   5.4514548E+03   5.4514548E+03   5.8720807E-05   4.4974830E-06   2.8497801E-04   5.4229928E+03   5.4514548E+03   4.4036893E+03   0.0000000E+00   0.0000000E+00   0.0000000E+00   0.0000000E+00
   3.8674231E+00   4.8075055E+03   4.8075055E+03   4.4863555E-05   3.4347952E-06   2.1325645E-04   4.7824056E+03   4.8075055E+03   3.8835065E+03   0.0000000E+00   0.0000000E+00   0.0000000E+00   0.0000000E+00
   4.1559632E+00   4.2383633E+03   4.2383633E+03   3.4254293E-05   2.6224501E-06   1.6321181E-04   4.2162348E+03   4.2383633E+03   3.4237530E+03   0.0000000E+00   0.0000000E+00   0.0000000E+00   0.0000000E+00
   4.4660306E+00   3.7355211E+03   3.7355211E+03   2.6141097E-05   2.0016656E-06   1.2859895E-04   3.7160180E+03   3.7355211E+03   3.0175567E+03   0.0000000E+00   0.0000000E+00   0.0000000E+00   0.0000000E+00
   4.7992314E+00   3.2914124E+03   3.2914124E+03   1.9944632E-05   1.5274234E-06   9.6032399E-05   3.2742280E+03   3.2914124E+03   2.6588054E+03   0.0000000E+00   0.0000000E+00   0.0000000E+00   0.0000000E+00
   5.1572916E+00   2.8993114E+03   2.8993114E+03   1.5213094E-05   1.1652387E-06   7.2846781E-05   2.8841741E+03   2.8993114E+03   2.3420659E+03   0.0000000E+00   0.0000000E+00   0.0000000E+00   0.0000000E+00
   5.5420660E+00   2.5532425E+03   2.5532425E+03   1.1599453E-05   8.8871236E-07   5.5218765E-05   2.5399120E+03   2.5532425E+03   2.0625112E+03   0.0000000E+00   0.0000000E+00   0.0000000E+00   0.0000000E+00
   5.9555475E+00   2.2479002E+03   2.2479002E+03   8.8457594E-06   6.7764613E-07   4.1006753E-05   2.2361639E+03   2.2479002E+03   1.8158554E+03   0.0000000E+00   0.0000000E+00   0.0000000E+00   0.0000000E+00
   6.3998779E+00   1.9785757E+03   1.9785757E+03   6.7459775E-06   5.1658761E-07   3.1648370E-05   1.9682456E+03   1.9785757E+03   1.5982949E+03   0.0000000E+00   0.0000000E+00   0.0000000E+00   0.0000000E+00
   6.8773589E+00   1.7410927E+03   1.7410927E+03   5.1377005E-06   3.9372083E-07   2.4576067E-05   1.7320024E+03   1.7410927E+03   1.4064559E+03   0.0000000E+00   0.0000000E+00   0.0000000E+00   0.0000000E+00
   7.3904637E+00   1.5317483E+03   1.5317483E+03   3.9134652E-06   3.0001329E-07   1.9609073E-05   1.5237510E+03   1.5317483E+03   1.2373474E+03   0.0000000E+00   0.0000000E+00   0.0000000E+00   0.0000000E+00
   7.9418502E+00   1.3472613E+03   1.3472613E+03   2.9814281E-06   2.2856287E-07   1.5192601E-05   1.3402272E+03   1.3472613E+03   1.0883186E+03   0.0000000E+00   0.0000000E+00   0.0000000E+00   0.0000000E+00
   8.5343744E+00   1.1847254E+03   1.1847254E+03   2.2712280E-06   1.7409566E-07   1.0243232E-05   1.1785399E+03   1.1847254E+03   9.5702203E+02   0.0000000E+00   0.0000000E+00   0.0000000E+00   0.0000000E+00
   9.1711055E+00   1.0415675E+03   1.0415675E+03   1.7279987E-06   1.3258412E-07   8.4196291E-06   1.0361294E+03   1.0415675E+03   8.4137896E+02   0.0000000E+00   0.0000000E+00   0.0000000E+00   0.0000000E+00
   9.8553418E+00   9.1551038E+02   9.1551038E+02   1.3156801E-06   1.0095364E-07   6.4199535E-06   9.1073049E+02   9.1551038E+02   7.3954995E+02   0.0000000E+00   0.0000000E+00   0.0000000E+00   0.0000000E+00
   1.0590627E+01   8.0453972E+02   8.0453972E+02   1.0011800E-06   7.6857289E-08   4.5106183E-06   8.0033921E+02   8.0453972E+02   6.4990777E+02   0.0000000E+00   0.0000000E+00   0.0000000E+00   0.0000000E+00
