#           k/h    CDM            baryon         photon         nu             mass_nu        total          no_nu          total_de       Weyl           v_CDM          v_b            v_b-v_c     
   1.0835077E-05   1.6650990E+07   1.6650990E+07   2.2193061E+07   1.4976796E+06   1.5776327E+07   1.6651017E+07   1.6650990E+07   7.7750510E+06   0.0000000E+00   0.0000000E+00   0.0000000E+00   0.0000000E+00
   1.1643458E-05   1.6650960E+07   1.6650960E+07   2.2191742E+07   1.4976536E+06   1.5775944E+07   1.6650986E+07   1.6650960E+07   7.7750351E+06   0.0000000E+00   0.0000000E+00   0.0000000E+00   0.0000000E+00
   1.2512151E-05   1.6650925E+07   1.6650925E+07   2.2190219E+07   1.4976235E+06   1.5775501E+07   1.6650951E+07   1.6650925E+07   7.7750168E+06   0.0000000E+00   0.0000000E+00   0.0000000E+00   0.0000000E+00
   1.3445656E-05   1.6650884E+07   1.6650884E+07   2.2188461E+07   1.4975888E+06   1.5774990E+07   1.6650910E+07   1.6650884E+07   7.7749956E+06   0.0000000E+00   0.0000000E+00   0.0000000E+00   0.0000000E+00
   1.4448807E-05   1.6650837E+07   1.6650837E+07   2.2186431E+07   1.4975487E+06   1.5774400E+07   1.6650863E+07   1.6650837E+07   7.7749711E+06   0.0000000E+00   0.0000000E+00   0.0000000E+00   0.0000000E+00
   1.5526801E-05   1.6650783E+07   1.6650783E+07   2.2184086E+07   1.4975025E+06   1.5773718E+07   1.6650808E+07   1.6650783E+07   7.7749428E+06   0.0000000E+00   0.0000000E+00   0.0000000E+00   0.0000000E+00
   1.6685222E-05   1.6650720E+07   1.6650720E+07   2.2181379E+07   1.4974490E+06   1.5772931E+07   1.6650745E+07   1.6650720E+07   7.7749102E+06   0.0000000E+00   0.0000000E+00   0.0000000E+00   0.0000000E+00
   1.7930070E-05   1.6650648E+07   1.6650648E+07   2.2178254E+07   1.4973873E+06   1.5772023E+07   1.6650673E+07   1.6650648E+07   7.7748725E+06   0.0000000E+00   0.0000000E+00   0.0000000E+00   0.0000000E+00
   1.9267794E-05   1.6650565E+07   1.6650565E+07   2.2174645E+07   1.4973160E+06   1.5770973E+07   1.6650589E+07   1.6650565E+07   7.7748290E+06   0.0000000E+00   0.0000000E+00   0.0000000E+00   0.0000000E+00
   2.0705322E-05   1.6650469E+07   1.6650469E+07   2.2170479E+07   1.4972337E+06   1.5769762E+07   1.6650492E+07   1.6650469E+07   7.7747788E+06   0.0000000E+00   0.0000000E+00   0.0000000E+00   0.0000000E+00
   2.2250101E-05   1.6650357E+07   1.6650357E+07   2.2165668E+07   1.4971387E+06   1.5768363E+07   1.6650381E+07   1.6650357E+07   7.7747208E+06   0.0000000E+00   0.0000000E+00   0.0000000E+00   0.0000000E+00
   2.3910133E-05   1.6650229E+07   1.6650229E+07   2.2160114E+07   1.4970290E+06   1.5766748E+07   1.6650252E+07   1.6650229E+07   7.7746538E+06   0.0000000E+00   0.0000000E+00   0.0000000E+00   0.0000000E+00
   2.5694016E-05   1.6650081E+07   1.6650081E+07   2.2153703E+07   1.4969023E+06   1.5764883E+07   1.6650103E+07   1.6650081E+07   7.7745764E+06   0.0000000E+00   0.0000000E+00   0.0000000E+00   0.0000000E+00
   2.7610990E-05   1.6649910E+07   1.6649910E+07   2.2146301E+07   1.4967560E+06   1.5762729E+07   1.6649931E+07   1.6649910E+07   7.7744871E+06   0.0000000E+00   0.0000000E+00   0.0000000E+00   0.0000000E+00
   2.9670986E-05   1.6649712E+07   1.6649712E+07   2.2137756E+07   1.4965871E+06   1.5760243E+07   1.6649732E+07   1.6649712E+07   7.7743840E+06   0.0000000E+00   0.0000000E+00   0.0000000E+00   0.0000000E+00
   3.1884674E-05   1.6649484E+07   1.6649484E+07   2.2127893E+07   1.4963921E+06   1.5757373E+07   1.6649503E+07   1.6649484E+07   7.7742650E+06   0.0000000E+00   0.0000000E+00   0.0000000E+00   0.0000000E+00
   3.4263520E-05   1.6649221E+07   1.6649221E+07   2.2116509E+07   1.4961670E+06   1.5754059E+07   1.6649238E+07   1.6649221E+07   7.7741275E+06   0.0000000E+00   0.0000000E+00   0.0000000E+00   0.0000000E+00
   3.6819847E-05   1.6648917E+07   1.6648917E+07   2.2103369E+07   1.4959071E+06   1.5750234E+07   1.6648933E+07   1.6648917E+07   7.7739689E+06   0.0000000E+00   0.0000000E+00   0.0000000E+00   0.0000000E+00
   3.9566896E-05   1.6648565E+07   1.6648565E+07   2.2088206E+07   1.4956070E+06   1.5745818E+07   1.6648580E+07   1.6648565E+07   7.7737857E+06   0.0000000E+00   0.0000000E+00   0.0000000E+00   0.0000000E+00
   4.2518896E-05   1.6648160E+07   1.6648160E+07   2.2070708E+07   1.4952605E+06   1.5740720E+07   1.6648172E+07   1.6648160E+07   7.7735742E+06   0.0000000E+00   0.0000000E+00   0.0000000E+00   0.0000000E+00
   4.5691139E-05   1.6647692E+07   1.6647692E+07   2.2050518E+07   1.4948606E+06   1.5734836E+07   1.6647702E+07   1.6647692E+07   7.7733301E+06   0.0000000E+00   0.0000000E+00   0.0000000E+00   0.0000000E+00
   4.9100056E-05   1.6647152E+07   1.6647152E+07   2.2027226E+07   1.4943990E+06   1.5728045E+07   1.6647159E+07   1.6647152E+07   7.7730483E+06   0.0000000E+00   0.0000000E+00   0.0000000E+00   0.0000000E+00
   5.2763304E-05   1.6646529E+07   1.6646529E+07   2.2000359E+07   1.4938661E+06   1.5720208E+07   1.6646532E+07   1.6646529E+07   7.7727230E+06   0.0000000E+00   0.0000000E+00   0.0000000E+00   0.0000000E+00
   5.6699860E-05   1.6645809E+07   1.6645809E+07   2.1969373E+07   1.4932511E+06   1.5711164E+07   1.6645809E+07   1.6645809E+07   7.7723477E+06   0.0000000E+00   0.0000000E+00   0.0000000E+00   0.0000000E+00
   6.0930113E-05   1.6644978E+07   1.6644978E+07   2.1933644E+07   1.4925413E+06   1.5700728E+07   1.6644974E+07   1.6644978E+07   7.7719145E+06   0.0000000E+00   0.0000000E+00   0.0000000E+00   0.0000000E+00
   6.5475976E-05   1.6644019E+07   1.6644019E+07   2.1892456E+07   1.4917223E+06   1.5688688E+07   1.6644011E+07   1.6644019E+07   7.7714146E+06   0.0000000E+00   0.0000000E+00   0.0000000E+00   0.0000000E+00
   7.0360997E-05   1.6642913E+07   1.6642913E+07   2.1844987E+07   1.4907772E+06   1.5674800E+07   1.6642899E+07   1.6642913E+07   7.7708378E+06   0.0000000E+00   0.0000000E+00   0.0000000E+00   0.0000000E+00
   7.5610478E-05   1.6641637E+07   1.6641637E+07   2.1790296E+07   1.4896869E+06   1.5658782E+07   1.6641616E+07   1.6641637E+07   7.7701725E+06   0.0000000E+00   0.0000000E+00   0.0000000E+00   0.0000000E+00
   8.1251611E-05   1.6640164E+07   1.6640164E+07   2.1727307E+07   1.4884292E+06   1.5640311E+07   1.6640136E+07   1.6640164E+07   7.7694050E+06   0.0000000E+00   0.0000000E+00   0.0000000E+00   0.0000000E+00
   8.7313618E-05   1.6638465E+07   1.6638465E+07   2.1654790E+07   1.4869786E+06   1.5619017E+07   1.6638428E+07   1.6638465E+07   7.7685200E+06   0.0000000E+00   0.0000000E+00   0.0000000E+00   0.0000000E+00
   9.3827897E-05   1.6636506E+07   1.6636506E+07   2.1571344E+07   1.4853059E+06   1.5594473E+07   1.6636459E+07   1.6636506E+07   7.7674995E+06   0.0000000E+00   0.0000000E+00   0.0000000E+00   0.0000000E+00
   1.0082819E-04   1.6634247E+07   1.6634247E+07   2.1475375E+07   1.4833775E+06   1.5566193E+07   1.6634189E+07   1.6634247E+07   7.7663231E+06   0.0000000E+00   0.0000000E+00   0.0000000E+00   0.0000000E+00
   1.0835077E-04   1.6631643E+07   1.6631643E+07   2.1365072E+07   1.4811549E+06   1.5533620E+07   1.6631571E+07   1.6631643E+07   7.7649675E+06   0.0000000E+00   0.0000000E+00   0.0000000E+00   0.0000000E+00
   1.1643458E-04   1.6628641E+07   1.6628641E+07   2.1238388E+07   1.4785940E+06   1.5496114E+07   1.6628554E+07   1.6628641E+07   7.7634057E+06   0.0000000E+00   0.0000000E+00   0.0000000E+00   0.0000000E+00
   1.2512151E-04   1.6625182E+07   1.6625182E+07   2.1093014E+07   1.4756442E+06   1.5452951E+07   1.6625077E+07   1.6625182E+07   7.7616070E+06   0.0000000E+00   0.0000000E+00   0.0000000E+00   0.0000000E+00
   1.3445656E-04   1.6621199E+07   1.6621199E+07   2.0926355E+07   1.4722479E+06   1.5403302E+07   1.6621073E+07   1.6621199E+07   7.7595365E+06   0.0000000E+00   0.0000000E+00   0.0000000E+00   0.0000000E+00
   1.4448807E-04   1.6616612E+07   1.6616612E+07   2.0735511E+07   1.4683393E+06   1.5346228E+07   1.6616463E+07   1.6616612E+07   7.7571542E+06   0.0000000E+00   0.0000000E+00   0.0000000E+00   0.0000000E+00
   1.5526801E-04   1.6611334E+07   1.6611334E+07   2.0517259E+07   1.4638434E+06   1.5280663E+07   1.6611158E+07   1.6611334E+07   7.7544147E+06   0.0000000E+00   0.0000000E+00   0.0000000E+00   0.0000000E+00
   1.6685222E-04   1.6605262E+07   1.6605262E+07   2.0268041E+07   1.4586751E+06   1.5205407E+07   1.6605055E+07   1.6605262E+07   7.7512664E+06   0.0000000E+00   0.0000000E+00   0.0000000E+00   0.0000000E+00
   1.7930070E-04   1.6598283E+07   1.6598283E+07   1.9983964E+07   1.4527381E+06   1.5119105E+07   1.6598040E+07   1.6598283E+07   7.7476511E+06   0.0000000E+00   0.0000000E+00   0.0000000E+00   0.0000000E+00
   1.9267794E-04   1.6590266E+07   1.6590266E+07   1.9660808E+07   1.4459236E+06   1.5020245E+07   1.6589982E+07   1.6590266E+07   7.7435029E+06   0.0000000E+00   0.0000000E+00   0.0000000E+00   0.0000000E+00
   2.0705322E-04   1.6581065E+07   1.6581065E+07   1.9294065E+07   1.4381090E+06   1.4907139E+07   1.6580732E+07   1.6581065E+07   7.7387482E+06   0.0000000E+00   0.0000000E+00   0.0000000E+00   0.0000000E+00
   2.2250101E-04   1.6570513E+07   1.6570513E+07   1.8878992E+07   1.4291573E+06   1.4777918E+07   1.6570126E+07   1.6570513E+07   7.7333043E+06   0.0000000E+00   0.0000000E+00   0.0000000E+00   0.0000000E+00
   2.3910133E-04   1.6558426E+07   1.6558426E+07   1.8410706E+07   1.4189157E+06   1.4630532E+07   1.6557976E+07   1.6558426E+07   7.7270796E+06   0.0000000E+00   0.0000000E+00   0.0000000E+00   0.0000000E+00
   2.5694016E-04   1.6544598E+07   1.6544598E+07   1.7884326E+07   1.4072151E+06   1.4462746E+07   1.6544075E+07   1.6544598E+07   7.7199728E+06   0.0000000E+00   0.0000000E+00   0.0000000E+00   0.0000000E+00
   2.7610990E-04   1.6528801E+07   1.6528801E+07   1.7295172E+07   1.3938696E+06   1.4272155E+07   1.6528194E+07   1.6528801E+07   7.7118730E+06   0.0000000E+00   0.0000000E+00   0.0000000E+00   0.0000000E+00
   2.9670986E-04   1.6510783E+07   1.6510783E+07   1.6639029E+07   1.3786769E+06   1.4056207E+07   1.6510079E+07   1.6510783E+07   7.7026599E+06   0.0000000E+00   0.0000000E+00   0.0000000E+00   0.0000000E+00
   3.1884674E-04   1.6490271E+07   1.6490271E+07   1.5912500E+07   1.3614190E+06   1.3812241E+07   1.6489457E+07   1.6490271E+07   7.6922043E+06   0.0000000E+00   0.0000000E+00   0.0000000E+00   0.0000000E+00
   3.4263520E-04   1.6466969E+07   1.6466969E+07   1.5113449E+07   1.3418642E+06   1.3537543E+07   1.6466029E+07   1.6466969E+07   7.6803698E+06   0.0000000E+00   0.0000000E+00   0.0000000E+00   0.0000000E+00
   3.6819847E-04   1.6440565E+07   1.6440565E+07   1.4241541E+07   1.3197710E+06   1.3229436E+07   1.6439479E+07   1.6440565E+07   7.6670150E+06   0.0000000E+00   0.0000000E+00   0.0000000E+00   0.0000000E+00
   3.9566896E-04   1.6410728E+07   1.6410728E+07   1.3298867E+07   1.2948926E+06   1.2885386E+07   1.6409477E+07   1.6410728E+07   7.6519964E+06   0.0000000E+00   0.0000000E+00   0.0000000E+00   0.0000000E+00
   4.2518896E-04   1.6377123E+07   1.6377123E+07   1.2290646E+07   1.2669843E+06   1.2503154E+07   1.6375682E+07   1.6377123E+07   7.6351729E+06   0.0000000E+00   0.0000000E+00   0.0000000E+00   0.0000000E+00
   4.5691139E-04   1.6339413E+07   1.6339413E+07   1.1225936E+07   1.2358139E+06   1.2080980E+07   1.6337756E+07   1.6339413E+07   7.6164122E+06   0.0000000E+00   0.0000000E+00   0.0000000E+00   0.0000000E+00
   4.9100056E-04   1.6297274E+07   1.6297274E+07   1.0118279E+07   1.2011738E+06   1.1617802E+07   1.6295371E+07   1.6297274E+07   7.5955973E+06   0.0000000E+00   0.0000000E+00   0.0000000E+00   0.0000000E+00
   5.2763304E-04   1.6250410E+07   1.6250410E+07   8.9861547E+06   1.1628977E+06   1.1113517E+07   1.6248228E+07   1.6250410E+07   7.5726365E+06   0.0000000E+00   0.0000000E+00   0.0000000E+00   0.0000000E+00
   5.6699860E-04   1.6198573E+07   1.6198573E+07   7.8530549E+06   1.1208792E+06   1.0569251E+07   1.6196074E+07   1.6198573E+07   7.5474727E+06   0.0000000E+00   0.0000000E+00   0.0000000E+00   0.0000000E+00
   6.0930113E-04   1.6141583E+07   1.6141583E+07   6.7469607E+06   1.0750938E+06   9.9876353E+06   1.6138726E+07   1.6141583E+07   7.5200952E+06   0.0000000E+00   0.0000000E+00   0.0000000E+00   0.0000000E+00
   6.5475976E-04   1.6079353E+07   1.6079353E+07   5.6989758E+06   1.0256224E+06   9.3730470E+06   1.6076094E+07   1.6079353E+07   7.4905503E+06   0.0000000E+00   0.0000000E+00   0.0000000E+00   0.0000000E+00
   7.0360997E-04   1.6011918E+07   1.6011918E+07   4.7409048E+06   9.7267451E+05   8.7317652E+06   1.6008207E+07   1.6011918E+07   7.4589509E+06   0.0000000E+00   0.0000000E+00   0.0000000E+00   0.0000000E+00
   7.5610478E-04   1.5939450E+07   1.5939450E+07   3.9016964E+06   9.1660786E+05   8.0719878E+06   1.5935235E+07   1.5939450E+07   7.4254823E+06   0.0000000E+00   0.0000000E+00   0.0000000E+00   0.0000000E+00
   8.1251611E-04   1.5862285E+07   1.5862285E+07   3.2029386E+06   8.5794171E+05   7.4036428E+06   1.5857509E+07   1.5862285E+07   7.3904027E+06   0.0000000E+00   0.0000000E+00   0.0000000E+00   0.0000000E+00
   8.7313618E-04   1.5780923E+07   1.5780923E+07   2.6540239E+06   7.9735783E+05   6.7379417E+06   1.5775526E+07   1.5780923E+07   7.3540354E+06   0.0000000E+00   0.0000000E+00   0.0000000E+00   0.0000000E+00
   9.3827897E-04   1.5696022E+07   1.5696022E+07   2.2481583E+06   7.3568522E+05   6.0866501E+06   1.5689944E+07   1.5696022E+07   7.3167500E+06   0.0000000E+00   0.0000000E+00   0.0000000E+00   0.0000000E+00
   1.0082819E-03   1.5608369E+07   1.5608369E+07   1.9609038E+06   6.7386439E+05   5.4611115E+06   1.5601547E+07   1.5608369E+07   7.2789347E+06   0.0000000E+00   0.0000000E+00   0.0000000E+00   0.0000000E+00
   1.0835077E-03   1.5518830E+07   1.5518830E+07   1.7531040E+06   6.1289029E+05   4.8711431E+06   1.5511203E+07   1.5518830E+07   7.2409582E+06   0.0000000E+00   0.0000000E+00   0.0000000E+00   0.0000000E+00
   1.1643458E-03   1.5428279E+07   1.5428279E+07   1.5793528E+06   5.5373741E+05   4.3240159E+06   1.5419788E+07   1.5428279E+07   7.2031291E+06   0.0000000E+00   0.0000000E+00   0.0000000E+00   0.0000000E+00
   1.2512151E-03   1.5337513E+07   1.5337513E+07   1.4011925E+06   4.9727672E+05   3.8237927E+06   1.5328103E+07   1.5337513E+07   7.1656597E+06   0.0000000E+00   0.0000000E+00   0.0000000E+00   0.0000000E+00
   1.3445656E-03   1.5247172E+07   1.5247172E+07   1.2010385E+06   4.4420009E+05   3.3712776E+06   1.5236794E+07   1.5247172E+07   7.1286446E+06   0.0000000E+00   0.0000000E+00   0.0000000E+00   0.0000000E+00
   1.4448807E-03   1.5157674E+07   1.5157674E+07   9.8965344E+05   3.9497048E+05   2.9646732E+06   1.5146289E+07   1.5157674E+07   7.0920623E+06   0.0000000E+00   0.0000000E+00   0.0000000E+00   0.0000000E+00
   1.5526801E-03   1.5069191E+07   1.5069191E+07   7.9966502E+05   3.4981273E+05   2.6007597E+06   1.5056766E+07   1.5069191E+07   7.0557989E+06   0.0000000E+00   0.0000000E+00   0.0000000E+00   0.0000000E+00
   1.6685222E-03   1.4981660E+07   1.4981660E+07   6.6347698E+05   3.0874792E+05   2.2761147E+06   1.4968175E+07   1.4981660E+07   7.0196871E+06   0.0000000E+00   0.0000000E+00   0.0000000E+00   0.0000000E+00
   1.7930070E-03   1.4894835E+07   1.4894835E+07   5.8635521E+05   2.7165718E+05   1.9878003E+06   1.4880277E+07   1.4894835E+07   6.9835393E+06   0.0000000E+00   0.0000000E+00   0.0000000E+00   0.0000000E+00
   1.9267794E-03   1.4808346E+07   1.4808346E+07   5.3688106E+05   2.3834756E+05   1.7332464E+06   1.4792710E+07   1.4808346E+07   6.9471600E+06   0.0000000E+00   0.0000000E+00   0.0000000E+00   0.0000000E+00
   2.0705322E-03   1.4721742E+07   1.4721742E+07   4.7162363E+05   2.0859382E+05   1.5096719E+06   1.4705030E+07   1.4721742E+07   6.9103356E+06   0.0000000E+00   0.0000000E+00   0.0000000E+00   0.0000000E+00
   2.2250101E-03   1.4634515E+07   1.4634515E+07   3.7928479E+05   1.8215018E+05   1.3137961E+06   1.4616729E+07   1.4634515E+07   6.8728205E+06   0.0000000E+00   0.0000000E+00   0.0000000E+00   0.0000000E+00
   2.3910133E-03   1.4546104E+07   1.4546104E+07   2.9484359E+05   1.5874943E+05   1.1422443E+06   1.4527244E+07   1.4546104E+07   6.8343418E+06   0.0000000E+00   0.0000000E+00   0.0000000E+00   0.0000000E+00
   2.5694016E-03   1.4455906E+07   1.4455906E+07   2.5274597E+05   1.3811168E+05   9.9214875E+05   1.4435968E+07   1.4455906E+07   6.7946224E+06   0.0000000E+00   0.0000000E+00   0.0000000E+00   0.0000000E+00
   2.7610990E-03   1.4363296E+07   1.4363296E+07   2.3411431E+05   1.1996276E+05   8.6117307E+05   1.4342271E+07   1.4363296E+07   6.7533941E+06   0.0000000E+00   0.0000000E+00   0.0000000E+00   0.0000000E+00
   2.9670986E-03   1.4267640E+07   1.4267640E+07   1.9870869E+05   1.0404495E+05   7.4710648E+05   1.4245517E+07   1.4267640E+07   6.7103878E+06   0.0000000E+00   0.0000000E+00   0.0000000E+00   0.0000000E+00
   3.1884674E-03   1.4168304E+07   1.4168304E+07   1.5774739E+05   9.0116462E+04   6.4780738E+05   1.4145072E+07   1.4168304E+07   6.6653270E+06   0.0000000E+00   0.0000000E+00   0.0000000E+00   0.0000000E+00
   3.4263520E-03   1.4064655E+07   1.4064655E+07   1.3969684E+05   7.7952782E+04   5.6141369E+05   1.4040306E+07   1.4064655E+07   6.6179404E+06   0.0000000E+00   0.0000000E+00   0.0000000E+00   0.0000000E+00
   3.6819847E-03   1.3956067E+07   1.3956067E+07   1.2012998E+05   6.7349713E+04   4.8632176E+05   1.3930599E+07   1.3956067E+07   6.5679662E+06   0.0000000E+00   0.0000000E+00   0.0000000E+00   0.0000000E+00
   3.9566896E-03   1.3841923E+07   1.3841923E+07   9.4153102E+04   5.8121422E+04   4.2114289E+05   1.3815339E+07   1.3841923E+07   6.5151413E+06   0.0000000E+00   0.0000000E+00   0.0000000E+00   0.0000000E+00
   4.2518896E-03   1.3721617E+07   1.3721617E+07   8.7729212E+04   5.0101501E+04   3.6454938E+05   1.3693931E+07   1.3721617E+07   6.4592075E+06   0.0000000E+00   0.0000000E+00   0.0000000E+00   0.0000000E+00
   4.5691139E-03   1.3594557E+07   1.3594557E+07   7.1623332E+04   4.3141415E+04   3.1538684E+05   1.3565794E+07   1.3594557E+07   6.3999160E+06   0.0000000E+00   0.0000000E+00   0.0000000E+00   0.0000000E+00
   4.9100056E-03   1.3460165E+07   1.3460165E+07   5.9258404E+04   3.7107365E+04   2.7284450E+05   1.3430372E+07   1.3460165E+07   6.3370231E+06   0.0000000E+00   0.0000000E+00   0.0000000E+00   0.0000000E+00
   5.2763304E-03   1.3317890E+07   1.3317890E+07   5.2504247E+04   3.1883178E+04   2.3589578E+05   1.3287124E+07   1.3317890E+07   6.2702934E+06   0.0000000E+00   0.0000000E+00   0.0000000E+00   0.0000000E+00
   5.6699860E-03   1.3167197E+07   1.3167197E+07   4.3275892E+04   2.7364503E+04   2.0392515E+05   1.3135510E+07   1.3167197E+07   6.1994883E+06   0.0000000E+00   0.0000000E+00   0.0000000E+00   0.0000000E+00
   6.0930113E-03   1.3007564E+07   1.3007564E+07   3.6601268E+04   2.3460475E+04   1.7615255E+05   1.2974999E+07   1.3007564E+07   6.1243729E+06   0.0000000E+00   0.0000000E+00   0.0000000E+00   0.0000000E+00
   6.5475976E-03   1.2838468E+07   1.2838468E+07   3.2172090E+04   2.0090161E+04   1.5214449E+05   1.2805080E+07   1.2838468E+07   6.0447189E+06   0.0000000E+00   0.0000000E+00   0.0000000E+00   0.0000000E+00
   7.0360997E-03   1.2659393E+07   1.2659393E+07   2.5295908E+04   1.7183796E+04   1.3129414E+05   1.2625264E+07   1.2659393E+07   5.9603081E+06   0.0000000E+00   0.0000000E+00   0.0000000E+00   0.0000000E+00
   7.5610478E-03   1.2469837E+07   1.2469837E+07   2.2927581E+04   1.4679814E+04   1.1326045E+05   1.2435063E+07   1.2469837E+07   5.8709201E+06   0.0000000E+00   0.0000000E+00   0.0000000E+00   0.0000000E+00
   8.1251611E-03   1.2269321E+07   1.2269321E+07   1.9537361E+04   1.2524550E+04   9.7656284E+04   1.2233984E+07   1.2269321E+07   5.7763314E+06   0.0000000E+00   0.0000000E+00   0.0000000E+00   0.0000000E+00
   8.7313618E-03   1.2057368E+07   1.2057368E+07   1.5638294E+04   1.0671185E+04   8.4128224E+04   1.2021558E+07   1.2057368E+07   5.6763287E+06   0.0000000E+00   0.0000000E+00   0.0000000E+00   0.0000000E+00
   9.3827897E-03   1.1833497E+07   1.1833497E+07   1.2904855E+04   9.0790091E+03   7.2398909E+04   1.1797318E+07   1.1833497E+07   5.5706994E+06   0.0000000E+00   0.0000000E+00   0.0000000E+00   0.0000000E+00
   1.0082819E-02   1.1597233E+07   1.1597233E+07   1.1016287E+04   7.7125356E+03   6.2252332E+04   1.1560794E+07   1.1597233E+07   5.4592269E+06   0.0000000E+00   0.0000000E+00   0.0000000E+00   0.0000000E+00
   1.0835077E-02   1.1348119E+07   1.1348119E+07   9.2305700E+03   6.5409801E+03   5.3468525E+04   1.1311530E+07   1.1348119E+07   5.3417014E+06   0.0000000E+00   0.0000000E+00   0.0000000E+00   0.0000000E+00
   1.1643458E-02   1.1085711E+07   1.1085711E+07   7.7651048E+03   5.5375876E+03   4.5869556E+04   1.1049089E+07   1.1085711E+07   5.2179217E+06   0.0000000E+00   0.0000000E+00   0.0000000E+00   0.0000000E+00
   1.2512151E-02   1.0809582E+07   1.0809582E+07   6.5372056E+03   4.6792135E+03   3.9302443E+04   1.0773051E+07   1.0809582E+07   5.0876931E+06   0.0000000E+00   0.0000000E+00   0.0000000E+00   0.0000000E+00
   1.3445656E-02   1.0519348E+07   1.0519348E+07   5.6738725E+03   3.9457617E+03   3.3616852E+04   1.0483026E+07   1.0519348E+07   4.9508356E+06   0.0000000E+00   0.0000000E+00   0.0000000E+00   0.0000000E+00
   1.4448807E-02   1.0214678E+07   1.0214678E+07   4.8909724E+03   3.3198696E+03   2.8692439E+04   1.0178696E+07   1.0214678E+07   4.8072017E+06   0.0000000E+00   0.0000000E+00   0.0000000E+00   0.0000000E+00
   1.5526801E-02   9.8953279E+06   9.8953279E+06   3.8315212E+03   2.7864922E+03   2.4443380E+04   9.8598114E+06   9.8953279E+06   4.6566766E+06   0.0000000E+00   0.0000000E+00   0.0000000E+00   0.0000000E+00
   1.6685222E-02   9.5611827E+06   9.5611827E+06   3.3723670E+03   2.3326539E+03   2.0779430E+04   9.5262616E+06   9.5611827E+06   4.4992099E+06   0.0000000E+00   0.0000000E+00   0.0000000E+00   0.0000000E+00
   1.7930070E-02   9.2123006E+06   9.2123006E+06   2.6679528E+03   1.9471559E+03   1.7613915E+04   9.1781011E+06   9.2123006E+06   4.3348296E+06   0.0000000E+00   0.0000000E+00   0.0000000E+00   0.0000000E+00
   1.9267793E-02   8.8489872E+06   8.8489872E+06   2.2920020E+03   1.6203330E+03   1.4888080E+04   8.8156370E+06   8.8489872E+06   4.1636825E+06   0.0000000E+00   0.0000000E+00   0.0000000E+00   0.0000000E+00
   2.0705321E-02   8.4718732E+06   8.4718732E+06   1.9140673E+03   1.3438565E+03   1.2546808E+04   8.4394929E+06   8.4718732E+06   3.9860648E+06   0.0000000E+00   0.0000000E+00   0.0000000E+00   0.0000000E+00
   2.2250096E-02   8.0820119E+06   8.0820119E+06   1.5753505E+03   1.1105633E+03   1.0536071E+04   8.0507176E+06   8.0820119E+06   3.8024729E+06   0.0000000E+00   0.0000000E+00   0.0000000E+00   0.0000000E+00
   2.3910106E-02   7.6809912E+06   7.6809912E+06   1.2995624E+03   9.1428286E+02   8.8133305E+03   7.6508903E+06   7.6809912E+06   3.6136541E+06   0.0000000E+00   0.0000000E+00   0.0000000E+00   0.0000000E+00
   2.5693881E-02   7.2710537E+06   7.2710537E+06   1.0253750E+03   7.4970747E+02   7.3430909E+03   7.2422419E+06   7.2710537E+06   3.4206630E+06   0.0000000E+00   0.0000000E+00   0.0000000E+00   0.0000000E+00
   2.7610389E-02   6.8552328E+06   6.8552328E+06   8.4850282E+02   6.1227727E+02   6.0962998E+03   6.8277899E+06   6.8552328E+06   3.2249256E+06   0.0000000E+00   0.0000000E+00   0.0000000E+00   0.0000000E+00
   2.9668648E-02   6.4375053E+06   6.4375053E+06   6.6365556E+02   4.9808255E+02   5.0378476E+03   6.4114917E+06   6.4375053E+06   3.0283121E+06   0.0000000E+00   0.0000000E+00   0.0000000E+00   0.0000000E+00
   3.1876649E-02   6.0229690E+06   6.0229690E+06   5.4607951E+02   4.0377923E+02   4.1486057E+03   5.9984204E+06   6.0229690E+06   2.8332192E+06   0.0000000E+00   0.0000000E+00   0.0000000E+00   0.0000000E+00
   3.4239060E-02   5.6180124E+06   5.6180124E+06   4.3593229E+02   3.2651910E+02   3.4077493E+03   5.5949339E+06   5.6180124E+06   2.6426504E+06   0.0000000E+00   0.0000000E+00   0.0000000E+00   0.0000000E+00
   3.6753257E-02   5.2303285E+06   5.2303285E+06   3.5305822E+02   2.6386937E+02   2.7972791E+03   5.2086890E+06   5.2303285E+06   2.4602230E+06   0.0000000E+00   0.0000000E+00   0.0000000E+00   0.0000000E+00
   3.9404417E-02   4.8684447E+06   4.8684447E+06   2.9849804E+02   2.1371042E+02   2.2986798E+03   4.8481730E+06   4.8684447E+06   2.2899460E+06   0.0000000E+00   0.0000000E+00   0.0000000E+00   0.0000000E+00
   4.2162638E-02   4.5404098E+06   4.5404098E+06   2.3256808E+02   1.7411217E+02   1.9000887E+03   4.5213961E+06   4.5404098E+06   2.1356034E+06   0.0000000E+00   0.0000000E+00   0.0000000E+00   0.0000000E+00
   4.4986457E-02   4.2517879E+06   4.2517879E+06   1.9146089E+02   1.4323640E+02   1.5834082E+03   4.2338938E+06   4.2517879E+06   1.9998102E+06   0.0000000E+00   0.0000000E+00   0.0000000E+00   0.0000000E+00
   4.7833469E-02   4.0040221E+06   4.0040221E+06   1.6656677E+02   1.1932325E+02   1.3359416E+03   3.9870972E+06   4.0040221E+06   1.8832427E+06   0.0000000E+00   0.0000000E+00   0.0000000E+00   0.0000000E+00
   5.0671742E-02   3.7943389E+06   3.7943389E+06   1.3462516E+02   1.0077114E+02   1.1414198E+03   3.7782399E+06   3.7943389E+06   1.7845945E+06   0.0000000E+00   0.0000000E+00   0.0000000E+00   0.0000000E+00
   5.3484762E-02   3.6171248E+06   3.6171248E+06   1.1509423E+02   8.6232010E+01   9.8656246E+02   3.6017275E+06   3.6171248E+06   1.7012233E+06   0.0000000E+00   0.0000000E+00   0.0000000E+00   0.0000000E+00
   5.6269353E-02   3.4656571E+06   3.4656571E+06   1.0244918E+02   7.4650917E+01   8.6278740E+02   3.4508623E+06   3.4656571E+06   1.6299658E+06   0.0000000E+00   0.0000000E+00   0.0000000E+00   0.0000000E+00
   5.9030791E-02   3.3333354E+06   3.3333354E+06   8.6766086E+01   6.5243884E+01   7.6063246E+02   3.3190698E+06   3.3333354E+06   1.5677166E+06   0.0000000E+00   0.0000000E+00   0.0000000E+00   0.0000000E+00
   6.1778503E-02   3.2142892E+06   3.2142892E+06   7.8258283E+01   5.7444701E+01   6.7551461E+02   3.2005023E+06   3.2142892E+06   1.5117139E+06   0.0000000E+00   0.0000000E+00   0.0000000E+00   0.0000000E+00
   6.4523336E-02   3.1035818E+06   3.1035818E+06   6.7233776E+01   5.0849819E+01   6.0247054E+02   3.0902431E+06   3.1035818E+06   1.4596353E+06   0.0000000E+00   0.0000000E+00   0.0000000E+00   0.0000000E+00
   6.7276137E-02   2.9972339E+06   2.9972339E+06   6.2245169E+01   4.5172800E+01   5.3936822E+02   2.9843290E+06   2.9972339E+06   1.4096089E+06   0.0000000E+00   0.0000000E+00   0.0000000E+00   0.0000000E+00
   7.0047140E-02   2.8921896E+06   2.8921896E+06   5.2593073E+01   4.0210757E+01   4.8348509E+02   2.8797165E+06   2.8921896E+06   1.3601971E+06   0.0000000E+00   0.0000000E+00   0.0000000E+00   0.0000000E+00
   7.2845770E-02   2.7862761E+06   2.7862761E+06   4.8691515E+01   3.5820301E+01   4.3334152E+02   2.7742418E+06   2.7862761E+06   1.3103780E+06   0.0000000E+00   0.0000000E+00   0.0000000E+00   0.0000000E+00
   7.5680648E-02   2.6781683E+06   2.6781683E+06   4.3644665E+01   3.1900612E+01   3.8876589E+02   2.6665849E+06   2.6781683E+06   1.2595281E+06   0.0000000E+00   0.0000000E+00   0.0000000E+00   0.0000000E+00
   7.8559679E-02   2.5673530E+06   2.5673530E+06   3.6944026E+01   2.8381419E+01   3.4792563E+02   2.5562347E+06   2.5673530E+06   1.2074060E+06   0.0000000E+00   0.0000000E+00   0.0000000E+00   0.0000000E+00
   8.1490165E-02   2.4540817E+06   2.4540817E+06   3.3066366E+01   2.5214108E+01   3.1071657E+02   2.4434414E+06   2.4540817E+06   1.1541298E+06   0.0000000E+00   0.0000000E+00   0.0000000E+00   0.0000000E+00
   8.4478913E-02   2.3392990E+06   2.3392990E+06   3.0075184E+01   2.2365112E+01   2.7714877E+02   2.3291451E+06   2.3392990E+06   1.1001436E+06   0.0000000E+00   0.0000000E+00   0.0000000E+00   0.0000000E+00
   8.7532338E-02   2.2245357E+06   2.2245357E+06   2.6845106E+01   1.9810749E+01   2.4686546E+02   2.2148701E+06   2.2245357E+06   1.0461675E+06   0.0000000E+00   0.0000000E+00   0.0000000E+00   0.0000000E+00
   9.0656550E-02   2.1117607E+06   2.1117607E+06   2.3534775E+01   1.7533192E+01   2.1966619E+02   2.1025762E+06   2.1117607E+06   9.9312704E+05   0.0000000E+00   0.0000000E+00   0.0000000E+00   0.0000000E+00
   9.3857422E-02   2.0031875E+06   2.0031875E+06   2.0392107E+01   1.5517231E+01   1.9546393E+02   1.9944674E+06   2.0031875E+06   9.4206333E+05   0.0000000E+00   0.0000000E+00   0.0000000E+00   0.0000000E+00
   9.7140656E-02   1.9010431E+06   1.9010431E+06   1.8121953E+01   1.3747813E+01   1.7413965E+02   1.8927606E+06   1.9010431E+06   8.9402349E+05   0.0000000E+00   0.0000000E+00   0.0000000E+00   0.0000000E+00
   1.0051183E-01   1.8073092E+06   1.8073092E+06   1.6484848E+01   1.2208268E+01   1.5538834E+02   1.7994289E+06   1.8073092E+06   8.4993946E+05   0.0000000E+00   0.0000000E+00   0.0000000E+00   0.0000000E+00
   1.0397643E-01   1.7234605E+06   1.7234605E+06   1.4522222E+01   1.0879218E+01   1.3906992E+02   1.7159402E+06   1.7234605E+06   8.1050470E+05   0.0000000E+00   0.0000000E+00   0.0000000E+00   0.0000000E+00
   1.0753989E-01   1.6502285E+06   1.6502285E+06   1.3218670E+01   9.7382007E+00   1.2515370E+02   1.6430226E+06   1.6502285E+06   7.7606304E+05   0.0000000E+00   0.0000000E+00   0.0000000E+00   0.0000000E+00
   1.1120764E-01   1.5874267E+06   1.5874267E+06   1.1440682E+01   8.7599969E+00   1.1308627E+02   1.5804905E+06   1.5874267E+06   7.4652679E+05   0.0000000E+00   0.0000000E+00   0.0000000E+00   0.0000000E+00
   1.1498508E-01   1.5338773E+06   1.5338773E+06   1.0281153E+01   7.9175529E+00   1.0263482E+02   1.5271709E+06   1.5338773E+06   7.2134200E+05   0.0000000E+00   0.0000000E+00   0.0000000E+00   0.0000000E+00
   1.1887763E-01   1.4874704E+06   1.4874704E+06   9.3482568E+00   7.1834600E+00   9.3537883E+01   1.4809630E+06   1.4874704E+06   6.9951629E+05   0.0000000E+00   0.0000000E+00   0.0000000E+00   0.0000000E+00
   1.2289075E-01   1.4453756E+06   1.4453756E+06   8.7140633E+00   6.5317539E+00   8.5456910E+01   1.4390488E+06   1.4453756E+06   6.7971870E+05   0.0000000E+00   0.0000000E+00   0.0000000E+00   0.0000000E+00
   1.2702992E-01   1.4044055E+06   1.4044055E+06   8.0506957E+00   5.9397769E+00   7.7976510E+01   1.3982549E+06   1.4044055E+06   6.6045021E+05   0.0000000E+00   0.0000000E+00   0.0000000E+00   0.0000000E+00
   1.3130068E-01   1.3614958E+06   1.3614958E+06   7.1105371E+00   5.3898314E+00   7.1094181E+01   1.3555301E+06   1.3614958E+06   6.4026970E+05   0.0000000E+00   0.0000000E+00   0.0000000E+00   0.0000000E+00
   1.3570862E-01   1.3142362E+06   1.3142362E+06   6.4141216E+00   4.8703048E+00   6.4443912E+01   1.3084749E+06   1.3142362E+06   6.1804375E+05   0.0000000E+00   0.0000000E+00   0.0000000E+00   0.0000000E+00
   1.4025938E-01   1.2613560E+06   1.2613560E+06   5.8749280E+00   4.3760057E+00   5.8139469E+01   1.2558240E+06   1.2613560E+06   5.9317473E+05   0.0000000E+00   0.0000000E+00   0.0000000E+00   0.0000000E+00
   1.4495869E-01   1.2030477E+06   1.2030477E+06   5.2827359E+00   3.9075691E+00   5.2112179E+01   1.1977693E+06   1.2030477E+06   5.6575325E+05   0.0000000E+00   0.0000000E+00   0.0000000E+00   0.0000000E+00
   1.4981234E-01   1.1410228E+06   1.1410228E+06   4.5530392E+00   3.4699328E+00   4.6441313E+01   1.1360145E+06   1.1410228E+06   5.3658408E+05   0.0000000E+00   0.0000000E+00   0.0000000E+00   0.0000000E+00
   1.5482618E-01   1.0782277E+06   1.0782277E+06   4.1483584E+00   3.0701069E+00   4.1274232E+01   1.0734932E+06   1.0782277E+06   5.0705289E+05   0.0000000E+00   0.0000000E+00   0.0000000E+00   0.0000000E+00
   1.6000616E-01   1.0182242E+06   1.0182242E+06   3.5550177E+00   2.7146324E+00   3.6626690E+01   1.0137516E+06   1.0182242E+06   4.7883463E+05   0.0000000E+00   0.0000000E+00   0.0000000E+00   0.0000000E+00
   1.6535831E-01   9.6433094E+05   9.6433094E+05   3.1451331E+00   2.4072561E+00   3.2586753E+01   9.6009366E+05   9.6433094E+05   4.5348990E+05   0.0000000E+00   0.0000000E+00   0.0000000E+00   0.0000000E+00
   1.7088877E-01   9.1872231E+05   9.1872231E+05   2.8477013E+00   2.1473839E+00   2.9174848E+01   9.1468415E+05   9.1872231E+05   4.3204123E+05   0.0000000E+00   0.0000000E+00   0.0000000E+00   0.0000000E+00
   1.7660378E-01   8.8174561E+05   8.8174561E+05   2.5966420E+00   1.9297327E+00   2.6288275E+01   8.7786881E+05   8.8174561E+05   4.1465193E+05   0.0000000E+00   0.0000000E+00   0.0000000E+00   0.0000000E+00
   1.8250971E-01   8.5171123E+05   8.5171123E+05   2.2981770E+00   1.7453132E+00   2.3860855E+01   8.4796542E+05   8.5171123E+05   4.0052740E+05   0.0000000E+00   0.0000000E+00   0.0000000E+00   0.0000000E+00
   1.8861305E-01   8.2531075E+05   8.2531075E+05   2.0778768E+00   1.5835267E+00   2.1710322E+01   8.2168009E+05   8.2531075E+05   3.8811182E+05   0.0000000E+00   0.0000000E+00   0.0000000E+00   0.0000000E+00
   1.9492047E-01   7.9862567E+05   7.9862567E+05   1.8838506E+00   1.4347596E+00   1.9741079E+01   7.9511150E+05   7.9862567E+05   3.7556245E+05   0.0000000E+00   0.0000000E+00   0.0000000E+00   0.0000000E+00
   2.0143882E-01   7.6845301E+05   7.6845301E+05   1.7416676E+00   1.2926576E+00   1.7837427E+01   7.6507080E+05   7.6845301E+05   3.6137307E+05   0.0000000E+00   0.0000000E+00   0.0000000E+00   0.0000000E+00
   2.0817515E-01   7.3348412E+05   7.3348412E+05   1.5419611E+00   1.1552870E+00   1.5999840E+01   7.3025509E+05   7.3348412E+05   3.4492825E+05   0.0000000E+00   0.0000000E+00   0.0000000E+00   0.0000000E+00
   2.1513676E-01   6.9483209E+05   6.9483209E+05   1.3677128E+00   1.0247409E+00   1.4231619E+01   6.9177257E+05   6.9483209E+05   3.2675145E+05   0.0000000E+00   0.0000000E+00   0.0000000E+00   0.0000000E+00
   2.2233124E-01   6.5558709E+05   6.5558709E+05   1.2112207E+00   9.0531536E-01   1.2603258E+01   6.5269980E+05   6.5558709E+05   3.0829585E+05   0.0000000E+00   0.0000000E+00   0.0000000E+00   0.0000000E+00
   2.2976651E-01   6.1946885E+05   6.1946885E+05   1.0517487E+00   8.0098081E-01   1.1183106E+01   6.1674011E+05   6.1946885E+05   2.9131068E+05   0.0000000E+00   0.0000000E+00   0.0000000E+00   0.0000000E+00
   2.3745086E-01   5.8910387E+05   5.8910387E+05   9.3678047E-01   7.1321939E-01   9.9837972E+00   5.8650842E+05   5.8910387E+05   2.7703107E+05   0.0000000E+00   0.0000000E+00   0.0000000E+00   0.0000000E+00
   2.4539305E-01   5.6474821E+05   5.6474821E+05   8.5261082E-01   6.4018992E-01   8.9862940E+00   5.6225965E+05   5.6474821E+05   2.6557743E+05   0.0000000E+00   0.0000000E+00   0.0000000E+00   0.0000000E+00
   2.5360234E-01   5.4418072E+05   5.4418072E+05   7.6062826E-01   5.7758164E-01   8.1257416E+00   5.4178241E+05   5.4418072E+05   2.5590523E+05   0.0000000E+00   0.0000000E+00   0.0000000E+00   0.0000000E+00
   2.6208859E-01   5.2394510E+05   5.2394510E+05   6.9146734E-01   5.2067336E-01   7.3423434E+00   5.2163563E+05   5.2394510E+05   2.4638911E+05   0.0000000E+00   0.0000000E+00   0.0000000E+00   0.0000000E+00
   2.7086235E-01   5.0133739E+05   5.0133739E+05   6.1444271E-01   4.6645532E-01   6.5949626E+00   4.9912725E+05   5.0133739E+05   2.3575752E+05   0.0000000E+00   0.0000000E+00   0.0000000E+00   0.0000000E+00
   2.7993498E-01   4.7597308E+05   4.7597308E+05   5.4854227E-01   4.1461904E-01   5.8720291E+00   4.7387448E+05   4.7597308E+05   2.2382965E+05   0.0000000E+00   0.0000000E+00   0.0000000E+00   0.0000000E+00
   2.8931872E-01   4.4988307E+05   4.4988307E+05   4.8353842E-01   3.6688716E-01   5.2236122E+00   4.4789926E+05   4.4988307E+05   2.1156053E+05   0.0000000E+00   0.0000000E+00   0.0000000E+00   0.0000000E+00
   2.9902693E-01   4.2597708E+05   4.2597708E+05   4.3325644E-01   3.2520323E-01   4.6342779E+00   4.2409846E+05   4.2597708E+05   2.0031847E+05   0.0000000E+00   0.0000000E+00   0.0000000E+00   0.0000000E+00
   3.0907414E-01   4.0589462E+05   4.0589462E+05   3.8599153E-01   2.9005348E-01   4.1386085E+00   4.0410436E+05   4.0589462E+05   1.9087447E+05   0.0000000E+00   0.0000000E+00   0.0000000E+00   0.0000000E+00
   3.1947631E-01   3.8885259E+05   3.8885259E+05   3.4403473E-01   2.6007390E-01   3.7218520E+00   3.8713732E+05   3.8885259E+05   1.8286027E+05   0.0000000E+00   0.0000000E+00   0.0000000E+00   0.0000000E+00
   3.3025105E-01   3.7245197E+05   3.7245197E+05   3.0856615E-01   2.3311514E-01   3.3405230E+00   3.7080889E+05   3.7245197E+05   1.7514771E+05   0.0000000E+00   0.0000000E+00   0.0000000E+00   0.0000000E+00
   3.4141784E-01   3.5481206E+05   3.5481206E+05   2.7521793E-01   2.0778591E-01   2.9859147E+00   3.5324665E+05   3.5481206E+05   1.6685237E+05   0.0000000E+00   0.0000000E+00   0.0000000E+00   0.0000000E+00
   3.5299837E-01   3.3614415E+05   3.3614415E+05   2.4338003E-01   1.8415056E-01   2.6488669E+00   3.3466096E+05   3.3614415E+05   1.5807362E+05   0.0000000E+00   0.0000000E+00   0.0000000E+00   0.0000000E+00
   3.6501692E-01   3.1827215E+05   3.1827215E+05   2.1661991E-01   1.6306778E-01   2.3515249E+00   3.1686771E+05   3.1827215E+05   1.4966916E+05   0.0000000E+00   0.0000000E+00   0.0000000E+00   0.0000000E+00
   3.7750074E-01   3.0258505E+05   3.0258505E+05   1.9201939E-01   1.4494661E-01   2.0960002E+00   3.0124973E+05   3.0258505E+05   1.4229217E+05   0.0000000E+00   0.0000000E+00   0.0000000E+00   0.0000000E+00
   3.9048066E-01   2.8860726E+05   2.8860726E+05   1.7166987E-01   1.2921235E-01   1.8696602E+00   2.8733352E+05   2.8860726E+05   1.3571900E+05   0.0000000E+00   0.0000000E+00   0.0000000E+00   0.0000000E+00
   4.0399167E-01   2.7477343E+05   2.7477343E+05   1.5204485E-01   1.1492806E-01   1.6660576E+00   2.7356066E+05   2.7477343E+05   1.2921353E+05   0.0000000E+00   0.0000000E+00   0.0000000E+00   0.0000000E+00
   4.1807376E-01   2.6041294E+05   2.6041294E+05   1.3474760E-01   1.0170788E-01   1.4788085E+00   2.5926347E+05   2.6041294E+05   1.2246041E+05   0.0000000E+00   0.0000000E+00   0.0000000E+00   0.0000000E+00
   4.3277288E-01   2.4639121E+05   2.4639121E+05   1.1885062E-01   8.9805848E-02   1.3075376E+00   2.4530357E+05   2.4639121E+05   1.1586659E+05   0.0000000E+00   0.0000000E+00   0.0000000E+00   0.0000000E+00
   4.4814216E-01   2.3362810E+05   2.3362810E+05   1.0511329E-01   7.9413394E-02   1.1588536E+00   2.3259674E+05   2.3362810E+05   1.0986466E+05   0.0000000E+00   0.0000000E+00   0.0000000E+00   0.0000000E+00
   4.6424344E-01   2.2174637E+05   2.2174637E+05   9.3127419E-02   7.0236880E-02   1.0265113E+00   2.2076741E+05   2.2174637E+05   1.0427719E+05   0.0000000E+00   0.0000000E+00   0.0000000E+00   0.0000000E+00
   4.8114924E-01   2.0988011E+05   2.0988011E+05   8.2077780E-02   6.1888909E-02   9.0596172E-01   2.0895349E+05   2.0988011E+05   9.8697014E+04   0.0000000E+00   0.0000000E+00   0.0000000E+00   0.0000000E+00
   4.9894519E-01   1.9812761E+05   1.9812761E+05   7.2016995E-02   5.4330239E-02   7.9663464E-01   1.9725282E+05   1.9812761E+05   9.3170326E+04   0.0000000E+00   0.0000000E+00   0.0000000E+00   0.0000000E+00
   5.1773315E-01   1.8708434E+05   1.8708434E+05   6.3126240E-02   4.7646208E-02   6.9934369E-01   1.8625827E+05   1.8708434E+05   8.7977165E+04   0.0000000E+00   0.0000000E+00   0.0000000E+00   0.0000000E+00
   5.3763537E-01   1.7657244E+05   1.7657244E+05   5.5262277E-02   4.1701386E-02   6.1313439E-01   1.7579275E+05   1.7657244E+05   8.3033885E+04   0.0000000E+00   0.0000000E+00   0.0000000E+00   0.0000000E+00
   5.5879959E-01   1.6616637E+05   1.6616637E+05   4.8118918E-02   3.6327447E-02   5.3548368E-01   1.6543260E+05   1.6616637E+05   7.8140377E+04   0.0000000E+00   0.0000000E+00   0.0000000E+00   0.0000000E+00
   5.8140587E-01   1.5608726E+05   1.5608726E+05   4.1746836E-02   3.1521966E-02   4.6529827E-01   1.5539797E+05   1.5608726E+05   7.3400621E+04   0.0000000E+00   0.0000000E+00   0.0000000E+00   0.0000000E+00
   6.0567519E-01   1.4641988E+05   1.4641988E+05   3.6091922E-02   2.7247430E-02   4.0290010E-01   1.4577326E+05   1.4641988E+05   6.8854492E+04   0.0000000E+00   0.0000000E+00   0.0000000E+00   0.0000000E+00
   6.3188034E-01   1.3691438E+05   1.3691438E+05   3.0998509E-02   2.3409119E-02   3.4658124E-01   1.3630972E+05   1.3691438E+05   6.4384484E+04   0.0000000E+00   0.0000000E+00   0.0000000E+00   0.0000000E+00
   6.6035915E-01   1.2766742E+05   1.2766742E+05   2.6465066E-02   1.9986002E-02   2.9635421E-01   1.2710357E+05   1.2766742E+05   6.0036056E+04   0.0000000E+00   0.0000000E+00   0.0000000E+00   0.0000000E+00
   6.9152964E-01   1.1864117E+05   1.1864117E+05   2.2426383E-02   1.6936382E-02   2.5152833E-01   1.1811717E+05   1.1864117E+05   5.5791422E+04   0.0000000E+00   0.0000000E+00   0.0000000E+00   0.0000000E+00
   7.2590473E-01   1.0978616E+05   1.0978616E+05   1.8832541E-02   1.4223145E-02   2.1176736E-01   1.0930125E+05   1.0978616E+05   5.1627315E+04   0.0000000E+00   0.0000000E+00   0.0000000E+00   0.0000000E+00
   7.6410121E-01   1.0112310E+05   1.0112310E+05   1.5653716E-02   1.1823779E-02   1.7632417E-01   1.0067644E+05   1.0112310E+05   4.7553473E+04   0.0000000E+00   0.0000000E+00   0.0000000E+00   0.0000000E+00
   8.0683212E-01   9.2640440E+04   9.2640440E+04   1.2861052E-02   9.7149949E-03   1.4496371E-01   9.2231236E+04   9.2640440E+04   4.3564471E+04   0.0000000E+00   0.0000000E+00   0.0000000E+00   0.0000000E+00
   8.5486594E-01   8.4371407E+04   8.4371407E+04   1.0433789E-02   7.8814855E-03   1.1780215E-01   8.3998717E+04   8.4371407E+04   3.9675926E+04   0.0000000E+00   0.0000000E+00   0.0000000E+00   0.0000000E+00
   9.0893782E-01   7.6375435E+04   7.6375435E+04   8.3560778E-03   6.3109487E-03   9.4524562E-02   7.6038056E+04   7.6375435E+04   3.5915790E+04   0.0000000E+00   0.0000000E+00   0.0000000E+00   0.0000000E+00
   9.6962276E-01   6.8737223E+04   6.8737223E+04   6.6063537E-03   4.9910990E-03   7.4952481E-02   6.8433577E+04   6.8737223E+04   3.2323893E+04   0.0000000E+00   0.0000000E+00   0.0000000E+00   0.0000000E+00
   1.0372305E+00   6.1554714E+04   6.1554714E+04   5.1694132E-03   3.9058994E-03   5.8758266E-02   6.1282790E+04   6.1554714E+04   2.8946293E+04   0.0000000E+00   0.0000000E+00   0.0000000E+00   0.0000000E+00
   1.1118099E+00   5.4911871E+04   5.4911871E+04   4.0132982E-03   3.0326051E-03   4.5675506E-02   5.4669287E+04   5.4911871E+04   2.5822473E+04   0.0000000E+00   0.0000000E+00   0.0000000E+00   0.0000000E+00
   1.1932843E+00   4.8858058E+04   4.8858058E+04   3.0995943E-03   2.3423916E-03   3.5301093E-02   4.8642214E+04   4.8858058E+04   2.2975647E+04   0.0000000E+00   0.0000000E+00   0.0000000E+00   0.0000000E+00
   1.2816261E+00   4.3400258E+04   4.3400258E+04   2.3847330E-03   1.8037706E-03   2.7264950E-02   4.3208522E+04   4.3400258E+04   2.0409099E+04   0.0000000E+00   0.0000000E+00   0.0000000E+00   0.0000000E+00
   1.3769629E+00   3.8511943E+04   3.8511943E+04   1.8352198E-03   1.3866383E-03   2.0974092E-02   3.8341800E+04   3.8511943E+04   1.8110353E+04   0.0000000E+00   0.0000000E+00   0.0000000E+00   0.0000000E+00
   1.4795925E+00   3.4150532E+04   3.4150532E+04   1.4092526E-03   1.0649419E-03   1.6153744E-02   3.3999655E+04   3.4150532E+04   1.6059386E+04   0.0000000E+00   0.0000000E+00   0.0000000E+00   0.0000000E+00
   1.5899491E+00   3.0266634E+04   3.0266634E+04   1.0815294E-03   8.1735548E-04   1.2402996E-02   3.0132915E+04   3.0266634E+04   1.4232971E+04   0.0000000E+00   0.0000000E+00   0.0000000E+00   0.0000000E+00
   1.7085627E+00   2.6811849E+04   2.6811849E+04   8.2960436E-04   6.2701628E-04   9.5092716E-03   2.6693393E+04   2.6811849E+04   1.2608348E+04   0.0000000E+00   0.0000000E+00   0.0000000E+00   0.0000000E+00
   1.8360327E+00   2.3741027E+04   2.3741027E+04   6.3618091E-04   4.8078753E-04   7.3131304E-03   2.3636137E+04   2.3741027E+04   1.1164285E+04   0.0000000E+00   0.0000000E+00   0.0000000E+00   0.0000000E+00
   1.9730146E+00   2.1013133E+04   2.1013133E+04   4.8754923E-04   3.6850669E-04   5.5983719E-03   2.0920293E+04   2.1013133E+04   9.8814847E+03   0.0000000E+00   0.0000000E+00   0.0000000E+00   0.0000000E+00
   2.1202169E+00   1.8591125E+04   1.8591125E+04   3.7352039E-04   2.8233263E-04   4.2898831E-03   1.8508987E+04   1.8591125E+04   8.7425288E+03   0.0000000E+00   0.0000000E+00   0.0000000E+00   0.0000000E+00
   2.2784016E+00   1.6441874E+04   1.6441874E+04   2.8605446E-04   2.1622586E-04   3.2941487E-03   1.6369231E+04   1.6441874E+04   7.7318372E+03   0.0000000E+00   0.0000000E+00   0.0000000E+00   0.0000000E+00
   2.4483882E+00   1.4535553E+04   1.4535553E+04   2.1899306E-04   1.6553463E-04   2.5203895E-03   1.4471332E+04   1.4535553E+04   6.8353844E+03   0.0000000E+00   0.0000000E+00   0.0000000E+00   0.0000000E+00
   2.6310572E+00   1.2845522E+04   1.2845522E+04   1.6766603E-04   1.2668062E-04   1.9312477E-03   1.2788767E+04   1.2845522E+04   6.0406422E+03   0.0000000E+00   0.0000000E+00   0.0000000E+00   0.0000000E+00
   2.8273546E+00   1.1347937E+04   1.1347937E+04   1.2821792E-04   9.6911793E-05   1.4788838E-03   1.1297799E+04   1.1347937E+04   5.3363986E+03   0.0000000E+00   0.0000000E+00   0.0000000E+00   0.0000000E+00
   3.0382974E+00   1.0021472E+04   1.0021472E+04   9.8048311E-05   7.4112710E-05   1.1323393E-03   9.9771941E+03   1.0021472E+04   4.7126247E+03   0.0000000E+00   0.0000000E+00   0.0000000E+00   0.0000000E+00
   3.2649782E+00   8.8470787E+03   8.8470787E+03   7.4953448E-05   5.6658201E-05   8.6522518E-04   8.8079899E+03   8.8470787E+03   4.1603631E+03   0.0000000E+00   0.0000000E+00   0.0000000E+00   0.0000000E+00
   3.5085711E+00   7.8077579E+03   7.8077579E+03   5.7339926E-05   4.3300326E-05   6.6366800E-04   7.7732610E+03   7.8077579E+03   3.6716196E+03   0.0000000E+00   0.0000000E+00   0.0000000E+00   0.0000000E+00
   3.7703380E+00   6.8883458E+03   6.8883458E+03   4.3760101E-05   3.3081257E-05   5.0459624E-04   6.8579111E+03   6.8883458E+03   3.2392635E+03   0.0000000E+00   0.0000000E+00   0.0000000E+00   0.0000000E+00
   4.0516347E+00   6.0753266E+03   6.0753266E+03   3.3428541E-05   2.5266162E-05   3.8545248E-04   6.0484839E+03   6.0753266E+03   2.8569390E+03   0.0000000E+00   0.0000000E+00   0.0000000E+00   0.0000000E+00
   4.3539184E+00   5.3566611E+03   5.3566611E+03   2.5521650E-05   1.9291536E-05   2.9479552E-04   5.3329937E+03   5.3566611E+03   2.5189845E+03   0.0000000E+00   0.0000000E+00   0.0000000E+00   0.0000000E+00
   4.6787548E+00   4.7216325E+03   4.7216325E+03   1.9479950E-05   1.4725438E-05   2.2646638E-04   4.7007708E+03   4.7216325E+03   2.2203606E+03   0.0000000E+00   0.0000000E+00   0.0000000E+00   0.0000000E+00
   5.0278265E+00   4.1607072E+03   4.1607072E+03   1.4863825E-05   1.1236917E-05   1.7154360E-04   4.1423239E+03   4.1607072E+03   1.9565839E+03   0.0000000E+00   0.0000000E+00   0.0000000E+00   0.0000000E+00
   5.4029418E+00   3.6654091E+03   3.6654091E+03   1.1341536E-05   8.5724906E-06   1.3075549E-04   3.6492141E+03   3.6654091E+03   1.7236686E+03   0.0000000E+00   0.0000000E+00   0.0000000E+00   0.0000000E+00
   5.8060435E+00   3.2282064E+03   3.2282064E+03   8.6489278E-06   6.5380933E-06   9.9918756E-05   3.2139431E+03   3.2282064E+03   1.5180729E+03   0.0000000E+00   0.0000000E+00   0.0000000E+00   0.0000000E+00
   6.2392198E+00   2.8424103E+03   2.8424103E+03   6.5949021E-06   4.9852006E-06   7.6492850E-05   2.8298515E+03   2.8424103E+03   1.3366512E+03   0.0000000E+00   0.0000000E+00   0.0000000E+00   0.0000000E+00
   6.7047144E+00   2.5020837E+03   2.5020837E+03   5.0269929E-06   3.8001847E-06   5.7981604E-05   2.4910286E+03   2.5020837E+03   1.1766117E+03   0.0000000E+00   0.0000000E+00   0.0000000E+00   0.0000000E+00
   7.2049386E+00   2.2019596E+03   2.2019596E+03   3.8310418E-06   2.8961451E-06   4.4331185E-05   2.1922306E+03   2.2019596E+03   1.0354775E+03   0.0000000E+00   0.0000000E+00   0.0000000E+00   0.0000000E+00
   7.7424835E+00   1.9373677E+03   1.9373677E+03   2.9189871E-06   2.2066444E-06   3.4165728E-05   1.9288078E+03   1.9373677E+03   9.1105245E+02   0.0000000E+00   0.0000000E+00   0.0000000E+00   0.0000000E+00
   8.3201333E+00   1.7041686E+03   1.7041686E+03   2.2234215E-06   1.6809068E-06   2.5964177E-05   1.6966390E+03   1.7041686E+03   8.0138993E+02   0.0000000E+00   0.0000000E+00   0.0000000E+00   0.0000000E+00
   8.9408804E+00   1.4986954E+03   1.4986954E+03   1.6929617E-06   1.2801382E-06   1.9698365E-05   1.4920736E+03   1.4986954E+03   7.0476557E+02   0.0000000E+00   0.0000000E+00   0.0000000E+00   0.0000000E+00
   9.6079401E+00   1.3177009E+03   1.3177009E+03   1.2892958E-06   9.7470841E-07   1.4871010E-05   1.3118789E+03   1.3177009E+03   6.1965244E+02   0.0000000E+00   0.0000000E+00   0.0000000E+00   0.0000000E+00
   1.0324768E+01   1.1583113E+03   1.1583113E+03   9.8142577E-07   7.4199290E-07   1.1306547E-05   1.1531935E+03   1.1583113E+03   5.4469905E+02   0.0000000E+00   0.0000000E+00   0.0000000E+00   0.0000000E+00
