#           k/h    CDM            baryon         photon         nu             mass_nu        total          no_nu          total_de       Weyl           v_CDM          v_b            v_b-v_c     
   1.1188937E-05   1.2216301E+07   1.2216301E+07   1.6282630E+07   9.3415645E+05   1.0119191E+07   1.2216319E+07   1.2216301E+07   6.4314466E+06   0.0000000E+00   0.0000000E+00   0.0000000E+00   0.0000000E+00
   1.2023719E-05   1.2216283E+07   1.2216283E+07   1.6281712E+07   9.3414101E+05   1.0118955E+07   1.2216301E+07   1.2216283E+07   6.4314360E+06   0.0000000E+00   0.0000000E+00   0.0000000E+00   0.0000000E+00
   1.2920783E-05   1.2216262E+07   1.2216262E+07   1.6280653E+07   9.3412319E+05   1.0118682E+07   1.2216279E+07   1.2216262E+07   6.4314236E+06   0.0000000E+00   0.0000000E+00   0.0000000E+00   0.0000000E+00
   1.3884774E-05   1.2216238E+07   1.2216238E+07   1.6279430E+07   9.3410260E+05   1.0118366E+07   1.2216255E+07   1.2216238E+07   6.4314094E+06   0.0000000E+00   0.0000000E+00   0.0000000E+00   0.0000000E+00
   1.4920687E-05   1.2216210E+07   1.2216210E+07   1.6278017E+07   9.3407883E+05   1.0118002E+07   1.2216227E+07   1.2216210E+07   6.4313929E+06   0.0000000E+00   0.0000000E+00   0.0000000E+00   0.0000000E+00
   1.6033887E-05   1.2216177E+07   1.2216177E+07   1.6276386E+07   9.3405138E+05   1.0117582E+07   1.2216194E+07   1.2216177E+07   6.4313739E+06   0.0000000E+00   0.0000000E+00   0.0000000E+00   0.0000000E+00
   1.7230141E-05   1.2216140E+07   1.2216140E+07   1.6274503E+07   9.3401969E+05   1.0117096E+07   1.2216157E+07   1.2216140E+07   6.4313519E+06   0.0000000E+00   0.0000000E+00   0.0000000E+00   0.0000000E+00
   1.8515644E-05   1.2216097E+07   1.2216097E+07   1.6272328E+07   9.3398309E+05   1.0116535E+07   1.2216113E+07   1.2216097E+07   6.4313266E+06   0.0000000E+00   0.0000000E+00   0.0000000E+00   0.0000000E+00
   1.9897056E-05   1.2216047E+07   1.2216047E+07   1.6269818E+07   9.3394083E+05   1.0115888E+07   1.2216063E+07   1.2216047E+07   6.4312973E+06   0.0000000E+00   0.0000000E+00   0.0000000E+00   0.0000000E+00
   2.1381532E-05   1.2215989E+07   1.2215989E+07   1.6266919E+07   9.3389203E+05   1.0115140E+07   1.2216005E+07   1.2215989E+07   6.4312635E+06   0.0000000E+00   0.0000000E+00   0.0000000E+00   0.0000000E+00
   2.2976762E-05   1.2215923E+07   1.2215923E+07   1.6263572E+07   9.3383568E+05   1.0114277E+07   1.2215939E+07   1.2215923E+07   6.4312245E+06   0.0000000E+00   0.0000000E+00   0.0000000E+00   0.0000000E+00
   2.4691008E-05   1.2215846E+07   1.2215846E+07   1.6259708E+07   9.3377062E+05   1.0113281E+07   1.2215861E+07   1.2215846E+07   6.4311795E+06   0.0000000E+00   0.0000000E+00   0.0000000E+00   0.0000000E+00
   2.6533151E-05   1.2215757E+07   1.2215757E+07   1.6255247E+07   9.3369549E+05   1.0112130E+07   1.2215772E+07   1.2215757E+07   6.4311275E+06   0.0000000E+00   0.0000000E+00   0.0000000E+00   0.0000000E+00
   2.8512731E-05   1.2215655E+07   1.2215655E+07   1.6250097E+07   9.3360875E+05   1.0110801E+07   1.2215670E+07   1.2215655E+07   6.4310674E+06   0.0000000E+00   0.0000000E+00   0.0000000E+00   0.0000000E+00
   3.0640004E-05   1.2215537E+07   1.2215537E+07   1.6244152E+07   9.3350859E+05   1.0109267E+07   1.2215551E+07   1.2215537E+07   6.4309980E+06   0.0000000E+00   0.0000000E+00   0.0000000E+00   0.0000000E+00
   3.2925988E-05   1.2215400E+07   1.2215400E+07   1.6237289E+07   9.3339295E+05   1.0107496E+07   1.2215414E+07   1.2215400E+07   6.4309180E+06   0.0000000E+00   0.0000000E+00   0.0000000E+00   0.0000000E+00
   3.5382525E-05   1.2215243E+07   1.2215243E+07   1.6229367E+07   9.3325943E+05   1.0105451E+07   1.2215255E+07   1.2215243E+07   6.4308255E+06   0.0000000E+00   0.0000000E+00   0.0000000E+00   0.0000000E+00
   3.8022338E-05   1.2215061E+07   1.2215061E+07   1.6220224E+07   9.3310528E+05   1.0103091E+07   1.2215073E+07   1.2215061E+07   6.4307188E+06   0.0000000E+00   0.0000000E+00   0.0000000E+00   0.0000000E+00
   4.0859102E-05   1.2214851E+07   1.2214851E+07   1.6209673E+07   9.3292731E+05   1.0100365E+07   1.2214862E+07   1.2214851E+07   6.4305956E+06   0.0000000E+00   0.0000000E+00   0.0000000E+00   0.0000000E+00
   4.3907511E-05   1.2214609E+07   1.2214609E+07   1.6197496E+07   9.3272185E+05   1.0097220E+07   1.2214618E+07   1.2214609E+07   6.4304533E+06   0.0000000E+00   0.0000000E+00   0.0000000E+00   0.0000000E+00
   4.7183355E-05   1.2214329E+07   1.2214329E+07   1.6183446E+07   9.3248467E+05   1.0093589E+07   1.2214337E+07   1.2214329E+07   6.4302891E+06   0.0000000E+00   0.0000000E+00   0.0000000E+00   0.0000000E+00
   5.0703603E-05   1.2214006E+07   1.2214006E+07   1.6167236E+07   9.3221089E+05   1.0089398E+07   1.2214012E+07   1.2214006E+07   6.4300995E+06   0.0000000E+00   0.0000000E+00   0.0000000E+00   0.0000000E+00
   5.4486489E-05   1.2213633E+07   1.2213633E+07   1.6148536E+07   9.3189486E+05   1.0084561E+07   1.2213637E+07   1.2213633E+07   6.4298807E+06   0.0000000E+00   0.0000000E+00   0.0000000E+00   0.0000000E+00
   5.8551607E-05   1.2213202E+07   1.2213202E+07   1.6126969E+07   9.3153010E+05   1.0078979E+07   1.2213205E+07   1.2213202E+07   6.4296282E+06   0.0000000E+00   0.0000000E+00   0.0000000E+00   0.0000000E+00
   6.2920015E-05   1.2212705E+07   1.2212705E+07   1.6102098E+07   9.3110912E+05   1.0072539E+07   1.2212706E+07   1.2212705E+07   6.4293368E+06   0.0000000E+00   0.0000000E+00   0.0000000E+00   0.0000000E+00
   6.7614341E-05   1.2212132E+07   1.2212132E+07   1.6073425E+07   9.3062331E+05   1.0065108E+07   1.2212129E+07   1.2212132E+07   6.4290005E+06   0.0000000E+00   0.0000000E+00   0.0000000E+00   0.0000000E+00
   7.2658900E-05   1.2211470E+07   1.2211470E+07   1.6040375E+07   9.3006273E+05   1.0056536E+07   1.2211464E+07   1.2211470E+07   6.4286124E+06   0.0000000E+00   0.0000000E+00   0.0000000E+00   0.0000000E+00
   7.8079823E-05   1.2210706E+07   1.2210706E+07   1.6002294E+07   9.2941596E+05   1.0046648E+07   1.2210697E+07   1.2210706E+07   6.4281647E+06   0.0000000E+00   0.0000000E+00   0.0000000E+00   0.0000000E+00
   8.3905189E-05   1.2209825E+07   1.2209825E+07   1.5958427E+07   9.2866985E+05   1.0035246E+07   1.2209812E+07   1.2209825E+07   6.4276483E+06   0.0000000E+00   0.0000000E+00   0.0000000E+00   0.0000000E+00
   9.0165173E-05   1.2208809E+07   1.2208809E+07   1.5907918E+07   9.2780928E+05   1.0022101E+07   1.2208791E+07   1.2208809E+07   6.4270527E+06   0.0000000E+00   0.0000000E+00   0.0000000E+00   0.0000000E+00
   9.6892201E-05   1.2207637E+07   1.2207637E+07   1.5849786E+07   9.2681686E+05   1.0006948E+07   1.2207613E+07   1.2207637E+07   6.4263660E+06   0.0000000E+00   0.0000000E+00   0.0000000E+00   0.0000000E+00
   1.0412112E-04   1.2206285E+07   1.2206285E+07   1.5782914E+07   9.2567265E+05   9.9894870E+06   1.2206255E+07   1.2206285E+07   6.4255742E+06   0.0000000E+00   0.0000000E+00   0.0000000E+00   0.0000000E+00
   1.1188937E-04   1.2204726E+07   1.2204726E+07   1.5706037E+07   9.2435374E+05   9.9693727E+06   1.2204688E+07   1.2204726E+07   6.4246617E+06   0.0000000E+00   0.0000000E+00   0.0000000E+00   0.0000000E+00
   1.2023719E-04   1.2202930E+07   1.2202930E+07   1.5617717E+07   9.2283389E+05   9.9462107E+06   1.2202883E+07   1.2202930E+07   6.4236103E+06   0.0000000E+00   0.0000000E+00   0.0000000E+00   0.0000000E+00
   1.2920783E-04   1.2200860E+07   1.2200860E+07   1.5516334E+07   9.2108306E+05   9.9195507E+06   1.2200803E+07   1.2200860E+07   6.4223993E+06   0.0000000E+00   0.0000000E+00   0.0000000E+00   0.0000000E+00
   1.3884774E-04   1.2198475E+07   1.2198475E+07   1.5400062E+07   9.1906690E+05   9.8888800E+06   1.2198407E+07   1.2198475E+07   6.4210051E+06   0.0000000E+00   0.0000000E+00   0.0000000E+00   0.0000000E+00
   1.4920687E-04   1.2195729E+07   1.2195729E+07   1.5266859E+07   9.1674621E+05   9.8536158E+06   1.2195647E+07   1.2195729E+07   6.4194006E+06   0.0000000E+00   0.0000000E+00   0.0000000E+00   0.0000000E+00
   1.6033887E-04   1.2192568E+07   1.2192568E+07   1.5114448E+07   9.1407633E+05   9.8130973E+06   1.2192471E+07   1.2192568E+07   6.4175550E+06   0.0000000E+00   0.0000000E+00   0.0000000E+00   0.0000000E+00
   1.7230141E-04   1.2188931E+07   1.2188931E+07   1.4940310E+07   9.1100649E+05   9.7665778E+06   1.2188817E+07   1.2188931E+07   6.4154336E+06   0.0000000E+00   0.0000000E+00   0.0000000E+00   0.0000000E+00
   1.8515644E-04   1.2184750E+07   1.2184750E+07   1.4741679E+07   9.0747912E+05   9.7132164E+06   1.2184616E+07   1.2184750E+07   6.4129968E+06   0.0000000E+00   0.0000000E+00   0.0000000E+00   0.0000000E+00
   1.9897056E-04   1.2179946E+07   1.2179946E+07   1.4515545E+07   9.0342915E+05   9.6520699E+06   1.2179788E+07   1.2179946E+07   6.4102000E+06   0.0000000E+00   0.0000000E+00   0.0000000E+00   0.0000000E+00
   2.1381532E-04   1.2174430E+07   1.2174430E+07   1.4258674E+07   8.9878328E+05   9.5820860E+06   1.2174245E+07   1.2174430E+07   6.4069929E+06   0.0000000E+00   0.0000000E+00   0.0000000E+00   0.0000000E+00
   2.2976762E-04   1.2168103E+07   1.2168103E+07   1.3967642E+07   8.9345927E+05   9.5020976E+06   1.2167887E+07   1.2168103E+07   6.4033195E+06   0.0000000E+00   0.0000000E+00   0.0000000E+00   0.0000000E+00
   2.4691008E-04   1.2160853E+07   1.2160853E+07   1.3638893E+07   8.8736534E+05   9.4108194E+06   1.2160600E+07   1.2160853E+07   6.3991170E+06   0.0000000E+00   0.0000000E+00   0.0000000E+00   0.0000000E+00
   2.6533151E-04   1.2152554E+07   1.2152554E+07   1.3268832E+07   8.8039962E+05   9.3068484E+06   1.2152260E+07   1.2152554E+07   6.3943163E+06   0.0000000E+00   0.0000000E+00   0.0000000E+00   0.0000000E+00
   2.8512731E-04   1.2143068E+07   1.2143068E+07   1.2853946E+07   8.7244986E+05   9.1886691E+06   1.2142727E+07   1.2143068E+07   6.3888412E+06   0.0000000E+00   0.0000000E+00   0.0000000E+00   0.0000000E+00
   3.0640004E-04   1.2132241E+07   1.2132241E+07   1.2390988E+07   8.6339340E+05   9.0546661E+06   1.2131846E+07   1.2132241E+07   6.3826087E+06   0.0000000E+00   0.0000000E+00   0.0000000E+00   0.0000000E+00
   3.2925988E-04   1.2119908E+07   1.2119908E+07   1.1877207E+07   8.5309763E+05   8.9031457E+06   1.2119450E+07   1.2119908E+07   6.3755296E+06   0.0000000E+00   0.0000000E+00   0.0000000E+00   0.0000000E+00
   3.5382525E-04   1.2105886E+07   1.2105886E+07   1.1310648E+07   8.4142090E+05   8.7323701E+06   1.2105356E+07   1.2105886E+07   6.3675090E+06   0.0000000E+00   0.0000000E+00   0.0000000E+00   0.0000000E+00
   3.8022338E-04   1.2089981E+07   1.2089981E+07   1.0690520E+07   8.2821441E+05   8.5406055E+06   1.2089370E+07   1.2089981E+07   6.3584475E+06   0.0000000E+00   0.0000000E+00   0.0000000E+00   0.0000000E+00
   4.0859102E-04   1.2071991E+07   1.2071991E+07   1.0017635E+07   8.1332493E+05   8.3261904E+06   1.2071286E+07   1.2071991E+07   6.3482438E+06   0.0000000E+00   0.0000000E+00   0.0000000E+00   0.0000000E+00
   4.3907511E-04   1.2051704E+07   1.2051704E+07   9.2949046E+06   7.9659888E+05   8.0876234E+06   1.2050891E+07   1.2051704E+07   6.3367968E+06   0.0000000E+00   0.0000000E+00   0.0000000E+00   0.0000000E+00
   4.7183355E-04   1.2028907E+07   1.2028907E+07   8.5278627E+06   7.7788792E+05   7.8236757E+06   1.2027971E+07   1.2028907E+07   6.3240099E+06   0.0000000E+00   0.0000000E+00   0.0000000E+00   0.0000000E+00
   5.0703603E-04   1.2003392E+07   1.2003392E+07   7.7251673E+06   7.5705627E+05   7.5335276E+06   1.2002317E+07   1.2003392E+07   6.3097955E+06   0.0000000E+00   0.0000000E+00   0.0000000E+00   0.0000000E+00
   5.4486489E-04   1.1974966E+07   1.1974966E+07   6.8989979E+06   7.3399000E+05   7.2169278E+06   1.1973733E+07   1.1974966E+07   6.2940815E+06   0.0000000E+00   0.0000000E+00   0.0000000E+00   0.0000000E+00
   5.8551607E-04   1.1943459E+07   1.1943459E+07   6.0652307E+06   7.0860835E+05   6.8743678E+06   1.1942047E+07   1.1943459E+07   6.2768174E+06   0.0000000E+00   0.0000000E+00   0.0000000E+00   0.0000000E+00
   6.2920015E-04   1.1908742E+07   1.1908742E+07   5.2432387E+06   6.8087676E+05   6.5072624E+06   1.1907127E+07   1.1908742E+07   6.2579829E+06   0.0000000E+00   0.0000000E+00   0.0000000E+00   0.0000000E+00
   6.7614341E-04   1.1870738E+07   1.1870738E+07   4.4551396E+06   6.5082133E+05   6.1181126E+06   1.1868894E+07   1.1870738E+07   6.2375952E+06   0.0000000E+00   0.0000000E+00   0.0000000E+00   0.0000000E+00
   7.2658900E-04   1.1829438E+07   1.1829438E+07   3.7243226E+06   6.1854344E+05   5.7106268E+06   1.1827337E+07   1.1829438E+07   6.2157165E+06   0.0000000E+00   0.0000000E+00   0.0000000E+00   0.0000000E+00
   7.8079823E-04   1.1784919E+07   1.1784919E+07   3.0731489E+06   5.8423321E+05   5.2897605E+06   1.1782532E+07   1.1784919E+07   6.1924595E+06   0.0000000E+00   0.0000000E+00   0.0000000E+00   0.0000000E+00
   8.3905189E-04   1.1737356E+07   1.1737356E+07   2.5198772E+06   5.4817941E+05   4.8616363E+06   1.1734649E+07   1.1737356E+07   6.1679886E+06   0.0000000E+00   0.0000000E+00   0.0000000E+00   0.0000000E+00
   9.0165173E-04   1.1687025E+07   1.1687025E+07   2.0751387E+06   5.1077310E+05   4.4333036E+06   1.1683966E+07   1.1687025E+07   6.1425172E+06   0.0000000E+00   0.0000000E+00   0.0000000E+00   0.0000000E+00
   9.6892201E-04   1.1634309E+07   1.1634309E+07   1.7386651E+06   4.7250192E+05   4.0123160E+06   1.1630862E+07   1.1634309E+07   6.1162975E+06   0.0000000E+00   0.0000000E+00   0.0000000E+00   0.0000000E+00
   1.0412112E-03   1.1579677E+07   1.1579677E+07   1.4973806E+06   4.3393241E+05   3.6061362E+06   1.1575805E+07   1.1579677E+07   6.0896023E+06   0.0000000E+00   0.0000000E+00   0.0000000E+00   0.0000000E+00
   1.1188937E-03   1.1523661E+07   1.1523661E+07   1.3262209E+06   3.9567879E+05   3.2214278E+06   1.1519329E+07   1.1523661E+07   6.0627012E+06   0.0000000E+00   0.0000000E+00   0.0000000E+00   0.0000000E+00
   1.2023719E-03   1.1466815E+07   1.1466815E+07   1.1928021E+06   3.5835941E+05   2.8633570E+06   1.1461990E+07   1.1466815E+07   6.0358311E+06   0.0000000E+00   0.0000000E+00   0.0000000E+00   0.0000000E+00
   1.2920783E-03   1.1409665E+07   1.1409665E+07   1.0659923E+06   3.2254552E+05   2.5350763E+06   1.1404314E+07   1.1409665E+07   6.0091687E+06   0.0000000E+00   0.0000000E+00   0.0000000E+00   0.0000000E+00
   1.3884774E-03   1.1352652E+07   1.1352652E+07   9.2637690E+05   2.8871094E+05   2.2375689E+06   1.1346746E+07   1.1352652E+07   5.9828109E+06   0.0000000E+00   0.0000000E+00   0.0000000E+00   0.0000000E+00
   1.4920687E-03   1.1296090E+07   1.1296090E+07   7.7411073E+05   2.5719398E+05   1.9699610E+06   1.1289605E+07   1.1296090E+07   5.9567693E+06   0.0000000E+00   0.0000000E+00   0.0000000E+00   0.0000000E+00
   1.6033887E-03   1.1240138E+07   1.1240138E+07   6.2835966E+05   2.2818232E+05   1.7302386E+06   1.1233055E+07   1.1240138E+07   5.9309819E+06   0.0000000E+00   0.0000000E+00   0.0000000E+00   0.0000000E+00
   1.7230141E-03   1.1184799E+07   1.1184799E+07   5.1494628E+05   2.0172600E+05   1.5160995E+06   1.1177104E+07   1.1184799E+07   5.9053380E+06   0.0000000E+00   0.0000000E+00   0.0000000E+00   0.0000000E+00
   1.8515644E-03   1.1129948E+07   1.1129948E+07   4.4642438E+05   1.7777329E+05   1.3255464E+06   1.1121634E+07   1.1129948E+07   5.8797047E+06   0.0000000E+00   0.0000000E+00   0.0000000E+00   0.0000000E+00
   1.9897056E-03   1.1075364E+07   1.1075364E+07   4.0851967E+05   1.5621436E+05   1.1569447E+06   1.1066427E+07   1.1075364E+07   5.8539418E+06   0.0000000E+00   0.0000000E+00   0.0000000E+00   0.0000000E+00
   2.1381532E-03   1.1020769E+07   1.1020769E+07   3.6883156E+05   1.3691422E+05   1.0086436E+06   1.1011208E+07   1.1020769E+07   5.8278988E+06   0.0000000E+00   0.0000000E+00   0.0000000E+00   0.0000000E+00
   2.2976762E-03   1.0965842E+07   1.0965842E+07   3.0724539E+05   1.1972541E+05   8.7864236E+05   1.0955657E+07   1.0965842E+07   5.8014032E+06   0.0000000E+00   0.0000000E+00   0.0000000E+00   0.0000000E+00
   2.4691008E-03   1.0910222E+07   1.0910222E+07   2.3892378E+05   1.0448729E+05   7.6472933E+05   1.0899413E+07   1.0910222E+07   5.7742574E+06   0.0000000E+00   0.0000000E+00   0.0000000E+00   0.0000000E+00
   2.6533151E-03   1.0853516E+07   1.0853516E+07   1.9545705E+05   9.1027647E+04   6.6494204E+05   1.0842080E+07   1.0853516E+07   5.7462521E+06   0.0000000E+00   0.0000000E+00   0.0000000E+00   0.0000000E+00
   2.8512731E-03   1.0795309E+07   1.0795309E+07   1.7908089E+05   7.9173519E+04   5.7774465E+05   1.0783240E+07   1.0795309E+07   5.7171810E+06   0.0000000E+00   0.0000000E+00   0.0000000E+00   0.0000000E+00
   3.0640004E-03   1.0735173E+07   1.0735173E+07   1.5937131E+05   6.8761403E+04   5.0174967E+05   1.0722462E+07   1.0735173E+07   5.6868396E+06   0.0000000E+00   0.0000000E+00   0.0000000E+00   0.0000000E+00
   3.2925988E-03   1.0672674E+07   1.0672674E+07   1.2794218E+05   5.9638473E+04   4.3554679E+05   1.0659313E+07   1.0672674E+07   5.6550150E+06   0.0000000E+00   0.0000000E+00   0.0000000E+00   0.0000000E+00
   3.5382525E-03   1.0607374E+07   1.0607374E+07   1.0889735E+05   5.1661412E+04   3.7788373E+05   1.0593356E+07   1.0607374E+07   5.6214910E+06   0.0000000E+00   0.0000000E+00   0.0000000E+00   0.0000000E+00
   3.8022338E-03   1.0538832E+07   1.0538832E+07   9.7576357E+04   4.4698861E+04   3.2772129E+05   1.0524152E+07   1.0538832E+07   5.5860563E+06   0.0000000E+00   0.0000000E+00   0.0000000E+00   0.0000000E+00
   4.0859102E-03   1.0466607E+07   1.0466607E+07   7.6725887E+04   3.8631718E+04   2.8413486E+05   1.0451265E+07   1.0466607E+07   5.5484979E+06   0.0000000E+00   0.0000000E+00   0.0000000E+00   0.0000000E+00
   4.3907511E-03   1.0390258E+07   1.0390258E+07   6.7378719E+04   3.3352336E+04   2.4627689E+05   1.0374257E+07   1.0390258E+07   5.5086000E+06   0.0000000E+00   0.0000000E+00   0.0000000E+00   0.0000000E+00
   4.7183355E-03   1.0309343E+07   1.0309343E+07   6.0531819E+04   2.8764928E+04   2.1335133E+05   1.0292697E+07   1.0309343E+07   5.4661502E+06   0.0000000E+00   0.0000000E+00   0.0000000E+00   0.0000000E+00
   5.0703603E-03   1.0223427E+07   1.0223427E+07   4.6737794E+04   2.4783046E+04   1.8480502E+05   1.0206156E+07   1.0223427E+07   5.4209359E+06   0.0000000E+00   0.0000000E+00   0.0000000E+00   0.0000000E+00
   5.4486489E-03   1.0132075E+07   1.0132075E+07   4.3240539E+04   2.1330784E+04   1.6003280E+05   1.0114210E+07   1.0132075E+07   5.3727449E+06   0.0000000E+00   0.0000000E+00   0.0000000E+00   0.0000000E+00
   5.8551607E-03   1.0034862E+07   1.0034862E+07   3.4395178E+04   1.8340926E+04   1.3853257E+05   1.0016432E+07   1.0034862E+07   5.3213622E+06   0.0000000E+00   0.0000000E+00   0.0000000E+00   0.0000000E+00
   6.2920015E-03   9.9313616E+06   9.9313616E+06   3.1302899E+04   1.5753969E+04   1.1987095E+05   9.9123867E+06   9.9313616E+06   5.2665689E+06   0.0000000E+00   0.0000000E+00   0.0000000E+00   0.0000000E+00
   6.7614341E-03   9.8211368E+06   9.8211368E+06   2.4726497E+04   1.3517515E+04   1.0369548E+05   9.8016448E+06   9.8211368E+06   5.2081457E+06   0.0000000E+00   0.0000000E+00   0.0000000E+00   0.0000000E+00
   7.2658900E-03   9.7037457E+06   9.7037457E+06   2.2038307E+04   1.1585915E+04   8.9634394E+04   9.6837807E+06   9.7037457E+06   5.1458753E+06   0.0000000E+00   0.0000000E+00   0.0000000E+00   0.0000000E+00
   7.8079823E-03   9.5787459E+06   9.5787459E+06   1.8922716E+04   9.9189848E+03   7.7480421E+04   9.5583598E+06   9.5787459E+06   5.0795345E+06   0.0000000E+00   0.0000000E+00   0.0000000E+00   0.0000000E+00
   8.3905189E-03   9.4456978E+06   9.4456978E+06   1.5299604E+04   8.4818270E+03   6.6920995E+04   9.4249362E+06   9.4456978E+06   5.0088931E+06   0.0000000E+00   0.0000000E+00   0.0000000E+00   0.0000000E+00
   9.0165173E-03   9.3041560E+06   9.3041560E+06   1.2802669E+04   7.2437580E+03   5.7748890E+04   9.2830674E+06   9.3041560E+06   4.9337219E+06   0.0000000E+00   0.0000000E+00   0.0000000E+00   0.0000000E+00
   9.6892201E-03   9.1536632E+06   9.1536632E+06   1.1474275E+04   6.1781065E+03   4.9805376E+04   9.1323057E+06   9.1536632E+06   4.8537881E+06   0.0000000E+00   0.0000000E+00   0.0000000E+00   0.0000000E+00
   1.0412112E-02   8.9937551E+06   8.9937551E+06   9.7960183E+03   5.2616956E+03   4.2923011E+04   8.9721898E+06   8.9937551E+06   4.7688511E+06   0.0000000E+00   0.0000000E+00   0.0000000E+00   0.0000000E+00
   1.1188937E-02   8.8239716E+06   8.8239716E+06   8.3641306E+03   4.4743557E+03   3.6950912E+04   8.8022600E+06   8.8239716E+06   4.6786706E+06   0.0000000E+00   0.0000000E+00   0.0000000E+00   0.0000000E+00
   1.2023719E-02   8.6438538E+06   8.6438538E+06   7.0630069E+03   3.7985408E+03   3.1772688E+04   8.6220622E+06   8.6438538E+06   4.5830087E+06   0.0000000E+00   0.0000000E+00   0.0000000E+00   0.0000000E+00
   1.2920783E-02   8.4529476E+06   8.4529476E+06   5.8430575E+03   3.2190550E+03   2.7282823E+04   8.4311478E+06   8.4529476E+06   4.4816299E+06   0.0000000E+00   0.0000000E+00   0.0000000E+00   0.0000000E+00
   1.3884774E-02   8.2508255E+06   8.2508255E+06   4.7416079E+03   2.7226942E+03   2.3390456E+04   8.2290856E+06   8.2508255E+06   4.3743077E+06   0.0000000E+00   0.0000000E+00   0.0000000E+00   0.0000000E+00
   1.4920687E-02   8.0370945E+06   8.0370945E+06   3.9108917E+03   2.2980248E+03   2.0027066E+04   8.0154907E+06   8.0370945E+06   4.2608398E+06   0.0000000E+00   0.0000000E+00   0.0000000E+00   0.0000000E+00
   1.6033887E-02   7.8114229E+06   7.8114229E+06   3.4933043E+03   1.9351641E+03   1.7109176E+04   7.7900291E+06   7.8114229E+06   4.1410505E+06   0.0000000E+00   0.0000000E+00   0.0000000E+00   0.0000000E+00
   1.7230141E-02   7.5735750E+06   7.5735750E+06   2.7879104E+03   1.6255506E+03   1.4580975E+04   7.5524682E+06   7.5735750E+06   4.0148180E+06   0.0000000E+00   0.0000000E+00   0.0000000E+00   0.0000000E+00
   1.8515644E-02   7.3234465E+06   7.3234465E+06   2.4250507E+03   1.3617832E+03   1.2401452E+04   7.3027024E+06   7.3234465E+06   3.8820876E+06   0.0000000E+00   0.0000000E+00   0.0000000E+00   0.0000000E+00
   1.9897056E-02   7.0611239E+06   7.0611239E+06   1.9161848E+03   1.1374784E+03   1.0516583E+04   7.0408194E+06   7.0611239E+06   3.7429074E+06   0.0000000E+00   0.0000000E+00   0.0000000E+00   0.0000000E+00
   2.1381531E-02   6.7869449E+06   6.7869449E+06   1.6136880E+03   9.4712138E+02   8.8892778E+03   6.7671536E+06   6.7869449E+06   3.5974560E+06   0.0000000E+00   0.0000000E+00   0.0000000E+00   0.0000000E+00
   2.2976753E-02   6.5015776E+06   6.5015776E+06   1.3530157E+03   7.8595748E+02   7.4908513E+03   6.4823712E+06   6.5015776E+06   3.4460888E+06   0.0000000E+00   0.0000000E+00   0.0000000E+00   0.0000000E+00
   2.4690958E-02   6.2061089E+06   6.2061089E+06   1.1038914E+03   6.4988665E+02   6.2906108E+03   6.1875546E+06   6.2061089E+06   3.2893819E+06   0.0000000E+00   0.0000000E+00   0.0000000E+00   0.0000000E+00
   2.6532907E-02   5.9021437E+06   5.9021437E+06   8.8735022E+02   5.3537642E+02   5.2642782E+03   5.8843023E+06   5.9021437E+06   3.1281860E+06   0.0000000E+00   0.0000000E+00   0.0000000E+00   0.0000000E+00
   2.8511703E-02   5.5919215E+06   5.5919215E+06   7.6969245E+02   4.3938883E+02   4.3877414E+03   5.5748451E+06   5.5919215E+06   2.9636875E+06   0.0000000E+00   0.0000000E+00   0.0000000E+00   0.0000000E+00
   3.0636192E-02   5.2784564E+06   5.2784564E+06   5.9324940E+02   3.5931657E+02   3.6435253E+03   5.2621862E+06   5.2784564E+06   2.7974837E+06   0.0000000E+00   0.0000000E+00   0.0000000E+00   0.0000000E+00
   3.2913494E-02   4.9657074E+06   4.9657074E+06   4.9098205E+02   2.9293397E+02   3.0151792E+03   4.9502698E+06   4.9657074E+06   2.6316718E+06   0.0000000E+00   0.0000000E+00   0.0000000E+00   0.0000000E+00
   3.5346065E-02   4.6587368E+06   4.6587368E+06   4.0041571E+02   2.3834755E+02   2.4902917E+03   4.6441403E+06   4.6587368E+06   2.4689341E+06   0.0000000E+00   0.0000000E+00   0.0000000E+00   0.0000000E+00
   3.7927167E-02   4.3637024E+06   4.3637024E+06   3.1968986E+02   1.9393584E+02   2.0563316E+03   4.3499337E+06   4.3637024E+06   2.3125329E+06   0.0000000E+00   0.0000000E+00   0.0000000E+00   0.0000000E+00
   4.0636218E-02   4.0873773E+06   4.0873773E+06   2.6752914E+02   1.5826766E+02   1.7024255E+03   4.0743988E+06   4.0873773E+06   2.1660565E+06   0.0000000E+00   0.0000000E+00   0.0000000E+00   0.0000000E+00
   4.3437888E-02   3.8359561E+06   3.8359561E+06   2.2044651E+02   1.3000843E+02   1.4167513E+03   3.8237078E+06   3.8359561E+06   2.0327863E+06   0.0000000E+00   0.0000000E+00   0.0000000E+00   0.0000000E+00
   4.6288656E-02   3.6134498E+06   3.6134498E+06   1.7976363E+02   1.0785997E+02   1.1906803E+03   3.6018555E+06   3.6134498E+06   1.9148466E+06   0.0000000E+00   0.0000000E+00   0.0000000E+00   0.0000000E+00
   4.9148817E-02   3.4206342E+06   3.4206342E+06   1.5327968E+02   9.0575837E+01   1.0111982E+03   3.4096119E+06   3.4206342E+06   1.8126469E+06   0.0000000E+00   0.0000000E+00   0.0000000E+00   0.0000000E+00
   5.1992050E-02   3.2552744E+06   3.2552744E+06   1.2789131E+02   7.7034030E+01   8.6957777E+02   3.2447464E+06   3.2552744E+06   1.7250016E+06   0.0000000E+00   0.0000000E+00   0.0000000E+00   0.0000000E+00
   5.4807367E-02   3.1132763E+06   3.1132763E+06   1.1256656E+02   6.6304029E+01   7.5564823E+02   3.1031754E+06   3.1132763E+06   1.6497398E+06   0.0000000E+00   0.0000000E+00   0.0000000E+00   0.0000000E+00
   5.7595404E-02   2.9898955E+06   2.9898955E+06   9.5066322E+01   5.7664324E+01   6.6322693E+02   2.9801677E+06   2.9898955E+06   1.5843465E+06   0.0000000E+00   0.0000000E+00   0.0000000E+00   0.0000000E+00
   6.0363476E-02   2.8805225E+06   2.8805225E+06   8.5348347E+01   5.0579313E+01   5.8680702E+02   2.8711274E+06   2.8805225E+06   1.5263784E+06   0.0000000E+00   0.0000000E+00   0.0000000E+00   0.0000000E+00
   6.3121838E-02   2.7810502E+06   2.7810502E+06   7.5011105E+01   4.4660190E+01   5.2202492E+02   2.7719596E+06   2.7810502E+06   1.4736586E+06   0.0000000E+00   0.0000000E+00   0.0000000E+00   0.0000000E+00
   6.5881504E-02   2.6879952E+06   2.6879952E+06   6.5037700E+01   3.9627023E+01   4.6674736E+02   2.6791913E+06   2.6879952E+06   1.4243409E+06   0.0000000E+00   0.0000000E+00   0.0000000E+00   0.0000000E+00
   6.8653180E-02   2.5985136E+06   2.5985136E+06   5.9973308E+01   3.5278599E+01   4.1852380E+02   2.5899875E+06   2.5985136E+06   1.3769180E+06   0.0000000E+00   0.0000000E+00   0.0000000E+00   0.0000000E+00
   7.1446849E-02   2.5103871E+06   2.5103871E+06   5.1883105E+01   3.1470187E+01   3.7561840E+02   2.5021367E+06   2.5103871E+06   1.3302143E+06   0.0000000E+00   0.0000000E+00   0.0000000E+00   0.0000000E+00
   7.4271665E-02   2.4220056E+06   2.4220056E+06   4.7063140E+01   2.8097665E+01   3.3777708E+02   2.4140337E+06   2.4220056E+06   1.2833765E+06   0.0000000E+00   0.0000000E+00   0.0000000E+00   0.0000000E+00
   7.7136004E-02   2.3323540E+06   2.3323540E+06   4.1646430E+01   2.5086385E+01   3.0313373E+02   2.3246666E+06   2.3323540E+06   1.2358665E+06   0.0000000E+00   0.0000000E+00   0.0000000E+00   0.0000000E+00
   8.0047565E-02   2.2409975E+06   2.2409975E+06   3.7709993E+01   2.2383045E+01   2.7229761E+02   2.2336018E+06   2.2409975E+06   1.1874539E+06   0.0000000E+00   0.0000000E+00   0.0000000E+00   0.0000000E+00
   8.3013482E-02   2.1480573E+06   2.1480573E+06   3.2416213E+01   1.9949823E+01   2.4393086E+02   2.1409599E+06   2.1480573E+06   1.1382028E+06   0.0000000E+00   0.0000000E+00   0.0000000E+00   0.0000000E+00
   8.6040433E-02   2.0541670E+06   2.0541670E+06   3.0048065E+01   1.7759766E+01   2.1828509E+02   2.0473724E+06   2.0541670E+06   1.0884490E+06   0.0000000E+00   0.0000000E+00   0.0000000E+00   0.0000000E+00
   8.9134738E-02   1.9604030E+06   1.9604030E+06   2.6790238E+01   1.5793333E+01   1.9524486E+02   1.9539117E+06   1.9604030E+06   1.0387625E+06   0.0000000E+00   0.0000000E+00   0.0000000E+00   0.0000000E+00
   9.2302438E-02   1.8681807E+06   1.8681807E+06   2.3440335E+01   1.4035579E+01   1.7443299E+02   1.8619889E+06   1.8681807E+06   9.8989359E+05   0.0000000E+00   0.0000000E+00   0.0000000E+00   0.0000000E+00
   9.5549360E-02   1.7791180E+06   1.7791180E+06   2.0732499E+01   1.2473875E+01   1.5578779E+02   1.7732160E+06   1.7791180E+06   9.4269923E+05   0.0000000E+00   0.0000000E+00   0.0000000E+00   0.0000000E+00
   9.8881181E-02   1.6948649E+06   1.6948649E+06   1.8534900E+01   1.1096173E+01   1.3924607E+02   1.6892377E+06   1.6948649E+06   8.9805376E+05   0.0000000E+00   0.0000000E+00   0.0000000E+00   0.0000000E+00
   1.0230347E-01   1.6169121E+06   1.6169121E+06   1.6657791E+01   9.8896905E+00   1.2467197E+02   1.6115394E+06   1.6169121E+06   8.5674698E+05   0.0000000E+00   0.0000000E+00   0.0000000E+00   0.0000000E+00
   1.0582171E-01   1.5463922E+06   1.5463922E+06   1.4808084E+01   8.8400907E+00   1.1191034E+02   1.5412500E+06   1.5463922E+06   8.1937893E+05   0.0000000E+00   0.0000000E+00   0.0000000E+00   0.0000000E+00
   1.0944136E-01   1.4838965E+06   1.4838965E+06   1.2926089E+01   7.9311213E+00   1.0088949E+02   1.4789586E+06   1.4838965E+06   7.8626292E+05   0.0000000E+00   0.0000000E+00   0.0000000E+00   0.0000000E+00
   1.1316786E-01   1.4293357E+06   1.4293357E+06   1.2027277E+01   7.1447552E+00   9.1253625E+01   1.4245762E+06   1.4293357E+06   7.5735155E+05   0.0000000E+00   0.0000000E+00   0.0000000E+00   0.0000000E+00
   1.1700664E-01   1.3818732E+06   1.3818732E+06   1.0808203E+01   6.4617459E+00   8.2939576E+01   1.3772688E+06   1.3818732E+06   7.3220150E+05   0.0000000E+00   0.0000000E+00   0.0000000E+00   0.0000000E+00
   1.2096316E-01   1.3399582E+06   1.3399582E+06   9.6227822E+00   5.8625942E+00   7.5554983E+01   1.3354908E+06   1.3399582E+06   7.0999097E+05   0.0000000E+00   0.0000000E+00   0.0000000E+00   0.0000000E+00
   1.2504292E-01   1.3014755E+06   1.3014755E+06   8.7465142E+00   5.3287381E+00   6.8955207E+01   1.2971339E+06   1.3014755E+06   6.8959928E+05   0.0000000E+00   0.0000000E+00   0.0000000E+00   0.0000000E+00
   1.2925144E-01   1.2640138E+06   1.2640138E+06   8.0776799E+00   4.8438380E+00   6.2941056E+01   1.2597950E+06   1.2640138E+06   6.6974873E+05   0.0000000E+00   0.0000000E+00   0.0000000E+00   0.0000000E+00
   1.3359430E-01   1.2252285E+06   1.2252285E+06   7.3642789E+00   4.3949388E+00   5.7284740E+01   1.2211371E+06   1.2252285E+06   6.4919696E+05   0.0000000E+00   0.0000000E+00   0.0000000E+00   0.0000000E+00
   1.3807716E-01   1.1832510E+06   1.1832510E+06   6.5025914E+00   3.9732816E+00   5.2016619E+01   1.1792979E+06   1.1832510E+06   6.2695392E+05   0.0000000E+00   0.0000000E+00   0.0000000E+00   0.0000000E+00
   1.4270569E-01   1.1370706E+06   1.1370706E+06   5.9579010E+00   3.5745988E+00   4.6941907E+01   1.1332701E+06   1.1370706E+06   6.0248405E+05   0.0000000E+00   0.0000000E+00   0.0000000E+00   0.0000000E+00
   1.4748569E-01   1.0867989E+06   1.0867989E+06   5.3739772E+00   3.1987471E+00   4.2180353E+01   1.0831648E+06   1.0867989E+06   5.7584649E+05   0.0000000E+00   0.0000000E+00   0.0000000E+00   0.0000000E+00
   1.5242298E-01   1.0337299E+06   1.0337299E+06   4.7898785E+00   2.8486946E+00   3.7695169E+01   1.0302719E+06   1.0337299E+06   5.4772688E+05   0.0000000E+00   0.0000000E+00   0.0000000E+00   0.0000000E+00
   1.5752349E-01   9.8013637E+05   9.8013637E+05   4.2074992E+00   2.5289789E+00   3.3566748E+01   9.7685643E+05   9.8013637E+05   5.1932948E+05   0.0000000E+00   0.0000000E+00   0.0000000E+00   0.0000000E+00
   1.6279323E-01   9.2879734E+05   9.2879734E+05   3.6809697E+00   2.2439150E+00   2.9905124E+01   9.2568809E+05   9.2879734E+05   4.9212671E+05   0.0000000E+00   0.0000000E+00   0.0000000E+00   0.0000000E+00
   1.6823829E-01   8.8232770E+05   8.8232770E+05   3.2834425E+00   1.9959289E+00   2.6673524E+01   8.7937301E+05   8.8232770E+05   4.6750410E+05   0.0000000E+00   0.0000000E+00   0.0000000E+00   0.0000000E+00
   1.7386489E-01   8.4246110E+05   8.4246110E+05   2.9635243E+00   1.7844111E+00   2.3924589E+01   8.3963902E+05   8.4246110E+05   4.4638020E+05   0.0000000E+00   0.0000000E+00   0.0000000E+00   0.0000000E+00
   1.7967933E-01   8.0949291E+05   8.0949291E+05   2.6485471E+00   1.6054120E+00   2.1592679E+01   8.0678044E+05   8.0949291E+05   4.2891150E+05   0.0000000E+00   0.0000000E+00   0.0000000E+00   0.0000000E+00
   1.8568806E-01   7.8209230E+05   7.8209230E+05   2.3756721E+00   1.4523075E+00   1.9599159E+01   7.7947090E+05   7.8209230E+05   4.1439286E+05   0.0000000E+00   0.0000000E+00   0.0000000E+00   0.0000000E+00
   1.9189768E-01   7.5761780E+05   7.5761780E+05   2.2008441E+00   1.3172781E+00   1.7831619E+01   7.5507775E+05   7.5761780E+05   4.0142466E+05   0.0000000E+00   0.0000000E+00   0.0000000E+00   0.0000000E+00
   1.9831495E-01   7.3291782E+05   7.3291782E+05   1.9920889E+00   1.1931924E+00   1.6206557E+01   7.3045995E+05   7.3291782E+05   3.8833703E+05   0.0000000E+00   0.0000000E+00   0.0000000E+00   0.0000000E+00
   2.0494681E-01   7.0540477E+05   7.0540477E+05   1.7952449E+00   1.0752857E+00   1.4641059E+01   7.0303860E+05   7.0540477E+05   3.7375893E+05   0.0000000E+00   0.0000000E+00   0.0000000E+00   0.0000000E+00
   2.1180045E-01   6.7402760E+05   6.7402760E+05   1.5749381E+00   9.6204681E-01   1.3136970E+01   6.7176616E+05   6.7402760E+05   3.5713347E+05   0.0000000E+00   0.0000000E+00   0.0000000E+00   0.0000000E+00
   2.1888331E-01   6.3972267E+05   6.3972267E+05   1.4232765E+00   8.5495906E-01   1.1705021E+01   6.3757587E+05   6.3972267E+05   3.3895677E+05   0.0000000E+00   0.0000000E+00   0.0000000E+00   0.0000000E+00
   2.2620313E-01   6.0506314E+05   6.0506314E+05   1.2591416E+00   7.5716298E-01   1.0397440E+01   6.0303225E+05   6.0506314E+05   3.2059223E+05   0.0000000E+00   0.0000000E+00   0.0000000E+00   0.0000000E+00
   2.3376801E-01   5.7314608E+05   5.7314608E+05   1.1159973E+00   6.7156250E-01   9.2444746E+00   5.7122194E+05   5.7314608E+05   3.0368081E+05   0.0000000E+00   0.0000000E+00   0.0000000E+00   0.0000000E+00
   2.4158646E-01   5.4614604E+05   5.4614604E+05   9.8697484E-01   5.9917993E-01   8.2721203E+00   5.4431222E+05   5.4614604E+05   2.8937471E+05   0.0000000E+00   0.0000000E+00   0.0000000E+00   0.0000000E+00
   2.4966744E-01   5.2422749E+05   5.2422749E+05   8.8354711E-01   5.3850381E-01   7.4522121E+00   5.2246697E+05   5.2422749E+05   2.7776104E+05   0.0000000E+00   0.0000000E+00   0.0000000E+00   0.0000000E+00
   2.5802048E-01   5.0544645E+05   5.0544645E+05   8.0449446E-01   4.8613561E-01   6.7466275E+00   5.0374873E+05   5.0544645E+05   2.6780980E+05   0.0000000E+00   0.0000000E+00   0.0000000E+00   0.0000000E+00
   2.6665576E-01   4.8681660E+05   4.8681660E+05   7.2397158E-01   4.3838232E-01   6.0940640E+00   4.8518121E+05   4.8681660E+05   2.5793869E+05   0.0000000E+00   0.0000000E+00   0.0000000E+00   0.0000000E+00
   2.7558415E-01   4.6603494E+05   4.6603494E+05   6.5139677E-01   3.9291728E-01   5.4751635E+00   4.6446914E+05   4.6603494E+05   2.4692746E+05   0.0000000E+00   0.0000000E+00   0.0000000E+00   0.0000000E+00
   2.8481739E-01   4.4285145E+05   4.4285145E+05   5.7414657E-01   3.4955896E-01   4.8835467E+00   4.4136334E+05   4.4285145E+05   2.3464364E+05   0.0000000E+00   0.0000000E+00   0.0000000E+00   0.0000000E+00
   2.9436821E-01   4.1914159E+05   4.1914159E+05   5.1305591E-01   3.0972717E-01   4.3297586E+00   4.1773298E+05   4.1914159E+05   2.2208095E+05   0.0000000E+00   0.0000000E+00   0.0000000E+00   0.0000000E+00
   3.0425044E-01   3.9751780E+05   3.9751780E+05   4.5481033E-01   2.7497781E-01   3.8617993E+00   3.9618170E+05   3.9751780E+05   2.1062357E+05   0.0000000E+00   0.0000000E+00   0.0000000E+00   0.0000000E+00
   3.1447921E-01   3.7938706E+05   3.7938706E+05   4.0369643E-01   2.4564192E-01   3.4556149E+00   3.7811176E+05   3.7938706E+05   2.0101698E+05   0.0000000E+00   0.0000000E+00   0.0000000E+00   0.0000000E+00
   3.2507115E-01   3.6392458E+05   3.6392458E+05   3.6246748E-01   2.2052456E-01   3.1088122E+00   3.6270112E+05   3.6392458E+05   1.9282417E+05   0.0000000E+00   0.0000000E+00   0.0000000E+00   0.0000000E+00
   3.3604465E-01   3.4886184E+05   3.4886184E+05   3.2735226E-01   1.9781588E-01   2.7941563E+00   3.4768891E+05   3.4886184E+05   1.8484317E+05   0.0000000E+00   0.0000000E+00   0.0000000E+00   0.0000000E+00
   3.4742008E-01   3.3250328E+05   3.3250328E+05   2.9095779E-01   1.7639627E-01   2.4973863E+00   3.3138524E+05   3.3250328E+05   1.7617559E+05   0.0000000E+00   0.0000000E+00   0.0000000E+00   0.0000000E+00
   3.5922018E-01   3.1518085E+05   3.1518085E+05   2.5843144E-01   1.5640299E-01   2.2152551E+00   3.1412096E+05   3.1518085E+05   1.6699732E+05   0.0000000E+00   0.0000000E+00   0.0000000E+00   0.0000000E+00
   3.7147041E-01   2.9871883E+05   2.9871883E+05   2.2896984E-01   1.3861919E-01   1.9707434E+00   2.9771422E+05   2.9871883E+05   1.5827494E+05   0.0000000E+00   0.0000000E+00   0.0000000E+00   0.0000000E+00
   3.8419948E-01   2.8440309E+05   2.8440309E+05   2.0329928E-01   1.2337584E-01   1.7557680E+00   2.8344654E+05   2.8440309E+05   1.5068977E+05   0.0000000E+00   0.0000000E+00   0.0000000E+00   0.0000000E+00
   3.9743985E-01   2.7163021E+05   2.7163021E+05   1.8155192E-01   1.1011434E-01   1.5699673E+00   2.7071656E+05   2.7163021E+05   1.4392208E+05   0.0000000E+00   0.0000000E+00   0.0000000E+00   0.0000000E+00
   4.1122849E-01   2.5879573E+05   2.5879573E+05   1.6140152E-01   9.7994040E-02   1.4000668E+00   2.5792519E+05   2.5879573E+05   1.3712175E+05   0.0000000E+00   0.0000000E+00   0.0000000E+00   0.0000000E+00
   4.2560774E-01   2.4533607E+05   2.4533607E+05   1.4305002E-01   8.6726777E-02   1.2411222E+00   2.4451074E+05   2.4533607E+05   1.2999018E+05   0.0000000E+00   0.0000000E+00   0.0000000E+00   0.0000000E+00
   4.4062634E-01   2.3226586E+05   2.3226586E+05   1.2615689E-01   7.6605017E-02   1.0977220E+00   2.3148446E+05   2.3226586E+05   1.2306497E+05   0.0000000E+00   0.0000000E+00   0.0000000E+00   0.0000000E+00
   4.5634082E-01   2.2050273E+05   2.2050273E+05   1.1172529E-01   6.7802904E-02   9.7294036E-01   2.1976085E+05   2.2050273E+05   1.1683231E+05   0.0000000E+00   0.0000000E+00   0.0000000E+00   0.0000000E+00
   4.7281714E-01   2.0950908E+05   2.0950908E+05   9.8886701E-02   6.0010796E-02   8.6280983E-01   2.0880415E+05   2.0950908E+05   1.1100735E+05   0.0000000E+00   0.0000000E+00   0.0000000E+00   0.0000000E+00
   4.9013284E-01   1.9835856E+05   1.9835856E+05   8.7183144E-02   5.2873397E-02   7.6181833E-01   1.9769111E+05   1.9835856E+05   1.0509929E+05   0.0000000E+00   0.0000000E+00   0.0000000E+00   0.0000000E+00
   5.0837977E-01   1.8730381E+05   1.8730381E+05   7.6500508E-02   4.6407181E-02   6.6951847E-01   1.8667353E+05   1.8730381E+05   9.9241969E+04   0.0000000E+00   0.0000000E+00   0.0000000E+00   0.0000000E+00
   5.2766753E-01   1.7701868E+05   1.7701868E+05   6.7074510E-02   4.0711192E-02   5.8826748E-01   1.7642298E+05   1.7701868E+05   9.3792427E+04   0.0000000E+00   0.0000000E+00   0.0000000E+00   0.0000000E+00
   5.4812799E-01   1.6717761E+05   1.6717761E+05   5.8705151E-02   3.5631145E-02   5.1571023E-01   1.6661500E+05   1.6717761E+05   8.8578175E+04   0.0000000E+00   0.0000000E+00   0.0000000E+00   0.0000000E+00
   5.6992109E-01   1.5733022E+05   1.5733022E+05   5.1108253E-02   3.1016970E-02   4.4949281E-01   1.5680072E+05   1.5733022E+05   8.3360574E+04   0.0000000E+00   0.0000000E+00   0.0000000E+00   0.0000000E+00
   5.9324225E-01   1.4784106E+05   1.4784106E+05   4.4314998E-02   2.6899746E-02   3.9045658E-01   1.4734348E+05   1.4784106E+05   7.8332783E+04   0.0000000E+00   0.0000000E+00   0.0000000E+00   0.0000000E+00
   6.1833190E-01   1.3872745E+05   1.3872745E+05   3.8275848E-02   2.3234679E-02   3.3775936E-01   1.3826053E+05   1.3872745E+05   7.3503979E+04   0.0000000E+00   0.0000000E+00   0.0000000E+00   0.0000000E+00
   6.4548731E-01   1.2969553E+05   1.2969553E+05   3.2833934E-02   1.9932777E-02   2.9038915E-01   1.2925898E+05   1.2969553E+05   6.8718454E+04   0.0000000E+00   0.0000000E+00   0.0000000E+00   0.0000000E+00
   6.7507675E-01   1.2093644E+05   1.2093644E+05   2.7990137E-02   1.6992980E-02   2.4787973E-01   1.2052936E+05   1.2093644E+05   6.4077492E+04   0.0000000E+00   0.0000000E+00   0.0000000E+00   0.0000000E+00
   7.0755492E-01   1.1233915E+05   1.1233915E+05   2.3667945E-02   1.4369118E-02   2.0981218E-01   1.1196100E+05   1.1233915E+05   5.9522262E+04   0.0000000E+00   0.0000000E+00   0.0000000E+00   0.0000000E+00
   7.4347647E-01   1.0390229E+05   1.0390229E+05   1.9825296E-02   1.2036781E-02   1.7620354E-01   1.0355253E+05   1.0390229E+05   5.5052031E+04   0.0000000E+00   0.0000000E+00   0.0000000E+00   0.0000000E+00
   7.8350024E-01   9.5626990E+04   9.5626990E+04   1.6428555E-02   9.9752175E-03   1.4623535E-01   9.5305076E+04   9.5626990E+04   5.0667407E+04   0.0000000E+00   0.0000000E+00   0.0000000E+00   0.0000000E+00
   8.2837110E-01   8.7525837E+04   8.7525837E+04   1.3450801E-02   8.1678376E-03   1.1985141E-01   8.7231185E+04   8.7525837E+04   4.6375053E+04   0.0000000E+00   0.0000000E+00   0.0000000E+00   0.0000000E+00
   8.7886167E-01   7.9631530E+04   7.9631530E+04   1.0871375E-02   6.6018423E-03   9.7123190E-02   7.9363445E+04   7.9631530E+04   4.2192296E+04   0.0000000E+00   0.0000000E+00   0.0000000E+00   0.0000000E+00
   9.3566510E-01   7.2017696E+04   7.2017696E+04   8.6763746E-03   5.2676870E-03   7.7624781E-02   7.1775237E+04   7.2017696E+04   3.8158148E+04   0.0000000E+00   0.0000000E+00   0.0000000E+00   0.0000000E+00
   9.9926586E-01   6.4772750E+04   6.4772750E+04   6.8401143E-03   4.1538644E-03   6.1277294E-02   6.4554677E+04   6.4772750E+04   3.4319454E+04   0.0000000E+00   0.0000000E+00   0.0000000E+00   0.0000000E+00
   1.0698669E+00   5.7990481E+04   5.7990481E+04   5.3415379E-03   3.2442912E-03   4.7904161E-02   5.7795237E+04   5.7990481E+04   3.0725907E+04   0.0000000E+00   0.0000000E+00   0.0000000E+00   0.0000000E+00
   1.1474483E+00   5.1744412E+04   5.1744412E+04   4.1431774E-03   2.5166352E-03   3.7233467E-02   5.1570194E+04   5.1744412E+04   2.7416463E+04   0.0000000E+00   0.0000000E+00   0.0000000E+00   0.0000000E+00
   1.2319330E+00   4.6068275E+04   4.6068275E+04   3.1999015E-03   1.9437991E-03   2.8785686E-02   4.5913164E+04   4.6068275E+04   2.4408994E+04   0.0000000E+00   0.0000000E+00   0.0000000E+00   0.0000000E+00
   1.3233456E+00   4.0956674E+04   4.0956674E+04   2.4655983E-03   1.4976219E-03   2.2223323E-02   4.0818773E+04   4.0956674E+04   2.1700643E+04   0.0000000E+00   0.0000000E+00   0.0000000E+00   0.0000000E+00
   1.4218816E+00   3.6379100E+04   3.6379100E+04   1.8958263E-03   1.1522578E-03   1.7139124E-02   3.6256610E+04   3.6379100E+04   1.9275242E+04   0.0000000E+00   0.0000000E+00   0.0000000E+00   0.0000000E+00
   1.5278974E+00   3.2291605E+04   3.2291605E+04   1.4583045E-03   8.8578089E-04   1.3175214E-02   3.2182876E+04   3.2291605E+04   1.7109507E+04   0.0000000E+00   0.0000000E+00   0.0000000E+00   0.0000000E+00
   1.6418700E+00   2.8647830E+04   2.8647830E+04   1.1202659E-03   6.8051825E-04   1.0130461E-02   2.8551369E+04   2.8647830E+04   1.5178875E+04   0.0000000E+00   0.0000000E+00   0.0000000E+00   0.0000000E+00
   1.7643610E+00   2.5402645E+04   2.5402645E+04   8.6016959E-04   5.2255288E-04   7.7877013E-03   2.5317109E+04   2.5402645E+04   1.3459433E+04   0.0000000E+00   0.0000000E+00   0.0000000E+00   0.0000000E+00
   1.8959950E+00   2.2514639E+04   2.2514639E+04   6.6009011E-04   4.0106756E-04   5.9938441E-03   2.2438828E+04   2.2514639E+04   1.1929241E+04   0.0000000E+00   0.0000000E+00   0.0000000E+00   0.0000000E+00
   2.0374508E+00   1.9945983E+04   1.9945983E+04   5.0644709E-04   3.0768680E-04   4.5882871E-03   1.9878821E+04   1.9945983E+04   1.0568255E+04   0.0000000E+00   0.0000000E+00   0.0000000E+00   0.0000000E+00
   2.1894606E+00   1.7662758E+04   1.7662758E+04   3.8834057E-04   2.3594609E-04   3.5337813E-03   1.7603283E+04   1.7662758E+04   9.3585021E+03   0.0000000E+00   0.0000000E+00   0.0000000E+00   0.0000000E+00
   2.3528114E+00   1.5634334E+04   1.5634334E+04   2.9766166E-04   1.8085670E-04   2.7029511E-03   1.5581689E+04   1.5634334E+04   8.2837541E+03   0.0000000E+00   0.0000000E+00   0.0000000E+00   0.0000000E+00
   2.5283496E+00   1.3833226E+04   1.3833226E+04   2.2806459E-04   1.3857336E-04   2.0758265E-03   1.3786646E+04   1.3833226E+04   7.3294481E+03   0.0000000E+00   0.0000000E+00   0.0000000E+00   0.0000000E+00
   2.7169843E+00   1.2234791E+04   1.2234791E+04   1.7461955E-04   1.0613388E-04   1.5955776E-03   1.2193593E+04   1.2234791E+04   6.4825271E+03   0.0000000E+00   0.0000000E+00   0.0000000E+00   0.0000000E+00
   2.9196926E+00   1.0816925E+04   1.0816925E+04   1.3376491E-04   8.1257365E-05   1.2204706E-03   1.0780501E+04   1.0816925E+04   5.7312798E+03   0.0000000E+00   0.0000000E+00   0.0000000E+00   0.0000000E+00
   3.1375245E+00   9.5598316E+03   9.5598316E+03   1.0235682E-04   6.2188597E-05   9.3564964E-04   9.5276406E+03   9.5598316E+03   5.0652167E+03   0.0000000E+00   0.0000000E+00   0.0000000E+00   0.0000000E+00
   3.3716084E+00   8.4457962E+03   8.4457962E+03   7.8304570E-05   4.7577647E-05   7.1493842E-04   8.4173564E+03   8.4457962E+03   4.4749520E+03   0.0000000E+00   0.0000000E+00   0.0000000E+00   0.0000000E+00
   3.6231568E+00   7.4589814E+03   7.4589814E+03   5.9884637E-05   3.6386810E-05   5.4713454E-04   7.4338645E+03   7.4589814E+03   3.9520943E+03   0.0000000E+00   0.0000000E+00   0.0000000E+00   0.0000000E+00
   3.8934726E+00   6.5852380E+03   6.5852380E+03   4.5784276E-05   2.7818799E-05   4.1810974E-04   6.5630632E+03   6.5852380E+03   3.4891469E+03   0.0000000E+00   0.0000000E+00   0.0000000E+00   0.0000000E+00
   4.1839561E+00   5.8119345E+03   5.8119345E+03   3.4965746E-05   2.1261330E-05   3.2034610E-04   5.7923637E+03   5.8119345E+03   3.0794169E+03   0.0000000E+00   0.0000000E+00   0.0000000E+00   0.0000000E+00
   4.4961120E+00   5.1278032E+03   5.1278032E+03   2.6734201E-05   1.6244422E-05   2.4421132E-04   5.1105361E+03   5.1278032E+03   2.7169342E+03   0.0000000E+00   0.0000000E+00   0.0000000E+00   0.0000000E+00
   4.8315572E+00   4.5227996E+03   4.5227996E+03   2.0420572E-05   1.2407492E-05   1.8652859E-04   4.5075697E+03   4.5227996E+03   2.3963768E+03   0.0000000E+00   0.0000000E+00   0.0000000E+00   0.0000000E+00
   5.1920292E+00   3.9879754E+03   3.9879754E+03   1.5591427E-05   9.4740011E-06   1.4336285E-04   3.9745465E+03   3.9879754E+03   2.1130036E+03   0.0000000E+00   0.0000000E+00   0.0000000E+00   0.0000000E+00
   5.5793952E+00   3.5153648E+03   3.5153648E+03   1.1901272E-05   7.2319652E-06   1.0929203E-04   3.5035273E+03   3.5153648E+03   1.8625939E+03   0.0000000E+00   0.0000000E+00   0.0000000E+00   0.0000000E+00
   5.9956617E+00   3.0978802E+03   3.0978802E+03   9.0825370E-06   5.5189477E-06   8.3122763E-05   3.0874485E+03   3.0978802E+03   1.6413923E+03   0.0000000E+00   0.0000000E+00   0.0000000E+00   0.0000000E+00
   6.4429850E+00   2.7292198E+03   2.7292198E+03   6.9291237E-06   4.2105301E-06   6.3578438E-05   2.7200295E+03   2.7292198E+03   1.4460599E+03   0.0000000E+00   0.0000000E+00   0.0000000E+00   0.0000000E+00
   6.9236822E+00   2.4037832E+03   2.4037832E+03   5.2837405E-06   3.2114501E-06   4.8693289E-05   2.3956887E+03   2.4037832E+03   1.2736293E+03   0.0000000E+00   0.0000000E+00   0.0000000E+00   0.0000000E+00
   7.4402431E+00   2.1165964E+03   2.1165964E+03   4.0312824E-06   2.4487969E-06   3.6742781E-05   2.1094691E+03   2.1165964E+03   1.1214653E+03   0.0000000E+00   0.0000000E+00   0.0000000E+00   0.0000000E+00
   7.9953434E+00   1.8632443E+03   1.8632443E+03   3.0719559E-06   1.8667866E-06   2.8118844E-05   1.8569701E+03   1.8632443E+03   9.8722824E+02   0.0000000E+00   0.0000000E+00   0.0000000E+00   0.0000000E+00
   8.5918586E+00   1.6398094E+03   1.6398094E+03   2.3412696E-06   1.4227545E-06   2.1358160E-05   1.6342875E+03   1.6398094E+03   8.6884265E+02   0.0000000E+00   0.0000000E+00   0.0000000E+00   0.0000000E+00
   9.2328786E+00   1.4428178E+03   1.4428178E+03   1.7839322E-06   1.0840808E-06   1.6165158E-05   1.4379592E+03   1.4428178E+03   7.6446788E+02   0.0000000E+00   0.0000000E+00   0.0000000E+00   0.0000000E+00
   9.9217236E+00   1.2691903E+03   1.2691903E+03   1.3586936E-06   8.2583365E-07   1.2298627E-05   1.2649165E+03   1.2691903E+03   6.7247248E+02   0.0000000E+00   0.0000000E+00   0.0000000E+00   0.0000000E+00
   1.0661962E+01   1.1161991E+03   1.1161991E+03   1.0349311E-06   6.2896366E-07   9.5685657E-06   1.1124404E+03   1.1161991E+03   5.9141105E+02   0.0000000E+00   0.0000000E+00   0.0000000E+00   0.0000000E+00
