#           k/h    CDM            baryon         photon         nu             mass_nu        total          no_nu          total_de       Weyl           v_CDM          v_b            v_b-v_c     
   1.1235974E-05   1.2910539E+07   1.2910539E+07   1.7207075E+07   -4.1245143E+05   -1.6522443E+07   1.2910554E+07   1.2910539E+07   8.6876991E+06   0.0000000E+00   0.0000000E+00   0.0000000E+00   0.0000000E+00
   1.2074266E-05   1.2910542E+07   1.2910542E+07   1.7206000E+07   -4.1244626E+05   -1.6522170E+07   1.2910557E+07   1.2910542E+07   8.6877006E+06   0.0000000E+00   0.0000000E+00   0.0000000E+00   0.0000000E+00
   1.2975101E-05   1.2910545E+07   1.2910545E+07   1.7204757E+07   -4.1244029E+05   -1.6521854E+07   1.2910560E+07   1.2910545E+07   8.6877024E+06   0.0000000E+00   0.0000000E+00   0.0000000E+00   0.0000000E+00
   1.3943145E-05   1.2910549E+07   1.2910549E+07   1.7203323E+07   -4.1243340E+05   -1.6521490E+07   1.2910564E+07   1.2910549E+07   8.6877044E+06   0.0000000E+00   0.0000000E+00   0.0000000E+00   0.0000000E+00
   1.4983413E-05   1.2910554E+07   1.2910554E+07   1.7201667E+07   -4.1242544E+05   -1.6521068E+07   1.2910568E+07   1.2910554E+07   8.6877067E+06   0.0000000E+00   0.0000000E+00   0.0000000E+00   0.0000000E+00
   1.6101293E-05   1.2910559E+07   1.2910559E+07   1.7199755E+07   -4.1241625E+05   -1.6520582E+07   1.2910573E+07   1.2910559E+07   8.6877094E+06   0.0000000E+00   0.0000000E+00   0.0000000E+00   0.0000000E+00
   1.7302575E-05   1.2910565E+07   1.2910565E+07   1.7197547E+07   -4.1240563E+05   -1.6520021E+07   1.2910579E+07   1.2910565E+07   8.6877125E+06   0.0000000E+00   0.0000000E+00   0.0000000E+00   0.0000000E+00
   1.8593483E-05   1.2910572E+07   1.2910572E+07   1.7194997E+07   -4.1239337E+05   -1.6519372E+07   1.2910586E+07   1.2910572E+07   8.6877161E+06   0.0000000E+00   0.0000000E+00   0.0000000E+00   0.0000000E+00
   1.9980702E-05   1.2910580E+07   1.2910580E+07   1.7192054E+07   -4.1237922E+05   -1.6518624E+07   1.2910594E+07   1.2910580E+07   8.6877203E+06   0.0000000E+00   0.0000000E+00   0.0000000E+00   0.0000000E+00
   2.1471419E-05   1.2910590E+07   1.2910590E+07   1.7188655E+07   -4.1236287E+05   -1.6517759E+07   1.2910603E+07   1.2910590E+07   8.6877251E+06   0.0000000E+00   0.0000000E+00   0.0000000E+00   0.0000000E+00
   2.3073355E-05   1.2910600E+07   1.2910600E+07   1.7184731E+07   -4.1234400E+05   -1.6516761E+07   1.2910613E+07   1.2910600E+07   8.6877306E+06   0.0000000E+00   0.0000000E+00   0.0000000E+00   0.0000000E+00
   2.4794808E-05   1.2910613E+07   1.2910613E+07   1.7180201E+07   -4.1232221E+05   -1.6515608E+07   1.2910625E+07   1.2910613E+07   8.6877370E+06   0.0000000E+00   0.0000000E+00   0.0000000E+00   0.0000000E+00
   2.6644694E-05   1.2910627E+07   1.2910627E+07   1.7174970E+07   -4.1229704E+05   -1.6514278E+07   1.2910639E+07   1.2910627E+07   8.6877443E+06   0.0000000E+00   0.0000000E+00   0.0000000E+00   0.0000000E+00
   2.8632597E-05   1.2910644E+07   1.2910644E+07   1.7168933E+07   -4.1226799E+05   -1.6512741E+07   1.2910656E+07   1.2910644E+07   8.6877529E+06   0.0000000E+00   0.0000000E+00   0.0000000E+00   0.0000000E+00
   3.0768813E-05   1.2910663E+07   1.2910663E+07   1.7161963E+07   -4.1223444E+05   -1.6510967E+07   1.2910674E+07   1.2910663E+07   8.6877627E+06   0.0000000E+00   0.0000000E+00   0.0000000E+00   0.0000000E+00
   3.3064407E-05   1.2910685E+07   1.2910685E+07   1.7153917E+07   -4.1219570E+05   -1.6508918E+07   1.2910696E+07   1.2910685E+07   8.6877740E+06   0.0000000E+00   0.0000000E+00   0.0000000E+00   0.0000000E+00
   3.5531271E-05   1.2910711E+07   1.2910711E+07   1.7144631E+07   -4.1215097E+05   -1.6506553E+07   1.2910720E+07   1.2910711E+07   8.6877872E+06   0.0000000E+00   0.0000000E+00   0.0000000E+00   0.0000000E+00
   3.8182182E-05   1.2910740E+07   1.2910740E+07   1.7133913E+07   -4.1209933E+05   -1.6503822E+07   1.2910749E+07   1.2910740E+07   8.6878023E+06   0.0000000E+00   0.0000000E+00   0.0000000E+00   0.0000000E+00
   4.1030872E-05   1.2910774E+07   1.2910774E+07   1.7121544E+07   -4.1203970E+05   -1.6500669E+07   1.2910782E+07   1.2910774E+07   8.6878197E+06   0.0000000E+00   0.0000000E+00   0.0000000E+00   0.0000000E+00
   4.4092096E-05   1.2910814E+07   1.2910814E+07   1.7107270E+07   -4.1197086E+05   -1.6497030E+07   1.2910820E+07   1.2910814E+07   8.6878399E+06   0.0000000E+00   0.0000000E+00   0.0000000E+00   0.0000000E+00
   4.7381711E-05   1.2910859E+07   1.2910859E+07   1.7090802E+07   -4.1189138E+05   -1.6492828E+07   1.2910864E+07   1.2910859E+07   8.6878632E+06   0.0000000E+00   0.0000000E+00   0.0000000E+00   0.0000000E+00
   5.0916758E-05   1.2910912E+07   1.2910912E+07   1.7071802E+07   -4.1179963E+05   -1.6487978E+07   1.2910915E+07   1.2910912E+07   8.6878900E+06   0.0000000E+00   0.0000000E+00   0.0000000E+00   0.0000000E+00
   5.4715547E-05   1.2910972E+07   1.2910972E+07   1.7049886E+07   -4.1169371E+05   -1.6482380E+07   1.2910974E+07   1.2910972E+07   8.6879210E+06   0.0000000E+00   0.0000000E+00   0.0000000E+00   0.0000000E+00
   5.8797755E-05   1.2911042E+07   1.2911042E+07   1.7024610E+07   -4.1157144E+05   -1.6475918E+07   1.2911042E+07   1.2911042E+07   8.6879568E+06   0.0000000E+00   0.0000000E+00   0.0000000E+00   0.0000000E+00
   6.3184528E-05   1.2911123E+07   1.2911123E+07   1.6995466E+07   -4.1143030E+05   -1.6468460E+07   1.2911120E+07   1.2911123E+07   8.6879980E+06   0.0000000E+00   0.0000000E+00   0.0000000E+00   0.0000000E+00
   6.7898588E-05   1.2911216E+07   1.2911216E+07   1.6961868E+07   -4.1126740E+05   -1.6459854E+07   1.2911210E+07   1.2911216E+07   8.6880456E+06   0.0000000E+00   0.0000000E+00   0.0000000E+00   0.0000000E+00
   7.2964354E-05   1.2911323E+07   1.2911323E+07   1.6923146E+07   -4.1107940E+05   -1.6449923E+07   1.2911315E+07   1.2911323E+07   8.6881005E+06   0.0000000E+00   0.0000000E+00   0.0000000E+00   0.0000000E+00
   7.8408066E-05   1.2911447E+07   1.2911447E+07   1.6878533E+07   -4.1086243E+05   -1.6438466E+07   1.2911435E+07   1.2911447E+07   8.6881639E+06   0.0000000E+00   0.0000000E+00   0.0000000E+00   0.0000000E+00
   8.4257922E-05   1.2911590E+07   1.2911590E+07   1.6827151E+07   -4.1061208E+05   -1.6425249E+07   1.2911573E+07   1.2911590E+07   8.6882369E+06   0.0000000E+00   0.0000000E+00   0.0000000E+00   0.0000000E+00
   9.0544223E-05   1.2911755E+07   1.2911755E+07   1.6767997E+07   -4.1032323E+05   -1.6410003E+07   1.2911733E+07   1.2911755E+07   8.6883210E+06   0.0000000E+00   0.0000000E+00   0.0000000E+00   0.0000000E+00
   9.7299530E-05   1.2911945E+07   1.2911945E+07   1.6699928E+07   -4.0999002E+05   -1.6392423E+07   1.2911918E+07   1.2911945E+07   8.6884180E+06   0.0000000E+00   0.0000000E+00   0.0000000E+00   0.0000000E+00
   1.0455884E-04   1.2912164E+07   1.2912164E+07   1.6621642E+07   -4.0960568E+05   -1.6372153E+07   1.2912130E+07   1.2912164E+07   8.6885297E+06   0.0000000E+00   0.0000000E+00   0.0000000E+00   0.0000000E+00
   1.1235974E-04   1.2912416E+07   1.2912416E+07   1.6531664E+07   -4.0916245E+05   -1.6348788E+07   1.2912375E+07   1.2912416E+07   8.6886584E+06   0.0000000E+00   0.0000000E+00   0.0000000E+00   0.0000000E+00
   1.2074266E-04   1.2912707E+07   1.2912707E+07   1.6428322E+07   -4.0865143E+05   -1.6321864E+07   1.2912658E+07   1.2912707E+07   8.6888066E+06   0.0000000E+00   0.0000000E+00   0.0000000E+00   0.0000000E+00
   1.2975101E-04   1.2913043E+07   1.2913043E+07   1.6309733E+07   -4.0806237E+05   -1.6290848E+07   1.2912983E+07   1.2913043E+07   8.6889770E+06   0.0000000E+00   0.0000000E+00   0.0000000E+00   0.0000000E+00
   1.3943145E-04   1.2913429E+07   1.2913429E+07   1.6173780E+07   -4.0738357E+05   -1.6255131E+07   1.2913357E+07   1.2913429E+07   8.6891730E+06   0.0000000E+00   0.0000000E+00   0.0000000E+00   0.0000000E+00
   1.4983413E-04   1.2913873E+07   1.2913873E+07   1.6018098E+07   -4.0660158E+05   -1.6214020E+07   1.2913788E+07   1.2913873E+07   8.6893982E+06   0.0000000E+00   0.0000000E+00   0.0000000E+00   0.0000000E+00
   1.6101293E-04   1.2914384E+07   1.2914384E+07   1.5840056E+07   -4.0570108E+05   -1.6166723E+07   1.2914284E+07   1.2914384E+07   8.6896568E+06   0.0000000E+00   0.0000000E+00   0.0000000E+00   0.0000000E+00
   1.7302575E-04   1.2914971E+07   1.2914971E+07   1.5636753E+07   -4.0466453E+05   -1.6112340E+07   1.2914853E+07   1.2914971E+07   8.6899535E+06   0.0000000E+00   0.0000000E+00   0.0000000E+00   0.0000000E+00
   1.8593483E-04   1.2915646E+07   1.2915646E+07   1.5405011E+07   -4.0347199E+05   -1.6049852E+07   1.2915507E+07   1.2915646E+07   8.6902936E+06   0.0000000E+00   0.0000000E+00   0.0000000E+00   0.0000000E+00
   1.9980702E-04   1.2916421E+07   1.2916421E+07   1.5141390E+07   -4.0210077E+05   -1.5978105E+07   1.2916258E+07   1.2916421E+07   8.6906829E+06   0.0000000E+00   0.0000000E+00   0.0000000E+00   0.0000000E+00
   2.1471419E-04   1.2917309E+07   1.2917309E+07   1.4842211E+07   -4.0052515E+05   -1.5895803E+07   1.2917120E+07   1.2917309E+07   8.6911279E+06   0.0000000E+00   0.0000000E+00   0.0000000E+00   0.0000000E+00
   2.3073355E-04   1.2918326E+07   1.2918326E+07   1.4503609E+07   -3.9871603E+05   -1.5801487E+07   1.2918106E+07   1.2918326E+07   8.6916359E+06   0.0000000E+00   0.0000000E+00   0.0000000E+00   0.0000000E+00
   2.4794808E-04   1.2919491E+07   1.2919491E+07   1.4121602E+07   -3.9664066E+05   -1.5693532E+07   1.2919234E+07   1.2919491E+07   8.6922145E+06   0.0000000E+00   0.0000000E+00   0.0000000E+00   0.0000000E+00
   2.6644694E-04   1.2920820E+07   1.2920820E+07   1.3692215E+07   -3.9426228E+05   -1.5570134E+07   1.2920522E+07   1.2920820E+07   8.6928722E+06   0.0000000E+00   0.0000000E+00   0.0000000E+00   0.0000000E+00
   2.8632597E-04   1.2922337E+07   1.2922337E+07   1.3211641E+07   -3.9153987E+05   -1.5429304E+07   1.2921991E+07   1.2922337E+07   8.6936179E+06   0.0000000E+00   0.0000000E+00   0.0000000E+00   0.0000000E+00
   3.0768813E-04   1.2924063E+07   1.2924063E+07   1.2676457E+07   -3.8842789E+05   -1.5268872E+07   1.2923662E+07   1.2924063E+07   8.6944609E+06   0.0000000E+00   0.0000000E+00   0.0000000E+00   0.0000000E+00
   3.3064407E-04   1.2926024E+07   1.2926024E+07   1.2083921E+07   -3.8487619E+05   -1.5086488E+07   1.2925560E+07   1.2926024E+07   8.6954106E+06   0.0000000E+00   0.0000000E+00   0.0000000E+00   0.0000000E+00
   3.5531271E-04   1.2928243E+07   1.2928243E+07   1.1432334E+07   -3.8082996E+05   -1.4879647E+07   1.2927707E+07   1.2928243E+07   8.6964760E+06   0.0000000E+00   0.0000000E+00   0.0000000E+00   0.0000000E+00
   3.8182182E-04   1.2930750E+07   1.2930750E+07   1.0721488E+07   -3.7622997E+05   -1.4645715E+07   1.2930131E+07   1.2930750E+07   8.6976654E+06   0.0000000E+00   0.0000000E+00   0.0000000E+00   0.0000000E+00
   4.1030872E-04   1.2933568E+07   1.2933568E+07   9.9531911E+06   -3.7101302E+05   -1.4381985E+07   1.2932855E+07   1.2933568E+07   8.6989857E+06   0.0000000E+00   0.0000000E+00   0.0000000E+00   0.0000000E+00
   4.4092096E-04   1.2936725E+07   1.2936725E+07   9.1318528E+06   -3.6511276E+05   -1.4085743E+07   1.2935903E+07   1.2936725E+07   8.7004413E+06   0.0000000E+00   0.0000000E+00   0.0000000E+00   0.0000000E+00
   4.7381711E-04   1.2940243E+07   1.2940243E+07   8.2650819E+06   -3.5846100E+05   -1.3754375E+07   1.2939297E+07   1.2940243E+07   8.7020329E+06   0.0000000E+00   0.0000000E+00   0.0000000E+00   0.0000000E+00
   5.0916758E-04   1.2944139E+07   1.2944139E+07   7.3642427E+06   -3.5098959E+05   -1.3385494E+07   1.2943051E+07   1.2944139E+07   8.7037559E+06   0.0000000E+00   0.0000000E+00   0.0000000E+00   0.0000000E+00
   5.4715547E-04   1.2948424E+07   1.2948424E+07   6.4448524E+06   -3.4263299E+05   -1.2977106E+07   1.2947175E+07   1.2948424E+07   8.7055986E+06   0.0000000E+00   0.0000000E+00   0.0000000E+00   0.0000000E+00
   5.8797755E-04   1.2953096E+07   1.2953096E+07   5.5266773E+06   -3.3333170E+05   -1.2527815E+07   1.2951665E+07   1.2953096E+07   8.7075397E+06   0.0000000E+00   0.0000000E+00   0.0000000E+00   0.0000000E+00
   6.3184528E-04   1.2958139E+07   1.2958139E+07   4.6333382E+06   -3.2303657E+05   -1.2037056E+07   1.2956501E+07   1.2958139E+07   8.7095457E+06   0.0000000E+00   0.0000000E+00   0.0000000E+00   0.0000000E+00
   6.7898588E-04   1.2963516E+07   1.2963516E+07   3.7912160E+06   -3.1171404E+05   -1.1505349E+07   1.2961644E+07   1.2963516E+07   8.7115676E+06   0.0000000E+00   0.0000000E+00   0.0000000E+00   0.0000000E+00
   7.2964354E-04   1.2969162E+07   1.2969162E+07   3.0274698E+06   -2.9935218E+05   -1.0934564E+07   1.2967028E+07   1.2969162E+07   8.7135380E+06   0.0000000E+00   0.0000000E+00   0.0000000E+00   0.0000000E+00
   7.8408066E-04   1.2974981E+07   1.2974981E+07   2.3670780E+06   -2.8596736E+05   -1.0328150E+07   1.2972553E+07   1.2974981E+07   8.7153679E+06   0.0000000E+00   0.0000000E+00   0.0000000E+00   0.0000000E+00
   8.4257922E-04   1.2980836E+07   1.2980836E+07   1.8290259E+06   -2.7161090E+05   -9.6913088E+06   1.2978079E+07   1.2980836E+07   8.7169438E+06   0.0000000E+00   0.0000000E+00   0.0000000E+00   0.0000000E+00
   9.0544223E-04   1.2986544E+07   1.2986544E+07   1.4221171E+06   -2.5637499E+05   -9.0310409E+06   1.2983422E+07   1.2986544E+07   8.7181265E+06   0.0000000E+00   0.0000000E+00   0.0000000E+00   0.0000000E+00
   9.7299530E-04   1.2991871E+07   1.2991871E+07   1.1413526E+06   -2.4039673E+05   -8.3560260E+06   1.2988346E+07   1.2991871E+07   8.7187507E+06   0.0000000E+00   0.0000000E+00   0.0000000E+00   0.0000000E+00
   1.0455884E-03   1.2996532E+07   1.2996532E+07   9.6628887E+05   -2.2385887E+05   -7.6762776E+06   1.2992565E+07   1.2996532E+07   8.7186276E+06   0.0000000E+00   0.0000000E+00   0.0000000E+00   0.0000000E+00
   1.1235974E-03   1.3000193E+07   1.3000193E+07   8.6298893E+05   -2.0698578E+05   -7.0025585E+06   1.2995744E+07   1.3000193E+07   8.7175495E+06   0.0000000E+00   0.0000000E+00   0.0000000E+00   0.0000000E+00
   1.2074266E-03   1.3002478E+07   1.3002478E+07   7.9071981E+05   -1.9003343E+05   -6.3455851E+06   1.2997506E+07   1.3002478E+07   8.7152981E+06   0.0000000E+00   0.0000000E+00   0.0000000E+00   0.0000000E+00
   1.2975101E-03   1.3002980E+07   1.3002980E+07   7.1302275E+05   -1.7327316E+05   -5.7151209E+06   1.2997448E+07   1.3002980E+07   8.7116543E+06   0.0000000E+00   0.0000000E+00   0.0000000E+00   0.0000000E+00
   1.3943145E-03   1.3001285E+07   1.3001285E+07   6.1014078E+05   -1.5697021E+05   -5.1191299E+06   1.2995159E+07   1.3001285E+07   8.7064094E+06   0.0000000E+00   0.0000000E+00   0.0000000E+00   0.0000000E+00
   1.4983413E-03   1.2996990E+07   1.2996990E+07   4.8692409E+05   -1.4136050E+05   -4.5632011E+06   1.2990237E+07   1.2996990E+07   8.6993740E+06   0.0000000E+00   0.0000000E+00   0.0000000E+00   0.0000000E+00
   1.6101293E-03   1.2989722E+07   1.2989722E+07   3.6947556E+05   -1.2663047E+05   -4.0504140E+06   1.2982316E+07   1.2989722E+07   8.6903833E+06   0.0000000E+00   0.0000000E+00   0.0000000E+00   0.0000000E+00
   1.7302575E-03   1.2979151E+07   1.2979151E+07   2.8790671E+05   -1.1290563E+05   -3.5816736E+06   1.2971069E+07   1.2979151E+07   8.6792958E+06   0.0000000E+00   0.0000000E+00   0.0000000E+00   0.0000000E+00
   1.8593483E-03   1.2964991E+07   1.2964991E+07   2.5263157E+05   -1.0025134E+05   -3.1563401E+06   1.2956219E+07   1.2964991E+07   8.6659853E+06   0.0000000E+00   0.0000000E+00   0.0000000E+00   0.0000000E+00
   1.9980702E-03   1.2946996E+07   1.2946996E+07   2.4233440E+05   -8.8684628E+04   -2.7728364E+06   1.2937521E+07   1.2946996E+07   8.6503306E+06   0.0000000E+00   0.0000000E+00   0.0000000E+00   0.0000000E+00
   2.1471419E-03   1.2924941E+07   1.2924941E+07   2.2023805E+05   -7.8190272E+04   -2.4289935E+06   1.2914758E+07   1.2924941E+07   8.6322060E+06   0.0000000E+00   0.0000000E+00   0.0000000E+00   0.0000000E+00
   2.3073355E-03   1.2898618E+07   1.2898618E+07   1.7126008E+05   -6.8732746E+04   -2.1221889E+06   1.2887718E+07   1.2898618E+07   8.6114787E+06   0.0000000E+00   0.0000000E+00   0.0000000E+00   0.0000000E+00
   2.4794808E-03   1.2867820E+07   1.2867820E+07   1.2061857E+05   -6.0260476E+04   -1.8495465E+06   1.2856199E+07   1.2867820E+07   8.5880106E+06   0.0000000E+00   0.0000000E+00   0.0000000E+00   0.0000000E+00
   2.6644694E-03   1.2832346E+07   1.2832346E+07   1.0080343E+05   -5.2707704E+04   -1.6082542E+06   1.2819996E+07   1.2832346E+07   8.5616595E+06   0.0000000E+00   0.0000000E+00   0.0000000E+00   0.0000000E+00
   2.8632597E-03   1.2791990E+07   1.2791990E+07   1.0219891E+05   -4.6001047E+04   -1.3956302E+06   1.2778900E+07   1.2791990E+07   8.5322763E+06   0.0000000E+00   0.0000000E+00   0.0000000E+00   0.0000000E+00
   3.0768813E-03   1.2746534E+07   1.2746534E+07   8.8747042E+04   -4.0068231E+04   -1.2088360E+06   1.2732692E+07   1.2746534E+07   8.4996999E+06   0.0000000E+00   0.0000000E+00   0.0000000E+00   0.0000000E+00
   3.3064407E-03   1.2695747E+07   1.2695747E+07   6.3755911E+04   -3.4839572E+04   -1.0449500E+06   1.2681138E+07   1.2695747E+07   8.4637587E+06   0.0000000E+00   0.0000000E+00   0.0000000E+00   0.0000000E+00
   3.5531271E-03   1.2639384E+07   1.2639384E+07   5.6468782E+04   -3.0244505E+04   -9.0156906E+05   1.2623994E+07   1.2639384E+07   8.4242734E+06   0.0000000E+00   0.0000000E+00   0.0000000E+00   0.0000000E+00
   3.8182182E-03   1.2577184E+07   1.2577184E+07   5.1982791E+04   -2.6215165E+04   -7.7661923E+05   1.2561005E+07   1.2577184E+07   8.3810564E+06   0.0000000E+00   0.0000000E+00   0.0000000E+00   0.0000000E+00
   4.1030872E-03   1.2508872E+07   1.2508872E+07   3.7311514E+04   -2.2691094E+04   -6.6774867E+05   1.2491895E+07   1.2508872E+07   8.3339088E+06   0.0000000E+00   0.0000000E+00   0.0000000E+00   0.0000000E+00
   4.4092096E-03   1.2434154E+07   1.2434154E+07   3.6345102E+04   -1.9615006E+04   -5.7311017E+05   1.2416377E+07   1.2434154E+07   8.2826227E+06   0.0000000E+00   0.0000000E+00   0.0000000E+00   0.0000000E+00
   4.7381711E-03   1.2352723E+07   1.2352723E+07   3.0102205E+04   -1.6934126E+04   -4.9116446E+05   1.2334149E+07   1.2352723E+07   8.2269831E+06   0.0000000E+00   0.0000000E+00   0.0000000E+00   0.0000000E+00
   5.0916758E-03   1.2264255E+07   1.2264255E+07   2.2740141E+04   -1.4602652E+04   -4.2003263E+05   1.2244899E+07   1.2264255E+07   8.1667683E+06   0.0000000E+00   0.0000000E+00   0.0000000E+00   0.0000000E+00
   5.4715547E-03   1.2168419E+07   1.2168419E+07   2.2659872E+04   -1.2577178E+04   -3.5866525E+05   1.2148308E+07   1.2168419E+07   8.1017526E+06   0.0000000E+00   0.0000000E+00   0.0000000E+00   0.0000000E+00
   5.8797755E-03   1.2064874E+07   1.2064874E+07   1.6555612E+04   -1.0820392E+04   -3.0560387E+05   1.2044037E+07   1.2064874E+07   8.0317002E+06   0.0000000E+00   0.0000000E+00   0.0000000E+00   0.0000000E+00
   6.3184528E-03   1.1953267E+07   1.1953267E+07   1.5411286E+04   -9.2981827E+03   -2.5996419E+05   1.1931731E+07   1.1953267E+07   7.9563638E+06   0.0000000E+00   0.0000000E+00   0.0000000E+00   0.0000000E+00
   6.7898588E-03   1.1833233E+07   1.1833233E+07   1.2827752E+04   -7.9811728E+03   -2.2063752E+05   1.1811021E+07   1.1833233E+07   7.8754884E+06   0.0000000E+00   0.0000000E+00   0.0000000E+00   0.0000000E+00
   7.2964354E-03   1.1704386E+07   1.1704386E+07   9.8570682E+03   -6.8428134E+03   -1.8695730E+05   1.1681535E+07   1.1704386E+07   7.7888191E+06   0.0000000E+00   0.0000000E+00   0.0000000E+00   0.0000000E+00
   7.8408066E-03   1.1566331E+07   1.1566331E+07   9.8679635E+03   -5.8600683E+03   -1.5802456E+05   1.1542897E+07   1.1566331E+07   7.6960970E+06   0.0000000E+00   0.0000000E+00   0.0000000E+00   0.0000000E+00
   8.4257922E-03   1.1418672E+07   1.1418672E+07   7.6871411E+03   -5.0123983E+03   -1.3324850E+05   1.1394708E+07   1.1418672E+07   7.5970508E+06   0.0000000E+00   0.0000000E+00   0.0000000E+00   0.0000000E+00
   9.0544223E-03   1.1261003E+07   1.1261003E+07   5.9462818E+03   -4.2820004E+03   -1.1211837E+05   1.1236563E+07   1.1261003E+07   7.4914041E+06   0.0000000E+00   0.0000000E+00   0.0000000E+00   0.0000000E+00
   9.7299530E-03   1.1092913E+07   1.1092913E+07   5.0293334E+03   -3.6533211E+03   -9.4117042E+04   1.1068056E+07   1.1092913E+07   7.3788826E+06   0.0000000E+00   0.0000000E+00   0.0000000E+00   0.0000000E+00
   1.0455884E-02   1.0913978E+07   1.0913978E+07   4.5572955E+03   -3.1127241E+03   -7.8785692E+04   1.0888772E+07   1.0913978E+07   7.2592053E+06   0.0000000E+00   0.0000000E+00   0.0000000E+00   0.0000000E+00
   1.1235974E-02   1.0723772E+07   1.0723772E+07   3.8654208E+03   -2.6483255E+03   -6.5763140E+04   1.0698290E+07   1.0723772E+07   7.1320868E+06   0.0000000E+00   0.0000000E+00   0.0000000E+00   0.0000000E+00
   1.2074266E-02   1.0521880E+07   1.0521880E+07   3.1977317E+03   -2.2497891E+03   -5.4736899E+04   1.0496193E+07   1.0521880E+07   6.9972474E+06   0.0000000E+00   0.0000000E+00   0.0000000E+00   0.0000000E+00
   1.2975101E-02   1.0307893E+07   1.0307893E+07   2.6013349E+03   -1.9081520E+03   -4.5409101E+04   1.0282083E+07   1.0307893E+07   6.8544179E+06   0.0000000E+00   0.0000000E+00   0.0000000E+00   0.0000000E+00
   1.3943145E-02   1.0081423E+07   1.0081423E+07   2.1771583E+03   -1.6155803E+03   -3.7540451E+04   1.0055572E+07   1.0081423E+07   6.7033373E+06   0.0000000E+00   0.0000000E+00   0.0000000E+00   0.0000000E+00
   1.4983413E-02   9.8421246E+06   9.8421246E+06   2.0066081E+03   -1.3653403E+03   -3.0932595E+04   9.8163151E+06   9.8421246E+06   6.5437746E+06   0.0000000E+00   0.0000000E+00   0.0000000E+00   0.0000000E+00
   1.6101293E-02   9.5897074E+06   9.5897074E+06   1.6407554E+03   -1.1515484E+03   -2.5400876E+04   9.5640279E+06   9.5897074E+06   6.3755375E+06   0.0000000E+00   0.0000000E+00   0.0000000E+00   0.0000000E+00
   1.7302575E-02   9.3239729E+06   9.3239729E+06   1.3291773E+03   -9.6915535E+02   -2.0764048E+04   9.2985110E+06   9.3239729E+06   6.1984916E+06   0.0000000E+00   0.0000000E+00   0.0000000E+00   0.0000000E+00
   1.8593483E-02   9.0448492E+06   9.0448492E+06   1.1511799E+03   -8.1376455E+02   -1.6909568E+04   9.0196943E+06   9.0448492E+06   6.0125890E+06   0.0000000E+00   0.0000000E+00   0.0000000E+00   0.0000000E+00
   1.9980702E-02   8.7524391E+06   8.7524391E+06   9.4246493E+02   -6.8159812E+02   -1.3702997E+04   8.7276795E+06   8.7524391E+06   5.8178962E+06   0.0000000E+00   0.0000000E+00   0.0000000E+00   0.0000000E+00
   2.1471418E-02   8.4470806E+06   8.4470806E+06   7.5298979E+02   -5.6938080E+02   -1.1055684E+04   8.4228038E+06   8.4470806E+06   5.6146370E+06   0.0000000E+00   0.0000000E+00   0.0000000E+00   0.0000000E+00
   2.3073350E-02   8.1294166E+06   8.1294166E+06   6.1664491E+02   -4.7430041E+02   -8.8746092E+03   8.1057076E+06   8.1294166E+06   5.4032373E+06   0.0000000E+00   0.0000000E+00   0.0000000E+00   0.0000000E+00
   2.4794777E-02   7.8004747E+06   7.8004747E+06   5.1207955E+02   -3.9392757E+02   -7.0838748E+03   7.7774139E+06   7.8004747E+06   5.1843782E+06   0.0000000E+00   0.0000000E+00   0.0000000E+00   0.0000000E+00
   2.6644538E-02   7.4617595E+06   7.4617595E+06   4.6606831E+02   -3.2616983E+02   -5.6252514E+03   7.4394211E+06   7.4617595E+06   4.9590580E+06   0.0000000E+00   0.0000000E+00   0.0000000E+00   0.0000000E+00
   2.8631909E-02   7.1153556E+06   7.1153556E+06   3.5424226E+02   -2.6922957E+02   -4.4443491E+03   7.0938063E+06   7.1153556E+06   4.7286606E+06   0.0000000E+00   0.0000000E+00   0.0000000E+00   0.0000000E+00
   3.0766161E-02   6.7640570E+06   6.7640570E+06   3.1763213E+02   -2.2156569E+02   -3.4879821E+03   6.7433522E+06   6.7640570E+06   4.4950404E+06   0.0000000E+00   0.0000000E+00   0.0000000E+00   0.0000000E+00
   3.3055389E-02   6.4115336E+06   6.4115336E+06   2.5188006E+02   -1.8186190E+02   -2.7226345E+03   6.3917151E+06   6.4115336E+06   4.2606341E+06   0.0000000E+00   0.0000000E+00   0.0000000E+00   0.0000000E+00
   3.5504013E-02   6.0625235E+06   6.0625235E+06   2.0793644E+02   -1.4900281E+02   -2.1165947E+03   6.0436157E+06   6.0625235E+06   4.0285882E+06   0.0000000E+00   0.0000000E+00   0.0000000E+00   0.0000000E+00
   3.8108577E-02   5.7229411E+06   5.7229411E+06   1.7175798E+02   -1.2204257E+02   -1.6419871E+03   5.7049471E+06   5.7229411E+06   3.8028306E+06   0.0000000E+00   0.0000000E+00   0.0000000E+00   0.0000000E+00
   4.0852695E-02   5.3996276E+06   5.3996276E+06   1.2695480E+02   -1.0016453E+02   -1.2720698E+03   5.3825259E+06   5.3996276E+06   3.5879047E+06   0.0000000E+00   0.0000000E+00   0.0000000E+00   0.0000000E+00
   4.3704422E-02   5.0994046E+06   5.0994046E+06   1.1666822E+02   -8.2628042E+01   -9.8932355E+02   5.0831488E+06   5.0994046E+06   3.3883410E+06   0.0000000E+00   0.0000000E+00   0.0000000E+00   0.0000000E+00
   4.6620480E-02   4.8274754E+06   4.8274754E+06   8.8404870E+01   -6.8723787E+01   -7.7452088E+02   4.8119986E+06   4.8274754E+06   3.2075937E+06   0.0000000E+00   0.0000000E+00   0.0000000E+00   0.0000000E+00
   4.9557568E-02   4.5859876E+06   4.5859876E+06   7.6896791E+01   -5.7762884E+01   -6.1444751E+02   4.5712120E+06   4.5859876E+06   3.0470872E+06   0.0000000E+00   0.0000000E+00   0.0000000E+00   0.0000000E+00
   5.2483843E-02   4.3737610E+06   4.3737610E+06   6.6844766E+01   -4.9107645E+01   -4.9172067E+02   4.3596084E+06   4.3737610E+06   2.9060341E+06   0.0000000E+00   0.0000000E+00   0.0000000E+00   0.0000000E+00
   5.5383417E-02   4.1872265E+06   4.1872265E+06   5.5586300E+01   -4.2211714E+01   -3.9923894E+02   4.1736269E+06   4.1872265E+06   2.7820608E+06   0.0000000E+00   0.0000000E+00   0.0000000E+00   0.0000000E+00
   5.8253831E-02   4.0217438E+06   4.0217438E+06   4.8370031E+01   -3.6640508E+01   -3.2691541E+02   4.0086390E+06   4.0217438E+06   2.6720817E+06   0.0000000E+00   0.0000000E+00   0.0000000E+00   0.0000000E+00
   6.1100974E-02   3.8725921E+06   3.8725921E+06   4.2978327E+01   -3.2065575E+01   -2.7080525E+02   3.8599370E+06   3.8725921E+06   2.5729588E+06   0.0000000E+00   0.0000000E+00   0.0000000E+00   0.0000000E+00
   6.3934752E-02   3.7354923E+06   3.7354923E+06   3.7190662E+01   -2.8245642E+01   -2.2494025E+02   3.7232539E+06   3.7354923E+06   2.4818476E+06   0.0000000E+00   0.0000000E+00   0.0000000E+00   0.0000000E+00
   6.6766391E-02   3.6068066E+06   3.6068066E+06   3.3223638E+01   -2.5005351E+01   -1.8883108E+02   3.5949627E+06   3.6068066E+06   2.3963305E+06   0.0000000E+00   0.0000000E+00   0.0000000E+00   0.0000000E+00
   6.9607051E-02   3.4835809E+06   3.4835809E+06   2.9503945E+01   -2.2217639E+01   -1.5790202E+02   3.4721179E+06   3.4835809E+06   2.3144440E+06   0.0000000E+00   0.0000000E+00   0.0000000E+00   0.0000000E+00
   7.2467229E-02   3.3635291E+06   3.3635291E+06   2.5736248E+01   -1.9789974E+01   -1.3341621E+02   3.3524403E+06   3.3635291E+06   2.2346687E+06   0.0000000E+00   0.0000000E+00   0.0000000E+00   0.0000000E+00
   7.5356584E-02   3.2450037E+06   3.2450037E+06   2.4260367E+01   -1.7654830E+01   -1.1177782E+02   3.2342872E+06   3.2450037E+06   2.1559098E+06   0.0000000E+00   0.0000000E+00   0.0000000E+00   0.0000000E+00
   7.8283953E-02   3.1269658E+06   3.1269658E+06   1.9562920E+01   -1.5762592E+01   -9.4278737E+01   3.1166226E+06   3.1269658E+06   2.0774766E+06   0.0000000E+00   0.0000000E+00   0.0000000E+00   0.0000000E+00
   8.1257439E-02   3.0089523E+06   3.0089523E+06   1.9227014E+01   -1.4076667E+01   -7.9430303E+01   2.9989848E+06   3.0089523E+06   1.9990614E+06   0.0000000E+00   0.0000000E+00   0.0000000E+00   0.0000000E+00
   8.4284534E-02   2.8910351E+06   2.8910351E+06   1.7315983E+01   -1.2569865E+01   -6.6219312E+01   2.8814452E+06   2.8910351E+06   1.9207116E+06   0.0000000E+00   0.0000000E+00   0.0000000E+00   0.0000000E+00
   8.7372227E-02   2.7737636E+06   2.7737636E+06   1.4541722E+01   -1.1221715E+01   -5.5337241E+01   2.7645510E+06   2.7737636E+06   1.8427920E+06   0.0000000E+00   0.0000000E+00   0.0000000E+00   0.0000000E+00
   9.0527109E-02   2.6580835E+06   2.6580835E+06   1.2794320E+01   -1.0016434E+01   -4.6284554E+01   2.6492447E+06   2.6580835E+06   1.7659310E+06   0.0000000E+00   0.0000000E+00   0.0000000E+00   0.0000000E+00
   9.3755462E-02   2.5452283E+06   2.5452283E+06   1.1629149E+01   -8.9413319E+00   -3.8578906E+01   2.5367554E+06   2.5452283E+06   1.6909478E+06   0.0000000E+00   0.0000000E+00   0.0000000E+00   0.0000000E+00
   9.7063331E-02   2.4365819E+06   2.4365819E+06   1.0348090E+01   -7.9856084E+00   -3.2059599E+01   2.4284623E+06   2.4365819E+06   1.6187617E+06   0.0000000E+00   0.0000000E+00   0.0000000E+00   0.0000000E+00
   1.0045658E-01   2.3335173E+06   2.3335173E+06   8.9957676E+00   -7.1394205E+00   -2.6406101E+01   2.3257335E+06   2.3335173E+06   1.5502847E+06   0.0000000E+00   0.0000000E+00   0.0000000E+00   0.0000000E+00
   1.0394097E-01   2.2372205E+06   2.2372205E+06   8.6318248E+00   -6.3931930E+00   -2.1684099E+01   2.2297512E+06   2.2372205E+06   1.4863048E+06   0.0000000E+00   0.0000000E+00   0.0000000E+00   0.0000000E+00
   1.0752214E-01   2.1485162E+06   2.1485162E+06   7.4586883E+00   -5.7372286E+00   -1.8023448E+01   2.1413368E+06   2.1485162E+06   1.4273695E+06   0.0000000E+00   0.0000000E+00   0.0000000E+00   0.0000000E+00
   1.1120570E-01   2.0677156E+06   2.0677156E+06   6.9703247E+00   -5.1614962E+00   -1.4554602E+01   2.0608005E+06   2.0677156E+06   1.3736856E+06   0.0000000E+00   0.0000000E+00   0.0000000E+00   0.0000000E+00
   1.1499725E-01   1.9945117E+06   1.9945117E+06   5.8274552E+00   -4.6556790E+00   -1.1898563E+01   1.9878364E+06   1.9945117E+06   1.3250491E+06   0.0000000E+00   0.0000000E+00   0.0000000E+00   0.0000000E+00
   1.1890235E-01   1.9279476E+06   1.9279476E+06   5.3513573E+00   -4.2094007E+00   -9.7182249E+00   1.9214905E+06   1.9279476E+06   1.2808243E+06   0.0000000E+00   0.0000000E+00   0.0000000E+00   0.0000000E+00
   1.2292662E-01   1.8664778E+06   1.8664778E+06   4.8843944E+00   -3.8126166E+00   -7.7926745E+00   1.8602223E+06   1.8664778E+06   1.2399841E+06   0.0000000E+00   0.0000000E+00   0.0000000E+00   0.0000000E+00
   1.2707566E-01   1.8081325E+06   1.8081325E+06   4.4032709E+00   -3.4560893E+00   -6.1118114E+00   1.8020685E+06   1.8081325E+06   1.2012201E+06   0.0000000E+00   0.0000000E+00   0.0000000E+00   0.0000000E+00
   1.3135515E-01   1.7507800E+06   1.7507800E+06   4.0588155E+00   -3.1318727E+00   -4.7114640E+00   1.7449049E+06   1.7507800E+06   1.1631159E+06   0.0000000E+00   0.0000000E+00   0.0000000E+00   0.0000000E+00
   1.3577080E-01   1.6924596E+06   1.6924596E+06   3.8025692E+00   -2.8337328E+00   -3.5297456E+00   1.6867769E+06   1.6924596E+06   1.1243690E+06   0.0000000E+00   0.0000000E+00   0.0000000E+00   0.0000000E+00
   1.4032838E-01   1.6317328E+06   1.6317328E+06   3.2235055E+00   -2.5573882E+00   -2.5734669E+00   1.6262510E+06   1.6317328E+06   1.0840237E+06   0.0000000E+00   0.0000000E+00   0.0000000E+00   0.0000000E+00
   1.4503373E-01   1.5679867E+06   1.5679867E+06   2.9374960E+00   -2.3005254E+00   -1.8129408E+00   1.5627164E+06   1.5679867E+06   1.0416728E+06   0.0000000E+00   0.0000000E+00   0.0000000E+00   0.0000000E+00
   1.4989274E-01   1.5016098E+06   1.5016098E+06   2.6267270E+00   -2.0625355E+00   -1.1327008E+00   1.4965601E+06   1.5016098E+06   9.9757443E+05   0.0000000E+00   0.0000000E+00   0.0000000E+00   0.0000000E+00
   1.5491139E-01   1.4339721E+06   1.4339721E+06   2.3340369E+00   -1.8440040E+00   -5.2583704E-01   1.4291477E+06   1.4339721E+06   9.5263873E+05   0.0000000E+00   0.0000000E+00   0.0000000E+00   0.0000000E+00
   1.6009574E-01   1.3671752E+06   1.3671752E+06   2.2278398E+00   -1.6460202E+00   -1.1209740E-01   1.3625735E+06   1.3671752E+06   9.0826183E+05   0.0000000E+00   0.0000000E+00   0.0000000E+00   0.0000000E+00
   1.6545192E-01   1.3035874E+06   1.3035874E+06   1.8891727E+00   -1.4694382E+00   2.4033495E-01   1.2991979E+06   1.3035874E+06   8.6601698E+05   0.0000000E+00   0.0000000E+00   0.0000000E+00   0.0000000E+00
   1.7098616E-01   1.2452488E+06   1.2452488E+06   1.7387505E+00   -1.3142439E+00   4.7964632E-01   1.2410541E+06   1.2452488E+06   8.2725959E+05   0.0000000E+00   0.0000000E+00   0.0000000E+00   0.0000000E+00
   1.7670481E-01   1.1932934E+06   1.1932934E+06   1.5578994E+00   -1.1791858E+00   6.7342528E-01   1.1892722E+06   1.1932934E+06   7.9274289E+05   0.0000000E+00   0.0000000E+00   0.0000000E+00   0.0000000E+00
   1.8261430E-01   1.1475650E+06   1.1475650E+06   1.3447221E+00   -1.0617753E+00   8.5734413E-01   1.1436966E+06   1.1475650E+06   7.6236317E+05   0.0000000E+00   0.0000000E+00   0.0000000E+00   0.0000000E+00
   1.8872122E-01   1.1065882E+06   1.1065882E+06   1.2855840E+00   -9.5865985E-01   9.6018670E-01   1.1028568E+06   1.1065882E+06   7.3514018E+05   0.0000000E+00   0.0000000E+00   0.0000000E+00   0.0000000E+00
   1.9503228E-01   1.0679652E+06   1.0679652E+06   1.1567775E+00   -8.6628285E-01   1.0668051E+00   1.0643629E+06   1.0679652E+06   7.0948097E+05   0.0000000E+00   0.0000000E+00   0.0000000E+00   0.0000000E+00
   2.0155437E-01   1.0291309E+06   1.0291309E+06   1.0398551E+00   -7.8162117E-01   1.1121308E+00   1.0256586E+06   1.0291309E+06   6.8368152E+05   0.0000000E+00   0.0000000E+00   0.0000000E+00   0.0000000E+00
   2.0829456E-01   9.8824153E+05   9.8824153E+05   9.2965900E-01   -7.0276437E-01   1.1343477E+00   9.8490620E+05   9.8824153E+05   6.5651686E+05   0.0000000E+00   0.0000000E+00   0.0000000E+00   0.0000000E+00
   2.1526016E-01   9.4486503E+05   9.4486503E+05   8.0387119E-01   -6.2912242E-01   1.1420889E+00   9.4167527E+05   9.4486503E+05   6.2770006E+05   0.0000000E+00   0.0000000E+00   0.0000000E+00   0.0000000E+00
   2.2245870E-01   9.0015847E+05   9.0015847E+05   7.1564505E-01   -5.6117942E-01   1.1181368E+00   8.9711888E+05   9.0015847E+05   5.9799974E+05   0.0000000E+00   0.0000000E+00   0.0000000E+00   0.0000000E+00
   2.2989805E-01   8.5638149E+05   8.5638149E+05   6.4888081E-01   -4.9988203E-01   1.0987074E+00   8.5348906E+05   8.5638149E+05   5.6891704E+05   0.0000000E+00   0.0000000E+00   0.0000000E+00   0.0000000E+00
   2.3758639E-01   8.1588410E+05   8.1588410E+05   5.8369263E-01   -4.4591029E-01   1.0440511E+00   8.1312785E+05   8.1588410E+05   5.4201314E+05   0.0000000E+00   0.0000000E+00   0.0000000E+00   0.0000000E+00
   2.4553232E-01   7.7999521E+05   7.7999521E+05   5.2015753E-01   -3.9914537E-01   1.0158488E+00   7.7735966E+05   7.7999521E+05   5.1817084E+05   0.0000000E+00   0.0000000E+00   0.0000000E+00   0.0000000E+00
   2.5374490E-01   7.4836809E+05   7.4836809E+05   4.7356264E-01   -3.5857019E-01   9.7481769E-01   7.4583891E+05   7.4836809E+05   4.9715979E+05   0.0000000E+00   0.0000000E+00   0.0000000E+00   0.0000000E+00
   2.6223372E-01   7.1918194E+05   7.1918194E+05   4.1528864E-01   -3.2263618E-01   9.1902092E-01   7.1675096E+05   7.1918194E+05   4.7777040E+05   0.0000000E+00   0.0000000E+00   0.0000000E+00   0.0000000E+00
   2.7100902E-01   6.9016624E+05   6.9016624E+05   3.7747737E-01   -2.8989086E-01   8.9151406E-01   6.8783293E+05   6.9016624E+05   4.5849427E+05   0.0000000E+00   0.0000000E+00   0.0000000E+00   0.0000000E+00
   2.8008173E-01   6.5990756E+05   6.5990756E+05   3.3719269E-01   -2.5951144E-01   8.3080145E-01   6.5767619E+05   6.5990756E+05   4.3839245E+05   0.0000000E+00   0.0000000E+00   0.0000000E+00   0.0000000E+00
   2.8946362E-01   6.2864117E+05   6.2864117E+05   3.0157335E-01   -2.3144658E-01   7.8514655E-01   6.2651519E+05   6.2864117E+05   4.1762121E+05   0.0000000E+00   0.0000000E+00   0.0000000E+00   0.0000000E+00
   2.9916742E-01   5.9797124E+05   5.9797124E+05   2.6911516E-01   -2.0610135E-01   7.3146122E-01   5.9594869E+05   5.9797124E+05   3.9724625E+05   0.0000000E+00   0.0000000E+00   0.0000000E+00   0.0000000E+00
   3.0920696E-01   5.6965568E+05   5.6965568E+05   2.4000972E-01   -1.8379672E-01   6.7595392E-01   5.6772864E+05   5.6965568E+05   3.7843538E+05   0.0000000E+00   0.0000000E+00   0.0000000E+00   0.0000000E+00
   3.1959735E-01   5.4430355E+05   5.4430355E+05   2.1429355E-01   -1.6438270E-01   6.2952144E-01   5.4246203E+05   5.4430355E+05   3.6159321E+05   0.0000000E+00   0.0000000E+00   0.0000000E+00   0.0000000E+00
   3.3035518E-01   5.2098764E+05   5.2098764E+05   1.9339140E-01   -1.4726000E-01   5.8383855E-01   5.1922479E+05   5.2098764E+05   3.4610378E+05   0.0000000E+00   0.0000000E+00   0.0000000E+00   0.0000000E+00
   3.4149873E-01   4.9810981E+05   4.9810981E+05   1.7239058E-01   -1.3175407E-01   5.4382093E-01   4.9642418E+05   4.9810981E+05   3.3090539E+05   0.0000000E+00   0.0000000E+00   0.0000000E+00   0.0000000E+00
   3.5304826E-01   4.7479374E+05   4.7479374E+05   1.5345667E-01   -1.1750329E-01   4.9975366E-01   4.7318684E+05   4.7479374E+05   3.1541589E+05   0.0000000E+00   0.0000000E+00   0.0000000E+00   0.0000000E+00
   3.6502632E-01   4.5154525E+05   4.5154525E+05   1.3550457E-01   -1.0453491E-01   4.5940948E-01   4.5001687E+05   4.5154525E+05   2.9997130E+05   0.0000000E+00   0.0000000E+00   0.0000000E+00   0.0000000E+00
   3.7745816E-01   4.2955373E+05   4.2955373E+05   1.2167660E-01   -9.3000338E-02   4.1861362E-01   4.2809965E+05   4.2955373E+05   2.8536177E+05   0.0000000E+00   0.0000000E+00   0.0000000E+00   0.0000000E+00
   3.9037216E-01   4.0936537E+05   4.0936537E+05   1.0812186E-01   -8.2862079E-02   3.8602329E-01   4.0797950E+05   4.0936537E+05   2.7195012E+05   0.0000000E+00   0.0000000E+00   0.0000000E+00   0.0000000E+00
   4.0380039E-01   3.9036444E+05   3.9036444E+05   9.5948482E-02   -7.3847839E-02   3.5403997E-01   3.8904279E+05   3.9036444E+05   2.5932732E+05   0.0000000E+00   0.0000000E+00   0.0000000E+00   0.0000000E+00
   4.1777930E-01   3.7161667E+05   3.7161667E+05   8.5267403E-02   -6.5674935E-02   3.2244525E-01   3.7035839E+05   3.7161667E+05   2.4687271E+05   0.0000000E+00   0.0000000E+00   0.0000000E+00   0.0000000E+00
   4.3235056E-01   3.5299334E+05   3.5299334E+05   7.5715414E-02   -5.8249149E-02   2.9367451E-01   3.5179802E+05   3.5299334E+05   2.3450078E+05   0.0000000E+00   0.0000000E+00   0.0000000E+00   0.0000000E+00
   4.4756206E-01   3.3513099E+05   3.3513099E+05   6.7201826E-02   -5.1606048E-02   2.6536696E-01   3.3399608E+05   3.3513099E+05   2.2263440E+05   0.0000000E+00   0.0000000E+00   0.0000000E+00   0.0000000E+00
   4.6346920E-01   3.1837158E+05   3.1837158E+05   5.9517894E-02   -4.5717579E-02   2.4149206E-01   3.1729335E+05   3.1837158E+05   2.1150072E+05   0.0000000E+00   0.0000000E+00   0.0000000E+00   0.0000000E+00
   4.8013653E-01   3.0229179E+05   3.0229179E+05   5.2639681E-02   -4.0446979E-02   2.1780614E-01   3.0126795E+05   3.0229179E+05   2.0081855E+05   0.0000000E+00   0.0000000E+00   0.0000000E+00   0.0000000E+00
   4.9763974E-01   2.8647326E+05   2.8647326E+05   4.6436971E-02   -3.5681327E-02   1.9697491E-01   2.8550293E+05   2.8647326E+05   1.9030994E+05   0.0000000E+00   0.0000000E+00   0.0000000E+00   0.0000000E+00
   5.1606825E-01   2.7111500E+05   2.7111500E+05   4.0800394E-02   -3.1399600E-02   1.7660087E-01   2.7019665E+05   2.7111500E+05   1.8010710E+05   0.0000000E+00   0.0000000E+00   0.0000000E+00   0.0000000E+00
   5.3552856E-01   2.5645791E+05   2.5645791E+05   3.5832864E-02   -2.7582532E-02   1.5835106E-01   2.5558915E+05   2.5645791E+05   1.7037007E+05   0.0000000E+00   0.0000000E+00   0.0000000E+00   0.0000000E+00
   5.5614846E-01   2.4226996E+05   2.4226996E+05   3.1395429E-02   -2.4160156E-02   1.4130555E-01   2.4144922E+05   2.4226996E+05   1.6094470E+05   0.0000000E+00   0.0000000E+00   0.0000000E+00   0.0000000E+00
   5.7808258E-01   2.2838196E+05   2.2838196E+05   2.7399057E-02   -2.1079580E-02   1.2565652E-01   2.2760823E+05   2.2838196E+05   1.5171860E+05   0.0000000E+00   0.0000000E+00   0.0000000E+00   0.0000000E+00
   6.0151940E-01   2.1493505E+05   2.1493505E+05   2.3804211E-02   -1.8322577E-02   1.1126290E-01   2.1420685E+05   2.1493505E+05   1.4278554E+05   0.0000000E+00   0.0000000E+00   0.0000000E+00   0.0000000E+00
   6.2669038E-01   2.0187294E+05   2.0187294E+05   2.0599464E-02   -1.5854373E-02   9.8031039E-02   2.0118896E+05   2.0187294E+05   1.3410810E+05   0.0000000E+00   0.0000000E+00   0.0000000E+00   0.0000000E+00
   6.5388134E-01   1.8907633E+05   1.8907633E+05   1.7724623E-02   -1.3640009E-02   8.5681323E-02   1.8843567E+05   1.8907633E+05   1.2560705E+05   0.0000000E+00   0.0000000E+00   0.0000000E+00   0.0000000E+00
   6.8344630E-01   1.7658928E+05   1.7658928E+05   1.5148999E-02   -1.1660836E-02   7.4759792E-02   1.7599091E+05   1.7658928E+05   1.1731164E+05   0.0000000E+00   0.0000000E+00   0.0000000E+00   0.0000000E+00
   7.1582315E-01   1.6434331E+05   1.6434331E+05   1.2852116E-02   -9.8926622E-03   6.4619297E-02   1.6378641E+05   1.6434331E+05   1.0917639E+05   0.0000000E+00   0.0000000E+00   0.0000000E+00   0.0000000E+00
   7.5154865E-01   1.5232308E+05   1.5232308E+05   1.0805263E-02   -8.3180750E-03   5.5212355E-02   1.5180690E+05   1.5232308E+05   1.0119111E+05   0.0000000E+00   0.0000000E+00   0.0000000E+00   0.0000000E+00
   7.9126691E-01   1.4051642E+05   1.4051642E+05   8.9910359E-03   -6.9223133E-03   4.6760357E-02   1.4004023E+05   1.4051642E+05   9.3347713E+04   0.0000000E+00   0.0000000E+00   0.0000000E+00   0.0000000E+00
   8.3571962E-01   1.2893292E+05   1.2893292E+05   7.3945063E-03   -5.6939217E-03   3.9141182E-02   1.2849597E+05   1.2893292E+05   8.5652565E+04   0.0000000E+00   0.0000000E+00   0.0000000E+00   0.0000000E+00
   8.8570071E-01   1.1761414E+05   1.1761414E+05   6.0021926E-03   -4.6243765E-03   3.2335849E-02   1.1721554E+05   1.1761414E+05   7.8133279E+04   0.0000000E+00   0.0000000E+00   0.0000000E+00   0.0000000E+00
   9.4196111E-01   1.0664571E+05   1.0664571E+05   4.8115931E-03   -3.7071807E-03   2.6332928E-02   1.0628427E+05   1.0664571E+05   7.0846738E+04   0.0000000E+00   0.0000000E+00   0.0000000E+00   0.0000000E+00
   1.0050767E+00   9.6149312E+04   9.6149312E+04   3.8118396E-03   -2.9357087E-03   2.1238077E-02   9.5823430E+04   9.6149312E+04   6.3873775E+04   0.0000000E+00   0.0000000E+00   0.0000000E+00   0.0000000E+00
   1.0753452E+00   8.6261662E+04   8.6261662E+04   2.9870253E-03   -2.3008380E-03   1.6902145E-02   8.5969285E+04   8.6261662E+04   5.7305220E+04   0.0000000E+00   0.0000000E+00   0.0000000E+00   0.0000000E+00
   1.1528017E+00   7.7101055E+04   7.7101055E+04   2.3227502E-03   -1.7894271E-03   1.3340810E-02   7.6839720E+04   7.7101055E+04   5.1219654E+04   0.0000000E+00   0.0000000E+00   0.0000000E+00   0.0000000E+00
   1.2373649E+00   6.8736994E+04   6.8736994E+04   1.7971089E-03   -1.3847035E-03   1.0477996E-02   6.8504005E+04   6.8736994E+04   4.5663251E+04   0.0000000E+00   0.0000000E+00   0.0000000E+00   0.0000000E+00
   1.3290156E+00   6.1179212E+04   6.1179212E+04   1.3848896E-03   -1.0683278E-03   8.2082713E-03   6.0971836E+04   6.1179212E+04   4.0642474E+04   0.0000000E+00   0.0000000E+00   0.0000000E+00   0.0000000E+00
   1.4278988E+00   5.4394330E+04   5.4394330E+04   1.0681512E-03   -8.2284594E-04   6.4013507E-03   5.4209949E+04   5.4394330E+04   3.6135150E+04   0.0000000E+00   0.0000000E+00   0.0000000E+00   0.0000000E+00
   1.5343336E+00   4.8326045E+04   4.8326045E+04   8.2178740E-04   -6.3314090E-04   4.9795529E-03   4.8162232E+04   4.8326045E+04   3.2103876E+04   0.0000000E+00   0.0000000E+00   0.0000000E+00   0.0000000E+00
   1.6487761E+00   4.2908839E+04   4.2908839E+04   6.3179518E-04   -4.8683411E-04   3.8664276E-03   4.2763387E+04   4.2908839E+04   2.8505126E+04   0.0000000E+00   0.0000000E+00   0.0000000E+00   0.0000000E+00
   1.7717792E+00   3.8078905E+04   3.8078905E+04   4.8542566E-04   -3.7412938E-04   3.0059915E-03   3.7949824E+04   3.8078905E+04   2.5296511E+04   0.0000000E+00   0.0000000E+00   0.0000000E+00   0.0000000E+00
   1.9039658E+00   3.3775744E+04   3.3775744E+04   3.7292478E-04   -2.8737041E-04   2.3329859E-03   3.3661249E+04   3.3775744E+04   2.2437842E+04   0.0000000E+00   0.0000000E+00   0.0000000E+00   0.0000000E+00
   2.0460162E+00   2.9944702E+04   2.9944702E+04   2.8625210E-04   -2.2062565E-04   1.8052048E-03   2.9843193E+04   2.9944702E+04   1.9892811E+04   0.0000000E+00   0.0000000E+00   0.0000000E+00   0.0000000E+00
   2.1986649E+00   2.6535984E+04   2.6535984E+04   2.1964764E-04   -1.6930499E-04   1.3950718E-03   2.6446029E+04   2.6535984E+04   1.7628336E+04   0.0000000E+00   0.0000000E+00   0.0000000E+00   0.0000000E+00
   2.3627025E+00   2.3504840E+04   2.3504840E+04   1.6847105E-04   -1.2986447E-04   1.0795773E-03   2.3425160E+04   2.3504840E+04   1.5614692E+04   0.0000000E+00   0.0000000E+00   0.0000000E+00   0.0000000E+00
   2.5389786E+00   2.0811000E+04   2.0811000E+04   1.2918804E-04   -9.9569023E-05   8.3025581E-04   2.0740451E+04   2.0811000E+04   1.3825125E+04   0.0000000E+00   0.0000000E+00   0.0000000E+00   0.0000000E+00
   2.7284063E+00   1.8418218E+04   1.8418218E+04   9.8981429E-05   -7.6309222E-05   6.4168966E-04   1.8355781E+04   1.8418218E+04   1.2235557E+04   0.0000000E+00   0.0000000E+00   0.0000000E+00   0.0000000E+00
   2.9319668E+00   1.6293971E+04   1.6293971E+04   7.5849590E-05   -5.8459375E-05   4.9538851E-04   1.6238735E+04   1.6293971E+04   1.0824380E+04   0.0000000E+00   0.0000000E+00   0.0000000E+00   0.0000000E+00
   3.1507145E+00   1.4409086E+04   1.4409086E+04   5.8076602E-05   -4.4767328E-05   3.8137299E-04   1.4360239E+04   1.4409086E+04   9.5722170E+03   0.0000000E+00   0.0000000E+00   0.0000000E+00   0.0000000E+00
   3.3857824E+00   1.2737415E+04   1.2737415E+04   4.4453215E-05   -3.4269137E-05   2.9257965E-04   1.2694235E+04   1.2737415E+04   8.4616958E+03   0.0000000E+00   0.0000000E+00   0.0000000E+00   0.0000000E+00
   3.6383883E+00   1.1255546E+04   1.1255546E+04   3.4020439E-05   -2.6223173E-05   2.2514326E-04   1.1217390E+04   1.1255546E+04   7.4772631E+03   0.0000000E+00   0.0000000E+00   0.0000000E+00   0.0000000E+00
   3.9098406E+00   9.9425323E+03   9.9425323E+03   2.5999707E-05   -2.0059122E-05   1.7229572E-04   9.9088268E+03   9.9425323E+03   6.6050043E+03   0.0000000E+00   0.0000000E+00   0.0000000E+00   0.0000000E+00
   4.2015453E+00   8.7796510E+03   8.7796510E+03   1.9902386E-05   -1.5338677E-05   1.3276769E-04   8.7498876E+03   8.7796510E+03   5.8324811E+03   0.0000000E+00   0.0000000E+00   0.0000000E+00   0.0000000E+00
   4.5150134E+00   7.7501789E+03   7.7501789E+03   1.5217302E-05   -1.1725125E-05   1.0288644E-04   7.7239054E+03   7.7501789E+03   5.1485841E+03   0.0000000E+00   0.0000000E+00   0.0000000E+00   0.0000000E+00
   4.8518688E+00   6.8391905E+03   6.8391905E+03   1.1623458E-05   -8.9599323E-06   7.7255804E-05   6.8160053E+03   6.8391905E+03   4.5433980E+03   0.0000000E+00   0.0000000E+00   0.0000000E+00   0.0000000E+00
   5.2138562E+00   6.0333741E+03   6.0333741E+03   8.8736391E-06   -6.8446892E-06   5.9478818E-05   6.0129207E+03   6.0333741E+03   4.0080796E+03   0.0000000E+00   0.0000000E+00   0.0000000E+00   0.0000000E+00
   5.6028507E+00   5.3208662E+03   5.3208662E+03   6.7834172E-06   -5.2271905E-06   4.5988723E-05   5.3028282E+03   5.3208662E+03   3.5347477E+03   0.0000000E+00   0.0000000E+00   0.0000000E+00   0.0000000E+00
   6.0208672E+00   4.6911005E+03   4.6911005E+03   5.1772586E-06   -3.9907272E-06   3.5278194E-05   4.6751973E+03   4.6911005E+03   3.1163829E+03   0.0000000E+00   0.0000000E+00   0.0000000E+00   0.0000000E+00
   6.4700710E+00   4.1346720E+03   4.1346720E+03   3.9516924E-06   -3.0458488E-06   2.6789881E-05   4.1206552E+03   4.1346720E+03   2.7467374E+03   0.0000000E+00   0.0000000E+00   0.0000000E+00   0.0000000E+00
   6.9527890E+00   3.6432152E+03   3.6432152E+03   3.0157251E-06   -2.3240235E-06   2.0447908E-05   3.6308644E+03   3.6432152E+03   2.4202537E+03   0.0000000E+00   0.0000000E+00   0.0000000E+00   0.0000000E+00
   7.4715214E+00   3.2092929E+03   3.2092929E+03   2.3003812E-06   -1.7727672E-06   1.5577712E-05   3.1984132E+03   3.2092929E+03   2.1319913E+03   0.0000000E+00   0.0000000E+00   0.0000000E+00   0.0000000E+00
   8.0289554E+00   2.8262976E+03   2.8262976E+03   1.7532211E-06   -1.3519009E-06   1.2002632E-05   2.8167162E+03   2.8262976E+03   1.8775606E+03   0.0000000E+00   0.0000000E+00   0.0000000E+00   0.0000000E+00
   8.6279784E+00   2.4883616E+03   2.4883616E+03   1.3373933E-06   -1.0306772E-06   9.1354280E-06   2.4799259E+03   2.4883616E+03   1.6530636E+03   0.0000000E+00   0.0000000E+00   0.0000000E+00   0.0000000E+00
   9.2716931E+00   2.1902776E+03   2.1902776E+03   1.0194146E-06   -7.8557521E-07   6.8878293E-06   2.1828524E+03   2.1902776E+03   1.4550410E+03   0.0000000E+00   0.0000000E+00   0.0000000E+00   0.0000000E+00
   9.9634340E+00   1.9274259E+03   1.9274259E+03   7.7692490E-07   -5.9860812E-07   5.3543799E-06   1.9208918E+03   1.9274259E+03   1.2804239E+03   0.0000000E+00   0.0000000E+00   0.0000000E+00   0.0000000E+00
   1.0706784E+01   1.6957110E+03   1.6957110E+03   5.9164917E-07   -4.5602574E-07   4.0581017E-06   1.6899624E+03   1.6957110E+03   1.1264915E+03   0.0000000E+00   0.0000000E+00   0.0000000E+00   0.0000000E+00
